0.940636
0.983990
1.034099
1.086441
1.138280
1.188557
1.244596
1.307927
1.378086
1.454227
1.535292
1.620142
1.707591
1.795213
1.871733
1.931755
1.973354
1.987695
1.969348
1.920755
1.849691
1.766536
1.677950
1.585431
1.498255
1.412672
1.454163
1.543316
1.577910
1.514036
1.359985
1.139807
0.905169
0.719082
0.600276
0.554940
0.605605
0.661031
0.726900
0.818443
0.953652
1.099292
1.231147
1.335587
1.411988
1.469588
1.516928
1.552513
1.613973
1.651132
1.625011
1.634995
1.628356
1.543775
1.422055
1.284295
1.133057
0.963377
0.828802
0.702783
0.559388
0.572032
0.656295
0.731369
0.799335
0.860968
0.917173
0.953813
1.103197
1.200768
1.228486
1.157708
1.028033
0.901173
0.803248
0.725260
0.653253
0.590110
0.540368
0.494401
0.535646
0.642950
0.745708
0.841074
0.926838
1.002469
1.068784
1.110416
1.230520
1.323735
1.358875
1.297090
1.161827
1.024098
0.914095
0.827702
0.759560
0.693973
0.652018
0.648604
0.749765
0.845169
0.935175
1.014345
1.081402
1.138093
1.187930
1.217986
1.321480
1.414307
1.439477
1.357945
1.198853
1.037137
0.906382
0.803427
0.718248
0.636279
0.582171
0.571388
0.679485
0.782817
0.877597
0.962656
1.036900
1.100375
1.153348
1.183165
1.291800
1.379141
1.402648
1.319606
1.166319
1.012816
0.890190
0.795133
0.717192
0.640564
0.586277
0.563162
0.638414
0.738488
0.843724
0.938724
1.023247
1.096871
1.161761
1.203948
1.301282
1.383496
1.410180
1.326195
1.174972
1.025092
0.903430
0.806898
0.730575
0.651624
0.605849
0.617692
0.724622
0.825390
0.918556
1.001564
1.072574
1.132044
1.182825
1.211304
1.312467
1.399790
1.426270
1.345451
1.188124
1.028621
0.901788
0.803837
0.723845
0.643480
0.588128
0.570450
0.680782
0.782774
0.876957
0.961149
1.034124
1.096061
1.149176
1.179817
1.285358
1.371537
1.398048
1.319981
1.168533
1.015380
0.892014
0.795506
0.717825
0.640066
0.586259
0.568843
0.675012
0.777869
0.875336
0.962744
1.038751
1.103764
1.160124
1.194265
1.299461
1.383430
1.404467
1.320029
1.164216
1.008432
0.884177
0.788811
0.712555
0.632905
0.579629
0.570448
0.679648
0.781259
0.875643
0.960405
1.033598
1.095341
1.147849
1.177550
1.285192
1.371240
1.394710
1.313203
1.158286
1.002706
0.878729
0.783539
0.707377
0.629374
0.574703
0.557389
0.660057
0.763333
0.861899
0.950264
1.027294
1.092921
1.149052
1.182261
1.287396
1.369074
1.391128
1.304528
1.148270
0.994089
0.869826
0.773368
0.698694
0.621515
0.575536
0.583314
0.692420
0.794704
0.891123
0.976938
1.050403
1.111855
1.163882
1.193112
1.298059
1.382190
1.403481
1.319369
1.160705
1.002284
0.877156
0.782225
0.707698
0.629249
0.575743
0.565761
0.675868
0.777121
0.871439
0.955412
1.027541
1.088149
1.139382
1.167963
1.275727
1.360258
1.382697
1.300834
1.146085
0.992284
0.870254
0.777541
0.704307
0.628196
0.574894
0.561550
0.671600
0.775878
0.873525
0.960239
1.034778
1.097795
1.151553
1.183048
1.289449
1.371990
1.391108
1.306768
1.150188
0.994955
0.872163
0.779648
0.708050
0.630119
0.578591
0.575896
0.685598
0.786013
0.879703
0.962718
1.033206
1.091560
1.140204
1.166289
1.273029
1.358371
1.380609
1.298021
1.140415
0.984144
0.861297
0.768839
0.696955
0.620589
0.566128
0.556175
0.663276
0.762729
0.856178
0.939114
1.009905
1.068963
1.118450
1.145469
1.253953
1.338509
1.360292
1.274324
1.118254
0.965869
0.843847
0.750803
0.679710
0.605298
0.559441
0.569613
0.678478
0.780233
0.874061
0.956383
1.025657
1.082633
1.129805
1.154812
1.261782
1.347292
1.365326
1.282859
1.126915
0.971569
0.848892
0.757030
0.686588
0.609528
0.557036
0.556088
0.663913
0.763298
0.855485
0.936683
1.005392
1.062164
1.109149
1.133810
1.242814
1.327922
1.347933
1.265434
1.111335
0.960607
0.842663
0.754653
0.685885
0.611296
0.557552
0.548241
0.654863
0.753719
0.845917
0.926780
0.994942
1.051468
1.098547
1.124443
1.235046
1.321222
1.339118
1.257820
1.105795
0.955702
0.837315
0.748696
0.680287
0.603791
0.551438
0.552096
0.659284
0.757910
0.849044
0.929039
0.996101
1.050843
1.095562
1.118435
1.227121
1.311842
1.330337
1.248913
1.096016
0.946253
0.829387
0.742157
0.674359
0.599231
0.545296
0.542381
0.648413
0.745617
0.835523
0.914516
0.980780
1.034989
1.079438
1.102207
1.211451
1.297130
1.317705
1.237970
1.085962
0.936402
0.817903
0.727827
0.658734
0.584206
0.535684
0.546433
0.654287
0.753708
0.845014
0.924284
0.990116
1.043492
1.086670
1.108673
1.215963
1.301736
1.318816
1.243401
1.094762
0.945530
0.828337
0.740190
0.672099
0.595002
0.541056
0.544070
0.650786
0.748201
0.838098
0.916336
0.981459
1.034125
1.076666
1.098151
1.205246
1.290541
1.310500
1.235474
1.087567
0.941135
0.826969
0.740130
0.671220
0.594095
0.539064
0.534023
0.639404
0.735717
0.824435
0.901497
0.965302
1.017220
1.059449
1.081575
1.191164
1.276212
1.291129
1.218449
1.073513
0.926531
0.809293
0.718428
0.647296
0.568050
0.514182
0.517766
0.624860
0.722410
0.813734
0.892051
0.959068
1.013664
1.058037
1.081326
1.190184
1.273594
1.288393
1.212798
1.066748
0.920236
0.804960
0.716469
0.646869
0.568518
0.511325
0.504426
0.611225
0.708674
0.800523
0.881116
0.948670
1.003674
1.048352
1.072011
1.179138
1.263380
1.283212
1.212083
1.068354
0.921432
0.802431
0.709383
0.637957
0.560020
0.509656
0.519686
0.625858
0.725121
0.815113
0.892793
0.956713
1.008195
1.049757
1.071752
1.179843
1.263926
1.277962
1.209495
1.067281
0.918614
0.799072
0.705532
0.632936
0.552943
0.497501
0.499837
0.608340
0.707112
0.798742
0.879219
0.946319
1.000661
1.044425
1.067456
1.176479
1.259703
1.274381
1.200077
1.056278
0.909658
0.792548
0.703470
0.635788
0.559447
0.502879
0.495945
0.603925
0.702110
0.793340
0.872901
0.938924
0.992899
1.037000
1.062394
1.172739
1.255643
1.270415
1.204354
1.066090
0.917917
0.797386
0.702929
0.629789
0.548761
0.493537
0.493878
0.604237
0.705419
0.799330
0.881868
0.950600
1.006189
1.050799
1.074841
1.182177
1.265900
1.282898
1.210641
1.067735
0.919919
0.800937
0.709817
0.640703
0.563747
0.507409
0.500080
0.616883
0.723311
0.819491
0.902973
0.972265
1.028072
1.072773
1.097349
1.201826
1.283146
1.304429
1.240378
1.100884
0.949042
0.822670
0.723149
0.646553
0.565094
0.514066
0.520934
0.633278
0.737327
0.833403
0.916256
0.983746
1.037393
1.080221
1.104785
1.208924
1.292174
1.308617
1.242655
1.099780
0.944172
0.817108
0.717911
0.641903
0.561725
0.507551
0.505596
0.625485
0.739404
0.843470
0.934278
1.010621
1.072624
1.122481
1.151235
1.254322
1.327862
1.342778
1.273094
1.124796
0.969056
0.844775
0.751317
0.679161
0.599834
0.540478
0.528192
0.612074
0.718929
0.824247
0.915136
0.991111
1.053171
1.104283
1.137458
1.241606
1.318596
1.332148
1.268644
1.127328
0.970126
0.839847
0.741936
0.668269
0.589485
0.537072
0.534621
0.646913
0.761609
0.867294
0.958355
1.033616
1.093467
1.140826
1.168815
1.271622
1.348669
1.362383
1.294690
1.146964
0.982656
0.846998
0.745927
0.672549
0.596606
0.544630
0.540637
0.634436
0.747899
0.859173
0.955586
1.036523
1.102251
1.156044
1.189035
1.294026
1.369619
1.383588
1.309230
1.157705
0.991403
0.851264
0.746318
0.670984
0.597346
0.556005
0.566172
0.682141
0.807187
0.920321
1.016300
1.095066
1.157550
1.207051
1.236938
1.339364
1.416186
1.426764
1.357399
1.205786
1.030283
0.881615
0.771571
0.693087
0.616401
0.573409
0.582735
0.675802
0.797406
0.916593
1.019166
1.104749
1.173309
1.226644
1.260120
1.339664
1.425015
1.440242
1.368799
1.213797
1.036709
0.885136
0.773582
0.700202
0.633148
0.588389
0.600375
0.713709
0.836720
0.944925
1.036602
1.110842
1.169330
1.213063
1.238123
1.317824
1.417109
1.444764
1.380801
1.227000
1.044134
0.878776
0.754431
0.675619
0.607955
0.567343
0.591993
0.712680
0.843635
0.959246
1.057985
1.139014
1.203342
1.252024
1.279583
1.356512
1.450525
1.469334
1.397288
1.237816
1.052202
0.887940
0.765097
0.686601
0.617174
0.571905
0.593476
0.713767
0.843342
0.957678
1.055602
1.135906
1.199747
1.248008
1.276500
1.353777
1.447439
1.464817
1.392631
1.234655
1.050218
0.884586
0.752868
0.663488
0.590194
0.548631
0.576413
0.689902
0.827198
0.954105
1.064136
1.156362
1.230619
1.287835
1.323960
1.400220
1.481864
1.487596
1.413141
1.255535
1.072096
0.915542
0.793742
0.710263
0.640242
0.599870
0.622710
0.707228
0.827998
0.951535
1.057266
1.144357
1.213384
1.265516
1.298953
1.374694
1.460968
1.476370
1.410095
1.255834
1.071110
0.906889
0.784212
0.703973
0.637568
0.593314
0.610317
0.703975
0.833749
0.958627
1.065318
1.153175
1.223308
1.276249
1.311113
1.389721
1.479992
1.497518
1.431802
1.277697
1.087439
0.916594
0.781681
0.688598
0.614106
0.571047
0.592471
0.674614
0.800331
0.932561
1.047653
1.144590
1.223062
1.284024
1.323712
1.405074
1.490677
1.497575
1.417779
1.257163
1.073176
0.912390
0.788312
0.705957
0.638409
0.596105
0.620475
0.711253
0.844826
0.977901
1.091903
1.185392
1.259058
1.314037
1.349748
1.428115
1.521487
1.541582
1.469823
1.306477
1.111877
0.940150
0.803669
0.711767
0.644647
0.611762
0.644962
0.722648
0.856502
0.997072
1.117994
1.217216
1.295901
1.355303
1.395456
1.475344
1.565996
1.573792
1.490144
1.318624
1.117984
0.943652
0.810383
0.720462
0.639461
0.594376
0.629139
0.735090
0.872102
1.009034
1.126131
1.221726
1.295908
1.350183
1.382809
1.461223
1.562664
1.584797
1.506087
1.332507
1.131527
0.954150
0.814896
0.722471
0.643072
0.596097
0.626554
0.726152
0.864547
1.002597
1.120607
1.216803
1.292019
1.347435
1.382207
1.463309
1.569320
1.594839
1.519866
1.347452
1.139701
0.959546
0.811842
0.710560
0.626312
0.579124
0.615155
0.712155
0.849287
0.990548
1.112757
1.213244
1.291883
1.350275
1.386502
1.466757
1.570186
1.589956
1.506958
1.330843
1.128304
0.949834
0.807295
0.711627
0.631201
0.583624
0.618781
0.720160
0.865513
1.009118
1.132672
1.233506
1.311769
1.368964
1.404013
1.484735
1.590060
1.614200
1.532288
1.354838
1.149527
0.966617
0.817468
0.711873
0.627627
0.586207
0.629403
0.732507
0.884180
1.028407
1.151002
1.249624
1.324068
1.376036
1.409360
1.485912
1.591050
1.615828
1.538762
1.363032
1.151078
0.967565
0.817846
0.715684
0.632596
0.590315
0.628308
0.706558
0.851349
0.995700
1.119043
1.219118
1.296093
1.350564
1.385024
1.463815
1.568858
1.593745
1.515131
1.341000
1.134784
0.950091
0.804582
0.707973
0.626189
0.577289
0.608834
0.695732
0.841461
0.993726
1.125325
1.233323
1.317079
1.377475
1.418160
1.502990
1.609371
1.628796
1.544430
1.365400
1.153611
0.970972
0.821933
0.713233
0.624609
0.577990
0.619624
0.694351
0.844925
0.992692
1.119376
1.222028
1.300268
1.354457
1.388829
1.468674
1.575548
1.601677
1.521245
1.345818
1.138729
0.953413
0.805693
0.707572
0.627026
0.580977
0.616381
0.690610
0.837090
0.993545
1.128522
1.238854
1.323258
1.382772
1.421373
1.506926
1.618173
1.640823
1.547853
1.365189
1.158264
0.971565
0.820091
0.710122
0.626016
0.584787
0.631160
0.702423
0.856761
1.010986
1.142720
1.248733
1.328121
1.381558
1.415303
1.498173
1.610102
1.638878
1.557759
1.377349
1.159259
0.965903
0.811283
0.707340
0.623718
0.575705
0.612213
0.689268
0.839083
0.999850
1.138595
1.251811
1.338096
1.397836
1.435414
1.520286
1.631599
1.653725
1.562728
1.377924
1.162092
0.975975
0.822019
0.710679
0.619786
0.565555
0.603209
0.678207
0.834863
0.994523
1.132079
1.244260
1.329632
1.387990
1.423877
1.507592
1.618294
1.645393
1.566642
1.387236
1.164539
0.961792
0.806992
0.701895
0.615521
0.572168
0.607611
0.676276
0.827042
0.995874
1.143278
1.264418
1.357153
1.421779
1.462616
1.548273
1.660553
1.679273
1.581408
1.392360
1.175131
0.987391
0.832830
0.714888
0.620628
0.566931
0.607593
0.664272
0.822096
0.983997
1.124135
1.237715
1.322975
1.380137
1.413796
1.499192
1.616797
1.650458
1.559969
1.375613
1.162792
0.971979
0.815476
0.701192
0.614542
0.571882
0.615325
0.702978
0.872620
1.042321
1.188204
1.304896
1.389665
1.444697
1.476851
1.564108
1.688548
1.726330
1.646569
1.453952
1.204841
0.985319
0.824503
0.716428
0.630071
0.577942
0.613120
0.672176
0.806395
0.984909
1.140000
1.268276
1.367161
1.435861
1.480098
1.556378
1.700480
1.726195
1.624953
1.422909
1.187814
0.979900
0.817175
0.698827
0.609312
0.545590
0.586155
0.685440
0.876198
1.050460
1.201984
1.324385
1.413624
1.470722
1.504031
1.563172
1.690810
1.738935
1.679056
1.497474
1.240169
1.012923
0.839116
0.718507
0.633098
0.580567
0.614007
0.684079
0.833351
1.013077
1.169902
1.299155
1.397611
1.464906
1.507619
1.583966
1.721946
1.745331
1.653761
1.453541
1.204266
0.983324
0.814958
0.691869
0.595266
0.522344
0.562612
0.629858
0.794334
0.968511
1.120090
1.244681
1.340339
1.406131
1.448256
1.520325
1.657060
1.693830
1.620987
1.439427
1.198016
0.974008
0.809014
0.692842
0.602946
0.549006
0.582111
0.659150
0.821000
1.002871
1.161092
1.291569
1.392065
1.461377
1.505638
1.579892
1.706363
1.729517
1.646226
1.457332
1.212112
0.997310
0.833657
0.712446
0.616138
0.539199
0.562302
0.620130
0.776925
0.948120
1.095394
1.216280
1.309193
1.373667
1.415177
1.496327
1.642335
1.677363
1.602563
1.423673
1.189143
0.969419
0.803755
0.682112
0.581469
0.507146
0.537484
0.630523
0.806254
0.982039
1.134292
1.259680
1.355319
1.420444
1.461693
1.532569
1.654354
1.693203
1.631496
1.459802
1.216715
0.987661
0.818726
0.698074
0.598220
0.526225
0.544072
0.607498
0.756562
0.937433
1.092824
1.220384
1.320624
1.393391
1.443033
1.528929
1.674374
1.696483
1.607018
1.419013
1.186745
0.973255
0.809468
0.689062
0.590939
0.501278
0.526094
0.598716
0.767546
0.937524
1.086119
1.208239
1.301574
