0.000000
-0.950311
-0.968853
-0.945121
-0.881878
-0.855769
-0.799786
-0.783160
-0.738920
-0.700622
-0.688808
-0.673487
-0.618450
6.805281
-3.752819
0.863844
1.230550
-2.687418
-1.516333
-0.016286
1.812783
1.960965
-0.498942
0.525225
3.800595
0.000000
4.401114
-2.842607
-1.426965
-0.883768
-2.410959
-5.809644
-7.133042
-16.567171
-14.997722
13.992653
4.818529
1.972527
-7.477950
-2.694012
3.057741
3.320186
0.663847
1.417589
1.102320
1.854734
3.781338
0.000000
7.217166
-3.310880
-2.185750
0.179723
-29.849890
-37.156227
-21.859001
18.375803
5.680135
-0.652006
-3.253252
-3.828218
-3.384699
-0.528585
0.626275
2.478121
1.801527
-0.332070
6.182756
0.000000
6.113266
-3.803386
-2.468239
-0.328962
-0.614013
-7.073945
-5.515279
14.273541
6.580306
-1.472098
-2.969607
-2.878684
-1.744437
1.192287
1.624996
1.097193
0.896555
0.593784
5.837863
0.000000
10.061400
-3.841177
-3.326506
-0.579100
-5.613389
-13.421578
-10.520903
14.435989
7.385522
-1.803096
-4.329275
-4.331613
-0.008177
1.982170
2.153484
1.735207
0.796218
0.606812
5.561740
0.000000
7.051579
-3.672755
-3.262250
-0.427957
-8.825995
-16.824242
-11.876711
14.446541
6.242373
-1.709474
-4.413368
-4.699079
-0.422837
2.090126
2.190994
1.882013
1.066824
0.358530
7.116171
0.000000
7.100830
-3.706200
-3.289980
-0.596605
-5.396458
-12.630291
-8.323953
15.239662
7.441874
-1.914020
-4.589410
-4.490434
-0.852029
2.246285
1.961522
1.751328
0.809991
0.393020
6.704573
0.000000
7.521083
-3.721997
-3.271863
-0.977624
-5.388395
-12.953284
-9.229261
13.623761
7.211030
-1.448161
-4.755020
-5.290174
0.080713
1.986302
2.201966
1.858411
0.957365
0.487516
6.452622
0.000000
8.311027
-3.621007
-3.259565
-1.131579
-7.655551
-15.556799
-10.434018
15.855024
7.165688
-2.157361
-4.651158
-4.656377
-0.600257
1.977705
2.212789
2.005929
1.073081
0.510784
6.427209
0.000000
7.892493
-3.686980
-3.239361
-0.946040
-5.657025
-13.406379
-8.974965
14.575182
7.275319
-1.822666
-4.548132
-4.885567
-0.671862
2.050279
2.688581
2.121687
1.032475
0.462496
6.405487
0.000000
7.758657
-3.674939
-3.285261
-1.054373
-7.536763
-14.373865
-9.252645
14.644711
7.300427
-1.778366
-4.732196
-5.299112
-0.529213
1.983866
2.522002
2.094099
1.109816
0.485823
6.621092
0.000000
8.444673
-3.665826
-3.300837
-1.597653
-6.993175
-14.295803
-8.953436
15.147329
7.399943
-1.807453
-4.523482
-4.906285
-0.859906
2.043378
2.491890
2.162747
1.092484
0.472972
6.578644
0.000000
8.296513
-3.714874
-3.299791
-1.559025
-5.293201
-12.637021
-8.021961
14.403541
7.355653
-1.605573
-4.664347
-5.478981
-0.221184
2.063360
2.603062
2.142137
1.079859
0.495372
6.298387
0.000000
9.055217
-3.658021
-3.321388
-2.085350
-8.427358
-15.677230
-9.214982
15.689848
7.382791
-1.744135
-4.645588
-5.301699
-0.707803
1.934533
2.667052
2.360084
1.226342
0.564653
6.246722
0.000000
8.794300
-3.700346
-3.321796
-2.451149
-6.347599
-13.669296
-8.310221
15.893265
7.583930
-1.949838
-4.538867
-5.172565
-0.774659
2.055343
3.026433
2.531904
1.217238
0.523890
6.199949
0.000000
8.770346
-3.698884
-3.389194
-2.648838
-7.466190
-14.562160
-8.600721
16.292070
7.507713
-1.895527
-4.874973
-5.711715
-0.467165
2.092950
3.000284
2.584190
1.278134
0.613839
6.165825
0.000000
9.692937
-3.693522
-3.389710
-2.965342
-7.665122
-15.026951
-8.701172
16.707687
7.482294
-1.883598
-4.635709
-5.439218
-0.792289
2.070910
3.102631
2.664052
1.343385
0.598697
6.205308
0.000000
9.482327
-3.732838
-3.381897
-3.137620
-5.224959
-12.558646
-7.314901
16.080641
7.545427
-1.792075
-4.599812
-5.813093
-0.553802
2.188637
3.291811
2.813194
1.397337
0.645338
6.087404
0.000000
10.459264
-3.725317
-3.448947
-3.390685
-9.086017
-15.764594
-8.663786
17.618805
7.439808
-1.741440
-4.830034
-5.925438
-0.702495
2.214124
3.392679
2.961410
1.467802
0.683380
6.066210
0.000000
9.953853
-3.753638
-3.402781
-3.470243
-6.750882
-13.376522
-7.830709
18.489830
7.944073
-1.875061
-4.825078
-5.719075
-0.829539
2.328807
3.887436
3.242526
1.535879
0.724363
5.974191
0.000000
10.223897
-3.759854
-3.421586
-3.568685
-7.655092
-13.918875
-7.852123
18.213879
7.598358
-1.807276
-5.037204
-6.352631
-0.631642
2.593160
3.908485
3.263060
1.585222
0.746897
5.907246
0.000000
10.816741
-3.788315
-3.447963
-3.654958
-7.349526
-13.947729
-7.574089
19.278498
7.785092
-1.842541
-4.964040
-6.157335
-0.631529
2.665795
3.973731
3.255610
1.587283
0.750190
6.231453
0.000000
10.671006
-3.787912
-3.465953
-3.678799
-5.408005
-12.237842
-6.680220
19.092268
7.857032
-1.478920
-4.930067
-6.532287
-0.543887
2.826434
4.186133
3.447668
1.652779
0.822783
5.911505
0.000000
11.420769
-3.791679
-3.474153
-3.711654
-8.886281
-13.722936
-7.184843
20.114050
7.589969
-1.834043
-5.203822
-6.669988
-0.545228
2.923730
4.223744
3.545568
1.722766
0.883564
5.896610
0.000000
11.099298
-3.816800
-3.469914
-3.756490
-5.932285
-12.087811
-4.370700
19.474724
7.405344
-2.134039
-5.085746
-6.391394
-0.600196
3.030403
4.859540
3.846175
1.751148
0.911058
5.849266
0.000000
11.075531
-3.826432
-3.433605
-3.768738
-4.226569
-11.299815
-4.183837
18.316637
6.968551
-1.801562
-5.109073
-6.900621
-0.330036
3.327214
4.779401
3.508991
1.699863
0.818808
6.071871
0.000000
11.280376
-3.796531
-3.435058
-3.758723
-4.219055
-11.514109
-4.177481
19.041412
7.090309
-1.908803
-5.186780
-6.777170
-0.557414
3.340705
4.692423
3.523031
1.707630
0.874045
5.984351
0.000000
11.163982
-3.824397
-3.434051
-3.801867
-4.273761
-10.044602
-4.153053
19.167612
7.448944
-1.067353
-4.933585
-6.947983
-0.183527
3.451109
4.893592
3.633614
1.713158
0.894001
5.580708
0.000000
11.922983
-3.787539
-3.433347
-3.750885
-4.330922
-12.020917
-4.201826
18.355806
6.495663
-1.788366
-5.182836
-7.055872
-0.275848
3.516058
4.845888
3.499201
1.725609
0.902124
5.868697
0.000000
11.291388
-3.800598
-3.412880
-3.781593
-4.268373
-10.437354
-4.174360
19.837282
7.863840
-0.818077
-4.776983
-6.611300
-0.582917
3.408619
5.196225
3.698805
1.671338
0.842202
5.492687
0.000000
11.429095
-3.777851
-3.341913
-3.762736
-4.183308
-11.649917
-4.211704
18.284800
6.634882
-1.615866
-5.035408
-7.038692
-0.226993
3.663547
4.890007
3.482347
1.660717
0.860999
5.955292
0.000000
11.394474
-3.771040
-3.421991
-3.813506
-4.236471
-10.940881
-4.190421
19.412188
7.513256
-0.918160
-4.766727
-6.698376
-0.598920
3.456954
4.670836
3.568482
1.583678
0.736776
6.116435
0.000000
11.036096
-3.798294
-3.436137
-3.899969
-4.129719
-10.357090
-4.178951
18.698975
6.909142
-0.851220
-4.918275
-6.919757
-0.172179
3.612369
4.653110
3.729555
1.775905
0.840832
5.236025
0.000000
11.827555
-3.724662
-3.419131
-3.768815
-10.108615
-14.076059
-4.177855
18.717045
6.494998
-1.602477
-4.943931
-7.218541
-0.772357
3.366193
4.788614
3.704956
1.602136
0.648448
6.394347
0.000000
10.068377
-3.778479
-3.443394
-3.886857
-8.252012
-11.615047
-4.198925
19.418839
7.249696
-1.170448
-5.012081
-7.076963
-0.943407
2.998909
4.738910
4.131845
1.696605
0.803595
5.379060
0.000000
9.937434
-3.785879
-3.305053
-3.995060
-9.574862
-13.723471
-7.049637
19.140358
6.912382
-1.080765
-4.824954
-7.193700
-0.822396
3.196561
4.253113
3.724976
1.658957
0.662728
5.801959
0.000000
10.893215
-3.679086
-3.366838
-3.881935
-10.705022
-14.668073
-6.769061
18.992807
7.224603
-1.032733
-4.697179
-7.275336
-1.243923
2.992266
4.191245
3.694650
1.498044
0.469793
6.291717
0.000000
10.245279
-3.666706
-3.388009
-3.969245
-9.610651
-13.494309
-5.666155
19.250824
7.598200
-0.374897
-4.387589
-7.065187
-1.274584
2.691991
3.988280
3.688827
1.474846
0.474006
6.124743
0.000000
10.637885
-3.647523
-3.395669
-4.010816
-11.688634
-15.810061
-7.253305
17.474911
6.900454
-0.661756
-4.295197
-7.532242
-1.510150
2.799013
3.948828
3.649482
1.448525
0.394935
6.084315
0.000000
10.860295
-3.539460
-3.355013
-2.786350
-10.775793
-15.402268
-5.699554
22.455421
11.340582
-1.123634
-3.843449
-6.460526
-2.275375
1.281061
3.585900
3.923141
1.702880
0.684418
5.247688
0.000000
12.657335
-3.417453
-3.412843
-3.644567
-13.122780
-18.484734
-6.908146
23.330730
11.375336
-0.293139
-4.030460
-6.892682
-2.814607
1.315766
3.941721
4.059551
1.616990
0.519357
6.060859
0.000000
12.734146
-3.427571
-3.450981
-3.562754
-13.531648
-17.807205
-5.137554
25.535513
12.021323
0.470885
-4.222318
-7.261316
-2.912885
1.505451
4.267054
4.218999
1.554374
0.463469
5.541165
0.000000
13.039313
-3.386021
-3.399229
-3.409429
-12.587480
-17.770742
-6.625638
24.052227
11.000891
0.219263
-4.316514
-7.854228
-2.845431
1.911767
4.389061
4.123415
1.749611
0.538503
6.011560
0.000000
12.942857
-3.520411
-3.375525
-3.795932
-12.771970
-16.189314
-4.207406
25.463081
11.525777
0.022141
-4.223092
-7.136419
-2.699580
1.579407
3.661408
4.130722
1.716952
0.615176
5.244391
0.000000
13.038564
-3.490890
-3.376987
-3.949071
-13.321399
-17.879107
-6.563033
23.915735
11.098402
-0.289630
-4.283104
-7.140244
-2.725177
1.590944
4.124109
4.290219
1.769447
0.553371
4.218074
0.000000
12.307413
-3.438950
-3.235296
-2.780173
-13.420717
-17.961788
-6.080669
22.383862
10.582297
-0.134558
-4.301301
-7.293600
-2.856559
1.699997
3.684152
3.821285
1.662656
0.434098
6.577478
0.000000
12.440358
-3.394249
-3.342247
-2.836395
-11.356816
-16.348902
-5.094470
22.282743
11.599429
0.721805
-4.520070
-7.182156
-2.968617
1.585750
3.512485
3.662747
1.340543
0.405053
5.442592
0.000000
13.096217
-3.416502
-3.433462
-3.795806
-13.715016
-18.044613
-4.988058
24.247953
11.660685
1.456387
-4.244134
-6.481727
-2.326538
1.032652
3.159691
3.477973
1.324584
0.384247
3.576536
0.000000
12.983205
-3.381717
-3.440958
-4.149414
-13.908143
-19.207508
-6.779435
21.225433
11.191553
0.820190
-4.836064
-7.515109
-2.896513
1.242283
3.249654
4.025925
1.138103
0.498907
5.403447
0.000000
12.692563
-3.379814
-3.427700
-5.623703
-13.104489
-17.776501
-4.774038
22.493952
11.793437
1.112789
-4.509752
-6.775265
-2.862396
0.642223
3.217140
4.103472
1.083080
0.541795
3.579902
0.000000
12.601213
-3.351502
-3.371284
-5.834629
-13.086903
-17.531656
-4.351317
20.471786
11.243866
1.841015
-4.605690
-7.484654
-3.186854
0.891788
3.282019
4.113893
1.022377
0.435245
5.250659
0.000000
13.066527
-3.337774
-3.427940
-6.325791
-13.449448
-17.366682
-4.470018
21.755463
11.610613
1.853779
-4.859696
-7.423339
-3.042835
0.876266
3.210534
3.863577
0.856132
0.466650
5.333655
0.000000
12.850746
-3.382423
-3.456068
-6.426231
-12.418180
-16.307341
-3.481071
21.691906
11.430404
2.474127
-3.350161
-6.464143
-2.248719
0.672572
2.827248
3.767761
0.852214
0.537415
3.897026
0.000000
13.491822
-3.374545
-3.357613
-6.842507
-14.042665
-18.890377
-4.893453
18.972862
11.186450
1.539899
-2.135054
-5.343696
-1.971032
0.109685
2.607299
3.955236
1.047823
0.642178
4.510421
0.000000
13.326375
-3.363918
-3.298208
-6.758185
-12.393563
-16.934561
-5.012701
18.518412
11.336918
0.957245
-5.154058
-7.227867
-2.433061
1.017143
3.045033
3.704760
0.970422
0.448857
3.782818
0.000000
12.460133
-3.345772
-3.185619
-5.945954
-11.949082
-16.076462
-2.171497
16.952269
11.075183
1.633986
-1.428557
-4.956393
-1.331705
-0.051875
2.172686
3.439396
0.901357
0.503710
4.616428
0.000000
13.631618
-3.391270
-3.267763
-7.127321
-12.653556
-16.689709
-4.743431
17.221922
11.488801
1.276303
-4.813227
-6.639477
-1.923164
0.876933
2.334774
2.976441
0.670552
0.533290
4.176779
0.000000
12.769591
-3.484787
-3.388009
-7.714724
-12.239294
-15.699530
-2.334381
20.376638
11.250977
2.175909
-0.781600
-4.323896
-0.723427
-0.065122
1.888991
2.746902
0.830390
0.825123
5.520198
0.000000
12.934142
-3.813183
-3.193379
-8.460568
-13.815156
-17.794420
-4.835052
17.520279
11.253208
1.407646
-4.833607
-6.749228
-1.741779
0.944179
2.452765
3.074559
0.821361
0.441321
5.267392
0.000000
12.278352
-3.653357
-3.234396
-7.771797
-12.736537
-15.900167
-2.005297
17.071278
11.200230
1.756649
-1.630988
-4.735613
-1.107048
-0.064117
2.289567
3.063684
0.939167
0.541230
5.545164
0.000000
13.136691
-3.877955
-2.921511
-7.323552
-12.536478
-16.454485
-4.490412
15.982242
10.857824
1.100336
-4.697496
-6.587025
-1.443159
1.097586
2.054088
2.519798
0.781905
0.427323
5.755131
0.000000
12.205533
-3.719263
-3.070950
-7.395362
-11.686080
-14.646884
-1.241699
15.595977
10.766007
1.275310
-2.219430
-4.529152
-1.462687
0.271735
1.791852
2.287671
0.782984
0.680023
5.807084
0.000000
13.311634
-0.035649
-3.242074
-8.968721
-11.442535
-14.321369
-3.600820
18.498281
11.648750
1.782004
-4.286390
-5.846571
-1.373087
1.285198
1.912716
1.057222
0.077186
0.738613
6.029061
0.000000
11.485185
-2.427485
-2.577126
-9.183362
-13.047633
-16.785362
-4.944042
-2.916418
9.790272
3.186762
-3.704104
-5.233165
-1.973637
0.614695
2.212152
1.764078
0.831821
0.450843
5.594136
7.453043
0.000000
0.633793
-3.113742
-9.512143
-13.310684
-17.195515
-3.281609
-3.219999
10.789157
4.396262
-3.893003
-5.512337
-3.385637
-0.125033
2.305906
1.908762
0.527486
0.829462
5.423635
6.854122
0.000000
-1.079980
-3.253472
-9.940954
-13.078886
-17.167995
-4.537967
-3.251675
10.315760
5.369351
-3.464361
-5.020069
-2.235048
0.260264
2.784379
1.910894
0.896296
0.500097
5.665018
5.538484
0.000000
1.472972
-3.073708
-11.542047
-15.012514
-17.794353
-2.833894
-3.278431
9.555538
3.519212
0.693775
-3.270701
-2.701549
-1.197714
2.327102
3.139131
1.347128
0.791753
5.314024
3.860684
0.000000
-0.624609
-3.339841
-9.852427
-12.687474
-17.623777
-6.760418
-2.810642
8.617615
2.913219
-4.254665
-6.404796
-2.143137
0.964000
2.818716
3.047949
1.196139
0.766180
4.845314
3.461810
0.000000
-1.428404
-3.289628
-10.677100
-15.603768
-19.850986
-3.249407
-3.252482
9.631541
4.030447
1.465224
-3.256653
-2.817754
-1.027847
2.926039
3.765772
1.813581
0.566268
5.230880
4.331420
0.000000
-0.197489
-3.351053
-10.809648
-12.691359
-16.805998
-5.226852
-2.738453
9.239865
2.153901
-3.176162
-6.812245
-3.285081
0.440138
3.749732
3.580222
1.672143
0.323882
4.768091
5.680946
0.000000
-2.128109
-3.351988
-9.052733
-12.987765
-16.830454
-3.413192
-3.044713
8.673018
3.849748
-2.710542
-5.689319
-2.817332
0.861721
3.524057
3.020035
1.738874
0.266707
5.192340
7.275610
0.000000
0.903836
-3.266842
-11.759884
-13.841788
-15.702610
-2.267953
-2.911837
8.581695
2.728687
-3.179474
-6.671781
-4.537493
-0.605483
3.578793
4.203253
1.816826
0.520127
