0.000000
1.996704
1.445134
5.112711
-3.733295
-4.593467
-2.024469
0.013517
0.130910
1.822127
2.142559
0.048917
-2.385093
-1.268752
0.900433
5.377173
2.957073
0.000000
-6.536896
1.515815
2.048093
1.654858
2.369828
2.582938
-3.073575
-4.128207
-0.892106
1.029244
-0.307237
0.389380
1.499949
1.231766
-1.329784
-6.234334
-1.802669
-1.409151
-6.635170
0.000000
-6.848492
-7.976860
-6.951258
-0.923482
-0.416613
-2.156357
-5.128708
-4.176519
1.519741
0.820988
0.715512
0.914059
1.456290
1.781963
-0.724746
-4.173230
-0.218635
-1.228354
-1.801308
0.000000
-7.381282
-4.157175
1.676805
0.342788
1.333343
-0.058188
-3.745943
-4.729120
0.684246
-0.766381
-1.075999
0.030836
1.362269
0.461197
-1.431238
-4.914075
-0.958535
2.646253
1.286244
0.000000
-2.686535
-3.403552
-4.825638
-1.621149
0.817265
-9.153579
-2.554334
-2.719889
2.665759
1.296809
1.318116
0.994586
1.524885
-0.535354
-2.877853
-8.161964
-2.119659
2.060850
0.715688
0.000000
0.224878
-0.152313
-1.239031
-0.759080
-0.428290
-2.060132
-4.026692
-2.166639
3.476666
-0.326380
-0.521947
0.801058
1.186983
-0.519903
-1.894556
-4.730198
-0.047297
-1.394695
-1.168588
0.000000
-3.368913
-3.657588
-4.972985
-1.712085
1.343554
-5.178443
0.122671
0.040873
4.193491
0.957458
-2.940935
-0.661275
0.516122
-0.583785
-2.204070
-5.951569
-1.259121
4.233122
2.749019
0.000000
0.466602
-0.297604
-1.489621
-0.409303
-0.317322
0.411534
-1.465536
-1.877816
1.913836
-1.026999
-1.527074
-0.345465
0.523998
0.184831
-1.200354
-5.332103
-0.486034
1.004753
-0.377742
0.000000
-1.660865
-1.860229
1.277801
-0.336748
1.294943
1.243125
2.989225
-0.732839
1.686816
-2.558548
-0.797432
0.564821
1.381958
-0.220245
-2.628366
-6.884177
-1.617615
5.594963
2.991123
0.000000
2.172599
1.183985
-0.436851
-0.427590
-0.247508
-9.697083
-4.318387
-2.332974
3.091026
-0.998652
0.111086
1.066881
0.896176
-0.794938
-2.577031
-6.404938
-1.879169
2.882472
1.445926
0.000000
1.530434
1.049416
0.580207
-0.252502
-0.422536
-2.193980
-1.521695
-0.590908
1.329576
-3.143850
-1.970893
0.224813
0.987496
-0.237726
-1.637010
-5.968379
-1.445246
2.697581
1.321005
0.000000
0.718061
0.516203
0.033906
-0.592746
-0.469589
-4.908491
-1.374061
0.876391
3.120600
-1.071703
-1.851159
0.176414
0.653994
-0.811580
-2.240395
-6.085135
-1.461318
3.665726
2.796714
0.000000
0.912121
0.222433
-1.260754
-0.773970
-0.380573
-5.928114
-0.718526
0.630427
3.589491
-0.172999
-0.992451
0.300784
0.580584
-0.590123
-2.510312
-6.879627
-2.238422
3.378106
2.783296
0.000000
1.927586
1.393282
0.344816
-0.313179
-0.381604
-2.128806
-2.840456
-0.968247
1.549271
-2.945215
-2.437719
0.164595
0.919291
-0.399332
-1.736205
-5.771661
-1.701915
2.819108
2.430896
0.000000
1.762491
1.546665
0.442403
-0.583727
-0.623029
-4.727006
-4.756007
-0.722665
2.637714
-0.890328
-2.799132
-0.092927
0.798982
-0.851362
-2.250759
-6.289261
-1.728920
4.709313
3.995162
0.000000
2.644711
2.053345
0.707003
0.032559
-0.649731
0.410244
1.846972
0.456581
1.829469
-2.905688
-1.402053
-0.176968
0.293926
-0.314374
-1.133905
-5.086073
-1.973530
3.815931
4.211926
0.000000
2.383036
1.428479
0.056855
-0.225796
-0.528021
1.325938
3.143100
0.533913
1.182522
-3.748790
-3.030910
-0.314940
0.582243
-0.252792
-0.812062
-4.992707
-1.900634
3.355319
3.847982
0.000000
3.666095
2.344878
0.718991
-0.261935
-0.638453
-0.881301
-1.652844
0.602636
1.983266
-2.365575
-4.205340
-0.480343
0.686415
-0.696538
-1.423769
-5.573434
-1.849276
4.631566
5.098636
0.000000
4.033717
3.524211
1.186708
0.313117
-0.837375
-1.778549
-0.993664
1.315010
2.191504
-3.362798
-3.083353
-0.125935
0.461099
-0.811323
-1.656016
-5.293429
-2.680336
4.587290
-5.399645
0.000000
2.979335
1.424438
0.263301
-0.534985
-1.073345
0.236697
2.217419
1.628049
1.504788
-3.672338
-3.090887
0.364138
0.817778
-0.582091
-1.983842
-5.326687
-2.683363
5.129279
-0.690176
0.000000
3.430222
2.334716
0.753641
0.009631
-1.179077
4.291206
3.136905
0.211510
0.180790
-5.360770
-3.116300
0.419310
0.785929
-0.359282
-0.406880
-3.235585
-3.474468
-5.280879
1.537902
0.000000
1.212808
-0.220629
-0.726417
-1.440425
-1.629327
0.477154
2.628563
1.699680
1.618008
-2.725487
-6.366225
-0.891996
2.282199
1.679304
-2.193439
-4.016054
-23.700001
-6.905048
5.632072
0.000000
-2.188938
-2.753396
-0.489617
-0.606151
1.251368
18.437611
11.402216
4.285408
-0.750460
-5.575260
-10.235489
-13.247298
-4.573677
0.708847
1.320208
1.647060
-0.272617
4.097314
10.060569
0.000000
1.149099
-0.778355
-0.451127
-0.299314
-1.235916
-3.153928
-8.668918
2.534792
6.775170
3.224213
-8.285128
-3.266150
0.355341
1.710666
-0.676196
-2.860966
-14.650455
-23.700001
3.707659
0.000000
-1.189489
-3.891962
-4.556715
-5.252019
0.825523
-5.242703
12.593148
5.334703
0.341093
-3.858711
-8.781930
-7.792797
-3.299278
0.496843
0.291655
1.404627
2.392757
5.107670
12.355839
0.000000
-0.132516
-3.659821
-0.987873
-1.701312
0.824617
-0.665091
-3.655602
-0.245912
1.635975
-0.342360
-7.049318
-3.065167
-0.351238
1.890516
0.165854
-1.938416
-23.700001
-11.022591
12.936774
0.000000
-1.824529
-4.409778
-5.138294
-6.110784
0.646592
0.484845
10.151540
3.381924
-3.447208
-4.955498
-8.782757
-4.625320
-0.791246
1.339514
0.594812
0.277153
2.300890
4.934738
11.801168
0.000000
-0.071404
-1.446239
-1.611358
-1.280381
-0.477337
-1.299917
-1.989778
-0.908378
-0.708224
-0.039310
-4.998436
-0.946494
0.444318
1.332333
0.663884
-2.124214
-2.560484
2.230803
-2.255064
0.000000
-0.437559
-2.344469
-3.722892
-3.993788
0.393151
-1.698073
2.229948
-2.253057
-3.334853
-3.243247
-5.691734
-0.043085
1.744711
1.286278
0.924216
-2.604215
-3.633095
1.308861
0.585327
0.000000
1.698165
0.473731
-0.936843
0.034039
0.170973
-1.820762
5.427053
-1.963242
-3.948081
-4.770783
-5.700202
1.082267
2.055307
1.050456
0.652359
-2.559931
-3.461843
0.061637
0.723108
0.000000
1.787357
1.768887
0.334473
-0.244829
-0.196695
-1.972702
-2.351262
0.277077
-0.563293
-0.540452
-5.456536
-0.642044
0.559534
0.546867
-0.227155
-3.178544
-4.224312
1.261185
7.514102
0.000000
3.671762
2.397387
0.706801
-0.063793
-0.210525
-2.170327
-0.246757
-0.828662
-0.753459
-0.983472
-5.397124
-0.104427
0.877592
0.524919
-0.210920
-3.507618
-4.497177
-23.700001
-4.017556
0.000000
1.954806
-1.408381
1.543480
0.116073
0.810275
-3.376108
1.858419
-1.779791
-2.006701
-2.975615
-7.651164
-0.206289
1.448977
1.254742
0.642464
-2.054033
-3.628456
-2.671738
5.344399
0.000000
2.379941
1.038440
-0.083917
-0.281547
-1.222444
-2.403508
1.561185
-0.229750
-0.855717
-3.319785
-7.779024
-0.856360
0.884928
0.141590
1.019869
-1.452682
-2.751923
-14.761934
-0.889754
0.000000
3.861846
-1.749269
-2.992477
-1.447222
0.425078
-3.153495
-3.836791
0.156947
-0.105021
0.131389
-9.054342
-2.495981
0.321789
2.616432
0.167526
-2.183332
-23.700001
-23.700001
3.711854
0.000000
1.784798
-4.778140
-4.890665
-0.758323
0.922349
-0.062008
9.899643
4.172842
-1.367146
-5.191866
-10.016315
-11.718000
-4.839477
-0.146852
1.903465
3.229013
3.078876
4.384307
11.219830
0.000000
-0.127262
-4.870686
-6.701040
-3.142506
0.447493
-3.135514
-8.933813
-2.504470
2.401843
-0.258735
-6.496273
-2.525392
-0.653755
1.166561
0.214752
-0.995960
-20.344429
-21.569092
6.931312
0.000000
0.995795
-5.071711
-5.974688
-6.996539
-9.101166
-9.589349
4.707076
1.309210
-2.352814
-2.267218
-6.816360
-6.162879
-4.393835
-0.195131
0.629927
1.648680
3.184622
5.122456
12.808480
0.000000
-1.519592
-4.258243
-0.065402
-1.746958
0.766676
-4.470416
-0.253075
-2.031851
-2.620020
-2.543234
-7.578102
-2.495686
0.275158
1.772694
0.667961
-0.833035
-3.597317
3.526848
8.885715
0.000000
2.027884
0.191880
-1.777225
-3.816669
-5.664288
-1.831935
1.063569
-1.742073
-2.219296
-2.890999
-8.068138
-1.637314
1.438345
1.212143
0.939220
-2.747225
-3.488836
-23.700001
-2.882525
0.000000
2.490558
-1.552402
-1.912830
-0.517086
-0.088437
-2.449501
6.084806
-1.890970
-4.379778
-5.470585
-7.622195
-0.187555
1.444881
1.454676
1.869077
-0.744396
-2.591026
-0.908170
6.848198
0.000000
3.034518
2.246313
0.474121
-0.016119
-0.293127
-2.414000
-1.072180
-0.076602
-0.522207
-1.736100
-6.677033
-1.039189
0.440602
0.901874
0.864787
-3.053497
-9.392241
-2.411386
1.032156
0.443978
0.000000
-0.766564
-2.529057
-1.638379
0.508447
-2.325352
-4.644134
-0.712708
0.159241
-1.245856
-7.126216
-2.970081
0.041018
1.140099
0.564939
-1.448776
-3.943373
-22.026329
4.039657
0.258287
0.000000
-1.553487
-3.017312
-4.395231
0.999196
-1.890248
9.889772
5.590693
-2.814949
-7.445243
-12.907810
-3.023163
1.269369
2.143698
2.564045
0.642467
-1.023394
-3.787866
8.081692
6.333006
0.000000
1.391805
-0.213457
-0.857358
-0.959184
-2.566767
-6.941121
2.233022
0.999825
0.015625
-9.258159
-2.700619
0.098900
1.933022
0.214163
-2.453064
-12.405571
-23.700001
-0.512386
1.299749
0.000000
-4.998772
-6.149522
-7.329185
0.683595
0.589948
10.507315
5.311571
-0.442816
-4.431550
-8.247988
-9.374753
-6.196410
-0.942577
1.624523
3.000217
3.310371
4.037033
14.433594
5.131795
0.000000
-7.008734
-8.726683
-10.733142
0.299541
-0.856898
-5.418509
-3.017812
1.381673
-0.129866
-5.135125
-5.197227
-3.584192
0.004168
0.963385
0.395796
-23.700001
-20.645983
4.566704
2.642678
0.000000
-4.829264
-5.908832
-7.095841
-5.165553
0.499048
3.843310
6.976248
-1.565260
-4.192981
-9.202877
-6.389415
-2.291967
3.342949
2.551620
0.816273
0.510952
4.221188
10.155842
2.985127
0.000000
-4.082006
-5.782987
-0.920656
0.951515
-5.332197
8.477565
-2.599897
-4.987842
-4.888434
-8.356963
-3.221855
0.137390
1.817955
2.188788
0.633886
-0.636963
2.807878
3.721866
1.497838
0.000000
-4.141832
-5.644523
-1.528527
1.364667
-2.624161
-1.492991
-2.981631
-2.526107
-0.804526
-7.305890
-2.934857
-0.207407
2.178735
0.501993
-2.529751
-3.517427
-2.347633
7.374679
5.246264
0.000000
-1.119588
-3.038886
-5.176353
0.802588
-0.338910
-0.839159
1.760818
-0.093847
-4.259847
-7.281896
-1.709372
0.471109
1.749372
1.232576
-1.784794
-3.446169
-0.800288
5.998732
4.002645
0.000000
0.652884
-0.912112
-3.204752
0.557123
-1.748983
-3.010319
1.506014
-1.021348
-2.920092
-5.328339
-1.271457
0.208728
1.604720
1.252204
-2.301276
-3.793265
1.204892
4.826964
2.711059
0.000000
-0.408719
-1.885367
-4.174167
0.897797
-2.120105
-9.709400
0.399378
0.549129
0.642889
-4.908679
-2.531301
-0.485715
1.278689
0.495008
-2.797833
-4.329242
1.679692
5.196618
1.855553
0.000000
0.159245
-1.320083
-3.808739
0.405838
-1.771606
-7.649015
0.651046
0.361023
-0.596300
-5.523415
-2.724632
0.106735
1.378217
0.274142
-3.037874
-4.498653
-0.872504
6.842549
4.354388
0.000000
0.629187
-0.996621
-3.084472
-0.241642
-1.989139
-0.363037
1.741280
-2.329976
-3.572982
-6.530949
-1.338142
0.133234
1.830297
1.890920
-1.001456
-3.004256
0.681358
3.557182
2.897264
0.000000
-1.233287
-2.473252
-4.686939
0.914493
-2.992527
-7.732313
-0.346160
-0.119073
-1.122956
-6.634645
-3.104891
-0.915075
0.875996
1.016248
-2.005590
-4.026382
-1.260968
4.417868
3.686484
0.000000
0.724578
-0.699160
-3.228548
0.787626
-2.553086
-6.697484
0.464995
0.311975
-0.134652
-6.052938
-3.622633
-0.509417
1.041092
0.529349
-3.061034
-4.719145
0.306620
8.224094
3.753154
0.000000
1.657235
-0.100459
-2.549116
-0.098812
-1.903136
-0.092775
0.297547
-0.800892
-2.719038
-6.592593
-2.444305
-0.807951
2.047396
1.853889
-2.197756
-4.259232
-3.924438
6.107128
5.572198
0.000000
0.243450
-1.252353
-3.517724
-0.611381
-2.301107
-1.191083
1.743806
-0.697948
-3.021742
-6.961278
-2.895300
-1.042763
1.915516
2.147743
-1.563948
-4.021210
-3.760611
3.087670
5.501402
0.000000
0.045314
-1.362871
-3.721243
0.360620
-2.416157
-5.873034
1.450372
0.448584
-1.532175
-5.787160
-3.983869
-0.808044
1.385910
1.024021
-2.587109
-4.187363
-1.980901
5.999103
4.604199
0.000000
0.897637
-0.499719
-2.784634
0.214325
-2.344040
1.225922
1.439215
-1.483953
-3.055645
-6.699502
-3.510899
-1.269329
1.996231
2.237685
-1.617823
-4.119289
-3.610031
2.663153
5.502204
0.000000
-0.201331
-1.621859
-4.088886
0.503035
-2.498889
-6.963604
-1.566702
-0.061010
-0.947927
-5.457835
-5.070385
-1.392653
1.519629
0.978278
-2.480532
-4.063049
-1.466681
6.068438
4.206564
0.000000
0.973603
-0.524448
-3.062024
-3.382504
-2.139742
-0.403540
1.124557
-1.987045
-2.683965
-5.659470
-3.252664
-1.294687
1.901947
1.865265
-1.747672
-3.845098
-2.139871
3.688866
5.024430
0.000000
-1.193430
-2.751507
-5.271942
0.610512
-2.762924
-8.732915
-0.858899
1.038920
-0.906341
-5.705588
-4.085026
-1.349884
1.323423
0.996406
-2.356483
-4.275839
-1.756099
4.563258
3.823394
0.000000
1.047473
-0.404179
-3.086296
-3.218656
-2.206890
-2.778903
0.614106
-1.828856
-1.863817
-4.806663
-3.677879
-1.273785
1.423836
1.368223
-2.303534
-4.425961
-1.069199
2.967129
4.032434
0.000000
-1.078116
-2.513047
-5.104711
0.898723
-2.490846
-9.336926
-1.962015
1.116035
-0.728595
-4.890495
-4.168636
-1.271452
1.406280
0.830298
-1.792692
-4.340005
-2.697469
3.134072
4.275002
0.000000
-1.337223
-2.602607
-5.131738
0.046951
-1.822466
-4.814665
-4.629983
-1.601626
-2.213999
-4.819481
-4.761691
-1.504589
1.672050
1.539002
-1.138530
-3.531969
1.812141
5.042838
2.938509
0.000000
-2.166442
-3.380505
-5.949569
0.849994
-1.959415
-8.295982
-6.992917
-1.253036
-2.211544
-5.093373
-5.145469
-1.362986
2.194259
1.829187
-0.829272
-3.458731
1.426113
4.523306
3.300821
0.000000
-3.613856
-4.976363
-7.501774
0.066818
-1.520798
-8.554956
-2.668885
0.573991
-1.499339
-4.624153
-4.504705
-1.156696
1.985124
1.387917
-1.324162
-4.210174
-2.264422
2.937019
4.266544
0.000000
-2.832880
-3.993421
-6.427815
0.670548
-1.700156
-6.653757
2.153250
0.979794
-2.196166
-5.464515
-3.544226
-1.316822
1.845221
1.744481
-0.793603
-3.804465
0.436036
1.691145
2.670118
0.000000
-2.390428
-3.620474
-6.195210
-3.599538
-1.658737
-7.381383
-3.012460
0.240735
-1.814696
-4.149018
-5.232681
-2.010084
1.523193
1.732113
-0.825951
-3.677402
1.207613
2.763277
2.725687
0.000000
-3.368614
-4.586124
-7.152353
0.046585
-1.869157
-8.749841
-0.808683
1.455828
-1.283993
-4.483788
-4.529637
-1.699394
1.559803
1.699986
-0.700102
-3.855121
0.384713
1.107960
3.001636
0.000000
-3.699476
-4.887305
-7.485446
-1.202729
-1.150800
-10.108797
-0.573078
2.291865
-0.468393
-4.024977
-4.671201
-1.734624
1.510437
1.873376
-0.303604
-3.313800
0.455408
1.698382
1.910640
0.000000
-5.057283
-6.459928
-8.998865
-3.283340
-1.376192
-9.029514
-3.206760
0.633763
-0.960723
-4.294722
-4.904777
-2.032446
1.368414
1.867663
-0.177233
-3.226114
0.619367
0.491967
0.902432
0.000000
-4.718759
-5.974690
-8.622746
-8.864477
-0.962575
-9.207445
-3.890549
0.492961
-0.742718
-4.178391
-4.943795
-1.416013
1.944367
1.399716
-0.883926
-4.028681
0.487701
1.496759
2.856592
0.000000
-4.591447
-5.810767
-8.404680
-0.563469
-1.272749
-8.728536
-3.406810
-0.469997
-1.906491
-4.803892
-4.278419
-1.883690
1.598406
1.913260
-0.300139
-3.287083
0.712485
2.212019
1.223467
0.000000
-4.667748
-5.826852
-8.532900
-8.570286
-2.140663
-9.735037
-4.294943
0.160191
-0.827631
-4.262904
-5.353119
-1.980066
1.605703
1.512733
-0.633225
-3.905565
0.462872
0.480365
2.831575
0.000000
-4.630732
-5.835032
-8.546251
-3.545254
-1.389075
-9.287551
-4.483791
0.043570
-0.908485
-4.105405
-4.945719
-1.940213
1.631503
1.885464
-0.094362
-3.114190
0.672910
2.388853
1.043105
0.000000
-5.822627
-7.202444
-9.918313
-12.654750
-1.156614
-8.810766
-4.802303
0.035368
-1.094741
-4.397585
-5.536408
-1.995911
1.891378
1.600228
-0.579236
-3.908981
0.506708
0.491504
2.693302
0.000000
-5.072661
-6.312761
-9.056454
-6.590758
-1.187017
-8.224781
-4.416620
-0.794302
-1.302783
-4.110505
-4.786003
-1.876913
1.722558
1.721453
-0.309937
-3.510074
0.691001
1.905029
1.157788
0.000000
-5.325488
-6.428893
-9.204657
-8.650742
-1.648098
-9.168215
-4.324179
0.111375
-1.702483
-4.842438
-5.301046
-2.287760
1.681979
1.728071
-0.289533
-3.621499
0.642463
0.181593
1.509505
0.000000
-5.260945
-6.345798
-9.170405
-11.499809
-2.179967
-9.633307
-4.392897
-0.084603
-1.513080
-5.016606
-5.268435
-2.095795
1.795618
1.772263
-0.450662
-3.768711
0.442310
2.062440
2.102694
0.000000
-5.454768
-6.368176
-9.225516
-5.253263
-2.491614
-10.579788
-4.376598
0.210670
-1.120250
-5.025452
-5.312564
-2.732746
1.139114
2.047668
0.370063
-2.547050
0.918704
2.090178
0.390173
0.000000
-7.129357
-8.437782
-11.316938
-13.463838
-2.559369
-10.530499
-4.965360
0.337192
-0.620421
-4.506189
-6.489179
-3.028862
1.149179
1.236202
-0.326068
-3.702069
-3.382235
-2.167685
1.879746
0.000000
-6.995440
-8.514425
-11.261862
-9.196296
-1.149891
-6.929616
-3.913977
-0.523342
-2.287216
-5.507411
-5.778352
-2.452427
1.845656
1.727795
-0.264697
-3.153545
1.326459
2.585451
2.910354
0.000000
-5.828833
-6.838973
-9.737326
-7.857230
-2.142833
-9.219883
-3.772554
0.082654
-2.227027
-5.445727
-5.598906
-2.803888
1.326358
1.644205
-0.075780
-2.944283
1.286916
2.626713
1.141444
0.000000
-6.227013
-7.577935
-10.480844
-15.436285
-2.429545
-9.820812
-4.474109
0.156853
-1.548393
-5.208772
-6.075093
-2.487024
1.628230
1.795519
-0.378074
-3.724488
0.761689
0.088591
2.236140
0.000000
-6.126935
-7.336330
-10.241732
-10.272560
-1.508073
-9.416605
-4.335638
-0.112634
-1.968478
-4.952185
-5.344515
-2.542562
1.586205
2.086864
0.254314
-2.693876
1.174160
2.214886
0.629946
0.000000
-7.213309
-8.623713
-11.552839
-16.660704
-1.866883
-9.720323
-4.909013
-0.007906
-1.387203
-4.827621
-6.280602
-2.564322
1.610653
1.807155
-0.341327
-3.695482
-1.666329
-0.426862
1.897992
0.000000
-6.950587
-8.327439
-11.192095
-13.482319
-1.108837
-8.328878
-3.800001
-0.402072
-2.516638
-5.948105
-5.519753
-2.475044
1.852732
1.929904
-0.150273
-2.864158
1.392880
2.219655
0.575806
0.000000
-6.763526
-8.039876
-11.021170
-13.850588
-2.227451
-9.701262
-4.201299
0.241318
-1.925404
-5.367353
-6.557495
-2.876427
1.461990
1.525810
-0.242435
-3.245023
-1.429265
0.217334
1.674164
0.000000
-7.028889
-8.483576
-11.410035
-13.745974
-1.522260
-8.859877
-4.071740
-0.142412
-2.613401
-5.446443
-5.816891
-2.700373
1.625346
1.774555
-0.085781
-2.723654
1.625409
1.125812
-0.216109
0.000000
-7.161475
-8.666964
-11.612469
-16.793777
-1.849187
-9.485830
-4.402332
-0.072366
-2.068220
-5.754064
-5.768335
-2.536625
1.800631
2.425562
-0.192397
-2.739794
1.509949
3.445765
1.032539
0.000000
-6.969482
-8.675254
-11.686175
-15.279842
-2.750993
-9.181987
-3.282173
0.593265
-2.014208
-5.724699
-5.855751
-3.027643
1.265000
1.929168
-0.237467
-2.288467
1.953897
1.613420
-2.553227
0.000000
-7.362622
-9.209824
-12.154685
-17.515440
-3.556829
-9.871752
-3.523845
1.327054
-1.440868
-5.522914
-6.691366
-3.243597
0.999395
1.857142
-0.567310
-3.160875
-3.681030
-1.865970
-0.213877
0.000000
-7.816489
-9.745731
-12.614136
-11.511768
-2.389217
-6.160892
-2.633706
0.229525
-3.067112
-6.376545
-6.424141
-3.284786
1.462904
1.898197
-0.061231
-1.614218
2.366658
3.489600
-3.120438
0.000000
-7.640888
-9.566489
-12.554924
-18.121798
-3.142152
-8.463396
-3.283692
1.156139
-1.897368
-6.055882
-7.198504
-3.356117
1.098698
2.069850
-0.643383
-3.053306
-3.786448
-1.127985
-0.792227
0.000000
-8.427239
-10.456938
-13.311743
-14.781451
-1.250442
-5.269462
-2.752906
-0.133497
-3.699072
-6.760122
-6.464687
-2.713518
2.204424
2.294423
-0.027903
-1.805511
2.179935
3.968421
-2.415951
0.000000
-7.496833
-9.204292
-12.234825
-18.039660
-2.844184
-4.399050
-2.407187
-0.321199
-3.783491
-7.490458
-6.497508
-3.181829
1.431808
2.442376
-0.143377
-2.705652
-5.967062
-1.306539
-0.321713
0.000000
-8.747876
-10.866655
-13.735338
-17.359224
-1.682226
-1.024841
-0.918475
-1.727989
-5.195092
-8.425879
-7.022645
-3.185190
1.887388
2.612080
1.215878
-0.163472
2.475612
5.482328
-3.041461
0.000000
-8.927364
-11.006176
-14.084608
-19.923553
-1.788489
-2.877141
-1.895691
-1.302437
-4.269069
-7.287770
-7.094073
-3.688673
1.280821
2.368786
0.609698
-0.969329
2.386658
6.630353
0.630920
0.000000
-8.188042
-10.019738
-13.007303
-19.456821
-0.911869
-2.016664
-1.405762
-1.916319
-4.523240
-7.814003
-6.694612
-3.000519
1.849771
2.683333
1.343110
0.020941
2.575468
5.343691
-5.256031
0.000000
-11.494899
-13.755203
-16.614555
-20.340866
0.128710
-2.496590
-1.873285
-1.360121
-4.471806
-7.531644
-7.466405
-3.579945
1.869848
2.988598
1.760510
0.211899
3.208422
7.737024
4.154349
0.000000
-10.826729
-12.831053
-15.595024
-20.579903
0.578770
-0.700403
-1.237638
-2.427073
-4.805188
-7.700098
-6.926842
-2.930395
2.140904
3.196917
2.305885
1.461329
3.278987
5.523405
-11.134353
0.000000
-15.615463
-18.061934
-20.329365
-15.208378
0.687140
-1.422824
-1.569921
-1.451766
-5.464665
-6.888155
-8.049860
-3.728348
2.096876
3.282816
2.528908
1.388851
4.732924
9.082572
0.298552
0.000000
-13.397175
-15.826162
-18.183025
-15.489216
0.698321
0.300309
-2.308907
-4.955214
-5.931427
-5.190742
-4.945837
-1.458467
3.340701
4.061666
2.830608
1.604614
2.621337
4.727928
-9.875816
0.000000
-17.361763
-19.075314
-20.334141
-1.290424
0.284453
1.082673
-0.196951
-2.448172
-7.369784
-9.021755
-7.814834
-2.642794
3.155138
4.684202
3.544720
1.728536
3.578750
7.644423
-1.517581
0.000000
-14.691957
-17.060226
-19.149803
-15.979989
0.334310
1.487089
-0.797171
-3.731707
-7.941238
-7.933330
-6.047388
-1.624598
3.793070
4.565848
3.743604
2.019874
2.907738
5.765808
-7.712053
0.000000
-16.830364
-18.663994
-19.983303
-1.312746
0.041122
1.156833
-0.570248
-3.581104
-6.929371
-9.226890
-7.922992
-1.669428
3.932404
4.978954
3.627318
1.196152
2.910883
7.924968
-1.591888
0.000000
-14.456512
-16.788876
-18.689892
-4.460686
0.200155
3.058164
-0.072369
-3.940977
-7.966249
-10.502311
-6.866170
-1.080555
4.330629
4.873613
3.569115
1.588758
2.157982
5.184144
-6.479661
0.000000
-14.936892
-16.892962
-18.721117
-9.732487
0.257249
4.899775
1.481110
-2.303652
-7.344677
-12.831086
-10.112650
-2.779169
3.803156
6.025986
4.809000
2.541451
2.724584
6.075660
-9.538965
0.000000
-16.051912
-18.085051
-19.733240
-4.682220
-0.023826
0.645696
-0.794885
-3.159960
-8.003384
-10.303419
-7.076280
-1.103817
4.265529
5.310279
3.533752
1.561062
2.436811
5.723112
0.000000
-12.836029
-14.496809
-16.812685
-18.797266
-1.294541
0.076264
-1.068518
-2.956069
-5.033960
-6.427604
-7.159061
-4.926927
-0.328251
4.572533
5.845649
3.257834
1.194375
1.839028
3.937635
0.000000
-15.744276
-18.094913
-19.807077
-20.558596
-1.340588
-0.461859
-1.595393
-3.213075
-4.757823
-5.802645
-7.831507
-5.572653
-0.292761
4.763518
5.716063
3.269608
0.896610
1.789254
5.227239
0.000000
-14.833179
-16.300158
-18.246727
-19.396173
-0.937240
-0.160062
-0.340381
-2.663319
-5.172435
-4.988028
-8.129730
-7.445091
-1.246565
4.101408
5.756733
3.816722
1.601880
2.042164
5.054210
0.000000
-15.341848
-17.402918
-18.820133
-19.583918
-0.744092
-0.258684
0.966681
-1.282145
-3.763496
-5.248739
-10.195191
-9.082663
-1.943491
4.170717
6.520600
4.672016
1.967791
2.328292
5.049494
0.000000
-16.425579
-18.331047
-19.293463
-19.788099
-0.975980
-0.420022
0.689217
-0.727756
-2.555625
-5.072841
-11.166461
-9.957252
-2.439270
3.886284
6.490778
4.776456
2.409127
2.570551
4.629530
0.000000
-16.292950
-18.243408
-19.394764
-20.180546
-1.168289
-0.359022
0.949232
-0.431885
-2.472522
-6.008009
-12.020999
-9.189660
-1.881271
4.401864
6.915717
4.779563
2.220258
2.338424
4.933466
0.000000
-16.604185
-18.511286
-19.575470
-20.244865
-1.125515
-0.527412
1.000549
-0.573817
-2.364441
-5.718629
-11.656500
-9.452877
-2.053097
4.186720
6.517145
4.672019
1.925118
1.943913
4.455222
0.000000
-15.620106
-17.635015
-18.987402
-19.691832
-0.930261
-0.363841
1.103904
-0.297088
-1.710002
-4.918774
-11.823089
-11.272283
-3.237207
3.838993
6.345662
4.988062
2.503417
2.635670
4.614449
0.000000
-16.208834
-18.239037
-19.440884
-20.316021
-1.016101
-0.383599
1.296090
-0.151870
-2.241981
-6.458076
-12.661101
-9.105231
-1.665609
4.601789
6.983176
4.587576
2.067271
2.023938
3.602473
0.000000
-16.898882
-18.835867
-19.780540
-20.382713
-1.142040
-0.549994
1.069935
0.313849
-0.956519
-5.530675
-12.693224
-11.131826
-3.123659
3.651295
6.072277
4.887995
2.608759
2.633201
4.600694
0.000000
-16.087370
-18.198807
-19.558685
-20.480515
-1.237713
-0.430348
1.057748
-0.121019
-1.477439
-5.567810
-12.501631
-10.765570
-2.664139
3.968575
6.495077
5.157507
2.310581
2.557080
5.096540
0.000000
-16.270283
-18.303186
-19.525053
-20.020214
-0.876693
-0.515278
1.037984
-0.467299
-1.378087
-4.427339
-11.574266
-11.776006
-3.629345
3.596916
6.292809
5.232719
2.389297
2.843414
4.426071
0.000000
-16.710173
-18.796213
-19.785042
-20.360796
-1.048250
-0.562485
1.367900
0.454526
-0.942546
-5.628404
-13.555951
-11.592685
-2.926186
4.221430
6.725439
4.900176
2.659855
2.620700
3.711279
0.000000
-17.193365
-19.229586
-20.380058
-21.256001
-1.287154
-0.600666
1.304071
0.181036
-1.983635
-7.629257
-12.240727
-9.454192
-1.700632
4.621320
6.439534
4.421047
1.924087
2.238360
3.822605
0.000000
-16.275549
-18.417959
-19.850803
-20.680025
-1.192408
-0.604967
0.327507
-0.594170
-1.242776
-5.443521
-12.241546
-10.075377
-2.288628
3.785392
5.907493
4.453378
2.046589
2.978369
4.128385
0.000000
-16.318151
-18.330948
-19.569599
-20.059420
-0.760944
-0.468565
0.335089
-0.958756
-1.173151
-3.835218
-10.917746
-11.958347
-4.074928
3.052149
5.865134
5.289426
2.450014
3.781883
5.305609
0.000000
-17.855106
-19.838825
-20.287708
-20.451563
-0.975647
-0.807035
0.416882
-0.634145
-1.478570
-4.642417
-11.791034
-11.282137
-3.107347
3.608630
6.473932
5.182889
2.426408
2.977559
3.136729
0.000000
-17.416271
-19.450094
-20.328445
-20.516335
-0.838713
-0.633208
1.774394
0.623751
-0.479906
-5.180886
-14.667157
-12.539742
-3.637384
3.947105
6.885118
5.119877
3.017867
2.499598
4.611219
0.000000
-17.437927
-19.554808
-20.692362
-21.321304
-1.069845
-0.562992
1.135740
-0.296806
-2.153894
-8.606975
-13.536249
-9.217543
-0.813004
5.333862
7.828258
4.381726
2.045851
1.479557
2.162909
0.000000
-18.074564
-19.961079
-20.900145
-21.530527
-1.385764
-0.966201
0.489487
-0.254127
-1.827199
-8.220193
-12.690707
-9.252779
-1.061630
4.863905
6.338795
3.935429
1.977555
2.158312
5.033858
0.000000
-16.660652
-18.743538
-20.155226
-20.926781
-1.024941
-0.730694
-0.636794
-1.871509
-2.014389
-5.220956
-11.414937
-8.990681
-1.902151
3.949118
6.174575
4.286697
1.571054
3.322025
5.765917
0.000000
-16.993961
-19.144613
-20.166945
-20.248413
-0.782173
-0.815170
-0.852240
-2.186484
-2.108588
-3.736586
-11.152966
-10.484422
-2.938946
3.546232
6.099963
4.659126
1.958630
3.182232
5.281487
0.000000
-17.692263
-19.772568
-20.621288
-20.629560
-0.910931
-0.837781
0.037615
-1.047737
-0.782911
-5.138771
-13.548096
-11.359714
-2.757013
4.149688
7.308417
5.122513
2.329542
2.547661
4.570613
0.000000
-18.146687
-20.193871
-21.208317
-21.598091
-1.143380
-0.823629
1.044528
-0.456787
-1.492105
-8.616534
-13.612579
-9.704004
-0.912376
5.156042
8.082116
4.750975
2.055099
1.663500
4.025311
0.000000
-18.831646
-20.658928
-21.404596
-21.793449
-1.411018
-1.114790
1.807390
0.424700
-1.510610
-9.849424
-13.681860
-10.127442
-1.074757
4.996842
6.831388
4.372090
2.260882
2.299595
1.894215
0.000000
-17.742012
-19.681559
-20.921749
-21.734020
-1.295055
-0.957530
-0.294392
-0.749966
-1.607610
-7.258456
-12.071815
-9.463213
-1.449625
4.251530
6.016045
4.018170
1.834328
3.882671
5.813964
0.000000
-16.949211
-19.174768
-20.631021
-21.493748
-1.108704
-0.873719
-1.945758
-3.451168
-2.827078
-4.321671
-9.912381
-8.080263
-1.313719
3.849108
5.307917
3.256800
0.846680
3.144913
5.252068
0.000000
-15.486029
-16.736320
-18.509247
-18.634216
-0.057592
-0.276550
-0.628303
-2.976452
-2.786777
-4.995657
-10.855989
-10.196541
-3.189613
3.282746
5.462603
4.156896
1.786701
2.721413
5.438137
0.000000
-17.994028
-19.652819
-21.199284
-22.229612
-0.544193
-0.468553
-0.955114
-3.057942
-2.383285
-6.493074
-10.392448
-8.477089
-1.428596
3.952878
6.842112
4.568369
1.532565
2.551472
4.593627
0.000000
-18.404799
-20.115765
-21.133991
-21.266205
-0.904463
-0.877753
1.218969
0.165188
-1.570219
-7.369785
-14.188189
-11.569838
-2.583735
4.285941
7.457358
5.440194
2.329392
2.598188
3.701081
0.000000
-19.243294
-21.072411
-22.026936
-22.482964
-1.370352
-1.213900
2.111926
0.232353
-2.056070
-11.527117
-13.491686
-9.796576
-0.445017
5.194085
6.902542
4.762741
2.144244
3.452574
-10.664717
0.000000
-17.962713
-19.881134
-21.149483
-21.942116
-1.350364
-1.179918
-0.410730
-0.708698
-1.395044
-8.288984
-11.679816
-9.553623
-1.135801
4.223813
5.694582
3.495138
1.432176
3.765801
4.884644
0.000000
-16.782036
-19.136604
-20.782946
-21.776783
-1.108464
-0.930600
-1.832521
-2.066724
-1.598923
-5.755319
-10.872207
-9.384393
-1.894655
3.419531
4.919634
3.226921
1.351322
3.962555
5.387782
0.000000
-15.925220
-17.094999
-19.395386
-20.678551
-0.041235
-0.256807
-1.716520
-3.379680
-2.656956
-5.754176
-10.414408
-8.388135
-1.948647
3.657546
6.263055
4.306287
1.312096
2.550430
4.815777
0.000000
-18.385010
-19.450344
-20.817009
-21.360544
-0.470383
-0.694912
0.234304
-1.090916
-2.347800
-8.279912
-12.852975
-10.367607
-2.254230
4.306824
6.629782
4.983860
2.122400
3.410089
4.539396
0.000000
-19.636662
-21.104050
-22.284601
-22.993095
-1.226443
-1.051207
0.079880
-1.402276
-2.786839
-10.766253
-10.145851
-8.135096
-0.283077
4.855110
6.590703
4.588071
1.549678
4.541325
-12.878294
0.000000
-19.006756
-20.758204
-21.474049
-21.522011
-1.355939
14.775722
2.225308
-0.094827
-0.399270
-7.666646
-12.629474
-10.474089
-1.917912
3.818386
6.317863
4.697572
1.376523
4.122753
5.873440
0.000000
-17.806545
-19.514494
-21.184940
-22.183489
-0.798994
13.948644
0.529704
-1.872098
-2.001388
-7.424254
-11.767119
-9.068090
-1.206739
3.673006
5.679430
4.004488
1.178652
4.475630
5.942767
0.000000
-17.655043
-19.890064
-21.377365
-22.069061
-0.909068
14.631445
0.775368
-1.650189
-1.633229
-7.435126
-12.028637
-9.189432
-1.255342
3.703980
6.465647
4.219397
0.847244
4.466153
6.435593
0.000000
-18.286312
-20.635681
-21.858566
-22.533333
-1.079631
15.532707
1.206972
-1.415318
-2.046256
-8.716801
-11.822370
-9.153874
-0.832390
3.927381
5.633641
4.038274
1.231718
4.547802
5.817528
0.000000
-16.902817
-19.153093
-20.902506
-21.907181
-0.705259
14.492758
0.370798
-1.656960
-1.560187
-7.246814
-12.725286
-9.302855
-1.456787
3.725668
6.567373
4.295524
0.643053
5.410320
-10.645682
0.000000
-20.045921
-22.027506
-22.426910
-22.823591
-1.300019
14.787231
1.911734
-1.693167
-2.807118
-10.095466
-9.777791
-7.862995
-0.212698
4.134967
6.534953
4.074631
1.167760
4.687066
5.769479
0.000000
-17.177019
-19.066679
-20.804775
-21.504570
-0.628721
14.782615
-0.201623
-1.469106
-1.266968
-7.383277
-12.304101
-9.362376
-1.723551
3.931117
6.272759
4.570232
0.506570
4.687776
6.287452
0.000000
-19.206385
-20.931080
-22.225866
-22.971621
-0.892759
15.829267
0.530004
-2.514831
-3.471294
-8.912184
-8.974656
-7.513276
-0.405458
4.499040
6.527244
4.194216
0.935241
5.105731
6.563802
0.000000
-19.194271
-21.088528
-21.935810
-22.038311
-1.234377
8.642650
2.408092
0.206994
-1.157046
-9.010211
-11.510144
-9.618856
-1.487419
3.796492
5.886385
3.776227
1.250569
5.055595
5.887552
0.000000
-16.757561
-18.465754
-20.567167
-21.900133
-0.236839
14.318882
-1.196758
-2.585255
-2.448811
-7.807462
-10.617607
-8.270004
-1.345240
3.545487
5.859172
3.873940
0.760069
4.905560
7.427341
0.000000
-18.002676
-19.966080
-21.724937
-22.636429
-0.469660
14.951524
-0.751294
-2.451425
-2.925919
-8.283243
-9.907734
-8.046382
-1.038122
4.132391
6.200243
4.548361
1.303796
4.633076
5.799232
0.000000
-17.784132
-19.464870
-20.895733
-21.073685
-0.457763
19.865635
1.855391
-1.201828
-3.424287
-9.333000
-12.879656
-9.816553
-2.140602
3.727242
6.648658
4.509694
0.434460
6.314573
7.398707
0.000000
-19.853752
-21.946539
-23.069616
-23.571608
-0.846105
12.735847
-0.969090
-4.590575
-5.198949
-6.841939
-5.751289
-6.090640
-0.307410
4.176927
6.778304
4.079580
0.765856
4.680285
6.970593
0.000000
-18.340845
-20.527203
-20.868027
-19.820044
-1.030694
6.125429
1.113658
0.120682
0.326479
-7.201932
-12.111665
-9.474359
-1.351416
4.205408
7.244846
4.583140
-0.586399
2.600763
7.330213
0.000000
-18.845167
-21.002131
-21.990797
-21.729248
-0.407643
15.410726
-0.856792
-2.127832
-2.665273
-8.244988
-10.056384
-7.860171
-0.783153
3.834085
5.844455
3.893944
0.511883
4.279258
7.733549
0.000000
-17.186522
-18.641323
-20.631813
-21.516968
0.061720
12.866419
-2.776506
-2.729133
-2.019566
-6.333387
-10.146444
-8.143741
-2.236937
2.882249
5.037595
3.354945
0.917312
4.807524
9.057856
0.000000
-18.371681
-19.900711
-21.958958
-23.700001
-0.002637
11.438146
-2.740786
-3.057255
-1.789204
-5.143912
-9.216759
-8.090121
-2.548272
2.656046
4.837755
4.315899
1.135085
4.252221
9.334217
0.000000
-17.177423
-19.021870
-19.841619
-20.095346
0.208162
5.719001
-2.616343
-3.194653
-2.627321
-5.551056
-9.174141
-7.587244
-1.950617
1.989542
2.974243
2.862622
1.342300
5.765349
11.721674
0.000000
-16.373302
-19.542683
-21.670412
-23.700001
0.381425
7.968755
-4.363187
-4.730641
-3.541504
-4.333055
-7.768286
-7.370796
-2.220675
2.015197
3.828151
3.431530
0.747785
4.244816
11.399902
0.000000
-16.836346
-18.500055
-20.705227
-21.759724
0.181225
-0.233506
-3.002616
-3.294729
-3.173980
-6.402744
-9.808928
-8.361555
-2.616639
2.189438
3.276542
3.249820
1.263162
5.033127
11.620246
0.000000
-17.011391
-18.190048
-21.030746
-23.499813
0.377772
-0.047065
-5.900109
-5.208186
-3.299879
-3.956099
-7.213741
-7.406701
-2.706700
2.204792
3.875843
3.548088
0.505280
3.514455
9.104773
0.000000
-16.210533
-17.800045
-18.638256
-18.879787
0.549918
0.151008
-3.157861
-4.466756
-3.926079
-5.628757
-9.634597
-8.323717
-2.507310
1.572059
2.243359
2.740249
0.974272
4.741405
12.731041
0.000000
-17.511284
-18.713778
-21.482126
-23.700001
0.458221
0.050553
-6.389817
-6.259003
-3.652173
-4.521340
-5.174363
-7.124013
-3.081182
1.595703
4.400014
4.153634
1.844828
3.535066
9.618815
0.000000
-16.706884
-19.903624
-21.357653
-21.235279
-0.274039
-0.679189
-3.907509
-3.854857
-3.221179
-4.906393
-8.353306
-7.809673
-2.876679
1.581475
2.512768
3.845110
2.019217
3.694864
13.218052
0.000000
-16.811550
-19.036858
-21.752104
-23.700001
0.180131
-0.287278
-7.655372
-8.050085
-4.430302
-2.172131
-3.775516
-5.745107
-2.564554
1.961883
4.535162
3.341962
1.667128
2.714684
9.653690
0.000000
-17.408621
-20.444508
-22.179430
-22.511173
-0.427434
-0.912141
-6.317222
-6.991992
-5.891835
-1.454266
-5.502069
-5.795856
-1.908119
2.887774
5.601909
3.702466
0.625513
2.728211
9.258053
0.000000
-18.113142
-20.919155
-22.481266
-22.457039
-0.514168
-1.021113
-4.823914
-5.473936
-4.977598
-1.215121
-5.560326
-6.893232
-3.265793
2.099318
5.271060
4.159289
1.390182
2.748118
9.764100
0.000000
-17.748600
-20.647165
-22.586580
-22.719095
-0.393743
-0.840787
-4.949565
-5.190992
-4.309564
-2.536856
-5.166928
-6.965292
-3.582048
2.069346
3.273611
4.583254
2.676560
2.984242
10.277804
0.000000
-17.597239
-20.698009
-22.964622
-23.512058
-0.301565
-0.755532
-5.360479
-5.671855
-4.375085
-1.945053
-4.808472
-7.142878
-4.160280
1.319525
3.694783
4.067405
2.189865
2.665172
10.661624
0.000000
-17.233198
-20.358789
-22.702209
-23.700001
-0.442981
-0.776631
-6.030608
-6.405497
-5.129511
0.040465
-3.012573
-6.082098
-3.929558
1.174981
4.937710
4.161568
1.878417
2.399171
6.984780
0.000000
-17.103277
-19.688854
-22.055752
-22.479431
-0.557695
-0.927375
-4.019490
-5.085841
-5.706003
-2.726292
-6.206667
-7.653506
-4.032473
2.299177
5.496619
4.624711
2.741183
3.853274
9.549941
0.000000
-17.164551
-20.159853
-22.243668
-23.492727
-0.802929
-0.943362
-7.636494
-7.335530
-5.924141
0.374526
-2.022978
-5.135649
-3.183166
1.906606
5.131414
5.034284
1.084003
1.833353
5.855947
0.000000
-15.337124
-16.132566
-18.858955
-19.386366
0.225378
-0.177635
-6.225506
-6.450070
-5.342618
-2.451806
-6.273199
-7.352054
-3.750010
2.097800
4.721998
4.627364
2.232358
2.800960
7.674664
0.000000
-16.652893
-18.547060
-21.316114
-23.032785
-0.143059
-0.342510
-6.091914
-6.503633
-5.832964
-1.774776
-3.759931
-7.556353
-4.854670
1.308590
3.694979
5.558821
2.817312
2.845498
8.006289
-6.798930
0.000000
-19.640223
-21.721901
-22.804813
-0.397854
-0.659496
-6.125952
-6.331121
-5.989766
-0.751388
-2.864135
-6.624203
-5.030890
0.926760
4.562645
5.061369
2.831360
2.986401
6.627180
6.681818
0.000000
-15.891390
-18.355820
-19.475128
0.396610
0.088910
-5.630890
-7.011343
-6.758855
-3.283330
-4.690872
-7.116555
-4.068968
1.794487
4.183432
5.508169
2.887503
2.909914
6.754888
6.341926
0.000000
-16.468620
-18.699812
-21.467422
0.015465
-0.078092
-7.812195
-8.281082
-7.113266
-0.906008
-1.554412
-5.745749
-3.923355
1.443180
4.678064
4.737944
2.394878
2.533581
5.810142
4.201869
0.000000
-15.065048
-17.443317
-19.691757
0.374781
0.013476
-9.509787
-8.996262
-6.977792
-0.734311
-1.983345
-5.910538
-3.093085
1.743908
5.654149
4.948102
2.447417
2.585472
4.862529
2.808907
0.000000
-14.885120
-17.279785
-19.589846
0.270817
0.087384
-8.994163
-8.176411
-5.562942
0.009414
-3.019728
-7.185672
-3.895040
0.571589
5.137840
4.612298
3.214229
3.243211
5.517650
4.087844
0.000000
-15.820044
-18.132454
-20.779381
-0.714731
0.144286
-9.066551
-8.867708
-7.241962
0.223529
-0.839769
-6.799564
-4.330467
0.981447
5.746734
5.109361
4.037892
3.783038
6.858323
-5.431333
0.000000
-19.569916
-21.770128
-22.785410
-1.729108
-1.142552
-8.011799
-7.180371
-6.740545
0.356048
-0.739314
-7.331768
-4.726702
1.414536
5.463056
5.891788
3.311905
3.004749
7.751928
-0.026672
0.000000
-17.642673
-20.477880
-22.499865
-23.700001
-0.857397
-8.456019
-8.174698
-7.075570
2.256435
0.682888
-4.554045
-5.309808
0.100099
4.128023
5.703717
3.151598
3.211403
5.456582
4.107234
0.000000
-14.751319
-16.963953
-18.890684
0.345433
0.027478
-7.728043
-8.484252
-7.180939
-0.634667
-1.926572
-6.106926
-4.534048
0.640873
4.461080
4.344030
3.461337
3.237100
5.661602
3.164281
0.000000
-15.253089
-17.219088
-20.393766
-5.688734
0.246012
-7.843442
-8.422485
-6.831926
0.885293
-1.647793
-6.758554
-5.594289
-0.858509
4.072881
5.323812
4.141341
3.679111
5.680239
3.893984
0.000000
-15.807660
-17.926422
-20.773041
-1.853547
0.054824
-6.368492
-7.835155
-7.180083
-0.974844
-1.823897
-6.847415
-5.559274
-0.613264
4.970467
5.031227
4.603555
3.991469
5.732635
3.038460
0.000000
-15.317077
-17.098774
-20.345732
-16.793360
0.057678
-8.578480
-9.190466
-7.995103
0.423778
0.273633
-5.680785
-4.931401
-0.225076
5.657887
5.030256
4.518474
3.815068
5.204949
1.520570
0.000000
-14.726303
-16.677578
-19.748178
-3.702414
0.004334
-8.474775
-8.572598
-6.785043
0.535539
-0.890058
-6.264334
-4.909700
-1.346005
5.880318
4.514590
3.989704
3.570640
4.753841
2.152785
0.000000
-15.049631
-16.604652
-19.864788
-0.842793
0.228322
-8.998182
-8.814290
-7.598379
0.045077
-1.072356
-6.939517
-5.046078
-0.755976
7.107546
5.759325
6.003716
5.117324
5.652037
-6.403890
0.000000
-18.414343
-20.868755
-22.452774
-23.208300
-0.936134
0.592517
-7.731511
-8.470554
-3.036000
0.454965
-4.389102
-3.570283
0.968248
7.270554
7.133102
4.857319
5.341171
4.872661
0.591245
0.000000
-16.439741
-18.618853
-20.777699
-22.222359
-0.686030
-2.195258
-8.908985
-8.738463
-2.680546
-0.906848
-4.690101
-3.049060
0.346588
7.564392
4.946184
4.940371
5.000357
4.949653
0.327489
0.000000
-15.841982
-17.463638
-21.063385
-23.700001
-0.248755
-9.739503
-11.180658
-9.899880
-3.054206
1.451923
-4.612377
-1.772774
2.988288
7.271057
5.768895
5.296370
8.752047
-4.739312
-9.530954
0.000000
-22.050884
-23.700001
-23.700001
-22.076120
-2.056701
5.534328
0.857838
-2.673835
-1.205221
-3.663419
-11.984512
-7.717850
-1.549547
6.081368
7.517735
5.894005
4.971047
7.884492
4.572025
0.000000
-16.502329
-19.098244
-22.662975
-23.700001
-3.247296
-2.009629
-6.674047
-8.868884
0.488283
3.486094
-5.681458
-9.072165
-1.580395
7.184975
6.252240
7.014698
9.415625
-0.172982
-5.902608
0.000000
-21.938316
-22.816338
-22.307961
-19.706791
-2.366970
6.111230
1.859199
-3.752212
-2.144270
-0.756094
-7.601509
-8.662264
-2.260870
5.078858
6.685434
6.690432
5.741153
8.314950
4.154281
0.000000
-16.091394
-18.322990
-21.616417
-23.700001
-11.040402
-0.512627
-6.549396
-8.618787
-0.790957
2.645169
-2.526718
-8.121733
-3.388666
4.553289
5.848158
6.534142
6.461562
-8.673456
-8.196306
0.000000
-22.122406
-22.763554
-22.092533
-16.636599
-1.956597
-2.598977
-1.052145
-2.173483
-5.576743
-3.162060
-7.674920
-9.634850
-1.642502
6.365242
7.750923
7.171238
5.743738
2.613231
-5.450127
0.000000
-21.992329
-23.598137
-23.590418
-22.020348
-1.787030
-2.358548
-5.031375
-6.598945
-5.050951
0.427191
-2.461690
-7.306762
-2.426670
4.497439
5.703205
7.185236
5.867891
8.946162
3.836606
0.000000
-17.379629
-20.484985
-22.285770
-23.700001
-1.887134
-1.723617
-9.299040
-8.646467
-7.669024
-0.351727
-3.167625
-4.235033
1.228886
6.388757
5.933078
6.272447
6.840417
-2.606691
-7.378494
0.000000
-21.597898
-23.700001
-23.700001
-23.700001
-2.063488
-2.698510
-4.854442
-5.393807
-3.970792
0.091402
-7.289369
-6.757153
-2.095737
5.522694
6.649202
6.148386
4.988059
6.863570
2.106081
0.000000
-14.971331
-16.717766
-20.477802
-23.700001
-23.700001
-0.493766
-9.944265
-9.289710
-0.847818
2.218626
-5.392386
-8.077271
-3.701616
5.527387
6.759157
8.056902
6.840370
-2.524226
-5.368601
0.000000
-23.014402
-23.700001
-23.700001
-20.924978
-2.344447
-2.797531
-3.135832
-5.431155
-9.256070
-0.507880
-3.705505
-10.623480
-0.553326
8.228261
7.570014
7.927133
9.216976
-2.069571
-5.640397
0.000000
-21.683594
-23.412720
-22.966314
-21.473282
-2.560441
-2.930952
-1.196818
-2.941577
-6.675288
-1.696095
-5.622772
-8.906035
-2.631628
5.586432
7.459085
7.250782
6.207294
8.893782
4.322209
0.000000
-17.120113
-20.296658
-22.738544
-23.700001
-23.700001
-1.463873
-5.996960
-7.557438
-6.078383
1.798122
0.011563
-9.942239
-4.760017
4.621840
6.319798
7.717912
6.710773
11.013535
-6.077238
0.000000
-20.660467
-22.135550
-22.627914
-21.997223
-2.120072
-2.275188
-2.246370
-3.355334
-9.736126
-2.539464
-0.612590
-11.141600
-2.627018
6.069554
6.983071
8.206725
7.431344
-13.775627
-7.676576
0.000000
-20.750549
-21.980331
-22.349865
-22.199310
-2.238155
-2.670617
-3.839992
-4.551198
-6.057401
-0.671228
-1.497040
-7.916171
-2.700092
4.814054
6.502667
8.002241
6.749996
8.767739
2.545432
0.000000
-16.755480
-19.649601
-22.306189
-23.700001
-23.700001
-1.552438
-8.840150
-8.552485
-6.635373
1.468371
-0.188967
-7.491839
-2.732548
4.382183
6.276655
7.011859
6.400450
8.353954
4.951041
0.000000
-18.328033
-21.009705
-22.871994
-23.700001
-3.268154
-1.827368
-6.198099
-6.899409
-8.266601
-0.312311
1.160794
-9.655560
-3.005085
4.688450
6.469937
7.848001
6.809950
9.909613
-6.135839
0.000000
-18.704445
-21.317762
-22.368757
-23.382801
-2.394357
-2.092590
-6.864584
-7.177843
-7.772444
0.449098
2.354275
-9.206333
-2.798645
4.951458
6.521312
8.054623
7.186971
9.169360
4.303768
0.000000
-18.206764
-20.631832
-22.358875
-23.700001
-6.886115
-1.943964
-6.323382
-6.930081
-6.659886
-0.095911
-0.012453
-8.169955
-2.993040
4.672882
6.942624
7.703313
6.611714
7.426934
4.726218
0.000000
-14.453358
-20.385361
-22.683285
-23.700001
-17.747355
-1.584279
-6.390084
-6.238510
-7.572771
-0.524194
2.906222
-10.760881
-4.916904
3.397368
6.369649
8.377737
7.689507
7.650013
5.781830
-7.366539
0.000000
-20.582527
-22.642792
-23.700001
-6.655545
-1.680693
-6.015369
-6.189499
-9.061185
-2.326665
4.962551
-12.174310
-4.048210
4.282499
6.965492
8.888623
8.168863
9.046729
-5.395984
-5.260376
0.000000
-20.818031
-22.229664
-23.536852
-2.300481
-1.914150
-5.119857
-4.849854
-8.353209
-2.501255
1.363963
-11.827230
-2.968885
5.211564
8.019186
8.537178
7.558384
8.519210
5.632452
-5.194771
0.000000
-20.560802
-22.333242
-23.700001
-2.206462
-1.813855
-6.058697
-5.369708
-8.519534
-2.452006
4.097018
-12.256783
-3.800447
4.313978
7.212717
9.127081
8.202288
8.016831
5.043250
-6.144410
0.000000
-20.204521
-22.407946
-23.700001
-8.132154
-1.701814
-6.045341
-5.544649
-8.008574
-2.330019
2.256198
-11.524988
-3.487471
4.373220
7.823670
8.671790
7.860426
7.236589
4.999816
-5.748830
0.000000
-19.932583
-22.191975
-23.700001
-2.280497
-1.612445
-6.393039
-5.506306
-7.829857
-2.980080
2.751550
-11.552492
-3.697727
4.212897
7.357378
9.210043
8.284161
7.331496
4.653598
-5.603820
0.000000
-20.074326
-22.812429
-23.700001
-8.034029
-1.602265
-6.403461
-5.375897
-7.766441
-3.194986
2.023564
-11.321932
-3.466434
4.115320
8.086082
8.769924
7.861724
6.952217
4.551165
-7.426605
0.000000
-19.729572
-22.528650
-23.700001
-9.858126
-1.549451
-5.751610
-5.153537
-7.274646
-3.104300
2.506332
-10.794033
-4.727482
2.787185
8.127312
8.551874
8.083276
6.609134
4.675156
4.931127
0.000000
-19.673798
-22.915691
-23.700001
-6.258060
-1.536345
-6.703134
-6.617414
-7.764314
-2.662147
2.771934
-12.595603
-4.125585
3.522222
7.215359
9.282063
8.987652
8.129412
6.053964
-4.078370
0.000000
-20.600290
-22.285206
-23.356434
-2.076291
-1.682047
-5.249868
-2.636630
-6.611849
-3.675823
0.552031
-11.207453
-3.903930
3.229144
8.110950
9.232120
8.780565
7.634377
5.102976
-5.585694
0.000000
-20.699251
-22.796101
-23.700001
-18.527683
-1.680866
-4.189393
-5.317256
-9.002756
-4.709570
1.202260
-11.664185
-3.052280
4.930482
8.186827
9.589940
8.765211
9.665469
-4.175869
-5.011862
0.000000
-20.997576
-22.465532
-23.568886
-12.436138
-2.012162
-3.508192
-0.877240
-5.954977
-3.630176
-0.722483
-11.466497
-3.315371
4.079184
9.970068
8.610275
8.206889
8.113964
5.735092
-5.350065
0.000000
-20.907768
-22.516758
-23.570517
-5.753827
-1.751853
-5.447767
-2.417577
-6.953291
-4.672063
0.755862
-11.440646
-3.432444
3.419693
7.779100
9.524368
8.775406
8.444352
5.755282
-7.609591
0.000000
-21.538925
-23.096163
-23.700001
-23.647667
-1.784312
-4.614325
-4.799519
-8.537150
-6.024104
-0.404739
-9.883699
-2.157871
5.420177
8.846464
9.383241
8.314148
8.601925
5.447891
-6.708908
0.000000
-21.267693
-22.823650
-23.700001
-18.026108
-2.072874
-2.273271
0.183234
-6.171737
-5.864306
-6.717059
-10.118742
-2.425516
4.721856
10.086802
9.790586
10.095526
10.289553
-3.740499
-16.324554
0.000000
-21.331942
-22.739101
-22.757812
-20.960587
-2.200404
12.111871
4.834898
-3.369038
-7.130995
-8.377816
-10.627427
-4.343483
4.223439
11.458389
9.870704
9.638841
8.749598
0.350962
-4.928041
0.000000
-22.273661
-23.331161
-23.000317
-22.260817
-2.296359
4.174522
-0.964547
-5.697054
-4.208344
-1.358647
-11.946134
-4.097778
3.562582
9.689802
9.822628
9.765893
10.410789
-2.977574
-8.716269
0.000000
-21.819517
-22.881794
-22.781837
-20.454575
-2.260190
12.876984
5.563975
-2.166076
-6.429211
-9.411062
-10.787987
-4.766285
3.044821
12.253534
9.214483
9.190323
8.019863
6.603552
-5.557266
0.000000
-21.985905
-23.612268
-23.616631
-23.140705
-2.192394
0.839528
-3.914145
-7.067904
-4.281231
0.214176
-11.314692
-4.792024
3.796435
9.494292
10.279123
10.188498
12.466646
-3.264242
-10.225169
0.000000
-22.344986
-22.941437
-22.473740
-19.896151
-2.432185
12.970794
7.081136
-1.308204
-6.962639
-11.209953
-10.714995
-4.882360
2.852648
12.645314
9.146179
9.384277
8.399769
6.991514
-5.834283
0.000000
-22.392162
-23.700001
-23.353889
-21.753500
-2.114442
3.440180
-0.723598
-6.870397
-6.264023
-1.829869
-10.874080
-4.678046
2.959566
11.981975
10.263012
10.128503
10.811211
-3.801121
-9.684210
0.000000
-22.135443
-23.155691
-22.916702
-20.659702
-2.416534
11.730493
5.844552
-2.694030
-8.951128
-10.600009
-9.822110
-3.644428
3.282683
13.041155
9.810036
10.416023
11.153315
-3.815516
-15.020731
0.000000
-21.584208
-22.217216
-21.979939
-20.840796
-2.395614
-3.152719
-0.552052
-2.234915
-5.457644
-5.608425
-9.995625
-5.196537
1.686276
12.042643
9.883262
10.777098
9.404770
-1.623400
-9.302423
0.000000
-22.119135
-23.468567
-22.801235
-21.441811
-2.248636
-3.036957
-4.143235
-4.550946
-5.066544
-3.168462
-8.498823
-5.047018
2.306243
11.875395
9.494528
10.415907
9.173769
4.691404
-10.161200
0.000000
-22.474482
-23.643887
-22.589769
-21.457249
-2.323425
-3.005441
-0.410222
-2.560485
-6.383100
-9.487739
-8.509726
-4.662401
2.667299
11.853957
9.525429
10.411625
10.282258
-4.178096
-12.647461
0.000000
-22.885145
-23.700001
-22.641241
-20.570759
-2.473752
-3.018896
-0.822586
-3.581266
-7.082096
-8.196790
-8.435493
-5.223552
3.154234
12.452552
9.704905
10.316320
10.802649
-3.589417
-6.550493
0.000000
-22.992121
-23.010300
-22.224216
-20.771671
-2.450455
-3.079921
-4.266492
-5.709625
-4.645219
-2.588948
-8.710409
-7.330494
3.070510
12.447380
10.112458
10.680304
10.078585
-2.466932
-10.140659
0.000000
-20.943649
-22.127686
-21.907837
-21.113510
-2.401480
-2.839450
-2.338921
-2.655741
-7.002069
-8.212536
-8.387151
-5.433239
2.826839
12.444069
9.726704
10.213750
10.682997
-4.878856
-6.888160
0.000000
-23.700001
-23.700001
-23.099005
-20.663853
-2.577384
-3.140166
-4.998865
-4.862925
-4.028457
-1.378906
-8.956727
-7.925877
2.245941
11.981691
10.213191
11.414090
10.215731
-2.032571
-10.062138
0.000000
-21.171501
-22.213848
-21.672367
-19.634872
-2.509743
-2.878033
-2.876779
-1.379885
-5.834617
-7.834529
-8.853981
-7.341666
2.604626
12.283983
9.844542
10.482121
11.557446
-5.309643
-6.404392
0.000000
-23.700001
-23.700001
-22.877357
-19.440952
-2.557812
-3.105130
-6.259831
-4.896603
-3.909547
-0.389813
-9.983459
-9.530519
-0.132298
13.999396
11.344727
12.141916
10.724410
-2.747108
-9.707077
0.000000
-20.911062
-22.168056
-21.448959
-19.425066
-2.565109
-3.006563
-6.992750
-2.893912
-4.914825
-4.086868
-9.189837
-9.193359
1.002529
13.818670
10.895851
11.274680
11.867833
-4.745693
-8.625715
0.000000
-23.360237
-23.700001
-22.520870
-19.355137
-2.550985
-3.175214
-7.991166
-4.682048
-2.970033
1.215880
-9.074682
-9.772237
-0.502792
12.367027
10.865691
11.639211
10.431957
-3.841404
-13.363327
0.000000
-21.225399
-22.575954
-21.954536
-19.315102
-2.482046
-2.728292
-8.623946
-3.669053
-4.331285
-3.227244
-7.960142
-8.703826
1.125135
12.021312
10.030185
10.665533
11.555676
-5.553608
-6.608333
0.000000
-23.700001
-23.700001
-22.941505
-19.658911
-2.585051
-3.065609
-8.383136
-4.825749
-2.964570
1.164738
-9.909079
-10.596126
-1.833410
12.664921
11.237774
11.916653
11.401119
-1.828142
-13.154821
0.000000
-20.888115
-22.327469
-21.633532
-19.155226
-2.547461
-3.030616
-7.422122
-3.987471
-4.808908
-1.569311
-9.444760
-8.941318
-0.615826
13.181331
11.498016
12.401014
11.978680
-3.966270
-14.864026
0.793477
0.000000
-22.619488
-21.671787
-17.757929
-2.539470
-3.247483
-8.985514
-4.179753
-3.530782
1.241141
-4.660912
-11.302442
-3.379318
10.965448
11.001147
12.117105
10.634877
7.481073
-7.631535
-13.195380
0.000000
-21.990759
-22.340134
-20.416403
-2.423467
-2.905012
-8.391695
-4.234457
-4.171197
-1.338481
-6.538881
-8.617421
-0.379057
9.685404
9.847197
11.348547
10.503533
2.934909
-11.485169
-14.410135
0.000000
-22.805496
-22.796249
-19.992338
-2.401713
-2.563040
-7.555101
-4.045648
-4.909567
-1.591656
-7.259524
-9.757384
-0.926054
10.117170
10.356415
11.870474
11.066967
-0.607350
-6.432780
-13.269864
0.000000
-22.881622
-22.623665
-20.050663
-2.310832
-2.795269
-10.237740
-5.537338
-4.507782
1.624895
-8.810008
-10.856859
-2.909365
11.912100
12.913045
13.161077
11.622770
-2.002949
-11.708430
1.169193
0.000000
-21.184546
-21.634401
-20.068232
-2.350843
-2.961710
-8.284184
-3.636790
-5.313625
-2.042401
-8.241323
-10.061902
-1.490562
11.408403
11.236111
11.982285
11.620978
0.127409
-8.709513
-9.390063
0.000000
-22.444946
-22.497028
-20.118574
-2.408752
-2.819663
-8.954880
-3.863320
-4.098225
0.345350
-6.992409
-11.530303
-3.920219
10.217632
11.289010
12.204143
11.449675
7.802017
-14.501358
-3.127039
0.000000
-21.989994
-22.374720
-20.068686
-2.415637
-2.865663
-10.093337
-4.784137
-4.871579
0.291165
-6.741504
-11.246902
-4.042418
9.858746
11.503149
12.170667
11.453424
8.335438
-8.418325
-9.723065
0.000000
-22.085995
-22.525486
-20.662872
-2.409850
-2.693674
-8.905625
-3.649664
-5.434940
-0.735189
-7.174259
-10.100680
-3.902506
9.295203
10.898298
12.160452
11.309987
8.646343
-7.302655
-10.527499
0.000000
-21.993595
-22.546255
-20.841387
-2.326237
-2.586877
-9.047842
-3.891279
-5.524976
-0.881726
-6.501757
-10.207458
-4.295420
8.873743
10.806735
12.202578
11.506071
8.820340
-7.212893
-11.144513
0.000000
-21.993221
-22.645174
-20.822872
-2.323468
-2.624851
-9.872426
-4.110311
-5.237944
-0.290144
-4.666154
-11.736690
-5.364906
8.237371
11.087622
12.200182
11.644531
9.022911
-5.675259
-12.791778
0.000000
-21.680443
-22.650448
-21.108641
-7.121098
-2.652598
-5.358074
-4.378884
-5.713152
-0.229759
-7.098652
-11.550968
-4.519001
8.354403
12.574362
12.889723
12.233697
6.977671
-9.788217
-3.530294
0.000000
-21.441280
-21.957611
-20.727655
-2.264940
-2.671524
-6.656577
-1.370204
-5.470081
-2.774578
-6.799368
-9.919212
-4.208529
7.881629
10.417253
11.553955
11.059449
9.140551
-4.606166
-16.613436
0.000000
-22.223255
-23.056667
-21.618868
-18.548164
-2.514262
-7.326239
-2.195586
-5.826234
-1.949555
-6.941980
-11.126617
-4.725937
7.610123
11.051169
12.158006
12.032879
8.825464
-5.551151
-10.939240
0.000000
-21.589714
-22.267832
-21.166290
-2.279406
-2.596333
-5.237539
-3.595389
-6.252435
-1.981811
-6.253455
-11.272630
-5.197159
7.720303
11.626349
12.629919
11.999552
8.885029
-5.889884
-6.550657
0.000000
-21.314594
-22.181837
-21.151548
-2.304763
-2.624610
7.054810
-2.929911
-5.844604
-1.616405
-5.613475
-11.642118
-5.748426
6.592093
11.476592
12.591340
11.667065
9.150427
-4.141417
-9.154905
0.000000
-21.555679
-22.457457
-21.410814
-18.048635
-2.581402
1.059889
-0.838643
-5.668967
-3.131159
-5.463603
-9.413731
-4.673539
5.982461
9.964113
11.416143
11.331032
9.585493
-4.021250
-11.576168
0.000000
-22.311069
-22.885357
-21.349478
-17.331961
-2.624707
0.106409
-1.805703
-5.551166
-2.872518
-4.973201
-10.370311
-5.670277
6.240116
11.016356
11.557728
11.915090
9.888050
-4.847539
-19.074903
0.000000
-22.203577
-22.738670
-21.099003
-17.002628
-2.629611
7.746467
-2.810999
-6.728932
-2.145730
-4.161375
-11.475670
-6.459051
4.007389
13.524958
13.808643
13.948671
-1.903822
-10.385729
-6.304482
0.000000
-20.804499
-21.920145
-20.212044
-16.137316
-2.834420
8.192142
-2.331643
-5.978543
-1.774663
-3.699994
-11.282855
-6.117613
4.475859
13.087143
13.094032
12.819006
8.673079
-7.975836
-2.997915
0.000000
-20.730148
-22.126091
-20.595470
-16.365969
-2.814240
7.286995
-2.430960
-5.235209
-2.297705
-3.954068
-10.448677
-6.367188
4.955650
12.907822
11.967728
11.808081
9.366301
-4.649263
-17.805819
0.000000
-21.554655
-22.281292
-21.541246
-18.162472
-2.512513
7.059601
-3.158214
-5.889793
-2.162035
-3.742523
-11.787995
-6.904114
4.269136
13.546853
12.143928
12.823651
9.014098
-6.623617
-4.681618
0.000000
-21.489174
-22.339361
-20.418081
-15.793095
-2.811519
-3.612465
-6.349882
-4.317094
-1.418043
-3.259908
-11.743653
-8.017961
2.944561
14.927885
12.257500
12.293594
9.733753
-4.751573
-7.966422
0.000000
-21.396818
-22.711910
-20.771008
-16.124044
-2.760571
-3.564914
-8.573199
-5.276553
-2.150990
-2.757018
-11.461914
-8.030875
2.466328
15.634520
12.117301
12.216817
9.979948
-4.603961
-10.716650
0.000000
-21.536070
-22.747757
-20.827637
-16.149359
-2.717667
-3.523768
-8.654593
-4.797349
-2.079115
-2.723551
-11.537674
-8.333261
2.136478
15.847136
11.748068
12.106557
10.197063
-4.193464
-11.480082
0.000000
-22.467705
-22.423203
-21.200058
-17.504204
-2.576324
-3.439656
-8.559668
-5.524436
-2.181695
-2.070410
-11.685209
-7.599251
1.623861
16.150249
12.844145
14.539738
-6.910274
-12.854201
-3.594255
0.000000
-21.566195
-21.052124
-18.179564
-12.248894
-3.137018
-3.871425
-7.195318
-4.311648
-1.168503
-1.051075
-11.815329
-7.317223
1.619165
16.566883
12.760707
13.847528
8.073359
-7.605399
-6.287911
0.000000
-21.316708
-21.675236
-19.783497
-15.318590
-2.985276
-3.775419
-7.583802
-3.837035
-1.691784
-1.830288
-11.447739
-9.080004
0.683027
16.585138
11.768356
12.019147
10.111574
-3.906454
-10.160818
0.000000
-22.740984
-21.331329
-21.897745
-18.131897
-2.418905
-3.240507
-9.724298
-5.113210
-2.004238
-1.161609
-11.431920
-7.824970
0.961052
16.480558
12.680481
14.515670
-2.727825
-13.002140
-3.105222
0.000000
-21.373314
-21.147976
-17.255667
-10.108679
-3.200570
-3.883661
-7.763636
-3.917939
-1.488679
3.075295
-11.140840
-9.992744
-0.326805
16.204008
12.759542
13.947532
8.918523
-11.205606
-1.874665
0.000000
-21.694212
-21.797594
-17.745659
-11.042281
-3.188470
-3.863774
-8.420644
-3.798002
-1.919010
4.610628
-10.445367
-12.177909
-1.706514
15.890450
12.302526
12.687237
10.097399
-3.573853
-11.811886
0.000000
-22.057917
-21.015009
-21.887184
-17.541378
-2.462790
-2.997635
-10.190269
-4.913346
-2.575254
0.871336
-11.016907
-10.181465
-0.681437
15.806291
12.592487
13.713521
9.602541
-5.793102
-16.557415
0.000000
-21.310179
-20.619087
-20.629856
-12.929726
-2.671714
-3.513496
-9.595106
-4.117992
-1.548431
-0.013027
-6.778499
-12.142085
-2.210024
11.597443
14.767963
15.541853
-1.569351
-9.903015
-4.414032
0.000000
-20.891949
-19.064671
-12.481126
-0.411801
-3.468799
-3.811634
-8.324805
-2.528631
-0.602684
9.157615
-6.528848
-15.277366
-6.553074
9.529548
14.297779
14.533143
10.550806
-15.991742
-0.158031
0.000000
-21.441679
-18.843616
-14.778512
-13.611747
-3.379501
-3.963919
-7.918497
-2.167755
-0.033355
5.288757
-6.707016
-15.653489
-4.460461
12.537605
12.726362
13.525545
10.656073
-5.675982
-12.004823
0.000000
-19.335308
-12.618940
-15.868569
-16.390244
-3.013540
-3.951382
-9.562566
-3.207432
-0.956044
3.733560
-5.130244
-10.653655
-1.963333
11.225780
10.612108
11.838043
10.273561
-2.851257
-11.763441
0.000000
-22.648352
-20.549799
-19.467247
-17.073690
-2.306855
-2.802360
-10.609377
-4.763738
-2.857916
1.261032
-7.562243
-9.040073
-1.889675
11.258605
10.731030
11.964800
11.017989
-3.044927
-9.894007
1.581660
0.000000
-22.600052
-23.140371
-18.087812
-2.448995
-2.484402
-10.915863
-5.161670
-3.567336
1.746799
-9.694200
-10.678196
-2.366957
13.209908
13.944016
15.601665
9.678308
-4.646342
-11.079737
-1.089108
0.000000
-21.309132
-20.798388
-15.413176
-2.665657
-3.418857
-9.817844
-3.920391
-2.693980
2.704083
-3.159651
-15.108464
-4.355783
10.667901
14.046167
14.193804
11.835817
-3.585725
-11.397181
-0.912012
0.000000
-19.407406
-19.708948
-12.183693
-2.656408
-3.520178
-9.729403
-3.776890
-2.451194
4.744174
0.660863
-17.181318
-5.809761
9.210478
13.191750
13.491461
11.563690
-2.932825
-12.287781
-0.418433
0.000000
-18.070618
-21.217062
-16.776608
-2.637316
-3.235008
-10.596347
-4.364533
-2.731948
2.181143
-1.587353
-15.175704
-4.716471
9.498319
13.984278
14.388346
12.298820
-0.850922
-4.390888
-2.872054
0.000000
-20.213291
-20.435610
-11.869450
-2.741389
-3.562772
-9.163702
-3.395109
-2.045000
4.997824
2.662396
-17.055964
-7.878452
6.605682
13.460402
14.652435
12.055990
-6.133949
-3.329367
-3.317428
0.000000
-20.510647
-15.488159
-4.738761
-3.346697
-3.755116
-8.711105
-2.943492
-1.274385
8.504509
2.165306
-19.334234
-8.427455
3.975313
15.251974
14.929344
12.397928
-4.030008
-3.189404
-3.050897
0.000000
-14.636827
-15.511902
-10.977188
-3.348927
-3.724420
-8.588105
-2.516080
-1.312843
9.692964
4.673156
-19.091642
-9.591765
1.880590
13.367723
14.362060
12.038218
-8.248227
-1.945459
-1.986691
0.000000
-16.267799
-14.042901
-10.839011
-3.445498
-3.767361
-8.592213
-1.571083
-0.030435
3.828002
6.669065
-16.123636
-11.946591
-1.023809
14.550314
15.792101
12.217146
-1.982739
-3.418048
-2.996594
0.000000
-21.963596
-15.585610
-12.288464
-3.418947
-3.575581
-5.910817
-2.604482
1.163175
3.303982
-0.693269
-12.521030
-12.738561
-6.345773
14.456424
19.480827
-9.397807
-20.969530
-6.745034
-5.808248
0.000000
-22.748865
-0.064924
-0.160900
-2.167906
-2.060609
-2.042043
4.284432
3.775474
4.781340
3.790879
0.745492
-6.746165
-5.588223
1.233723
5.210991
-1.068451
0.035867
-0.428133
-0.040676
-0.039469
-0.218341
0.575438
2.973270
-1.677279
-2.801386
0.092488
1.228792
1.391094
1.464102
-3.175269
-8.116463
-8.438569
-8.319933
-5.270483
-0.015832
1.040765
0.710778
-0.997174
-1.433464
-1.427926
-1.218160
-1.023525
-0.793292
-0.334632
-0.363294
-0.254627
0.466465
1.835746
2.670464
2.812793
2.490504
-1.404122
-9.427229
-5.922778
-4.740678
-1.012622
0.494471
1.283589
1.011402
0.539796
-1.202862
-5.617707
-0.645258
-4.941462
-1.323025
1.527678
3.253229
3.802183
3.345928
2.558888
1.818166
3.005521
1.237756
0.350281
0.575883
-0.633677
-0.051371
