0.000031
0.000057
0.000078
0.000101
0.000120
0.000139
0.000162
0.000186
0.000214
0.001455
0.005172
0.007840
0.007851
0.007220
0.006472
0.005472
0.004194
0.002666
0.001028
-0.001004
-0.002616
-0.003855
-0.004642
-0.004395
-0.006183
-0.010370
-0.013918
-0.017274
-0.020120
-0.021147
-0.019571
-0.016811
-0.013975
-0.011757
-0.011182
-0.011321
-0.012325
-0.012920
-0.011410
-0.009351
-0.007302
-0.005518
-0.005020
-0.004361
-0.004491
-0.006297
-0.008132
-0.009395
-0.009728
-0.008226
-0.005791
-0.004198
-0.001121
0.001624
0.002357
0.003726
0.005686
0.009633
0.012568
0.013862
0.013403
0.012145
0.011720
0.010890
0.006984
0.003343
0.001438
-0.001464
-0.004832
-0.007520
-0.009183
-0.009890
-0.008836
-0.007646
-0.007167
-0.005680
-0.004425
-0.004851
-0.006291
-0.008126
-0.010038
-0.012272
-0.015168
-0.017800
-0.022793
-0.027547
-0.030946
-0.034929
-0.038798
-0.042290
-0.045052
-0.046933
-0.047421
-0.047615
-0.047768
-0.047613
-0.047078
-0.045452
-0.043881
-0.041572
-0.040195
-0.039194
-0.038093
-0.037235
-0.038669
-0.040825
-0.041604
-0.042742
-0.044101
-0.044456
-0.043580
-0.041577
-0.038525
-0.035412
-0.033137
-0.030269
-0.028018
-0.026154
-0.024782
-0.023115
-0.021269
-0.019317
-0.017631
-0.016834
-0.019277
-0.021555
-0.022530
-0.024233
-0.026475
-0.027580
-0.027231
-0.025849
-0.023628
-0.021596
-0.020094
-0.018228
-0.016952
-0.015685
-0.014729
-0.013279
-0.011923
-0.010600
-0.009234
-0.008399
-0.010574
-0.012613
-0.013229
-0.014455
-0.016008
-0.016530
-0.015488
-0.013311
-0.010250
-0.007336
-0.004715
-0.001528
0.000900
0.002769
0.004036
0.005494
0.006878
0.008257
0.009864
0.010914
0.008787
0.006545
0.005633
0.004133
0.002233
0.001420
0.002083
0.003740
0.006216
0.008622
0.010565
0.013090
0.015050
0.016497
0.017236
0.018202
0.018800
0.019202
0.019636
0.019578
0.016562
0.013747
0.012067
0.009746
0.007175
0.005651
0.005638
0.006714
0.008731
0.010567
0.011966
0.014194
0.015736
0.016865
0.017331
0.018000
0.017960
0.017545
0.017021
0.016430
0.013454
0.010029
0.007831
0.005260
0.002566
0.000997
0.000730
0.001544
0.003374
0.005094
0.006259
0.008621
0.010227
0.011361
0.011860
0.012646
0.012844
0.012531
0.011921
0.011192
0.007980
0.004637
0.002559
0.000037
-0.002642
-0.004285
-0.004608
-0.003852
-0.002130
-0.000707
0.000191
0.001950
0.003009
0.003602
0.003631
0.004229
0.004433
0.004253
0.003952
0.003528
0.000610
-0.002266
-0.003772
-0.005752
-0.007922
-0.009052
-0.008763
-0.007361
-0.005135
-0.003203
-0.001497
0.000922
0.002681
0.003912
0.004624
0.005849
0.006639
0.006996
0.007381
0.007712
0.005597
0.002876
0.001232
-0.000762
-0.003034
-0.004042
-0.003667
-0.002437
-0.000386
0.001419
0.002735
0.004929
0.006418
0.007198
0.007527
0.008336
0.008742
0.008707
0.008560
0.008321
0.005660
0.002876
0.001556
-0.000180
-0.002110
-0.002909
-0.002410
-0.001020
0.001283
0.003463
0.005015
0.007394
0.009028
0.010133
0.010686
0.011655
0.012161
0.012307
0.012213
0.011756
0.009035
0.005983
0.004377
0.002497
0.000427
-0.000448
0.000081
0.001385
0.003618
0.005816
0.007493
0.009974
0.011583
0.011384
0.010619
0.010370
0.010078
0.009454
0.008849
0.008231
0.005193
0.002156
0.000300
-0.002062
-0.004665
-0.006028
-0.005954
-0.005122
-0.003474
-0.002046
-0.001011
0.000522
0.001407
0.001640
0.001479
0.002135
0.002454
0.002275
0.001991
0.001834
-0.000512
-0.003204
-0.004626
-0.006583
-0.008699
-0.009485
-0.008670
-0.007122
-0.004902
-0.003129
-0.001534
0.000682
0.002070
0.002265
0.001913
0.002143
0.002337
0.002252
0.002033
0.001534
-0.001202
-0.004167
-0.005918
-0.007845
-0.010008
-0.010770
-0.010013
-0.008675
-0.006632
-0.004754
-0.003279
-0.001526
-0.000674
-0.000628
-0.001011
-0.000523
-0.000046
0.000167
0.000353
0.000701
-0.001014
-0.003409
-0.004508
-0.006196
-0.007946
-0.008284
-0.007096
-0.005448
-0.003014
-0.000912
0.000864
0.003155
0.004693
0.005056
0.005118
0.005762
0.006213
0.006389
0.006270
0.005678
0.003022
-0.000059
-0.001596
-0.003338
-0.005318
-0.005881
-0.004906
-0.003368
-0.001046
0.001233
0.003070
0.005300
0.006480
0.005257
0.003560
0.002607
0.002228
0.001830
0.001550
0.001217
-0.001311
-0.004015
-0.005347
-0.007365
-0.009337
-0.009849
-0.008929
-0.007681
-0.005749
-0.003989
-0.002518
-0.001190
-0.000570
-0.000800
-0.001562
-0.001449
-0.001148
-0.000886
-0.000595
-0.000345
-0.002159
-0.004687
-0.006188
-0.008551
-0.010673
-0.011253
-0.010395
-0.009001
-0.006739
-0.004392
-0.002369
-0.000398
0.000585
-0.000676
-0.002008
-0.002473
-0.002849
-0.003446
-0.004103
-0.004654
-0.007012
-0.009785
-0.011383
-0.013666
-0.015545
-0.016047
-0.015098
-0.014011
-0.012175
-0.010692
-0.009523
-0.008199
-0.007505
-0.008525
-0.009700
-0.010015
-0.009927
-0.009959
-0.010439
-0.011397
-0.014459
-0.017668
-0.019060
-0.021058
-0.023295
-0.023946
-0.023042
-0.021704
-0.019572
-0.017552
-0.015911
-0.014467
-0.014080
-0.015929
-0.018227
-0.019549
-0.020175
-0.020587
-0.020964
-0.021342
-0.023307
-0.025978
-0.027494
-0.029789
-0.031902
-0.032375
-0.031384
-0.030163
-0.028213
-0.026182
-0.024534
-0.023341
-0.023360
-0.025529
-0.027444
-0.028141
-0.028033
-0.027752
-0.027554
-0.027278
-0.028706
-0.030875
-0.032353
-0.034517
-0.036133
-0.036172
-0.034628
-0.033018
-0.030843
-0.029155
-0.028058
-0.027201
-0.027562
-0.029481
-0.031059
-0.031227
-0.030956
-0.030868
-0.031317
-0.031967
-0.034405
-0.037396
-0.038782
-0.040826
-0.042691
-0.043224
-0.041998
-0.040358
-0.038230
-0.036133
-0.034769
-0.033389
-0.033380
-0.034985
-0.036328
-0.036309
-0.036247
-0.036663
-0.037674
-0.038819
-0.041338
-0.044607
-0.046343
-0.048223
-0.049858
-0.049937
-0.048404
-0.046896
-0.045045
-0.043400
-0.042780
-0.041961
-0.042460
-0.043020
-0.043121
-0.041923
-0.040377
-0.039219
-0.039003
-0.038778
-0.040056
-0.042565
-0.043301
-0.043437
-0.043630
-0.042284
-0.039316
-0.036185
-0.032933
-0.030090
-0.028098
-0.026554
-0.026756
-0.029083
-0.031397
-0.032432
-0.032320
-0.031982
-0.031988
-0.032246
-0.033818
-0.036509
-0.038266
-0.040100
-0.041660
-0.041710
-0.039997
-0.038121
-0.036132
-0.034483
-0.033470
-0.032833
-0.033653
-0.036164
-0.038509
-0.039613
-0.040005
-0.040431
-0.041216
-0.042098
-0.044191
-0.047112
-0.048815
-0.050900
-0.052523
-0.052203
-0.050242
-0.048403
-0.046275
-0.044227
-0.043199
-0.042584
-0.043505
-0.045982
-0.048073
-0.048749
-0.048569
-0.048479
-0.049063
-0.049779
-0.051766
-0.054558
-0.056595
-0.058941
-0.060828
-0.061295
-0.060096
-0.058501
-0.056833
-0.055443
-0.054830
-0.054556
-0.055794
-0.058231
-0.060226
-0.060646
-0.060516
-0.060756
-0.061442
-0.062326
-0.064231
-0.066871
-0.068712
-0.071077
-0.072945
-0.072935
-0.071263
-0.069944
-0.068642
-0.067249
-0.066899
-0.066852
-0.068461
-0.069938
-0.071162
-0.070801
-0.069288
-0.067860
-0.067487
-0.067456
-0.068683
-0.071146
-0.072582
-0.074114
-0.075222
-0.074733
-0.072707
-0.070695
-0.068502
-0.066127
-0.065005
-0.064377
-0.065758
-0.067914
-0.069482
-0.069765
-0.068875
-0.067701
-0.066983
-0.066561
-0.067356
-0.069313
-0.070503
-0.072336
-0.073579
-0.073037
-0.070824
-0.068794
-0.066939
-0.064819
-0.063689
-0.063232
-0.064767
-0.066631
-0.068321
-0.068466
-0.067315
-0.066073
-0.065806
-0.065760
-0.066800
-0.068964
-0.070267
-0.072097
-0.073387
-0.072906
-0.070758
-0.068603
-0.066407
-0.063898
-0.062488
-0.061683
-0.062958
-0.064971
-0.066386
-0.066550
-0.065476
-0.064203
-0.063585
-0.063142
-0.064105
-0.066084
-0.067005
-0.068678
-0.069838
-0.069298
-0.067256
-0.065436
-0.064043
-0.062036
-0.060771
-0.060246
-0.061405
-0.062624
-0.063221
-0.061878
-0.059565
-0.057255
-0.056248
-0.055362
-0.055320
-0.056757
-0.057314
-0.058370
-0.059070
-0.057781
-0.054896
-0.051891
-0.049143
-0.046033
-0.043626
-0.042216
-0.042992
-0.046090
-0.049207
-0.050933
-0.051309
-0.051354
-0.051784
-0.051930
-0.052852
-0.054841
-0.055931
-0.057940
-0.059653
-0.059610
-0.057553
-0.055373
-0.053378
-0.051353
-0.050070
-0.049772
-0.051314
-0.053522
-0.055401
-0.055731
-0.055160
-0.054602
-0.054601
-0.055196
-0.056510
-0.058450
-0.059791
-0.061999
-0.063575
-0.063318
-0.060946
-0.058312
-0.055957
-0.053514
-0.051602
-0.050499
-0.051253
-0.053977
-0.056241
-0.056899
-0.056434
-0.055852
-0.056108
-0.056580
-0.057905
-0.060094
-0.061342
-0.063245
-0.064701
-0.064441
-0.062174
-0.059734
-0.057526
-0.055315
-0.053748
-0.053094
-0.054430
-0.057688
-0.060688
-0.062023
-0.062216
-0.062344
-0.063254
-0.064389
-0.066224
-0.068662
-0.070339
-0.072880
-0.074810
-0.074984
-0.073266
-0.071690
-0.070678
-0.069117
-0.068259
-0.067928
-0.068831
-0.069185
-0.069167
-0.067322
-0.064889
-0.062578
-0.061538
-0.060553
-0.059737
-0.060120
-0.060174
-0.061241
-0.062048
-0.060925
-0.057859
-0.054618
-0.051948
-0.049176
-0.046423
-0.044971
-0.045101
-0.046344
-0.047370
-0.046767
-0.045097
-0.043321
-0.041867
-0.040149
-0.038425
-0.038058
-0.037808
-0.039107
-0.040201
-0.039535
-0.036942
-0.034212
-0.031826
-0.029452
-0.026293
-0.024531
-0.023978
-0.024733
-0.025579
-0.024480
-0.022005
-0.019285
-0.017218
-0.015812
-0.014844
-0.015071
-0.015116
-0.016362
-0.017024
-0.015862
-0.012824
-0.009408
-0.006104
-0.002813
0.001334
0.005300
0.007961
0.007589
0.006805
0.007873
0.010113
0.011860
0.012491
0.013117
0.013845
0.013538
0.013413
0.012429
0.012113
0.013372
0.016050
0.018383
0.019881
0.020919
0.023391
0.025065
0.026361
0.025978
0.025587
0.027172
0.028513
0.028850
0.027966
0.026710
0.025853
0.024060
0.022170
0.020743
0.019818
0.020366
0.022913
0.025774
0.027865
0.028931
0.031099
0.033517
0.035146
0.035046
0.035534
0.038324
0.040207
0.040321
0.039199
0.037486
0.036620
0.035173
0.033596
0.033101
0.033211
0.034462
0.037465
0.040857
0.043772
0.045929
0.049135
0.052032
0.054444
0.055710
0.056790
0.059612
0.061890
0.063028
0.063087
0.062053
0.060898
0.059371
0.057921
0.057216
0.057373
0.058533
0.061338
0.064276
0.066128
0.067173
0.069550
0.072061
0.074252
0.075911
0.077632
0.081037
0.084128
0.085942
0.086050
0.084781
0.083448
0.081470
0.079430
0.077166
0.075218
0.074193
0.075092
0.076782
0.078789
0.080196
0.082063
0.083134
0.083081
0.081066
0.079520
0.080270
0.079973
0.078017
0.075131
0.071332
0.067706
0.065205
0.063522
0.062999
0.063329
0.064640
0.067328
0.069982
0.072233
0.073662
0.076194
0.078672
0.080639
0.081290
0.082360
0.085398
0.087348
0.087730
0.086857
0.084710
0.082934
0.080387
0.077507
0.074784
0.072613
0.071527
0.072556
0.074223
0.075952
0.077338
0.079530
0.081813
0.083372
0.084627
0.086254
0.089590
0.091338
0.091587
0.090655
0.088326
0.086040
0.083237
0.080899
0.078446
0.076521
0.075398
0.076354
0.077937
0.079645
0.081103
0.083236
0.085335
0.087036
0.088319
0.089933
0.093484
0.095697
0.096543
0.096187
0.094168
0.091534
0.088359
0.085842
0.082746
0.079822
0.077699
0.077663
0.078378
0.079386
0.080220
0.081478
0.082637
0.083106
0.083432
0.084262
0.087062
0.088290
0.087872
0.086505
0.083874
0.080692
0.077069
0.074508
0.071763
0.069046
0.067214
0.067808
0.069204
0.070771
0.072045
0.073145
0.072998
0.071121
0.067642
0.064826
0.064003
0.061686
0.057631
0.052904
0.047634
0.041783
0.037328
0.033761
0.030652
0.027655
0.025656
0.026092
0.027322
0.028118
0.028106
0.028900
0.029879
0.030310
0.029544
0.030060
0.032045
0.032005
0.030161
0.027874
0.025145
0.022214
0.019315
0.016004
0.012244
0.008771
0.007001
0.008136
0.010391
0.012498
0.013547
0.014777
0.014459
0.012726
0.009798
0.007778
0.007959
0.008456
0.008247
0.008049
0.007503
0.006361
0.005006
0.004087
0.002939
0.002250
0.003090
0.006462
0.010426
0.013863
0.015885
0.018446
0.021133
0.022867
0.023523
0.024462
0.026880
0.027342
0.026029
0.024481
0.022189
0.019151
0.016601
0.014093
0.011942
0.010619
0.010742
0.013116
0.016102
0.018806
0.020369
0.022484
0.024292
0.025980
0.026043
0.027046
0.029520
0.029808
0.028156
0.026534
0.024619
0.022287
0.019573
0.016582
0.013546
0.011175
0.010430
0.012119
0.014485
0.016660
0.017612
0.018854
0.019459
0.019120
0.017510
0.016736
0.017917
0.018686
0.018518
0.018362
0.017551
0.016162
0.014785
0.012927
0.010872
0.009271
0.009372
0.012200
0.015956
0.019700
0.022088
0.024549
0.026359
0.027443
0.026251
0.025980
0.027501
0.028032
0.027304
0.026540
0.024947
0.022558
0.020619
0.018788
0.017093
0.016066
0.016587
0.019632
0.023574
0.027295
0.029545
0.031806
0.033354
0.035075
0.034073
0.034031
0.035632
0.036398
0.035914
0.035521
0.034458
0.032265
0.029816
0.027498
0.025302
0.023959
0.024165
0.026996
0.030694
0.034239
0.036411
0.038716
0.040411
0.041361
0.039955
0.039228
0.039864
0.038510
0.035244
0.032226
0.028859
0.024443
0.020396
0.016715
0.013742
0.011300
0.010118
0.011701
0.014251
0.016494
0.017549
0.018816
0.019225
0.019525
0.017023
0.015915
0.016608
0.016305
0.014543
0.012829
0.010844
0.008073
0.005361
0.002866
0.000477
-0.001287
-0.001318
0.001634
0.005583
0.009017
0.010630
0.012043
0.012734
0.012595
0.010488
0.008806
0.008201
0.005946
0.002126
-0.001438
-0.004861
-0.008824
-0.012434
-0.015803
-0.018886
-0.021334
-0.022238
-0.019833
-0.016195
-0.013756
-0.012909
-0.012303
-0.012843
-0.014019
-0.015646
-0.016329
-0.015245
-0.014403
-0.014748
-0.014538
-0.014351
-0.015445
-0.017320
-0.019378
-0.021991
-0.024279
-0.025089
-0.022688
-0.018902
-0.015843
-0.014003
-0.012788
-0.012897
-0.013829
-0.014568
-0.014580
-0.013655
-0.013132
-0.014459
-0.015673
-0.016656
-0.018946
-0.021619
-0.024056
-0.026535
-0.028844
-0.029896
-0.027893
-0.024203
-0.021327
-0.019479
-0.018874
-0.020826
-0.022935
-0.025480
-0.027069
-0.027226
-0.027806
-0.029468
-0.030749
-0.031951
-0.034719
-0.037782
-0.040567
-0.042824
-0.044685
-0.044939
-0.042068
-0.037985
-0.034826
-0.033174
-0.031773
-0.031326
-0.030686
-0.031494
-0.031389
-0.029909
-0.029216
-0.030133
-0.030398
-0.030373
-0.032014
-0.033855
-0.036199
-0.039401
-0.042875
-0.045079
-0.044123
-0.041435
-0.039302
-0.037606
-0.037099
-0.037570
-0.037233
-0.036191
-0.034224
-0.031124
-0.028713
-0.027741
-0.026266
-0.024878
-0.025312
-0.025867
-0.025690
-0.026266
-0.026683
-0.025166
-0.020581
-0.014771
-0.010040
-0.007090
-0.005661
-0.006605
-0.007765
-0.010587
-0.011947
-0.012181
-0.013678
-0.016561
-0.019119
-0.021195
-0.023558
-0.025810
-0.028363
-0.031047
-0.033716
-0.034681
-0.032188
-0.027869
-0.024423
-0.021952
-0.021223
-0.022482
-0.024038
-0.026283
-0.027232
-0.027210
-0.028609
-0.031759
-0.034103
-0.035404
-0.038199
-0.040861
-0.043795
-0.047085
-0.050469
-0.052102
-0.050660
-0.047626
-0.045822
-0.045440
-0.046634
-0.050317
-0.053855
-0.056273
-0.055875
-0.054498
-0.055059
-0.056971
-0.058276
-0.058579
-0.059799
-0.061551
-0.062357
-0.064227
-0.066806
-0.068007
-0.065986
-0.062092
-0.058989
-0.056100
-0.055712
-0.056881
-0.059462
-0.062177
-0.062495
-0.062041
-0.063778
-0.067593
-0.070238
-0.070917
-0.072232
-0.073724
-0.075038
-0.077996
-0.082059
-0.084745
-0.084594
-0.082381
-0.080919
-0.079552
-0.080979
-0.085566
-0.089284
-0.090266
-0.087120
-0.083313
-0.083071
-0.085325
-0.086833
-0.086423
-0.086556
-0.087381
-0.087916
-0.089783
-0.092611
-0.094133
-0.092331
-0.088669
-0.085479
-0.082517
-0.082355
-0.083589
-0.085739
-0.086481
-0.083896
-0.080493
-0.079964
-0.081844
-0.083083
-0.082039
-0.080892
-0.079554
-0.078211
-0.079494
-0.082923
-0.085612
-0.084905
-0.081236
-0.078098
-0.075050
-0.074773
-0.078941
-0.083901
-0.086970
-0.085515
-0.083525
-0.084203
-0.086287
-0.087406
-0.086388
-0.085635
-0.085277
-0.084338
-0.084794
-0.087104
-0.088692
-0.086610
-0.081820
-0.077185
-0.072746
-0.071308
-0.072723
-0.074425
-0.074693
-0.071341
-0.068156
-0.066625
-0.066569
-0.066596
-0.064435
-0.063282
-0.063225
-0.062758
-0.064958
-0.069794
-0.074078
-0.074692
-0.071545
-0.068501
-0.065661
-0.065730
-0.069916
-0.075388
-0.079399
-0.079163
-0.078308
-0.079341
-0.081771
-0.083585
-0.082912
-0.082048
-0.081757
-0.081307
-0.082121
-0.085209
-0.087821
-0.086855
-0.082764
-0.078484
-0.074340
-0.073191
-0.074219
-0.074227
-0.072723
-0.067429
-0.062158
-0.058727
-0.057211
-0.055833
-0.052235
-0.050415
-0.049546
-0.049080
-0.051255
-0.056039
-0.060095
-0.060599
-0.057334
-0.054231
-0.051193
-0.050893
-0.055372
-0.060971
-0.064436
-0.063856
-0.062467
-0.062578
-0.064182
-0.065252
-0.063882
-0.062103
-0.060699
-0.060131
-0.061620
-0.065197
-0.067940
-0.067144
-0.063174
-0.059638
-0.056215
-0.055443
-0.057842
-0.058865
-0.058152
-0.053306
-0.048470
-0.045396
-0.044133
-0.042819
-0.039391
-0.037853
-0.037651
-0.037670
-0.040073
-0.045011
-0.049096
-0.049536
-0.046276
-0.043205
-0.040310
-0.040039
-0.044896
-0.050759
-0.054393
-0.053761
-0.052368
-0.052490
-0.054229
-0.055551
-0.054343
-0.052718
-0.051513
-0.051104
-0.052532
-0.056585
-0.060047
-0.060160
-0.056632
-0.053085
-0.049658
-0.048801
-0.050403
-0.051293
-0.050887
-0.046824
-0.041979
-0.038752
-0.037768
-0.037380
-0.034836
-0.032686
-0.032056
-0.032416
-0.034635
-0.040241
-0.046153
-0.049163
-0.048173
-0.046300
-0.044926
-0.043987
-0.047704
-0.055862
-0.061340
-0.062774
-0.060331
-0.059754
-0.061904
-0.064664
-0.065711
-0.064304
-0.063667
-0.064193
-0.065558
-0.070175
-0.077131
-0.082631
-0.083906
-0.081563
-0.079230
-0.077153
-0.077898
-0.082315
-0.085321
-0.085562
-0.081406
-0.078675
-0.078442
-0.079209
-0.078369
-0.074867
-0.072400
-0.070547
-0.069513
-0.071856
-0.077581
-0.083040
-0.085398
-0.083345
-0.080626
-0.077395
-0.076443
-0.077685
-0.079281
-0.078591
-0.072874
-0.066424
-0.062412
-0.060570
-0.060074
-0.057990
-0.055170
-0.053924
-0.053913
-0.055188
-0.060314
-0.066662
-0.070813
-0.070524
-0.068277
-0.066186
-0.064814
-0.067369
-0.074844
-0.080270
-0.081572
-0.078831
-0.077565
-0.078684
-0.080658
-0.081016
-0.078286
-0.076605
-0.075787
-0.076076
-0.079844
-0.086319
-0.091928
-0.093891
-0.091748
-0.089176
-0.086686
-0.086825
-0.088794
-0.090104
-0.088000
-0.080342
-0.073549
-0.069415
-0.067223
-0.064867
-0.060125
-0.057551
-0.056652
-0.055693
-0.058535
-0.065434
-0.072783
-0.077175
-0.076407
-0.074579
-0.072357
-0.072598
-0.075270
-0.077582
-0.076893
-0.070041
-0.062469
-0.057395
-0.054603
-0.053097
-0.049840
-0.047136
-0.046677
-0.047280
-0.049551
-0.055734
-0.063444
-0.069269
-0.070534
-0.068902
-0.067221
-0.066447
-0.069195
-0.075523
-0.079261
-0.077902
-0.071544
-0.066807
-0.064614
-0.063615
-0.061044
-0.056013
-0.052990
-0.051177
-0.050044
-0.053080
-0.059452
-0.065322
-0.067884
-0.065263
-0.061900
-0.058534
-0.057801
-0.058565
-0.059539
-0.057851
-0.050244
-0.041224
-0.034200
-0.030023
-0.027510
-0.023415
-0.020899
-0.022557
-0.024027
-0.026855
-0.033620
-0.041948
-0.048129
-0.048936
-0.045314
-0.041324
-0.039334
-0.039725
-0.040160
-0.040720
-0.039016
-0.032505
-0.025975
-0.021894
-0.020823
-0.020306
-0.016302
-0.013252
-0.013170
-0.013591
-0.017125
-0.024050
-0.030635
-0.034433
-0.033528
-0.028279
-0.022372
-0.019183
-0.017876
-0.018993
-0.021056
-0.021012
-0.015767
-0.009230
-0.004485
-0.003164
-0.002342
0.001102
0.002996
0.000438
-0.001476
-0.005921
-0.012707
-0.020691
-0.028929
-0.034261
-0.034462
-0.033514
-0.035441
-0.039789
-0.044015
-0.046214
-0.046054
-0.040725
-0.032717
-0.025852
-0.020784
-0.016025
-0.003907
0.009503
0.015750
0.016847
0.017612
0.019093
0.021355
0.024070
0.026951
0.030964
0.035682
0.037390
0.036391
0.034658
0.032439
0.031285
0.033501
0.036927
0.038543
0.036710
0.033060
0.032023
0.031056
0.027292
0.023672
0.018907
0.012156
0.005651
0.001588
0.001065
0.004256
0.007694
0.008285
0.006187
0.001498
-0.004503
-0.009224
-0.009330
-0.007078
-0.006459
-0.008473
-0.011165
-0.010989
-0.011150
-0.015218
-0.018717
-0.022589
-0.028960
-0.035782
-0.039697
-0.039176
-0.034819
-0.030537
-0.028272
-0.029184
-0.032900
-0.037281
-0.040279
-0.038106
-0.034485
-0.032361
-0.032118
-0.031774
-0.029397
-0.028474
-0.030598
-0.032934
-0.037215
-0.044677
-0.052090
0.000183
0.001456
0.003003
0.004423
0.005891
0.007276
0.008530
0.009647
0.010621
0.011460
0.012165
0.012749
0.013211
0.013547
0.013764
0.013899
0.013941
0.013863
0.013642
0.013259
0.012607
0.011879
0.010925
0.009506
0.007425
0.004802
0.001703
0.000002
-0.000231
-0.000685
-0.001155
-0.001612
-0.002054
-0.002497
-0.002948
-0.003408
-0.003874
-0.003487
-0.001034
0.000201
-0.001009
-0.002312
-0.003499
-0.004443
-0.005057
-0.005423
-0.006238
-0.008338
-0.010363
-0.012772
-0.015149
-0.017761
-0.020039
-0.021294
-0.021663
-0.021259
-0.020280
-0.019185
-0.018113
-0.017145
-0.016510
-0.016347
-0.016628
-0.017218
-0.017409
-0.016917
-0.016076
-0.015579
-0.015176
-0.011511
-0.004982
0.005096
0.016258
0.028023
0.041328
0.054220
0.065037
0.071410
0.074581
0.071780
0.067347
0.060301
0.052388
0.041487
0.025658
0.004951
-0.017288
-0.040261
-0.064651
-0.090553
-0.117933
-0.147020
-0.179883
-0.219616
-0.265724
-0.316141
-0.368880
-0.423332
-0.470054
-0.512610
-0.553619
-0.593531
-0.631091
-0.667001
-0.704836
-0.746078
-0.789317
-0.831521
-0.869947
-0.903246
-0.933069
-0.961118
-0.988573
