0.000000
2.471225
2.477016
2.472800
2.459347
2.452565
2.445698
2.435790
2.422995
2.406995
2.362328
-0.545061
-0.015148
0.772184
0.159124
0.075362
0.648907
0.994339
0.886200
0.406388
0.634099
0.706230
-0.007376
-0.002659
-0.007002
13.241853
0.000000
2.205812
2.119798
2.027310
1.923156
1.804552
0.689545
0.091649
0.432512
0.237894
-0.361088
-4.324833
-2.924729
-2.391837
1.403297
0.092081
-0.775952
-0.028187
1.120575
33.116833
0.000000
0.745649
2.189975
2.094921
7.206056
8.602779
6.599268
-0.910388
0.296931
0.128931
-3.205854
-3.676807
-2.435003
-3.408503
1.381021
1.084034
-0.516782
-0.364874
-1.096939
18.189419
0.000000
2.912601
0.830263
4.225455
11.862372
13.170987
3.910780
1.734676
0.258685
0.101620
-1.579933
-2.045206
-1.583817
0.455105
0.507056
-0.450754
0.175605
0.052845
-0.421568
15.356889
0.000000
2.738148
2.173560
2.162464
9.932011
12.140428
5.492864
0.849729
0.293519
0.103347
0.650791
-2.872787
-1.347771
-0.032410
0.533502
0.199710
-0.298604
-0.228249
0.295626
-0.515480
0.000000
1.504926
1.865213
4.619819
10.498001
10.501326
2.752771
-1.485705
0.315626
0.099410
0.033283
-3.308678
-1.619789
-0.093668
0.820807
0.007757
0.052989
0.213394
-0.655792
-12.736923
0.000000
1.556230
0.386874
3.961339
10.313787
10.716976
3.356271
-1.659625
0.348418
0.107052
0.052582
-3.653421
-1.613485
-0.115553
0.790452
0.098507
-0.019710
0.371136
-0.507647
29.648418
0.000000
1.728804
0.227315
2.765298
9.980975
10.734959
1.751029
-1.609378
0.348244
0.102860
-0.028759
-4.284731
-1.809835
-0.202547
0.937387
0.113150
-0.005368
0.316441
-0.924980
23.985916
0.000000
1.991117
0.437816
3.653666
11.354501
11.873366
3.798892
-1.518227
0.332642
0.109034
0.857855
-5.901737
-1.834286
-0.350611
0.970234
0.019294
0.019848
0.309183
-0.902880
25.090244
0.000000
1.967247
0.582636
3.160742
10.899880
11.535368
4.167291
-0.631116
0.336292
0.150480
1.028564
-6.485405
-1.783434
-0.217918
0.840256
0.072581
-0.106983
0.284117
-0.341263
24.218334
0.000000
1.908813
1.660221
5.839261
12.180984
11.717110
4.230659
-0.315364
0.323901
0.122248
0.956264
-6.739716
-1.875288
-0.211514
0.947557
-0.126544
-0.045156
0.279261
-0.499119
25.038788
0.000000
1.781469
1.048684
4.314150
11.446104
12.086086
5.141327
-0.304369
0.331228
0.143624
0.497837
-4.477308
-2.019224
-0.119448
0.923601
-0.104183
-0.136286
0.341438
-0.495327
29.419443
0.000000
1.915507
0.894224
3.368195
11.167398
11.937654
3.830318
-0.950510
0.341773
0.149884
0.551992
-5.991661
-1.889143
-0.047157
0.970316
-0.036051
-0.278293
0.269899
-0.327852
-4.452368
0.000000
3.296893
1.106435
6.082286
12.483707
12.029052
4.127145
-0.704706
0.337586
0.131877
0.011375
-6.064138
-1.855413
-0.088707
1.029129
-0.076074
-0.201641
0.345371
-0.486511
30.884991
0.000000
1.939265
0.417899
5.275597
12.084039
12.107339
4.174897
-0.911217
0.340522
0.129034
0.487291
-6.035143
-1.840815
-0.156012
1.087357
0.013861
-0.264656
0.262381
-0.288742
30.032923
0.000000
1.338136
0.446097
6.457603
11.928059
10.591121
2.842389
-1.316943
0.359135
0.132532
0.360319
-7.054730
-1.361973
-0.140484
1.114065
-0.264950
-0.168884
0.395901
-0.524132
6.935875
0.000000
3.383115
0.871497
5.928668
12.639152
12.457582
4.620211
-0.815874
0.331245
0.149148
-0.307467
-6.644346
-1.717623
0.021132
1.103209
-0.148052
-0.426648
0.320028
-0.297089
-6.821058
0.000000
4.696126
1.065478
4.785572
12.834126
13.343746
4.039790
0.145858
0.305720
0.135343
-1.404305
-3.458620
-1.897764
0.317408
1.201559
-0.196941
-0.533190
0.270046
-0.301172
1.144664
0.000000
2.962333
0.305062
5.757590
11.704970
11.114721
2.923032
-1.916904
0.355447
0.147323
-0.539852
-6.914819
-1.322021
-0.103031
1.247898
-0.105762
-0.445947
0.175655
-0.155367
3.012372
0.000000
6.556482
1.101946
4.917158
13.588234
14.069392
4.454377
-0.011331
0.276508
0.132668
-1.432961
-3.344599
-1.579405
0.295088
1.312342
-0.145101
-0.625412
0.241531
-0.227362
1.455338
0.000000
2.671844
0.434456
5.467287
10.931253
10.210703
2.253974
-1.365066
0.363311
0.130518
-1.211121
-6.995139
-1.473970
-0.140669
1.244061
-0.336656
-0.388413
0.472006
-0.401484
0.564393
0.000000
6.992833
0.468239
5.264149
13.247660
13.307290
3.586982
-2.156939
0.310627
0.157130
-0.610241
-5.935509
-1.950903
0.113213
1.529068
-0.338952
-0.695629
0.263334
-0.267015
-0.328814
0.000000
9.172414
1.242854
6.253881
13.642950
13.211545
2.180920
-0.813148
0.294066
0.130036
-1.763866
-6.999796
-1.666189
0.016088
1.284821
-0.292928
-0.513240
0.031250
-0.034035
2.193106
0.000000
10.504913
2.327189
6.247243
15.207477
15.168616
4.470488
-0.254463
0.262428
0.134184
-1.900564
-2.867727
-1.550320
0.576246
1.675677
-0.822229
-0.929048
0.497053
-0.334658
1.160077
0.000000
3.726858
0.283474
4.723250
11.389602
11.044816
2.190807
-1.938988
0.364334
0.139909
-1.306303
-7.066425
-1.956327
0.118862
1.470495
-0.461380
-0.816868
0.303506
0.069786
0.988156
0.000000
8.278345
2.119439
8.059238
14.120583
11.369220
1.513213
-1.080218
0.320733
0.136221
-2.504286
-6.014137
-1.337416
0.117897
1.416050
-0.528819
-0.545097
0.465575
0.081627
0.120313
0.000000
13.172646
2.305979
5.204181
13.778655
13.856402
2.754963
-0.140507
0.287876
0.143949
-3.288904
-2.218319
-0.436201
0.861298
1.174474
-0.476364
-0.795112
-0.252514
0.523415
0.597515
0.000000
8.756083
2.221625
5.501561
14.172792
14.029012
2.516860
0.298884
0.301150
0.096459
-3.094938
-2.280411
-0.580751
0.773432
1.149077
-0.175877
-0.861667
-0.464715
0.708752
1.411524
0.000000
7.127155
2.166891
6.108232
14.628779
14.161667
3.117116
-1.304209
0.294678
0.103396
-1.498377
-2.199738
-0.796698
0.891134
1.584099
-0.586697
-1.063341
0.083075
0.222372
2.031273
0.000000
4.668772
0.243225
3.213663
10.621659
10.526089
1.395257
-1.518444
0.337619
0.142162
0.027826
-3.203497
-0.846502
0.674156
1.079222
-0.450337
-0.612589
0.440668
0.715448
2.387718
0.000000
9.646912
2.130952
4.931340
12.845933
12.774798
2.018462
-0.832644
0.291298
0.150106
-3.220942
-2.135469
-0.561428
0.919802
1.216634
-0.695255
-0.864627
0.366003
0.710670
2.225313
0.000000
9.038672
2.124133
5.729573
13.794285
13.165256
1.751641
-1.186494
0.326777
0.109630
0.005031
-2.402325
-0.359745
0.759886
1.169315
-0.739327
-0.836022
0.257555
0.820417
1.924067
0.000000
9.961268
2.116435
5.927526
12.472959
11.625721
2.297293
-0.119557
0.295084
0.162443
-3.887642
-1.814114
-1.437128
0.737835
0.646276
-0.278621
-0.604792
0.289448
1.678724
2.743219
0.000000
12.369122
2.180541
5.758703
10.412724
9.271149
1.871676
-0.870461
0.278268
0.110453
-2.738499
-1.563175
-1.173704
0.982992
1.458647
-0.939919
-1.010729
0.112236
0.837549
2.678209
0.000000
7.627218
1.195473
4.803381
11.279986
10.945886
1.946881
-0.023231
0.353422
0.104214
-1.369095
-2.216269
-1.658751
-0.049410
0.924826
-0.266250
-0.541415
0.387262
1.335442
4.417046
0.000000
12.771790
2.067216
4.994859
10.030010
9.449942
1.564562
-0.833929
0.280700
0.087664
-2.891222
-1.591110
-0.387825
0.642048
1.337299
-0.986372
-0.900254
0.113483
1.096638
3.103174
0.000000
9.727918
1.493226
5.165429
11.250374
10.608678
2.099448
-0.010999
0.337370
0.088655
-1.773148
-2.060581
-0.222387
0.403671
1.012897
-0.446059
-0.515656
0.816823
1.349129
3.340599
0.000000
13.741374
1.869156
5.023996
9.782672
8.325133
1.517617
-0.916258
0.289051
0.079627
-2.433973
-1.732193
-1.006931
0.834904
2.025406
-0.789705
-1.125085
-0.130119
1.051882
2.675160
0.000000
8.247746
0.580049
3.505605
10.331240
10.216317
1.259511
-0.469291
0.345390
0.144030
0.028394
-4.184528
-2.739826
-1.394691
0.831558
-0.421828
-0.273738
0.845659
1.379299
3.388968
0.000000
15.668279
1.819744
5.311870
11.545563
10.255529
1.549860
-0.726305
0.281729
0.109743
-3.166973
-1.779726
-0.504089
0.627186
0.793592
-0.665744
-0.754684
0.573961
1.645947
4.188871
0.000000
12.822074
1.849756
5.054590
10.344534
9.687696
1.947362
0.296884
0.303879
0.154785
0.022172
-2.595043
-0.913687
0.444895
1.032505
-0.374193
-0.579149
-0.526720
1.426516
3.194538
0.000000
13.615735
0.646555
4.715263
11.283457
10.264959
2.052365
-0.012543
0.288082
0.162189
-1.715456
-2.111954
-0.473654
0.485525
0.701502
-0.433520
-0.615968
-0.140085
1.868729
3.134115
0.000000
15.624043
1.977482
5.076930
9.862835
8.452185
2.060609
-0.258363
0.291889
0.100130
-1.591154
-1.785587
-2.005938
0.454096
1.983862
-0.141705
-0.869156
-0.371399
2.015409
-0.013993
0.000000
11.493784
0.513939
2.981263
11.419889
11.591884
1.559396
-0.462929
-45.430000
0.025616
0.004668
-6.086603
-3.531163
-2.430009
-0.061773
0.217690
0.182973
0.731396
1.125592
0.713091
0.000000
23.095814
1.284890
5.163301
13.221071
12.408417
2.206587
-0.529487
-45.430000
0.030263
-0.054734
-1.865273
-1.118290
0.007122
0.550022
-0.144825
-0.425625
0.243580
1.912802
0.420947
0.000000
15.591445
0.627018
2.901117
11.244304
11.446154
2.146904
-0.526669
-45.430000
0.019253
-2.550944
-0.569640
-5.889463
-2.305977
-0.026068
0.781326
-0.128489
0.450312
1.459675
7.541861
0.000000
23.397476
0.789695
5.465981
13.646351
13.236411
3.916921
-0.476778
-45.430000
0.021430
-2.164843
-2.351906
-1.444958
0.162548
1.377359
0.215000
-1.027628
0.405014
2.510220
-1.206020
0.000000
8.446432
1.936228
1.753999
7.169076
7.272124
3.001473
-3.893656
-45.430000
0.024625
-1.645378
-0.632470
-6.161498
-2.614568
0.189861
0.978578
-0.408542
0.377235
2.623816
33.431660
0.000000
5.493764
1.428141
3.715240
11.353616
11.679873
4.086134
-4.941595
-45.430000
0.020796
-1.356855
-2.630850
-2.668438
-0.225506
1.170181
-0.090628
-0.320450
-0.544022
2.751808
9.539688
0.000000
11.904579
2.391289
4.147036
5.956377
7.049150
5.560913
-1.990191
-45.430000
-0.148528
-1.701530
-1.524714
-4.410507
-1.733580
0.708729
0.924643
-0.878351
-0.448009
3.386077
-2.502171
0.000000
17.647068
4.296641
6.027810
10.852525
11.161067
4.680833
-1.331185
-45.430000
0.016106
-1.324848
-2.551513
-4.008114
-0.691975
0.509935
-0.907906
0.088304
-0.201342
3.209453
39.749969
0.000000
11.127497
2.028198
5.020148
9.111889
11.588648
6.938707
-3.137286
-45.430000
0.022984
-1.315379
-2.581282
-1.872866
0.017586
1.149809
-0.170179
-0.964768
-0.647396
2.999521
5.399199
0.000000
12.294010
3.137408
3.962204
7.333670
8.973263
6.177742
-3.428130
-45.430000
0.020450
-1.064695
-2.342479
-3.779496
-3.857542
0.660879
-0.053289
-0.658921
-0.980085
3.340263
40.174862
0.000000
18.774319
3.307112
3.582431
10.934189
13.519967
5.087973
-1.981472
-45.430000
1.547504
0.175589
-4.195103
-2.581878
-3.727535
0.284389
-0.059436
-1.034580
-0.367588
2.630988
-1.388384
0.000000
17.160492
3.618673
3.700569
9.598768
11.196893
4.756967
1.112751
-45.430000
0.020991
-0.424707
-4.748469
-1.924553
-4.341958
0.185755
-0.361458
-0.425404
-0.511440
2.274288
31.854084
0.000000
15.460288
3.029059
3.281580
9.397254
11.265084
4.164678
1.574955
-45.430000
0.019377
-0.889872
-2.072174
-3.251959
-1.984776
-0.637293
-1.391652
0.491492
-0.577753
0.856411
45.430000
0.000000
8.020508
2.396527
7.740208
15.865242
12.753020
3.733953
2.842906
-45.430000
0.018511
-1.277591
-1.423037
-2.353054
-0.256716
1.428177
-0.903852
-0.569449
-0.815699
3.140701
7.544815
0.000000
4.880527
1.689062
4.078506
7.900822
8.323066
2.178305
0.870985
-45.430000
0.021430
0.004885
-1.482025
-5.449851
-3.507946
-2.042332
-0.286162
0.894089
-0.315273
1.452211
45.430000
0.000000
20.968405
0.680118
2.377089
12.358727
13.700006
4.153700
-0.001078
-45.430000
0.026634
0.002448
-1.905468
-2.984064
-0.997244
0.954939
-0.538133
0.151668
-0.531050
1.616075
39.914032
0.000000
8.370852
0.743276
3.777611
8.483142
9.786933
3.369402
4.015637
-45.430000
0.025724
0.002578
-1.465055
-5.357871
-1.647610
0.992340
-0.345250
0.446851
-0.531536
1.948700
45.430000
0.000000
9.440585
1.389497
4.192253
8.550489
10.385952
3.741215
2.431222
-45.430000
0.024614
0.006656
-3.077546
-2.973536
-1.394234
-0.374018
-0.459468
0.381024
-0.347742
1.823867
6.452118
0.000000
19.272614
1.314001
2.288456
10.025706
11.662515
3.403220
4.252152
-45.430000
0.026683
0.001890
-1.685871
-2.810160
-1.751457
-0.029835
-0.226166
0.574474
-0.288046
1.414685
16.701221
0.000000
16.545368
0.900963
1.908456
9.535483
11.185867
3.229659
3.496592
-45.430000
0.027420
0.009315
-1.483917
-4.729080
-2.240770
-0.198696
-0.232858
0.675258
-0.234787
1.315689
41.587219
0.000000
17.805492
1.201138
1.480110
9.490018
10.893957
2.718941
2.998122
-45.430000
0.029445
0.015516
-1.742345
-4.799990
-2.128773
-0.612591
-0.501618
0.773248
-0.347311
0.102850
45.430000
0.000000
12.555799
1.476181
3.454200
11.511222
10.280839
1.327012
-0.297082
-45.430000
0.027625
-0.044059
-2.121400
-2.571339
-1.572927
-0.185635
-0.506490
0.588643
-0.108612
1.022924
-0.546776
0.000000
18.088831
0.661596
1.523713
10.189800
10.316935
0.176659
1.652848
-45.430000
0.027566
0.019827
-1.304528
-4.627602
-2.464254
-0.705967
-0.570105
0.918683
-0.951677
0.445840
45.430000
0.000000
14.977320
0.877326
1.899691
9.663394
10.215989
0.351117
1.719751
-1.344159
-4.372965
-0.769232
-0.557103
-6.561977
-4.269052
-2.720261
0.076653
1.194936
-0.866049
-0.323986
45.430000
45.430000
0.000000
1.204855
1.648000
9.394865
9.631318
-0.036453
-0.721549
-4.041793
-2.588017
0.073225
-2.905655
-5.505527
-5.192227
-2.906490
-0.912340
1.016561
-0.845650
-0.458881
45.430000
45.430000
0.000000
7.895449
19.720949
16.481087
3.299471
-0.543607
-1.975895
-4.653921
-3.760652
-0.120897
-2.468142
-3.213678
-1.908279
-0.980448
-0.019004
0.808137
-0.859837
-0.275160
6.459492
21.225630
0.000000
1.409378
5.952235
14.608291
10.570507
0.606970
-1.052669
-1.366715
-4.375949
0.018430
-0.780995
-5.770210
-4.329312
-2.835093
0.408934
1.377456
-0.971605
-0.219107
6.520551
23.575941
0.000000
7.149062
17.484686
17.892344
4.312846
-0.519642
-1.428144
-1.280172
-4.906916
0.022156
-0.947952
-4.828532
-3.700855
-2.011831
0.482273
1.008174
-1.062805
-0.607355
6.669983
45.430000
0.000000
1.001892
9.811781
21.215229
12.227022
1.161741
1.369901
-5.730959
-3.525444
-0.978952
-2.591012
-3.831928
-1.477945
-0.702192
-0.184855
0.710505
-0.492104
0.380550
5.593967
17.783779
0.000000
5.354756
14.893483
13.595292
3.102082
-0.632635
-2.450580
-1.372236
-3.999438
-0.039914
-1.661530
-4.885664
-4.074962
-2.766850
0.343035
1.561684
-0.756643
-0.363836
6.659226
31.942802
0.000000
4.835417
14.041116
16.957733
6.944485
-0.476045
-1.199526
-5.258461
-4.354600
-2.037868
-1.590417
-3.645918
-2.783228
-0.623138
0.517508
0.971432
0.076460
-0.944445
5.692179
-0.982771
0.000000
6.616007
13.465616
13.645522
4.409696
-0.178492
-1.051112
-1.276236
-4.660419
-0.522115
-0.278279
-5.587528
-3.314633
-3.349350
-0.037020
1.651297
-0.781753
-0.786137
4.344811
42.928917
0.000000
6.989778
15.740297
17.526230
4.854313
-0.057341
-0.819010
-6.565711
-4.719224
-1.814266
-0.523688
-3.122878
-3.814278
-1.882891
-0.125378
1.427152
0.000557
-0.861597
3.412763
-0.014454
0.000000
2.388781
10.149813
13.073041
7.978399
-0.018186
-0.946701
-1.334646
-5.078552
0.021051
-2.341972
-4.162934
-4.536159
-3.251984
-1.105228
1.597549
-0.032105
-2.417397
3.671745
45.430000
0.000000
8.820635
14.955190
16.957710
4.465861
-0.587845
-0.821066
-1.246810
-5.377273
0.005914
-1.568410
-3.309009
-3.870934
-1.816973
-0.333481
1.525824
0.525799
-0.703640
2.275272
-0.001446
0.000000
4.506296
10.448090
11.138887
3.887056
-0.675687
-1.127735
-1.362464
-3.216054
0.062854
-1.874196
-0.860714
-6.098360
-2.801926
-1.389542
1.626871
1.546868
0.446201
2.726640
-1.081154
0.000000
8.647253
13.759954
15.061639
6.032501
-0.118418
-0.879223
-1.335106
-3.991837
0.027479
-2.391685
-4.792850
-3.749466
-2.479630
-0.609091
2.157955
1.317258
0.117771
1.953463
-0.600870
0.000000
7.245729
11.730003
13.019449
3.941111
-0.143466
-1.119488
-1.404109
-1.894559
0.068855
-1.710507
-1.281458
-6.982493
-2.779739
-1.037973
1.818741
0.763746
0.637613
3.065181
20.976105
0.000000
9.804196
15.699639
16.915892
5.859088
0.152518
-1.018017
-1.369430
-3.207866
0.006358
-2.526403
-5.651244
-3.754148
-2.650776
-0.360277
2.152067
0.965349
-0.319754
2.595402
-0.834898
0.000000
6.887558
13.781423
15.239141
6.721303
-0.594532
-1.081426
-1.383050
-4.817156
0.060791
-3.099747
-0.714610
-6.980343
-2.745195
-0.528402
2.140978
0.588177
0.910736
2.535622
19.427868
0.000000
9.722250
15.532564
16.748295
5.849630
-0.025199
-1.124516
-1.365412
-2.466302
0.022123
-3.250980
-3.863921
-5.084599
-2.629229
-0.512674
2.379457
1.121799
0.239866
1.962175
-0.784235
0.000000
8.801532
13.932200
15.476691
6.230410
-0.017233
-1.107126
-1.400409
0.031888
0.106667
-1.023449
-0.046288
-7.952742
-2.672523
-1.440018
1.740784
1.138232
0.085962
2.003107
2.660828
0.000000
14.205907
16.051037
17.169365
8.899453
-0.256909
-0.786314
-1.341756
0.338675
-0.501210
0.020515
-3.805816
-3.196363
-5.606621
-3.068167
0.504501
2.789976
1.891821
0.918415
2.739805
0.000000
12.541870
12.381353
14.387527
12.354258
2.556436
-0.015559
-1.124664
-42.937996
0.017487
0.022329
-1.977340
-4.655322
-5.119597
-3.063883
0.026257
2.531303
2.860085
1.028280
1.083174
0.000000
15.315457
14.381238
14.736447
16.582575
5.291938
-0.014081
-0.712901
-1.486265
-0.262314
0.125124
0.026396
-2.305768
-5.878930
-2.516029
-3.223536
0.318542
1.737814
0.674343
1.317192
42.410988
0.000000
15.925232
15.238044
15.031255
7.516746
-0.038917
-0.283702
-1.355823
0.456309
0.038543
-0.823995
-6.247832
-3.345730
-5.977311
-3.128033
0.431429
2.976461
2.070324
1.949490
2.699078
0.000000
12.019923
12.006023
13.714952
13.070523
1.716415
-0.027723
-0.246038
-1.143220
-0.244212
0.083997
-1.298200
-0.068192
-7.628421
-3.039207
-2.514290
1.839684
1.432777
3.682894
-0.643951
40.387081
0.000000
12.130467
13.130737
11.322073
0.863904
-0.045790
-0.082017
-0.843939
0.109397
0.122465
0.056106
-3.435097
-4.964522
-3.276768
-3.324406
0.484831
0.430292
1.157875
1.876410
45.430000
0.000000
15.626805
15.952781
15.317691
6.135896
-0.046022
-0.008757
-1.467273
-45.429901
-0.402371
0.077293
-2.596523
-4.057892
-6.330400
-2.970304
-0.474014
2.568997
1.475151
2.348625
0.415340
0.000000
11.722875
12.846265
13.051064
9.581512
-0.459314
-0.043737
0.138145
0.842635
0.047880
0.117813
0.047273
-3.049381
-5.172246
-5.399621
-3.361378
0.168098
0.206646
3.248772
2.212454
45.209141
0.000000
15.274220
15.123259
11.365301
4.714093
0.716857
1.069012
0.440473
0.735174
0.013057
0.080120
-3.127067
-3.811996
-6.526079
-4.310915
-3.616384
2.564936
2.174387
5.175869
45.430000
40.266026
0.000000
15.819375
16.070675
10.199959
3.583237
1.642786
0.449469
0.464722
0.590891
0.022204
0.107008
-0.659730
-5.734512
-4.967046
-5.147746
-4.191377
1.171030
4.999559
5.138052
45.430000
37.576920
0.000000
14.944847
15.093884
12.366972
6.738160
0.041040
-0.010691
-0.040864
0.265918
0.010230
0.106423
-1.486958
-7.186394
-4.965581
-5.075262
-4.032690
0.001343
2.604816
8.549743
45.430000
34.528404
0.000000
14.143317
12.882544
10.084607
3.825180
1.576601
0.059214
-7.199456
-0.468943
0.021793
0.107859
-1.365571
-5.121769
-6.321201
-4.831177
-3.891304
1.066822
2.608358
5.448633
45.430000
37.003391
0.000000
15.246439
15.183250
8.868958
3.115288
0.095094
-0.021078
-1.592361
-1.826195
0.004685
0.123591
-2.479314
-8.538282
-4.190833
-4.937734
-2.085177
1.218386
3.111856
2.888872
0.413427
44.134956
0.000000
10.955487
8.570298
9.860840
5.732234
-0.073252
-0.565241
-1.222667
-1.520246
0.045920
0.084078
-2.046528
-7.984784
-4.060394
-4.687004
-1.240786
3.443670
2.643005
4.170732
45.430000
38.159359
0.000000
15.293688
13.796882
1.774764
2.953233
2.470639
6.932232
8.131200
8.053827
7.973798
8.071521
8.043424
8.082756
7.967702
7.884712
7.798560
5.042018
-0.116047
0.278612
1.683675
9.395631
10.358022
11.034039
9.538193
1.076955
0.827392
0.592979
0.350938
0.118907
-0.046680
-0.197809
-0.455735
2.471622
5.596117
6.442807
2.465978
2.459768
2.450276
2.437263
2.420243
2.397820
2.342215
-0.843956
-0.402403
0.650917
0.551054
0.052850
-0.161761
-0.656485
-1.430592
-2.077534
0.573008
1.824341
1.427203
-0.006206
1.424710
2.719985
3.517945
1.878361
1.164444
-0.703630
-0.776455
-0.687203
-0.231150
0.564662
1.125757
1.456398
1.670350
1.171484
-1.469794
-7.130198
-11.891960
-9.071828
0.586050
-0.055722
2.240781
1.984105
2.052889
2.122853
2.216924
2.299576
2.375008
2.384135
2.346627
2.322577
2.289584
2.267739
2.265368
2.289536
45.430000
45.430000
36.807503
30.576405
24.026718
20.041710
17.207277
15.067702
10.519074
3.738039
-45.428974
0.052922
0.018841
-0.025900
0.388475
1.326451
0.997710
0.437973
1.064887
0.508505
-1.197460
-0.401012
-0.862127
-0.039453
-0.003060
-0.001825
45.430000
