-6.582884
-1.081424
0.582664
1.513431
2.244098
3.317634
3.847611
5.036511
5.899570
7.187469
8.388420
10.116502
11.798143
13.800877
15.964773
18.170570
-0.000001
0.000000
-0.000001
0.000000
0.000025
0.000001
-0.000000
0.000000
-0.000000
0.000002
0.000002
0.000001
0.000001
-14.078362
-10.599707
0.000000
-6.877537
0.378338
-0.130821
0.633741
1.502945
2.469475
3.177557
4.387091
5.279893
6.595237
7.788099
9.209289
11.091315
13.008208
15.185639
17.281614
-0.017521
-0.000000
0.000000
0.000000
-0.000001
-0.000000
0.000000
0.000001
-0.000000
-0.000015
0.000001
-0.000009
-0.000003
-20.064423
-14.221740
0.000000
-7.068018
-1.363982
0.464872
1.412667
2.206678
3.346710
3.944324
5.233800
6.118484
7.504644
8.768579
10.649315
12.427959
14.290868
16.162128
18.774212
-0.000001
0.000000
-0.000001
0.000000
-0.000029
-0.000040
0.000000
-0.000000
0.000001
-0.000001
-0.000001
-0.000003
-0.000004
-13.319319
0.000000
-7.408273
-0.971244
-0.739345
0.057873
0.621225
1.801733
3.062631
4.175193
5.613126
6.671378
8.205865
9.357768
11.067101
12.712449
13.972167
16.584175
19.286297
0.000000
-0.000001
-0.000006
-0.000001
-0.000018
-0.000029
0.000002
0.000001
0.000000
-0.000008
-0.000001
-0.000002
-0.000170
-19.440628
0.000000
-7.162440
1.471267
-0.450224
0.405790
1.002123
2.379993
3.129428
4.386335
5.284729
6.606036
7.769024
9.053631
11.063566
12.903329
14.916750
17.503992
14.749518
0.000000
-0.000000
-0.000000
0.000001
0.000001
-0.000001
-0.000002
-0.000002
-0.000000
-0.000000
-0.000003
-0.000001
0.000001
-15.077659
-10.253959
0.000000
-6.917862
-1.090353
0.705710
1.663971
2.335873
3.338829
3.850546
5.034921
5.957753
7.330575
8.625368
10.301866
12.100674
14.265880
16.427902
18.991594
0.000000
0.000000
0.000000
0.000000
-0.000001
-0.000000
0.000000
-0.000000
-0.000000
-0.000002
-0.000002
0.000002
-20.063412
-12.643255
-9.240271
0.000000
-7.088296
1.335128
-0.445116
0.320101
1.191754
2.170785
2.987139
4.218266
5.161535
6.503528
7.757077
9.429199
10.860784
12.931834
14.894359
17.283783
19.669842
-0.000001
0.000000
0.000090
-4.086155
1.489132
-0.000001
0.000001
0.000001
-0.000002
0.000002
0.000000
-0.000001
-0.000002
-15.951770
-12.172532
0.000000
-6.591865
1.112460
0.027900
0.781325
1.694243
2.688069
3.269744
4.504654
5.295496
6.585287
7.687923
9.214141
10.689827
12.748862
14.632667
16.495766
-1.031970
0.000000
0.000000
0.000000
-0.000002
-0.000001
-0.000001
0.000001
-0.000001
0.000027
-0.000001
0.000002
0.000000
-19.390980
-13.060465
0.000000
-7.245232
-0.769485
-0.536926
0.332792
0.947861
2.337692
3.101959
4.371306
5.292733
6.613299
7.775056
9.092861
11.087104
12.929049
14.873893
17.476669
19.757381
-0.000001
-0.000000
-0.000002
-4.792640
1.708799
0.000000
0.000000
-0.000002
-0.000000
-0.000001
-0.000004
-0.000006
-16.914822
-11.971774
-7.585898
0.000000
-6.741150
0.912707
0.088746
0.832950
2.252197
3.017385
4.288271
4.813456
6.234899
7.066236
8.677719
9.776816
11.470619
13.012053
14.573023
16.499763
0.000092
0.000001
0.000000
-0.000000
-0.000015
-0.000012
-0.000001
0.000000
-0.000001
-0.000000
0.000000
-0.000000
-0.000002
0.000119
-15.815354
-11.394138
0.000000
-6.959735
1.589625
-0.203072
0.617792
1.534387
2.519943
3.185840
4.380520
5.244098
6.513787
7.662698
9.007638
10.794001
12.640720
14.734885
16.772734
19.041182
0.000001
-0.000000
0.000000
-0.000001
-0.000070
-0.000001
0.000000
-0.000001
0.000001
0.000001
-0.000001
0.000000
-18.919401
-12.668762
0.000000
-7.224524
0.174929
0.781622
1.260539
2.325845
3.413769
3.924464
5.150858
5.948758
7.305249
8.525113
10.294145
12.014459
14.006415
16.124743
18.252249
-0.000001
0.000000
0.000000
0.000000
-0.000025
-0.000047
0.000002
0.000001
-0.000000
0.000001
-0.000001
0.000000
0.000003
-16.059698
0.000000
-7.255202
-0.795308
0.012377
0.737088
2.155198
2.976410
4.246466
4.867473
6.295019
7.121383
8.665895
9.766537
11.523516
13.097818
14.569607
16.526207
0.000001
-0.000001
-0.000000
0.000000
-0.000256
0.000000
-0.000002
0.000001
-0.000001
-0.000007
0.000002
-0.000002
-0.000005
0.000001
-14.586029
-10.722872
0.000000
-6.968334
-1.142544
0.716345
1.918203
2.716781
3.880564
4.319892
5.629553
6.387137
7.873367
8.994522
10.778290
12.230309
13.284164
15.627717
18.033314
-0.000001
0.000000
-0.000000
-0.000000
-0.000000
0.000000
-0.000000
-0.000001
0.000001
-0.000004
-0.000002
-0.000001
-0.000003
-15.782310
-12.957917
0.000000
-6.963990
-0.725002
0.332384
1.124524
1.670421
2.968067
3.587227
4.799177
5.680535
6.992419
8.203134
10.039290
11.564851
13.637126
15.624628
17.642715
0.000000
0.000001
-0.000000
0.000000
-0.000003
-0.000000
-0.000001
-0.000001
0.000001
0.000003
-0.000001
0.000003
-0.000015
-15.572472
-10.355324
0.000000
-6.853556
-0.400106
0.191690
0.590628
1.783134
2.526822
3.665667
4.436036
5.667222
6.696697
8.162434
9.849756
11.319995
13.464766
15.516655
17.607410
0.000002
0.000001
-0.000001
0.000001
0.000007
0.000002
-0.000000
0.000001
-0.000001
-0.000075
-0.000003
-0.000002
-0.000004
-17.695929
-14.386319
0.000000
-7.024992
-1.195206
-0.012934
0.387553
1.531375
2.315858
3.472937
4.270963
5.550215
6.614330
8.107493
9.886029
11.604613
13.634585
15.605749
17.646383
0.000155
0.000000
-0.000000
0.000001
0.000344
0.000000
-0.000001
-0.000000
0.000002
-0.000001
-0.000001
-0.000001
0.000001
-15.840383
-11.212184
0.000000
-6.920017
-0.602671
0.299873
1.342313
2.059713
3.518730
4.044805
5.442539
6.178690
7.675250
8.625078
10.303956
11.683208
12.836304
14.958439
16.998093
0.000000
0.000000
0.000000
-0.000001
0.000948
0.000010
-0.000001
-0.000003
0.000000
0.000000
-0.000000
-0.000001
0.000002
-15.959400
-10.623795
0.000000
-6.932071
-0.910241
0.357451
1.285454
2.219580
2.844521
4.011497
4.758051
6.017061
7.054607
8.533344
10.313341
11.964928
13.914914
15.874612
17.838367
-0.000001
0.000000
-0.000001
0.000000
-0.000068
-0.000001
-0.000000
-0.000001
-0.000000
0.000001
0.000000
0.000001
-0.000162
-14.893104
-11.331338
0.000000
-7.239204
0.546826
-0.356179
0.459923
1.318482
2.252190
3.021769
4.235207
5.198030
6.541087
7.801814
9.545565
11.594916
13.335554
15.366206
17.223888
-0.423076
-0.000002
-0.000000
0.000000
-0.000001
0.000001
0.000001
-0.000001
0.000001
-0.000072
0.000000
-0.000003
0.000002
-16.855186
-11.977131
0.000000
-6.962311
-0.487908
-0.057392
0.311209
1.512498
2.340215
3.502276
4.311213
5.563456
6.708442
8.257151
9.496689
11.232738
13.042260
14.599236
16.970486
-0.000031
-0.000000
0.000000
-0.000000
-0.000000
0.000000
0.000000
0.000001
0.000001
-0.000001
-0.000002
-0.000001
-0.000001
-18.916285
-14.628686
-9.527473
0.000000
-5.692085
0.369228
1.244570
1.649732
2.800682
3.165142
4.342409
5.093684
6.375917
7.510262
9.107491
10.486108
12.680069
14.704849
16.777296
-0.000073
-0.000000
-0.000000
-0.000000
0.000000
-0.000039
-0.000001
0.000001
-0.000000
-0.000002
0.000001
-0.000003
-0.000000
-17.316149
-11.321294
0.000000
-7.096423
0.553011
-0.473805
0.325504
0.803276
1.917361
3.109380
3.981272
5.229589
6.299483
7.794477
9.291172
10.967051
13.140213
15.220160
17.732115
19.920221
0.000000
-0.000000
0.000001
-0.000001
-0.000030
-0.000001
0.000000
0.000002
-0.000001
0.000002
-0.000005
0.000000
-20.062031
-14.043547
0.000000
-7.522207
-2.109658
-0.608465
0.261078
0.858376
2.228577
3.046993
4.309195
5.261419
6.579591
7.782233
9.193323
11.343630
13.039087
15.163445
17.622366
19.883387
-0.000000
-0.000000
0.000000
-0.265524
0.000001
0.000000
-0.000000
0.000002
-0.000001
-0.000004
-0.000002
-0.000091
-0.000001
-14.814483
0.000000
-6.965276
0.578463
-0.366419
0.456254
1.006349
2.175786
3.335676
4.020196
5.333562
6.317674
7.706967
9.045199
10.661799
12.801081
14.778974
16.850294
19.502584
0.000000
-0.000000
0.000000
0.000000
-0.000029
-0.000000
-0.000001
0.000001
-0.000000
-0.000005
-0.000008
0.000000
-0.000002
-19.785713
-14.817183
0.000000
-6.956220
-1.098471
0.683705
1.757485
2.604673
3.807955
4.313853
5.689131
6.445589
7.766459
8.640086
10.132307
11.704501
13.411573
15.918370
18.252625
0.000000
-0.000001
0.000000
0.000000
0.000001
-0.000000
-0.000001
-0.000001
0.000002
0.000000
-0.000002
-0.000002
0.000002
-18.592134
-11.481890
0.000000
-6.510355
1.191778
0.052570
0.804513
1.791222
2.910292
3.513469
4.872763
5.603827
7.041593
7.845805
9.178210
10.366488
12.323852
14.418230
16.177254
-0.143948
-0.000001
0.000000
-0.000000
0.000000
-0.000000
-0.000001
-0.000001
0.000001
-0.000025
-0.000001
-0.000000
-0.000000
0.000002
-16.213211
0.000000
-6.470606
-0.096846
0.299504
0.661878
1.843309
2.590055
3.787490
4.483947
5.755391
6.720538
8.152698
9.566607
11.107956
13.382106
15.454702
17.456110
0.000001
-0.000001
-0.000000
-0.000000
-0.000008
0.000001
-0.000001
0.000000
0.000000
0.000058
-0.000000
-0.000002
-0.000000
-17.416056
-13.265565
0.000000
-6.802355
-0.387471
0.555476
1.614657
2.268976
3.763631
4.173347
5.583433
6.220547
7.767876
8.690265
10.410806
11.654732
13.173118
14.569115
16.636723
0.000003
0.000000
0.000000
0.000000
0.000000
0.000011
0.000000
0.000001
-0.000062
-0.000007
0.000002
-0.000001
-0.000003
-18.849560
-13.354088
0.000000
-6.708674
-0.498105
0.420553
1.261806
1.876365
3.211871
3.735213
5.041091
5.863341
7.152454
8.206271
9.463437
11.466569
13.307237
14.886038
17.190708
0.000001
-0.000001
0.000000
0.000000
-0.000106
-0.000017
-0.000000
-0.000000
0.000001
-0.000000
0.000001
-0.000007
-0.000119
-19.189705
-12.987153
0.000000
-6.564963
-0.598955
0.231258
0.670107
1.926875
2.679274
3.830721
4.453096
5.713450
6.673410
8.054150
9.351910
11.021272
13.011218
14.939558
16.687534
0.000230
0.000000
0.000000
0.000001
-0.000002
0.000001
0.000001
0.000001
0.000001
0.000019
-0.000001
-0.000001
0.000277
-17.613020
-12.315604
0.000000
-6.953384
0.820073
-0.248461
0.559662
1.510280
2.528933
3.354584
4.742002
5.605874
7.060627
8.069394
9.718640
11.044375
12.051853
14.317679
16.262346
-1.240364
0.000001
0.000000
0.000000
-0.000000
0.000003
-0.000001
0.000002
0.000000
0.000001
0.000000
0.000003
-0.000002
0.000002
-14.875148
-9.417490
0.000000
-6.991664
-1.086381
0.607611
1.585384
2.280532
3.307217
3.820029
4.992665
5.899897
7.255558
8.538367
10.202397
11.983275
14.080108
16.155783
18.404573
