0.009862
-0.756797
-0.160582
0.003607
0.037853
0.037532
0.036074
0.013145
0.030583
0.036026
0.068260
-0.007682
-1.618602
-2.193458
-2.727458
-5.042380
-6.887650
-9.120440
-9.174254
2.732762
5.883587
6.910643
7.099731
4.578855
1.789800
-2.422238
-7.703594
-13.085878
-13.825244
-12.654866
-5.034365
0.000000
-0.334370
-0.548807
-0.865615
-0.270728
-0.289095
-0.297445
-0.249505
-0.213951
-0.171137
-0.137590
-0.121336
-0.137893
-0.482787
-1.969496
-2.313326
-4.395026
-6.182780
-8.867249
-9.245271
2.694516
5.241802
6.222703
6.785821
4.257362
1.336965
-2.408566
-6.635536
-9.586954
-12.573785
-13.148934
-10.445219
0.000000
-1.421729
-1.754447
-1.707297
-0.993753
-0.786216
-0.761065
-0.646735
-0.543589
-0.412348
-0.320023
-0.190530
-0.305776
-1.626440
-1.799224
-2.132560
-3.920626
-5.662283
-7.156745
-6.126960
5.021883
6.669455
6.241499
6.458485
3.195888
-1.036473
-6.114041
-12.013968
-15.586452
-16.317644
-12.257623
0.000000
-0.481377
-0.488904
-1.317496
-0.483431
-0.353971
-0.327380
-0.295102
-0.461952
-0.540211
-0.504624
-0.484927
-0.407230
-0.355756
-0.513503
-1.522377
-1.901173
-4.312754
-7.093582
-10.265194
1.241682
4.583521
6.680237
6.991449
7.509366
4.414004
1.033736
-3.502074
-8.489942
-13.108321
-17.466787
-20.152256
0.000000
-0.751085
-0.782515
-1.406306
-0.683423
-0.577684
-0.565422
-0.473017
-0.399362
-0.314268
-0.226855
-0.160118
-0.074573
-0.244157
-1.675936
-1.945714
-2.426405
-4.181345
-5.885099
-5.576792
-4.982958
2.884910
3.679912
3.691223
3.030238
0.580697
-2.114341
-5.142578
-7.245348
-7.531890
-6.542241
-11.929449
-12.858621
0.000000
0.138015
-0.459969
-0.523354
-0.162242
-0.210522
-0.189146
-0.170116
-0.157675
-0.143139
-0.132540
-0.158527
-0.385077
-1.996808
-2.420051
-2.855246
-4.737322
-6.337218
-7.609672
-6.858734
2.531036
4.571326
5.298045
5.308483
3.152862
0.665789
-3.202049
-7.397067
-9.961007
-11.108747
-9.286124
-5.790179
0.000000
-0.413159
-0.565221
-0.900730
-0.245359
-0.246504
-0.259156
-0.226633
-0.199588
-0.163892
-0.157524
-0.162667
-0.152275
-0.181973
-1.569978
-1.944520
-2.321994
-4.509764
-7.192300
-10.168116
-0.612178
3.522089
6.721218
7.737881
7.996424
4.638816
1.192923
-3.538623
-8.987935
-13.721651
-18.029537
-16.502722
2.234257
0.000000
-0.681093
-0.787657
-1.059219
-0.370162
-0.335000
-0.300790
-0.242365
-0.236326
-0.178028
-0.169236
-0.108408
-0.095191
-0.106295
-1.635399
-2.045414
-4.066551
-6.040565
-8.916717
-9.439674
3.421683
5.887270
6.544247
7.308349
4.320857
0.811196
-3.737373
-8.612988
-12.173770
-15.623978
-12.264545
-0.569663
0.000000
-0.345845
-0.514490
-0.695951
-0.579691
-0.521736
-0.576793
-0.508870
-0.453193
-0.358769
-0.333220
-0.238924
-0.196003
-0.311813
-1.756925
-2.007460
-2.420274
-4.440491
-6.210617
-6.876430
-6.019697
3.682037
4.626372
5.538311
3.989285
2.231112
-0.581226
-3.593909
-8.045775
-11.707783
-11.646975
-15.488231
2.049290
0.000000
-0.297057
-0.498661
-0.958781
-0.781122
-0.395970
-0.494564
-0.585320
-0.654709
-0.723698
-0.784946
-0.831275
-0.602949
-0.281664
-0.072439
0.328407
-2.089998
-4.988087
-8.345793
-11.297920
0.659983
4.485960
6.990024
7.336529
7.958075
5.271991
2.354840
-2.027343
-7.287055
-11.879951
-15.792486
-22.344410
-7.853492
0.000000
0.711378
0.353257
0.064640
0.192313
0.094268
0.041491
0.038959
-0.013830
0.004112
-0.032113
-0.017687
-0.051486
-0.253744
-1.933278
-2.432363
-4.844118
-7.823551
-9.773374
-10.473280
2.411014
5.515040
6.471138
6.827822
4.358777
1.624705
-2.316138
-6.969811
-11.825642
-13.119230
-11.518445
-3.510223
0.000000
-0.516471
-1.081661
-1.130898
-0.560435
-0.578581
-0.579926
-0.505637
-0.461090
-0.343685
-0.274170
-0.185653
-0.291443
-1.755496
-2.084123
-2.498018
-4.322143
-5.914182
-7.985621
-7.601718
4.402860
6.607839
6.690250
7.048233
3.415930
-0.731725
-6.040362
-12.504864
-17.882313
-17.312040
-12.999326
0.000000
-0.058144
-0.414691
-1.297335
-1.031712
-0.695265
-0.295305
-0.382949
-0.421660
-0.503504
-0.415692
-0.303891
-0.212662
-0.129150
-0.108271
0.141811
-2.753825
-5.670465
-8.625850
-9.938137
2.425278
4.844415
5.797206
6.296855
4.776983
2.337440
-1.157444
-4.500916
-8.488689
-10.603873
-11.118675
-18.252127
-13.966224
0.000000
1.018185
0.422678
0.129059
0.263081
0.246381
0.162025
0.121591
-0.005092
-0.103040
-0.207039
-0.291627
-0.392591
-0.356305
-0.266017
-1.782344
-5.099513
-8.290483
-11.427273
-12.531231
2.060515
4.681330
5.587204
6.455414
4.460724
2.354537
-1.006282
-4.958472
-8.894845
-12.773174
-11.559661
-4.679659
0.000000
0.296005
-0.222639
-0.368026
-0.079269
-0.089759
-0.105687
-0.056409
-0.095002
-0.056557
-0.093070
-0.069832
-0.179922
-0.506517
-2.040951
-2.512060
-4.803759
-6.974019
-9.261764
-9.438789
3.420667
6.268424
7.077486
7.264488
4.275722
0.978339
-3.589226
-8.979142
-14.448017
-14.869318
-12.970592
-2.279814
0.000000
-0.394792
-0.727057
-0.927157
-0.295718
-0.317211
-0.290425
-0.252889
-0.190625
-0.173627
-0.132774
-0.138691
-0.183796
-0.536916
-1.965101
-2.370957
-4.586716
-6.552670
-8.734683
-8.831727
3.412915
6.138052
6.716282
6.913589
3.964109
0.389173
-4.225173
-9.123963
-12.241624
-15.266775
-14.738161
0.052233
0.000000
-1.032406
-1.212745
-1.818098
-0.801066
-0.592483
-0.533398
-0.488184
-0.392477
-0.339890
-0.239870
-0.199238
-0.250413
-1.603124
-1.853581
-2.136579
-4.058546
-5.760520
-7.940905
-7.611599
4.040188
6.423049
6.940942
7.232594
3.880676
-0.149569
-4.978903
-11.237546
-17.695070
-17.095186
-14.306477
3.838752
0.000000
-0.437514
-0.751027
-1.156648
-0.834902
-0.457241
-0.583731
-0.649044
-0.756598
-0.805250
-0.683811
-0.454894
-0.224146
-0.089089
0.042270
0.186409
-3.083393
-6.218519
-9.545588
-10.034030
2.670990
4.859075
5.318139
6.143516
4.058172
2.022222
-0.958811
-4.083836
-7.464602
-10.169713
-11.010278
-18.941854
0.000000
-0.259561
-0.651721
-0.843664
-0.178337
-0.228179
-0.186253
-0.175856
-0.139876
-0.126075
-0.050313
-0.055381
-0.106205
-1.549978
-1.969692
-2.433405
-4.656096
-6.412956
-8.611623
-8.571404
3.172607
5.986764
6.795894
7.289865
4.465185
1.332032
-3.062558
-7.919103
-11.666978
-13.662210
-11.715454
-4.213803
0.000000
-0.051853
-0.365874
-0.529716
-0.394695
-0.422079
-0.437381
-0.347378
-0.319516
-0.230716
-0.214876
-0.142270
-0.407052
-1.798634
-2.104709
-2.379203
-4.374460
-5.794094
-8.460687
-8.584150
3.427228
5.778967
6.648354
7.103025
4.052947
0.269307
-4.711535
-10.456738
-17.065384
-16.653664
-13.674318
5.302216
0.000000
-0.903857
-1.025635
-1.219008
-0.323360
-0.288081
-0.278848
-0.227372
-0.207135
-0.163523
-0.129406
-0.130214
-0.097156
-0.074557
-1.360761
-1.724086
-3.919714
-6.207612
-9.768460
-10.605391
3.232745
5.803697
6.499193
7.179960
4.237110
1.282397
-2.676807
-6.450401
-9.849783
-13.571346
-18.319950
-14.985279
1.112132
0.000000
-0.934997
-0.968680
-1.438560
-0.399167
-0.116461
-0.056333
-0.013488
0.017983
0.006832
0.043491
0.019510
-0.323536
-1.883040
-2.338383
-4.361392
-6.296348
-8.234589
-8.211288
2.972841
5.499226
6.218553
6.617411
3.774397
0.716409
-3.548230
-8.175967
-11.362337
-12.346679
-10.451700
2.051837
0.000000
-0.615081
-0.677314
-1.419479
-0.482001
-0.402887
-0.375815
-0.349949
-0.267564
-0.225589
-0.140238
-0.138685
-0.176162
-0.526137
-1.974001
-2.284124
-2.705490
-4.277562
-5.875269
-5.043485
-4.301609
2.942703
3.702597
3.484389
2.767555
0.611203
-2.019932
-4.532032
-6.513690
-6.726733
-5.865575
-11.876668
0.000000
0.212900
-0.253835
-1.355710
-0.650045
-0.659097
-0.740891
-0.697155
-0.581853
-0.476504
-0.420604
-0.343781
-0.346845
-1.030120
-2.037045
-2.253894
-2.605179
-4.230899
-6.176588
-7.932763
-7.172103
4.095347
6.277426
6.359653
6.638376
3.517111
-0.231886
-5.298018
-8.099174
-12.584389
-11.377005
-16.260204
0.000000
-0.813416
-0.916559
-1.248528
-0.786891
-0.719676
-0.690259
-0.602884
-0.499750
-0.441414
-0.324604
-0.247473
-0.150757
-0.322308
-1.677158
-1.921303
-2.366632
-4.081271
-5.621355
-5.547688
-4.780204
3.055173
3.575476
3.703490
3.667266
1.077623
-1.832521
-5.301776
-7.834967
-8.848444
-7.766184
-11.171844
-12.723992
0.000000
0.147486
-0.499884
-0.588102
-0.217827
-0.217526
-0.326737
-0.411484
-0.537073
-0.564028
-0.384380
-0.145274
-0.048994
-0.054399
-1.272921
-3.071348
-5.610554
-8.437851
-11.263219
-0.437199
4.147844
7.175814
7.679222
7.440172
3.865363
0.081242
-4.889676
-10.721732
-15.962513
-19.480217
-13.950143
1.767891
0.000000
-0.419936
-0.524946
-0.662980
-0.138170
-0.161620
-0.243580
-0.277803
-0.334023
-0.372425
-0.342603
-0.157656
0.019184
0.067650
0.060928
-1.366215
-3.467846
-5.820877
-9.056040
-9.804910
2.188814
4.651571
5.844092
6.422541
4.790331
2.281953
-1.298948
-5.135433
-8.042912
-10.281805
-19.260777
-16.607410
0.000000
-1.912886
-2.181396
-1.842106
-1.001437
-0.902752
-0.912041
-0.855214
-0.731165
-0.592390
-0.402690
-0.191471
-0.131511
-0.958241
-1.419930
-1.615140
-3.531212
-5.217259
-7.140219
-6.085652
5.591890
7.854890
7.806555
7.781337
3.594173
-1.022398
-6.100096
-12.880896
-19.740370
-19.052021
-15.050151
6.609919
0.000000
-1.005584
-1.089369
-1.988912
-1.750223
-1.390746
-0.921004
-0.958896
-0.967707
-1.006276
-0.973896
-0.809425
-0.516540
0.085758
0.718439
0.962405
-1.808549
-5.150793
-8.404675
-8.079061
3.168568
4.429084
4.535711
6.095044
4.740100
2.783647
0.334016
-2.663172
-5.629909
-7.682406
-7.268980
-18.440359
0.000000
-0.570230
-0.766512
-0.722610
-0.274506
-0.298500
-0.301029
-0.244943
-0.227850
-0.165675
-0.122068
-0.021964
0.026653
0.015763
-1.398176
-1.822881
-4.087138
-6.531534
-8.884698
-9.370863
3.644250
6.192338
6.745344
6.823895
3.509488
-0.043809
-4.574940
-9.410836
-12.644686
-16.150927
-12.472208
-3.732649
0.000000
-1.032846
-1.137818
-1.218543
-0.411271
-0.381572
-0.327170
-0.292709
-0.209680
-0.209243
-0.160889
-0.121445
-0.032337
-0.061141
-1.439224
-1.851747
-3.943042
-6.432858
-8.782110
-9.380008
3.325672
5.745414
6.379807
6.978351
4.074539
0.747641
-3.635653
-8.182483
-11.943973
-14.957072
-12.680937
0.399293
0.000000
-0.298798
-0.512224
-0.854057
-0.282604
-0.341402
-0.360140
-0.443845
-0.553614
-0.524432
-0.426332
-0.311930
-0.212226
-0.140004
-0.030231
-1.202578
-3.437513
-5.760265
-9.564393
-10.256239
2.998085
5.454039
6.281632
6.520621
4.604037
1.996401
-1.690368
-5.249683
-9.324745
-11.693331
-12.211330
-5.444942
-14.378687
0.000000
0.936244
0.178806
0.017374
0.123651
0.000789
-0.057083
-0.045569
-0.076208
-0.073818
-0.134610
-0.109586
-0.277353
-1.968451
-2.493964
-2.991856
-5.355836
