-6.587845
-1.099554
0.563013
1.496951
2.240491
3.316290
3.799774
5.020415
5.901103
7.190132
8.397819
10.115185
11.775262
13.769180
15.910959
18.102840
0.000061
0.000059
0.000007
0.000009
-0.001423
0.000007
0.000090
0.000047
0.000045
0.000037
0.000033
0.000595
0.000010
-14.452088
-11.435801
0.000000
-7.080561
0.918868
-0.314481
0.125801
1.301634
2.140041
3.249681
4.099556
5.336612
6.403287
7.867766
9.395303
10.901673
12.967072
15.031732
17.085268
13.023720
0.005398
0.000006
0.000007
0.000008
-1.256634
0.001237
0.000073
0.000043
-0.000001
0.000031
0.000572
0.000010
-20.237906
-13.802320
0.000000
-7.762963
-1.986063
0.137269
0.635271
1.977133
2.792852
3.919476
4.833049
6.141716
7.304908
8.705665
10.511971
12.496618
14.400490
16.468815
18.779543
0.000058
0.000044
0.000007
0.000009
0.638638
0.020549
0.000891
0.000049
0.000039
0.000034
0.000041
0.000444
-0.000023
-16.285627
0.000000
-7.642716
-1.029310
-0.920550
-0.151561
0.778007
1.806427
2.726960
4.107097
5.224818
6.645064
7.879888
9.383280
10.727465
12.345574
14.276709
16.377859
18.671755
0.000053
0.000056
0.000146
0.000008
0.000161
0.003625
0.000780
0.000072
0.000037
0.000002
0.000016
0.000737
0.002931
-20.061935
0.000000
-7.492685
0.687366
-0.703730
0.116433
1.076864
1.965656
3.165313
4.069739
5.341456
6.426863
7.895148
9.418274
10.866161
12.934649
14.956506
17.284868
19.588490
0.005979
0.000018
0.000008
0.000008
0.729349
0.000095
0.000238
0.000041
0.000020
0.000027
0.000620
0.000006
0.000306
-18.656300
-13.706491
0.000000
-6.884805
-1.044670
0.810727
1.199912
2.208268
3.192254
3.771603
4.912103
5.861205
7.248261
8.559537
10.203691
12.173044
14.158194
16.404768
18.818705
0.000058
0.000036
0.000007
0.000008
0.122896
0.000040
0.000088
0.000049
0.000038
0.000030
0.000600
0.000006
-20.176970
-14.362061
-11.289651
0.000000
-7.466636
0.828434
-0.640085
0.133943
1.016780
2.000903
2.887010
4.095496
5.069705
6.433189
7.745027
9.340346
10.929823
12.837224
14.701596
17.015884
19.447729
0.006429
0.000056
0.012215
0.026126
-0.000000
0.000009
0.000097
0.000067
0.000047
0.000042
0.000024
0.000524
0.000010
0.000006
-18.475607
0.000000
-6.930620
1.231483
-0.203840
0.258977
1.499982
2.344883
3.447263
4.205719
5.392285
6.397998
7.769299
9.094903
10.879128
12.626634
14.588692
16.645521
18.763412
0.007573
0.000005
0.000008
0.000008
-1.265007
0.000094
0.000057
0.000046
-0.000800
0.000025
0.000586
0.000007
-20.063177
-16.205095
0.000000
-7.423614
-1.657135
-0.740066
0.065092
1.011494
1.890139
3.091701
3.995145
5.286602
6.374639
7.834195
9.363642
10.826815
12.867182
14.868807
17.157385
19.481878
0.005522
0.000033
0.000007
0.034881
0.000000
0.000015
0.000804
0.000053
0.000045
0.000034
0.000800
0.000006
-0.000001
0.000001
-16.391760
0.000000
-6.914927
0.444483
-0.056301
0.631590
2.006422
2.779509
3.943779
4.516856
5.808358
6.735841
8.140940
9.430921
11.101723
12.600821
14.425994
16.400093
-0.002131
0.000055
0.000063
0.000008
0.000018
0.000083
0.003213
0.000089
0.000055
0.000033
0.000033
0.000014
0.000740
0.000922
-20.058962
-15.153306
0.000000
-6.593000
1.178992
-0.003362
0.393454
1.557021
2.348612
3.458441
4.171067
5.384965
6.368614
7.770556
9.128417
10.613317
12.785345
14.754025
16.766714
5.330873
0.000057
0.000005
0.000007
0.000009
0.019897
0.000093
0.000054
0.000046
0.003137
0.000032
0.000567
0.000007
-15.488293
-12.742068
0.000000
-7.471906
-0.098986
0.497984
0.944741
2.222795
2.898780
3.982487
4.779420
6.007809
7.097055
8.598205
9.978944
12.097452
13.877270
15.890348
18.119200
0.000060
0.000050
0.000008
0.000009
-0.000630
0.020952
0.001488
0.000048
0.000045
0.000135
0.000039
0.000532
0.000011
-15.139959
0.000000
-7.273221
-1.605445
-0.034655
0.970850
1.710053
3.107610
3.727721
4.974499
5.803867
7.182940
8.269561
9.850900
11.174479
12.931032
14.461046
16.710714
-0.000003
0.000055
0.000039
0.000148
-1.194138
-0.000656
-0.000005
0.000084
0.000050
0.010082
0.000012
0.000011
0.000517
0.000010
-16.188755
-13.397306
0.000000
-6.485837
-0.705986
1.157077
1.741037
3.074628
3.503257
4.742408
5.257687
6.624338
7.512444
9.084191
10.371119
12.199645
13.837852
15.367465
12.411646
0.005737
0.000060
0.000007
0.000006
0.000004
0.000004
0.000089
0.000051
0.000036
0.000031
0.000012
0.000633
0.000006
-20.059172
-14.306391
0.000000
-6.811711
-0.554746
0.345366
1.076336
1.953414
2.655294
3.799565
4.609369
5.791171
6.828293
8.289145
10.076248
11.505432
13.597767
15.579679
17.638248
0.000058
0.000056
0.000006
0.000008
-0.000014
0.000007
0.000091
0.000047
0.000043
0.000033
0.000029
0.000667
0.000004
-15.631857
-12.546406
0.000000
-7.074821
-0.621874
-0.016999
0.747623
1.248773
2.576834
3.350362
4.497720
5.431366
6.768500
8.005505
9.679313
11.408373
13.396327
15.394999
17.412987
0.000051
0.000155
0.000006
0.000008
-1.795478
0.000008
0.000094
0.000062
0.000041
0.052240
0.000030
0.000528
0.000053
-17.209253
-13.923432
0.000000
-7.546161
-1.063768
-0.466880
0.373117
0.875057
2.218501
3.035940
4.273667
5.282813
6.680151
7.980752
9.717051
11.702836
13.500298
15.532310
17.672291
-0.026016
0.000057
0.000006
0.000008
-0.016238
0.995145
0.000094
0.000054
0.000044
0.017960
0.000035
0.000466
0.000008
-18.559408
-13.983006
0.000000
-7.165863
-0.851398
0.106051
1.115863
2.165515
2.896631
4.064485
4.762006
6.039612
7.077731
8.551950
9.846235
11.590353
13.110842
14.774617
16.848167
-0.000004
0.000056
0.000006
0.000007
-3.749201
-1.025806
0.000089
0.000067
0.003546
0.000032
0.000017
0.000692
0.000010
-20.065126
-14.172391
0.000000
-7.045781
-0.995503
0.270087
1.185431
1.927013
3.031045
3.714020
4.882058
5.812390
7.162876
8.421232
10.187427
11.956593
13.918090
15.694459
17.841433
0.007049
0.000058
0.000007
0.000009
0.022097
0.000007
0.000091
0.000059
0.000046
0.000075
0.000038
0.000592
0.003085
-16.197409
-13.475722
0.000000
-7.275052
0.478862
-0.491258
-0.081690
1.071675
1.876381
3.026931
3.923245
5.228383
6.359962
7.897769
9.660065
11.284126
13.288370
15.256322
17.270750
19.444710
0.006208
0.000006
0.000007
0.000008
-0.601077
0.001026
0.000052
0.000042
0.002546
0.000029
0.000514
0.000007
-17.171640
-13.186691
0.000000
-7.436227
-0.906786
-0.352227
0.083082
1.167271
2.354983
3.200534
4.363126
5.323277
6.801034
8.053916
9.613179
11.017460
13.009703
14.848269
16.903831
15.153785
0.005937
0.000005
0.000007
0.000007
-0.097482
0.000087
0.000082
0.000042
0.000040
0.000023
0.000726
0.000006
0.000000
-16.446543
-10.962419
0.000000
-6.252656
-0.046045
1.028065
1.507859
2.714163
3.182191
4.294756
5.112298
6.352973
7.509819
8.865830
10.701550
12.566742
14.718713
16.775398
-0.060326
0.000055
0.000006
0.000007
0.000009
0.018045
0.000091
0.000049
0.000041
0.000025
0.000028
0.000611
0.000006
-17.195347
-11.221851
0.000000
-7.399534
-1.659306
-0.703015
0.093827
0.936776
1.892971
2.768963
3.996663
5.001733
6.402320
7.677413
9.286621
11.036201
13.108296
15.198412
17.475807
19.841076
0.005074
0.000576
0.000007
0.000008
0.671307
0.000095
0.000079
0.000043
-0.002456
0.000028
0.000520
0.000009
-0.063158
-15.780766
0.000000
-7.459030
-0.454009
-0.829012
-0.409620
0.814368
1.692777
2.908193
3.873824
5.197985
6.324773
7.826375
9.405849
10.761056
13.023575
15.093007
17.376181
19.747486
0.005062
0.000045
0.000008
-0.009077
0.000008
0.000010
0.002574
0.000061
0.000046
-0.000026
0.000627
-0.007863
0.000004
0.000002
0.000000
-7.324502
0.219296
-0.687859
0.102080
1.010055
2.022968
2.912469
4.082459
5.039635
6.383221
7.590177
9.097687
10.797609
12.860314
14.867072
17.077667
19.452499
0.000057
0.000023
0.000008
0.000008
0.000401
0.000077
0.000089
0.000042
0.000023
0.000023
0.000013
0.000383
0.000006
-18.359219
-14.373604
0.000000
-6.905752
-1.033529
0.778605
1.318005
2.699718
3.243042
4.452108
5.129863
6.428715
7.360217
8.694071
10.085695
11.683541
13.717579
15.802039
18.077776
0.000055
0.000061
0.000021
0.000007
0.000005
0.000006
0.000091
0.000051
0.000046
0.000043
0.000023
0.000674
0.000088
-20.061951
-15.119822
0.000000
-6.714773
0.812156
-0.051073
0.720874
1.699600
2.564883
3.741028
4.451493
5.706242
6.665427
7.950584
9.051640
10.641246
12.184805
14.322021
16.406563
14.539754
0.005688
0.000021
0.000144
0.000007
0.209767
0.001776
0.000123
0.000052
0.006302
0.000024
0.000607
0.000007
0.000007
-14.408690
0.000000
-7.342989
-0.845583
-0.251694
0.558831
1.075911
2.409017
3.189246
4.401527
5.387073
6.776920
8.056868
9.655665
11.756865
13.541898
15.745219
17.775700
0.000043
0.000059
0.000007
0.000008
-3.150440
0.933162
0.000707
0.000049
0.000041
0.014176
0.000033
0.000440
0.000006
-16.115967
-10.500652
0.000000
-7.331015
-0.883457
0.126619
1.142232
1.856681
3.214766
3.702146
4.974147
5.711065
7.086791
8.213053
9.808106
11.330478
13.106006
14.555821
16.762655
0.000039
0.000056
0.000086
0.001063
0.000006
-0.000409
0.000084
0.000075
0.094539
0.000021
0.000014
0.000724
0.000009
-0.000004
-16.607990
0.000000
-6.924408
-0.612882
0.331314
1.161021
2.121128
2.806527
3.973760
4.739226
6.021719
6.996332
8.363160
9.814430
11.388673
13.404367
15.396008
17.423435
-0.000002
0.000058
0.000006
0.000008
0.002754
0.015650
0.000091
0.000055
0.000041
0.000035
0.000027
0.000519
0.002226
-15.342653
-11.509270
0.000000
-7.083076
-0.566723
-0.084666
0.416921
1.549758
2.748057
3.423611
4.577181
5.460939
6.729565
7.885525
9.233846
11.080507
12.859104
14.791519
16.860430
-0.076429
0.000057
0.000005
0.000007
0.000009
0.000008
0.000339
0.000058
0.000049
-0.000812
0.000030
0.000557
0.012591
0.000003
-16.977491
0.000000
-7.095668
0.695218
-0.377234
0.077120
1.314697
2.204791
3.399374
4.312401
5.607861
6.704209
8.140353
9.450421
11.073979
12.437564
14.245780
16.320002
18.124260
0.007012
0.000527
0.000006
0.000007
-1.821148
0.065854
0.000087
0.000055
0.000037
0.000022
0.000568
0.000010
0.000383
-17.420000
-14.013872
0.000000
-6.566298
-0.668618
0.918262
1.269037
2.240919
3.231299
3.761314
4.920617
5.827442
7.169168
8.459785
10.116125
12.037470
13.912192
16.090727
18.398188
