-0.000025
-0.000004
0.000238
0.000576
0.000680
0.000602
0.000539
0.000642
0.000814
0.000704
0.000505
0.000365
0.000294
0.000544
0.000860
0.001091
0.001216
0.001337
0.001468
0.001619
0.000217
-0.000977
-0.001618
-0.001498
-0.000580
0.000875
0.002469
0.003657
0.003879
0.003918
0.011609
0.000545
0.002997
0.004561
0.006144
0.008061
0.010143
0.012587
0.014988
0.017168
0.018996
0.020687
0.022158
0.023659
0.025526
0.027146
0.027971
0.027639
0.025935
0.025040
0.024598
0.026194
0.030631
0.035016
0.036037
0.037138
0.039186
0.043295
0.047360
0.050435
0.052805
0.054198
0.056503
0.001364
0.010530
0.019305
0.026655
0.032695
0.038402
0.044190
0.049730
0.054647
0.058738
0.062015
0.064463
0.066728
0.067767
0.066925
0.064557
0.060807
0.055764
0.051882
0.046734
0.042001
0.038795
0.039529
0.041361
0.039128
0.042445
0.050483
0.060431
0.067781
0.067728
0.058776
0.001449
0.004994
0.005813
0.006623
0.008006
0.009757
0.011783
0.013732
0.016866
0.021428
0.026269
0.031114
0.035721
0.039844
0.043179
0.045877
0.047278
0.046618
0.043004
0.040089
0.036844
0.033600
0.032366
0.032387
0.030633
0.024259
0.019423
0.016477
0.016096
0.012549
0.002948
-0.007538
0.001667
0.007397
0.010552
0.013258
0.016489
0.020210
0.024220
0.027941
0.031222
0.034018
0.036271
0.038015
0.039249
0.040654
0.041958
0.041713
0.041495
0.040734
0.038621
0.035797
0.032541
0.031363
0.030745
0.027140
0.021119
0.020285
0.028370
0.042790
0.058897
0.071366
0.077012
0.091345
0.112059
-0.000283
-0.002833
-0.005334
-0.006677
-0.006286
-0.004741
-0.002991
-0.001282
0.000493
0.002162
0.003874
0.005748
0.007726
0.010126
0.011857
0.013111
0.013906
0.014500
0.015603
0.016775
0.018648
0.019093
0.019132
0.019115
0.018428
0.017980
0.017097
0.015225
0.011943
0.007716
0.001234
0.003326
0.000702
0.003975
0.006142
0.007801
0.009528
0.011261
0.013225
0.015323
0.017187
0.018942
0.020616
0.022347
0.024156
0.026032
0.027536
0.028168
0.028371
0.028013
0.027091
0.027094
0.027154
0.027993
0.029450
0.030311
0.029857
0.030512
0.033244
0.039189
0.046783
0.051627
0.051962
0.060155
0.062973
0.000906
0.005839
0.009917
0.012852
0.015383
0.017688
0.019856
0.021894
0.023788
0.025505
0.027104
0.028608
0.029833
0.030713
0.031247
0.031067
0.029707
0.027305
0.025527
0.023381
0.021550
0.021657
0.023373
0.022683
0.020755
0.022470
0.027816
0.035540
0.040700
0.039944
0.037335
0.035751
0.000791
0.002945
0.003254
0.004347
0.006703
0.010047
0.014202
0.018572
0.022544
0.026062
0.029225
0.032003
0.034172
0.036563
0.038904
0.039551
0.039592
0.038753
0.036591
0.034256
0.031295
0.029330
0.029508
0.032383
0.033853
0.034004
0.035453
0.038082
0.041378
0.040137
0.036852
0.043682
0.044981
0.000614
0.003220
0.004243
0.005091
0.006724
0.009580
0.013571
0.018651
0.024762
0.031767
0.039527
0.047922
0.055263
0.059772
0.061664
0.060125
0.054898
0.047713
0.042012
0.037506
0.032590
0.027546
0.022047
0.016943
0.009397
-0.002873
-0.017080
-0.033588
-0.049803
-0.064773
-0.080938
-0.089064
-0.079534
0.000202
-0.003657
-0.010761
-0.015794
-0.018364
-0.019383
-0.019756
-0.019757
-0.019455
-0.019050
-0.018510
-0.017927
-0.017246
-0.016394
-0.014884
-0.013930
-0.012941
-0.011379
-0.009812
-0.007944
-0.005617
-0.003327
-0.001223
0.000650
0.003765
0.006667
0.010100
0.013560
0.017462
0.021582
0.023849
0.031656
0.000101
0.001860
0.004486
0.007676
0.011540
0.015837
0.020362
0.024727
0.028843
0.032324
0.035133
0.037417
0.039702
0.041605
0.042298
0.042121
0.040493
0.037614
0.035025
0.032089
0.030724
0.031760
0.035775
0.039676
0.043253
0.051700
0.064243
0.078470
0.090401
0.096490
0.096415
0.000190
-0.000604
-0.001797
-0.002504
-0.002487
-0.001519
0.000529
0.003564
0.007511
0.012380
0.017215
0.021071
0.024050
0.026373
0.028131
0.028216
0.026232
0.022295
0.018905
0.016040
0.012667
0.008950
0.004444
0.001769
-0.000468
-0.002298
-0.002839
-0.002158
-0.000559
-0.000782
-0.004648
0.004217
0.041737
-0.000435
-0.007538
-0.017634
-0.025234
-0.029253
-0.031661
-0.033224
-0.034168
-0.034116
-0.033032
-0.030959
-0.027897
-0.023857
-0.019665
-0.016120
-0.012803
-0.010803
-0.008579
-0.006303
-0.003715
-0.001417
0.000416
0.002196
0.003240
0.002924
0.000483
-0.003900
-0.009244
-0.013805
-0.017268
-0.016775
-0.003303
-0.000126
-0.002312
-0.005600
-0.007242
-0.007222
-0.006433
-0.005481
-0.004666
-0.003744
-0.002718
-0.001686
-0.000547
0.001059
0.002704
0.004248
0.005163
0.005339
0.004931
0.004522
0.003664
0.002257
0.000996
0.000246
0.000199
0.001645
0.006166
0.013540
0.022573
0.030282
0.034573
0.036613
0.035929
0.000300
0.002313
0.004524
0.006674
0.008923
0.011134
0.013639
0.016011
0.017908
0.019616
0.021217
0.022755
0.024526
0.026315
0.027357
0.027764
0.027121
0.025382
0.024251
0.023032
0.022256
0.023393
0.024463
0.025882
0.028627
0.035174
0.046109
0.058821
0.069379
0.076442
0.076252
0.069191
0.000879
0.007135
0.013757
0.019385
0.024275
0.028545
0.032676
0.036706
0.040345
0.043518
0.046298
0.048514
0.050912
0.052956
0.053563
0.052696
0.050131
0.046186
0.043764
0.040653
0.037786
0.037671
0.037014
0.036216
0.036145
0.043135
0.056726
0.074091
0.089955
0.098884
0.107139
0.088757
0.000725
0.003868
0.006241
0.008085
0.010393
0.013950
0.018731
0.024668
0.031746
0.039736
0.047465
0.053258
0.056816
0.058615
0.059169
0.057657
0.053064
0.046513
0.042041
0.037738
0.033254
0.029240
0.023475
0.016232
0.008477
0.001625
-0.004825
-0.010692
-0.017141
-0.025295
-0.033069
-0.028445
0.000750
0.002986
0.003563
0.003928
0.004861
0.006326
0.007981
0.009556
0.011002
0.012415
0.013451
0.014258
0.015294
0.016288
0.016513
0.016125
0.014968
0.013563
0.013134
0.012607
0.012353
0.012197
0.012438
0.012480
0.011187
0.011435
0.012973
0.015367
0.016128
0.013693
0.009597
0.012196
0.000263
-0.000176
-0.001631
-0.001571
0.000330
0.003315
0.006786
0.010005
0.012944
0.015512
0.017712
0.019659
0.022888
0.027105
0.030013
0.031718
0.031320
0.029138
0.027593
0.025952
0.025394
0.027623
0.030135
0.029819
0.030584
0.036056
0.046696
0.059720
0.072250
0.079144
0.080691
0.062439
0.001242
0.008109
0.014374
0.018836
0.021915
0.024144
0.026310
0.028314
0.030093
0.031872
0.033422
0.034882
0.036200
0.037304
0.037684
0.037519
0.036284
0.033738
0.032629
0.031582
0.029529
0.028773
0.029407
0.028411
0.027156
0.028555
0.033759
0.040791
0.043681
0.040807
0.041345
0.046848
0.039370
0.001684
0.010196
0.016851
0.020901
0.023252
0.024426
0.025085
0.025405
0.025623
0.025785
0.025962
0.025918
0.025613
0.024703
0.023820
0.022553
0.020678
0.019388
0.017406
0.014796
0.012689
0.012316
0.012847
0.015508
0.021732
0.031443
0.042734
0.052182
0.057774
0.060768
0.061211
0.000961
0.005375
0.008450
0.010976
0.013579
0.016274
0.019178
0.022006
0.024523
0.026680
0.028398
0.029828
0.031308
0.032814
0.033879
0.034080
0.033906
0.033086
0.031217
0.028757
0.024663
0.020499
0.015378
0.008816
0.002324
0.001008
0.006618
0.017797
0.031536
0.043530
0.052010
0.069874
-0.000698
-0.005485
-0.009793
-0.010701
-0.008521
-0.004317
0.001110
0.007103
0.012400
0.017011
0.021176
0.024923
0.028549
0.032800
0.036590
0.038632
0.039825
0.040333
0.039662
0.038492
0.037046
0.037351
0.038265
0.041064
0.043714
0.045129
0.049726
0.057753
0.063250
0.061585
0.053528
0.062244
0.000823
0.004325
0.008168
0.011983
0.016366
0.021175
0.026037
0.030687
0.034807
0.038534
0.041637
0.044131
0.045993
0.047897
0.049476
0.049009
0.048312
0.047113
0.044866
0.041783
0.037707
0.036038
0.037565
0.036847
0.030591
0.026809
0.032027
0.044051
0.058763
0.069790
0.072997
0.078042
0.088613
-0.000155
-0.002461
-0.005002
-0.006018
-0.005702
-0.004371
-0.002081
0.001411
0.006137
0.011809
0.016492
0.019143
0.020345
0.021115
0.021895
0.021617
0.020502
0.019139
0.019105
0.019840
0.021966
0.023367
0.025460
0.028135
0.032351
0.038095
0.045055
0.051562
0.056019
0.056344
0.050476
0.042737
0.000935
0.004860
0.007058
0.008414
0.009236
0.010096
0.011633
0.013933
0.016871
0.020339
0.023926
0.026244
0.027051
0.026804
0.026259
0.025475
0.023909
0.021211
0.019107
0.017427
0.015723
0.014580
0.013152
0.012706
0.013639
0.015702
0.019594
0.025499
0.030270
0.032408
0.048054
0.071279
0.002273
0.014324
0.027303
0.037070
0.044157
0.050579
0.057644
0.064875
0.071627
0.077500
0.082025
0.084849
0.086192
0.084739
0.080641
0.074727
0.067135
0.059208
0.053475
0.044958
0.035231
0.028187
0.022922
0.019621
0.019993
0.033472
0.057832
0.088960
0.122032
0.152547
0.178043
0.160176
0.001631
0.009744
0.016591
0.022722
0.029721
0.037732
0.046329
0.055479
0.065157
0.075348
0.085713
0.095241
0.102447
0.104756
0.100587
0.092837
0.084362
0.073148
0.066035
0.057460
0.047043
0.037182
0.029092
0.020018
0.004106
-0.014139
-0.032315
-0.049407
-0.066525
-0.086026
-0.110586
-0.116613
0.001907
0.007945
0.010332
0.011693
0.012996
0.014700
0.016767
0.018787
0.020550
0.022137
0.023397
0.024088
0.024242
0.024177
0.023991
0.022892
0.021071
0.018339
0.015782
0.012348
0.008542
0.005583
0.004234
0.004772
0.008754
0.018885
0.034914
0.053737
0.069751
0.080868
0.086168
0.083830
0.001181
0.008590
0.015732
0.020797
0.024286
0.027039
0.029451
0.031640
0.033505
0.035318
0.037021
0.038485
0.039371
0.039990
0.040120
0.039371
0.037327
0.033775
0.031366
0.028825
0.026226
0.025304
0.024892
0.024658
0.023580
0.026174
0.032184
0.040647
0.045961
0.045441
0.043572
0.041449
0.000567
0.002393
0.003084
0.003938
0.005424
0.007568
0.010226
0.013678
0.018295
0.023590
0.028146
0.031693
0.034481
0.036568
0.037682
0.037862
0.036351
0.032873
0.029072
0.026210
0.023520
0.021863
0.021062
0.021265
0.021108
0.020885
0.021228
0.022489
0.023497
0.021385
0.015360
0.018994
0.056890
-0.000494
-0.007262
-0.015874
-0.021331
-0.023494
-0.023598
-0.022879
-0.021921
-0.020758
-0.019446
-0.017894
-0.016176
-0.014379
-0.011799
-0.009677
-0.007728
-0.005888
