0.940479
0.976235
0.993031
1.015916
1.040538
1.065958
1.092779
1.119093
1.143647
1.164492
1.179898
1.184689
1.174525
1.144954
1.101370
1.046652
1.034582
1.031795
0.994807
0.911479
0.795251
0.650771
0.520133
0.387088
0.214319
0.005373
-0.226138
-0.460176
-0.673124
-0.685994
-0.685977
0.900000
0.948000
0.993484
1.019231
1.047674
1.079339
1.112398
1.145525
1.177803
1.207506
1.233309
1.253213
1.264692
1.263494
1.240242
1.198655
1.144038
1.078857
1.077394
1.041115
0.958714
0.838334
0.698717
0.561732
0.450505
0.314318
0.135584
-0.074933
-0.293677
-0.507128
-0.687518
-0.685993
0.900000
0.955731
1.008158
1.038064
1.071227
1.105235
1.139038
1.171934
1.202669
1.229598
1.251269
1.265594
1.266884
1.248056
1.210598
1.159548
1.097320
1.074441
1.053586
0.995482
0.892223
0.762076
0.605936
0.475358
0.354269
0.192337
-0.005654
-0.224250
-0.443931
-0.653791
-0.680640
0.900000
0.954727
1.014295
1.052639
1.089272
1.128397
1.167897
1.206035
1.239125
1.264202
1.279840
1.285066
1.278569
1.259849
1.228764
1.179427
1.114493
1.039353
1.013406
1.012794
0.980920
0.901454
0.795965
0.660848
0.542324
0.438256
0.302885
0.123567
-0.087639
-0.308617
-0.524200
-0.686747
0.900000
0.955658
1.011166
1.045858
1.079631
1.114893
1.149718
1.183012
1.214290
1.242043
1.265067
1.281643
1.289972
1.285366
1.259592
1.215477
1.155660
1.084215
1.070215
1.034404
0.957320
0.839155
0.700950
0.570040
0.476208
0.366555
0.207833
0.011272
-0.193997
-0.391998
-0.579372
-0.685397
-0.685996
0.900000
0.946060
0.986043
1.003552
1.026096
1.051491
1.079686
1.110694
1.141909
1.171026
1.195440
1.212923
1.219663
1.207798
1.176179
1.128518
1.067633
1.054734
1.034896
0.976462
0.874416
0.747038
0.590549
0.452296
0.310553
0.130947
-0.080581
-0.296861
-0.504584
-0.687507
-0.686000
-0.686000
0.900000
0.951211
1.001191
1.031731
1.063228
1.098019
1.134054
1.169632
1.203427
1.234236
1.260542
1.277859
1.282617
1.273737
1.246396
1.200357
1.137534
1.062769
1.050319
1.044224
1.004978
0.920774
0.836920
0.723638
0.624151
0.530584
0.397171
0.214980
0.007883
-0.206455
-0.405712
-0.576552
-0.686000
0.900000
0.946399
0.989592
1.013092
1.039001
1.067026
1.094964
1.122490
1.149523
1.174297
1.195450
1.211359
1.220388
1.217599
1.197137
1.158805
1.108498
1.048043
1.049501
1.020455
0.945416
0.832309
0.697455
0.575292
0.463296
0.316666
0.129946
-0.085551
-0.307574
-0.520036
-0.687229
-0.686000
0.900000
0.954195
1.009579
1.044806
1.078698
1.114116
1.149173
1.182694
1.214100
1.241839
1.264804
1.281343
1.289594
1.284743
1.259361
1.215362
1.156124
1.085366
1.067834
1.035075
0.962289
0.849440
0.745540
0.626301
0.529360
0.422817
0.266284
0.069039
-0.141586
-0.345025
-0.521661
-0.682386
-0.686000
0.900000
0.946088
0.989007
1.011299
1.032492
1.050922
1.066388
1.079917
1.091545
1.098855
1.100184
1.093201
1.076511
1.048780
1.010345
0.963823
0.910676
0.863044
0.890452
0.926210
0.930889
0.891616
0.818913
0.714907
0.617438
0.509336
0.355483
0.163842
-0.052823
-0.278230
-0.499376
-0.687780
-0.685995
0.900000
0.945091
0.986088
1.007937
1.031737
1.058449
1.085983
1.113729
1.141394
1.167203
1.189847
1.207444
1.217923
1.217897
1.198481
1.160265
1.109259
1.050627
1.055805
1.027948
0.953812
0.840784
0.699572
0.570644
0.443480
0.280818
0.081185
-0.144109
-0.374142
-0.590788
-0.686000
-0.686000
0.900000
0.953995
0.995589
1.019785
1.047309
1.076146
1.105826
1.135880
1.165154
1.191818
1.214339
1.230371
1.235024
1.220994
1.188659
1.142450
1.084773
1.060255
1.045663
0.996054
0.900364
0.774778
0.623535
0.491947
0.364388
0.198853
-0.002996
-0.227571
-0.454080
-0.658453
-0.686000
0.900000
0.951206
1.001062
1.026447
1.049262
1.069041
1.085193
1.099130
1.109743
1.115541
1.114199
1.104338
1.084366
1.053521
1.011753
0.965032
0.911222
0.868086
0.892592
0.913909
0.897635
0.839695
0.750391
0.636871
0.527140
0.395097
0.222112
0.019736
-0.194078
-0.408908
-0.618977
-0.685996
-0.685939
0.900000
0.943806
0.978966
0.991565
1.006360
1.019040
1.030764
1.041565
1.050499
1.054904
1.053023
1.042357
1.021271
0.988524
0.946991
0.899066
0.840899
0.868989
0.909189
0.922917
0.887656
0.822675
0.726005
0.630342
0.518045
0.358365
0.162290
-0.058400
-0.287776
-0.514309
-0.686658
-0.680544
0.900000
0.947182
0.988008
1.007905
1.032522
1.059733
1.087765
1.116213
1.144016
1.169430
1.191190
1.207279
1.210871
1.200146
1.168985
1.124373
1.068909
1.038276
1.039039
1.006160
0.926613
0.811225
0.669261
0.541292
0.412683
0.244740
0.039498
-0.189993
-0.423117
-0.635732
-0.683982
-0.686000
0.900000
0.947875
0.991973
1.015558
1.043069
1.073591
1.105121
1.137128
1.168073
1.196621
1.221065
1.239625
1.247433
1.241316
1.213297
1.169650
1.114213
1.065802
1.059886
1.018793
0.931319
0.809041
0.661771
0.532932
0.419067
0.274584
0.089226
-0.124227
-0.343524
-0.555931
-0.686007
-0.685998
0.900000
0.953960
1.006115
1.036392
1.069007
1.104751
1.141961
1.179292
1.215053
1.247898
1.275869
1.296931
1.305084
1.295426
1.263256
1.214833
1.154710
1.089700
1.074783
1.024170
0.928265
0.797725
0.656761
0.531382
0.415396
0.259614
0.064012
-0.156578
-0.378316
-0.578502
-0.684528
-0.686000
0.900000
0.949487
0.993993
1.016765
1.039818
1.060094
1.077616
1.093118
1.105797
1.113312
1.113912
1.105457
1.086429
1.055657
1.014296
0.967505
0.910496
0.880437
0.906608
0.911632
0.868627
0.789732
0.692240
0.584702
0.483947
0.344235
0.162124
-0.050465
-0.274237
-0.494904
-0.687984
-0.686000
0.900000
0.949162
0.991988
1.012405
1.038068
1.066048
1.094712
1.124062
1.152313
1.178081
1.199554
1.215000
1.218032
1.205158
1.172178
1.126895
1.071182
1.047415
1.040115
0.998597
0.911534
0.790129
0.642045
0.511189
0.389540
0.234668
0.041141
-0.178311
-0.402928
-0.617097
-0.685531
-0.685999
0.900000
0.952311
1.004375
1.035472
1.067052
1.102236
1.139744
1.177697
1.214810
1.249172
1.279080
1.301965
1.311144
1.303306
1.272130
1.224516
1.164551
1.091434
1.080975
1.035269
0.943709
0.814979
0.666799
0.528044
0.402398
0.240892
0.042018
-0.181652
-0.407528
-0.611924
-0.683668
-0.686000
0.900000
0.951484
0.999110
1.026255
1.056819
1.090058
1.123625
1.156734
1.188156
1.216741
1.237833
1.248495
1.247400
1.234020
1.204110
1.156764
1.097222
1.029050
1.033332
1.009663
0.938363
0.828661
0.698548
0.582876
0.484105
0.360391
0.189901
-0.016168
-0.233733
-0.447623
-0.648736
-0.680447
-0.680762
0.900000
0.950774
0.987622
1.004845
1.025329
1.048544
1.075212
1.103977
1.132908
1.159334
1.181040
1.195278
1.198361
1.181468
1.146681
1.098510
1.045952
1.048004
1.016460
0.940264
0.825468
0.685516
0.559606
0.433096
0.265928
0.061764
-0.164865
-0.395043
-0.611797
-0.683104
-0.684289
0.900000
0.951943
1.005622
1.038955
1.071092
1.106938
1.144967
1.183158
1.219877
1.253767
1.282996
1.305610
1.318180
1.315775
1.289457
1.244236
1.181512
1.104794
1.083676
1.040226
0.956195
0.833019
0.688159
0.552677
0.443447
0.307269
0.128180
-0.078783
-0.288482
-0.485555
-0.668265
-0.686000
0.900000
0.953676
1.012397
1.050244
1.086903
1.125968
1.165498
1.203669
1.239398
1.271330
1.298367
1.318552
1.329281
1.325753
1.298388
1.252611
1.190543
1.114365
1.095264
1.071360
1.011663
0.910585
0.812955
0.687782
0.581005
0.477944
0.330426
0.139339
-0.064927
-0.263644
-0.436097
-0.586092
0.900000
0.951664
1.005518
1.039441
1.071780
1.106608
1.141896
1.176247
1.208871
1.238714
1.264172
1.283778
1.295214
1.293524
1.270054
1.227421
1.169467
1.098840
1.078544
1.043475
0.967478
0.850107
0.708297
0.574718
0.486203
0.388459
0.238190
0.047138
-0.160803
-0.364208
-0.555035
-0.685990
-0.685994
0.900000
0.946576
0.987348
1.005558
1.026860
1.046445
1.064506
1.081053
1.094837
1.103547
1.107373
1.107324
1.102836
1.087688
1.058830
1.011696
0.955964
0.960747
0.978136
0.960796
0.896757
0.810273
0.694119
0.586773
0.474749
0.324101
0.133515
-0.085118
-0.311461
-0.524513
-0.686752
-0.686000
0.900000
0.943452
0.983364
1.004235
1.026717
1.050645
1.072366
1.091493
1.108117
1.120090
1.125907
1.126487
1.123687
1.115782
1.097722
1.064107
1.014661
0.958395
0.979754
0.986519
0.950580
0.872009
0.762971
0.627409
0.502945
0.364250
0.187065
-0.020692
-0.237587
-0.451852
-0.657319
-0.686000
0.900000
0.949262
0.995130
1.021348
1.051904
1.085343
1.119591
1.153707
1.186270
1.215893
1.240722
1.259095
1.268168
1.262220
1.232861
1.186069
1.126988
1.071939
1.059093
1.011369
0.918957
0.791836
0.644387
0.511287
0.389534
0.228134
0.027633
-0.196137
-0.419987
-0.622287
-0.686000
-0.686000
0.900000
0.949680
0.994983
1.015334
1.033117
1.047774
1.059328
1.069481
1.077035
1.080533
1.077412
1.065942
1.044039
1.010728
0.968716
0.925414
0.877759
0.842970
0.873988
0.887909
0.855693
0.783418
0.685678
0.588597
0.491501
0.359896
0.184769
-0.020295
-0.237506
-0.451407
-0.648655
-0.681697
0.900000
0.947640
0.988430
1.008275
1.031739
1.055749
1.079198
1.102101
1.123047
1.139660
1.152047
1.159656
1.160796
1.150377
1.124273
1.081256
1.027554
1.000496
1.010468
0.988213
0.919374
0.813722
0.681270
0.561849
0.443990
0.285831
0.088020
-0.135080
-0.363828
-0.585273
-0.686000
-0.686000
0.900000
0.947169
0.990069
1.013002
1.038731
1.065392
1.091085
1.116582
1.141041
1.163121
1.180928
1.193179
1.198108
1.190816
1.167568
1.126811
1.075017
1.023315
1.028619
1.001537
0.928528
0.817504
0.692096
0.584522
0.482761
0.343058
0.160765
-0.051550
-0.270475
-0.481554
-0.668966
-0.686000
0.900000
0.950226
0.998228
1.026433
1.055592
1.086721
1.117715
1.146201
1.170423
1.188379
1.198593
1.199326
1.189152
1.167006
1.134749
1.089287
1.030220
0.964248
0.968522
0.968461
0.927298
0.845289
0.738760
0.612316
0.492177
0.369200
0.205953
0.008476
-0.200758
-0.408921
-0.611222
-0.685568
-0.685788
0.900000
0.944288
0.980938
0.995840
1.016397
1.040123
1.066563
1.095681
1.125178
1.153174
1.177100
1.194562
1.201589
1.191392
1.161397
1.115933
1.059550
