0.000000
32.126961
32.156197
32.124916
31.541420
30.520184
28.507320
27.349110
25.183609
23.463125
20.927841
18.381603
15.075487
11.854773
8.232072
4.505714
11.038950
9.259040
-1.146496
-1.092607
-0.975398
-0.802177
14.406303
4.154852
2.964833
3.004605
4.205192
0.978220
1.380333
1.748420
2.051498
2.236784
2.285786
11.933953
32.166069
32.141678
32.108665
31.792974
29.790821
28.496311
26.275476
24.498249
21.985516
19.541721
16.769320
12.921912
9.382598
5.796772
1.129171
9.124305
-1.185223
-1.148313
-1.050163
-0.894334
15.786345
10.307110
2.375514
2.657162
2.334100
0.665065
1.076837
1.459331
1.797906
2.088938
2.257722
32.127560
32.160744
32.129478
31.672602
30.484343
28.313789
27.027924
24.742344
22.902702
20.280226
17.568743
13.921982
10.664457
7.829727
3.172050
10.243837
6.267978
-1.146721
-1.089834
-0.961939
-0.775452
16.552227
4.856514
2.039581
2.606772
4.927553
0.950360
1.359759
1.735112
2.046425
2.231094
6.282259
32.190170
32.147926
32.122925
32.064899
30.823421
28.303171
26.363234
23.766460
21.845825
18.982090
16.725784
13.743164
10.282827
6.886160
2.341066
10.604648
9.339369
-1.246293
-1.252908
-1.196466
-1.073883
14.896773
8.573594
1.136356
1.828973
0.396873
0.469398
0.912180
1.333007
1.713585
1.981871
9.558084
32.170071
32.146343
32.117908
32.010540
29.866480
28.522564
26.256012
24.523046
22.013983
19.676210
16.862207
13.104141
9.738962
5.538770
1.246238
9.609525
1.543086
-1.177649
-1.098240
-0.960189
15.445807
13.184858
1.945810
-0.694081
0.937999
0.561043
0.968562
1.359495
1.715268
2.029426
2.236047
2.272867
32.130104
32.159317
32.129131
31.333141
30.472588
28.525251
27.328957
25.108498
23.226484
20.532192
18.199694
14.423136
11.026651
7.486627
2.894127
10.455344
5.123607
-1.131567
-1.064165
-0.937713
-0.750339
14.130102
4.357227
2.114712
2.703526
0.730534
1.131807
1.522638
1.857299
2.129966
2.285665
1.953364
9.426792
32.167641
32.142387
32.114502
32.049877
30.213228
28.719231
26.510870
24.689445
21.949364
19.622787
16.518179
13.404349
9.870663
5.625664
1.341275
10.021870
9.186039
-1.218075
-1.200342
-1.118260
-0.903973
16.752239
9.879376
4.126583
3.758268
1.989412
0.832188
1.200802
2.190372
1.869038
2.120013
2.221553
10.928494
32.162975
32.138454
32.107502
31.438213
29.454422
28.385469
26.160339
24.542706
22.123215
19.904730
16.799118
13.677824
10.258254
6.776783
2.489858
9.543371
-1.172324
-1.149342
-1.067525
-0.928265
15.689604
6.233760
2.590900
1.789864
2.362485
0.724019
1.146955
1.538814
1.890405
2.159960
2.269950
8.461892
32.179161
32.146305
32.120117
32.056099
29.910370
28.537943
26.263433
24.442787
21.993801
19.656389
16.779043
13.074929
9.683375
5.620917
1.327973
9.700237
4.024145
-1.192729
-1.122653
-0.989605
0.936961
17.202671
5.493165
4.231107
3.464910
0.922888
1.303485
1.650479
1.965253
2.166275
2.299088
2.329481
12.867065
32.164566
32.140205
31.921045
29.965014
29.062099
26.626148
25.486801
22.845774
21.127031
18.226110
16.048595
13.491870
10.332572
7.839652
13.364351
10.974069
10.043311
-1.219487
-1.262238
-1.242583
-1.169998
12.867034
4.223941
0.529369
1.838387
-0.628285
0.376856
0.857873
1.318060
1.700220
1.964690
1.972173
11.368909
32.168472
32.144127
32.112885
31.688721
29.735285
28.508291
26.348812
24.640018
22.194878
19.867535
17.256796
13.525352
10.091059
6.566242
2.237102
9.404162
-1.194740
-1.159845
-1.064082
-0.911892
15.078679
5.334006
2.628354
1.880897
2.481061
0.749126
1.150486
1.538480
1.887801
2.153700
2.306144
30.194275
32.174740
32.150650
31.376890
30.371027
28.302771
27.176882
24.977407
23.306581
20.694189
18.188795
14.567697
11.395568
7.602434
3.967771
10.757076
7.780056
-1.137315
-1.082297
-0.961713
-0.780927
15.573219
4.511075
2.611023
3.194545
4.779068
0.924912
1.313378
1.670669
2.008451
2.241315
15.904839
32.168919
32.148975
32.099640
30.095322
29.088388
26.625792
25.323671
22.750469
21.164698
18.226135
15.981334
13.313622
10.310340
7.110211
12.889794
10.646963
5.869687
-1.215932
-1.231671
-1.191530
-1.095930
11.665518
2.697133
0.084658
-1.131063
0.191102
0.589693
1.035877
1.457445
1.814071
2.048805
2.067635
32.130089
32.160480
32.129852
30.605755
29.652906
27.489719
26.472162
24.072853
22.426300
19.646610
17.314297
14.118815
11.204490
8.596852
4.199448
11.561640
10.683612
-1.182033
-1.231301
-1.220420
-1.147328
12.442780
3.778516
1.035553
1.482528
-0.482831
0.371647
0.834061
1.280234
1.682145
1.954166
2.113094
22.577379
32.162258
32.136776
32.089947
31.018436
29.031366
27.753742
25.564682
23.802677
21.267525
18.193949
15.312471
12.082700
8.993366
4.969360
11.498903
9.119555
-1.171427
-1.128780
-1.028195
-0.869571
14.631346
4.533942
2.719450
2.654085
3.240627
0.855543
1.254764
1.631501
1.968206
2.193926
2.251105
17.818285
32.162926
32.137695
32.097263
30.975288
29.843134
27.696503
26.152990
23.843731
21.757042
19.149492
15.740946
12.494983
8.818892
5.327117
11.774517
9.007606
-1.171332
-1.132088
-1.030275
-0.872403
16.249710
8.122849
2.231882
2.791723
2.949749
0.720696
1.126920
1.503135
1.844724
2.130775
2.255267
15.384817
32.164589
32.145485
32.111130
31.448376
30.184809
27.972355
26.334373
23.993641
21.863596
19.145340
15.534925
12.196809
8.631402
5.267579
12.010579
8.960211
-1.165486
-1.120894
-1.012029
-0.846548
16.434597
5.901501
2.870669
3.419446
3.906432
0.920218
1.285924
1.627544
1.954365
2.187680
2.009692
20.840548
32.161331
32.138348
31.607841
30.210558
27.942822
26.890766
24.346914
22.901669
20.159393
18.235458
15.042709
12.204068
9.546984
6.046825
12.309407
10.761784
-1.150843
-1.191730
-1.174221
-1.105257
13.188298
7.280995
1.355061
1.574638
-0.047324
0.419818
0.883289
1.328140
1.716750
1.951882
2.052323
26.982439
32.158432
32.132446
32.079884
30.272839
29.201694
27.087555
25.535963
23.213923
21.098866
18.319143
14.856768
11.563776
7.985925
4.611927
10.807566
9.215059
-1.150772
-1.095147
-0.976071
-0.801046
15.434563
7.103082
3.128067
4.608060
4.663856
0.887931
1.300186
1.677374
1.999943
2.213703
2.278933
11.182663
32.170952
32.147259
32.116455
32.050945
30.146507
28.679615
26.484467
24.616690
21.987207
19.041912
16.122173
12.338852
8.927802
5.709523
0.982438
9.091775
-1.187403
-1.143122
-1.037853
-0.875481
16.081646
5.874000
2.321937
2.670681
2.804750
0.774968
1.176614
1.517798
1.877614
2.144650
2.102389
15.812656
32.161301
32.142178
32.107731
31.411137
30.107330
27.932608
26.311949
23.780136
21.733999
18.832783
16.470606
12.903629
9.479823
5.976252
1.408509
9.486032
-1.190557
-1.188696
-1.126018
-1.008353
13.177032
11.650978
2.284650
2.635278
1.431198
0.600875
1.010317
1.407531
1.752979
2.017433
2.189469
25.604893
15.862445
32.123310
32.077309
31.254580
29.484035
28.642168
26.522324
24.923609
22.446682
20.131863
17.147846
13.930763
10.103186
6.330486
1.531184
9.477653
-1.147316
-1.114738
-1.020768
-0.872437
14.886206
4.533541
1.905323
1.385291
2.881826
0.824364
1.229991
1.610564
1.947285
2.193887
2.325176
7.284396
32.181084
32.138630
32.111832
32.047451
30.774540
28.579576
26.923355
24.564949
22.421177
19.460009
16.420218
13.120234
9.221119
5.231959
0.753995
9.492718
-0.504803
-1.156654
-1.055926
-0.900115
16.024773
11.053762
2.106109
-0.025947
1.786013
0.743030
1.144920
1.521163
1.856933
2.146008
2.311499
9.187038
32.180176
32.153728
32.131821
32.069160
30.072489
28.649908
26.354502
24.514538
21.997747
19.529646
16.717407
12.873392
9.374253
5.549273
0.906930
9.648297
7.031234
-1.213682
-1.175714
-1.061578
-0.842049
16.868048
7.975970
3.835424
2.479794
0.686502
1.062423
1.417944
1.755338
2.054791
2.250765
7.366510
32.183632
32.144432
32.121830
31.759521
30.465294
28.261297
26.816050
24.504314
22.537201
19.836897
16.872948
13.663487
9.981565
6.503110
1.751018
10.005243
2.421758
-1.158393
-1.078681
-0.939184
12.640363
15.424915
1.765213
-0.708536
0.492808
1.068348
0.842246
1.228867
1.592275
1.909766
2.198154
2.238798
31.901825
32.160278
32.130161
30.849142
29.782053
27.515162
26.400831
23.921202
22.534813
20.293354
18.279909
15.051018
11.931870
8.067894
4.148373
11.215163
9.998450
-1.162452
-1.169109
-1.113220
-0.982876
14.200993
5.184871
3.215563
3.246539
1.655492
0.606659
1.029070
3.156343
1.782642
2.068512
2.211569
9.820908
32.162189
32.132149
32.100155
31.121929
28.947556
27.861059
25.411873
23.914507
21.614584
19.902039
17.413233
14.508965
10.905045
7.153665
3.056610
10.305991
2.627256
-1.172253
-1.138288
-1.047464
-0.908483
12.985917
3.878248
0.864871
0.242759
0.432631
0.853996
1.267196
1.626149
1.965405
2.203005
17.234621
32.160881
32.137230
32.099609
30.836784
29.824509
27.484247
26.137043
23.740940
21.777002
18.940380
15.995937
12.630002
8.909295
5.289094
11.963188
9.313475
-1.137294
-1.088568
-0.979102
-0.812612
16.435062
5.677140
2.174232
2.497330
3.763880
0.828910
1.251433
1.536339
1.863106
4.653011
1.977683
18.022560
32.160236
32.134197
31.122063
29.855471
27.569122
26.804230
24.187099
22.838158
19.959112
18.025974
15.041102
12.833844
10.227665
6.932097
12.390972
10.801415
-1.150913
-1.208464
-1.210480
-1.160659
10.560015
8.103535
1.450948
-0.202620
-0.317986
0.406137
0.905299
1.365669
1.767707
1.994436
2.031562
21.911474
32.158978
32.132889
31.943838
30.656675
28.576742
27.507233
25.097500
23.572392
21.171173
18.951006
16.109293
12.466947
9.026194
5.633868
11.968592
9.664701
-1.156774
-1.136208
-1.054154
-0.916155
15.052942
5.915926
1.653537
2.481058
2.266073
0.692281
1.107492
1.491455
1.844450
2.129627
2.254536
14.745045
32.158691
32.137104
32.098701
30.663019
29.723328
27.498873
26.169483
23.836531
21.916727
19.279268
16.278217
13.156229
10.122586
6.382597
12.314903
9.349577
-1.162817
-1.145413
-1.066592
-0.932338
15.745781
6.651814
3.050750
2.221983
2.627934
0.766799
1.183803
1.568296
1.918555
2.166971
2.273101
10.585017
32.167759
32.142616
32.113049
31.692461
29.452591
27.979063
25.496689
23.891556
21.217405
19.157471
16.149841
13.561778
11.223001
7.436020
3.211785
10.458847
2.712383
-1.193564
-1.175335
-1.100759
-0.973557
13.913000
4.815406
1.914508
0.074809
0.311034
0.733477
1.148615
1.535453
1.865309
2.070301
2.112145
30.875038
32.161163
32.131378
31.452366
30.518391
28.569355
27.365410
25.208492
23.354790
20.693415
18.300257
14.636066
11.330607
7.749109
3.779594
