0.939079
0.971451
0.990367
1.015187
1.044387
1.077967
1.117190
1.162778
1.215030
1.274451
1.340895
1.413453
1.486090
1.547821
1.596961
1.629221
1.651387
1.665175
1.671568
1.672837
1.668540
1.656551
1.638593
1.629345
1.613647
1.676051
1.766738
1.841484
1.832062
1.669687
1.432780
1.226599
1.074010
0.954931
0.879150
0.872073
0.940117
1.010621
1.084340
1.154803
1.215139
1.264111
1.302182
1.325771
1.340870
1.421820
1.532694
1.567645
1.509771
1.373033
1.207926
1.031747
0.897739
0.817910
0.763970
0.763890
0.822299
0.920188
1.012940
1.092464
1.154550
1.203733
1.245498
1.289509
1.330927
1.456268
1.586651
1.636886
1.570626
1.403348
1.210496
1.044067
0.910366
0.797672
0.730448
0.744095
0.828506
0.939615
1.047382
1.143515
1.222609
1.286391
1.335723
1.371233
1.397666
1.504066
1.619557
1.641155
1.541010
1.348054
1.137492
0.958080
0.805272
0.679916
0.604071
0.581651
0.587328
0.662347
0.785167
0.902177
1.008515
1.102493
1.183270
1.248767
1.301122
1.403020
1.515157
1.537226
1.450711
1.286684
1.105176
0.947685
0.813669
0.701396
0.634745
0.627400
0.654195
0.741964
0.862715
0.976249
1.077209
1.164272
1.236850
1.292228
1.334570
1.430968
1.538443
1.557857
1.465544
1.291921
1.101937
0.938179
0.801221
0.685695
0.615413
0.595132
0.605327
0.682020
0.804668
0.921985
1.027972
1.120953
1.200138
1.261766
1.309477
1.405678
1.511456
1.531917
1.445828
1.280628
1.097356
0.938958
0.809643
0.700480
0.634978
0.631376
0.673154
0.770015
0.889619
1.000170
1.096920
1.179386
1.247089
1.297812
1.336787
1.435995
1.537923
1.554647
1.462810
1.285404
1.089093
0.920220
0.782343
0.667775
0.597418
0.582399
0.603043
0.687712
0.811306
0.927941
1.032307
1.123155
1.199576
1.258521
1.304027
1.399503
1.498065
1.511562
1.423280
1.255574
1.068482
0.905596
0.770849
0.658789
0.590345
0.575818
0.593943
0.676181
0.800467
0.918092
1.023781
1.116434
1.195012
1.257789
1.307569
1.406670
1.507133
1.520045
1.429434
1.257733
1.066189
0.900815
0.764130
0.653331
0.586741
0.583050
0.616984
0.706137
0.832887
0.951215
1.055729
1.145950
1.220938
1.278077
1.321858
1.417845
1.510562
1.517784
1.424038
1.248636
1.053550
0.884021
0.745499
0.632494
0.563813
0.551553
0.569222
0.655203
0.779371
0.896865
1.001673
1.092884
1.169278
1.228232
1.273832
1.368357
1.459543
1.466990
1.381106
1.217289
1.031362
0.869829
0.738901
0.635707
0.574835
0.576205
0.620574
0.719939
0.843186
0.956472
1.054839
1.138689
1.207196
1.259062
1.299486
1.396690
1.487008
1.493107
1.404415
1.232701
1.036847
0.867424
0.732445
0.623868
0.557981
0.548634
0.577089
0.670078
0.796846
0.915701
1.020619
1.111217
1.186325
1.243299
1.287252
1.382338
1.468612
1.472589
1.383356
1.212702
1.019324
0.850514
0.715919
0.608318
0.543099
0.533882
0.558162
0.645310
0.771550
0.890903
0.997379
1.090255
1.168142
1.229473
1.278026
1.372890
1.457606
1.460763
1.374238
1.205718
1.012089
0.844729
0.710802
0.606653
0.545562
0.547118
0.590857
0.688756
0.818076
0.938298
1.043489
1.133569
1.207350
1.262443
1.304637
1.396934
1.475897
1.474492
1.382188
1.206011
1.008633
0.836073
0.697678
0.588360
0.522040
0.512263
0.533839
0.617902
0.746224
0.868270
0.977287
1.072113
1.151098
1.211450
1.258092
1.349628
1.427210
1.426050
1.339228
1.172043
0.983209
0.818769
0.689299
0.588505
0.529817
0.533046
0.582584
0.686518
0.811781
0.927180
1.027198
1.112101
1.180924
1.232509
1.272709
1.369539
1.445745
1.441626
1.353069
1.178856
0.984730
0.815732
0.680257
0.571701
0.505193
0.497235
0.527336
0.621134
0.751636
0.874955
0.984461
1.079179
1.157126
1.214494
1.258736
1.353740
1.426726
1.419838
1.329023
1.156468
0.968087
0.803673
0.671655
0.567795
0.504709
0.497719
0.523700
0.611828
0.740604
0.862898
0.972218
1.067435
1.146007
1.208427
1.242866
1.355090
1.434846
1.427462
1.339163
1.168484
0.978764
0.814353
0.684740
0.586124
0.528489
0.531110
0.587386
0.710502
0.828897
0.938395
1.032678
1.111526
1.172878
1.218966
1.237855
1.353611
1.439271
1.431933
1.341008
1.166251
0.972903
0.804062
0.668330
0.564832
0.500597
0.492504
0.530618
0.650751
0.768073
0.879048
0.976340
1.058816
1.124242
1.173812
1.195553
1.313481
1.398539
1.391077
1.303614
1.136911
0.951800
0.790565
0.662254
0.565080
0.506764
0.504309
0.562379
0.681326
0.793933
0.897463
0.985874
1.058842
1.115153
1.158220
1.175020
1.294485
1.379871
1.369159
1.284007
1.122703
0.940634
0.779232
0.650342
0.548258
0.483354
0.472866
0.516196
0.637669
0.754954
0.864970
0.960804
1.041485
1.104941
1.152970
1.173044
1.291930
1.371840
1.357902
1.269140
1.108202
0.929623
0.770725
0.643606
0.539410
0.470863
0.454730
0.488536
0.608391
0.724829
0.836366
0.932984
1.014902
1.080287
1.131344
1.154772
1.273540
1.351084
1.335731
1.250332
1.094320
0.919461
0.764866
0.642955
0.540150
0.471286
0.456795
0.498260
0.623422
0.744375
0.858105
0.957130
1.040735
1.106368
1.153847
1.172394
1.282990
1.354543
1.337337
1.247487
1.090830
0.917561
0.762944
0.639739
0.535939
0.457649
0.440522
0.463662
0.568169
0.700495
0.826883
0.940210
1.039324
1.120954
1.180786
1.210373
1.317515
1.381136
1.362156
1.271220
1.110993
0.936104
0.783743
0.665147
0.569215
0.485444
0.458782
0.485557
0.598395
0.726876
0.847506
0.954284
1.046501
1.121534
1.177161
1.203642
1.308448
1.369628
1.344523
1.252758
1.096488
0.924948
0.773003
0.653695
0.555224
0.469314
0.442474
0.459068
0.570141
0.701665
0.826414
0.937933
1.035450
1.115764
1.175338
1.205419
1.306906
1.362644
1.337313
1.248591
1.094249
0.923823
0.773010
0.654657
0.555747
0.468970
0.441301
0.454555
0.559622
0.691561
0.817208
0.930181
1.029242
1.111405
1.173593
1.206668
1.307364
1.360819
1.333096
1.246026
1.092565
0.922322
0.772981
0.657156
0.562341
0.475654
0.446731
0.463622
0.572657
0.705886
0.833418
0.948145
1.048887
1.131808
1.193611
1.225849
1.323408
1.375019
1.347446
1.259111
1.101448
0.926574
0.773220
0.652441
0.552117
0.461407
0.431769
0.435172
0.518040
0.656206
0.789813
0.911862
1.020704
1.111892
1.180847
1.219698
1.319146
1.369260
1.343631
1.258579
1.101955
0.928128
0.777879
0.661198
0.568123
0.481057
0.449774
0.463409
0.569009
0.704582
0.833799
0.949834
1.051364
1.134964
1.199361
1.234317
1.338581
1.391357
1.364642
1.277528
1.115921
0.936228
0.780712
0.657987
0.556191
0.466538
0.435684
0.439291
0.515480
0.652238
0.784660
0.904735
1.010557
1.097467
1.162090
1.195861
1.302483
1.355617
1.323613
1.232174
1.077379
0.907409
0.756551
0.637088
0.537468
0.456161
0.432704
0.437248
0.525261
0.668263
0.805151
0.928568
1.037060
1.127119
1.195136
1.232879
1.339317
1.392718
1.365896
1.279541
1.117841
0.938172
0.784868
0.667458
0.571436
0.491836
0.465942
0.478851
0.574533
0.712723
0.845093
0.963321
1.065516
1.147128
1.205996
1.233909
1.340034
1.395081
1.364852
1.272099
1.111016
0.933374
0.776443
0.652556
0.550462
0.468769
0.443580
0.448635
0.539435
0.683665
0.821148
0.944018
1.050992
1.137926
1.200620
1.232175
1.338164
1.393523
1.369014
1.283534
1.123542
0.944362
0.790225
0.671691
0.577165
0.498476
0.471766
0.492834
0.608576
0.746019
0.874391
0.986322
1.080795
1.154733
1.208417
1.231726
1.341578
1.401530
1.375087
1.288779
1.128431
0.946843
0.787508
0.663151
0.560368
0.477829
0.450706
0.455914
0.540168
0.683304
0.820078
0.942330
1.047854
1.132368
1.193186
1.222597
1.334123
1.391406
1.361116
1.270087
1.110288
0.932825
0.777202
0.655715
0.554905
0.476330
0.453513
0.462536
0.550712
0.695289
0.832198
0.953841
1.058091
1.141972
1.204709
1.236571
1.349368
1.406494
1.376381
1.286481
1.123237
0.941429
0.785730
0.666991
0.570870
0.492501
0.466408
0.482177
0.582914
0.727138
0.864108
0.985549
1.089167
1.171241
1.231046
1.259525
1.371963
1.429330
1.398263
1.307367
1.140787
0.954967
0.793876
0.668134
0.564356
0.479829
0.450140
0.453253
0.542987
0.686835
0.823472
0.944980
1.049167
1.131921
1.192059
1.220318
1.335504
1.394823
1.363513
1.275787
1.116906
0.937011
0.780975
0.660301
0.564093
0.486510
0.459561
0.476590
0.585552
0.731668
0.868420
0.988041
1.089042
1.168200
1.224638
1.249698
1.363651
1.423088
1.395434
1.311037
1.148277
0.961428
0.799962
0.676181
0.576131
0.497422
0.471414
0.485467
0.579723
0.729136
0.870747
0.995808
1.102019
1.185798
1.245902
1.274067
1.386120
1.442824
1.414070
1.326309
1.158812
0.969138
0.806108
0.680259
0.577825
0.498617
0.473965
0.486612
0.596061
0.744075
0.883021
1.004754
1.106873
1.186620
1.243899
1.269846
1.380619
1.438712
1.413214
1.330525
1.164240
0.971822
0.807953
0.684325
0.585917
0.510197
0.485881
0.505220
0.600227
0.752485
0.897206
1.024555
1.131981
1.216050
1.275692
1.302950
1.411852
1.465987
1.439652
1.355081
1.184849
0.989922
0.823088
0.694906
0.591153
0.513328
0.488075
0.502306
0.606829
0.757481
0.899059
1.022550
1.125721
1.205103
1.260060
1.282899
1.392631
1.452380
1.427871
1.343679
1.175972
0.981940
0.816523
0.691540
0.592961
0.520007
0.494147
0.518979
0.632450
0.784671
0.926683
1.049200
1.150480
1.227947
1.283245
1.306467
1.412306
1.465285
1.446552
1.349349
1.171548
0.975014
0.811669
0.688719
0.588253
0.509155
0.482456
0.501890
0.598540
0.746421
0.887794
1.014431
1.123570
1.210938
1.276328
1.310052
1.421374
1.472779
1.449341
1.339583
1.161796
0.973014
0.814513
0.693147
0.594496
0.514151
0.483882
0.496738
0.594170
0.741297
0.880705
1.005922
1.113300
1.199399
1.267087
1.304145
1.415779
1.469664
1.445148
1.337593
1.159215
0.966991
0.808047
0.689172
0.593345
0.519296
0.490047
0.514439
0.614165
0.768339
0.915936
1.048892
1.163694
1.255525
1.325140
1.363169
1.467651
1.513505
1.492143
1.379047
1.191032
0.992940
0.830124
0.706320
0.605397
0.536780
0.516272
0.543063
0.650940
0.805778
0.952273
1.082077
1.192156
1.278152
1.341984
1.374606
1.474972
1.529048
1.515906
1.405801
1.214262
1.009000
0.841551
0.716946
0.618255
0.556174
0.542512
0.584963
0.706111
0.864674
1.012592
1.140972
1.247100
1.328153
1.388973
1.418666
1.513312
1.565741
1.555431
1.444950
1.245756
1.030670
0.855568
0.726695
0.623849
0.567489
0.562474
0.611888
0.731876
0.894228
1.046435
1.178331
1.286411
1.367403
1.426406
1.453614
1.550524
1.611356
1.594632
1.472183
1.264328
1.044115
0.867538
0.736981
0.634696
0.578894
0.573490
0.626454
0.748381
0.914855
1.069585
1.203768
1.312760
1.394370
1.455073
1.485682
1.559360
1.616232
1.605526
1.489731
1.281290
1.053622
0.872184
0.740874
0.638987
0.578652
0.567528
0.624114
0.730275
0.893399
1.052996
1.191944
1.306449
1.392847
1.455993
1.489002
1.566356
1.632165
1.613672
1.486880
1.272512
1.045183
0.863702
0.730392
0.632833
0.575771
0.568558
0.638298
0.770838
0.941591
1.102706
1.240638
1.352430
1.436060
1.494221
1.523415
1.588055
1.649040
1.650448
1.534560
1.313629
1.068949
0.872052
0.736788
0.641054
0.576652
0.565591
0.628217
0.750178
0.919568
1.082853
1.223816
1.338072
1.423198
1.483397
1.515248
1.586509
1.642628
1.627868
1.503377
1.285468
1.049979
0.862940
0.730846
0.632596
0.574813
0.564795
0.627042
0.740551
0.908516
1.073961
1.218021
1.335693
1.424839
1.487117
1.519805
1.586182
1.637521
1.630417
1.515016
1.298394
1.059714
0.870005
0.736704
0.638534
0.582348
0.571989
0.625324
0.730110
0.894036
1.055809
1.197493
1.312847
1.399340
1.460144
1.492731
1.566451
1.619298
1.603055
1.486816
1.280037
1.048591
0.860851
0.728148
0.629098
0.565918
0.548155
0.602680
0.715981
0.884859
1.049030
1.192126
1.309078
1.397070
1.458010
1.490046
1.555935
1.603020
1.596858
1.492479
1.288443
1.055782
0.865422
0.730611
0.629428
0.569518
0.554480
0.602659
0.690765
0.854131
1.020483
1.167940
1.289456
1.381135
1.445868
1.478792
1.556905
1.611244
1.590740
1.475068
1.270857
1.046527
0.864864
0.734897
0.639666
0.565109
0.537940
0.586936
0.691040
0.861595
1.029331
1.176043
1.296304
1.386880
1.449828
1.483950
1.550098
1.590724
1.579678
1.477193
1.277823
1.048615
0.860747
0.728771
0.630608
0.571178
0.550893
0.591554
0.674319
0.838690
1.008381
1.159532
1.284185
1.378253
1.444253
1.478099
1.555538
1.599048
1.576162
1.465805
1.266146
1.043045
0.862026
0.730272
0.628031
0.566101
0.543123
0.583756
0.664782
0.829194
0.998995
1.150574
1.275961
1.371451
1.438483
1.475314
1.548411
1.592370
1.574732
1.469114
1.273827
1.047844
0.861031
0.729840
0.633632
0.564933
0.534352
0.569640
0.650559
0.818075
0.990800
1.144955
1.272945
1.370742
1.440254
1.478290
1.550122
1.584934
1.569549
1.466534
1.269306
1.044777
0.859665
0.726364
0.624034
0.560875
0.534356
0.570669
0.647461
0.812630
0.983713
1.136803
1.263726
1.359519
1.425992
1.460042
1.536780
1.579958
1.564607
1.464895
1.273456
1.049548
0.862480
0.728803
0.630812
0.555454
0.520605
0.553513
0.630839
0.798496
0.969799
1.122561
1.248915
1.344255
1.410295
1.444966
1.521138
1.561877
1.549150
1.454352
1.267307
1.044519
0.856494
0.721475
0.620314
0.553726
0.523359
0.557082
0.629828
0.797249
0.972210
1.129714
1.260501
1.359488
1.428668
1.466449
1.543011
1.581554
1.570928
1.474194
1.280711
1.054051
0.863915
0.725914
0.621025
0.551232
0.515510
0.541319
0.602427
0.766589
0.942035
1.102218
1.236666
1.339953
1.413600
1.455198
1.536387
1.576373
1.557544
1.456622
1.265968
1.043001
0.854438
0.718166
0.617001
0.541909
0.499825
0.523510
0.588011
0.756347
0.934546
1.096997
1.233970
1.339901
1.415650
1.458734
1.540259
1.572311
1.559682
1.464525
1.273276
1.048298
0.858245
0.719382
0.614461
0.536342
0.490186
0.507155
0.562178
0.728633
0.910184
1.077361
1.219477
1.330222
1.410371
1.455774
1.544598
1.581102
1.562251
1.461488
1.269907
1.047656
0.860454
0.724294
0.624293
0.537042
0.487094
0.507211
0.573695
0.745712
0.925172
1.088147
1.224903
1.329787
1.403751
1.445331
1.526542
1.558619
1.548165
1.460724
1.277430
1.053371
0.859945
0.718142
0.611849
0.535808
0.489703
0.503146
0.554992
0.724698
0.911112
1.082727
1.228021
1.340955
1.422144
1.467291
1.555175
1.590705
1.569602
1.469594
1.279839
1.055874
0.866649
0.726990
0.619842
0.539470
0.493289
0.516512
0.575067
0.749221
0.934387
1.103863
1.246249
1.355472
1.432855
1.477991
1.553756
1.582216
1.568602
1.477090
1.290164
1.062061
0.861496
0.717734
0.616069
0.530111
0.473764
0.480076
0.524899
0.695956
0.880814
1.046508
1.185249
1.293683
1.372939
1.420348
1.521575
1.559393
1.541533
1.440579
1.252331
1.033515
0.845646
0.703215
0.593412
0.507645
0.456613
0.485757
0.555211
0.733399
0.917992
1.085816
1.226854
1.333542
1.408177
1.450966
1.521889
1.548619
1.545313
1.470517
1.295182
1.068258
0.865826
0.719403
0.616920
0.533865
0.456947
0.437377
0.469904
0.638183
0.828547
0.999355
1.144806
1.261596
1.351488
1.410758
1.536474
1.578799
1.539030
1.417023
1.222982
1.011201
0.830563
0.693834
0.589022
0.499024
0.437908
0.470729
0.556905
0.730847
0.915866
1.082906
1.224361
1.333342
1.410141
1.457798
1.517957
1.568785
1.582055
1.517103
1.351514
1.117288
0.900221
0.731599
0.611737
0.521421
0.438360
0.406087
0.445014
0.590781
0.802454
1.000206
1.175361
1.321268
1.439674
1.523204
1.646131
1.674847
1.619514
1.500138
1.285010
1.052870
0.858091
0.714048
0.613807
0.533086
0.467311
0.483045
0.584903
0.758069
0.953644
1.127242
1.272950
1.390304
1.477725
1.532635
1.598183
1.640967
1.629283
1.581647
1.435362
1.190693
0.955454
0.771900
0.635141
0.531598
0.434218
0.369265
0.386805
0.516730
0.723912
0.916851
1.091251
1.240447
1.366393
1.465722
1.612148
1.633355
1.573684
1.478741
1.284703
1.061499
0.867822
0.721794
0.621126
0.537905
0.463940
0.469183
0.547267
0.724485
0.899906
1.052223
1.177833
1.273231
1.340332
1.379184
1.464801
1.504092
1.493267
1.416010
1.254750
1.040716
0.846394
0.698693
0.587593
0.495782
0.416840
0.403507
0.435163
0.611939
0.802395
0.970284
1.111555
1.222678
1.304842
1.357949
1.478760
1.524359
1.474339
1.366987
1.193118
0.990706
0.814709
0.678778
0.575581
0.486172
0.427435
0.466183
0.558986
0.762609
0.965114
1.147565
1.299204
1.413520
1.490926
1.534474
1.566853
1.566558
1.570739
1.508662
1.337434
1.108184
0.896542
0.738088
0.637659
0.569660
0.520656
0.484576
0.483640
0.636331
0.856253
1.062871
1.244865
1.395936
1.515566
1.593299
1.731955
1.727072
1.632076
1.485835
1.264667
1.036877
0.849112
0.714042
0.626190
0.562446
0.512119
0.525390
0.613669
0.792031
0.980197
1.146097
1.284032
1.392128
1.468146
1.513418
1.585618
1.606602
1.589957
1.548452
1.390085
1.145454
0.922262
0.751728
0.631974
0.536115
0.451574
0.404982
0.418237
0.576890
0.761157
0.922146
1.057591
1.166137
1.252332
1.311333
1.451809
1.502197
1.445696
1.337752
1.160565
0.957476
0.780589
0.645228
0.542917
0.447913
0.379142
0.411290
0.505946
0.706410
0.901566
1.075176
1.220791
1.328852
1.401699
1.444577
1.484768
1.487066
1.492703
1.446678
1.295560
1.072514
0.864908
0.706206
0.600411
0.524369
0.468271
0.425462
0.400761
0.533507
0.751549
0.958916
1.146225
1.304192
1.437196
1.538900
1.700016
1.687577
1.557006
1.384371
1.168473
0.960446
0.794275
0.684904
0.621155
0.567979
0.537414
0.544844
0.617231
0.797867
0.986052
1.144151
1.269670
1.366061
1.433317
1.500222
1.613678
1.628687
1.599475
1.510404
1.318541
1.082542
0.876056
0.720382
0.611636
0.526086
0.444806
0.425446
0.451194
0.616145
0.792343
0.946136
1.073952
1.172296
1.242984
1.285712
1.411498
1.474084
1.439935
1.339306
1.174424
0.971555
0.790817
0.654246
0.554212
0.462953
0.384382
0.390840
0.457906
0.639304
0.822428
0.984906
1.122477
1.228052
1.300630
1.343720
1.426559
1.460868
1.469059
1.412374
1.258476
1.041279
0.839906
0.682875
0.570655
0.484193
0.406019
0.345437
0.358835
0.521518
0.730081
0.920947
1.086854
1.224490
1.335054
1.421486
1.586049
1.612995
1.542792
1.411306
1.208542
0.992805
0.811870
0.678494
0.582036
0.503201
0.439663
0.461219
0.557920
0.738806
0.921304
1.078214
1.205288
1.304384
1.375437
1.418791
1.488725
1.509488
1.511906
1.452577
1.287301
1.058795
0.852349
0.692432
0.576290
0.483699
0.410221
0.352262
0.376376
0.538462
0.749340
0.944680
1.116427
1.260226
1.373938
1.471894
1.639531
1.642503
1.555693
1.458673
1.262436
1.033751
0.839434
0.693032
0.587447
0.504997
0.450802
0.471482
0.565560
0.760025
0.960135
1.134584
1.278619
1.389319
1.468214
1.518049
1.559737
1.544290
1.535104
1.477802
1.309213
1.077789
0.868441
0.706167
0.598244
0.517188
0.468706
0.431377
0.414272
0.558676
0.778270
0.984573
1.168745
1.323644
1.452025
1.549327
1.699369
1.651788
1.498677
1.348764
1.152341
0.944107
0.779749
0.676654
0.611074
0.559796
0.552886
0.600309
0.679770
0.878170
1.067432
1.227452
1.358155
1.456199
1.517616
1.572237
1.612525
1.580793
1.579838
1.552830
1.410045
1.169071
0.941045
0.778767
0.703770
0.668546
0.670831
0.682600
0.693140
0.857993
0.906745
0.936684
0.961140
0.968648
0.985168
1.011241
1.046773
1.091622
1.145617
1.208606
1.280375
1.360584
1.448076
1.538323
1.625427
1.703955
1.770777
1.824846
1.866115
1.894711
1.910639
1.913599
1.902694
1.876870
1.834252
1.771199
1.687289
1.587265
1.480194
1.401013
1.340675
1.275178
1.204092
1.128091
1.047614
0.962974
0.875527
0.787786
0.703008
0.624132
0.551099
0.488548
0.434558
0.387012
0.343391
0.905984
0.912129
0.887888
0.847461
0.813815
0.788242
0.770707
0.761015
0.758763
0.763755
0.776454
0.796669
0.823918
0.857851
0.898174
0.944586
0.996650
1.053731
1.114866
1.178511
1.242147
1.302416
1.354930
1.395650
1.422008
1.432233
1.424134
1.392329
1.335019
1.269289
1.248025
1.225662
1.200823
1.171000
1.135865
1.093588
1.041459
0.977597
0.903483
0.827544
0.752352
0.674182
0.593195
0.510544
0.427717
0.345610
0.264671
0.905748
0.925578
0.937786
0.936654
0.940556
0.952349
0.972301
1.000660
1.037607
1.083244
1.137605
1.196452
1.255494
1.313686
1.370594
1.425494
1.477258
1.524406
1.565394
1.598824
1.623518
1.638351
1.642214
1.634327
1.614354
1.581724
1.535087
1.472788
1.394355
1.307014
1.248744
1.207169
1.162658
1.116292
1.068459
1.020189
0.972114
0.924715
0.879245
0.837437
0.800760
0.768248
0.738482
0.709440
0.679484
0.647920
0.905987
0.929277
0.941350
0.940192
0.944838
0.957964
0.979787
1.010555
1.050372
1.099317
1.157456
1.224565
1.299870
1.382469
1.471742
1.558444
1.633177
1.695167
1.746743
1.790031
1.825969
1.854183
1.873296
1.881256
1.875517
1.853531
1.812963
1.752340
1.670001
1.568242
1.456609
1.360298
1.295309
1.225599
1.151087
1.071635
0.988335
0.903552
0.819684
0.739466
0.665527
0.599426
0.540768
0.487818
0.437684
0.905823
0.910866
0.890423
0.854651
0.825624
0.804903
0.792467
0.788315
0.792567
0.804994
0.825468
0.853841
0.889941
0.933494
0.984210
1.041609
1.105179
1.174043
1.247172
1.323327
1.400063
1.473900
1.540712
1.596389
1.638430
1.665245
1.675351
1.666999
1.638153
1.586530
1.509855
1.411857
1.302463
1.200292
1.093130
0.963430
0.816271
0.654714
0.483407
0.313315
0.905284
0.924692
0.940826
0.941444
0.946093
0.951691
0.956906
0.963151
0.971078
0.977980
0.981386
0.979937
0.974058
0.962817
0.945581
0.924610
0.902873
0.881579
0.858047
0.835219
0.810045
0.774696
0.727124
0.678678
0.906196
0.939602
0.977543
1.002999
1.034852
1.075981
1.125684
1.183461
1.248264
1.318253
1.391130
1.464525
1.536115
1.603298
1.663070
1.711830
1.746282
1.764248
1.765658
1.751713
1.722021
1.676573
1.616055
1.540562
1.453544
1.365016
1.306753
1.237771
1.153632
1.051830
0.930627
0.789107
0.622788
0.415400
0.149152
-0.151142
-0.451468
-0.518397
-0.504388
-0.481776
-0.457571
-0.439420
-0.405270
0.905896
0.928682
0.947602
0.951204
0.961068
0.978076
1.003258
1.037034
1.079559
1.130610
1.189043
1.245971
1.292204
1.328941
1.357265
1.377058
1.387983
1.389148
1.378253
1.389412
1.427448
0.905829
0.924932
0.932810
0.927932
0.929175
0.939176
0.956643
0.981577
1.013029
1.048908
1.086056
1.119897
1.145933
1.161337
1.166884
1.164623
1.157673
1.145671
0.905933
0.928766
0.947294
0.953173
0.967786
0.992718
1.027458
1.070810
1.120959
1.176372
1.236059
1.301076
1.372074
1.448596
1.527667
1.597565
1.651016
1.683504
1.705099
1.718122
1.721597
1.716432
1.708731
1.695552
1.667198
1.636638
1.601449
1.555804
1.516302
1.515938
1.508856
1.469646
1.437835
1.415833
1.388706
1.362911
1.361463
1.354093
1.337982
1.311800
1.279384
1.234406
1.166648
0.907351
0.948833
0.992413
1.023033
1.059492
1.104192
1.157055
1.217760
1.285664
1.360153
1.441495
1.529966
1.624091
1.707481
1.774450
1.829110
1.869179
1.897491
1.913389
1.914997
1.903276
1.877287
1.839412
1.797343
1.760120
1.731085
1.789399
1.868258
1.935599
1.921797
1.806828
1.700401
1.605717
1.528782
1.469473
1.424364
1.394675
1.378077
1.362304
1.335662
1.298586
1.261293
1.225279
1.199246
1.160457
1.182030
1.220837
1.233378
1.237344
1.233760
1.226691
1.212413
1.189121
1.155750
1.110858
1.051803
0.981091
0.900919
0.820827
0.905129
0.925461
0.945899
0.953456
0.965755
0.986248
1.015232
1.053008
1.099782
1.155692
1.220705
1.294567
1.376389
1.464954
1.559179
1.657925
1.759548
1.858388
1.939873
2.004004
2.047895
2.065213
2.050864
2.004806
1.930133
1.832917
1.725288
1.609855
1.487011
1.365446
1.285677
1.221562
1.159325
1.118630
1.133383
1.205965
1.287442
1.355281
1.381201
1.375993
1.361559
1.311373
1.216766
1.094160
0.974726
0.907866
0.909990
0.964333
1.065966
1.164913
1.233552
1.265907
1.252684
1.203335
1.149820
1.105584
1.080735
1.084614
1.146202
1.274817
0.905670
0.933465
0.947863
0.938306
0.937031
0.944125
0.959524
0.983230
1.015143
1.055031
1.102597
1.157570
1.218765
1.276044
1.326337
1.363665
1.394622
1.418888
1.436476
1.449569
1.457670
1.458990
1.452765
1.447782
1.437585
1.489766
1.590124
1.672537
1.696185
1.589971
1.391021
1.194011
1.041028
0.924504
0.843087
0.816946
0.864295
0.923288
0.985933
1.048437
1.103862
1.150571
1.188783
1.216890
1.227383
1.319174
1.449476
1.507655
1.488607
1.388463
1.243070
1.087887
0.933185
0.807341
0.720284
0.663383
0.625505
0.661184
0.735582
0.809124
0.876927
0.938334
0.992540
1.037143
1.065582
1.167240
1.304352
1.375063
1.385520
1.324605
1.212934
1.081850
0.946903
0.837336
0.759480
0.715901
0.711612
0.776347
0.845410
0.914294
0.977257
1.033402
1.082288
1.120979
1.142071
1.237447
1.360542
1.425215
1.429900
1.358186
1.232061
1.087183
0.939238
0.818654
0.732343
0.684233
0.665409
0.720232
0.797969
0.874749
0.945454
1.009446
1.065940
1.111034
1.138240
1.222367
1.336593
1.402906
1.414414
1.350884
1.232694
1.094088
0.951411
0.834201
0.751618
0.709157
0.697253
0.749410
0.826248
0.902245
0.972048
1.034901
1.089706
1.132864
1.158017
1.238574
1.354103
1.420505
1.429882
1.363601
1.242667
1.101620
0.956397
0.836751
0.751664
0.705347
0.685344
0.737776
0.813452
0.888206
0.956905
1.018786
1.073049
1.116340
1.141906
1.224990
1.340523
1.406256
1.415993
1.350969
1.231857
1.092663
0.949248
0.831343
0.747849
0.702455
0.684041
0.732929
0.809169
0.884441
0.953706
1.016207
1.071126
1.115172
1.141591
1.223720
1.337832
1.403824
1.414896
1.351173
1.232868
1.094000
0.950794
0.832869
0.749142
0.704476
0.686809
0.734219
0.810520
0.886038
0.955655
1.018511
1.073804
1.118165
1.144839
1.225868
1.338299
1.404027
1.415291
1.351505
1.232968
1.093805
0.950280
0.831922
0.747895
0.703399
0.685519
0.737527
0.813291
0.888107
0.956986
1.019110
1.073598
1.117215
1.143168
1.222379
1.333941
1.399008
1.409746
1.345795
1.227510
1.088863
0.945922
0.828130
0.744898
0.700026
0.681411
0.734569
0.810145
0.884631
0.953192
1.015034
1.069307
1.112955
1.139165
1.218178
1.329482
1.394591
1.405877
1.342515
1.224759
1.086624
0.944336
0.827163
0.744229
0.699815
0.682043
0.734194
0.809802
0.884345
0.952993
1.014980
1.069391
1.113196
1.139557
1.217968
1.327837
1.392671
1.404264
1.341102
1.223389
1.085257
0.942995
0.825741
0.742589
0.698398
0.680702
0.734266
0.809821
0.884315
0.952974
1.014966
1.069370
1.113155
1.139473
1.216868
1.326237
1.391034
1.402711
1.339667
1.222259
1.084413
0.942468
0.825499
0.742873
0.698550
0.680256
0.733770
0.809123
0.883357
0.951741
1.013536
1.067743
1.111496
1.137929
1.215261
1.324681
1.389708
1.401893
1.339241
1.222002
1.084230
0.942423
0.825578
0.742763
0.698141
0.679699
0.733443
0.808731
0.882960
0.951400
1.013229
1.067524
1.111354
1.137860
1.214843
1.323367
1.388309
1.400845
1.338454
1.221329
1.083600
0.941888
0.825091
0.742330
0.697509
0.678762
0.732341
0.807653
0.881905
0.950305
1.012069
1.066309
1.110160
1.136742
1.213640
1.322103
1.387208
1.400120
1.338105
1.221267
1.083665
0.942043
0.825307
0.742519
0.697213
0.677787
0.731199
0.806438
0.880654
0.948947
1.010607
1.064722
1.108522
1.135128
1.212370
1.320734
1.385961
1.399316
1.337710
1.221052
1.083455
0.941817
0.825047
0.742077
0.696353
0.676446
0.729624
0.804892
0.879222
0.947535
1.009102
1.063156
1.106953
1.133582
1.211320
1.319528
1.384836
1.398607
1.337408
1.220969
1.083391
0.941736
0.824919
0.741851
0.695812
0.675044
0.727407
0.802733
0.877240
0.945747
1.007344
1.061503
1.105398
1.132168
1.210518
1.319119
1.384763
1.399027
1.338249
1.222051
1.084486
0.942800
0.825947
0.742835
0.696407
0.674685
0.726002
0.801299
0.875892
0.944432
1.006065
1.060240
1.103735
1.129374
1.190615
1.305852
1.375801
1.392648
1.334533
1.219302
1.081852
0.940041
0.821641
0.739487
0.687177
0.662841
0.716462
0.774705
0.836941
0.896601
0.950674
0.997779
1.035383
1.056161
1.133943
1.264433
1.332774
1.341402
1.277618
1.160911
1.025095
0.885782
0.770977
0.693092
0.640797
0.614925
0.670597
0.730039
0.793126
0.853498
0.908534
0.957266
0.997594
1.021509
1.100159
1.231063
1.301413
1.313731
1.255059
1.143738
1.012958
0.878991
0.769213
0.696174
0.646735
0.630153
0.686856
0.746964
0.809893
0.869473
0.923451
0.971095
1.010544
1.033893
1.109119
1.238359
1.308244
1.320058
1.259997
1.146418
1.013345
0.877206
0.765358
0.689801
0.638956
0.619694
0.676295
0.736507
0.799819
0.860018
0.914678
0.962994
1.002981
1.026539
1.102656
1.230440
1.299547
1.311111
1.251270
1.138463
1.006414
0.871417
0.760494
0.685927
0.635652
0.616841
0.673640
0.733969
0.797389
0.857624
0.912289
0.960590
1.000612
1.024305
1.100235
1.228246
1.297734
1.309865
1.250811
1.138724
1.007192
0.872512
0.761722
0.687067
0.636616
0.617374
0.674374
0.734840
0.798261
0.858460
0.913055
0.961312
1.001331
1.025040
1.100378
1.228444
1.298328
1.310894
1.252250
1.140521
1.009331
0.875027
0.764550
0.690273
0.639638
0.620085
0.677122
0.737491
0.800636
0.860466
0.914723
0.962631
1.002392
1.026002
1.100638
1.228940
1.299422
1.312751
1.254722
1.143139
1.011872
0.877529
0.766978
0.692361
0.641217
0.621490
0.678520
0.738876
0.802015
0.861787
0.915968
0.963815
1.003567
1.027163
1.101139
1.228937
1.299576
1.313241
1.255497
1.144067
1.012917
0.878701
0.768227
0.693732
0.642231
0.622089
0.679231
0.739592
0.802630
0.862338
0.916409
0.964144
1.003778
1.027321
1.100250
1.228330
1.299564
1.313892
1.256793
1.145748
1.014815
0.880779
0.770405
0.695855
0.643749
0.623039
0.680013
0.740275
0.803223
0.862781
0.916703
0.964317
1.003817
1.027285
1.099936
1.227785
1.299322
1.314225
1.257675
1.146848
1.015965
0.882029
0.771749
0.697190
0.644666
0.623494
0.680400
0.740634
0.803563
0.863118
0.916990
0.964558
1.003953
1.027353
1.099729
1.227603
1.299476
1.314821
1.258730
1.148255
1.017685
0.884109
0.774129
0.699827
0.646839
0.625279
0.681980
0.742022
0.804738
0.864039
0.917678
0.965019
1.004292
1.027629
1.099605
1.227311
1.299552
1.315485
1.259860
1.149378
1.018628
0.884953
0.774833
0.700169
0.646639
0.624485
0.681336
0.741464
0.804288
0.863657
0.917332
0.964726
1.004065
1.027476
1.099334
1.226865
1.299260
1.315479
1.260236
1.150161
1.019811
0.886495
0.776655
0.702316
0.648612
0.626172
0.683215
0.743434
0.806166
0.865354
0.918832
0.966039
1.005304
1.028826
1.100125
1.227710
1.300728
1.310194
1.247875
1.135402
1.004241
0.869869
0.756954
0.679072
0.629589
0.617199
0.676086
0.739072
0.805127
0.868217
0.925541
0.976240
1.018321
1.044473
1.124490
1.253982
1.325047
1.330849
1.267580
1.153569
1.019757
0.881067
0.763693
0.680828
0.631078
0.614269
0.674419
0.738663
0.806266
0.871051
0.930015
0.982124
1.024851
1.051174
1.130377
1.255918
1.324995
1.330554
1.267497
1.154555
1.021792
0.884143
0.767257
0.685825
0.637363
0.620295
0.680371
0.744248
0.811134
0.875116
0.933310
0.984719
1.027152
1.053442
1.130295
1.255782
1.325458
1.331951
1.269893
1.157614
1.025081
0.887368
0.770307
0.688353
0.639252
0.621602
0.681416
0.744965
0.811413
0.874984
0.932862
0.983971
1.026222
1.052413
1.128083
1.251839
1.321110
1.327826
1.266077
1.154095
1.021792
0.884423
0.767595
0.685761
0.636474
0.618973
0.678607
0.742012
0.808326
0.871794
0.929555
0.980536
1.022784
1.049038
1.124656
1.247357
1.315981
1.322385
1.260726
1.149260
1.017494
0.880711
0.764344
0.682819
0.633196
0.615535
0.675257
0.738551
0.804732
0.868093
0.925736
0.976633
1.018899
1.045248
1.120209
1.241989
1.310353
1.316863
1.255602
1.144735
1.013551
0.877403
0.761535
0.680344
0.630472
0.612783
0.672385
0.735549
0.801623
0.864926
0.922557
0.973429
1.015728
1.042189
1.116525
1.237110
1.305331
1.312271
1.251671
1.141458
1.010789
0.875202
0.759650
0.678476
0.628165
0.610450
0.670184
0.733478
0.799713
0.863169
0.920904
0.971883
1.014320
1.040947
1.113822
1.232716
1.301112
1.308853
1.249058
1.139411
1.009077
0.873767
0.758226
0.676814
0.626109
0.608383
0.668424
0.732016
0.798391
0.861936
0.919798
0.970860
1.013427
1.040257
1.113341
1.231321
1.299460
1.307013
1.247255
1.137899
1.007869
0.872875
0.757419
0.675839
0.624383
0.605998
0.666169
0.729866
0.796253
0.859753
0.917536
0.968583
1.011272
1.038354
1.111006
1.228160
1.296739
1.305127
1.246313
1.137740
1.008279
0.873809
0.758577
0.676881
0.625000
0.606251
0.666883
0.730827
0.797289
0.860764
0.918548
0.969564
1.012214
1.039361
1.111116
1.227399
1.296429
1.305615
1.247573
1.139552
1.010436
0.876270
0.761044
0.679089
0.626869
0.607474
0.668493
0.732725
0.799194
0.862556
0.920210
0.971052
1.013511
1.040575
1.110994
1.226744
1.296613
1.306920
1.249954
1.142784
1.014265
0.880636
0.765621
0.683697
0.631615
0.611364
0.672704
0.736837
0.802903
0.865769
0.922902
0.973196
1.015159
1.041934
1.111929
1.228017
1.298778
1.309898
1.253907
1.147632
1.019708
0.886585
0.771830
0.689937
0.638355
0.616833
0.679028
0.743179
0.808617
0.870718
0.927116
0.976713
1.018411
1.045329
1.115532
1.230277
1.301541
1.314008
1.258793
1.152372
1.023809
0.889970
0.774326
0.691221
0.638523
0.615545
0.678202
0.742724
0.808540
0.871021
0.927792
0.977727
1.019727
1.046809
1.115965
1.227633
1.298352
1.311319
1.256653
1.150528
1.022074
0.888343
0.772582
0.689212
0.636314
0.612990
0.676190
0.741198
0.807435
0.870217
0.927287
0.977500
1.019806
1.047226
1.116424
1.226146
1.296344
1.309505
1.255183
1.149407
1.021247
0.887760
0.771972
0.688300
0.634864
0.611068
0.674638
0.740031
0.806605
0.869619
0.926906
0.977328
1.019925
1.047668
1.116081
1.223866
1.293959
1.307810
1.254203
1.148827
1.020868
0.887498
0.771571
0.687455
0.633521
0.609416
0.673559
0.739525
0.806526
0.869936
0.927554
0.978268
1.021155
1.049129
1.116875
1.222817
1.292844
1.307465
1.254681
1.149901
1.022368
0.889362
0.773469
0.689204
0.634963
0.610613
0.675082
0.741460
0.808773
0.872392
0.930157
0.981031
1.024081
1.052286
1.118967
1.223360
1.293646
1.309186
1.257039
1.152403
1.024773
0.891588
0.775293
0.690422
0.635537
0.610593
0.675716
0.742859
0.810850
0.874918
0.933090
0.984367
1.027886
1.056502
1.122125
1.224334
1.294677
1.311215
1.259825
1.155423
1.027799
0.894552
0.777914
0.692496
0.637104
0.611993
0.677847
0.746121
0.814925
0.879576
0.938262
0.990014
1.033883
1.062855
1.126770
1.226949
1.297610
1.315463
1.265037
1.160973
1.033401
0.899810
0.781591
0.695879
0.637266
0.612620
0.668546
0.725481
0.786275
0.846400
0.901920
0.950743
0.991794
1.018511
1.068927
1.187630
1.267805
1.286210
1.236965
1.134240
1.007576
0.874464
0.756528
0.670607
0.612050
0.579430
0.629547
0.691904
0.756948
0.819905
0.878010
0.929757
0.974017
1.004089
1.054023
1.168366
1.251027
1.274665
1.230691
1.131557
1.007408
0.877136
0.761877
0.678052
0.619648
0.590061
0.647646
0.710309
0.775308
0.837864
0.895344
0.946304
0.989801
1.018998
1.067288
1.179352
1.260875
1.283602
1.238069
1.136697
1.010364
0.878020
0.760681
0.674781
0.615387
0.584131
0.638385
0.701451
0.766985
0.830285
0.888439
0.940139
0.984249
1.014034
1.063451
1.175206
1.257344
1.281150
1.237097
1.137202
1.012053
0.880673
0.763852
0.678318
0.619477
0.588730
0.641914
0.705514
0.771447
0.834931
0.893086
0.944779
0.988892
1.018719
1.067654
1.178527
1.261593
1.286873
1.243986
1.144565
1.019443
0.887986
0.770883
0.684999
0.626312
0.595786
0.647708
0.711599
0.777583
0.840941
0.898884
0.950299
0.993992
1.023413
1.071979
1.182669
1.266524
1.292558
1.250178
1.150867
1.025699
0.894162
0.776883
0.690691
0.633397
0.603593
0.653650
0.717967
0.783628
0.846414
0.903533
0.954078
0.997038
1.026178
1.075033
1.187279
1.272805
1.299895
1.258362
1.159795
1.035221
0.904073
0.787046
0.700845
0.644444
0.614265
0.660755
0.724605
0.789343
0.850915
0.907136
0.956746
0.999364
1.028606
1.077455
1.189131
1.275508
1.303867
1.263404
1.165035
1.040041
0.908350
0.790688
0.703600
0.646556
0.615810
0.661535
0.726396
0.791923
0.854035
0.910604
0.960633
1.003528
1.032953
1.080599
1.188969
1.274753
1.304037
1.264578
1.166570
1.041437
0.909564
0.791535
0.703911
0.646379
0.615941
0.661724
0.727013
0.792990
0.855398
0.912157
0.962335
1.005252
1.034590
1.081713
1.188087
1.273357
1.303010
1.264243
1.166893
1.042214
0.910629
0.792639
0.704924
0.647494
0.617051
0.662038
0.731656
0.801774
0.866875
0.925529
0.977484
1.021857
1.052491
1.096681
1.196192
1.280100
1.311829
1.274629
1.177347
1.052128
0.920053
0.801345
0.712908
0.654596
0.624906
0.670397
0.735782
0.801957
0.864679
0.921452
0.971480
1.013962
1.042761
1.088941
1.192342
1.277144
1.307595
1.269993
1.173398
1.049072
0.917486
0.798884
0.710355
0.652737
0.621080
0.657014
0.722122
0.793617
0.859967
0.919686
0.972737
1.018322
1.050388
1.095659
1.193648
1.279053
1.313536
1.279254
1.184039
1.059913
0.928413
0.809596
0.720743
0.661818
0.632035
0.666277
0.732719
0.804670
0.871293
0.931150
0.984131
1.029181
1.060114
1.103735
1.199241
1.283492
1.317503
1.283205
1.188263
1.064477
0.932955
0.813671
0.724436
0.665975
0.634751
0.666756
0.730272
0.802131
0.868936
0.928977
0.982100
1.027503
1.059271
1.104294
1.200894
1.287452
1.323702
1.291318
1.197315
1.073701
0.942053
0.822455
0.732731
0.673844
0.642130
0.668459
0.732247
0.804390
0.871587
0.931840
0.985192
1.030950
1.063053
1.108906
1.204940
1.292703
1.330564
1.299379
1.205427
1.081060
0.948511
0.827760
0.736943
0.677012
0.644976
0.666971
0.730033
0.802152
0.869359
0.929772
0.983287
1.029185
1.061406
1.107957
1.203802
1.292232
1.330899
1.300578
1.207236
1.083085
0.950464
0.829323
0.738161
0.678074
0.645738
0.670818
0.736822
0.808419
0.874978
0.934681
0.987512
1.032818
1.064345
1.109738
1.204354
1.293073
1.332505
1.303013
1.210054
1.085998
0.953380
0.832361
0.741305
0.681772
0.648826
0.672830
0.738938
0.810450
0.876940
0.936522
0.989151
1.034993
1.067417
1.112545
1.204901
1.294740
1.336836
1.309573
1.216954
1.091895
0.958146
0.835594
0.742947
0.681433
0.648541
0.672145
0.737331
0.809648
0.876823
0.937169
0.990557
1.036637
1.069050
1.115339
1.207280
1.297247
1.339487
1.312112
1.219345
1.093882
0.959561
0.836074
0.742679
0.680655
0.647591
0.664873
0.729049
0.801794
0.869603
0.930568
0.984733
1.031814
1.065092
1.112208
1.203850
1.295157
1.339228
1.313951
1.222979
1.098553
0.964718
0.841407
0.748047
0.686070
0.653402
0.669774
0.734152
0.806662
0.874202
0.934884
0.988673
1.035330
1.068170
1.115069
1.205957
1.297737
1.342493
1.317753
1.226990
1.102444
0.968330
0.844652
0.750954
0.688862
0.655528
0.673234
0.739589
0.811487
0.878369
0.938374
0.991507
1.037535
1.069859
1.116174
1.205920
1.298021
1.343601
1.319737
1.229280
1.104655
0.970413
0.846693
0.752884
0.690732
0.656954
0.674103
0.740655
0.812547
0.879401
0.939342
0.992398
1.037778
1.069758
1.101002
1.203036
1.301329
1.346158
1.321878
1.230695
1.105150
0.970492
0.841318
0.748781
0.687091
0.648557
0.659463
0.719330
0.789256
0.856111
0.916668
0.970565
1.017116
1.050698
1.083866
1.191648
1.293271
1.337763
1.312420
1.220553
1.095150
0.960923
0.832227
0.740234
0.678925
0.639664
0.652888
0.714898
0.785728
0.853048
0.913943
0.968212
1.015301
1.049437
1.083032
1.190593
1.291986
1.336922
1.312167
1.220488
1.095114
0.960997
0.832602
0.740977
0.679604
0.640982
0.657696
0.720156
0.791020
0.858275
0.918979
0.973183
1.020649
1.054536
1.102305
1.208590
1.304503
1.346025
1.318314
1.224350
1.097803
0.963230
0.840786
0.748015
0.686112
0.651846
0.672883
0.741505
0.813752
0.880871
0.940861
0.994099
1.040597
1.073814
1.119593
1.210507
1.304388
1.352090
1.328817
1.237081
1.110872
0.975486
0.852014
0.759001
0.696651
0.663714
0.683667
0.750657
0.822596
0.889289
0.948861
1.001509
1.047130
1.079095
1.123894
1.216556
1.309276
1.347346
1.312533
1.216165
1.089352
0.954341
0.828859
0.731155
0.670936
0.641126
0.666513
0.734338
0.810225
0.880913
0.944638
1.001282
1.049773
1.084168
1.134348
1.232576
1.327685
1.363701
1.327682
1.231151
1.104705
0.969622
0.843691
0.746035
0.686756
0.656940
0.679321
0.743874
0.819452
0.889930
0.953736
1.010423
1.059472
1.094545
1.144002
1.242731
1.337236
1.373114
1.336141
1.238455
1.111081
0.974909
0.847880
0.749534
0.689672
0.659319
0.681298
0.745038
0.820339
0.890814
0.954742
1.011582
1.060465
1.095159
1.144025
1.242154
1.335685
1.371504
1.334931
1.237564
1.110572
0.975011
0.849058
0.752114
0.693115
0.663240
0.690229
0.753396
0.827954
0.897686
0.960960
1.017023
1.065144
1.098989
1.147052
1.245457
1.338611
1.373897
1.336023
1.236912
1.108555
0.972139
0.845884
0.748977
0.689479
0.659182
0.685736
0.750163
0.824462
0.893999
0.957132
1.013067
1.060862
1.094358
1.142605
1.241979
1.334385
1.368770
1.330344
1.231102
1.103058
0.967218
0.841927
0.746176
0.686692
0.655947
0.684711
0.749333
0.823331
0.892725
0.955685
1.011422
1.058920
1.092062
1.139705
1.239941
1.332152
1.366403
1.327918
1.228331
1.100051
0.964230
0.839298
0.744077
0.683573
0.652396
0.697834
0.763914
0.832067
0.897137
0.956332
1.008456
1.052259
1.081719
1.130868
1.238328
1.331262
1.361912
1.319902
1.217299
1.086768
0.949324
0.823950
0.728360
0.668871
0.637122
0.668049
0.734141
0.808249
0.877283
0.939990
0.995796
1.043472
1.076808
1.125827
1.231122
1.323784
1.357542
1.318944
1.219637
1.091823
0.956536
0.833144
0.739692
0.679042
0.648771
0.696667
0.761167
0.828150
0.892317
0.950710
1.002129
1.045264
1.073901
1.123373
1.235234
1.327328
1.355706
1.311478
1.207214
1.075911
0.938108
0.813314
0.718924
0.659393
0.627385
0.674344
0.742104
0.810985
0.876348
0.935897
0.988609
1.033232
1.063504
1.113317
1.227536
1.320625
1.350670
1.308368
1.206599
1.077676
0.941991
0.819755
0.728173
0.668961
0.637497
0.685591
0.749818
0.816090
0.879391
0.937083
0.987916
1.030793
1.059689
1.110098
1.226777
1.319014
1.346941
1.302521
1.198523
1.067842
0.930807
0.807741
0.715492
0.654843
0.622463
0.671104
0.735498
0.802184
0.866043
0.924380
0.976004
1.019539
1.048755
1.099270
1.217235
1.308410
1.335221
1.290349
1.187039
1.057659
0.921980
0.800606
0.710453
0.650734
0.618996
0.670482
0.735512
0.802582
0.866618
0.924988
0.976736
1.020425
1.049887
1.099673
1.217282
1.307085
1.333182
1.287581
1.183606
1.053894
0.918047
0.796878
0.707283
0.647151
0.615251
0.668361
0.732942
0.799733
0.863602
0.921810
0.973348
1.017087
1.046472
1.097427
1.216028
1.303927
1.328073
1.280906
1.175849
1.045483
0.909048
0.787570
0.698098
0.637665
0.605509
0.659196
0.723722
0.790776
0.855153
0.913835
0.965936
1.010041
1.039537
1.090511
1.210269
1.297649
1.321540
1.274378
1.169819
1.040219
0.904425
0.783872
0.695834
0.636402
0.605159
0.660866
0.725396
0.792318
0.906115
0.934493
0.958664
0.964968
0.977325
0.995705
1.021480
1.055925
1.099301
1.151212
1.211246
1.272823
1.328589
1.374094
1.409077
1.438401
1.461764
1.481010
1.496113
1.504844
1.505853
1.499572
1.492267
1.483916
1.548994
1.640980
1.699078
1.661223
1.510090
1.315683
1.132454
0.975803
0.862257
0.786816
0.759709
0.793057
0.847351
0.903687
0.956756
1.003095
1.042479
1.074840
1.095256
1.121601
1.202560
1.298754
1.348254
1.335025
1.256095
1.136913
1.001826
0.867559
0.767809
0.700988
0.657824
0.654839
0.710725
0.772224
0.831999
0.886364
0.934780
0.976599
1.006737
1.041679
1.131719
1.234279
1.289406
1.284230
1.214864
1.104894
0.977250
0.849609
0.754778
0.691097
0.653876
0.664293
0.723627
0.788145
0.849966
0.905735
0.955549
0.998666
1.029425
1.063982
1.149156
1.249738
1.305340
1.299326
1.227704
1.114449
0.983079
0.851807
0.753974
0.688883
0.652908
0.656342
0.710274
0.775858
0.839038
0.896275
0.947524
0.991850
1.023504
1.059153
1.145827
1.246501
1.302692
1.298019
1.228437
1.117132
0.986885
0.856059
0.758735
0.694441
0.659298
0.661437
0.714942
0.780154
0.842907
0.899685
0.950471
0.994283
1.025492
1.060835
1.146969
1.247675
1.304469
1.300560
1.231541
1.120365
0.989904
0.858766
0.761289
0.696868
0.661234
0.665020
0.722714
0.787267
0.849221
0.905182
0.955160
0.998199
1.028810
1.063468
1.148039
1.248114
1.304872
1.300762
1.231186
1.119295
0.988286
0.856806
0.759119
0.694322
0.658135
0.661626
0.720007
0.784680
0.846723
0.902765
0.952849
0.996032
1.026850
1.061768
1.145394
1.245037
1.302114
1.298693
1.229710
1.118189
0.987438
0.856154
0.758592
0.693702
0.657858
0.661570
0.720271
0.785088
0.847272
0.903418
0.953640
0.996943
1.027838
1.062761
1.145030
1.243986
1.301309
1.298438
1.229874
1.118563
0.987878
0.856550
0.758937
0.693933
0.658197
0.661615
0.720363
0.785230
0.847486
0.903701
0.953982
0.997351
1.028344
1.063328
1.144433
1.242844
1.300500
1.298306
1.230285
1.119255
0.988668
0.857325
0.759703
0.694582
0.658925
0.661892
0.720646
0.785518
0.847801
0.904052
0.954362
0.997762
1.028798
1.063885
1.144167
1.242145
1.300017
1.298297
1.230639
1.119761
0.989189
0.857811
0.760142
0.694871
0.659170
0.661825
0.720542
0.785440
0.847768
0.904076
0.954439
0.997916
1.029061
1.064200
1.143588
1.241165
1.299366
1.298244
1.231026
1.120326
0.989776
0.858345
0.760613
0.695160
0.659554
0.661889
0.720449
0.785424
0.847873
0.904306
0.954796
0.998429
1.029713
1.064961
1.143443
1.240560
1.299059
1.298546
1.231793
1.121329
0.990847
0.859427
0.761698
0.696188
0.660674
0.663063
0.721174
0.786198
0.848723
0.905197
0.955777
0.999500
1.030888
1.066210
1.143830
1.240653
1.299540
1.299631
1.233261
1.122886
0.992334
0.860789
0.762955
0.697245
0.661809
0.663767
0.721645
0.786698
0.849298
0.905861
0.956523
1.000322
1.031781
1.067192
1.144106
1.240602
1.299783
1.300411
1.234430
1.124202
0.993638
0.861479
0.762854
0.698344
0.660917
0.662783
0.716375
0.780904
0.843600
0.900449
0.951441
0.995071
1.026433
1.049533
1.121872
1.221324
1.281977
1.287034
1.224513
1.114813
0.984868
0.853752
0.755168
0.689193
0.652162
0.657209
0.713400
0.778263
0.841362
0.898544
0.949796
0.993550
1.024598
1.047663
1.121369
1.220173
1.279680
1.283597
1.220311
1.110396
0.980685
0.849431
0.750548
0.683256
0.644605
0.647961
0.703687
0.768286
0.831543
0.889066
0.940731
0.984928
1.016460
1.040142
1.114139
1.212794
1.272534
1.277445
1.215360
1.106422
0.977447
0.846721
0.748127
0.680605
0.642264
0.646450
0.702581
0.767585
0.831288
0.889245
0.941304
0.985857
1.017617
1.041520
1.115259
1.213622
1.273724
1.279119
1.217289
1.108323
0.979158
0.848155
0.749347
0.681456
0.643247
0.646866
0.702902
0.767979
0.831781
0.889850
0.942058
0.986747
1.018599
1.042567
1.116835
1.215590
1.276220
1.282186
1.220676
1.111683
0.982275
0.850976
0.751970
0.683803
0.645587
0.648731
0.703874
0.769049
0.832949
0.891113
0.943436
0.988171
1.019986
1.044110
1.118855
1.218657
1.280125
1.286961
1.226057
1.117287
0.987813
0.856522
0.757612
0.689546
0.651444
0.653771
0.708336
0.773299
0.837036
0.895042
0.947190
0.991813
1.023562
1.047732
1.122752
1.223191
1.285235
1.292658
1.231847
1.122680
0.992610
0.860842
0.761612
0.693329
0.655260
0.656243
0.709465
0.774512
0.838341
0.896404
0.948609
0.993305
1.025190
1.049548
1.125069
1.225920
1.288409
1.296480
1.236098
1.126981
0.996712
0.864709
0.765313
0.696696
0.658550
0.657836
0.709474
0.774407
0.838181
0.896191
0.948367
0.993032
1.024915
1.049345
1.125560
1.226720
1.289400
1.297904
1.237812
1.128731
0.998324
0.866118
0.766555
0.697716
0.659540
0.657291
0.706864
0.771863
0.835693
0.893767
0.946004
0.990801
1.022919
1.047705
1.125323
1.226429
1.289070
1.298011
1.238382
1.129577
0.999235
0.866901
0.767169
0.697751
0.659266
0.656201
0.704848
0.769769
0.833650
0.891848
0.944212
0.989132
1.021363
1.046216
1.124243
1.225063
1.287710
1.297147
1.237930
1.129270
0.998918
0.866507
0.766663
0.696951
0.658694
0.655555
0.704325
0.769435
0.833465
0.891818
0.944364
0.989429
1.021692
1.046636
1.124568
1.225181
1.287971
1.297961
1.239269
1.131015
1.000904
0.868766
0.769222
0.699860
0.661827
0.658915
0.710018
0.774764
0.838303
0.896108
0.948087
0.992588
1.024360
1.048752
1.125885
1.226356
1.289215
1.299425
1.240717
1.132313
1.002117
0.870035
0.770678
0.702071
0.664647
0.663265
0.720341
0.785222
0.848413
0.905669
0.957051
1.000969
1.032234
1.056015
1.132430
1.233008
1.296150
1.306623
1.247760
1.139217
1.008812
0.876761
0.777814
0.710031
0.672182
0.669593
0.726712
0.790933
0.853364
0.909872
0.960483
1.003554
1.034228
1.057760
1.132448
1.234400
1.298724
1.310046
1.251588
1.143181
1.012854
0.881180
0.782822
0.715344
0.677175
0.674734
0.732508
0.796174
0.857998
0.913916
0.963942
1.006516
1.036905
1.060264
1.133631
1.235466
1.300045
1.311720
1.253108
1.144070
1.013217
0.881285
0.782700
0.714384
0.676045
0.673910
0.731992
0.795681
0.857611
0.913657
0.963847
1.006581
1.037102
1.060603
1.133636
1.234500
1.298700
1.310363
1.251648
1.142461
1.011530
0.879501
0.780755
0.712201
0.673981
0.671530
0.729731
0.793715
0.855938
0.912227
0.962682
1.005723
1.036464
1.060036
1.132707
1.233167
1.297652
1.310199
1.252357
1.143868
1.013368
0.881671
0.783222
0.714944
0.677165
0.674693
0.732905
0.796841
0.858937
0.915116
0.965465
1.008399
1.039045
1.062668
1.135129
1.235540
1.300150
1.303041
1.237989
1.127613
0.997374
0.863368
0.760171
0.692540
0.658727
0.662804
0.716980
0.783563
0.848822
0.908268
0.961495
1.006715
1.039025
1.064898
1.142294
1.247345
1.306820
1.307074
1.241750
1.130912
1.000066
0.863871
0.758167
0.688929
0.652688
0.653615
0.704854
0.772601
0.839102
0.899791
0.954335
1.000943
1.034486
1.061457
1.136822
1.239438
1.299390
1.302422
1.240741
1.133071
1.004323
0.869381
0.764244
0.694772
0.659544
0.662699
0.715284
0.782329
0.848468
0.908933
0.963234
1.008973
1.041426
1.067155
1.141393
1.242780
1.301723
1.303054
1.239255
1.129773
0.999845
0.864093
0.758437
0.689445
0.654347
0.653324
0.702081
0.770166
0.837128
0.898334
0.953378
1.000461
1.034369
1.061635
1.136914
1.238816
1.299109
1.303397
1.242811
1.135824
1.007362
0.872472
0.767268
0.697572
0.662965
0.665878
0.717809
0.784891
0.851061
0.911601
0.965960
1.011681
1.044057
1.069862
1.144335
1.245022
1.303844
1.305614
1.241930
1.132283
1.002039
0.865870
0.759859
0.690503
0.655300
0.652457
0.699694
0.767722
0.834612
0.895737
0.950761
0.997834
1.031788
1.059199
1.134545
1.235762
1.296113
1.301450
1.241928
1.135774
1.007895
0.873463
0.768721
0.699358
0.665384
0.667551
0.718427
0.785640
0.851991
0.912616
0.967089
1.013613
1.046905
1.073352
1.146986
1.246243
1.305372
1.308600
1.245910
1.136577
1.006093
0.869319
0.762566
0.691831
0.656095
0.652537
0.698142
0.766122
0.833286
0.894831
0.950275
0.997708
1.031936
1.059490
1.135332
1.235295
1.294996
1.300394
1.240955
1.135121
1.007521
0.873121
0.768327
0.699570
0.665943
0.664175
0.711675
0.779496
0.846198
0.907155
0.961900
1.008680
1.042421
1.069763
1.143401
1.243087
1.303570
1.309737
1.250091
1.143220
1.014389
0.878810
0.773021
0.703183
0.669338
0.668932
0.723165
0.790503
0.856575
0.916823
0.970882
1.016937
1.049903
1.076563
1.147407
1.245412
1.305618
1.311634
1.251135
1.143054
1.013334
0.877173
0.770940
0.700458
0.666469
0.665769
0.720731
0.788278
0.854531
0.914939
0.969130
1.015366
1.048568
1.075594
1.146619
1.244213
1.304439
1.311019
1.251047
1.143437
1.014057
0.878126
0.772057
0.701564
0.667985
0.667145
0.722449
0.789991
0.856230
0.916601
0.970799
1.017054
1.050349
1.077450
1.148015
1.245270
1.305699
1.312823
1.253124
1.145598
1.016194
0.880176
0.773993
0.703308
0.669744
0.668218
0.723271
0.790723
0.856874
0.917231
0.971406
1.017668
1.051053
1.078368
1.148660
1.245719
1.306395
1.314209
1.255035
1.147833
1.018585
0.882659
0.776532
0.705682
0.672224
0.670386
0.724987
0.792392
0.858522
0.918919
0.973081
1.019369
1.052839
1.080242
1.150686
1.247689
1.308474
1.316662
1.257705
1.150755
1.021636
0.885773
0.779794
0.709095
0.675473
0.672613
0.726283
0.793544
0.859553
0.919805
0.973927
1.020164
1.053747
1.081468
1.151422
1.248294
1.309590
1.318875
1.260723
1.154230
1.025337
0.889685
0.783919
0.713110
0.679744
0.677245
0.731250
0.798318
0.864129
0.924143
0.978055
1.024076
1.057497
1.085178
1.153706
1.249896
1.311371
1.321083
1.262913
1.156118
1.026938
0.891108
0.785154
0.713907
0.680534
0.677231
0.730139
0.797242
0.863102
0.923270
0.977322
1.023448
1.057066
1.085145
1.153690
1.249611
1.311412
1.321915
1.264305
1.157759
1.028655
0.892837
0.786829
0.715306
0.682240
0.678212
0.729143
0.796238
0.862217
0.922590
0.976846
1.023199
1.057076
1.085454
1.154291
1.249997
1.312063
1.323204
1.266047
1.159742
1.030660
0.894750
0.788590
0.716854
0.683914
0.678646
0.727346
0.794281
0.860202
0.920460
0.974715
1.021136
1.055160
1.083833
1.153032
1.248745
1.311122
1.322987
1.266494
1.160715
1.031947
0.895666
0.788913
0.718077
0.682471
0.681894
0.737156
0.797964
0.859678
0.916917
0.968348
1.011683
1.043295
1.059470
1.149737
1.268228
1.330000
1.336248
1.273725
1.161956
1.028890
0.890804
0.783520
0.711468
0.673423
0.668642
0.725357
0.790807
0.855889
0.915073
0.967994
1.013294
1.047309
1.066201
1.147850
1.259459
1.321429
1.329507
1.267626
1.156084
1.023602
0.886817
0.780213
0.708202
0.674045
0.676296
0.732268
0.793288
0.855290
0.912598
0.963887
1.007534
1.039744
1.056632
1.145148
1.259931
1.320412
1.325979
1.262361
1.150098
1.017172
0.879468
0.772150
0.700219
0.663914
0.660114
0.716389
0.782402
0.848089
0.907875
0.961377
1.007270
1.041880
1.061229
1.142323
1.253098
1.314538
1.322272
1.260186
1.149441
1.018163
0.882407
0.776548
0.705223
0.671041
0.672062
0.728330
0.789387
0.851300
0.908447
0.959560
1.003577
1.036762
1.054741
1.141379
1.253837
1.314014
1.320320
1.257079
1.145142
1.012621
0.875179
0.767779
0.695267
0.659166
0.655464
0.710826
0.777152
0.843194
0.903375
0.957241
1.003897
1.039458
1.059706
1.138778
1.246873
1.307793
1.316220
1.254684
1.144705
1.014319
0.879149
0.773429
0.701929
0.667802
0.668550
0.724949
0.786234
0.848373
0.905692
0.957005
1.001130
1.034364
1.052057
1.138606
1.251709
1.312018
1.318526
1.255703
1.144634
1.013082
0.876492
0.769843
0.698555
0.662642
0.655752
0.708773
0.775176
0.841047
0.901106
0.954848
1.001630
1.037795
1.058499
1.137895
1.249940
1.312814
1.322839
1.262818
1.154491
1.025321
0.891060
0.786512
0.716484
0.681928
0.679754
0.738518
0.803550
0.867858
0.926235
0.978218
1.023155
1.057675
1.076039
1.152723
1.261780
1.323164
1.331882
1.269509
1.157937
1.025945
0.889212
0.782390
0.709965
0.673061
0.666082
0.719334
0.785186
0.850387
0.909712
0.962695
1.008667
1.044333
1.063959
1.140926
1.250195
1.312174
1.322218
1.261810
1.152608
1.022878
0.888062
0.782723
0.711189
0.675047
0.669096
0.723329
0.789359
0.854592
0.913807
0.966588
1.012443
1.047992
1.067455
1.143110
1.251863
1.314218
1.325076
1.265240
1.156128
1.026249
0.891090
0.785401
0.713188
0.675936
0.668341
0.720911
0.786738
0.851943
0.911252
0.964135
1.010010
1.045657
1.065337
1.141069
1.250455
1.313637
1.325733
1.267104
1.158714
1.029201
0.894183
0.788586
0.715974
0.678126
0.669671
0.721684
0.787517
0.852821
0.912141
0.965049
1.011025
1.046836
1.066751
1.141757
1.251066
1.315014
1.328346
1.270701
1.162652
1.033111
0.897907
0.792166
0.719110
0.680841
0.671212
0.721555
0.787323
0.852723
0.912237
0.965280
1.011303
1.047143
1.067227
1.142080
1.252160
1.317177
1.331858
1.275362
1.167824
1.038342
0.903017
0.797172
0.723631
0.684924
0.674169
0.722589
0.788274
0.853664
0.913209
0.966298
1.012378
1.048378
1.068578
1.143270
1.253844
1.319762
1.335596
1.280032
1.172803
1.043189
0.907552
0.801428
0.727306
0.688125
0.675791
0.721225
0.786789
0.852184
0.911815
0.964986
1.011211
1.047390
1.067909
1.142268
1.253170
1.319942
1.336965
1.282520
1.175921
1.046522
0.910851
0.804640
0.730165
0.690611
0.676902
0.719028
0.784527
0.849814
0.909333
0.962409
1.008644
1.044983
1.065877
1.140224
1.251123
1.318539
1.336670
1.283398
1.177557
1.048464
0.912749
0.806329
0.731287
0.691252
0.676435
0.717773
0.783135
0.848239
0.907616
0.960627
1.006951
1.043427
1.064402
1.138089
1.247964
1.315646
1.334659
1.282291
1.177029
1.048281
0.912641
0.806139
0.730818
0.690444
0.675042
0.720121
0.785304
0.850043
0.908959
0.961611
1.007481
1.043735
1.064572
1.136824
1.245659
1.313427
1.333075
1.281354
1.176411
1.047835
0.912249
0.805656
0.730056
0.688769
0.672732
0.724760
0.789741
0.854073
0.912553
0.964797
1.010451
1.046668
1.067448
1.137336
1.244018
1.311698
1.332062
1.280737
1.175607
1.046746
0.910868
0.803874
0.727616
0.685435
0.668602
0.718814
0.784089
0.848763
0.907622
0.960075
1.006153
1.043134
1.064773
1.133687
1.238842
1.306915
1.328701
1.279100
1.175292
1.047212
0.911618
0.804544
0.727740
0.685036
0.667647
0.718707
0.784186
0.849097
0.908150
0.960781
1.007025
1.044059
1.065679
1.133808
1.238735
1.307395
1.330111
1.281448
1.178243
1.050402
0.914739
0.807355
0.730262
0.686510
0.667252
0.717511
0.782942
0.847776
0.906642
0.959202
1.005345
1.042202
1.063637
1.131950
1.238320
1.308208
1.332340
1.285332
1.183202
1.055837
0.920445
0.813176
0.735984
0.691525
0.670871
0.721305
0.786559
0.851120
0.909759
0.962093
1.008109
1.044624
1.064993
1.116616
1.225700
1.299043
1.326888
1.284422
1.184164
1.056773
0.920851
0.811884
0.735024
0.681327
0.655986
0.699453
0.748065
0.801207
0.852322
0.898364
0.938433
0.969686
0.985452
1.059268
1.187190
1.261055
1.281034
1.232677
1.131238
1.006294
0.873380
0.768102
0.695992
0.641664
0.612962
0.659173
0.709310
0.763180
0.814721
0.861501
0.902958
0.937136
0.957348
1.029666
1.155385
1.232285
1.258120
1.216579
1.120414
0.999338
0.870261
0.768384
0.698316
0.647224
0.629588
0.676968
0.728030
0.782374
0.833842
0.880339
0.921478
0.955165
0.974003
1.044277
1.168327
1.244161
1.268510
1.224613
1.126023
1.002881
0.871751
0.767954
0.696481
0.643833
0.620331
0.668282
0.719965
0.774927
0.826998
0.874107
0.915800
0.950070
0.969538
1.038713
1.161926
1.237997
1.263657
1.221380
1.123974
1.001597
0.871264
0.768156
0.696876
0.644841
0.623177
0.671044
0.722664
0.777692
0.829794
0.876891
0.918537
0.952630
0.972008
1.042786
1.165311
1.240391
1.265293
1.221997
1.123559
1.000323
0.869348
0.765945
0.694455
0.642001
0.619950
0.667289
0.718580
0.773540
0.825758
0.872919
0.914703
0.948909
0.968718
1.039468
1.161142
1.235732
1.260957
1.217982
1.119556
0.996109
0.865072
0.761940
0.690449
0.644334
0.623240
0.679020
0.746361
0.812246
0.871473
0.924333
0.970912
1.008430
1.030895
1.101583
1.215065
1.289647
1.309008
1.259752
1.161836
1.040769
0.910468
0.805730
0.733060
0.693729
0.686355
0.741293
0.809851
0.877144
0.938041
0.992015
1.038879
1.075797
1.098206
1.175712
1.291150
1.360161
1.375134
1.321870
1.215253
1.082830
0.940150
0.824146
0.740290
0.697817
0.682655
0.724373
0.792806
0.861669
0.924860
0.981318
1.030556
1.068746
1.091354
1.175031
1.286525
1.352372
1.366038
1.312737
1.207754
1.077232
0.936218
0.821702
0.741438
0.701759
0.687629
0.728829
0.797045
0.865232
0.927656
0.983353
1.031800
1.069233
1.091447
1.175512
1.288980
1.354950
1.368527
1.315032
1.209603
1.078480
0.936980
0.822406
0.742233
0.702720
0.688557
0.729766
0.797431
0.865139
0.927194
0.982658
1.030781
1.067965
1.089592
1.173260
1.287714
1.353253
1.365477
1.310454
1.204186
1.072906
0.931699
0.817875
0.739081
0.699868
0.686118
0.727793
0.795271
0.862730
0.924458
0.979579
1.027436
1.064521
1.086242
1.169548
1.284271
1.349389
1.361126
1.305634
1.199291
1.068299
0.927749
0.814825
0.737046
0.698719
0.687008
0.731011
0.798484
0.865978
0.927697
0.982756
1.030587
1.067643
1.089127
1.171403
1.285310
1.349430
1.359785
1.302560
1.195073
1.063646
0.923157
0.810636
0.733799
0.695838
0.684934
0.730280
0.797685
0.864914
0.926454
0.981379
1.029028
1.066018
1.087377
1.169112
1.282873
1.346257
1.355578
1.297277
1.189339
1.058027
0.918036
0.806158
0.730159
0.692639
0.683294
0.731467
0.798786
0.865687
0.926883
0.981452
1.028909
1.065630
1.086664
1.168174
1.281003
1.343330
1.351481
1.291944
1.183332
1.051927
0.912286
0.801030
0.725927
0.688926
0.680813
0.730631
0.797834
0.864685
0.925625
0.979988
1.027242
1.063730
1.084311
1.165595
1.278137
1.339678
1.346858
1.286357
1.177335
1.046048
0.907006
0.796536
0.722432
0.686039
0.679140
0.730757
0.797894
0.864429
0.925129
0.979113
1.026058
1.062142
1.082236
1.164020
1.275837
1.336498
1.342805
1.281497
1.172148
1.041011
0.902552
0.792920
0.719821
0.683882
0.677929
0.730538
0.797613
0.864004
0.924360
0.978200
1.024906
1.060832
1.080641
1.162314
1.273592
1.333816
1.339774
1.278057
1.168519
1.037501
0.899526
0.790599
0.717817
0.681766
0.677979
0.734563
0.800714
0.866464
0.926354
0.979779
1.025973
1.061361
1.080559
1.162004
1.272533
1.332046
1.337092
1.274134
1.163261
1.031301
0.892949
0.783784
0.710528
0.674167
0.672488
0.729764
0.791794
0.854701
0.912769
0.964744
1.009520
1.043415
1.061667
1.151524
1.267408
1.326693
1.330155
1.266205
1.154968
1.022875
0.884891
0.776737
0.705242
0.669214
0.664935
0.720955
0.787809
0.854057
0.914255
0.967989
1.014748
1.050521
1.070656
1.151502
1.263693
1.324129
1.329447
1.266736
1.156882
1.026200
0.889913
0.783365
0.713256
0.678796
0.679951
0.736108
0.797125
0.858827
0.915751
0.966619
1.010466
1.043567
1.061538
1.148388
1.262862
1.321941
1.325583
1.261398
1.149575
1.016988
0.878931
0.770918
0.699477
0.663136
0.661593
0.719548
0.782164
0.845295
0.903518
0.905991
0.934163
0.960058
0.971803
0.991401
1.020752
1.059908
1.108897
1.167674
1.236132
1.312851
1.396589
1.487312
1.584309
1.681539
1.763065
1.831857
1.882247
1.919110
1.940880
1.942996
1.925796
1.890962
1.840532
1.779286
1.721216
1.657911
1.718527
1.798883
1.868631
1.872810
1.717474
1.457240
1.222025
1.048431
0.918990
0.833659
0.830846
0.903066
0.999090
1.092618
1.175427
1.241412
1.292244
1.329473
1.359435
1.367106
1.486947
1.621451
1.655437
1.573718
1.392743
1.183905
1.002516
0.848736
0.721893
0.645034
0.618754
0.612978
0.675702
0.789145
0.895888
0.990791
1.073484
1.142865
1.200558
1.233111
1.346655
1.469001
1.503276
1.438249
1.293560
1.122859
0.968814
0.834591
0.721813
0.654532
0.625261
0.613492
0.677066
0.788708
0.895152
0.990498
1.074028
1.144746
1.203553
1.237035
1.349012
1.470512
1.507485
1.445030
1.300406
1.128134
0.972292
0.836769
0.723168
0.654026
0.625069
0.619986
0.684781
0.795227
0.900145
0.993782
1.075487
1.144279
1.200833
1.231870
1.339393
1.454295
1.486079
1.423744
1.281126
1.109202
0.952286
0.814886
0.700652
0.629910
0.600018
0.598555
0.660872
0.771840
0.878653
0.974640
1.058874
1.130094
1.187232
1.218712
1.324345
1.434248
1.460416
1.397894
1.259533
1.091595
0.937037
0.801855
0.690100
0.620859
0.592680
0.595223
0.661725
0.772289
0.877983
0.972800
1.055816
1.125753
1.181545
1.211660
1.314610
1.420196
1.444061
1.382627
1.246603
1.079765
0.925320
0.790667
0.679019
0.609389
0.581177
0.592260
0.694089
0.796194
0.894957
0.983399
1.060044
1.123655
1.173901
1.198399
1.305976
1.412228
1.433188
1.371159
1.234135
1.063642
0.905588
0.768474
0.656321
0.586040
0.559718
0.574726
0.676108
0.777458
0.875749
0.963891
1.040376
1.103952
1.154465
1.179295
1.286671
1.390289
1.408705
1.347509
1.214122
1.046455
0.889616
0.753472
0.642587
0.573120
0.546755
0.561918
0.662279
0.762333
0.859526
0.946839
1.022586
1.085491
1.135811
1.160623
1.266117
1.366479
1.383705
1.324137
1.194498
1.029752
0.874410
0.739648
0.630119
0.561632
0.534623
0.550812
0.650056
0.748815
0.845089
0.931772
1.006978
1.069427
1.119562
1.144337
1.248190
1.345749
1.361991
1.303922
1.177228
1.014465
0.859839
0.727907
0.618646
0.550245
0.522937
0.540085
0.638581
0.736445
0.832118
0.918420
0.993352
1.055620
1.105741
1.130579
1.232862
1.328079
1.342961
1.285609
1.161075
0.999831
0.845585
0.714488
0.606100
0.538046
0.510734
0.528271
0.625920
0.722753
0.817738
0.903626
0.978265
1.040302
1.090568
1.115678
1.216503
1.309111
1.322800
1.266599
1.144758
0.985633
0.832322
0.702514
0.595279
0.527993
0.500718
0.518638
0.615691
0.711701
0.806001
0.891363
0.965541
1.027165
1.077320
1.102396
1.201558
1.290634
1.303081
1.248304
1.128999
0.972057
0.819913
0.691702
0.586003
0.519843
0.492023
0.510738
0.607704
0.703561
0.797753
0.883080
0.957251
1.018869
1.069136
1.094340
1.191037
1.276452
1.288254
1.235178
1.118140
0.962880
0.811503
0.684472
0.579713
0.514088
0.485699
0.505304
0.601823
0.697329
0.791401
0.876723
0.950891
1.012550
1.062962
1.088316
1.183382
1.266168
1.277327
1.225452
1.110139
0.955886
0.804920
0.678329
0.574049
0.508439
0.480091
0.499757
0.596250
0.692017
0.786461
0.872145
0.946736
1.008870
1.059729
1.085431
1.179367
1.260204
1.270671
1.219551
1.105345
0.951373
0.800062
0.673687
0.570392
0.504569
0.476820
0.500756
0.596502
0.691846
0.786411
0.872444
0.947524
1.010350
1.061826
1.088037
1.181496
1.261310
1.271019
1.219864
1.105020
0.949573
0.796677
0.669266
0.566122
0.499550
0.472595
0.498912
0.594708
0.690288
0.785327
0.871963
0.947741
1.011354
1.063676
1.090737
1.183122
1.261282
1.270096
1.218908
1.103732
0.947442
0.794457
0.666261
0.563032
0.495629
0.468950
0.496276
0.592272
0.688110
0.783514
0.870569
0.946906
1.011241
1.064351
1.092213
1.183649
1.260020
1.267946
1.216778
1.101471
0.944619
0.792069
0.663161
0.559736
0.491393
0.464637
0.492067
0.588229
0.684473
0.780365
0.868008
0.945057
1.010171
1.064096
1.092770
1.182893
1.257343
1.264647
1.213842
1.098836
0.941960
0.790138
0.661790
0.558317
0.489363
0.462219
0.489556
0.586043
0.682424
0.778455
0.866350
0.943717
1.009191
1.063498
1.092675
1.181676
1.254846
1.261739
1.211285
1.096665
0.939924
0.788619
0.660810
0.557221
0.487875
0.460299
0.486891
0.583439
0.679987
0.776191
0.864239
0.941807
1.007524
1.062088
1.091474
1.179810
1.252064
1.258600
1.208511
1.094355
0.937844
0.787034
0.659604
0.556221
0.486708
0.458576
0.485144
0.581748
0.678247
0.774428
0.862579
0.940329
1.006282
1.061103
1.090833
1.178743
1.250622
1.257025
1.207281
1.093292
0.936633
0.786030
0.658859
0.555290
0.485506
0.457133
0.483332
0.580314
0.677128
0.773547
0.861901
0.939888
1.006110
1.061130
1.091104
1.178709
1.250040
1.256206
1.206647
1.092827
0.936198
0.785622
0.658514
0.554651
0.484629
0.455862
0.480565
0.577766
0.674690
0.771147
0.859554
0.937594
1.003906
1.059053
1.089246
1.176824
1.248120
1.254227
1.205000
1.091623
0.935280
0.784903
0.657844
0.554052
0.484114
0.455012
0.479206
0.576493
0.673512
0.770030
0.858543
0.936673
1.003063
1.058274
1.088544
1.176471
1.248092
1.254167
1.205072
1.091813
0.935487
0.785049
0.657839
0.553727
0.483743
0.454363
0.477185
0.574639
0.671677
0.768187
0.856626
0.934689
1.000961
1.056053
1.086277
1.174565
1.246568
1.252718
1.203876
1.091078
0.935171
0.784819
0.657435
0.553432
0.483812
0.454115
0.476899
0.574293
0.671232
0.767651
0.855987
0.933937
1.000061
1.054925
1.084935
1.173422
1.245996
1.252317
1.203663
1.091060
0.935218
0.784692
0.657007
0.552789
0.483419
0.453501
0.476140
0.573561
0.670519
0.766906
0.855166
0.932979
0.998999
1.053727
1.083642
1.172317
1.245712
1.252395
1.204001
1.091799
0.936333
0.785430
0.657188
0.552187
0.482789
0.452674
0.473372
0.570849
0.667710
0.763899
0.851884
0.929430
0.995122
1.049605
1.079376
1.168434
1.243051
1.249891
1.201428
1.089780
0.935055
0.784160
0.655645
0.550135
0.481096
0.450357
0.468240
0.565719
0.662307
0.758171
0.845857
0.923127
0.988520
1.042855
1.072504
1.162426
1.238766
1.246591
1.198831
1.088098
0.934165
0.783280
0.654499
0.548849
0.480112
0.448640
0.465090
0.563085
0.660005
0.756111
0.843886
0.921202
0.986694
1.041135
1.070949
1.161055
1.238281
1.246394
1.198655
1.088026
0.934290
0.783270
0.654221
0.548265
0.479579
0.447445
0.462355
0.561393
0.659095
0.755706
0.843930
0.921694
0.987614
1.042288
1.072503
1.161991
1.239287
1.247898
1.192279
1.069927
0.912086
0.763520
0.640289
0.533864
0.461851
0.436121
0.461593
0.562364
0.662493
0.761370
0.851724
0.931365
0.998733
1.055462
1.087730
1.176854
1.251097
1.260983
1.209015
1.097622
0.947408
0.798292
0.673947
0.571906
0.498517
0.469273
0.496627
0.594520
0.693284
0.792347
0.883573
0.963794
1.031296
1.087618
1.118916
1.206064
1.277568
1.286739
1.233192
1.116734
0.960287
0.808497
0.680685
0.574644
0.497766
0.469581
0.495767
0.594832
0.694049
0.792938
0.883753
0.963607
1.030599
1.086418
1.117420
1.201380
1.270393
1.279639
1.228326
1.116209
0.964363
0.814004
0.686968
0.582029
0.506027
0.476113
0.502558
0.600074
0.698045
0.795888
0.885706
0.964518
1.030504
1.085393
1.115474
1.199715
1.268727
1.277771
1.226640
1.114585
0.962185
0.811947
0.684667
0.579066
0.502045
0.471452
0.497442
0.595363
0.693896
0.792301
0.882628
0.962004
1.028677
1.084207
1.114776
1.198660
1.266029
1.274456
1.223537
1.111763
0.959168
0.809539
0.683168
0.576575
0.498350
0.467407
0.492221
0.590406
0.689147
0.787629
0.877973
0.957483
1.024368
1.080125
1.111174
1.195060
1.261221
1.268598
1.217542
1.106521
0.954772
0.805908
0.680215
0.574523
0.497104
0.465410
0.487629
0.584574
0.681719
0.778684
0.867490
0.945472
1.010702
1.065383
1.095441
1.180428
1.248245
1.255764
1.205519
1.095952
0.945734
0.798028
0.673094
0.569984
0.495285
0.462008
0.481677
0.576699
0.671670
0.766698
0.853617
0.929820
0.993287
1.048554
1.079598
1.166045
1.235528
1.244566
1.196937
1.089299
0.938941
0.791936
0.667758
0.560131
0.480119
0.446476
0.470062
0.569294
0.668994
0.768587
0.860237
0.941423
1.010395
1.068545
1.101902
1.185565
1.248590
1.254219
1.203417
1.093036
0.941424
0.794548
0.670959
0.565789
0.487145
0.450095
0.472097
0.555263
0.639894
0.732061
0.816603
0.887441
0.946315
0.995550
1.023625
1.108056
1.201594
1.210694
1.154549
1.041862
0.890159
0.743760
0.619528
0.515889
0.438921
0.401256
0.399705
0.489194
0.577477
0.668839
0.753572
0.829245
0.893567
0.948909
0.981480
1.063662
1.158156
1.175951
1.131088
1.028973
0.886424
0.744957
0.629289
0.538399
0.475406
0.435690
0.436545
0.517105
0.596122
0.681414
0.759042
0.823301
0.875020
0.920447
0.945263
1.026205
1.124147
1.147366
1.108376
1.012187
0.874466
0.734604
0.617876
0.523920
0.461104
0.421548
0.421672
0.506180
0.588251
0.673557
0.750807
0.817661
0.872429
0.920463
0.947023
1.028806
1.128418
1.152848
1.113168
1.014924
0.874565
0.733748
0.617032
0.523228
0.458970
0.416668
0.410841
0.491782
0.571720
0.658672
0.738617
0.804591
0.858299
0.905627
0.931877
1.015449
1.115823
1.138297
1.097473
0.999169
0.859128
0.720071
0.602309
0.507571
0.442371
0.403287
0.397537
0.481921
0.563676
0.648384
0.726234
0.793605
0.848843
0.897265
0.924623
1.007404
1.106930
1.132700
1.095564
1.000706
0.864857
0.727134
0.616240
0.526911
0.467205
0.425788
0.410458
0.488279
0.564544
0.648752
0.726680
0.789373
0.839488
0.883422
0.906886
0.989143
1.089473
1.118470
1.085537
0.993768
0.859982
0.723003
0.612236
0.523608
0.465910
0.428338
0.414344
0.497827
0.577452
0.659211
0.733874
0.798400
0.850579
0.896486
0.922715
1.003303
1.102138
1.132713
1.101149
1.009608
0.873361
0.734603
0.617391
0.522274
0.457297
0.417654
0.415777
0.501924
0.585574
0.670352
0.748544
0.816791
0.872836
0.922361
0.950738
1.029083
1.123172
1.146117
1.108340
1.013516
0.875657
0.735888
0.618053
0.523682
0.456134
0.415481
0.401118
0.488381
0.573036
0.659043
0.738838
0.809009
0.866913
0.917543
0.947005
1.025406
1.118363
1.142731
1.107523
1.014313
0.877163
0.738596
0.621450
0.527142
0.460911
0.420601
0.416595
0.503532
0.587855
0.672954
0.751617
0.820467
0.877148
0.927079
0.956097
1.033220
1.125907
1.149338
1.113229
1.020405
0.884067
0.744321
0.625507
0.530512
0.462716
0.421958
0.412249
0.498655
0.582685
0.668182
0.747943
0.818127
0.876188
0.927122
0.956930
1.035285
1.128814
1.152397
1.115345
1.020619
0.881937
0.741825
0.621582
0.525378
0.456583
0.416464
0.410690
0.498545
0.584279
0.671243
0.752653
0.824638
0.884681
0.937811
0.969552
1.046707
1.138744
1.161505
1.124854
1.031117
0.892880
0.751825
0.629507
0.531812
0.460584
0.419864
0.413698
0.502828
0.589759
0.677864
0.760006
0.832737
0.893327
0.946925
0.979193
1.055453
1.145861
1.167475
1.130060
1.035683
0.896805
0.755270
0.631756
0.533150
0.460608
0.419677
0.414162
0.504214
0.592424
0.681946
0.766027
0.840732
0.903547
0.958997
0.992769
1.069517
1.158597
1.179440
1.141675
1.045991
0.904584
0.761504
0.636985
0.535200
0.458894
0.415690
0.411068
0.503128
0.593217
0.684114
0.769770
0.845851
0.910131
0.967019
1.002137
1.079471
1.165649
1.184062
1.144819
1.048289
0.906366
0.763167
0.638743
0.535515
0.457222
0.413014
0.408197
0.501341
0.592783
0.685023
0.772291
0.849893
0.915774
0.972986
1.008020
1.085094
1.170579
1.188496
1.148751
1.051925
0.910142
0.766851
0.642205
0.540849
0.463713
0.420960
0.414613
0.507790
0.599172
0.691527
0.778674
0.856355
0.922358
0.979803
1.015234
1.091958
1.177356
1.196340
1.157828
1.061341
0.918522
0.773932
0.648222
0.543724
0.463538
0.419274
0.416161
0.510817
0.604126
0.698119
0.787876
0.867337
0.935299
0.993697
1.029422
1.106800
1.190370
1.208176
1.168475
1.070471
0.926536
0.780713
0.654191
0.552287
0.473345
0.429830
0.421861
0.515051
0.614056
0.712188
0.802754
0.883329
0.952204
1.011273
1.047704
1.119819
1.197494
1.216526
1.180973
1.085034
0.940687
0.794321
0.666812
0.559919
0.477224
0.431654
0.435122
0.532387
0.628920
0.725819
0.816884
0.898227
0.968205
1.028278
1.065801
1.142838
1.221997
1.237529
1.196278
1.094355
0.944586
0.794820
0.664790
0.555328
0.467600
0.419878
0.413599
0.512375
0.610433
0.709261
0.802835
0.886998
0.959762
1.022325
1.062023
1.139337
1.219836
1.237595
1.198779
1.098424
0.949306
0.799599
0.669917
0.561630
0.475632
0.429431
0.425857
0.524631
0.622397
0.720486
0.813104
0.896261
0.967978
1.029333
1.068228
1.144545
1.226280
1.244889
1.206130
1.106109
0.957736
0.806834
0.675377
0.567034
0.481434
0.434786
0.429252
0.515944
0.618092
0.721679
0.818208
0.904869
0.980120
1.043247
1.085385
1.142552
1.221862
1.248585
1.217508
1.119344
0.968784
0.815677
0.682338
0.569804
0.480471
0.429400
0.422725
0.514472
0.605717
0.698608
0.788721
0.869913
0.939776
0.998146
1.036767
1.099494
1.198117
1.225508
1.188385
1.090690
0.945245
0.794055
0.659757
0.553007
0.467661
0.422057
0.415768
0.493138
0.584118
0.676778
0.769321
0.851891
0.923247
0.984423
1.025464
1.088601
1.190950
1.225002
1.194263
1.101270
0.956865
0.804155
0.669964
0.560781
0.474034
0.427803
0.426205
0.505133
0.598350
0.692611
0.786225
0.868951
0.939975
1.000636
1.040498
1.103152
1.202281
1.233485
1.200528
1.105022
0.958656
0.805189
0.670872
0.563465
0.476045
0.427990
0.421581
0.483227
0.576858
0.677379
0.775400
0.862650
0.938293
1.003158
1.046335
1.104880
1.191545
1.221543
1.192878
1.101624
0.959222
0.809791
0.677918
0.575194
0.492447
0.446564
0.435441
0.507558
0.594291
0.681206
0.765647
0.840092
0.902961
0.955735
0.989285
1.046735
1.138663
1.170172
1.143566
1.059984
0.927792
0.783798
0.657974
0.562944
0.486014
0.444993
0.427990
0.472286
0.558578
0.648964
0.737131
0.814868
0.880686
0.937471
0.975876
1.031913
1.118496
1.156213
1.140182
1.065073
0.936143
0.793783
0.666728
0.568670
0.490862
0.447816
0.433453
0.502625
0.587198
0.671540
0.754549
0.826718
0.886911
0.938043
0.970803
1.027092
1.114891
1.147665
1.125691
1.047055
0.917758
0.776306
0.651788
0.556910
0.478494
0.436830
0.416132
0.446623
0.527030
0.617514
0.705737
0.784033
0.850565
0.908045
0.947152
1.003121
1.085545
1.122369
1.109761
1.041895
0.921788
0.785257
0.667089
0.577853
0.504764
0.464076
0.439851
0.470727
0.547148
0.636966
0.725079
0.802292
0.866896
0.922019
0.958900
1.012055
1.086707
1.120119
1.109308
1.043132
0.923584
0.788015
0.669522
0.579044
0.504903
0.463991
0.441025
0.496269
0.582939
0.672568
0.759409
0.835258
0.898836
0.952513
0.986534
1.036995
1.108536
1.140582
1.128539
1.059222
0.934871
0.795829
0.673453
0.580423
0.503418
0.460017
0.435169
0.495083
0.582768
0.671440
0.758198
0.833889
0.897230
0.950618
0.984464
1.035122
1.106903
1.138763
1.126987
1.058778
0.935468
0.796759
0.673243
0.579422
0.502485
0.459245
0.436808
0.503067
0.586190
0.669687
0.751989
0.823978
0.884043
0.935229
0.968497
1.023507
1.106266
1.140668
1.124645
1.052545
0.926704
0.786095
0.657413
0.557784
0.476133
0.430246
0.413170
0.453121
0.537930
0.635013
0.732143
0.816938
0.889558
0.951740
0.993268
1.048692
1.124862
1.156073
1.138311
1.064163
0.938108
0.797760
0.674095
0.581405
0.504040
0.461191
0.437512
0.481313
0.567959
0.658588
0.746962
0.824465
0.889563
0.945019
0.981528
1.032845
1.104175
1.138229
1.129111
1.063419
0.941348
0.802685
0.676219
0.578263
0.499186
0.454137
0.436193
0.512471
0.599428
0.686491
0.771923
0.846648
0.909845
0.963463
0.997423
1.052056
1.135555
1.166633
1.145051
1.066138
0.934437
0.789897
0.658787
0.557513
0.473330
0.425720
0.407099
0.452878
0.543396
0.638912
0.733911
0.817305
0.888264
0.948657
0.988395
1.042923
1.121561
1.153412
1.136230
1.062262
0.935470
0.794767
0.669936
0.575969
0.499979
0.457815
0.438281
0.488756
0.574543
0.666947
0.757502
0.836569
0.903196
0.959601
0.996059
1.046556
1.120415
1.152225
1.135315
1.052490
0.917859
0.777133
0.653879
0.557806
0.475213
0.431110
0.418233
0.496601
0.584701
0.673278
0.760530
0.837678
0.903051
0.958843
0.995182
1.055481
1.143590
1.178293
1.151461
1.067178
0.935569
0.792330
0.670653
0.579595
0.499338
0.454819
0.433158
0.477178
0.562957
0.653611
0.739377
0.815970
0.880219
0.935176
0.972967
1.035659
1.122416
1.161980
1.141685
1.060515
0.928741
0.788047
0.662460
0.563401
0.482095
0.438103
0.429714
0.518035
0.603159
0.689673
0.773990
0.848769
0.912033
0.966269
1.001532
1.062603
1.153456
1.185740
1.154126
1.065948
0.932318
0.787392
0.663742
0.571271
0.490725
0.445965
0.424432
0.469892
0.556741
0.648096
0.735596
0.813688
0.879467
0.936130
0.975120
1.038230
1.128284
1.167032
1.143959
1.059217
0.924100
0.782009
0.655807
0.555651
0.474309
0.430017
0.423192
0.512172
0.597705
0.684621
0.769849
0.845183
0.908871
0.963607
0.999314
1.061316
1.155087
1.186531
1.153000
1.061775
0.924955
0.779729
0.655476
0.561675
0.481450
0.436573
0.417209
0.467896
0.552012
0.646038
0.736163
0.817079
0.885947
0.945277
0.986142
1.049332
1.139673
1.175477
1.149399
1.062238
0.926316
0.783886
0.659683
0.562380
0.484594
0.441731
0.434445
0.521953
0.605202
0.689344
0.771970
0.844255
0.904638
0.957885
0.990324
1.071033
1.166042
1.192486
1.154518
1.061743
0.926792
0.782385
0.662348
0.568966
0.496104
0.455340
0.440559
0.509424
0.600950
0.690090
0.771737
0.843460
0.902849
0.955368
0.988942
1.066128
1.155282
1.187726
1.158942
1.069315
0.930358
0.786032
0.659128
0.552028
0.468261
0.421045
0.427252
0.526041
0.624512
0.723000
0.814225
0.895235
0.964581
1.024623
1.061953
1.137798
1.214239
1.229972
1.185914
1.082289
0.932924
0.785098
0.658873
0.549561
0.458911
0.408412
0.399524
0.497658
0.595853
0.694541
0.787150
0.870027
0.941448
1.003648
1.043451
1.120626
1.199617
1.216380
1.175131
1.076088
0.931856
0.787077
0.662431
0.555504
0.469208
0.423539
0.428856
0.527609
0.626153
0.725005
0.816993
0.898835
0.969071
1.029844
1.068187
1.146708
1.227674
1.242863
1.197077
1.091778
0.941725
0.792898
0.665181
0.554947
0.465600
0.417934
0.418930
0.517046
0.614653
0.713170
0.805350
0.887536
0.958213
1.019547
1.058369
1.138639
1.221300
1.236264
1.190170
1.085328
0.936322
0.788460
0.661992
0.553050
0.466225
0.420614
0.424632
0.523224
0.621204
0.719724
0.811731
0.893678
0.964015
1.024772
1.062964
1.143110
1.226635
1.241547
1.194728
1.088459
0.938114
0.789340
0.661723
0.552992
0.466474
0.421293
0.425134
0.522826
0.620154
0.718299
0.809885
0.891542
0.961585
1.022100
1.060014
1.140271
1.224808
1.239660
1.192709
1.086388
0.936141
0.787470
0.659988
0.551513
0.466077
0.421949
0.426606
0.524550
0.621616
0.719342
0.810438
0.891585
0.961124
1.021128
1.058477
1.138855
1.224008
1.238328
1.190683
1.083868
0.933562
0.784951
0.658066
0.549661
0.465658
0.422364
0.427739
0.525117
0.907058
0.946722
0.985617
1.011057
1.045203
1.088512
1.141168
1.203283
1.274931
1.355090
1.441460
1.530837
1.618537
1.699293
1.768215
1.822185
1.859649
1.880411
1.885364
1.873675
1.846261
1.804238
1.747043
1.672600
1.580544
1.474110
1.393676
1.307388
1.199575
1.067276
0.909144
0.724292
0.505581
0.238652
-0.061815
-0.362951
-0.512010
-0.479220
-0.436043
-0.387861
-0.344318
0.906105
0.933973
0.960607
0.972599
0.990594
1.014620
1.045624
1.084489
1.131531
1.186912
1.250369
1.319650
1.384466
1.439457
1.480607
1.509401
1.529763
1.543594
1.552936
1.558066
1.556885
1.548375
1.537263
1.527937
1.519133
1.593485
1.678365
1.731408
1.667813
1.489875
1.286302
1.110262
0.972939
0.870105
0.810724
0.803642
0.851837
0.901195
0.955303
1.007542
1.053399
1.091389
1.121255
1.137721
1.173758
1.275933
1.366488
1.393477
1.344501
1.234368
1.098416
0.955468
0.826233
