-1.872861
-1.923380
-1.927345
-1.922855
-1.911473
-1.893499
-1.868843
-1.837495
-1.799431
-1.754726
-1.703980
-1.647417
-1.586436
-1.521876
-1.633460
-1.743776
-1.746003
-1.772747
-1.770053
-1.699365
-1.592522
-1.495337
-1.418913
-1.339818
-1.300687
-1.292488
-1.274681
-1.257628
-1.247850
-1.249890
-1.256280
-1.257828
-1.253223
-1.245256
-1.372432
-1.486556
-1.564931
-1.683749
-1.765264
-1.785267
-1.772592
-1.753530
-1.738406
-1.652048
-1.597755
-1.572499
-1.536872
-1.505469
-1.478846
-1.451431
-1.411797
-1.360565
-1.298836
-1.230879
-1.345446
-1.474292
-1.527087
-1.623457
-1.699432
-1.709623
-1.696683
-1.669376
-1.630710
-1.548375
-1.472425
-1.432379
-1.402571
-1.375819
-1.354462
-1.330240
-1.289496
-1.227934
-1.152011
-1.063063
-1.174491
-1.324034
-1.454577
-1.600938
-1.690678
-1.731840
-1.746925
-1.757397
-1.772222
-1.689551
-1.612965
-1.590803
-1.555121
-1.519813
-1.482119
-1.432071
-1.359876
-1.264072
-1.149502
-1.017446
-1.120636
-1.278660
-1.432316
-1.587411
-1.692641
-1.737089
-1.734790
-1.719187
-1.715682
-1.636995
-1.571440
-1.546508
-1.506323
-1.467310
-1.427085
-1.374322
-1.299474
-1.201168
-1.082963
-0.945595
-1.048858
-1.207734
-1.365328
-1.523044
-1.645440
-1.704905
-1.716942
-1.716841
-1.729829
-1.647365
-1.576968
-1.550800
-1.508238
-1.465742
-1.421375
-1.364749
-1.286215
-1.184156
-1.061946
-0.918495
-1.020794
-1.179988
-1.337924
-1.495912
-1.630171
-1.694415
-1.708270
-1.705993
-1.714267
-1.631992
-1.566349
-1.538282
-1.495229
-1.452444
-1.408069
-1.351877
-1.274115
-1.172946
-1.051731
-0.908785
-1.011341
-1.170543
-1.328287
-1.486102
-1.608302
-1.672285
-1.692584
-1.701036
-1.718031
-1.634998
-1.559388
-1.535011
-1.494886
-1.454823
-1.412161
-1.356962
-1.279627
-1.178758
-1.056944
-0.912782
-1.014923
-1.174027
-1.331889
-1.489886
-1.622916
-1.688313
-1.706572
-1.709404
-1.722225
-1.639471
-1.569568
-1.545079
-1.504551
-1.464015
-1.420161
-1.362495
-1.282178
-1.178210
-1.053048
-0.905373
-1.007042
-1.166319
-1.324336
-1.482468
-1.621130
-1.690206
-1.711005
-1.714551
-1.728247
-1.650049
-1.576943
-1.558425
-1.523464
-1.488719
-1.449680
-1.395322
-1.316709
-1.213028
-1.087822
-0.940545
-1.041774
-1.200625
-1.358221
-1.515942
-1.641544
-1.705724
-1.725376
-1.729591
-1.742578
-1.661460
-1.584934
-1.562132
-1.522886
-1.483247
-1.439137
-1.380174
-1.297864
-1.192697
-1.066000
-0.915970
-1.017364
-1.176489
-1.334456
-1.492609
-1.633078
-1.703611
-1.726306
-1.730678
-1.742183
-1.662216
-1.595289
-1.572479
-1.534078
-1.495546
-1.451738
-1.392133
-1.308585
-1.200888
-1.071469
-0.919083
-1.020527
-1.179578
-1.337312
-1.495145
-1.621456
-1.687942
-1.712714
-1.722188
-1.735121
-1.655312
-1.579733
-1.565844
-1.534283
-1.502250
-1.463973
-1.409377
-1.330625
-1.227446
-1.101962
-0.952551
-1.053516
-1.212177
-1.369605
-1.527248
-1.654127
-1.715153
-1.731380
-1.731899
-1.740921
-1.661388
-1.590333
-1.568012
-1.530354
-1.492064
-1.447964
-1.387589
-1.303096
-1.195358
-1.064758
-0.911369
-1.012840
-1.171994
-1.329965
-1.488132
-1.631454
-1.704856
-1.730251
-1.737539
-1.750860
-1.674690
-1.605115
-1.591581
-1.561648
-1.530909
-1.493108
-1.437646
-1.356756
-1.250821
-1.122078
-0.970137
-1.070904
-1.229266
-1.386513
-1.544024
-1.668144
-1.730134
-1.748342
-1.752027
-1.762239
-1.683514
-1.608336
-1.594032
-1.561881
-1.527947
-1.486174
-1.426749
-1.342150
-1.234296
-1.103436
-0.949829
-1.050806
-1.209465
-1.367034
-1.524913
-1.664056
-1.733159
-1.753029
-1.754555
-1.761339
-1.683461
-1.616792
-1.596174
-1.560373
-1.522763
-1.477692
-1.414708
-1.326162
-1.214015
-1.078665
-0.923521
-1.024848
-1.183619
-1.341229
-1.499090
-1.634291
-1.706818
-1.736089
-1.749382
-1.759887
-1.682529
-1.610453
-1.596320
-1.566719
-1.535403
-1.495317
-1.436624
-1.351763
-1.242895
-1.110484
-0.956156
-1.057050
-1.215423
-1.372761
-1.530478
-1.667225
-1.735297
-1.755587
-1.758718
-1.764857
-1.686472
-1.617464
-1.595461
-1.558970
-1.520664
-1.473937
-1.408237
-1.316220
-1.201196
-1.061850
-0.906199
-1.007934
-1.167146
-1.325178
-1.483540
-1.636860
-1.718790
-1.749963
-1.760915
-1.772321
-1.698251
-1.630249
-1.613031
-1.582867
-1.551385
-1.511936
-1.453202
-1.367828
-1.257561
-1.123815
-0.969106
-1.006780
-1.166587
-1.325068
-1.483826
-1.637778
-1.721828
-1.757696
-1.775020
-1.788007
-1.713533
-1.643694
-1.626677
-1.596745
-1.565581
-1.526091
-1.467449
-1.382663
-1.274103
-1.141981
-0.987916
-1.025394
-1.185046
-1.343223
-1.501820
-1.656606
-1.738275
-1.768437
-1.777103
-1.778964
-1.704722
-1.639510
-1.620405
-1.585973
-1.551108
-1.508328
-1.446394
-1.357902
-1.245683
-1.109660
-0.954087
-0.991929
-1.151471
-1.309673
-1.468418
-1.624544
-1.713758
-1.754838
-1.773105
-1.774600
-1.701351
-1.634453
-1.620848
-1.595346
-1.569715
-1.535001
-1.479776
-1.397135
-1.290390
-1.159328
-1.005588
-1.042792
-1.201546
-1.359133
-1.517543
-1.671143
-1.748796
-1.775904
-1.782058
-1.776914
-1.702583
-1.633417
-1.618471
-1.587061
-1.555408
-1.514681
-1.452907
-1.363144
-1.250994
-1.113381
-0.957433
-0.995289
-1.154544
-1.312624
-1.471553
-1.629138
-1.724934
-1.768375
-1.784937
-1.783663
-1.712189
-1.646149
-1.634151
-1.609524
-1.585031
-1.550006
-1.493015
-1.407413
-1.298566
-1.164501
-1.009514
-1.046680
-1.204834
-1.362200
-1.520584
-1.677022
-1.762917
-1.794834
-1.801061
-1.786418
-1.711374
-1.638832
-1.627819
-1.598157
-1.567479
-1.525970
-1.461965
-1.370005
-1.254528
-1.112296
-0.955607
-0.993598
-1.152766
-1.310470
-1.468672
-1.626162
-1.731428
-1.778713
-1.789573
-1.770017
-1.692207
-1.614335
-1.595420
-1.563658
-1.530750
-1.488135
-1.424076
-1.332845
-1.218898
-1.081120
-0.925050
-0.963027
-1.121837
-1.279638
-1.437704
-1.595183
-1.707567
-1.761823
-1.784031
-1.772730
-1.695786
-1.619353
-1.594449
-1.565154
-1.534377
-1.494002
-1.430573
-1.339174
-1.223773
-1.083498
-0.926799
-0.964105
-1.122779
-1.280318
-1.438265
-1.595770
-1.713300
-1.767479
-1.787135
-1.776771
-1.701047
-1.625288
-1.601175
-1.569582
-1.535912
-1.492980
-1.427593
-1.333929
-1.215550
-1.072080
-0.915406
-0.953248
-1.111805
-1.269396
-1.427493
-1.585118
-1.705982
-1.762520
-1.786280
-1.783523
-1.710000
-1.638618
-1.615893
-1.591123
-1.563516
-1.525713
-1.464708
-1.374261
-1.259393
-1.120976
-0.964862
-1.001862
-1.159260
-1.315184
-1.472757
-1.629966
-1.747216
-1.797959
-1.814467
-1.807258
-1.733866
-1.660970
-1.635984
-1.610050
-1.579107
-1.539059
-1.476115
-1.383145
-1.263568
-1.118813
-0.962030
-0.999049
-1.157043
-1.311293
-1.468878
-1.626235
-1.747695
-1.801116
-1.815370
-1.802803
-1.730643
-1.658522
-1.636300
-1.610136
-1.577886
-1.536839
-1.473215
-1.379801
-1.260760
-1.118331
-0.961681
-0.998654
-1.156627
-1.311146
-1.468683
-1.625951
-1.745266
-1.797095
-1.813625
-1.804899
-1.734276
-1.664869
-1.640912
-1.614989
-1.583103
-1.542069
-1.478282
-1.384623
-1.263613
-1.115235
-0.958227
-0.994699
-1.151673
-1.302016
-1.459973
-1.617706
-1.741130
-1.797041
-1.816298
-1.809471
-1.737791
-1.666297
-1.641171
-1.609555
-1.572530
-1.526139
-1.454823
-1.352824
-1.220912
-1.065299
-0.908316
-0.946252
-1.105824
-1.263324
-1.421429
-1.579180
-1.704909
-1.764233
-1.785710
-1.783872
-1.717829
-1.652181
-1.632330
-1.603429
-1.569538
-1.525095
-1.456882
-1.358353
-1.232018
-1.080667
-0.924057
-0.961800
-1.120408
-1.277829
-1.436382
-1.594354
-1.720624
-1.783311
-1.811829
-1.813704
-1.742652
-1.671557
-1.650007
-1.623057
-1.591077
-1.547042
-1.477829
-1.377593
-1.248010
-1.093264
-0.936147
-0.973737
-1.133344
-1.289720
-1.447592
-1.605075
-1.721990
-1.772478
-1.787120
-1.780069
-1.711917
-1.643149
-1.627312
-1.595596
-1.559215
-1.510679
-1.438071
-1.334619
-1.201650
-1.046265
-0.889518
-0.937294
-1.097012
-1.254491
-1.412838
-1.570670
-1.694190
-1.758573
-1.788617
-1.785541
-1.717351
-1.649180
-1.632769
-1.607985
-1.578646
-1.536178
-1.468771
-1.370253
-1.240804
-1.085448
-0.928330
-0.965519
-1.124735
-1.277104
-1.435247
-1.593022
-1.711400
-1.767601
-1.788380
-1.781350
-1.712266
-1.642861
-1.624137
-1.592811
-1.556489
-1.507113
-1.432270
-1.325886
-1.187946
-1.030853
-0.873758
-0.937501
-1.097581
-1.254174
-1.412454
-1.570310
-1.689970
-1.749802
-1.773972
-1.772390
-1.706863
-1.641448
-1.624062
-1.594457
-1.559035
-1.510256
-1.435966
-1.329673
-1.192097
-1.035229
-0.878135
-0.937420
-1.097179
-1.253355
-1.411759
-1.569825
-1.699254
-1.765602
-1.794876
-1.791690
-1.722570
-1.652886
-1.632133
-1.605861
-1.573560
-1.528079
-1.457495
-1.355501
-1.220475
-1.063492
-0.906376
-0.943668
-1.103205
-1.252563
-1.410810
-1.568926
-1.699225
-1.765514
-1.791183
-1.785173
-1.717964
-1.650281
-1.635487
-1.604652
-1.566936
-1.516589
-1.439850
-1.330964
-1.187839
-1.030652
-0.873561
-0.937392
-1.097589
-1.249327
-1.407246
-1.565006
-1.688123
-1.751157
-1.776023
-1.767278
-1.702055
-1.635959
-1.618697
-1.590262
-1.555210
-1.505764
-1.430785
-1.324613
-1.184989
-1.027834
-0.870732
-0.937337
-1.097549
-1.246782
-1.404966
-1.562918
-1.687941
-1.749495
-1.774452
-1.771775
-1.704729
-1.636578
-1.617991
-1.588230
-1.551051
-1.499090
-1.421356
-1.312166
-1.168868
-1.011688
-0.854591
-0.937636
-1.098223
-1.248630
-1.406685
-1.564583
-1.690501
-1.752564
-1.777740
-1.780923
-1.716380
-1.652889
-1.643369
-1.620373
-1.588445
-1.540658
-1.466614
-1.361007
-1.222006
-1.065006
-0.907911
-0.945448
-1.106022
-1.257423
-1.415592
-1.573607
-1.705086
-1.768174
-1.791653
-1.790692
-1.725977
-1.659132
-1.642240
-1.618713
-1.586133
-1.537227
-1.462811
-1.357186
-1.217468
-1.060332
-0.903225
-0.940716
-1.101504
-1.249097
-1.407201
-1.565254
-1.696162
-1.759695
-1.783553
-1.783587
-1.719198
-1.652977
-1.637213
-1.604483
-1.561897
-1.504205
-1.420396
-1.304878
-1.155598
-0.998425
-0.841348
-0.937870
-1.098930
-1.250232
-1.407928
-1.565546
-1.687027
-1.749957
-1.773614
-1.767647
-1.704365
-1.639179
-1.625386
-1.601887
-1.567783
-1.518548
-1.442766
-1.333575
-1.188560
-1.031425
-0.874333
-0.937625
-1.098667
-1.256546
-1.415737
-1.574601
-1.718434
-1.798684
-1.824273
-1.816935
-1.740651
-1.667009
-1.618236
-1.613003
-1.595362
-1.562616
-1.502494
-1.409842
-1.283809
-1.129488
-0.972355
-1.009032
-1.168597
-1.320192
-1.478729
-1.636881
-1.754694
-1.808403
-1.818440
-1.815075
-1.742275
-1.678413
-1.634162
-1.622451
-1.596268
-1.557027
-1.488945
-1.388035
-1.250254
-1.093064
-0.935952
-0.972995
-1.133287
-1.290730
-1.449478
-1.607961
-1.744630
-1.815652
-1.837534
-1.834574
-1.758428
-1.688922
-1.635593
-1.625055
-1.600033
-1.560502
-1.493162
-1.393933
-1.256719
-1.099536
-0.942422
-0.979591
-1.140445
-1.298280
-1.457320
-1.615826
-1.745878
-1.811003
-1.832282
-1.833189
-1.764425
-1.697841
-1.649209
-1.634258
-1.604376
-1.559328
-1.486453
-1.382275
-1.240343
-1.083176
-0.926084
-0.963842
-1.125973
-1.285165
-1.444485
-1.602906
-1.734927
-1.802822
-1.824672
-1.828447
-1.777129
-1.708761
-1.650272
-1.639291
-1.614107
-1.570504
-1.498628
-1.395939
-1.253112
-1.095997
-0.938897
-0.976677
-1.139376
-1.298563
-1.457874
-1.616455
-1.750382
-1.815039
-1.833620
-1.841973
-1.795606
-1.724324
-1.665620
-1.655393
-1.627836
-1.579808
-1.503244
-1.396783
-1.252584
-1.095455
-0.938360
-0.976264
-1.139885
-1.299404
-1.458649
-1.617201
-1.748854
-1.811836
-1.827896
-1.842551
-1.808133
-1.738853
-1.673015
-1.668620
-1.645144
-1.598782
-1.522508
-1.415493
-1.269388
-1.112303
-0.955220
-0.929117
-1.093990
-1.255200
-1.415746
-1.575630
-1.732479
-1.826843
-1.854268
-1.864970
-1.815922
-1.752146
-1.701799
-1.699755
-1.677801
-1.632299
-1.556003
-1.447712
-1.302005
-1.144933
-0.987846
-0.961217
-1.125480
-1.286376
-1.446121
-1.605188
-1.752059
-1.827518
-1.839629
-1.848804
-1.817857
-1.755928
-1.697552
-1.701718
-1.683655
-1.643217
-1.574310
-1.472746
-1.332836
-1.175743
-1.018655
-0.991831
-1.155529
-1.316142
-1.475823
-1.634762
-1.775630
-1.842824
-1.851323
-1.854721
-1.816362
-1.758061
-1.700413
-1.702072
-1.685869
-1.645284
-1.573374
-1.467041
-1.321639
-1.164501
-1.007410
-0.980673
-1.144639
-1.304649
-1.463853
-1.622693
-1.765968
-1.832193
-1.839924
-1.846077
-1.810252
-1.749356
-1.690332
-1.691305
-1.676466
-1.638818
-1.571225
-1.469271
-1.326544
-1.169396
-1.012302
-0.985574
-1.149364
-1.308882
-1.468107
-1.627124
-1.770235
-1.832660
-1.842132
-1.850430
-1.813299
-1.756719
-1.699287
-1.696852
-1.678192
-1.634892
-1.559906
-1.450613
-1.302121
-1.144974
-0.987880
-0.961323
-1.125495
-1.285598
-1.445069
-1.604305
-1.756223
-1.835676
-1.848935
-1.850035
-1.809087
-1.751019
-1.694494
-1.700771
-1.688941
-1.654403
-1.588931
-1.487968
-1.345155
-1.188026
-1.030923
-1.003928
-1.167282
-1.326380
-1.485443
-1.644557
-1.789391
-1.850520
-1.856781
-1.855495
-1.802377
-1.747184
-1.696984
-1.697799
-1.678999
-1.636492
-1.561820
-1.452344
-1.303800
-1.146655
-0.989564
-0.962961
-1.127067
-1.287013
-1.446337
-1.605570
-1.750721
-1.818356
-1.820168
-1.813441
-1.765946
-1.715943
-1.665710
-1.674209
-1.667906
-1.637971
-1.575971
-1.477351
-1.336246
-1.179066
-1.021951
-0.995002
-1.158140
-1.316777
-1.475653
-1.634807
-1.782540
-1.843636
-1.849229
-1.846489
-1.792449
-1.737710
-1.685808
-1.692969
-1.683968
-1.649314
-1.580843
-1.475545
-1.328572
-1.171429
-1.014317
-0.987337
-1.150760
-1.309135
-1.467710
-1.626697
-1.769006
-1.826049
-1.827221
-1.825173
-1.778848
-1.726696
-1.674455
-1.673907
-1.661018
-1.623541
-1.552774
-1.445893
-1.297958
-1.140792
-0.983683
-0.957003
-1.120917
-1.280202
-1.439574
-1.599378
-1.755240
-1.834614
-1.843833
-1.836877
-1.782650
-1.730483
-1.680611
-1.690361
-1.691549
-1.667530
-1.609339
-1.512203
-1.369925
-1.212703
-1.055572
-1.028100
-1.190780
-1.348592
-1.506857
-1.665716
-1.807154
-1.858033
-1.858026
-1.848397
-1.792889
-1.737867
-1.688106
-1.696514
-1.694407
-1.666744
-1.604926
-1.505115
-1.361403
-1.204176
-1.047046
-1.019631
-1.182423
-1.340663
-1.499089
-1.658054
-1.797422
-1.849036
-1.840504
-1.822465
-1.763927
-1.716707
-1.671429
-1.684264
-1.689978
-1.670679
-1.616359
-1.523038
-1.384053
-1.226820
-1.069680
-1.042005
-1.204458
-1.361901
-1.519786
-1.678484
-1.815263
-1.858942
-1.852559
-1.840116
-1.784518
-1.731915
-1.685649
-1.691772
-1.701357
-1.688965
-1.641980
-1.555119
-1.420535
-1.263283
-1.106125
-1.078067
-1.239757
-1.388318
-1.545791
-1.704152
-1.833473
-1.870899
-1.861858
-1.849059
-1.795673
-1.744998
-1.696558
-1.698799
-1.703111
-1.681072
-1.622498
-1.524084
-1.379980
-1.222741
-1.065598
-1.037852
-1.200276
-1.357671
-1.515697
-1.674685
-1.823447
-1.879909
-1.876591
-1.857264
-1.794841
-1.740197
-1.693441
-1.694579
-1.713714
-1.718113
-1.687404
-1.614826
-1.495743
-1.338904
-1.181720
-1.153077
-1.313858
-1.441545
-1.594591
-1.752562
-1.874137
-1.902329
-1.890080
-1.870228
-1.805966
-1.747648
-1.698514
-1.696654
-1.711596
-1.707728
-1.667712
-1.586512
-1.456476
-1.299193
-1.142012
-1.113592
-1.275067
-1.422408
-1.577343
-1.735384
-1.854887
-1.882723
-1.863631
-1.839058
-1.775030
-1.724777
-1.680132
-1.684857
-1.709110
-1.720829
-1.696741
-1.629436
-1.512990
-1.356204
-1.199005
-1.170212
-1.331037
-1.459181
-1.610967
-1.768974
-1.885934
-1.908437
-1.893269
-1.872411
-1.807867
-1.752325
-1.704241
-1.704968
-1.724151
-1.726425
-1.690463
-1.612014
-1.484748
-1.327465
-1.170280
-1.141644
-1.303068
-1.433093
-1.576627
-1.734599
-1.850773
-1.874317
-1.851575
-1.833028
-1.777538
-1.732113
-1.689646
-1.692297
-1.723789
-1.747550
-1.734332
-1.676227
-1.572735
-1.422138
-1.264813
-1.235915
-1.396498
-1.521307
-1.663124
-1.820117
-1.919747
-1.947185
-1.932623
-1.902086
-1.827831
-1.780848
-1.735542
-1.746349
-1.773600
-1.788850
-1.763848
-1.692406
-1.568813
-1.411473
-1.254261
-1.225072
-1.385835
-1.498375
-1.619610
-1.775723
-1.890259
-1.915875
-1.894234
-1.858803
-1.799907
-1.745829
-1.699311
-1.700687
-1.726462
-1.751526
-1.744324
-1.693086
-1.599162
-1.461361
-1.304150
-1.273896
-1.433648
-1.543541
-1.686966
-1.842987
-1.935385
-1.953266
-1.932891
-1.896382
-1.808985
-1.763040
-1.722177
-1.732682
-1.757246
-1.754073
-1.706895
-1.613070
-1.470730
-1.313415
-1.156222
-1.127541
-1.289189
-1.426841
-1.551813
-1.709847
-1.862042
-1.933265
-1.938740
-1.892445
-1.851140
-1.793473
-1.741687
-1.743777
-1.776445
-1.806518
-1.802914
-1.752591
-1.655043
-1.511466
-1.354270
-1.258818
-1.418391
-1.536733
-1.688233
-1.837168
-1.926048
-1.934531
-1.910446
-1.881429
-1.796266
-1.744926
-1.683835
-1.679061
-1.668972
-1.629257
-1.550438
-1.421104
-1.263629
-1.106288
-0.949071
-0.871513
-1.036036
-1.193605
-1.351699
-1.512865
-1.673936
-1.832494
-1.972677
-1.982211
-1.896098
-1.823177
-1.748247
-1.708149
-1.747605
-1.791551
-1.811356
-1.786785
-1.716929
-1.594925
-1.437596
-1.336996
-1.495138
-1.601580
-1.741236
-1.867682
-1.958746
-2.010886
-2.008646
-1.956468
-1.842176
-1.779377
-1.728366
-1.724827
-1.746424
-1.732451
-1.675788
-1.577244
-1.430505
-1.273188
-1.115993
-1.088184
-1.251085
-1.393030
-1.526029
-1.685174
-1.843639
-1.968997
-2.014925
-1.951805
-1.857039
-1.798675
-1.746355
-1.731356
-1.765362
-1.798223
-1.796458
-1.747106
-1.650147
-1.503393
-1.346143
-1.315042
-1.474609
-1.573316
-1.712452
-1.870557
-1.960445
-1.964296
-1.926639
-1.868479
-1.758318
-1.715024
-1.680925
-1.690755
-1.732724
-1.766835
-1.753120
-1.689782
-1.573166
-1.415870
-1.258613
-1.229396
-1.390284
-1.503483
-1.586299
-1.714076
-1.813329
-1.838299
-1.807773
-1.762817
-1.708740
-1.672640
-1.630818
-1.654244
-1.696698
-1.744724
-1.769684
-1.744732
-1.666079
-1.539133
-1.382256
-1.348974
-1.504706
-1.619251
-1.753052
-1.897615
-1.940596
-1.891825
-1.848362
-1.817146
-1.733058
-1.681179
-1.602685
-1.622010
-1.610116
-1.567116
-1.485327
-1.351850
-1.194349
-1.037012
-0.879799
-0.903627
-1.064047
-1.182058
-1.316808
-1.477082
-1.637839
-1.796092
-1.897766
-1.894191
-1.757716
-1.716002
-1.640556
-1.585081
-1.618886
-1.657641
-1.659752
-1.618063
-1.526084
-1.373474
-1.216141
-1.186655
-1.344539
-1.451341
-1.594462
-1.752187
-1.906907
-2.030200
-2.073405
-2.000640
-1.845428
-1.774680
-1.731074
-1.740758
-1.786306
-1.799818
-1.763572
-1.677989
-1.538670
-1.381253
-1.224008
-1.195584
-1.357675
-1.479804
-1.592214
-1.744880
-1.886571
-1.948682
-1.923087
-1.842926
-1.777107
-1.729707
-1.671375
-1.695226
-1.730124
-1.774642
-1.794755
-1.765806
-1.683323
-1.549741
-1.392529
-1.360931
-1.516880
-1.641211
-1.774712
-1.914768
-1.960188
-1.924694
-1.905475
-1.864612
-1.781640
-1.719119
-1.641755
-1.669612
-1.667311
-1.629090
-1.543736
-1.406181
-1.248712
-1.091447
-0.934294
-0.907329
-1.068703
-1.191782
-1.297758
-1.454278
-1.615073
-1.773521
-1.880489
-1.847879
-1.697431
-1.668369
-1.606004
-1.584837
-1.630888
-1.656894
-1.636797
-1.565190
-1.434147
-1.276705
-1.119436
-1.090622
-1.246482
-1.337907
-1.486235
-1.645603
-1.803931
-1.928965
-1.948910
-1.869720
-1.715643
-1.664355
-1.632052
-1.663809
-1.707113
-1.716922
-1.675981
-1.582060
-1.434979
-1.277563
-1.120325
-1.092268
-1.253194
-1.346764
-1.471769
-1.630977
-1.789621
-1.904994
-1.901462
-1.808444
-1.688711
-1.661706
-1.634821
-1.660671
-1.715652
-1.760350
-1.761842
-1.708587
-1.604202
-1.454275
-1.297039
-1.266563
-1.411804
-1.533401
-1.690571
-1.844919
-1.927826
-1.949392
-1.935436
-1.855284
-1.714309
-1.674918
-1.628206
-1.666503
-1.673774
-1.643872
-1.566651
-1.432766
-1.275275
-1.117908
-0.960703
-0.933923
-1.095171
-1.207861
-1.346509
-1.507347
-1.668144
-1.826532
-1.922440
-1.905636
-1.749989
-1.701840
-1.646541
-1.617190
-1.676723
-1.723235
-1.724394
-1.671524
-1.558100
-1.400644
-1.243330
-1.211382
-1.328548
-1.443228
-1.598850
-1.754762
-1.890110
-1.952929
-1.958558
-1.896148
-1.739832
-1.661054
-1.619230
-1.633482
-1.665317
-1.650366
-1.585678
-1.463893
-1.306356
-1.148904
-0.991638
-0.964850
-1.125955
-1.240988
-1.375386
-1.535549
-1.696423
-1.854619
-1.931082
-1.898939
-1.753165
-1.728922
-1.673897
-1.656249
-1.712949
-1.754727
-1.751344
-1.693940
-1.577227
-1.419771
-1.262503
-1.233644
-1.347489
-1.489355
-1.646158
-1.799574
-1.898690
-1.947046
-1.944345
-1.913237
-1.821783
-1.685801
-1.623133
-1.650939
-1.680467
-1.659289
-1.579865
-1.444802
-1.287286
-1.129924
-0.972758
-0.946571
-1.108419
-1.265814
-1.391513
-1.519914
-1.655772
-1.756187
-1.777228
-1.716850
-1.565948
-1.632286
-1.587875
-1.513813
-1.557460
-1.573131
-1.538880
-1.454139
-1.314706
-1.157480
-1.000187
-0.972591
-1.120561
-1.270322
-1.422410
-1.580014
-1.811294
-1.868555
-1.917853
-1.922135
-1.921517
-1.914963
-1.902676
-1.884982
-1.862199
-1.834431
-1.801627
-1.763450
-1.719584
-1.670678
-1.617952
-1.562201
-1.503637
-1.441965
-1.376625
-1.306926
-1.232142
-1.151382
-1.063642
-0.965472
-0.839450
-0.837760
-0.837760
-0.837760
-0.837760
-0.837760
-0.837760
-0.837760
-0.837760
-0.837760
-0.837760
-0.837760
-0.837760
-0.837760
-0.837760
-0.837765
-0.837764
-0.837763
-0.837762
-0.837765
-0.837766
-1.811858
-1.876729
-1.937216
-1.951870
-1.963934
-1.973138
-1.979061
-1.981583
-1.978849
-1.969237
-1.952655
-1.929564
-1.900736
-1.866778
-1.827981
-1.784281
-1.735368
-1.680696
-1.619628
-1.551783
-1.477298
-1.396482
-1.309878
-1.217506
-1.118640
-1.011776
-0.887098
-0.837760
-0.837760
-0.837760
-0.837760
-0.837760
-0.837760
-0.837760
-0.837760
-0.837760
-0.837760
-0.837760
-0.837760
-0.837760
-0.847644
-0.842934
-0.837761
-0.837762
-0.837771
-0.837764
-0.837765
-1.812019
-1.877934
-1.933067
-1.941792
-1.949454
-1.955880
-1.960263
-1.961878
-1.960148
-1.954624
-1.944949
-1.930327
-1.910562
-1.886074
-1.857180
-1.824218
-1.787402
-1.746905
-1.702850
-1.655319
-1.604264
-1.549584
-1.491202
-1.428891
-1.362263
-1.290884
-1.214185
-1.131067
-1.041378
-0.944235
-0.838455
-0.837760
-0.837785
-0.837792
-0.837788
-0.837763
-0.837761
-0.837762
-0.837769
-0.837763
-0.837762
-0.837761
-0.837762
-0.837762
-0.837762
-0.837764
-1.811856
-1.876096
-1.935899
-1.948057
-1.956545
-1.961884
-1.963643
-1.961346
-1.954448
-1.942408
-1.924689
-1.900905
-1.871037
-1.835344
-1.794281
-1.749651
-1.703203
-1.654796
-1.603585
-1.548784
-1.489753
-1.426031
-1.357333
-1.283310
-1.203664
-1.117920
-1.024018
-0.903145
-0.837760
-0.837760
-0.837760
-0.837760
-0.837760
-0.837760
-0.837760
-0.837765
-0.837764
-0.837766
-0.837763
-0.837771
-0.837764
-0.837765
-0.837765
-0.837767
-0.837766
-1.811884
-1.881393
-1.950171
-1.971897
-1.989812
-2.004452
-2.015637
-2.023067
-2.026482
-2.025744
-2.020659
-2.011081
-1.996777
-1.977574
-1.953297
-1.923835
-1.889173
-1.849172
-1.803891
-1.753662
-1.698839
-1.639943
-1.577678
-1.512549
-1.444508
-1.373167
-1.298038
-1.218607
-1.134261
-1.042297
-0.917567
-0.837760
-0.837760
-0.837756
-0.837723
-0.837773
-0.837735
-0.841710
-0.861591
-0.887399
-1.813132
-1.882134
-1.934050
-1.935351
-1.928596
-1.915184
-1.895267
-1.867509
-1.830473
-1.783857
-1.727095
-1.660529
-1.586449
-1.509476
-1.433673
-1.359729
-1.285976
-1.210014
-1.130813
-1.063231
-1.005772
-0.955603
-0.915768
-0.890299
-1.811432
-1.862959
-1.895201
-1.880023
-1.861922
-1.840022
-1.812894
-1.779618
-1.740040
-1.694350
-1.642839
-1.585804
-1.523415
-1.455814
-1.382984
-1.304941
-1.221407
-1.131745
-1.034213
-0.923538
-0.837760
-0.837760
-0.837760
-0.837760
-0.837760
-0.837760
-0.837760
-0.837760
-0.837760
-0.837760
-0.837760
-0.837760
-0.837760
-0.837760
-0.837760
-0.837760
-0.837760
-0.837760
-0.837760
-0.837760
-0.833695
-0.855054
-0.875030
-1.811711
-1.875169
-1.930034
-1.934129
-1.929819
-1.917966
-1.898789
-1.872233
-1.838360
-1.797331
-1.749326
-1.697170
-1.640763
-1.571906
-1.482705
-1.372871
-1.242789
-1.092208
-0.934824
-0.837760
-0.837760
-1.820362
-1.949070
-2.042578
-2.069379
-2.028353
-1.916217
-1.883847
-1.833438
-1.759949
-1.652523
-1.500470
-1.343044
-1.185629
-1.028229
-0.870851
-0.837760
-0.837760
-0.837760
-1.812010
-1.878560
-1.935465
-1.942303
-1.939759
-1.928290
-1.908221
-1.879980
-1.844153
-1.801165
-1.751279
-1.694275
-1.630449
-1.560078
-1.483711
-1.401712
-1.457837
-1.601254
-1.619090
-1.651995
-1.674695
-1.624750
-1.525407
-1.552613
-1.667404
-1.670301
-1.624584
-1.579832
-1.419319
-1.252986
-1.087885
-1.048396
-0.990958
-0.837760
-0.837760
-0.837760
-0.837760
-0.837760
-0.837760
-0.837760
-0.837760
-0.837760
-0.837760
-1.808723
-1.848088
-1.875588
-1.858193
-1.838655
-1.815540
-1.787544
-1.753868
-1.714163
-1.668448
-1.616793
-1.559427
-1.496121
-1.431174
-1.362347
-1.523093
-1.608937
-1.624362
-1.659168
-1.648029
-1.553587
-1.456145
-1.381094
-1.315443
-1.225447
-1.067802
-0.968658
-0.982987
-0.993426
-1.007226
-1.019768
-1.024597
-1.023797
-1.018525
-1.008608
-0.993172
-0.968211
-0.930639
-0.881323
-0.837761
-0.837762
-0.837760
-0.837760
-0.842551
-0.838564
-0.846837
-0.864439
-0.872177
-0.868266
-0.850765
-0.837788
-0.837764
-0.837763
-0.837763
-0.837765
-0.837763
-0.837763
-0.837763
-0.837764
-1.811268
-1.870763
-1.919931
-1.922593
-1.923769
-1.923150
-1.919814
-1.912905
-1.901677
-1.885409
-1.863560
-1.835729
-1.801963
-1.762672
-1.718232
-1.669029
-1.615642
-1.560260
-1.506249
-1.580375
-1.738442
-1.897048
-2.050977
-2.159202
-2.223515
-2.284638
-2.346185
-2.391676
-2.416283
-2.335383
-2.221196
-2.080576
-1.919807
-1.846417
-1.792007
-1.676208
-1.531249
-1.378451
-1.227839
-1.077534
-0.920390
-0.837760
-0.837760
-0.837760
-0.837760
-0.837760
-0.837760
-0.837760
-0.837760
-0.837760
-0.837760
-0.838263
-0.837763
-0.837777
-0.837767
-0.837764
-0.837765
-0.837760
-0.837760
-0.837769
-1.811013
-1.866767
-1.910983
-1.907545
-1.898725
-1.885515
-1.867588
-1.844511
-1.815957
-1.781849
-1.742335
-1.697381
-1.646435
-1.588916
-1.653220
-1.790832
-1.786889
-1.804467
-1.807473
-1.756090
-1.659039
-1.547719
-1.480127
-1.424059
-1.346110
-1.334377
-1.311333
-1.290813
-1.276500
-1.274580
-1.280892
-1.287104
-1.289998
-1.290601
-1.387259
-1.516177
-1.591510
-1.691121
-1.788798
-1.811250
-1.794747
-1.756840
-1.725635
-1.655728
-1.585545
-1.559027
-1.525810
-1.498284
-1.475859
-1.458072
-1.438811
-1.413519
-1.381222
-1.343595
-1.422727
-1.542493
-1.612806
-1.714489
-1.813929
-1.837888
-1.809513
-1.752972
-1.702441
-1.624657
-1.563210
-1.534388
-1.495702
-1.463059
-1.435594
-1.413487
-1.395090
-1.376168
-1.353507
-1.326468
-1.411257
-1.539692
-1.609848
-1.708490
-1.809041
-1.840412
-1.822369
-1.776160
-1.731062
-1.651368
-1.580476
-1.556673
-1.522478
-1.493314
-1.468369
-1.448824
-1.432052
-1.413244
-1.389557
-1.361463
-1.445408
-1.567295
-1.633991
-1.732117
-1.832239
-1.856830
-1.833634
-1.780512
-1.729035
-1.650421
-1.583551
-1.558641
-1.523440
-1.492387
-1.465395
-1.444049
-1.426249
-1.407292
-1.383914
-1.356285
-1.440492
-1.561598
-1.629588
-1.727474
-1.826781
-1.851920
-1.828822
-1.776271
-1.726683
-1.648939
-1.582697
-1.555124
-1.519647
-1.488333
-1.461160
-1.439451
-1.420933
-1.400927
-1.376303
-1.347222
-1.430742
-1.553140
-1.621017
-1.719346
-1.820320
-1.847016
-1.824447
-1.772472
-1.723486
-1.646182
-1.580105
-1.555484
-1.520749
-1.490410
-1.464300
-1.443711
-1.426092
-1.406576
-1.382086
-1.352934
-1.436228
-1.558279
-1.624085
-1.720990
-1.821938
-1.848197
-1.825192
-1.772386
-1.722683
-1.645875
-1.580932
-1.554592
-1.520375
-1.490363
-1.464412
-1.444023
-1.426780
-1.407842
-1.384052
-1.355676
-1.439210
-1.561012
-1.625731
-1.721885
-1.823181
-1.849964
-1.827478
-1.774750
-1.724991
-1.648535
-1.583648
-1.557450
-1.523459
-1.493584
-1.467757
-1.447495
-1.430320
-1.411347
-1.387460
-1.359040
-1.442378
-1.563788
-1.627370
-1.722960
-1.824325
-1.851380
-1.829270
-1.776865
-1.727138
-1.651204
-1.587187
-1.562780
-1.529194
-1.499725
-1.474330
-1.454489
-1.437437
-1.418157
-1.393559
-1.364137
-1.446771
-1.567731
-1.629431
-1.723743
-1.824533
-1.851067
-1.828134
-1.775109
-1.725117
-1.649725
-1.586294
-1.561233
-1.527769
-1.498449
-1.473211
-1.453571
-1.436800
-1.417855
-1.393640
-1.364653
-1.447465
-1.568616
-1.629350
-1.722904
-1.823957
-1.850792
-1.828271
-1.775428
-1.725412
-1.650168
-1.586910
-1.561318
-1.527974
-1.498693
-1.473438
-1.453822
-1.437099
-1.418224
-1.394138
-1.365363
-1.448216
-1.569378
-1.629416
-1.722598
-1.823949
-1.851218
-1.829111
-1.776448
-1.726510
-1.651479
-1.588233
-1.564338
-1.531413
-1.502526
-1.477692
-1.458499
-1.441988
-1.423077
-1.398700
-1.369428
-1.451839
-1.572677
-1.631192
-1.723316
-1.824330
-1.851362
-1.828632
-1.775401
-1.725311
-1.650808
-1.588191
-1.563385
-1.530422
-1.501512
-1.476641
-1.457430
-1.440958
-1.422149
-1.397940
-1.368910
-1.451409
-1.572649
-1.630447
-1.721979
-1.823458
-1.851119
-1.828981
-1.776077
-1.726061
-1.651660
-1.589117
-1.564610
-1.531855
-1.503093
-1.478346
-1.459277
-1.442912
-1.424172
-1.399978
-1.370929
-1.453326
-1.574547
-1.631393
-1.722267
-1.823878
-1.851724
-1.829603
-1.776636
-1.726641
-1.652538
-1.590261
-1.565982
-1.533344
-1.504690
-1.480040
-1.461052
-1.444703
-1.425916
-1.401654
-1.372499
-1.454739
-1.576091
-1.631951
-1.722090
-1.823946
-1.852208
-1.830238
-1.777407
-1.727461
-1.653572
-1.591571
-1.566942
-1.534317
-1.505682
-1.481019
-1.462026
-1.445687
-1.426910
-1.402672
-1.373567
-1.455757
-1.577305
-1.632312
-1.721835
-1.824076
-1.852889
-1.831301
-1.778820
-1.728959
-1.655150
-1.593292
-1.568469
-1.535934
-1.507344
-1.482684
-1.463707
-1.447358
-1.428575
-1.404349
-1.375271
-1.457380
-1.579036
-1.633190
-1.722184
-1.824815
-1.854111
-1.832670
-1.780273
-1.730430
-1.656707
-1.594807
-1.569960
-1.537498
-1.509014
-1.484447
-1.465579
-1.449322
-1.430625
-1.406442
-1.377381
-1.459391
-1.581151
-1.634315
-1.722610
-1.825546
-1.855254
-1.833883
-1.781512
-1.731615
-1.658121
-1.593574
-1.570491
-1.533975
-1.500843
-1.472149
-1.449362
-1.430938
-1.412041
-1.388973
-1.360985
-1.406546
-1.551784
-1.618631
-1.711002
-1.822229
-1.865440
-1.854319
-1.809817
-1.761523
-1.685898
-1.621030
-1.601234
-1.566286
-1.536393
-1.511766
-1.492952
-1.476480
-1.456779
-1.430969
-1.399234
-1.441494
-1.581756
-1.643767
-1.734522
-1.843882
-1.883385
-1.868719
-1.818749
-1.764728
-1.689243
-1.629212
-1.609551
-1.574916
-1.545242
-1.520834
-1.502447
-1.486776
-1.468028
-1.442990
-1.411560
-1.453714
-1.592431
-1.651311
-1.738743
-1.844952
-1.881049
-1.864739
-1.814387
-1.760422
-1.685749
-1.621842
-1.602920
-1.568624
-1.539174
-1.514871
-1.496516
-1.480945
-1.462476
-1.437982
-1.407459
-1.450267
-1.588776
-1.647546
-1.735796
-1.843587
-1.881421
-1.866433
-1.816826
-1.762956
-1.688000
-1.627785
-1.607147
-1.572567
-1.542840
-1.518238
-1.499618
-1.483660
-1.464610
-1.439413
-1.408199
-1.450474
-1.588506
-1.646884
-1.734838
-1.842623
-1.880402
-1.865208
-1.815339
-1.761255
-1.686470
-1.626008
-1.605280
-1.570592
-1.540738
-1.516032
-1.497286
-1.481244
-1.462180
-1.437038
-1.405864
-1.448147
-1.586645
-1.644660
-1.732439
-1.840613
-1.878741
-1.863716
-1.813970
-1.760273
-1.685631
-1.626081
-1.606345
-1.571935
-1.542321
-1.517860
-1.499354
-1.483476
-1.464400
-1.439052
-1.407400
-1.449188
-1.587520
-1.644610
-1.731562
-1.839354
-1.876943
-1.861323
-1.811178
-1.757542
-1.683170
-1.623725
-1.603017
-1.568452
-1.538662
-1.513995
-1.495268
-1.479325
-1.460345
-1.435277
-1.403922
-1.445981
-1.585050
-1.641847
-1.728425
-1.836803
-1.875102
-1.860015
-1.810277
-1.757060
-1.682740
-1.623526
-1.604210
-1.569986
-1.540485
-1.516051
-1.497595
-1.481819
-1.462896
-1.437732
-1.406090
-1.447785
-1.586589
-1.642523
-1.728443
-1.836535
-1.874536
-1.858991
-1.808836
-1.755577
-1.681462
-1.622453
-1.602806
-1.568483
-1.538828
-1.514270
-1.495682
-1.479863
-1.460961
-1.435836
-1.404168
-1.445835
-1.585163
-1.640575
-1.725864
-1.834224
-1.872698
-1.857381
-1.807383
-1.754354
-1.680225
-1.621265
-1.601374
-1.567039
-1.537350
-1.512730
-1.494072
-1.478264
-1.459483
-1.434510
-1.403003
-1.444781
-1.584536
-1.639483
-1.724279
-1.832939
-1.871925
-1.856869
-1.806945
-1.754027
-1.679837
-1.620802
-1.601443
-1.567209
-1.537593
-1.513047
-1.494499
-1.478797
-1.460082
-1.435120
-1.403529
-1.445086
-1.584998
-1.639187
-1.723146
-1.831697
-1.870716
-1.855484
-1.805388
-1.752530
-1.678511
-1.619721
-1.599329
-1.564941
-1.535124
-1.510357
-1.491611
-1.475806
-1.457130
-1.432362
-1.401050
-1.442783
-1.583148
-1.637008
-1.720629
-1.829728
-1.869605
-1.854965
-1.805169
-1.752539
-1.678508
-1.619678
-1.601013
-1.567025
-1.537565
-1.513123
-1.494674
-1.479077
-1.460454
-1.435585
-1.403927
-1.445225
-1.585277
-1.638116
-1.720853
-1.829498
-1.868858
-1.853561
-1.803232
-1.750595
-1.677023
-1.618718
-1.599943
-1.566018
-1.536556
-1.512354
-1.493973
-1.478021
-1.458941
-1.433457
-1.401667
-1.444009
-1.591055
-1.659306
-1.749133
-1.852878
-1.886217
-1.872549
-1.825238
-1.768911
-1.688882
-1.609257
-1.584763
-1.553025
-1.526024
-1.504411
-1.488390
-1.474444
-1.457212
-1.433753
-1.404433
-1.448399
-1.595158
-1.662364
-1.753143
-1.859142
-1.893801
-1.880809
-1.833809
-1.777491
-1.697317
-1.617390
-1.599053
-1.567333
-1.540184
-1.518366
-1.502143
-1.487534
-1.469149
-1.444020
-1.412710
-1.454970
-1.600553
-1.666494
-1.756404
-1.861116
-1.894852
-1.880424
-1.831959
-1.775197
-1.696381
-1.617828
-1.597850
-1.566529
-1.539706
-1.518242
-1.502366
-1.488148
-1.470157
-1.445345
-1.414187
-1.456361
-1.601797
-1.666578
-1.755763
-1.860499
-1.894068
-1.879492
-1.830965
-1.774276
-1.695760
-1.617731
-1.598507
-1.567591
-1.541135
-1.520026
-1.504534
-1.490623
-1.472841
-1.448105
-1.417012
-1.459141
-1.604167
-1.667911
-1.756412
-1.861163
-1.894550
-1.879864
-1.831129
-1.774163
-1.695875
-1.618225
-1.599254
-1.568768
-1.542762
-1.522115
-1.507109
-1.493458
-1.475754
-1.451013
-1.419788
-1.461703
-1.606352
-1.669092
-1.756951
-1.861672
-1.894938
-1.880064
-1.831105
-1.773900
-1.695837
-1.618575
-1.599833
-1.569645
-1.543910
-1.523573
-1.508872
-1.495421
-1.477820
-1.453081
-1.421755
-1.463523
-1.607939
-1.669783
-1.756892
-1.861695
-1.895004
-1.880089
-1.830967
-1.773546
-1.695618
-1.618591
-1.599901
-1.570022
-1.544539
-1.524463
-1.510036
-1.496858
-1.479478
-1.454886
-1.423706
-1.465428
-1.609853
-1.670627
-1.756716
-1.861647
-1.895247
-1.880525
-1.831488
-1.773932
-1.696145
-1.619377
-1.600839
-1.571036
-1.545461
-1.525276
-1.510790
-1.497539
-1.480098
-1.455459
-1.424351
-1.466005
-1.610662
-1.670576
-1.755938
-1.861057
-1.895100
-1.880708
-1.831795
-1.774325
-1.696835
-1.620471
-1.602456
-1.572766
-1.547271
-1.527155
-1.512617
-1.499072
-1.481129
-1.455879
-1.424009
-1.465052
-1.610030
-1.669090
-1.753498
-1.858657
-1.892954
-1.878561
-1.829517
-1.772034
-1.694778
-1.618770
-1.600701
-1.571237
-1.545862
-1.525869
-1.511461
-1.498088
-1.480318
-1.455159
-1.423366
-1.464333
-1.609763
-1.667941
-1.751361
-1.856647
-1.891044
-1.876701
-1.827601
-1.770202
-1.693087
-1.617348
-1.599625
-1.570196
-1.544741
-1.524662
-1.510204
-1.496810
-1.479026
-1.453851
-1.421953
-1.462810
-1.608806
-1.666255
-1.748806
-1.854227
-1.888607
-1.874232
-1.824991
-1.767700
-1.690635
-1.615080
-1.597624
-1.568161
-1.542543
-1.522350
-1.507853
-1.494530
-1.476871
-1.451851
-1.419847
-1.460568
-1.607284
-1.663945
-1.745783
-1.851536
-1.885709
-1.871046
-1.821337
-1.764138
-1.687424
-1.612401
-1.596480
-1.567373
-1.542074
-1.522270
-1.508067
-1.494955
-1.477374
-1.452235
-1.419693
-1.459925
-1.607265
-1.662474
-1.743432
-1.849270
-1.882345
-1.866671
-1.815838
-1.758531
-1.682844
-1.609107
-1.593730
-1.564387
-1.538650
-1.518378
-1.503784
-1.490439
-1.472762
-1.447667
-1.415394
-1.455856
-1.603737
-1.658745
-1.739238
-1.846320
-1.880959
-1.866618
-1.816674
-1.759787
-1.684080
-1.610436
-1.595792
-1.566724
-1.541079
-1.520797
-1.506142
-1.492671
-1.474885
-1.449662
-1.417400
-1.457733
-1.605425
-1.659380
-1.739054
-1.846067
-1.880925
-1.866599
-1.816457
-1.759480
-1.684221
-1.611407
-1.596715
-1.567815
-1.542207
-1.521810
-1.506952
-1.493212
-1.475105
-1.449591
-1.417090
-1.457166
-1.605069
-1.658149
-1.736916
-1.843995
-1.879359
-1.865290
-1.815230
-1.758357
-1.683468
-1.611246
-1.596590
-1.567702
-1.541981
-1.521336
-1.506194
-1.492209
-1.473904
-1.448245
-1.415715
-1.455723
-1.603870
-1.656254
-1.734287
-1.841660
-1.877916
-1.864461
-1.814707
-1.758084
-1.683360
-1.611839
-1.596693
-1.567667
-1.541621
-1.520515
-1.504988
-1.490767
-1.472324
-1.446652
-1.414156
-1.454148
-1.602805
-1.654468
-1.731646
-1.839020
-1.875611
-1.862230
-1.812393
-1.755947
-1.681649
-1.610895
-1.595641
-1.566604
-1.540341
-1.518903
-1.502984
-1.488419
-1.469720
-1.443857
-1.411329
-1.451294
-1.600419
-1.651575
-1.728093
-1.835733
-1.873141
-1.860246
-1.810588
-1.754502
-1.681251
-1.610760
-1.595365
-1.566342
-1.539880
-1.518034
-1.501725
-1.486844
-1.467904
-1.441933
-1.409235
-1.449080
-1.598479
-1.649002
-1.724744
-1.832222
-1.870001
-1.857292
-1.807606
-1.751903
-1.680028
-1.609460
-1.593808
-1.564620
-1.537727
-1.515284
-1.498425
-1.483245
-1.464203
-1.438334
-1.405577
-1.406922
-1.564126
-1.631249
-1.714005
-1.830005
-1.879683
-1.875467
-1.831141
-1.775998
-1.707065
-1.633296
-1.619263
-1.588986
-1.559906
-1.536678
-1.519363
-1.503918
-1.484177
-1.456896
-1.421609
-1.420078
-1.577572
-1.641928
-1.721528
-1.834300
-1.879226
-1.870204
-1.822233
-1.764416
-1.693925
-1.620247
-1.605713
-1.575763
-1.546493
-1.522947
-1.505754
-1.491409
-1.473740
-1.449127
-1.416806
-1.417895
-1.575506
-1.639225
-1.718319
-1.830590
-1.875914
-1.867859
-1.821494
-1.764624
-1.696347
-1.622103
-1.606166
-1.576445
-1.547222
-1.523504
-1.505963
-1.491101
-1.472893
-1.447856
-1.415226
-1.415789
-1.573402
-1.636435
-1.715037
-1.827867
-1.874485
-1.866869
-1.820624
-1.763763
-1.696233
-1.621545
-1.605829
-1.576177
-1.546955
-1.523166
-1.505549
-1.490585
-1.472338
-1.447294
-1.414689
-1.415238
-1.572875
-1.635366
-1.713007
-1.825981
-1.873213
-1.865741
-1.819574
-1.762923
-1.696145
-1.621471
-1.605669
-1.576011
-1.546565
-1.522483
-1.504557
-1.489391
-1.471065
-1.446020
-1.413381
-1.413858
-1.571522
-1.633575
-1.710331
-1.823503
-1.871270
-1.863919
-1.817795
-1.761565
-1.695845
-1.621370
-1.605636
-1.576025
-1.546501
-1.522348
-1.504299
-1.488964
-1.470435
-1.445141
-1.412061
-1.412076
-1.569763
-1.631235
-1.707398
-1.821116
-1.868374
-1.860344
-1.813639
-1.757680
-1.693377
-1.619804
-1.605731
-1.575963
-1.546247
-1.521995
-1.503840
-1.488275
-1.469348
-1.443423
-1.409319
-1.408460
-1.566192
-1.627001
-1.701982
-1.816714
-1.864534
-1.856336
-1.809158
-1.753209
-1.691200
-1.618516
-1.604339
-1.575487
-1.546511
-1.522922
-1.505346
-1.490332
-1.471871
-1.446319
-1.412501
-1.411793
-1.569510
-1.628738
-1.702093
-1.816310
-1.864301
-1.855958
-1.809011
-1.753097
-1.690897
-1.618354
-1.603586
-1.575155
-1.546369
-1.522827
-1.505251
-1.490409
-1.472245
-1.447136
-1.413845
-1.413466
-1.571171
-1.629146
-1.701641
-1.815670
-1.864409
-1.856399
-1.809862
-1.754017
-1.692034
-1.619310
-1.604285
-1.576021
-1.547299
-1.523712
-1.506063
-1.491156
-1.472974
-1.447845
-1.414657
-1.414199
-1.571907
-1.628967
-1.700236
-1.811998
-1.858014
-1.847680
-1.800490
-1.745295
-1.685424
-1.612753
-1.594766
-1.566094
-1.536600
-1.511792
-1.492885
-1.477372
-1.459348
-1.435116
-1.403259
-1.404129
-1.561886
-1.619803
-1.692010
-1.806482
-1.856920
-1.850027
-1.804347
-1.749969
-1.690866
-1.617635
-1.602012
-1.573372
-1.544077
-1.519734
-1.501182
-1.485420
-1.466537
-1.440886
-1.407115
-1.406263
-1.564027
-1.620694
-1.690838
-1.803125
-1.851395
-1.841691
-1.794077
-1.739152
-1.683038
-1.610098
-1.589736
-1.561011
-1.531164
-1.505747
-1.486131
-1.470136
-1.452105
-1.428370
-1.397269
-1.398834
-1.556638
-1.614175
-1.684821
-1.797723
-1.847243
-1.839227
-1.792850
-1.739487
-1.684777
-1.610878
-1.591113
-1.561662
-1.530982
-1.504617
-1.483868
-1.466693
-1.447515
-1.422556
-1.390357
-1.390987
-1.548845
-1.607030
-1.677707
-1.791050
-1.841576
-1.833426
-1.786126
-1.733167
-1.681213
-1.607434
-1.586921
-1.557551
-1.526842
-1.500254
-1.479234
-1.461874
-1.442791
-1.418104
-1.386205
-1.387233
-1.545135
-1.603539
-1.673539
-1.787753
-1.840011
-1.832843
-1.785671
-1.732838
-1.682272
-1.608167
-1.586493
-1.556877
-1.525713
-1.498501
-1.476755
-1.458843
-1.439529
-1.414966
-1.383546
-1.384999
-1.542921
-1.601411
-1.670817
-1.785982
-1.840489
-1.834909
-1.788453
-1.735820
-1.686201
-1.611627
-1.590143
-1.560678
-1.529499
-1.502180
-1.480213
-1.461904
-1.442145
-1.417068
-1.385086
-1.386026
-1.543940
-1.601849
-1.670313
-1.785655
-1.841012
-1.835929
-1.789955
-1.737491
-1.688422
-1.614037
-1.593698
-1.564639
-1.533654
-1.506420
-1.484463
-1.466150
-1.446157
-1.420626
-1.387874
-1.387996
-1.545906
-1.602687
-1.669810
-1.784616
-1.840009
-1.834435
-1.787758
-1.734969
-1.687907
-1.614005
-1.591983
-1.562570
-1.530991
-1.502891
-1.480050
-1.461178
-1.441159
-1.416130
-1.384375
-1.385266
-1.543180
-1.599747
-1.666456
-1.781939
-1.840768
-1.837881
-1.792896
-1.740697
-1.693218
-1.618524
-1.596681
-1.567477
-1.536049
-1.507905
-1.484910
-1.465612
-1.445042
-1.419489
-1.387317
-1.387865
-1.545753
-1.601759
-1.667780
-1.783690
-1.844728
-1.842807
-1.797588
-1.744667
-1.697302
-1.622230
-1.599696
-1.570270
-1.538407
-1.509736
-1.486227
-1.466577
-1.445876
-1.420439
-1.388550
-1.389277
-1.547166
-1.602631
-1.667659
-1.783782
-1.845805
-1.844422
-1.799306
-1.746405
-1.699841
-1.624894
-1.602622
-1.573340
-1.541544
-1.512831
-1.489223
-1.469387
-1.448370
-1.422513
-1.390083
-1.390255
-1.548133
-1.602721
-1.666667
-1.782694
-1.845120
-1.843876
-1.798916
-1.746146
-1.700194
-1.625702
-1.603795
-1.574738
-1.543020
-1.514299
-1.490677
-1.470840
-1.449804
-1.423844
-1.391182
-1.391005
-1.548885
-1.602614
-1.665437
-1.781185
-1.844332
-1.843316
-1.798344
-1.745503
-1.699944
-1.625654
-1.603476
-1.572888
-1.537729
-1.507116
-1.482046
-1.461543
-1.440802
-1.415400
-1.383226
-1.347838
-1.506575
-1.579233
-1.651179
-1.769468
-1.838526
-1.840239
-1.798545
-1.747369
-1.702096
-1.626920
-1.601933
-1.573460
-1.540495
-1.512258
-1.489519
-1.470665
-1.450589
-1.425132
-1.392604
-1.356572
-1.514985
-1.585514
-1.656278
-1.773341
-1.841981
-1.842896
-1.800707
-1.748570
-1.702192
-1.627564
-1.602127
-1.573484
-1.540395
-1.511925
-1.488928
-1.470071
-1.450176
-1.425105
-1.393087
-1.357762
-1.516179
-1.586433
-1.656885
-1.773660
-1.842459
-1.843513
-1.801664
-1.749973
-1.703828
-1.629203
-1.602670
-1.573984
-1.542332
-1.514937
-1.492826
-1.474629
-1.455292
-1.430827
-1.399590
-1.400135
-1.558010
-1.609899
-1.669759
-1.783776
-1.846990
-1.844684
-1.799731
-1.746835
-1.700226
-1.626934
-1.606272
-1.577693
-1.546605
-1.518218
-1.494968
-1.475634
-1.455188
-1.429760
-1.397765
-1.397960
-1.555766
-1.607310
-1.668768
-1.783891
-1.846874
-1.845096
-1.799538
-1.747202
-1.701842
-1.628217
-1.608187
-1.579072
-1.547430
-1.518909
-1.495449
-1.475205
-1.453466
-1.426451
-1.392813
-1.393347
-1.551487
-1.623151
-1.697364
-1.811294
-1.860945
-1.857475
-1.814298
-1.760043
-1.703577
-1.625450
-1.594664
-1.565654
-1.534166
-1.506987
-1.485392
-1.466951
-1.446588
-1.420713
-1.387732
-1.388866
-1.547018
-1.618574
-1.693462
-1.807428
-1.855544
-1.850752
-1.804784
-1.750308
-1.696112
-1.619598
-1.590179
-1.560891
-1.529343
-1.501760
-1.479588
-1.460493
-1.439500
-1.412978
-1.379594
-1.380524
-1.538667
-1.611385
-1.687794
-1.802746
-1.851759
-1.847955
-1.802058
-1.748357
-1.693658
-1.617153
-1.589426
-1.558721
-1.525769
-1.497038
-1.473886
-1.454427
-1.433786
-1.408186
-1.375775
-1.377877
-1.536070
-1.609808
-1.687132
-1.801895
-1.849090
-1.844032
-1.797585
-1.744582
-1.689990
-1.613778
-1.587355
-1.555962
-1.522583
-1.493327
-1.469789
-1.450001
-1.429182
-1.403503
-1.371175
-1.373542
-1.531747
-1.606561
-1.684944
-1.800103
-1.846773
-1.841575
-1.795240
-1.742720
-1.687521
-1.610798
-1.585129
-1.553195
-1.519343
-1.489818
-1.466024
-1.446112
-1.425256
-1.399579
-1.367249
-1.369709
-1.527936
-1.604070
-1.683425
-1.798116
-1.843687
-1.837714
-1.791334
-1.739318
-1.683742
-1.606606
-1.580968
-1.548173
-1.513562
-1.483245
-1.458707
-1.438334
-1.417405
-1.391887
-1.360042
-1.363146
-1.521412
-1.599000
-1.679953
-1.796602
-1.846444
-1.843600
-1.801022
-1.750597
-1.692934
-1.614344
-1.589289
-1.557541
-1.524449
-1.496014
-1.473286
-1.453930
-1.432908
-1.406505
-1.373175
-1.374425
-1.532589
-1.607547
-1.686793
-1.801978
-1.847230
-1.840490
-1.794306
-1.741373
-1.683679
-1.606048
-1.581625
-1.549354
-1.515516
-1.486175
-1.462667
-1.443370
-1.423387
-1.398762
-1.367840
-1.371430
-1.529619
-1.606317
-1.687497
-1.803867
-1.853903
-1.851145
-1.808810
-1.757965
-1.698310
-1.619725
-1.595429
-1.562993
-1.529584
-1.501038
-1.478150
-1.458605
-1.437333
-1.410649
-1.377060
-1.378074
-1.536169
-1.610919
-1.691609
-1.807770
-1.854820
-1.849367
-1.804532
-1.752032
-1.691226
-1.613553
-1.594121
-1.562577
-1.530083
-1.502593
-1.480979
-1.462697
-1.442460
-1.416444
-1.383041
-1.384234
-1.542304
-1.616727
-1.697264
-1.812394
-1.859487
-1.853849
-1.808948
-1.756176
-1.694140
-1.617056
-1.594463
-1.562458
-1.529939
-1.502442
-1.480672
-1.462345
-1.442078
-1.416191
-1.383177
-1.384633
-1.542664
-1.616823
-1.697962
-1.813632
-1.861425
-1.856543
-1.812490
-1.759637
-1.695140
-1.617331
-1.597546
-1.566023
-1.534168
-1.507504
-1.486704
-1.469112
-1.449186
-1.423250
-1.389973
-1.391204
-1.549170
-1.622311
-1.703594
-1.817821
-1.863622
-1.857146
-1.812016
-1.758474
-1.693714
-1.616461
-1.596180
-1.564460
-1.532627
-1.505935
-1.485084
-1.467507
-1.447726
-1.421995
-1.389071
-1.390589
-1.548523
-1.621730
-1.703735
-1.817672
-1.863396
-1.856985
-1.812352
-1.759002
-1.694285
-1.616728
-1.595750
-1.563957
-1.532338
-1.505879
-1.485133
-1.467580
-1.447684
-1.421917
-1.389138
-1.390728
-1.548612
-1.622105
-1.705240
-1.819486
-1.865677
-1.859609
-1.815250
-1.761754
-1.696185
-1.618353
-1.599628
-1.567659
-1.536005
-1.509522
-1.488860
-1.471347
-1.451397
-1.425488
-1.392643
-1.394186
-1.552021
-1.625370
-1.709235
-1.823074
-1.868317
-1.811820
-1.873861
-1.927267
-1.934510
-1.933911
-1.926109
-1.911100
-1.888841
-1.859411
-1.823186
-1.780103
-1.731885
-1.678206
-1.832598
-1.891013
-1.880560
-1.891119
-1.860333
-1.773239
-1.661067
-1.568219
-1.505505
-1.417892
-1.403015
-1.379482
-1.350982
-1.326186
-1.311877
-1.309118
-1.312306
-1.315976
-1.316994
-1.316158
-1.476239
-1.559133
-1.623175
-1.740554
-1.809211
-1.818393
-1.783802
-1.739264
-1.703854
-1.618257
-1.581403
-1.556749
-1.527065
-1.501237
-1.481198
-1.467666
-1.457433
-1.445845
-1.429711
-1.411069
-1.569644
-1.637416
-1.698299
-1.809772
-1.879793
-1.884840
-1.841785
-1.784132
-1.735198
-1.655982
-1.614820
-1.590714
-1.561745
-1.536652
-1.517480
-1.504588
-1.494610
-1.483096
-1.467100
-1.449297
-1.607054
-1.670344
-1.726145
-1.833746
-1.904691
-1.910484
-1.869123
-1.810102
-1.756719
-1.678441
-1.636415
-1.613124
-1.584551
-1.559442
-1.540046
-1.526730
-1.516203
-1.504214
-1.487989
-1.470374
-1.627458
-1.687962
-1.742211
-1.848767
-1.921332
-1.927362
-1.885215
-1.824103
-1.768429
-1.690759
-1.649528
-1.624961
-1.595713
-1.569685
-1.549332
-1.534947
-1.523336
-1.510345
-1.493204
-1.474714
-1.631565
-1.691014
-1.744233
-1.850602
-1.923558
-1.929823
-1.887367
-1.825922
-1.770538
-1.693374
-1.652723
-1.628154
-1.598909
-1.572854
-1.552437
-1.537913
-1.526084
-1.512795
-1.495238
-1.476198
-1.632963
-1.691681
-1.743941
-1.850042
-1.922591
-1.928758
-1.886378
-1.825147
-1.770178
-1.693474
-1.653548
-1.629458
-1.600669
-1.575041
-1.555049
-1.540826
-1.529049
-1.515592
-1.497717
-1.478314
-1.634984
-1.692821
-1.744227
-1.849935
-1.922949
-1.929149
-1.886803
-1.825328
-1.770033
-1.693616
-1.653788
-1.629943
-1.601455
-1.576045
-1.556249
-1.542208
-1.530612
-1.517346
-1.499698
-1.480551
-1.637173
-1.694336
-1.745071
-1.850535
-1.924258
-1.930671
-1.888597
-1.826975
-1.771440
-1.695170
-1.655525
-1.631811
-1.603444
-1.578093
-1.558324
-1.544289
-1.532678
-1.519374
-1.501695
-1.482522
-1.639073
-1.695469
-1.745531
-1.850727
-1.925002
-1.931537
-1.889513
-1.827682
-1.772061
-1.696017
-1.656519
-1.632903
-1.604648
-1.579321
-1.559543
-1.545496
-1.533877
-1.520584
-1.502939
-1.483795
-1.640298
-1.696087
-1.745587
-1.850642
-1.925514
-1.932217
-1.890266
-1.828304
-1.772645
-1.696824
-1.657693
-1.634223
-1.606151
-1.580932
-1.561225
-1.547220
-1.535628
-1.522348
-1.504688
-1.485508
-1.641944
-1.697043
-1.745916
-1.850728
-1.926086
-1.932910
-1.890997
-1.828862
-1.773118
-1.697492
-1.658490
-1.635121
-1.607093
-1.581907
-1.562209
-1.548212
-1.536637
-1.523411
-1.505829
-1.486752
-1.643150
-1.697723
-1.746102
-1.850760
-1.926778
-1.933809
-1.892017
-1.829754
-1.773879
-1.698374
-1.659797
-1.636515
-1.608582
-1.583415
-1.563717
-1.549728
-1.538181
-1.525002
-1.507465
-1.488411
-1.644752
-1.698663
-1.746443
-1.850833
-1.927353
-1.934456
-1.892629
-1.830213
-1.774360
-1.699032
-1.660347
-1.637131
-1.609277
-1.584107
-1.564369
-1.550352
-1.538822
-1.525713
-1.508277
-1.489312
-1.645618
-1.699045
-1.746315
-1.850552
-1.927701
-1.935022
-1.893309
-1.830791
-1.774927
-1.699735
-1.661440
-1.638332
-1.610586
-1.585472
-1.565764
-1.551771
-1.540282
-1.527220
-1.509870
-1.490778
-1.611915
-1.681985
-1.745904
-1.853101
-1.930688
-1.937215
-1.896042
-1.833797
-1.777086
-1.702612
-1.657548
-1.631669
-1.595508
-1.563125
-1.536263
-1.516232
-1.502018
-1.489525
-1.475154
-1.459888
-1.583262
-1.658589
-1.724592
-1.833855
-1.913341
-1.921604
-1.883788
-1.824459
-1.769161
-1.690980
-1.648187
-1.622326
-1.586171
-1.553855
-1.527044
-1.507046
-1.492727
-1.480065
-1.465617
-1.450359
-1.573934
-1.649491
-1.716586
-1.826949
-1.908500
-1.918420
-1.881395
-1.822339
-1.767098
-1.688601
-1.645177
-1.619646
-1.583757
-1.551663
-1.524999
-1.505126
-1.490999
-1.478660
-1.464723
-1.450000
-1.573730
-1.649278
-1.716030
-1.826329
-1.908901
-1.919556
-1.883286
-1.824234
-1.768689
-1.690042
-1.646757
-1.621197
-1.585334
-1.553177
-1.526373
-1.506347
-1.492082
-1.479661
-1.465741
-1.451051
-1.574731
-1.650000
-1.716281
-1.826460
-1.909831
-1.921054
-1.885059
-1.825890
-1.770198
-1.691582
-1.648426
-1.622637
-1.586633
-1.554298
-1.527278
-1.507015
-1.492542
-1.479981
-1.465981
-1.451193
-1.574831
-1.650054
-1.715681
-1.825667
-1.909883
-1.921572
-1.885655
-1.826365
-1.770646
-1.691842
-1.648602
-1.622648
-1.586555
-1.554147
-1.527057
-1.506738
-1.492303
-1.479887
-1.466004
-1.451309
-1.574991
-1.650395
-1.715383
-1.825176
-1.909760
-1.921460
-1.885170
-1.825778
-1.770532
-1.691903
-1.648704
-1.622695
-1.586562
-1.554070
-1.526845
-1.506422
-1.491979
-1.479674
-1.465928
-1.451360
-1.575084
-1.650422
-1.714866
-1.824545
-1.909633
-1.921303
-1.884753
-1.825143
-1.770197
-1.691709
-1.648786
-1.622520
-1.586180
-1.553468
-1.526005
-1.505316
-1.490693
-1.478343
-1.464623
-1.450098
-1.573845
-1.649081
-1.713159
-1.822898
-1.908745
-1.920880
-1.884432
-1.824788
-1.770148
-1.691812
-1.649047
-1.622695
-1.586322
-1.553604
-1.526076
-1.505320
-1.490648
-1.478273
-1.464561
-1.450055
-1.573782
-1.648819
-1.712433
-1.822171
-1.908780
-1.921173
-1.884794
-1.824913
-1.770272
-1.692209
-1.650242
-1.623882
-1.587548
-1.554906
-1.527400
-1.506634
-1.491894
-1.479424
-1.465657
-1.451087
-1.574740
-1.649141
-1.712214
-1.821772
-1.909220
-1.922491
-1.886640
-1.826717
-1.771728
-1.693755
-1.651455
-1.625026
-1.588697
-1.556068
-1.528513
-1.507697
-1.492973
-1.480590
-1.466982
-1.452588
-1.576230
-1.650165
-1.712656
-1.821975
-1.910059
-1.923673
-1.888163
-1.828084
-1.772786
-1.694734
-1.652629
-1.625974
-1.589494
-1.556737
-1.529080
-1.508195
-1.493458
-1.481121
-1.467537
-1.453135
-1.576755
-1.650478
-1.712431
-1.821562
-1.909483
-1.922595
-1.886743
-1.826676
-1.771876
-1.694133
-1.652356
-1.625459
-1.588704
-1.555672
-1.527763
-1.506633
-1.491659
-1.479060
-1.465167
-1.450400
-1.573966
-1.648192
-1.709843
-1.819012
-1.906637
-1.918314
-1.881688
-1.821732
-1.768067
-1.690846
-1.652843
-1.626435
-1.589990
-1.557320
-1.529846
-1.509203
-1.494577
-1.482030
-1.467724
-1.452338
-1.575653
-1.649169
-1.709982
-1.818686
-1.905567
-1.916131
-1.878038
-1.817801
-1.764992
-1.688242
-1.649385
-1.623062
-1.586834
-1.554420
-1.527277
-1.507026
-1.492836
-1.480702
-1.466634
-1.451294
-1.574674
-1.648382
-1.708190
-1.816383
-1.903108
-1.913453
-1.875114
-1.815181
-1.762914
-1.686385
-1.646051
-1.619586
-1.583305
-1.550778
-1.523502
-1.503154
-1.489019
-1.477113
-1.463470
-1.448632
-1.572229
-1.646046
-1.705475
-1.813635
-1.901317
-1.912443
-1.875035
-1.815475
-1.763155
-1.686596
-1.646278
-1.619897
-1.583794
-1.551419
-1.524266
-1.504016
-1.489990
-1.478161
-1.464569
-1.449769
-1.573314
-1.646481
-1.705528
-1.813517
-1.901768
-1.912922
-1.875589
-1.815739
-1.763121
-1.686728
-1.647090
-1.620668
-1.584556
-1.552152
-1.524972
-1.504723
-1.490737
-1.478998
-1.465495
-1.450758
-1.574247
-1.646955
-1.705507
-1.813282
-1.901801
-1.912895
-1.875437
-1.815488
-1.763102
-1.687008
-1.647744
-1.621486
-1.585620
-1.553481
-1.526988
-1.507252
-1.493192
-1.481122
-1.467659
-1.453731
-1.577941
-1.661508
-1.731887
-1.840620
-1.918920
-1.929419
-1.895361
-1.837180
-1.779676
-1.697904
-1.640234
-1.615380
-1.580630
-1.549870
-1.524701
-1.506107
-1.492359
-1.479443
-1.464512
-1.449043
-1.572711
-1.655018
-1.725829
-1.834904
-1.915151
-1.927253
-1.894234
-1.835800
-1.777844
-1.696512
-1.640855
-1.615951
-1.581178
-1.550180
-1.524623
-1.505629
-1.491809
-1.479339
-1.465244
-1.450823
-1.574688
-1.656291
-1.726800
-1.835718
-1.916583
-1.930432
-1.899382
-1.842025
-1.783991
-1.702268
-1.643769
-1.619142
-1.584894
-1.554433
-1.529492
-1.511106
-1.497475
-1.484620
-1.469777
-1.454413
-1.577863
-1.658937
-1.728763
-1.837343
-1.919029
-1.931542
-1.898582
-1.839365
-1.780793
-1.700015
-1.645008
-1.619483
-1.584428
-1.553133
-1.527217
-1.507842
-1.493781
-1.481267
-1.467336
-1.453138
-1.577009
-1.657647
-1.727058
-1.835590
-1.917492
-1.931847
-1.901197
-1.843695
-1.785700
-1.704173
-1.646173
-1.621590
-1.587510
-1.557225
-1.532354
-1.514041
-1.500463
-1.487591
-1.472669
-1.457201
-1.580493
-1.660436
-1.729129
-1.837409
-1.920102
-1.932692
-1.899592
-1.839792
-1.781077
-1.700686
-1.646532
-1.620834
-1.585798
-1.554518
-1.528580
-1.509211
-1.495201
-1.482790
-1.469004
-1.454939
-1.578787
-1.658720
-1.727040
-1.835225
-1.917987
-1.932099
-1.901084
-1.843018
-1.785271
-1.704464
-1.648489
-1.624295
-1.590547
-1.560390
-1.535479
-1.517096
-1.503539
-1.490789
-1.476072
-1.460943
-1.584185
-1.662396
-1.729892
-1.837528
-1.921616
-1.935742
-1.903969
-1.844377
-1.785258
-1.704769
-1.649159
-1.624685
-1.590857
-1.560776
-1.535880
-1.517566
-1.504196
-1.491843
-1.477587
-1.462743
-1.586070
-1.664352
-1.730540
-1.837634
-1.921591
-1.934492
-1.901839
-1.841714
-1.783493
-1.703740
-1.649403
-1.624315
-1.590199
-1.559707
-1.534423
-1.515728
-1.502165
-1.489819
-1.475708
-1.461084
-1.584512
-1.662732
-1.728003
-1.835001
-1.919219
-1.932414
-1.900737
-1.841346
-1.783586
-1.703876
-1.650712
-1.625474
-1.591441
-1.560979
-1.535712
-1.517072
-1.503552
-1.491164
-1.476981
-1.462313
-1.585687
-1.663404
-1.727667
-1.834094
-1.918998
-1.932348
-1.901042
-1.841571
-1.783581
-1.703856
-1.650637
-1.625490
-1.591752
-1.561610
-1.536597
-1.518262
-1.505015
-1.492867
-1.478907
-1.464393
-1.587716
-1.665032
-1.728276
-1.834234
-1.919807
-1.933205
-1.901983
-1.842270
-1.784246
-1.704832
-1.651814
-1.626803
-1.593363
-1.563477
-1.538703
-1.520626
-1.507553
-1.495485
-1.481508
-1.466882
-1.590067
-1.666901
-1.728977
-1.834286
-1.920341
-1.933801
-1.902503
-1.842459
-1.784393
-1.705288
-1.652167
-1.627234
-1.593986
-1.564217
-1.539538
-1.521580
-1.508646
-1.496704
-1.482786
-1.468157
-1.591317
-1.667966
-1.728899
-1.833544
-1.920173
-1.933788
-1.902590
-1.842395
-1.784375
-1.705500
-1.652188
-1.627975
-1.595451
-1.566401
-1.542415
-1.525169
-1.512790
-1.501106
-1.487081
-1.471992
-1.594875
-1.670876
-1.730290
-1.833980
-1.920773
-1.934023
-1.902113
-1.841221
-1.783157
-1.704785
-1.650430
-1.626268
-1.594058
-1.565285
-1.541524
-1.524569
-1.512547
-1.501309
-1.487707
-1.472847
-1.595729
-1.671667
-1.729794
-1.832708
-1.919721
-1.933043
-1.901299
-1.840425
-1.782529
-1.704348
-1.649316
-1.625230
-1.593323
-1.564777
-1.541211
-1.524457
-1.512691
-1.501679
-1.488306
-1.473678
-1.596594
-1.672471
-1.729551
-1.831832
-1.919511
-1.933075
-1.901572
-1.840585
-1.782557
-1.704477
-1.649516
-1.625596
-1.594029
-1.565804
-1.542500
-1.526027
-1.514559
-1.503892
-1.490839
-1.476468
-1.599356
-1.675022
-1.730951
-1.832589
-1.921033
-1.934943
-1.903763
-1.842553
-1.784270
-1.706410
-1.651489
-1.627739
-1.596544
-1.568644
-1.545617
-1.529434
-1.518231
-1.507777
-1.494846
-1.480477
-1.603248
-1.678493
-1.733065
-1.833930
-1.922903
-1.936990
-1.905882
-1.844319
-1.785748
-1.708252
-1.653474
-1.629859
-1.598977
-1.571379
-1.548630
-1.532777
-1.521846
-1.511554
-1.498751
-1.484135
-1.572215
-1.663000
-1.732678
-1.838014
-1.929104
-1.946996
-1.918653
-1.859197
-1.799517
-1.722076
-1.660954
-1.636511
-1.602762
-1.574950
-1.552749
-1.537491
-1.527533
-1.518582
-1.507040
-1.493170
-1.581672
-1.675701
-1.739930
-1.840041
-1.928214
-1.940446
-1.910017
-1.850184
-1.790230
-1.713450
-1.651021
-1.627894
-1.595685
-1.568701
-1.547136
-1.532718
-1.523929
-1.516515
-1.506946
-1.495582
-1.585197
-1.678056
-1.742707
-1.844801
-1.936371
-1.953399
-1.926663
-1.867701
-1.806678
-1.729276
-1.669349
-1.645846
-1.613384
-1.586736
-1.565659
-1.551574
-1.542362
-1.533549
-1.521837
-1.507956
-1.595979
-1.687658
-1.749022
-1.847357
-1.935909
-1.948617
-1.919287
-1.858657
-1.797658
-1.721691
-1.661570
-1.638286
-1.606319
-1.579627
-1.558431
-1.544380
-1.535503
-1.527393
-1.516743
-1.504076
-1.592671
-1.683943
-1.745344
-1.844984
-1.936361
-1.953511
-1.926651
-1.867274
-1.806433
-1.730414
-1.669990
-1.646821
-1.615048
-1.588950
-1.568293
-1.554668
-1.545817
-1.537232
-1.525670
-1.511958
-1.599813
-1.690777
-1.749829
-1.846597
-1.935738
-1.949309
-1.921085
-1.860481
-1.799629
-1.724576
-1.665950
-1.642654
-1.610821
-1.584127
-1.562835
-1.548687
-1.539572
-1.531013
-1.519758
-1.506462
-1.594495
-1.684821
-1.744131
-1.842135
-1.933979
-1.951963
-1.925693
-1.866374
-1.805792
-1.730081
-1.669844
-1.646923
-1.615677
-1.590272
-1.570354
-1.557391
-1.548902
-1.540244
-1.528242
-1.513538
-1.600702
-1.692829
-1.748948
-1.843990
-1.933186
-1.945361
-1.915285
-1.853068
-1.792516
-1.718485
-1.662742
-1.640241
-1.609053
-1.583193
-1.562804
-1.549582
-1.541148
-1.532893
-1.521345
-1.506821
-1.594006
-1.685444
-1.741037
-1.835124
-1.923727
-1.936385
-1.906493
-1.845918
-1.787468
-1.714104
-1.654891
-1.632368
-1.601764
-1.576413
-1.556394
-1.543404
-1.535207
-1.527119
-1.515777
-1.501491
-1.588821
-1.681705
-1.736654
-1.830445
-1.919977
-1.933074
-1.903653
-1.842961
-1.784480
-1.711024
-1.653947
-1.631014
-1.600034
-1.574344
-1.553972
-1.540627
-1.532071
-1.523685
-1.512172
-1.497770
-1.585088
-1.678563
-1.733020
-1.826228
-1.916281
-1.929859
-1.900827
-1.840446
-1.782516
-1.709188
-1.652099
-1.629013
-1.597945
-1.572081
-1.551463
-1.537839
-1.529068
-1.520506
-1.508879
-1.494236
-1.581399
-1.675757
-1.729366
-1.821793
-1.912633
-1.927175
-1.898386
-1.838111
-1.780381
-1.706890
-1.649213
-1.625994
-1.594796
-1.568745
-1.547887
-1.534042
-1.525115
-1.516569
-1.505040
-1.490451
-1.577677
-1.673359
-1.726221
-1.817867
-1.909530
-1.924922
-1.896530
-1.836382
-1.778809
-1.705136
-1.647192
-1.623997
-1.592843
-1.566695
-1.545647
-1.531574
-1.522549
-1.514065
-1.502672
-1.488143
-1.575387
-1.672091
-1.724061
-1.814878
-1.907320
-1.923480
-1.895318
-1.835047
-1.777451
-1.703452
-1.645043
-1.621750
-1.590475
-1.564171
-1.542870
-1.528528
-1.519380
-1.510966
-1.499689
-1.485207
-1.572455
-1.670362
-1.721380
-1.811219
-1.904552
-1.921671
-1.893907
-1.833677
-1.776209
-1.702059
-1.643313
-1.620010
-1.588752
-1.562372
-1.540915
-1.526342
-1.517109
-1.508726
-1.497568
-1.483187
-1.570422
-1.669389
-1.719429
-1.808333
-1.902567
-1.920519
-1.893011
-1.832602
-1.775140
-1.701025
-1.642478
-1.619197
-1.587952
-1.561492
-1.539881
-1.525146
-1.515793
-1.507384
-1.496204
-1.481771
-1.568938
-1.668827
-1.717843
-1.805763
-1.900832
-1.919686
-1.892582
-1.832106
-1.774658
-1.700748
-1.642494
-1.619233
-1.587884
-1.561271
-1.539428
-1.524466
-1.514810
-1.506192
-1.494865
-1.480286
-1.567278
-1.667973
-1.715975
-1.802973
-1.898919
-1.918905
-1.892532
-1.832235
-1.774902
-1.701292
-1.643798
-1.620691
-1.589455
-1.562804
-1.540843
-1.525717
-1.515850
-1.506948
-1.495353
-1.480431
-1.567208
-1.668387
-1.715200
-1.801196
-1.897458
-1.918079
-1.892204
-1.832148
-1.774994
-1.701773
-1.645039
-1.621930
-1.590605
-1.563727
-1.541561
-1.526200
-1.516075
-1.506793
-1.494752
-1.479268
-1.565720
-1.667640
-1.713231
-1.798117
-1.894507
-1.915635
-1.890035
-1.830296
-1.773696
-1.701239
-1.645512
-1.622633
-1.591335
-1.564289
-1.541799
-1.526145
-1.515723
-1.506075
-1.493658
-1.477858
-1.564128
-1.666640
-1.711195
-1.795140
-1.892044
-1.914079
-1.889034
-1.829331
-1.772743
-1.700453
-1.644942
-1.622127
-1.590623
-1.563233
-1.540301
-1.524156
-1.513309
-1.503404
-1.491010
-1.475343
-1.561551
-1.664895
-1.708905
-1.792203
-1.889954
-1.913389
-1.889427
-1.830180
-1.773794
-1.701460
-1.646593
-1.623773
-1.592257
-1.564624
-1.541366
-1.524836
-1.513534
-1.503244
-1.490385
-1.474099
-1.559950
-1.664326
-1.707123
-1.789245
-1.887553
-1.911745
-1.887798
-1.828317
-1.771956
-1.699508
-1.644041
-1.620682
-1.588608
-1.560533
-1.536838
-1.519848
-1.508324
-1.498058
-1.485448
-1.469353
-1.555274
-1.661731
-1.703602
-1.784441
-1.883562
-1.908597
-1.884913
-1.825524
-1.769455
-1.697066
-1.639902
-1.617105
-1.580961
-1.547747
-1.519029
-1.497208
-1.482521
-1.471489
-1.459527
-1.444420
-1.496795
-1.627815
-1.682408
-1.766316
-1.873995
-1.915050
-1.901428
-1.849644
-1.795416
-1.719097
-1.656356
-1.637698
-1.604218
-1.575637
-1.552303
-1.535771
-1.524485
-1.513610
-1.499418
-1.480116
-1.528763
-1.657261
-1.705907
-1.787089
-1.891850
-1.927547
-1.907834
-1.849941
-1.790382
-1.715338
-1.656577
-1.637482
-1.603485
-1.573882
-1.549310
-1.531746
-1.520310
-1.510377
-1.497847
-1.480728
-1.530911
-1.659799
-1.706358
-1.785084
-1.889631
-1.926055
-1.908249
-1.851765
-1.793046
-1.717890
-1.657454
-1.639256
-1.606175
-1.577446
-1.553609
-1.536631
-1.525425
-1.515238
-1.502104
-1.484234
-1.533570
-1.661010
-1.707169
-1.786366
-1.890649
-1.926170
-1.907138
-1.849747
-1.790484
-1.715792
-1.656339
-1.636928
-1.602903
-1.573103
-1.548183
-1.530160
-1.518307
-1.508047
-1.495353
-1.478296
-1.528378
-1.656579
-1.703074
-1.782411
-1.887510
-1.924345
-1.906501
-1.849928
-1.791161
-1.716134
-1.657077
-1.637307
-1.603180
-1.573364
-1.548321
-1.530184
-1.518175
-1.507797
-1.495067
-1.478149
-1.528506
-1.656050
-1.703448
-1.783893
-1.888951
-1.926041
-1.908228
-1.851696
-1.792907
-1.717998
-1.659697
-1.638844
-1.603624
-1.572672
-1.546405
-1.527077
-1.514219
-1.503515
-1.490865
-1.474463
-1.525542
-1.651633
-1.701021
-1.783432
-1.881827
-1.901757
-1.873166
-1.809540
-1.751342
-1.676920
-1.628718
-1.605740
-1.572594
-1.543678
-1.519765
-1.502727
-1.491371
-1.481853
-1.470241
-1.454965
-1.542359
-1.655506
-1.711028
-1.796831
-1.889018
-1.904978
-1.878503
-1.820762
-1.764678
-1.686745
-1.606684
-1.583359
-1.553692
-1.528437
-1.507712
-1.493350
-1.484400
-1.477210
-1.468081
-1.455927
-1.544744
-1.656885
-1.714765
-1.804494
-1.901062
-1.922562
-1.901464
-1.845101
-1.787323
-1.708210
-1.633864
-1.611985
-1.582037
-1.556403
-1.535205
-1.520457
-1.510652
-1.501917
-1.490588
-1.475980
-1.563213
-1.670231
-1.726649
-1.816016
-1.910460
-1.929807
-1.905844
-1.847494
-1.789027
-1.711750
-1.637294
-1.614908
-1.584558
-1.558663
-1.537324
-1.522360
-1.512470
-1.503795
-1.492738
-1.478474
-1.565917
-1.671822
-1.728759
-1.818931
-1.913149
-1.932465
-1.908547
-1.850353
-1.791684
-1.714379
-1.641714
-1.619846
-1.589794
-1.564472
-1.543938
-1.529852
-1.520599
-1.511995
-1.500536
-1.485686
-1.572683
-1.676396
-1.732977
-1.823591
-1.916610
-1.934397
-1.908868
-1.849651
-1.790646
-1.713918
-1.641662
-1.619862
-1.590051
-1.564973
-1.544745
-1.531077
-1.522248
-1.514119
-1.503127
-1.488822
-1.576088
-1.678340
-1.735352
-1.826703
-1.918772
-1.935525
-1.909388
-1.850073
-1.791108
-1.714780
-1.643968
-1.622614
-1.593015
-1.568248
-1.548381
-1.535166
-1.526656
-1.518605
-1.507473
-1.492949
-1.580060
-1.680359
-1.737630
-1.829765
-1.920732
-1.936301
-1.909043
-1.849264
-1.790310
-1.714563
-1.644826
-1.623714
-1.594244
-1.569729
-1.550251
-1.537417
-1.529203
-1.521260
-1.510055
-1.495474
-1.582570
-1.681373
-1.739086
-1.831955
-1.921927
-1.936604
-1.908843
-1.849053
-1.790210
-1.714867
-1.646183
-1.625422
-1.596227
-1.572087
-1.553043
-1.540719
-1.532869
-1.525054
-1.513814
-1.499221
-1.586314
-1.683511
-1.741575
-1.835115
-1.924245
-1.938041
-1.909682
-1.849750
-1.790786
-1.715792
-1.648287
-1.627749
-1.598572
-1.574536
-1.555716
-1.543588
-1.535909
-1.528095
-1.516866
-1.502211
-1.589326
-1.685231
-1.743748
-1.837888
-1.926088
-1.938927
-1.910008
-1.850000
-1.790939
-1.716093
-1.649532
-1.628625
-1.599449
-1.575527
-1.556882
-1.545015
-1.537472
-1.529765
-1.518474
-1.503924
-1.591056
-1.685995
-1.744998
-1.839757
-1.927200
-1.939138
-1.909441
-1.849208
-1.790103
-1.715437
-1.650116
-1.628561
-1.599140
-1.575032
-1.556188
-1.544182
-1.536621
-1.528964
-1.517839
-1.503613
-1.590921
-1.684910
-1.744730
-1.840211
-1.927391
-1.940120
-1.910901
-1.851382
-1.792170
-1.717196
-1.650908
-1.629778
-1.600368
-1.576291
-1.557537
-1.545583
-1.538088
-1.530502
-1.519491
-1.505558
-1.593125
-1.686268
-1.746941
-1.844582
-1.933969
-1.950444
-1.923111
-1.863926
-1.803126
-1.726907
-1.661760
-1.640023
-1.610717
-1.587435
-1.569797
-1.558962
-1.552074
-1.544516
-1.533054
-1.518330
-1.605368
-1.697997
-1.757357
-1.853286
-1.939561
-1.950154
-1.919572
-1.858138
-1.796769
-1.721820
-1.658928
-1.639090
-1.609702
-1.585716
-1.567320
-1.555913
-1.548961
-1.541704
-1.530861
-1.516779
-1.604222
-1.694556
-1.755404
-1.853673
-1.941266
-1.955858
-1.926445
-1.866101
-1.804752
-1.729386
-1.665063
-1.643142
-1.613443
-1.589649
-1.571450
-1.560100
-1.553052
-1.545635
-1.534507
-1.520460
-1.607922
-1.698434
-1.759475
-1.858402
-1.946182
-1.959756
-1.930335
-1.811839
-1.874273
-1.927024
-1.935047
-1.936996
-1.932727
-1.922257
-1.905527
-1.882386
-1.852675
-1.816524
-1.774346
-1.726463
-1.673404
-1.617146
-1.560928
-1.630765
-1.774052
-1.825985
-1.860343
-1.874522
-1.818430
-1.717833
-1.638962
-1.536832
-1.471409
-1.374295
-1.343617
-1.328060
-1.310004
-1.293373
-1.283443
-1.272948
-1.248028
-1.207944
-1.157707
-1.232050
-1.376755
-1.477928
-1.595197
-1.681022
-1.715002
-1.721865
-1.725989
-1.733922
-1.657510
-1.582312
-1.556597
-1.521337
-1.489168
-1.458366
-1.418272
-1.358656
-1.276697
-1.178298
-1.063852
-1.112697
-1.271279
-1.421024
-1.575796
-1.686522
-1.729231
-1.726275
-1.706236
-1.696983
-1.619285
-1.559793
-1.530565
-1.483954
-1.439359
-1.397713
-1.347337
-1.278713
-1.188745
-1.081600
-0.954995
-0.999779
-1.159717
-1.317632
-1.475627
-1.617923
-1.682048
-1.694776
-1.685876
-1.684561
-1.608790
-1.551375
-1.524571
-1.479975
-1.437238
-1.396616
-1.347508
-1.280174
-1.191311
-1.085307
-0.959698
-1.004829
-1.164577
-1.322287
-1.480112
-1.619118
-1.683581
-1.697395
-1.689877
-1.688602
-1.612809
-1.556157
-1.529324
-1.486888
-1.446250
-1.406799
-1.358404
-1.291869
-1.204089
-1.099017
-0.974679
-1.020118
-1.179586
-1.337032
-1.494631
-1.629883
-1.692503
-1.705042
-1.696146
-1.690876
-1.613941
-1.556067
-1.529212
-1.487687
-1.448344
-1.409860
-1.361852
-1.295777
-1.208600
-1.104185
-0.980687
-1.026440
-1.185790
-1.343131
-1.500636
-1.634042
-1.695576
-1.707496
-1.698067
-1.691314
-1.614108
-1.555026
-1.529100
-1.488688
-1.450573
-1.412924
-1.365449
-1.299983
-1.213356
-1.109654
-0.986804
-1.032697
-1.191859
-1.349021
-1.506598
-1.642488
-1.706397
-1.720176
-1.711637
-1.702549
-1.626206
-1.568681
-1.543859
-1.504316
-1.467956
-1.431597
-1.384876
-1.319962
-1.233659
-1.130098
-1.007630
-1.053500
-1.212379
-1.366845
-1.524287
-1.658424
-1.720789
-1.733097
-1.721502
-1.706157
-1.629746
-1.572140
-1.547923
-1.509401
-1.474371
-1.439218
-1.393320
-1.329302
-1.244203
-1.141961
-1.020907
-1.067210
-1.225841
-1.376201
-1.533621
-1.667613
-1.728433
-1.738983
-1.725299
-1.707159
-1.631247
-1.574737
-1.551028
-1.513341
-1.478963
-1.444705
-1.399475
-1.336211
-1.252023
-1.150767
-1.030450
-1.076884
-1.235326
-1.382832
-1.540233
-1.674466
-1.734503
-1.744002
-1.728792
-1.707997
-1.632853
-1.577643
-1.554104
-1.516927
-1.482925
-1.449402
-1.404799
-1.342302
-1.259217
-1.159058
-1.039862
-1.086589
-1.244814
-1.388713
-1.546088
-1.680843
-1.740582
-1.749852
-1.733568
-1.709748
-1.635046
-1.580536
-1.557373
-1.521018
-1.487750
-1.455061
-1.411078
-1.349244
-1.267105
-1.167727
-1.049310
-1.096207
-1.254233
-1.395204
-1.552567
-1.687720
-1.746995
-1.755796
-1.738408
-1.712094
-1.637981
-1.584597
-1.561637
-1.525834
-1.492967
-1.460850
-1.417331
-1.356072
-1.274893
-1.176348
-1.058758
-1.105836
-1.263656
-1.401365
-1.558701
-1.693579
-1.752000
-1.759989
-1.741523
-1.713441
-1.639853
-1.587315
-1.564466
-1.528846
-1.496037
-1.463879
-1.420535
-1.359905
-1.279957
-1.182484
-1.065767
-1.113102
-1.270783
-1.406408
-1.563685
-1.697542
-1.754781
-1.761641
-1.742385
-1.713669
-1.640611
-1.588749
-1.565741
-1.529972
-1.496867
-1.464227
-1.420653
-1.360384
-1.281244
-1.184499
-1.068345
-1.115829
-1.273435
-1.408149
-1.565349
-1.699196
-1.756263
-1.762874
-1.743484
-1.714403
-1.641818
-1.590409
-1.567327
-1.531487
-1.498212
-1.465263
-1.421497
-1.361515
-1.282837
-1.186548
-1.070673
-1.118216
-1.275759
-1.409333
-1.566382
-1.700329
-1.757458
-1.764258
-1.744664
-1.714511
-1.642104
-1.590282
-1.567345
-1.531672
-1.498475
-1.465484
-1.421685
-1.361746
-1.283424
-1.187381
-1.071967
-1.119726
-1.277307
-1.411489
-1.568523
-1.703831
-1.762084
-1.770001
-1.750383
-1.718443
-1.646091
-1.594246
-1.571504
-1.536113
-1.503289
-1.470490
-1.426909
-1.367116
-1.288969
-1.193188
-1.078221
-1.126194
-1.283715
-1.416528
-1.573315
-1.708984
-1.767959
-1.776512
-1.756514
-1.723102
-1.650806
-1.598874
-1.576294
-1.541111
-1.508432
-1.475711
-1.432154
-1.372147
-1.293691
-1.197802
-1.082912
-1.130883
-1.288348
-1.419824
-1.576339
-1.712268
-1.772067
-1.781238
-1.761111
-1.726761
-1.654625
-1.602488
-1.580207
-1.545443
-1.513131
-1.480657
-1.437212
-1.377150
-1.298461
-1.202478
-1.087650
-1.135606
-1.293011
-1.422649
-1.578564
-1.714680
-1.775359
-1.785021
-1.764717
-1.729653
-1.657723
-1.605331
-1.583307
-1.548788
-1.516551
-1.484234
-1.440850
-1.380651
-1.301809
-1.205738
-1.090930
-1.138929
-1.296277
-1.424530
-1.579960
-1.716052
-1.777444
-1.787477
-1.767203
-1.731948
-1.660297
-1.607914
-1.585987
-1.551577
-1.519332
-1.487064
-1.443629
-1.383268
-1.304244
-1.207994
-1.093109
-1.141011
-1.298321
-1.425224
-1.580089
-1.716236
-1.778281
-1.788681
-1.768491
-1.733169
-1.661780
-1.609436
-1.587575
-1.553374
-1.521434
-1.489321
-1.445996
-1.385685
-1.306635
-1.210443
-1.095647
-1.143574
-1.300866
-1.426687
-1.581004
-1.717216
-1.779886
-1.790509
-1.770221
-1.734741
-1.663662
-1.611791
-1.589939
-1.555838
-1.523973
-1.491882
-1.448526
-1.388168
-1.308943
-1.212527
-1.097553
-1.145365
-1.302619
-1.426912
-1.580526
-1.716644
-1.779895
-1.790859
-1.770755
-1.735554
-1.664733
-1.613027
-1.591097
-1.557005
-1.525042
-1.492893
-1.449448
-1.388917
-1.309383
-1.212592
-1.097225
-1.144870
-1.302104
-1.425205
-1.578375
-1.714795
-1.778666
-1.790028
-1.770299
-1.735684
-1.665150
-1.613895
-1.591804
-1.557652
-1.525655
-1.493454
-1.449881
-1.389237
-1.309480
-1.212407
-1.096666
-1.144132
-1.301368
-1.423526
-1.576318
-1.713095
-1.777632
-1.789421
-1.770006
-1.735839
-1.665566
-1.614758
-1.592471
-1.558204
-1.526045
-1.493741
-1.450062
-1.389319
-1.309288
-1.211919
-1.095764
-1.142992
-1.300222
-1.421123
-1.573521
-1.710684
-1.775814
-1.788062
-1.769053
-1.735567
-1.665596
-1.615587
-1.593082
-1.558733
-1.526523
-1.494127
-1.450315
-1.389439
-1.309166
-1.211519
-1.094958
-1.141977
-1.299227
-1.419561
-1.571505
-1.708905
-1.774546
-1.787163
-1.768561
-1.735752
-1.666066
-1.616992
-1.594369
-1.559944
-1.527643
-1.495090
-1.451065
-1.390028
-1.309419
-1.211321
-1.094052
-1.140753
-1.298013
-1.417135
-1.568893
-1.706790
-1.773062
-1.786098
-1.767781
-1.735387
-1.665960
-1.617666
-1.595140
-1.560797
-1.528595
-1.496060
-1.452025
-1.390992
-1.310130
-1.211770
-1.094151
-1.140629
-1.297854
-1.414851
-1.566365
-1.704698
-1.771200
-1.784368
-1.766275
-1.734531
-1.665453
-1.618568
-1.596617
-1.562892
-1.531412
-1.499135
-1.455029
-1.393742
-1.312348
-1.213242
-1.094601
-1.140579
-1.297805
-1.412892
-1.564798
-1.704319
-1.771426
-1.784667
-1.766395
-1.734468
-1.665707
-1.620016
-1.597742
-1.563480
-1.531242
-1.498636
-1.454296
-1.392839
-1.311320
-1.212061
-1.093054
-1.138882
-1.296109
-1.409375
-1.560897
-1.701226
-1.769123
-1.783021
-1.765162
-1.733241
-1.664708
-1.619824
-1.597814
-1.564018
-1.532446
-1.500136
-1.455955
-1.394509
-1.312690
-1.213069
-1.093657
-1.139225
-1.296440
-1.408188
-1.558706
-1.698823
-1.767150
-1.781165
-1.763557
-1.732444
-1.664321
-1.619930
-1.597723
-1.563823
-1.532148
-1.500116
-1.456173
-1.393863
-1.310570
-1.209010
-1.088118
-1.133593
-1.291494
-1.428035
-1.584508
-1.719053
-1.775636
-1.784854
-1.766657
-1.736263
-1.657422
-1.581623
-1.562176
-1.533740
-1.507149
-1.480206
-1.442210
-1.388356
-1.317834
-1.230861
-1.126380
-1.178648
-1.336415
-1.469792
-1.622376
-1.749399
-1.795659
-1.794669
-1.769173
-1.737844
-1.658373
-1.581182
-1.566985
-1.537632
-1.509715
-1.481416
-1.442015
-1.385979
-1.311707
-1.220830
-1.112107
-1.162668
-1.320401
-1.453294
-1.607120
-1.735899
-1.785783
-1.787500
-1.764263
-1.735243
-1.655811
-1.578594
-1.564535
-1.536051
-1.508914
-1.481361
-1.442503
-1.387191
-1.314726
-1.226202
-1.119848
-1.171231
-1.328992
-1.460992
-1.613735
-1.741954
-1.790851
-1.791625
-1.767206
-1.736276
-1.656731
-1.579247
-1.566081
-1.537984
-1.511269
-1.484158
-1.445521
-1.390339
-1.318361
-1.230213
-1.124248
-1.175909
-1.333609
-1.463692
-1.615483
-1.744187
-1.793638
-1.794969
-1.770390
-1.737713
-1.657774
-1.579774
-1.566699
-1.538714
-1.512176
-1.485090
-1.446343
-1.391418
-1.319821
-1.231980
-1.126575
-1.178339
-1.335933
-1.463734
-1.614786
-1.743899
-1.793771
-1.795694
-1.771589
-1.738920
-1.658693
-1.580370
-1.568087
-1.540496
-1.514509
-1.487759
-1.449088
-1.394333
-1.323125
-1.235597
-1.130505
-1.182361
-1.339924
-1.466448
-1.617244
-1.746050
-1.794661
-1.795253
-1.770128
-1.737567
-1.658163
-1.581091
-1.566766
-1.537033
-1.509264
-1.480885
-1.440834
-1.384693
-1.312293
-1.223683
-1.116865
-1.167924
-1.325696
-1.455557
-1.608352
-1.739840
-1.789014
-1.789795
-1.764474
-1.732480
-1.654592
-1.580937
-1.566879
-1.537525
-1.510164
-1.482062
-1.442244
-1.386271
-1.313237
-1.223608
-1.116087
-1.166866
-1.324461
-1.448119
-1.598628
-1.732487
-1.787289
-1.793390
-1.772494
-1.740758
-1.660592
-1.582710
-1.570645
-1.543607
-1.518161
-1.491584
-1.452951
-1.397921
-1.326223
-1.238297
-1.132777
-1.184336
-1.341837
-1.470354
-1.617967
-1.763613
-1.824910
-1.834283
-1.814140
-1.781800
-1.702343
-1.627927
-1.617994
-1.589490
-1.564273
-1.540474
-1.504727
-1.451581
-1.379611
-1.291253
-1.184714
-1.179819
-1.338473
-1.476233
-1.622829
-1.772685
-1.834021
-1.843806
-1.814170
-1.763081
-1.684142
-1.622076
-1.608417
-1.577665
-1.549595
-1.523594
-1.487675
-1.436730
-1.369689
-1.286854
-1.185019
-1.183362
-1.342073
-1.489130
-1.634916
-1.777366
-1.829327
-1.826825
-1.796558
-1.761417
-1.686396
-1.632912
-1.620347
-1.589515
-1.560673
-1.534541
-1.498796
-1.447805
-1.379570
-1.295399
-1.191433
-1.187694
-1.346567
-1.485739
-1.632453
-1.779281
-1.834532
-1.836614
-1.803177
-1.756555
-1.681734
-1.628094
-1.613582
-1.581559
-1.551590
-1.524559
-1.488534
-1.437977
-1.370929
-1.287744
-1.184978
-1.182015
-1.340882
-1.486184
-1.631640
-1.776784
-1.831217
-1.831325
-1.800813
-1.759629
-1.684732
-1.632444
-1.616935
-1.584433
-1.554611
-1.527507
-1.491032
-1.439257
-1.370096
-1.284844
-1.179564
-1.174991
-1.333862
-1.470889
-1.618389
-1.768572
-1.827275
-1.831279
-1.799708
-1.755732
-1.681305
-1.630495
-1.613395
-1.579792
-1.548283
-1.520005
-1.483225
-1.432051
-1.364598
-1.281013
-1.177240
-1.173656
-1.332733
-1.479335
-1.627609
-1.775062
-1.830680
-1.827446
-1.795590
-1.758240
-1.685933
-1.641656
-1.626610
-1.594373
-1.564159
-1.536980
-1.501382
-1.451238
-1.384100
-1.300630
-1.196326
-1.192182
-1.351118
-1.484859
-1.631324
-1.778424
-1.834377
-1.831464
-1.795093
-1.752523
-1.682513
-1.640129
-1.624496
-1.591715
-1.560679
-1.532237
-1.495221
-1.443693
-1.374730
-1.289414
-1.183452
-1.177903
-1.336751
-1.467282
-1.610697
-1.760099
-1.821563
-1.828986
-1.801251
-1.761175
-1.687777
-1.634880
-1.620567
-1.589834
-1.561175
-1.534339
-1.498127
-1.446964
-1.379040
-1.295278
-1.191690
-1.187967
-1.346799
-1.476179
-1.619781
-1.766678
-1.825378
-1.829088
-1.798246
-1.759258
-1.687208
-1.637845
-1.619510
-1.585450
-1.553166
-1.523289
-1.484138
-1.430050
-1.358633
-1.271234
-1.163379
-1.156896
-1.316013
-1.449102
-1.594547
-1.745736
-1.810882
-1.820875
-1.795569
-1.760218
-1.687680
-1.635719
-1.622541
-1.592120
-1.563762
-1.536862
-1.500104
-1.447948
-1.378234
-1.292859
-1.187230
-1.182136
-1.341104
-1.468129
-1.610604
-1.760453
-1.823986
-1.832033
-1.803150
-1.764103
-1.692027
-1.640975
-1.623492
-1.590128
-1.558691
-1.529270
-1.490046
-1.435478
-1.362987
-1.274639
-1.165828
-1.158507
-1.317722
-1.447859
-1.591530
-1.744126
-1.812862
-1.826411
-1.801534
-1.763419
-1.690557
-1.638189
-1.624328
-1.593405
-1.564203
-1.536470
-1.498630
-1.445157
-1.373822
-1.286894
-1.179734
-1.173686
-1.332667
-1.455629
-1.596549
-1.747775
-1.814863
-1.827348
-1.802206
-1.765683
-1.692989
-1.640726
-1.626750
-1.595780
-1.566701
-1.538583
-1.499981
-1.445483
-1.372863
-1.284592
-1.176020
-1.169027
-1.328138
-1.450745
-1.591491
-1.743710
-1.813871
-1.829039
-1.805143
-1.767701
-1.694754
-1.640407
-1.624299
-1.592270
-1.561874
-1.532496
-1.492709
-1.437217
-1.363537
-1.274057
-1.164631
-1.157146
-1.316201
-1.435800
-1.576092
-1.729380
-1.802091
-1.820172
-1.799886
-1.765599
-1.691938
-1.634277
-1.619470
-1.587986
-1.558100
-1.528845
-1.488631
-1.432293
-1.357372
-1.266497
-1.155811
-1.147567
-1.306685
-1.425493
-1.565796
-1.719965
-1.795450
-1.815874
-1.798051
-1.765361
-1.691047
-1.630210
-1.614901
-1.583338
-1.553371
-1.524131
-1.483853
-1.427285
-1.352417
-1.261700
-1.150741
-1.142350
-1.301628
-1.422308
-1.562967
-1.717199
-1.793193
-1.813739
-1.795711
-1.762862
-1.688987
-1.627959
-1.613089
-1.581788
-1.552166
-1.522909
-1.482532
-1.425885
-1.350458
-1.259155
-1.147923
-1.139278
-1.298525
-1.415631
-1.554703
-1.709802
-1.789981
-1.813782
-1.798858
-1.766153
-1.690197
-1.622542
-1.606914
-1.574206
-1.542737
-1.512317
-1.471330
-1.414617
-1.340318
-1.250475
-1.140655
-1.132965
-1.292282
-1.411374
-1.550582
-1.695747
-1.767830
-1.787050
-1.772788
-1.749231
-1.676610
-1.613609
-1.596533
-1.563898
-1.532037
-1.500603
-1.458295
-1.399918
-1.322569
-1.229545
-1.115826
-1.105379
-1.264802
-1.382461
-1.521436
-1.676873
-1.762163
-1.790620
-1.782744
-1.759298
-1.683926
-1.614116
-1.601444
-1.571803
-1.543200
-1.514371
-1.474030
-1.416648
-1.339237
-1.245786
-1.133289
-1.124113
-1.283340
-1.395630
-1.533302
-1.687160
-1.771045
-1.797197
-1.786247
-1.761038
-1.687199
-1.619706
-1.604536
-1.572052
-1.540060
-1.508456
-1.465799
-1.406699
-1.326842
-1.230605
-1.114885
-1.103832
-1.263217
-1.377680
-1.517114
-1.672610
-1.759930
-1.789083
-1.781068
-1.759667
-1.686338
-1.618211
-1.603637
-1.571983
-1.541043
-1.510128
-1.468017
-1.408651
-1.328431
-1.231946
-1.115828
-1.103974
-1.263461
-1.377700
-1.516101
-1.664109
-1.747589
-1.774608
-1.766945
-1.749256
-1.678300
-1.611929
-1.599385
-1.567282
-1.533647
-1.500490
-1.457753
-1.398912
-1.319430
-1.223973
-1.108056
-1.037061
-1.197574
-1.330663
-1.481393
-1.639140
-1.744873
-1.787511
-1.787806
-1.769528
-1.697111
-1.630655
-1.619049
-1.586075
-1.553423
-1.522186
-1.480500
-1.421814
-1.342735
-1.247961
-1.132694
-1.062570
-1.223580
-1.367458
-1.516910
-1.674552
-1.783719
-1.825934
-1.819280
-1.782877
-1.708170
-1.639171
-1.631838
-1.601992
-1.571705
-1.542935
-1.504426
-1.450267
-1.376889
-1.288048
-1.180430
-1.117733
-1.278108
-1.406002
-1.546572
-1.704075
-1.809157
-1.846335
-1.836769
-1.796521
-1.718574
-1.646604
-1.635976
-1.605843
-1.575362
-1.546221
-1.507718
-1.453941
-1.381994
-1.295396
-1.189920
-1.129437
-1.289719
-1.414816
-1.555170
-1.708392
-1.798158
-1.826125
-1.811536
-1.774082
-1.699777
-1.629645
-1.617133
-1.583894
-1.549172
-1.516151
-1.474262
-1.417945
-1.344411
-1.256852
-1.148523
-1.084591
-1.245152
-1.374237
-1.520362
-1.677960
-1.776509
-1.809839
-1.800367
-1.769960
-1.695648
-1.628803
-1.617922
-1.585148
-1.551956
-1.520890
-1.481238
-1.427385
-1.357068
-1.272860
-1.167838
-1.106729
-1.267371
-1.399990
-1.545116
-1.701011
-1.788088
-1.809782
-1.789918
-1.752644
-1.684148
-1.627541
-1.615140
-1.582933
-1.549225
-1.517246
-1.477506
-1.424212
-1.354139
-1.270131
-1.165093
-1.103287
-1.263612
-1.383991
-1.526880
-1.684440
-1.781105
-1.810452
-1.797441
-1.764777
-1.692365
-1.629933
-1.618130
-1.585097
-1.550635
-1.518731
-1.478938
-1.425664
-1.356839
-1.273661
-1.170166
-1.109883
-1.270360
-1.396357
-1.540747
-1.697150
-1.786474
-1.807784
-1.787678
-1.750147
-1.681355
-1.625552
-1.613058
-1.580486
-1.546551
-1.514452
-1.475141
-1.423687
-1.356982
-1.276530
-1.174830
-1.116604
-1.276744
-1.398388
-1.541007
-1.694675
-1.776031
-1.789024
-1.766114
-1.737324
-1.673273
-1.625569
-1.608795
-1.574314
-1.538268
-1.503540
-1.461231
-1.406432
-1.336060
-1.251512
-1.144964
-1.082201
-1.242712
-1.364233
-1.509329
-1.665067
-1.755273
-1.776956
-1.760497
-1.735126
-1.669975
-1.614535
-1.597707
-1.563025
-1.526950
-1.492118
-1.449969
-1.395906
-1.326621
-1.243348
-1.138533
-1.076830
-1.237291
-1.357669
-1.502225
-1.658507
-1.749677
-1.771925
-1.756261
-1.733237
-1.668428
-1.615219
-1.599188
-1.565199
-1.529567
-1.495149
-1.452721
-1.397745
-1.326845
-1.241815
-1.134794
-1.071238
-1.231819
-1.352087
-1.496687
-1.654311
-1.756520
-1.788110
-1.777079
-1.750739
-1.682428
-1.625359
-1.611833
-1.578541
-1.543557
-1.510456
-1.469260
-1.414355
-1.342565
-1.256859
-1.150226
-1.086434
-1.247029
-1.365280
-1.506540
-1.662852
-1.763185
-1.796201
-1.784684
-1.750962
-1.679456
-1.614240
-1.599580
-1.565156
-1.529171
-1.494593
-1.452557
-1.397581
-1.327715
-1.244201
-1.139648
-1.078485
-1.238960
-1.357062
-1.500923
-1.657457
-1.749949
-1.770971
-1.754088
-1.730965
-1.667911
-1.621494
-1.603434
-1.568478
-1.530982
-1.494647
-1.450032
-1.391782
-1.316180
-1.226274
-1.113945
-1.045054
-1.205900
-1.325889
-1.471971
-1.629773
-1.743762
-1.787626
-1.787103
-1.762915
-1.690668
-1.626252
-1.614032
-1.583387
-1.551681
-1.521035
-1.481941
-1.429141
-1.359846
-1.276711
-1.173080
-1.112643
-1.272926
-1.388195
-1.526726
-1.681839
-1.777631
-1.805936
-1.790716
-1.755558
-1.686491
-1.630788
-1.615132
-1.580711
-1.544999
-1.510516
-1.467829
-1.411331
-1.338396
-1.251548
-1.143232
-1.078327
-1.238815
-1.358494
-1.502884
-1.659293
-1.753845
-1.780119
-1.765813
-1.740123
-1.675326
-1.622712
-1.606144
-1.571852
-1.535877
-1.500855
-1.457676
-1.400590
-1.326261
-1.237466
-1.127328
-1.061265
-1.222704
-1.372092
-1.526859
-1.684392
-1.777961
-1.808133
-1.798414
-1.774119
-1.694867
-1.624401
-1.603366
-1.573873
-1.543263
-1.515245
-1.479607
-1.430883
-1.367020
-1.289976
-1.192585
-1.138717
-1.299255
-1.442218
-1.588492
-1.738205
-1.805071
-1.806161
-1.775451
-1.751214
-1.684198
-1.629969
-1.617447
-1.585775
-1.552819
-1.521872
-1.482590
-1.428388
-1.355465
-1.267309
-1.156751
-1.090354
-1.251287
-1.389556
-1.538933
-1.696497
-1.788181
-1.817990
-1.806938
-1.779711
-1.699026
-1.628290
-1.609951
-1.583893
-1.557280
-1.532436
-1.499193
-1.452327
-1.390213
-1.314716
-1.219117
-1.167281
-1.327596
-1.468426
-1.611732
-1.758492
-1.820832
-1.821361
-1.788781
-1.758901
-1.688757
-1.637179
-1.623572
-1.590978
-1.557132
-1.525443
-1.485315
-1.430211
-1.356307
-1.267434
-1.156363
-1.089868
-1.250732
-1.390878
-1.541199
-1.698768
-1.790341
-1.820576
-1.809414
-1.781284
-1.700978
-1.630015
-1.609998
-1.579928
-1.549032
-1.520906
-1.484575
-1.435022
-1.370020
-1.291547
-1.192846
-1.138249
-1.298824
-1.447693
-1.595253
-1.743473
-1.808530
-1.814998
-1.787509
-1.758215
-1.685912
-1.627373
-1.614279
-1.582108
-1.549567
-1.518802
-1.479557
-1.425582
-1.353565
-1.267306
-1.159371
-1.095662
-1.256419
-1.399965
-1.551047
-1.708521
-1.794565
-1.819332
-1.803691
-1.775404
-1.697580
-1.628672
-1.615972
-1.586900
-1.558962
-1.533109
-1.498165
-1.448646
-1.382897
-1.302800
-1.203389
-1.201933
-1.361384
-1.482909
-1.618826
-1.761199
-1.818632
-1.819159
-1.786881
-1.753295
-1.682797
-1.629155
-1.615792
-1.585328
-1.555589
-1.526819
-1.488157
-1.433731
-1.359825
-1.269727
-1.158750
-1.149999
-1.309345
-1.423483
-1.558894
-1.709433
-1.784630
-1.806719
-1.796299
-1.772397
-1.692237
-1.618903
-1.594842
-1.566761
-1.539631
-1.512500
-1.474545
-1.420444
-1.348567
-1.261114
-1.155206
-1.150298
-1.309397
-1.425598
-1.563530
-1.712900
-1.784266
-1.802110
-1.788697
-1.765994
-1.687593
-1.614963
-1.600857
-1.571734
-1.543489
-1.515552
-1.475912
-1.419827
-1.344392
-1.253068
-1.142678
-1.135097
-1.294374
-1.415046
-1.554582
-1.706602
-1.781297
-1.802429
-1.792084
-1.770621
-1.691452
-1.618132
-1.601048
-1.572829
-1.545440
-1.518281
-1.479528
-1.423556
-1.348154
-1.256782
-1.146954
-1.139802
-1.299008
-1.418871
-1.558562
-1.711444
-1.786873
-1.807902
-1.796149
-1.771422
-1.692168
-1.618617
-1.604546
-1.575735
-1.547968
-1.520584
-1.481350
-1.424873
-1.349003
-1.257272
-1.146802
-1.139267
-1.298492
-1.420757
-1.561265
-1.713734
-1.788433
-1.809342
-1.797239
-1.772022
-1.693199
-1.619833
-1.606235
-1.577531
-1.549806
-1.522484
-1.483355
-1.426880
-1.350873
-1.258841
-1.148277
-1.140796
-1.299979
-1.423282
-1.564074
-1.716271
-1.790478
-1.810984
-1.798217
-1.772197
-1.693797
-1.620624
-1.608117
-1.579367
-1.551816
-1.524679
-1.485688
-1.429339
-1.353443
-1.261541
-1.151094
-1.143656
-1.302783
-1.426488
-1.567402
-1.719450
-1.792964
-1.813156
-1.799736
-1.772426
-1.694302
-1.621176
-1.610683
-1.582318
-1.555134
-1.528483
-1.489833
-1.433693
-1.358006
-1.266331
-1.156063
-1.148699
-1.307774
-1.431901
-1.572943
-1.811023
-1.857415
-1.884243
-1.863724
-1.838675
-1.809128
-1.774588
-1.734556
-1.688219
-1.634835
-1.574211
-1.506715
-1.433123
-1.354005
-1.269794
-1.180095
-1.083887
-0.978630
-0.856422
-0.837760
-0.837760
-0.837760
-0.837760
-0.837760
-0.837760
-0.837760
-0.837760
-0.837760
-0.837760
-0.837760
-0.837760
-0.837760
-0.837760
-0.837760
-0.837760
-0.837760
-0.837760
-0.837760
-0.837760
-0.844253
-0.880130
-1.811707
-1.872833
-1.923012
-1.922865
-1.914349
-1.898451
-1.875467
-1.845237
-1.807669
-1.762955
-1.711352
-1.652970
-1.590103
-1.558286
-1.716628
-1.753495
-1.755769
-1.770553
-1.738466
-1.645919
-1.535313
-1.452949
-1.393721
-1.326858
-1.292043
-1.286013
-1.277003
-1.270858
-1.276425
-1.293568
-1.314291
-1.332168
-1.343812
-1.383029
-1.541727
-1.614641
-1.686177
-1.796851
-1.841227
-1.834400
-1.790549
-1.749214
-1.717138
-1.634842
-1.611561
-1.582006
-1.550861
-1.524410
-1.503647
-1.485901
-1.465689
-1.439728
-1.406222
