0.000100
0.000752
0.000650
0.000757
0.000709
0.000585
0.001161
0.008755
0.027380
0.040192
0.042846
0.042471
0.039262
0.038200
0.060529
0.138158
0.295244
0.424936
0.433349
0.416570
0.354394
0.283298
0.223704
0.172403
0.130815
0.109214
0.101648
0.101302
0.093435
0.071770
0.058685
0.100931
0.129793
0.086390
0.029489
0.000249
-0.005228
0.013808
0.027789
0.028347
0.021696
0.003169
0.000229
0.003561
-0.003103
-0.003722
0.006862
0.017280
0.031065
0.036886
0.057611
0.098904
0.160608
0.217573
0.277455
0.335843
0.386796
0.430960
0.480827
0.489558
0.460477
0.438574
0.447480
0.480274
0.512417
0.535658
0.567868
0.598383
0.615726
0.599679
0.509801
0.387557
0.288177
0.237076
0.205416
0.188281
0.178496
0.185369
0.214505
0.245607
0.233055
0.172536
0.126565
0.116893
0.122882
0.115305
0.107744
0.110585
0.095300
0.063376
0.044907
0.027054
0.002687
-0.023463
-0.040187
-0.047989
-0.048915
-0.042449
-0.036992
-0.037516
-0.039940
-0.044229
-0.040027
-0.027553
0.040501
0.105616
0.111615
0.064403
0.004552
-0.042648
-0.081846
-0.118654
-0.131197
-0.134916
-0.145745
-0.147865
-0.138356
-0.130290
-0.096878
-0.052452
-0.004516
0.048134
0.073566
0.048760
-0.008699
-0.043967
-0.050598
-0.023526
0.012163
0.055469
0.105151
0.130475
0.126922
0.128199
0.114874
0.080940
0.052482
0.032479
0.013992
0.003011
-0.001427
-0.006457
-0.006462
0.004681
0.013534
0.001804
-0.002760
0.010423
0.005091
-0.011230
-0.014452
-0.016919
-0.031764
-0.039088
-0.027740
-0.020301
-0.021157
-0.017804
-0.008989
0.000959
0.019481
0.043924
0.071930
0.106016
0.123626
0.092294
0.056396
0.018899
0.008592
0.030508
0.059275
0.089483
0.118011
0.120076
0.107087
0.110394
0.094302
0.075639
0.064972
0.054501
0.046221
0.046460
0.052494
0.059354
0.073531
0.079256
0.056591
0.030349
0.007766
0.001272
0.020633
0.032308
0.045506
0.060945
0.065346
0.061099
0.076256
0.088407
0.084903
0.080826
0.078157
0.074891
0.078437
0.088232
0.100167
0.119805
0.134678
0.127849
0.113477
0.095723
0.091284
0.104433
0.103883
0.109275
0.117457
0.111469
0.098142
0.104890
0.104666
0.090917
0.080851
0.074356
0.075657
0.083220
0.096182
0.109161
0.127291
0.135312
0.117725
0.097859
0.079012
0.088754
0.099368
0.108152
0.123833
0.139706
0.150517
0.151568
0.165706
0.162104
0.154732
0.154914
0.152025
0.155708
0.165642
0.178535
0.194926
0.216524
0.213610
0.171677
0.141026
0.117173
0.133371
0.143017
0.149876
0.162035
0.173022
0.175395
0.171603
0.184914
0.189035
0.185445
0.182117
0.174185
0.170832
0.174042
0.180851
0.192453
0.211888
0.225950
0.216631
0.202787
0.218674
0.218592
0.198239
0.181828
0.172753
0.159009
0.133932
0.128194
0.127645
0.112294
0.095437
0.089089
0.088194
0.094441
0.108181
0.118797
0.130913
0.150792
0.163809
0.150524
0.137461
0.144039
0.138101
0.119803
0.106397
0.094095
0.083515
0.069463
0.076899
0.086861
0.080356
0.077455
0.083799
0.101204
0.123037
0.150096
0.175430
0.205043
0.224549
0.218704
0.191140
0.185513
0.185879
0.178990
0.171186
0.170943
0.163398
0.143021
0.137336
0.142468
0.129840
0.107226
0.096212
0.095263
0.100442
0.112731
0.120035
0.128921
0.151879
0.186255
0.172195
0.171931
0.171044
0.148540
0.117165
0.098202
0.082688
0.066363
0.066829
0.084867
0.091705
0.087439
0.090371
0.096853
0.109458
0.130224
0.148504
0.164887
0.190156
0.232240
0.223604
0.206485
0.203785
0.187864
0.156741
0.132851
0.112131
0.101461
0.097217
0.110735
0.121023
0.117550
0.121303
0.134550
0.150732
0.173733
0.197615
0.218744
0.245092
0.279958
0.281231
0.251834
0.243303
0.234287
0.214491
0.193107
0.176905
0.157519
0.130767
0.124490
0.131003
0.121783
0.105841
0.099441
0.099297
0.107792
0.124033
0.135287
0.145347
0.162117
0.192881
0.177655
0.181251
0.180863
0.156243
0.118945
0.089214
0.062599
0.044860
0.045302
0.063202
0.072615
0.074092
0.083163
0.096901
0.115970
0.144077
0.170066
0.193822
0.229614
0.271103
0.260557
0.234173
0.224939
0.210730
0.181320
0.155831
0.133078
0.118105
0.102245
0.107675
0.113764
0.101338
0.093742
0.098905
0.111185
0.131077
0.155253
0.174666
0.200264
0.241290
0.255662
0.230146
0.222014
0.213141
0.184393
0.155267
0.132517
0.110094
0.085935
0.089798
0.100300
0.091876
0.081428
0.081585
0.086618
0.099053
0.117006
0.128290
0.140853
0.157012
0.172602
0.170724
0.181461
0.181194
0.153167
0.115220
0.088055
0.067134
0.049684
0.057002
0.078799
0.085470
0.085723
0.093211
0.105265
0.123258
0.149069
0.169071
0.187539
0.218425
0.256877
0.236939
0.225214
0.220142
0.197455
0.163635
0.139251
0.117377
0.104411
0.103625
0.119374
0.124746
0.118607
0.122201
0.135207
0.152955
0.178943
0.200714
0.219429
0.251627
0.300173
0.285158
0.264538
0.257013
0.238554
0.203057
0.173543
0.149003
0.137730
0.130803
0.143934
0.153188
0.146622
0.147938
0.157900
0.172925
0.195388
0.217110
0.233189
0.259221
0.314125
0.311356
0.290170
0.282634
0.265700
0.225711
0.187161
0.155555
0.135360
0.117225
0.125148
0.135930
0.127760
0.124157
0.130231
0.141251
0.158809
0.179261
0.192599
0.210567
0.232232
0.238400
0.230838
0.234451
0.222666
0.186013
0.143219
0.109620
0.083601
0.062552
0.073562
0.091870
0.090858
0.088949
0.095253
0.104929
0.121569
0.143000
0.156688
0.172897
0.188397
0.207215
0.205100
0.211591
0.202485
0.168914
0.126684
0.097857
0.077205
0.057061
0.065495
0.089344
0.093735
0.092015
0.096555
0.103043
0.117008
0.136497
0.148430
0.160382
0.175643
0.199492
0.199295
0.205536
0.200864
0.165745
0.120363
0.087662
0.063764
0.048824
0.060641
0.084743
0.093047
0.096866
0.106581
0.117677
0.133718
0.156533
0.172532
0.185124
0.199310
0.231034
0.219748
0.220316
0.217024
0.187230
0.142545
0.108327
0.081093
0.064832
0.069955
0.093539
0.106060
0.110248
0.122069
0.136096
0.154212
0.180185
0.201933
0.219085
0.237976
0.285909
0.272644
0.256185
0.250374
0.227519
0.185774
0.150048
0.120091
0.104341
0.099945
0.115775
0.127190
0.125673
0.132856
0.146205
0.163868
0.188887
0.214575
0.235193
0.261877
0.311621
0.312236
0.285016
0.274433
0.257670
0.221415
0.183765
0.149824
0.122902
0.099004
0.101641
0.111534
0.104669
0.098453
0.103225
0.113010
0.130020
0.153926
0.171305
0.188846
0.209980
0.228373
0.209613
0.212722
0.209009
0.182581
0.142725
0.110062
0.082181
0.060726
0.059965
0.079337
0.088369
0.088863
0.097337
0.112722
0.133061
0.162655
0.188967
0.210013
0.239164
0.286210
0.269403
0.242040
0.234418
0.215719
0.178523
0.142796
0.110655
0.092678
0.078749
0.089439
0.100911
0.095515
0.095254
0.106590
0.123509
0.147325
0.175193
0.196985
0.222118
0.265143
0.279867
0.255859
0.248202
0.234484
0.202011
0.166642
0.137121
0.114005
0.091397
0.097624
0.110957
0.104569
0.096864
0.100886
0.110032
0.125598
0.146617
0.159856
0.176426
0.195294
0.201901
0.202528
0.211244
0.203375
0.168516
0.128266
0.099830
0.077872
0.058268
0.070337
0.090341
0.089648
0.086801
0.092841
0.102531
0.118776
0.139088
0.151458
0.166961
0.179993
0.201991
0.201053
0.206275
0.197336
0.164829
0.124254
0.098478
0.081429
0.063428
0.073909
0.100808
0.107074
0.105864
0.110267
0.116144
0.128789
0.146388
0.155812
0.164747
0.174876
0.196506
0.200414
0.207396
0.199646
0.160787
0.111861
0.076565
0.051213
0.038608
0.053932
0.080162
0.090646
0.097520
0.108436
0.119811
0.134802
0.155821
0.169727
0.182636
0.192538
0.205062
0.206051
0.216585
0.212389
0.173421
0.120849
0.081113
0.050406
0.032509
0.043357
0.065629
0.074122
0.080393
0.093127
0.107333
0.126714
0.153248
0.174088
0.192000
0.209133
0.240731
0.229199
0.227332
0.222585
0.193238
0.149572
0.114451
0.084169
0.064139
0.063312
0.079322
0.085012
0.083339
0.091127
0.105259
0.124979
0.152531
0.176826
0.197228
0.222797
0.270632
0.256300
0.233834
0.227117
0.207935
0.172581
0.144367
0.119285
0.103504
0.097571
0.112408
0.122429
0.118227
0.122328
0.135048
0.151928
0.176044
0.200720
0.220484
0.248866
0.295250
0.293787
0.264227
0.255796
0.240106
0.206147
0.171108
0.138679
0.114061
0.091996
0.096922
0.109151
0.103980
0.099012
0.106057
0.117926
0.135747
0.160384
0.178438
0.196272
0.216891
0.237269
0.221279
0.222136
0.215824
0.185755
0.147093
0.116200
0.089398
0.063534
0.065521
0.082511
0.083760
0.079197
0.084076
0.093939
0.109920
0.133700
0.151189
0.165472
0.180826
0.210833
0.201217
0.204896
0.204417
0.176686
0.136350
0.106202
0.082484
0.067677
0.071119
0.093350
0.103884
0.104711
0.113617
0.128851
0.147592
0.174140
0.196419
0.215261
0.240629
0.291888
0.269680
0.254080
0.246456
0.221171
0.181699
0.151768
0.125189
0.108508
0.106973
0.122111
0.128407
0.123984
0.129677
0.141260
0.157921
0.182959
0.203697
0.220173
0.239692
0.279764
0.265179
0.254095
0.249410
0.228176
0.189281
0.154941
0.126672
0.112686
0.106946
0.122578
0.134096
0.130872
0.136016
0.149931
0.167863
0.193426
0.219244
0.239632
0.267993
0.320852
0.315287
0.288453
0.275617
0.256892
0.219720
0.184484
0.154234
0.136450
0.119494
0.127187
0.138179
0.130190
0.126906
0.135420
0.148178
0.167609
0.189927
0.204865
0.223753
0.248626
0.254528
0.244993
0.244900
0.230293
0.192737
0.150989
0.118561
0.095235
0.075681
0.088396
0.108422
0.107585
0.106241
0.112070
0.120940
0.136311
0.156383
0.168949
0.183359
0.194030
0.201118
0.208367
0.219006
0.207044
0.167434
0.121898
0.092127
0.071252
0.055844
0.073235
0.097431
0.100525
0.103091
0.110868
0.120738
0.136509
0.154987
0.165033
0.176099
0.184903
0.202624
0.209866
0.213457
0.197717
0.158158
0.113926
0.086828
0.068416
0.055565
0.075858
0.102534
0.107095
0.110074
0.116459
0.124115
0.136991
0.151648
0.157790
0.166002
0.173076
0.186104
0.199598
0.205896
0.188213
0.144110
0.093801
0.061751
0.043006
0.032830
0.054776
0.081618
0.087964
0.094040
0.101782
0.110047
0.122800
0.138324
0.146820
0.156637
0.165326
0.176999
0.190177
0.199629
0.185840
0.143844
0.095005
0.064322
0.046051
0.036435
0.057683
0.082911
0.089311
0.097115
0.108698
0.120005
0.133924
0.149954
0.158153
0.167095
0.176808
0.192640
0.201249
0.205445
0.192452
0.151755
0.107346
0.080371
0.062097
0.050162
0.069031
0.092270
0.096257
0.100407
0.107257
0.114778
0.126340
0.140519
0.147656
0.156491
0.166747
0.180452
0.187768
0.195026
0.183520
0.143344
0.098589
0.070780
0.050899
0.037326
0.054256
0.075126
0.077208
0.079468
0.085944
0.093470
0.105795
0.121081
0.130231
0.143834
0.158191
0.171967
0.176131
0.181987
0.172087
0.135892
0.096679
0.073489
0.055007
0.040765
0.057115
0.078135
0.079605
0.080396
0.085732
0.092356
0.104185
0.119036
0.127702
0.141575
0.153672
0.171129
0.174229
0.178080
0.167820
0.132265
0.094336
0.072871
0.054882
0.040012
0.055952
0.076382
0.076450
0.075583
0.079580
0.084755
0.096038
0.110027
0.118182
0.131213
0.146690
0.165499
0.168229
0.172651
0.162699
0.127000
0.088978
0.067083
0.048340
0.033192
0.048243
0.066853
0.066187
0.065644
0.070078
0.075894
0.087578
0.102404
0.111614
0.125414
0.142804
0.158968
0.160258
0.164664
0.155723
0.121318
0.085708
0.065046
0.046056
0.030139
0.043764
0.061150
0.059822
0.058139
0.061387
0.066085
0.077225
0.091654
0.100967
0.116562
0.131501
0.145617
0.147392
0.154453
0.144724
0.111208
0.074194
0.053255
0.034790
0.019308
0.034034
0.052680
0.052665
0.052387
0.057683
0.064588
0.077738
0.093689
0.104409
0.120444
0.137210
0.159749
0.157859
0.156860
0.146706
0.113233
0.079182
0.060481
0.041790
0.024874
0.037599
0.053774
0.051043
0.048032
0.049981
0.053637
0.063807
0.076543
0.084587
0.097896
0.112593
0.129709
0.134228
0.142726
0.133519
0.099966
0.062827
0.042271
0.024217
0.009499
0.024373
0.042217
0.042584
0.043369
0.050350
0.058543
0.071813
0.088029
0.099207
0.116488
0.137445
0.158556
0.151929
0.149113
0.139880
0.107186
0.074219
0.055592
0.035956
0.018408
0.030003
0.044898
0.041993
0.039773
0.041825
0.045837
0.056381
0.070149
0.079446
0.093612
0.107705
0.121518
0.126427
0.136708
0.128844
0.096333
0.060287
0.039877
0.020235
0.003344
0.015739
0.031482
0.030464
0.030015
0.036072
0.043828
0.057589
0.074541
0.087060
0.106211
0.124994
0.147626
0.139202
0.135142
0.125206
0.093597
0.061651
0.044502
0.025428
0.007292
0.018377
0.032453
0.028712
0.025465
0.027477
0.031609
0.042078
0.055085
0.064201
0.080208
0.099658
0.114773
0.117670
0.125308
0.119283
0.088057
0.055128
0.038010
0.020332
0.004106
0.015615
0.029746
0.027306
0.025442
0.030481
0.037372
0.049965
0.065930
0.077802
0.094383
0.109249
0.136792
0.127277
0.121944
0.112524
0.085283
0.054758
0.039498
0.023595
0.004314
0.010377
0.025468
0.023249
0.017617
0.018400
0.020085
0.028460
0.040999
0.050979
0.066670
0.089571
0.114077
0.102889
0.110240
0.106108
0.077956
0.042884
0.022862
0.003735
-0.013873
-0.007396
0.006637
0.007797
0.008074
0.014058
0.021176
0.032909
0.050582
0.065661
0.083478
0.101314
0.125113
0.114075
0.111499
0.107134
0.083467
0.056214
0.042082
0.024303
0.002661
0.004168
0.016215
0.014514
0.010376
0.013928
0.021121
0.033921
0.052730
0.068333
0.086493
0.101237
0.126449
0.112075
0.107405
0.101710
0.077133
0.051146
0.038964
0.022666
0.000069
0.001353
0.013014
0.008376
0.000405
0.000517
0.004115
0.014856
0.030088
0.042673
0.061127
0.083002
0.108191
0.095547
0.095917
0.092418
0.068735
0.041956
0.029886
0.015402
-0.004011
-0.000782
0.012512
0.010537
0.005602
0.009250
0.015884
0.028790
0.046371
0.061093
0.080342
0.095419
0.122370
0.107680
0.100987
0.096098
0.074190
0.051070
0.043660
0.032181
0.012171
0.013400
0.023679
0.017663
0.007596
0.006409
0.008840
0.018393
0.033278
0.046668
0.066000
0.092376
0.116463
0.099087
0.096927
0.096515
0.079662
0.059944
0.055664
0.046869
0.027046
0.025849
0.034492
0.027227
0.015454
0.013881
0.018309
0.028862
0.045592
0.059510
0.076117
0.092887
0.114236
0.095478
0.085828
0.081631
0.060627
0.039412
0.032333
0.019374
-0.001704
0.000056
0.011535
0.006355
-0.002286
-0.003804
-0.002109
0.006455
0.019874
0.030933
0.047605
0.066648
0.088876
0.078969
0.084643
0.082360
0.055693
0.025165
0.009539
-0.007768
-0.029759
-0.029216
-0.019889
-0.023542
-0.028257
-0.024045
-0.016674
-0.002546
0.016809
0.035087
0.059685
0.087011
0.108348
0.089316
0.084766
0.088703
0.079843
0.069444
0.074982
0.073103
0.057407
0.058087
0.067497
0.055233
0.035200
0.030695
0.042520
0.053832
0.071681
0.084472
0.095235
0.107165
0.127585
0.110260
0.092749
0.085806
0.065411
0.043661
0.038294
0.027963
0.008439
0.013134
0.027170
0.021954
0.011182
0.003914
0.001005
0.005809
0.015052
0.022227
0.033340
0.048567
0.066842
0.064892
0.081650
0.084374
0.055193
0.018882
-0.001111
-0.019089
-0.040492
-0.039807
-0.031455
-0.034749
-0.038109
-0.031459
-0.019687
-0.004943
0.016346
0.037403
0.063257
0.094986
0.109902
0.089623
0.076552
0.074819
0.063940
0.048079
0.046070
0.038988
0.018595
0.012397
0.022552
0.019251
0.007033
0.004492
0.012154
0.023149
0.041896
0.060351
0.080102
0.106167
0.126908
0.111885
0.093390
0.092255
0.081991
0.067116
0.069260
0.068152
0.050788
0.045190
0.054641
0.048817
0.030829
0.022878
0.021785
0.027419
0.041006
0.054173
0.069132
0.093132
0.121156
0.107267
0.090847
0.089141
0.074257
0.052483
0.047509
0.040878
0.021025
0.015635
0.024771
0.021736
0.009173
0.005681
0.006903
0.013274
0.027967
0.043242
0.059299
0.082887
0.111461
0.100772
0.080271
0.082623
0.074859
0.053078
0.046582
0.038276
0.016896
0.006885
0.016315
0.019469
0.011566
0.011480
0.015935
0.024619
0.041651
0.061733
0.080638
0.104587
0.125610
0.122716
0.097504
0.082668
0.084598
0.078420
0.073273
0.074788
0.062506
0.040484
0.038988
0.041416
0.030463
0.021223
0.022662
0.035432
0.046822
0.065655
0.080700
0.097120
0.117569
0.117388
0.094910
0.088845
0.090717
0.079800
0.070680
0.071245
0.061116
0.037603
0.034326
0.041193
0.032030
0.016254
0.010084
0.007642
0.013762
0.027317
0.039243
0.055367
0.078898
0.096330
0.087358
0.092155
0.091709
0.068707
0.043241
0.032404
0.017245
-0.005226
-0.006037
0.003471
-0.001308
-0.010124
-0.009325
-0.004542
0.007413
0.025057
0.040737
0.062338
0.086833
0.108118
0.092524
0.088774
0.086373
0.065323
0.042643
0.034667
0.021567
0.000218
0.000249
0.010505
0.005487
