0.000101
-0.000562
-0.000641
-0.000539
-0.000594
-0.000901
-0.000497
0.006669
0.024872
0.037040
0.037961
0.035418
0.026718
0.007520
-0.041561
-0.145436
-0.321565
-0.522988
-0.665737
-0.685272
-0.642376
-0.594476
-0.521898
-0.436393
-0.355258
-0.266441
-0.184317
-0.114933
-0.059785
-0.026648
-0.010209
0.039201
0.068163
0.024169
-0.031751
-0.060067
-0.064816
-0.057094
-0.065550
-0.087124
-0.106257
-0.118419
-0.104365
-0.080095
-0.067877
-0.050685
-0.029301
-0.010907
0.011803
0.025536
0.049592
0.082872
0.138952
0.202988
0.277504
0.352876
0.415559
0.460010
0.499780
0.513776
0.481326
0.423859
0.403842
0.422254
0.441821
0.451829
0.459631
0.473146
0.488458
0.492308
0.475713
0.471060
0.469030
0.451310
0.433021
0.417820
0.408985
0.417723
0.449150
0.464530
0.432709
0.380515
0.336224
0.315929
0.317294
0.293862
0.260333
0.235750
0.201545
0.172398
0.159327
0.120534
0.045713
-0.035495
-0.094136
-0.120023
-0.124176
-0.120447
-0.119343
-0.123204
-0.128211
-0.134488
-0.134120
-0.138988
-0.115254
-0.055157
-0.032598
-0.058554
-0.084228
-0.101617
-0.108859
-0.100764
-0.056501
-0.024760
-0.041055
-0.066373
-0.080437
-0.080070
-0.055042
-0.017509
0.030661
0.085065
0.119273
0.131641
0.128642
0.115545
0.103415
0.103892
0.091040
0.084341
0.104217
0.131971
0.159994
0.195087
0.190585
0.157314
0.123900
0.089508
0.059601
0.045570
0.041090
0.036873
0.037176
0.039844
0.026874
0.002998
0.002610
0.032896
0.027353
0.004518
-0.002744
-0.004860
-0.000066
0.027716
0.049559
0.040778
0.018133
-0.001742
-0.009468
-0.000748
0.018721
0.042714
0.071337
0.106812
0.126962
0.124189
0.109479
0.093486
0.089526
0.095285
0.070216
0.062498
0.082112
0.104325
0.131697
0.168892
0.159323
0.140035
0.121245
0.093751
0.071459
0.065186
0.065377
0.072807
0.087739
0.093104
0.078069
0.054647
0.038370
0.038326
0.052034
0.031626
0.028253
0.044952
0.058554
0.073834
0.105893
0.112475
0.099748
0.087781
0.075185
0.067067
0.074419
0.085759
0.098248
0.118723
0.134458
0.130847
0.115443
0.109680
0.113956
0.119370
0.099643
0.094000
0.107699
0.113816
0.128413
0.152823
0.145333
0.121828
0.103097
0.083854
0.077711
0.084279
0.096202
0.110067
0.129504
0.137431
0.125790
0.104806
0.105017
0.125277
0.110370
0.091624
0.096383
0.117446
0.140408
0.165685
0.187761
0.177240
0.165343
0.155829
0.143418
0.143758
0.153921
0.166825
0.184737
0.208717
0.211152
0.190545
0.163942
0.147305
0.165121
0.153382
0.141996
0.147594
0.160634
0.164635
0.174320
0.193298
0.188003
0.176098
0.166897
0.160112
0.162756
0.174074
0.182253
0.194618
0.213908
0.221076
0.209007
0.197594
0.219366
0.214891
0.184057
0.168471
0.167492
0.159710
0.153712
0.166058
0.163752
0.138171
0.111589
0.088194
0.081566
0.090655
0.104977
0.115826
0.128183
0.139965
0.138158
0.120325
0.128651
0.154421
0.140457
0.110000
0.097898
0.094474
0.094383
0.108451
0.125444
0.121626
0.095227
0.074260
0.060975
0.067625
0.089297
0.115863
0.142605
0.172656
0.185487
0.170497
0.153512
0.167001
0.167503
0.142818
0.128737
0.135759
0.142509
0.149902
0.170906
0.178499
0.154519
0.120780
0.094609
0.078545
0.082362
0.095297
0.102276
0.111179
0.121794
0.114976
0.100789
0.122176
0.141173
0.125350
0.102809
0.096121
0.086367
0.080436
0.096291
0.109694
0.099689
0.076857
0.061563
0.059562
0.076022
0.099789
0.118157
0.134801
0.150593
0.150888
0.132894
0.145115
0.169034
0.159351
0.130786
0.119324
0.110754
0.106309
0.115926
0.126802
0.121713
0.101549
0.089532
0.087921
0.105279
0.130508
0.154509
0.176454
0.200755
0.213686
0.197310
0.178485
0.198114
0.197028
0.166195
0.149068
0.148382
0.142086
0.138336
0.150787
0.154389
0.131457
0.102184
0.080388
0.071321
0.082476
0.101162
0.111856
0.121540
0.130081
0.123624
0.106952
0.136293
0.156967
0.137214
0.110821
0.096063
0.076047
0.062936
0.073333
0.085155
0.075655
0.057346
0.047275
0.051669
0.073772
0.103838
0.129935
0.154295
0.177625
0.181895
0.160672
0.162877
0.184785
0.172946
0.143670
0.128702
0.123430
0.119202
0.124381
0.133027
0.127658
0.099332
0.076787
0.065012
0.072520
0.094116
0.118018
0.137660
0.158092
0.168689
0.155212
0.148528
0.172044
0.174667
0.145781
0.127609
0.121309
0.108192
0.101379
0.114552
0.116732
0.090191
0.061873
0.043541
0.040464
0.056504
0.074975
0.085023
0.094277
0.102362
0.094200
0.096091
0.131419
0.149066
0.128750
0.104970
0.092129
0.076387
0.066822
0.082079
0.095807
0.083124
0.064217
0.054068
0.057748
0.079308
0.106832
0.126404
0.145126
0.162696
0.160077
0.141205
0.163962
0.177550
0.157197
0.131580
0.123435
0.115479
0.111821
0.123204
0.132024
0.120906
0.098313
0.085502
0.085217
0.104547
0.131217
0.153123
0.172316
0.191504
0.193562
0.172861
0.182949
0.202461
0.188829
0.159981
0.146667
0.138670
0.134769
0.139833
0.148074
0.142913
0.120403
0.107308
0.106309
0.121825
0.144952
0.166350
0.182627
0.199720
0.205889
0.187148
0.188333
0.211435
0.207374
0.177131
0.157460
0.145782
0.131972
0.125002
0.131559
0.129839
0.104442
0.084104
0.076885
0.086673
0.106775
0.126596
0.138791
0.150256
0.154994
0.139254
0.139496
0.169191
0.175541
0.151490
0.127544
0.110846
0.089586
0.079345
0.091063
0.098158
0.077088
0.055311
0.045394
0.050903
0.071505
0.093642
0.106465
0.118738
0.125618
0.111475
0.111892
0.141721
0.151734
0.134289
0.109906
0.094568
0.078909
0.071047
0.085161
0.099075
0.084971
0.062202
0.049748
0.051945
0.068776
0.090358
0.101705
0.111627
0.119315
0.110848
0.107071
0.135048
0.154595
0.136550
0.110808
0.093279
0.071732
0.058546
0.070404
0.084015
0.074880
0.058873
0.053329
0.062692
0.084373
0.109982
0.125282
0.137649
0.147083
0.140553
0.123123
0.149385
0.170405
0.153422
0.124997
0.108238
0.087128
0.072980
0.080346
0.093348
0.088842
0.074149
0.068915
0.078481
0.101700
0.131201
0.152774
0.170133
0.184263
0.184317
0.165024
0.176829
0.200658
0.187154
0.156747
0.139636
0.122436
0.110150
0.112631
0.120345
0.115468
0.097093
0.087461
0.092298
0.113747
0.142639
0.168704
0.189764
0.209023
0.214822
0.197520
0.187068
0.209842
0.211755
0.179729
0.157371
0.143147
0.123793
0.113629
0.119289
0.117838
0.094033
0.071711
0.059610
0.066340
0.087576
0.112286
0.128662
0.142959
0.151717
0.142441
0.125941
0.157541
0.174128
0.150342
0.123640
0.107896
0.089361
0.076440
0.084329
0.094877
0.083969
0.064045
0.053074
0.058434
0.081594
0.112735
0.138644
0.159655
0.176696
0.177021
0.157552
0.159168
0.185711
0.175420
0.143855
0.123810
0.108811
0.096960
0.097683
0.105694
0.103134
0.079356
0.061256
0.056115
0.071371
0.097723
0.125373
0.147110
0.168081
0.179701
0.166005
0.159563
0.184839
0.185326
0.157733
0.138203
0.127168
0.112743
0.106481
0.115765
0.118283
0.093368
0.067909
0.054308
0.057148
0.075388
0.096059
0.108217
0.119525
0.126318
0.114157
0.122503
0.153837
0.163074
0.141057
0.117079
0.102874
0.085812
0.078709
0.092543
0.101019
0.078958
0.055649
0.043655
0.046586
0.065713
0.085893
0.097282
0.108831
0.113694
0.103023
0.107176
0.134822
0.144230
0.128116
0.104293
0.090787
0.079045
0.073181
0.089572
0.106046
0.094318
0.072076
0.060583
0.064440
0.080175
0.098845
0.107839
0.115396
0.120241
0.109561
0.103581
0.129135
0.146212
0.127830
0.101326
0.081656
0.058006
0.043975
0.054988
0.069056
0.062220
0.047796
0.045389
0.058152
0.080008
0.104404
0.117613
0.127648
0.133328
0.122349
0.113790
0.145577
0.167154
0.147407
0.116511
0.093424
0.064918
0.044357
0.051147
0.062436
0.052606
0.037912
0.035165
0.049042
0.075540
0.106045
0.126205
0.143954
0.158148
0.154885
0.136338
0.165211
0.185740
0.163698
0.134481
0.115879
0.094598
0.079884
0.086824
0.095166
0.083192
0.061794
0.050554
0.054087
0.076959
0.107114
0.131292
0.151878
0.168885
0.169642
0.151947
0.162726
0.187086
0.173137
0.141707
0.128921
0.117119
0.108712
0.114846
0.124578
0.118664
0.097096
0.083955
0.083895
0.103627
0.131580
0.156502
0.176569
0.195183
0.199870
0.182214
0.171690
0.198108
0.197548
0.164792
0.144401
0.130943
0.113561
0.105855
0.112672
0.112697
0.089348
0.067031
0.056761
0.065241
0.086644
0.111546
0.128560
0.143780
0.152861
0.143460
0.135505
0.166414
0.177076
0.151071
0.126334
0.112267
0.093901
0.082452
0.092291
0.099384
0.079502
0.053447
0.037881
0.038988
0.058641
0.083771
0.100017
0.113547
0.124569
0.120320
0.111763
0.141169
0.162320
0.142781
0.116799
0.102842
0.087411
0.079589
0.090960
0.103989
0.096473
0.078001
0.069051
0.073771
0.095637
0.124194
0.146639
0.165980
0.182432
0.181260
0.162992
0.182339
0.201380
0.181116
0.150943
0.138173
0.124177
0.113618
0.119227
0.125640
0.114614
0.092704
0.080658
0.084540
0.103766
0.129703
0.149756
0.165921
0.179870
0.179570
0.161339
0.178217
0.201264
0.186906
0.158308
0.141431
0.127650
0.118910
0.122089
0.129580
0.124142
0.102920
0.090751
0.092545
0.112501
0.139950
0.165633
0.186417
0.205605
0.210558
0.192326
0.190737
0.212480
0.205498
0.174653
0.156101
0.145554
0.134794
0.130040
0.135749
0.133120
0.107644
0.088418
0.081983
0.092581
0.112404
0.133520
0.147555
0.161077
0.165597
0.148333
0.148324
0.174314
0.176707
0.150142
0.127477
0.112784
0.095349
0.087339
0.097064
0.103470
0.081884
0.059427
0.051092
0.058387
0.077758
0.098167
0.109589
0.119689
0.123958
0.110330
0.119654
0.150953
0.158663
0.137767
0.111872
0.095083
0.076760
0.070321
0.085284
0.097104
0.080406
0.061918
0.056316
0.064389
0.082713
0.101133
0.110868
0.119788
0.119054
0.100985
0.104711
0.131174
0.138844
0.119825
0.095498
0.081121
0.066466
0.061477
0.078559
0.092465
0.078444
0.060727
0.056622
0.066265
0.081853
0.096408
0.102182
0.107606
0.107252
0.087600
0.090307
0.115965
0.125543
0.106253
0.079322
0.061020
0.043187
0.034255
0.049350
0.063946
0.053447
0.038743
0.038202
0.051129
0.066119
0.081036
0.089273
0.096944
0.099839
0.082756
0.085397
0.112979
0.125806
0.107784
0.081943
0.064629
0.047174
0.039381
0.056763
0.071903
0.062410
0.050154
0.050493
0.063104
0.079945
0.095604
0.103723
0.111415
0.113744
0.094201
0.091809
0.116663
0.128764
0.107930
0.084463
0.071855
0.057523
0.052807
0.071032
0.084542
0.071368
0.054888
0.051431
0.060970
0.078335
0.094091
0.101039
0.108365
0.111434
0.091721
0.090271
0.118103
0.129391
0.108340
0.083598
0.068764
0.051910
0.046758
0.064334
0.075893
0.059973
0.041348
0.035347
0.042571
0.060448
0.077356
0.086263
0.096442
0.100653
0.081747
0.083371
0.111318
0.122238
0.101263
0.078860
0.067663
0.054593
0.053566
0.072856
0.084089
0.066231
0.045766
0.037683
0.042495
0.059273
0.075418
0.083835
0.093788
0.094641
0.076674
0.080517
0.107328
0.116162
0.095693
0.073739
0.064023
0.053174
0.053990
0.074501
0.085332
0.065837
0.043089
0.033064
0.036327
0.052102
0.067703
0.075692
0.086061
0.089754
0.072068
0.075288
0.102830
0.112593
0.092055
0.070260
0.059838
0.047843
0.048485
0.069783
0.079957
0.059918
0.037136
0.027046
0.030096
0.046539
0.062891
0.071936
0.083033
0.089384
0.072375
0.075576
0.102876
0.112576
0.090129
0.068370
0.058321
0.046311
0.047398
0.066889
0.074955
0.052871
0.028034
0.016397
0.018607
0.034471
0.050694
0.059626
0.071034
0.075907
0.058932
0.061538
0.090481
0.099187
0.079690
0.056697
0.045522
0.034611
0.037478
0.059684
0.069826
0.049364
0.026238
0.016267
0.019480
0.036548
0.053898
0.064597
0.077792
0.081921
0.065645
0.069154
0.093023
0.100726
0.079190
0.057287
0.047904
0.038505
0.042178
0.063630
0.070805
0.046483
0.018523
0.004903
0.005944
0.020343
0.034963
0.042693
0.053432
0.059957
0.043626
0.047152
0.077167
0.087931
0.069369
0.046709
0.035266
0.024297
0.027604
0.052810
0.063960
0.044499
0.022337
0.013033
0.015908
0.033902
0.051795
0.063016
0.077177
0.082832
0.065331
0.063003
0.086241
0.093499
0.070542
0.048843
0.040324
0.031006
0.035297
0.056089
0.061852
0.036328
0.008048
-0.004974
-0.002627
0.013019
0.028978
0.037924
0.049474
0.057335
0.041367
0.046389
0.077768
0.088635
0.069015
0.045074
0.032757
0.021388
0.025928
0.049982
0.058371
0.035713
0.010970
0.000194
0.002399
0.020266
0.038733
0.051223
0.065715
0.069180
0.051279
0.051467
0.074181
0.080041
0.057861
0.035533
0.026525
0.019148
0.026205
0.049969
0.055688
0.028871
-0.001409
-0.016138
-0.015459
-0.000608
0.014209
0.023060
0.036142
0.046986
0.032072
0.037408
0.065703
0.077560
0.058159
0.036683
0.027030
0.018699
0.025659
0.052036
0.060358
0.037032
0.010877
-0.001432
-0.000931
0.016294
0.034013
0.045848
0.060235
0.065475
0.048138
0.040045
0.058782
0.066335
0.048408
0.026829
0.019123
0.014289
0.019598
0.044113
0.054382
0.033158
0.001015
-0.018017
-0.021282
-0.009389
0.006227
0.016099
0.030068
0.045209
0.039111
0.025608
0.048905
0.064570
0.048019
0.024534
0.012277
-0.000129
0.001556
0.025308
0.036577
0.019335
-0.005350
-0.016613
-0.013287
0.005082
0.026796
0.041819
0.058842
0.071757
0.055642
0.041449
0.061750
0.074960
0.054383
0.031708
0.024650
0.019638
0.028874
0.051268
0.058052
0.034659
0.004471
-0.011928
-0.013250
0.003252
0.024307
0.039830
0.057102
0.064723
0.049240
0.034907
0.054038
0.062324
0.041142
0.019636
0.013551
0.012515
0.024067
0.048776
0.054446
0.027320
-0.008992
-0.029942
-0.034083
-0.021231
-0.003553
0.008845
0.025190
0.039587
0.027860
0.017280
0.038832
0.050872
0.033316
0.012168
0.005003
0.004085
0.017574
0.044793
0.053771
0.030928
-0.000215
-0.016227
-0.017082
-0.000943
0.019274
0.034014
0.051541
0.058642
0.043467
0.028842
0.046115
0.056216
0.038514
0.019010
0.016624
0.020314
0.034639
0.062643
0.070109
0.044668
0.008826
-0.013581
-0.020900
-0.009537
0.007724
0.021009
0.039125
0.054569
0.044887
0.030991
0.050982
0.063557
0.047602
0.028846
0.027972
0.034926
0.052788
0.080542
0.087876
0.061982
0.026445
0.003506
-0.005778
0.006530
0.023992
0.037883
0.053753
0.060203
0.043269
0.025174
0.039408
0.046453
0.025261
0.004451
0.001821
0.005092
0.019507
0.045116
0.050182
0.021499
-0.017093
-0.039551
-0.043745
-0.031330
-0.014690
-0.003949
0.010233
0.023728
0.009098
-0.002700
0.024071
0.039197
0.019628
-0.004669
-0.015428
-0.019721
-0.007415
0.022734
0.031101
0.006192
-0.026169
-0.042946
-0.044428
-0.027261
-0.004827
0.013300
0.036066
0.051291
0.041202
0.031613
0.053283
0.065594
0.050061
0.034137
0.040117
0.055072
0.080860
0.117242
0.127752
0.099083
0.059703
0.032510
0.019295
0.029853
0.046385
0.059331
0.069658
0.069635
0.048185
0.026473
0.033561
0.037986
0.019789
-0.001433
-0.001003
0.006253
0.020086
0.046505
0.052701
0.023091
-0.019653
-0.044704
-0.050504
-0.040025
-0.029170
-0.022333
-0.012542
0.001283
-0.003488
-0.013272
0.018050
0.039343
0.022031
-0.004133
-0.019140
-0.028498
-0.022012
0.008860
0.021171
-0.000451
-0.029945
-0.044498
-0.044664
-0.025295
-0.000820
0.020082
0.044584
0.061327
0.042699
0.016524
0.031144
0.046215
0.027152
0.004868
0.006360
0.018096
0.039044
0.071776
0.084261
0.062222
0.025085
-0.000449
-0.011672
-0.000856
0.018529
0.036970
0.057074
0.074911
0.063973
0.039614
0.047320
0.063165
0.048910
0.026155
0.031013
0.045239
0.062469
0.093149
0.107142
0.086803
0.048025
0.018188
0.003082
0.008848
0.023957
0.037176
0.052310
0.068039
0.059996
0.034289
0.043892
0.062105
0.048729
0.022800
0.022014
0.027307
0.034327
0.059323
0.072503
0.053530
0.017798
-0.009144
-0.020106
-0.010501
0.007297
0.022313
0.038333
0.053309
0.051482
0.036375
0.038176
0.063677
0.054192
0.023912
0.018701
0.023909
0.032049
0.057172
0.073459
0.059211
0.027924
0.003880
-0.004091
0.007805
0.029128
0.049470
0.068751
0.087498
0.092967
0.079287
0.072828
0.084334
0.097722
0.067846
0.048604
0.053943
0.063139
0.083505
0.108669
0.105291
0.073301
0.041407
0.017159
0.013232
0.023669
0.040725
0.055888
0.072642
0.082729
0.068944
0.049407
0.070222
0.074232
0.044055
0.028319
0.036092
0.046634
0.062025
0.086448
0.089918
0.059472
0.017983
-0.012423
-0.026528
-0.019386
-0.004498
0.006846
0.022066
0.037585
0.027391
0.018285
0.044497
0.059351
0.038077
0.014404
0.009464
0.009016
0.021690
0.047775
0.054314
0.027551
-0.008347
-0.030924
-0.037703
-0.023986
-0.004373
0.010983
0.030509
0.044586
0.030153
0.018348
0.039877
0.051230
0.031052
0.009137
0.005621
0.009225
0.025280
0.052383
0.058775
0.031368
