1.960895
58.646580
106.962692
105.225410
106.765533
101.909508
103.689018
109.809326
98.729225
78.239014
33.263885
12.032569
11.097469
12.432954
12.837472
11.381524
12.599467
13.136015
11.609871
12.646913
0.000000
0.000000
0.000000
0.000000
0.000000
0.000000
0.000000
0.000000
0.000000
0.000000
0.000000
133.088943
1.112109
395.058868
339.134064
196.071228
202.861053
85.209351
12.567993
12.112514
0.000000
0.000000
0.000000
0.000000
0.000000
0.000000
0.000000
0.000000
0.000000
0.000000
425.941864
311.294403
0.537226
21.027924
11.595285
11.473962
11.707400
11.734358
12.909441
58.521690
82.481606
0.000000
0.000000
0.000000
0.000000
0.000000
0.000000
0.000000
0.000000
0.000000
0.000000
0.000000
0.000000
145.907944
251.814682
184.466949
166.450226
8.915722
9.000236
7.903691
0.000000
0.000000
0.000000
0.000000
0.000000
0.000000
0.000000
0.000000
0.000000
0.000000
0.000000
0.000000
0.000000
321.663361
309.526947
180.271988
169.036667
8.433564
8.490529
7.765541
0.000000
0.000000
0.000000
0.000000
0.000000
0.000000
0.000000
0.000000
0.000000
0.000000
4.622148
0.000000
0.000000
304.239655
257.276215
158.309845
119.765427
7.778428
7.656353
7.315431
0.000000
0.000000
0.000000
0.000000
0.000000
0.000000
0.000000
0.000000
0.000000
0.000000
3.542065
266.093536
0.000000
273.898224
160.615784
179.065140
66.901329
8.318496
7.973838
7.346561
0.000000
0.000000
0.000000
0.000000
0.000000
0.000000
0.000000
0.000000
0.000000
0.000000
0.000000
133.124802
0.000000
308.792572
178.483261
169.769531
157.265533
38.712845
7.213013
7.310613
0.000000
0.000000
0.000000
0.000000
0.000000
0.000000
0.000000
0.000000
0.000000
0.000000
0.000000
0.000000
0.000000
170.608673
158.266327
167.776245
157.478012
6.297902
7.023698
6.107208
0.000000
0.000000
0.000000
0.000000
0.000000
0.000000
0.000000
0.000000
0.000000
0.000000
6.041937
0.000000
0.000000
167.379395
191.797165
170.775208
157.295914
7.152693
6.307509
7.342263
3.999717
0.000000
0.000000
0.000000
0.000000
0.000000
0.000000
0.000000
0.000000
0.000000
3.951097
0.000000
0.000000
385.285248
232.790878
201.856201
201.050415
7.086052
6.424430
6.067901
365.209778
0.000000
0.000000
0.000000
0.000000
0.000000
0.000000
0.000000
0.000000
0.000000
4.710080
61.076191
0.000000
330.498749
222.534302
178.083679
143.091354
6.375600
6.212904
6.066581
0.000000
0.000000
0.000000
0.000000
0.000000
0.000000
0.000000
0.000000
0.000000
0.000000
0.000000
0.000000
0.000000
346.889526
171.044983
170.202576
172.372116
38.264214
6.163754
6.204839
239.644440
0.000000
0.000000
0.000000
0.000000
0.000000
0.000000
0.000000
0.000000
0.000000
0.000000
284.872589
0.000000
399.329498
301.523956
202.802017
182.582092
5.906847
5.274043
4.947157
0.000000
0.000000
0.000000
0.000000
0.000000
0.000000
0.000000
0.000000
0.000000
0.000000
2.685885
0.000000
0.000000
347.754669
227.610764
204.250397
186.707001
6.080035
6.308661
5.657923
0.000000
0.000000
0.000000
0.000000
0.000000
0.000000
0.000000
0.000000
0.000000
0.000000
3.251220
0.000000
0.000000
388.518402
271.962463
218.353683
185.682602
6.162008
5.855630
5.072443
0.000000
0.000000
0.000000
0.000000
0.000000
0.000000
0.000000
0.000000
0.000000
0.000000
3.713365
0.000000
0.000000
353.629791
240.027191
213.818542
195.464676
6.813379
6.248919
5.225400
0.000000
0.000000
0.000000
0.000000
0.000000
0.000000
0.000000
0.000000
0.000000
0.000000
0.000000
201.979034
0.000000
379.203186
293.707550
206.676758
184.523499
119.699875
4.262454
4.400542
0.000000
0.000000
0.000000
0.000000
0.000000
0.000000
0.000000
0.000000
0.000000
0.000000
4.872911
623.564514
0.000000
376.525116
273.177246
215.977188
172.090454
12.579190
8.536704
6.222710
0.000000
0.000000
0.000000
0.000000
0.000000
0.000000
0.000000
0.000000
0.000000
0.000000
1.658943
190.476624
0.000000
358.546722
264.350739
199.282761
157.248688
5.740444
5.740260
4.142668
0.000000
0.000000
0.000000
0.000000
0.000000
0.000000
0.000000
0.000000
0.000000
0.000000
0.000000
0.000000
0.000000
408.491852
301.212341
228.231201
176.496460
6.301953
5.735802
4.021565
0.000000
0.000000
0.000000
0.000000
0.000000
0.000000
0.000000
0.000000
0.000000
0.000000
3.380792
573.563477
0.000000
345.929718
231.440323
217.398117
176.383606
7.521984
5.336691
4.265025
0.000000
0.000000
0.000000
0.000000
0.000000
0.000000
0.000000
0.000000
0.000000
0.000000
0.000000
0.000000
0.000000
413.735107
295.033752
200.864136
180.993134
124.310921
5.246626
3.491817
0.000000
0.000000
0.000000
0.000000
0.000000
0.000000
0.000000
0.000000
0.000000
0.000000
6.120579
0.000000
0.000000
359.381226
251.322754
204.255692
160.154465
10.335320
13.233658
4.382727
0.000000
0.000000
0.000000
0.000000
0.000000
0.000000
0.000000
0.000000
0.000000
0.000000
2.750574
300.401306
0.000000
377.737732
273.509705
210.925140
161.489655
6.650370
4.010700
3.390027
0.000000
0.000000
0.000000
0.000000
0.000000
0.000000
0.000000
0.000000
0.000000
0.000000
0.000000
195.734207
0.000000
354.069611
139.369644
206.752075
159.723175
98.150604
0.000000
0.000000
0.000000
0.000000
0.000000
0.000000
0.000000
0.000000
0.000000
0.000000
0.000000
0.000000
0.000000
101.956100
0.000000
308.520172
248.876541
196.885803
47.995598
7.242925
4.689709
3.868243
0.000000
0.000000
0.000000
0.000000
0.000000
0.000000
0.000000
0.000000
0.000000
0.000000
0.000000
0.000000
0.000000
267.021088
124.299706
145.556458
159.844788
108.860023
3.287805
3.418369
0.000000
0.000000
0.000000
0.000000
0.000000
0.000000
0.000000
0.000000
0.000000
0.000000
4.580736
422.374542
0.000000
400.017242
141.375656
213.600754
163.896179
5.157259
4.102621
3.791255
0.000000
0.000000
0.000000
0.000000
0.000000
0.000000
0.000000
0.000000
0.000000
0.000000
0.000000
0.000000
0.000000
340.187531
145.320251
114.879944
143.021973
97.057571
1.794683
0.000000
0.000000
0.000000
0.000000
0.000000
0.000000
0.000000
0.000000
0.000000
0.000000
0.000000
58.576653
308.984894
0.000000
334.679810
132.520630
204.808838
155.690109
6.392078
4.038080
3.464394
0.000000
0.000000
0.000000
0.000000
0.000000
0.000000
0.000000
0.000000
0.000000
0.000000
0.000000
0.000000
0.000000
379.696136
215.495865
171.518829
137.692169
89.471237
4.657602
1.721563
0.000000
0.000000
0.000000
0.000000
0.000000
0.000000
0.000000
0.000000
0.000000
0.000000
0.000000
196.266586
0.000000
323.300385
258.884735
192.690094
147.288620
5.343296
4.310473
6.279231
0.000000
0.000000
0.000000
0.000000
0.000000
0.000000
0.000000
0.000000
0.000000
0.000000
0.000000
0.000000
0.000000
379.866882
269.746002
200.520142
134.750565
89.839592
3.038357
0.000000
0.000000
0.000000
0.000000
0.000000
0.000000
0.000000
0.000000
0.000000
0.000000
0.000000
0.000000
334.920380
0.000000
326.529785
256.156799
195.353577
149.325378
11.545577
9.976904
8.035903
0.000000
0.000000
0.000000
0.000000
0.000000
0.000000
0.000000
0.000000
0.000000
0.000000
0.000000
0.000000
0.000000
350.146332
252.958221
188.514603
132.478836
125.114670
1.710032
2.333358
0.000000
0.000000
0.000000
0.000000
0.000000
0.000000
0.000000
0.000000
0.000000
0.000000
0.000000
0.000000
0.000000
344.687012
235.170624
207.969360
156.836853
8.592366
5.208236
2.657534
0.000000
0.000000
0.000000
0.000000
0.000000
0.000000
0.000000
0.000000
0.000000
0.000000
0.000000
0.000000
0.000000
192.058060
200.806610
154.459259
154.603149
105.791725
3.656125
1.544949
0.000000
0.000000
0.000000
0.000000
0.000000
0.000000
0.000000
0.000000
0.000000
0.000000
0.000000
0.000000
0.000000
368.542908
137.541855
215.558258
158.134201
3.980624
4.562198
4.717254
0.000000
0.000000
0.000000
0.000000
0.000000
0.000000
0.000000
0.000000
0.000000
0.000000
0.000000
0.000000
0.000000
202.593750
274.799469
199.540512
134.836166
88.652573
2.811965
0.000000
0.000000
0.000000
0.000000
0.000000
0.000000
0.000000
0.000000
0.000000
0.000000
0.000000
0.000000
0.000000
0.000000
312.205048
53.848747
170.180405
141.165344
95.160965
2.793191
0.000000
0.000000
0.000000
0.000000
0.000000
0.000000
0.000000
0.000000
0.000000
0.000000
0.000000
0.000000
0.000000
0.000000
355.810089
145.455612
140.767838
164.872604
112.129829
1.385720
0.000000
0.000000
0.000000
0.000000
0.000000
0.000000
0.000000
0.000000
0.000000
0.000000
0.000000
0.000000
0.000000
0.000000
367.713715
166.057220
191.972656
165.227554
101.553848
0.000000
0.000000
0.000000
0.000000
0.000000
0.000000
0.000000
0.000000
0.000000
0.000000
0.000000
0.000000
0.000000
0.000000
0.000000
402.366821
208.609833
141.168671
146.428558
97.473137
0.000000
0.000000
0.000000
0.000000
0.000000
0.000000
0.000000
0.000000
0.000000
0.000000
0.000000
0.000000
0.000000
0.000000
0.000000
318.171692
189.614670
220.677200
161.613068
5.372909
3.363443
1.761836
0.000000
0.000000
0.000000
0.000000
0.000000
0.000000
0.000000
0.000000
0.000000
0.000000
0.000000
0.000000
0.000000
299.042725
118.355721
119.909294
150.870789
141.950363
56.425850
1.458597
0.000000
0.000000
0.000000
0.000000
0.000000
0.000000
0.000000
0.000000
0.000000
0.000000
0.000000
269.342102
0.000000
371.666443
265.973236
195.961929
133.497696
3.419487
1.372739
2.170763
0.000000
0.000000
0.000000
0.000000
0.000000
0.000000
0.000000
0.000000
0.000000
0.000000
0.000000
0.000000
0.000000
172.618744
63.396847
103.949181
114.577484
67.606445
42.068249
1.106190
0.000000
0.000000
0.000000
0.000000
0.000000
0.000000
0.000000
0.000000
0.000000
0.000000
0.000000
0.000000
0.000000
445.597504
289.629639
220.588974
157.948166
0.000000
1.833523
3.522690
0.000000
0.000000
0.000000
0.000000
0.000000
0.000000
0.000000
0.000000
0.000000
0.000000
0.000000
0.000000
0.000000
324.794312
250.950500
189.980759
120.327217
118.650970
0.000000
0.000000
0.000000
0.000000
0.000000
0.000000
0.000000
0.000000
0.000000
0.000000
0.000000
0.000000
0.000000
0.000000
0.000000
489.256744
36.714603
55.509098
206.253250
146.868790
91.715889
0.000000
0.000000
0.000000
0.000000
0.000000
0.000000
0.000000
0.000000
0.000000
0.000000
0.000000
0.000000
0.000000
0.000000
422.191742
275.672333
162.245270
133.028503
83.941620
1.109424
0.000000
0.000000
0.000000
0.000000
0.000000
0.000000
0.000000
0.000000
0.000000
0.000000
0.000000
0.000000
0.000000
0.000000
166.172394
5.680393
65.280586
167.407425
96.879631
55.027138
0.000000
0.000000
0.000000
0.000000
0.000000
0.000000
0.000000
0.000000
0.000000
0.000000
0.000000
0.000000
150.197952
0.000000
440.873322
287.361664
198.924759
135.575485
2.034056
3.052381
0.000000
0.000000
0.000000
0.000000
0.000000
0.000000
0.000000
0.000000
0.000000
0.000000
0.000000
0.000000
0.000000
0.000000
184.806381
32.901581
86.094788
135.109573
88.185890
52.323490
0.000000
0.000000
0.000000
0.000000
0.000000
0.000000
0.000000
0.000000
0.000000
0.000000
0.000000
0.000000
0.000000
0.000000
499.968567
104.811760
8.749007
195.423431
129.521225
80.599373
0.000000
0.000000
0.000000
0.000000
0.000000
0.000000
0.000000
0.000000
0.000000
0.000000
0.000000
0.000000
0.000000
0.000000
371.261047
41.285099
43.464500
187.356262
124.766212
0.000000
0.000000
0.000000
0.000000
0.000000
0.000000
0.000000
0.000000
0.000000
0.000000
0.000000
0.000000
0.000000
0.000000
0.000000
367.990479
199.740646
116.025520
150.415726
134.390503
11.815287
0.000000
0.000000
0.000000
0.000000
0.000000
0.000000
0.000000
0.000000
0.000000
0.000000
0.000000
0.000000
0.000000
0.000000
402.956573
134.900208
55.999474
168.319092
105.824699
0.000000
0.000000
0.000000
0.000000
0.000000
0.000000
0.000000
0.000000
0.000000
0.000000
0.000000
0.000000
0.000000
0.000000
0.000000
424.541595
259.058594
190.604691
109.939919
56.008965
0.000000
1.437207
0.000000
0.000000
0.000000
0.000000
0.000000
0.000000
0.000000
0.000000
0.000000
0.000000
0.000000
0.000000
0.000000
442.398926
188.568863
112.884384
167.509689
100.044228
0.000000
0.000000
0.000000
0.000000
0.000000
0.000000
0.000000
0.000000
0.000000
0.000000
0.000000
0.000000
0.000000
0.000000
0.000000
430.237457
244.353928
90.329857
133.789032
75.763985
0.000000
0.000000
0.000000
0.000000
0.000000
0.000000
0.000000
0.000000
0.000000
0.000000
0.000000
0.000000
0.000000
0.000000
0.000000
429.057709
164.729965
108.644875
160.147491
83.312675
0.000000
0.000000
0.000000
0.000000
0.000000
0.000000
0.000000
0.000000
0.000000
0.000000
0.000000
0.000000
0.000000
0.000000
0.000000
550.974365
168.160080
25.821354
140.855453
78.419975
45.608074
0.000000
0.000000
0.000000
0.000000
0.000000
0.000000
0.000000
0.000000
0.000000
0.000000
0.000000
0.000000
0.000000
0.000000
0.000000
156.002563
41.327358
127.370293
73.380157
0.000000
0.000000
0.000000
0.000000
0.000000
0.000000
0.000000
0.000000
0.000000
0.000000
0.000000
0.000000
0.000000
0.000000
261.589752
292.752258
105.397583
61.794014
125.885796
63.725014
0.000000
0.000000
0.000000
0.000000
0.000000
0.000000
0.000000
0.000000
0.000000
0.000000
0.000000
0.000000
0.000000
0.000000
596.695129
180.829422
63.720440
71.588249
121.248779
66.681488
20.625147
0.000000
0.000000
0.000000
0.000000
0.000000
0.000000
0.000000
0.000000
0.000000
0.000000
0.000000
0.000000
0.000000
0.000000
0.000000
197.598053
36.273190
131.757263
92.040253
45.524998
0.000000
0.000000
0.000000
0.000000
0.000000
0.000000
0.000000
0.000000
0.000000
0.000000
0.000000
0.000000
0.000000
0.000000
453.223267
283.577972
61.379322
129.780472
80.525711
0.000000
0.000000
0.000000
0.000000
0.000000
0.000000
0.000000
0.000000
0.000000
0.000000
0.000000
0.000000
0.000000
0.000000
0.000000
0.000000
219.082092
84.528030
133.268524
44.385273
0.000000
0.000000
0.000000
0.000000
0.000000
0.000000
0.000000
0.000000
0.000000
0.000000
0.000000
0.000000
0.000000
0.000000
0.000000
535.352722
208.408981
83.522163
105.355904
45.982162
0.000000
0.000000
0.000000
0.000000
0.000000
0.000000
0.000000
0.000000
0.000000
0.000000
0.000000
0.000000
0.000000
0.000000
0.000000
395.524445
95.315819
19.955244
187.560577
118.173042
19.096762
0.100323
0.000000
0.000000
0.000000
0.000000
0.000000
0.000000
0.000000
0.000000
0.000000
0.000000
0.000000
0.000000
0.000000
0.000000
125.155380
67.846672
134.986343
86.549362
35.604290
0.000000
0.000000
0.000000
0.000000
0.000000
0.000000
0.000000
0.000000
0.000000
0.000000
0.000000
0.000000
0.000000
0.000000
645.094666
146.688171
68.161705
132.677414
68.246643
0.000000
0.000000
0.000000
0.000000
0.000000
0.000000
0.000000
0.000000
0.000000
0.000000
0.000000
0.000000
0.000000
0.000000
0.000000
142.040451
220.299942
80.248192
86.639984
17.817375
0.000000
0.000000
0.000000
0.000000
0.000000
0.000000
0.000000
0.000000
0.000000
0.000000
0.000000
0.000000
0.000000
0.000000
0.000000
590.927917
270.563141
61.879341
134.439575
61.780754
0.000000
0.000000
0.000000
0.000000
0.000000
0.000000
0.000000
0.000000
0.000000
0.000000
0.000000
0.000000
0.000000
0.000000
359.204651
15.860291
229.625473
3.126115
130.577698
111.545456
0.000000
0.000000
0.000000
0.000000
0.000000
0.000000
0.000000
0.000000
0.000000
0.000000
0.000000
0.000000
0.000000
0.000000
764.167175
170.220703
281.731812
32.789009
131.347046
50.768707
18.331011
0.000000
0.000000
0.000000
0.000000
0.000000
0.000000
0.000000
0.000000
0.000000
0.000000
0.000000
0.000000
0.000000
0.000000
574.410034
274.486450
68.824127
115.690987
51.282501
0.000000
0.000000
0.000000
0.000000
0.000000
0.000000
0.000000
0.000000
0.000000
0.000000
0.000000
0.000000
0.000000
0.000000
0.000000
0.000000
78.053543
6.174889
176.223602
90.044167
44.060673
0.000000
0.000000
0.000000
0.000000
0.000000
0.000000
0.000000
0.000000
0.000000
0.000000
0.000000
0.000000
0.000000
0.000000
472.380737
277.736572
71.816559
133.045227
54.834309
0.000000
0.000000
0.000000
0.000000
0.000000
0.000000
0.000000
0.000000
0.000000
0.000000
0.000000
0.000000
0.000000
0.000000
0.000000
430.716370
284.694183
19.436213
99.626122
37.170547
0.000000
0.000000
0.000000
0.000000
0.000000
0.000000
0.000000
0.000000
0.000000
0.000000
0.000000
0.000000
0.000000
0.000000
288.278625
212.750534
313.840973
107.948524
120.149734
37.339897
0.000000
0.000000
0.000000
0.000000
0.000000
0.000000
0.000000
0.000000
0.000000
0.000000
0.000000
0.000000
0.000000
0.000000
158.842606
371.958771
263.793365
54.457371
93.152557
23.650501
0.000000
0.000000
0.000000
0.000000
0.000000
0.000000
0.000000
0.000000
0.000000
0.000000
0.000000
0.000000
0.000000
0.000000
0.000000
333.383698
389.319916
44.241940
145.869583
62.570648
13.764980
0.000000
0.000000
0.000000
0.000000
0.000000
0.000000
0.000000
0.000000
0.000000
0.000000
0.000000
0.000000
0.000000
79.748665
482.427429
271.686462
7.003489
155.688522
66.608238
0.000000
0.000000
0.000000
0.000000
0.000000
0.000000
0.000000
0.000000
0.000000
0.000000
0.000000
0.000000
0.000000
0.000000
0.000000
724.682983
284.973053
93.668877
103.006104
37.986919
0.000000
0.000000
0.000000
0.000000
0.000000
0.000000
0.000000
0.000000
0.000000
0.000000
0.000000
0.000000
0.000000
0.000000
182.329941
425.124329
122.011040
61.204273
126.162086
53.417374
0.000000
0.000000
0.000000
0.000000
0.000000
0.000000
0.000000
0.000000
0.000000
0.000000
0.000000
0.000000
0.000000
0.000000
0.000000
516.637024
278.951263
193.657837
92.245987
26.946550
48.918968
0.000000
0.000000
0.000000
0.000000
0.000000
0.000000
0.000000
0.000000
0.000000
0.000000
0.000000
0.000000
0.000000
0.000000
490.236694
252.752197
148.126221
64.929527
0.000000
0.000000
0.000000
0.000000
0.000000
0.000000
0.000000
0.000000
0.000000
0.000000
0.000000
0.000000
0.000000
0.000000
0.000000
0.000000
0.000000
290.927277
154.126434
102.445618
0.000000
0.000000
0.000000
0.000000
0.000000
0.000000
0.000000
0.000000
0.000000
0.000000
0.000000
0.000000
0.000000
0.000000
0.000000
0.000000
820.449951
329.010956
129.238800
108.628235
35.624363
0.000000
0.000000
0.000000
0.000000
0.000000
0.000000
0.000000
0.000000
0.000000
0.000000
0.000000
0.000000
0.000000
0.000000
59.620346
561.592102
324.325165
114.648880
134.077927
43.953377
0.000000
0.000000
0.000000
0.000000
0.000000
0.000000
0.000000
0.000000
0.000000
0.000000
0.000000
0.000000
0.000000
0.000000
0.000000
496.696899
385.291382
130.493088
154.729813
67.708321
0.000000
0.000000
0.000000
0.000000
0.000000
0.000000
0.000000
0.000000
0.000000
0.000000
0.000000
0.000000
0.000000
0.000000
0.000000
613.808716
221.497147
56.461742
103.898170
38.397041
0.000000
0.000000
0.000000
0.000000
0.000000
0.000000
0.000000
0.000000
0.000000
0.000000
0.000000
0.000000
0.000000
0.000000
0.000000
808.870239
167.159088
158.860367
119.039597
56.893764
0.000000
0.000000
0.000000
0.000000
0.000000
0.000000
0.000000
0.000000
0.000000
0.000000
0.000000
0.000000
0.000000
0.000000
0.000000
458.815460
291.978455
171.927994
86.045540
82.018486
0.000000
0.000000
0.000000
0.000000
0.000000
0.000000
0.000000
0.000000
0.000000
0.000000
0.000000
0.000000
0.000000
0.000000
0.000000
414.636871
283.002686
179.974335
75.466599
0.000000
0.000000
0.000000
0.000000
0.000000
0.000000
0.000000
0.000000
0.000000
0.000000
0.000000
0.000000
0.000000
0.000000
0.000000
0.000000
420.626526
275.483398
177.847397
69.383766
0.000000
0.000000
0.000000
0.000000
0.000000
0.000000
0.000000
0.000000
0.000000
0.000000
0.000000
0.000000
0.000000
0.000000
0.000000
705.969360
371.061737
179.196533
152.805954
81.999847
19.520994
0.000000
1.527163
5.406246
0.000000
106.442413
106.613312
104.458977
101.821442
102.182419
100.092476
88.093590
94.070160
95.419456
84.207588
96.129318
96.090187
96.861176
97.820206
98.364883
99.858223
73.060555
49.191467
26.514414
0.000000
0.000000
0.000000
0.000000
0.000000
0.000000
0.000000
0.000000
0.000000
0.000000
0.000000
0.000000
0.000000
0.000000
0.000000
0.000000
0.000000
0.000000
0.000000
0.000000
8.069908
135.876465
104.117149
103.194069
107.349785
105.048470
93.042572
98.565117
193.687286
173.592896
12.165046
12.204286
12.584357
12.691199
12.903593
11.458521
12.721306
12.871620
7.124617
14.080812
22.195316
13.540897
13.634917
13.705411
13.815844
21.743849
12.061544
63.128170
28.110136
55.640991
88.872307
145.773117
167.951584
111.988022
0.000000
0.000000
0.000000
0.000000
0.000000
37.248302
0.000000
0.000000
0.000000
0.000000
0.000000
11.020176
51.441307
0.000000
105.478806
100.275574
96.906219
85.675629
76.125664
74.902878
73.517784
63.218464
63.987972
63.976887
54.363655
60.227798
58.254406
57.579250
56.177235
55.814873
53.959114
53.645306
56.102070
52.740528
42.021202
0.000000
0.000000
0.000000
0.000000
0.000000
0.000000
0.000000
0.000000
0.000000
0.000000
0.000000
0.000000
0.000000
0.000000
0.000000
0.000000
0.000000
0.000000
0.000000
0.000000
0.000000
54.802425
97.327873
102.093483
96.593964
91.887268
91.815300
86.790695
72.833633
74.836205
128.434494
88.262421
10.390388
10.217581
10.247791
10.370569
5.248611
20.474590
16.808409
0.000000
0.000000
0.000000
0.000000
0.000000
0.000000
0.000000
0.000000
0.000000
0.000000
0.000000
0.000000
0.000000
0.000000
0.000000
0.000000
0.000000
0.000000
0.000000
0.000000
0.000000
0.000000
0.000000
0.000000
0.000000
0.000000
0.000000
0.000000
0.000000
0.000000
0.000000
0.000000
0.000000
238.967041
87.345085
28.239248
54.238560
51.222637
56.305428
77.198166
758.515076
0.000000
0.000000
0.000000
0.000000
0.000000
0.000000
0.000000
0.000000
0.000000
0.000000
0.000000
0.000000
0.000000
0.000000
0.000000
0.000000
0.000000
0.000000
0.000000
0.000000
0.000000
0.000000
0.000000
0.000000
0.000000
0.000000
0.000000
0.000000
0.000000
0.000000
0.000000
0.000000
2.033730
132.800491
104.013557
95.105659
98.895317
94.185333
