0.500000
0.500000
0.500000
0.500000
0.500000
0.500000
0.500000
0.500000
0.500000
0.500000
0.500000
0.500000
0.500000
0.500000
0.500000
0.500000
0.500000
0.500000
0.500000
0.500000
0.500000
0.500000
0.500000
0.500000
0.500000
0.500000
0.500000
0.500000
0.500000
0.500000
0.500000
0.500000
0.500000
0.500000
0.500000
0.500000
0.500000
0.500000
0.500000
0.500000
0.500000
0.500000
0.500000
0.500000
0.500000
0.500000
0.500000
0.500000
0.500000
0.500000
0.511022
0.511022
0.511022
0.511022
0.511022
0.511022
0.511022
0.511022
0.511022
0.511022
0.511022
0.511022
0.511022
0.511022
0.511022
0.511022
0.511022
0.511022
0.511022
0.511022
0.511022
0.511022
0.511022
0.511022
0.511022
0.511022
0.511022
0.511022
0.511022
0.511022
0.511022
0.511022
0.511022
0.511022
0.511022
0.511022
0.511022
0.511022
0.511022
0.511022
0.511022
0.511022
0.511022
0.511022
0.511022
0.511022
0.511022
0.511022
0.511022
0.511022
0.522044
0.522044
0.522044
0.522044
0.522044
0.522044
0.522044
0.522044
0.522044
0.522044
0.522044
0.522044
0.522044
0.522044
0.522044
0.522044
0.522044
0.522044
0.522044
0.522044
0.522044
0.522044
0.522044
0.522044
0.522044
0.522044
0.522044
0.522044
0.522044
0.522044
0.522044
0.522044
0.522044
0.522044
0.522044
0.522044
0.522044
0.522044
0.522044
0.522044
0.522044
0.522044
0.522044
0.522044
0.522044
0.522044
0.522044
0.522044
0.522044
0.522044
0.533066
0.533066
0.533066
0.533066
0.533066
0.533066
0.533066
0.533066
0.533066
0.533066
0.533066
0.533066
0.533066
0.533066
0.533066
0.533066
0.533066
0.533066
0.533066
0.533066
0.533066
0.533066
0.533066
0.533066
0.533066
0.533066
0.533066
0.533066
0.533066
0.533066
0.533066
0.533066
0.533066
0.533066
0.533066
0.533066
0.533066
0.533066
0.533066
0.533066
0.533066
0.533066
0.533066
0.533066
0.533066
0.533066
0.533066
0.533066
0.533066
0.533066
0.544088
0.544088
0.544088
0.544088
0.544088
0.544088
0.544088
0.544088
0.544088
0.544088
0.544088
0.544088
0.544088
0.544088
0.544088
0.544088
0.544088
0.544088
0.544088
0.544088
0.544088
0.544088
0.544088
0.544088
0.544088
0.544088
0.544088
0.544088
0.544088
0.544088
0.544088
0.544088
0.544088
0.544088
0.544088
0.544088
0.544088
0.544088
0.544088
0.544088
0.544088
0.544088
0.544088
0.544088
0.544088
0.544088
0.544088
0.544088
0.544088
0.544088
0.555110
0.555110
0.555110
0.555110
0.555110
0.555110
0.555110
0.555110
0.555110
0.555110
0.555110
0.555110
0.555110
0.555110
0.555110
0.555110
0.555110
0.555110
0.555110
0.555110
0.555110
0.555110
0.555110
0.555110
0.555110
0.555110
0.555110
0.555110
0.555110
0.555110
0.555110
0.555110
0.555110
0.555110
0.555110
0.555110
0.555110
0.555110
0.555110
0.555110
0.555110
0.555110
0.555110
0.555110
0.555110
0.555110
0.555110
0.555110
0.555110
0.555110
0.566132
0.566132
0.566132
0.566132
0.566132
0.566132
0.566132
0.566132
0.566132
0.566132
0.566132
0.566132
0.566132
0.566132
0.566132
0.566132
0.566132
0.566132
0.566132
0.566132
0.566132
0.566132
0.566132
0.566132
0.566132
0.566132
0.566132
0.566132
0.566132
0.566132
0.566132
0.566132
0.566132
0.566132
0.566132
0.566132
0.566132
0.566132
0.566132
0.566132
0.566132
0.566132
0.566132
0.566132
0.566132
0.566132
0.566132
0.566132
0.566132
0.566132
0.577154
0.577154
0.577154
0.577154
0.577154
0.577154
0.577154
0.577154
0.577154
0.577154
0.577154
0.577154
0.577154
0.577154
0.577154
0.577154
0.577154
0.577154
0.577154
0.577154
0.577154
0.577154
0.577154
0.577154
0.577154
0.577154
0.577154
0.577154
0.577154
0.577154
0.577154
0.577154
0.577154
0.577154
0.577154
0.577154
0.577154
0.577154
0.577154
0.577154
0.577154
0.577154
0.577154
0.577154
0.577154
0.577154
0.577154
0.577154
0.577154
0.577154
0.588176
0.588176
0.588176
0.588176
0.588176
0.588176
0.588176
0.588176
0.588176
0.588176
0.588176
0.588176
0.588176
0.588176
0.588176
0.588176
0.588176
0.588176
0.588176
0.588176
0.588176
0.588176
0.588176
0.588176
0.588176
0.588176
0.588176
0.588176
0.588176
0.588176
0.588176
0.588176
0.588176
0.588176
0.588176
0.588176
0.588176
0.588176
0.588176
0.588176
0.588176
0.588176
0.588176
0.588176
0.588176
0.588176
0.588176
0.588176
0.588176
0.588176
0.599198
0.599198
0.599198
0.599198
0.599198
0.599198
0.599198
0.599198
0.599198
0.599198
0.599198
0.599198
0.599198
0.599198
0.599198
0.599198
0.599198
0.599198
0.599198
0.599198
0.599198
0.599198
0.599198
0.599198
0.599198
0.599198
0.599198
0.599198
0.599198
0.599198
0.599198
0.599198
0.599198
0.599198
0.599198
0.599198
0.599198
0.599198
0.599198
0.599198
0.599198
0.599198
0.599198
0.599198
0.599198
0.599198
0.599198
0.599198
0.599198
0.599198
0.610220
0.610220
0.610220
0.610220
0.610220
0.610220
0.610220
0.610220
0.610220
0.610220
0.610220
0.610220
0.610220
0.610220
0.610220
0.610220
0.610220
0.610220
0.610220
0.610220
0.610220
0.610220
0.610220
0.610220
0.610220
0.610220
0.610220
0.610220
0.610220
0.610220
0.610220
0.610220
0.610220
0.610220
0.610220
0.610220
0.610220
0.610220
0.610220
0.610220
0.610220
0.610220
0.610220
0.610220
0.610220
0.610220
0.610220
0.610220
0.610220
0.610220
0.621242
0.621242
0.621242
0.621242
0.621242
0.621242
0.621242
0.621242
0.621242
0.621242
0.621242
0.621242
0.621242
0.621242
0.621242
0.621242
0.621242
0.621242
0.621242
0.621242
0.621242
0.621242
0.621242
0.621242
0.621242
0.621242
0.621242
0.621242
0.621242
0.621242
0.621242
0.621242
0.621242
0.621242
0.621242
0.621242
0.621242
0.621242
0.621242
0.621242
0.621242
0.621242
0.621242
0.621242
0.621242
0.621242
0.621242
0.621242
0.621242
0.621242
0.632265
0.632265
0.632265
0.632265
0.632265
0.632265
0.632265
0.632265
0.632265
0.632265
0.632265
0.632265
0.632265
0.632265
0.632265
0.632265
0.632265
0.632265
0.632265
0.632265
0.632265
0.632265
0.632265
0.632265
0.632265
0.632265
0.632265
0.632265
0.632265
0.632265
0.632265
0.632265
0.632265
0.632265
0.632265
0.632265
0.632265
0.632265
0.632265
0.632265
0.632265
0.632265
0.632265
0.632265
0.632265
0.632265
0.632265
0.632265
0.632265
0.632265
0.643287
0.643287
0.643287
0.643287
0.643287
0.643287
0.643287
0.643287
0.643287
0.643287
0.643287
0.643287
0.643287
0.643287
0.643287
0.643287
0.643287
0.643287
0.643287
0.643287
0.643287
0.643287
0.643287
0.643287
0.643287
0.643287
0.643287
0.643287
0.643287
0.643287
0.643287
0.643287
0.643287
0.643287
0.643287
0.643287
0.643287
0.643287
0.643287
0.643287
0.643287
0.643287
0.643287
0.643287
0.643287
0.643287
0.643287
0.643287
0.643287
0.643287
0.654309
0.654309
0.654309
0.654309
0.654309
0.654309
0.654309
0.654309
0.654309
0.654309
0.654309
0.654309
0.654309
0.654309
0.654309
0.654309
0.654309
0.654309
0.654309
0.654309
0.654309
0.654309
0.654309
0.654309
0.654309
0.654309
0.654309
0.654309
0.654309
0.654309
0.654309
0.654309
0.654309
0.654309
0.654309
0.654309
0.654309
0.654309
0.654309
0.654309
0.654309
0.654309
0.654309
0.654309
0.654309
0.654309
0.654309
0.654309
0.654309
0.654309
0.665331
0.665331
0.665331
0.665331
0.665331
0.665331
0.665331
0.665331
0.665331
0.665331
0.665331
0.665331
0.665331
0.665331
0.665331
0.665331
0.665331
0.665331
0.665331
0.665331
0.665331
0.665331
0.665331
0.665331
0.665331
0.665331
0.665331
0.665331
0.665331
0.665331
0.665331
0.665331
0.665331
0.665331
0.665331
0.665331
0.665331
0.665331
0.665331
0.665331
0.665331
0.665331
0.665331
0.665331
0.665331
0.665331
0.665331
0.665331
0.665331
0.665331
0.676353
0.676353
0.676353
0.676353
0.676353
0.676353
0.676353
0.676353
0.676353
0.676353
0.676353
0.676353
0.676353
0.676353
0.676353
0.676353
0.676353
0.676353
0.676353
0.676353
0.676353
0.676353
0.676353
0.676353
0.676353
0.676353
0.676353
0.676353
0.676353
0.676353
0.676353
0.676353
0.676353
0.676353
0.676353
0.676353
0.676353
0.676353
0.676353
0.676353
0.676353
0.676353
0.676353
0.676353
0.676353
0.676353
0.676353
0.676353
0.676353
0.676353
0.687375
0.687375
0.687375
0.687375
0.687375
0.687375
0.687375
0.687375
0.687375
0.687375
0.687375
0.687375
0.687375
0.687375
0.687375
0.687375
0.687375
0.687375
0.687375
0.687375
0.687375
0.687375
0.687375
0.687375
0.687375
0.687375
0.687375
0.687375
0.687375
0.687375
0.687375
0.687375
0.687375
0.687375
0.687375
0.687375
0.687375
0.687375
0.687375
0.687375
0.687375
0.687375
0.687375
0.687375
0.687375
0.687375
0.687375
0.687375
0.687375
0.687375
0.698397
0.698397
0.698397
0.698397
0.698397
0.698397
0.698397
0.698397
0.698397
0.698397
0.698397
0.698397
0.698397
0.698397
0.698397
0.698397
0.698397
0.698397
0.698397
0.698397
0.698397
0.698397
0.698397
0.698397
0.698397
0.698397
0.698397
0.698397
0.698397
0.698397
0.698397
0.698397
0.698397
0.698397
0.698397
0.698397
0.698397
0.698397
0.698397
0.698397
0.698397
0.698397
0.698397
0.698397
0.698397
0.698397
0.698397
0.698397
0.698397
0.698397
0.709419
0.709419
0.709419
0.709419
0.709419
0.709419
0.709419
0.709419
0.709419
0.709419
0.709419
0.709419
0.709419
0.709419
0.709419
0.709419
0.709419
0.709419
0.709419
0.709419
0.709419
0.709419
0.709419
0.709419
0.709419
0.709419
0.709419
0.709419
0.709419
0.709419
0.709419
0.709419
0.709419
0.709419
0.709419
0.709419
0.709419
0.709419
0.709419
0.709419
0.709419
0.709419
0.709419
0.709419
0.709419
0.709419
0.709419
0.709419
0.709419
0.709419
0.720441
0.720441
0.720441
0.720441
0.720441
0.720441
0.720441
0.720441
0.720441
0.720441
0.720441
0.720441
0.720441
0.720441
0.720441
0.720441
0.720441
0.720441
0.720441
0.720441
0.720441
0.720441
0.720441
0.720441
0.720441
0.720441
0.720441
0.720441
0.720441
0.720441
0.720441
0.720441
0.720441
0.720441
0.720441
0.720441
0.720441
0.720441
0.720441
0.720441
0.720441
0.720441
0.720441
0.720441
0.720441
0.720441
0.720441
0.720441
0.720441
0.720441
0.731463
0.731463
0.731463
0.731463
0.731463
0.731463
0.731463
0.731463
0.731463
0.731463
0.731463
0.731463
0.731463
0.731463
0.731463
0.731463
0.731463
0.731463
0.731463
0.731463
0.731463
0.731463
0.731463
0.731463
0.731463
0.731463
0.731463
0.731463
0.731463
0.731463
0.731463
0.731463
0.731463
0.731463
0.731463
0.731463
0.731463
0.731463
0.731463
0.731463
0.731463
0.731463
0.731463
0.731463
0.731463
0.731463
0.731463
0.731463
0.731463
0.731463
0.742485
0.742485
0.742485
0.742485
0.742485
0.742485
0.742485
0.742485
0.742485
0.742485
0.742485
0.742485
0.742485
0.742485
0.742485
0.742485
0.742485
0.742485
0.742485
0.742485
0.742485
0.742485
0.742485
0.742485
0.742485
0.742485
0.742485
0.742485
0.742485
0.742485
0.742485
0.742485
0.742485
0.742485
0.742485
0.742485
0.742485
0.742485
0.742485
0.742485
0.742485
0.742485
0.742485
0.742485
0.742485
0.742485
0.742485
0.742485
0.742485
0.742485
0.753507
0.753507
0.753507
0.753507
0.753507
0.753507
0.753507
0.753507
0.753507
0.753507
0.753507
0.753507
0.753507
0.753507
0.753507
0.753507
0.753507
0.753507
0.753507
0.753507
0.753507
0.753507
0.753507
0.753507
0.753507
0.753507
0.753507
0.753507
0.753507
0.753507
0.753507
0.753507
0.753507
0.753507
0.753507
0.753507
0.753507
0.753507
0.753507
0.753507
0.753507
0.753507
0.753507
0.753507
0.753507
0.753507
0.753507
0.753507
0.753507
0.753507
0.764529
0.764529
0.764529
0.764529
0.764529
0.764529
0.764529
0.764529
0.764529
0.764529
0.764529
0.764529
0.764529
0.764529
0.764529
0.764529
0.764529
0.764529
0.764529
0.764529
0.764529
0.764529
0.764529
0.764529
0.764529
0.764529
0.764529
0.764529
0.764529
0.764529
0.764529
0.764529
0.764529
0.764529
0.764529
0.764529
0.764529
0.764529
0.764529
0.764529
0.764529
0.764529
0.764529
0.764529
0.764529
0.764529
0.764529
0.764529
0.764529
0.764529
0.775551
0.775551
0.775551
0.775551
0.775551
0.775551
0.775551
0.775551
0.775551
0.775551
0.775551
0.775551
0.775551
0.775551
0.775551
0.775551
0.775551
0.775551
0.775551
0.775551
0.775551
0.775551
0.775551
0.775551
0.775551
0.775551
0.775551
0.775551
0.775551
0.775551
0.775551
0.775551
0.775551
0.775551
0.775551
0.775551
0.775551
0.775551
0.775551
0.775551
0.775551
0.775551
0.775551
0.775551
0.775551
0.775551
0.775551
0.775551
0.775551
0.775551
0.786573
0.786573
0.786573
0.786573
0.786573
0.786573
0.786573
0.786573
0.786573
0.786573
0.786573
0.786573
0.786573
0.786573
0.786573
0.786573
0.786573
0.786573
0.786573
0.786573
0.786573
0.786573
0.786573
0.786573
0.786573
0.786573
0.786573
0.786573
0.786573
0.786573
0.786573
0.786573
0.786573
0.786573
0.786573
0.786573
0.786573
0.786573
0.786573
0.786573
0.786573
0.786573
0.786573
0.786573
0.786573
0.786573
0.786573
0.786573
0.786573
0.786573
0.797595
0.797595
0.797595
0.797595
0.797595
0.797595
0.797595
0.797595
0.797595
0.797595
0.797595
0.797595
0.797595
0.797595
0.797595
0.797595
0.797595
0.797595
0.797595
0.797595
0.797595
0.797595
0.797595
0.797595
0.797595
0.797595
0.797595
0.797595
0.797595
0.797595
0.797595
0.797595
0.797595
0.797595
0.797595
0.797595
0.797595
0.797595
0.797595
0.797595
0.797595
0.797595
0.797595
0.797595
0.797595
0.797595
0.797595
0.797595
0.797595
0.797595
0.808617
0.808617
0.808617
0.808617
0.808617
0.808617
0.808617
0.808617
0.808617
0.808617
0.808617
0.808617
0.808617
0.808617
0.808617
0.808617
0.808617
0.808617
0.808617
0.808617
0.808617
0.808617
0.808617
0.808617
0.808617
0.808617
0.808617
0.808617
0.808617
0.808617
0.808617
0.808617
0.808617
0.808617
0.808617
0.808617
0.808617
0.808617
0.808617
0.808617
0.808617
0.808617
0.808617
0.808617
0.808617
0.808617
0.808617
0.808617
0.808617
0.808617
0.819639
0.819639
0.819639
0.819639
0.819639
0.819639
0.819639
0.819639
0.819639
0.819639
0.819639
0.819639
0.819639
0.819639
0.819639
0.819639
0.819639
0.819639
0.819639
0.819639
0.819639
0.819639
0.819639
0.819639
0.819639
0.819639
0.819639
0.819639
0.819639
0.819639
0.819639
0.819639
0.819639
0.819639
0.819639
0.819639
0.819639
0.819639
0.819639
0.819639
0.819639
0.819639
0.819639
0.819639
0.819639
0.819639
0.819639
0.819639
0.819639
0.819639
0.830661
0.830661
0.830661
0.830661
0.830661
0.830661
0.830661
0.830661
0.830661
0.830661
0.830661
0.830661
0.830661
0.830661
0.830661
0.830661
0.830661
0.830661
0.830661
0.830661
0.830661
0.830661
0.830661
0.830661
0.830661
0.830661
0.830661
0.830661
0.830661
0.830661
0.830661
0.830661
0.830661
0.830661
0.830661
0.830661
0.830661
0.830661
0.830661
0.830661
0.830661
0.830661
0.830661
0.830661
0.830661
0.830661
0.830661
0.830661
0.830661
0.830661
0.841683
0.841683
0.841683
0.841683
0.841683
0.841683
0.841683
0.841683
0.841683
0.841683
0.841683
0.841683
0.841683
0.841683
0.841683
0.841683
0.841683
0.841683
0.841683
0.841683
0.841683
0.841683
0.841683
0.841683
0.841683
0.841683
0.841683
0.841683
0.841683
0.841683
0.841683
0.841683
0.841683
0.841683
0.841683
0.841683
0.841683
0.841683
0.841683
0.841683
0.841683
0.841683
0.841683
0.841683
0.841683
0.841683
0.841683
0.841683
0.841683
0.841683
0.852705
0.852705
0.852705
0.852705
0.852705
0.852705
0.852705
0.852705
0.852705
0.852705
0.852705
0.852705
0.852705
0.852705
0.852705
0.852705
0.852705
0.852705
0.852705
0.852705
0.852705
0.852705
0.852705
0.852705
0.852705
0.852705
0.852705
0.852705
0.852705
0.852705
0.852705
0.852705
0.852705
0.852705
0.852705
0.852705
0.852705
0.852705
0.852705
0.852705
0.852705
0.852705
0.852705
0.852705
0.852705
0.852705
0.852705
0.852705
0.852705
0.852705
0.863727
0.863727
0.863727
0.863727
0.863727
0.863727
0.863727
0.863727
0.863727
0.863727
0.863727
0.863727
0.863727
0.863727
0.863727
0.863727
0.863727
0.863727
0.863727
0.863727
0.863727
0.863727
0.863727
0.863727
0.863727
0.863727
0.863727
0.863727
0.863727
0.863727
0.863727
0.863727
0.863727
0.863727
0.863727
0.863727
0.863727
0.863727
0.863727
0.863727
0.863727
0.863727
0.863727
0.863727
0.863727
0.863727
0.863727
0.863727
0.863727
0.863727
0.874749
0.874749
0.874749
0.874749
0.874749
0.874749
0.874749
0.874749
0.874749
0.874749
0.874749
0.874749
0.874749
0.874749
0.874749
0.874749
0.874749
0.874749
0.874749
0.874749
0.874749
0.874749
0.874749
0.874749
0.874749
0.874749
0.874749
0.874749
0.874749
0.874749
0.874749
0.874749
0.874749
0.874749
0.874749
0.874749
0.874749
0.874749
0.874749
0.874749
0.874749
0.874749
0.874749
0.874749
0.874749
0.874749
0.874749
0.874749
0.874749
0.874749
0.885772
0.885772
0.885772
0.885772
0.885772
0.885772
0.885772
0.885772
0.885772
0.885772
0.885772
0.885772
0.885772
0.885772
0.885772
0.885772
0.885772
0.885772
0.885772
0.885772
0.885772
0.885772
0.885772
0.885772
0.885772
0.885772
0.885772
0.885772
0.885772
0.885772
0.885772
0.885772
0.885772
0.885772
0.885772
0.885772
0.885772
0.885772
0.885772
0.885772
0.885772
0.885772
0.885772
0.885772
0.885772
0.885772
0.885772
0.885772
0.885772
0.885772
0.896794
0.896794
0.896794
0.896794
0.896794
0.896794
0.896794
0.896794
0.896794
0.896794
0.896794
0.896794
0.896794
0.896794
0.896794
0.896794
0.896794
0.896794
0.896794
0.896794
0.896794
0.896794
0.896794
0.896794
0.896794
0.896794
0.896794
0.896794
0.896794
0.896794
0.896794
0.896794
0.896794
0.896794
0.896794
0.896794
0.896794
0.896794
0.896794
0.896794
0.896794
0.896794
0.896794
0.896794
0.896794
0.896794
0.896794
0.896794
0.896794
0.896794
0.907816
0.907816
0.907816
0.907816
0.907816
0.907816
0.907816
0.907816
0.907816
0.907816
0.907816
0.907816
0.907816
0.907816
0.907816
0.907816
0.907816
0.907816
0.907816
0.907816
0.907816
0.907816
0.907816
0.907816
0.907816
0.907816
0.907816
0.907816
0.907816
0.907816
0.907816
0.907816
0.907816
0.907816
0.907816
0.907816
0.907816
0.907816
0.907816
0.907816
0.907816
0.907816
0.907816
0.907816
0.907816
0.907816
0.907816
0.907816
0.907816
0.907816
0.918838
0.918838
0.918838
0.918838
0.918838
0.918838
0.918838
0.918838
0.918838
0.918838
0.918838
0.918838
0.918838
0.918838
0.918838
0.918838
0.918838
0.918838
0.918838
0.918838
0.918838
0.918838
0.918838
0.918838
0.918838
0.918838
0.918838
0.918838
0.918838
0.918838
0.918838
0.918838
0.918838
0.918838
0.918838
0.918838
0.918838
0.918838
0.918838
0.918838
0.918838
0.918838
0.918838
0.918838
0.918838
0.918838
0.918838
0.918838
0.918838
0.918838
0.929860
0.929860
0.929860
0.929860
0.929860
0.929860
0.929860
0.929860
0.929860
0.929860
0.929860
0.929860
0.929860
0.929860
0.929860
0.929860
0.929860
0.929860
0.929860
0.929860
0.929860
0.929860
0.929860
0.929860
0.929860
0.929860
0.929860
0.929860
0.929860
0.929860
0.929860
0.929860
0.929860
0.929860
0.929860
0.929860
0.929860
0.929860
0.929860
0.929860
0.929860
0.929860
0.929860
0.929860
0.929860
0.929860
0.929860
0.929860
0.929860
0.929860
0.940882
0.940882
0.940882
0.940882
0.940882
0.940882
0.940882
0.940882
0.940882
0.940882
0.940882
0.940882
0.940882
0.940882
0.940882
0.940882
0.940882
0.940882
0.940882
0.940882
0.940882
0.940882
0.940882
0.940882
0.940882
0.940882
0.940882
0.940882
0.940882
0.940882
0.940882
0.940882
0.940882
0.940882
0.940882
0.940882
0.940882
0.940882
0.940882
0.940882
0.940882
0.940882
0.940882
0.940882
0.940882
0.940882
0.940882
0.940882
0.940882
0.940882
0.951904
0.951904
0.951904
0.951904
0.951904
0.951904
0.951904
0.951904
0.951904
0.951904
0.951904
0.951904
0.951904
0.951904
0.951904
0.951904
0.951904
0.951904
0.951904
0.951904
0.951904
0.951904
0.951904
0.951904
0.951904
0.951904
0.951904
0.951904
0.951904
0.951904
0.951904
0.951904
0.951904
0.951904
0.951904
0.951904
0.951904
0.951904
0.951904
0.951904
0.951904
0.951904
0.951904
0.951904
0.951904
0.951904
0.951904
0.951904
0.951904
0.951904
0.962926
0.962926
0.962926
0.962926
0.962926
0.962926
0.962926
0.962926
0.962926
0.962926
0.962926
0.962926
0.962926
0.962926
0.962926
0.962926
0.962926
0.962926
0.962926
0.962926
0.962926
0.962926
0.962926
0.962926
0.962926
0.962926
0.962926
0.962926
0.962926
0.962926
0.962926
0.962926
0.962926
0.962926
0.962926
0.962926
0.962926
0.962926
0.962926
0.962926
0.962926
0.962926
0.962926
0.962926
0.962926
0.962926
0.962926
0.962926
0.962926
0.962926
0.973948
0.973948
0.973948
0.973948
0.973948
0.973948
0.973948
0.973948
0.973948
0.973948
0.973948
0.973948
0.973948
0.973948
0.973948
0.973948
0.973948
0.973948
0.973948
0.973948
0.973948
0.973948
0.973948
0.973948
0.973948
0.973948
0.973948
0.973948
0.973948
0.973948
0.973948
0.973948
0.973948
0.973948
0.973948
0.973948
0.973948
0.973948
0.973948
0.973948
0.973948
0.973948
0.973948
0.973948
0.973948
0.973948
0.973948
0.973948
0.973948
0.973948
0.984970
0.984970
0.984970
0.984970
0.984970
0.984970
0.984970
0.984970
0.984970
0.984970
0.984970
0.984970
0.984970
0.984970
0.984970
0.984970
0.984970
0.984970
0.984970
0.984970
0.984970
0.984970
0.984970
0.984970
0.984970
0.984970
0.984970
0.984970
0.984970
0.984970
0.984970
0.984970
0.984970
0.984970
0.984970
0.984970
0.984970
0.984970
0.984970
0.984970
0.984970
0.984970
0.984970
0.984970
0.984970
0.984970
0.984970
0.984970
0.984970
0.984970
0.995992
0.995992
0.995992
0.995992
0.995992
0.995992
0.995992
0.995992
0.995992
0.995992
0.995992
0.995992
0.995992
0.995992
0.995992
0.995992
0.995992
0.995992
0.995992
0.995992
0.995992
0.995992
0.995992
0.995992
0.995992
0.995992
0.995992
0.995992
0.995992
0.995992
0.995992
0.995992
0.995992
0.995992
0.995992
0.995992
0.995992
0.995992
0.995992
0.995992
0.995992
0.995992
0.995992
0.995992
0.995992
0.995992
0.995992
0.995992
0.995992
0.995992
1.007014
1.007014
1.007014
1.007014
1.007014
1.007014
1.007014
1.007014
1.007014
1.007014
1.007014
1.007014
1.007014
1.007014
1.007014
1.007014
1.007014
1.007014
1.007014
1.007014
1.007014
1.007014
1.007014
1.007014
1.007014
1.007014
1.007014
1.007014
1.007014
1.007014
1.007014
1.007014
1.007014
1.007014
1.007014
1.007014
1.007014
1.007014
1.007014
1.007014
1.007014
1.007014
1.007014
1.007014
1.007014
1.007014
1.007014
1.007014
1.007014
1.007014
1.018036
1.018036
1.018036
1.018036
1.018036
1.018036
1.018036
1.018036
1.018036
1.018036
1.018036
1.018036
1.018036
1.018036
1.018036
1.018036
1.018036
1.018036
1.018036
1.018036
1.018036
1.018036
1.018036
1.018036
1.018036
1.018036
1.018036
1.018036
1.018036
1.018036
1.018036
1.018036
1.018036
1.018036
1.018036
1.018036
1.018036
1.018036
1.018036
1.018036
1.018036
1.018036
1.018036
1.018036
1.018036
1.018036
1.018036
1.018036
1.018036
1.018036
1.029058
1.029058
1.029058
1.029058
1.029058
1.029058
1.029058
1.029058
1.029058
1.029058
1.029058
1.029058
1.029058
1.029058
1.029058
1.029058
1.029058
1.029058
1.029058
1.029058
1.029058
1.029058
1.029058
1.029058
1.029058
1.029058
1.029058
1.029058
1.029058
1.029058
1.029058
1.029058
1.029058
1.029058
1.029058
1.029058
1.029058
1.029058
1.029058
1.029058
1.029058
1.029058
1.029058
1.029058
1.029058
1.029058
1.029058
1.029058
1.029058
1.029058
1.040080
1.040080
1.040080
1.040080
1.040080
1.040080
1.040080
1.040080
1.040080
1.040080
1.040080
1.040080
1.040080
1.040080
1.040080
1.040080
1.040080
1.040080
1.040080
1.040080
1.040080
1.040080
1.040080
1.040080
1.040080
1.040080
1.040080
1.040080
1.040080
1.040080
1.040080
1.040080
1.040080
1.040080
1.040080
1.040080
1.040080
1.040080
1.040080
1.040080
1.040080
1.040080
1.040080
1.040080
1.040080
1.040080
1.040080
1.040080
1.040080
1.040080
1.051102
1.051102
1.051102
1.051102
1.051102
1.051102
1.051102
1.051102
1.051102
1.051102
1.051102
1.051102
1.051102
1.051102
1.051102
1.051102
1.051102
1.051102
1.051102
1.051102
1.051102
1.051102
1.051102
1.051102
1.051102
1.051102
1.051102
1.051102
1.051102
1.051102
1.051102
1.051102
1.051102
1.051102
1.051102
1.051102
1.051102
1.051102
1.051102
1.051102
1.051102
1.051102
1.051102
1.051102
1.051102
1.051102
1.051102
1.051102
1.051102
1.051102
1.062124
1.062124
1.062124
1.062124
1.062124
1.062124
1.062124
1.062124
1.062124
1.062124
1.062124
1.062124
1.062124
1.062124
1.062124
1.062124
1.062124
1.062124
1.062124
1.062124
1.062124
1.062124
1.062124
1.062124
1.062124
1.062124
1.062124
1.062124
1.062124
1.062124
1.062124
1.062124
1.062124
1.062124
1.062124
1.062124
1.062124
1.062124
1.062124
1.062124
1.062124
1.062124
1.062124
1.062124
1.062124
1.062124
1.062124
1.062124
1.062124
1.062124
1.073146
1.073146
1.073146
1.073146
1.073146
1.073146
1.073146
1.073146
1.073146
1.073146
1.073146
1.073146
1.073146
1.073146
1.073146
1.073146
1.073146
1.073146
1.073146
1.073146
1.073146
1.073146
1.073146
1.073146
1.073146
1.073146
1.073146
1.073146
1.073146
1.073146
1.073146
1.073146
1.073146
1.073146
1.073146
1.073146
1.073146
1.073146
1.073146
1.073146
1.073146
1.073146
1.073146
1.073146
1.073146
1.073146
1.073146
1.073146
1.073146
1.073146
1.084168
1.084168
1.084168
1.084168
1.084168
1.084168
1.084168
1.084168
1.084168
1.084168
1.084168
1.084168
1.084168
1.084168
1.084168
1.084168
1.084168
1.084168
1.084168
1.084168
1.084168
1.084168
1.084168
1.084168
1.084168
1.084168
1.084168
1.084168
1.084168
1.084168
1.084168
1.084168
1.084168
1.084168
1.084168
1.084168
1.084168
1.084168
1.084168
1.084168
1.084168
1.084168
1.084168
1.084168
1.084168
1.084168
1.084168
1.084168
1.084168
1.084168
1.095190
1.095190
1.095190
1.095190
1.095190
1.095190
1.095190
1.095190
1.095190
1.095190
1.095190
1.095190
1.095190
1.095190
1.095190
1.095190
1.095190
1.095190
1.095190
1.095190
1.095190
1.095190
1.095190
1.095190
1.095190
1.095190
1.095190
1.095190
1.095190
1.095190
1.095190
1.095190
1.095190
1.095190
1.095190
1.095190
1.095190
1.095190
1.095190
1.095190
1.095190
1.095190
1.095190
1.095190
1.095190
1.095190
1.095190
1.095190
1.095190
1.095190
1.106212
1.106212
1.106212
1.106212
1.106212
1.106212
1.106212
1.106212
1.106212
1.106212
1.106212
1.106212
1.106212
1.106212
1.106212
1.106212
1.106212
1.106212
1.106212
1.106212
1.106212
1.106212
1.106212
1.106212
1.106212
1.106212
1.106212
1.106212
1.106212
1.106212
1.106212
1.106212
1.106212
1.106212
1.106212
1.106212
1.106212
1.106212
1.106212
1.106212
1.106212
1.106212
1.106212
1.106212
1.106212
1.106212
1.106212
1.106212
1.106212
1.106212
1.117234
1.117234
1.117234
1.117234
1.117234
1.117234
1.117234
1.117234
1.117234
1.117234
1.117234
1.117234
1.117234
1.117234
1.117234
1.117234
1.117234
1.117234
1.117234
1.117234
1.117234
1.117234
1.117234
1.117234
1.117234
1.117234
1.117234
1.117234
1.117234
1.117234
1.117234
1.117234
1.117234
1.117234
1.117234
1.117234
1.117234
1.117234
1.117234
1.117234
1.117234
1.117234
1.117234
1.117234
1.117234
1.117234
1.117234
1.117234
1.117234
1.117234
1.128257
1.128257
1.128257
1.128257
1.128257
1.128257
1.128257
1.128257
1.128257
1.128257
1.128257
1.128257
1.128257
1.128257
1.128257
1.128257
1.128257
1.128257
1.128257
1.128257
1.128257
1.128257
1.128257
1.128257
1.128257
1.128257
1.128257
1.128257
1.128257
1.128257
1.128257
1.128257
1.128257
1.128257
1.128257
1.128257
1.128257
1.128257
1.128257
1.128257
1.128257
1.128257
1.128257
1.128257
1.128257
1.128257
1.128257
1.128257
1.128257
1.128257
1.139279
1.139279
1.139279
1.139279
1.139279
1.139279
1.139279
1.139279
1.139279
1.139279
1.139279
1.139279
1.139279
1.139279
1.139279
1.139279
1.139279
1.139279
1.139279
1.139279
1.139279
1.139279
1.139279
1.139279
1.139279
1.139279
1.139279
1.139279
1.139279
1.139279
1.139279
1.139279
1.139279
1.139279
1.139279
1.139279
1.139279
1.139279
1.139279
1.139279
1.139279
1.139279
1.139279
1.139279
1.139279
1.139279
1.139279
1.139279
1.139279
1.139279
1.150301
1.150301
1.150301
1.150301
1.150301
1.150301
1.150301
1.150301
1.150301
1.150301
1.150301
1.150301
1.150301
1.150301
1.150301
1.150301
1.150301
1.150301
1.150301
1.150301
1.150301
1.150301
1.150301
1.150301
1.150301
1.150301
1.150301
1.150301
1.150301
1.150301
1.150301
1.150301
1.150301
1.150301
1.150301
1.150301
1.150301
1.150301
1.150301
1.150301
1.150301
1.150301
1.150301
1.150301
1.150301
1.150301
1.150301
1.150301
1.150301
1.150301
1.161323
1.161323
1.161323
1.161323
1.161323
1.161323
1.161323
1.161323
1.161323
1.161323
1.161323
1.161323
1.161323
1.161323
1.161323
1.161323
1.161323
1.161323
1.161323
1.161323
1.161323
1.161323
1.161323
1.161323
1.161323
1.161323
1.161323
1.161323
1.161323
1.161323
1.161323
1.161323
1.161323
1.161323
1.161323
1.161323
1.161323
1.161323
1.161323
1.161323
1.161323
1.161323
1.161323
1.161323
1.161323
1.161323
1.161323
1.161323
1.161323
1.161323
1.172345
1.172345
1.172345
1.172345
1.172345
1.172345
1.172345
1.172345
1.172345
1.172345
1.172345
1.172345
1.172345
1.172345
1.172345
1.172345
1.172345
1.172345
1.172345
1.172345
1.172345
1.172345
1.172345
1.172345
1.172345
1.172345
1.172345
1.172345
1.172345
1.172345
1.172345
1.172345
1.172345
1.172345
1.172345
1.172345
1.172345
1.172345
1.172345
1.172345
1.172345
1.172345
1.172345
1.172345
1.172345
1.172345
1.172345
1.172345
1.172345
1.172345
1.183367
1.183367
1.183367
1.183367
1.183367
1.183367
1.183367
1.183367
1.183367
1.183367
1.183367
1.183367
1.183367
1.183367
1.183367
1.183367
1.183367
1.183367
1.183367
1.183367
1.183367
1.183367
1.183367
1.183367
1.183367
1.183367
1.183367
1.183367
1.183367
1.183367
1.183367
1.183367
1.183367
1.183367
1.183367
1.183367
1.183367
1.183367
1.183367
1.183367
1.183367
1.183367
1.183367
1.183367
1.183367
1.183367
1.183367
1.183367
1.183367
1.183367
1.194389
1.194389
1.194389
1.194389
1.194389
1.194389
1.194389
1.194389
1.194389
1.194389
1.194389
1.194389
1.194389
1.194389
1.194389
1.194389
1.194389
1.194389
1.194389
1.194389
1.194389
1.194389
1.194389
1.194389
1.194389
1.194389
1.194389
1.194389
1.194389
1.194389
1.194389
1.194389
1.194389
1.194389
1.194389
1.194389
1.194389
1.194389
1.194389
1.194389
1.194389
1.194389
1.194389
1.194389
1.194389
1.194389
1.194389
1.194389
1.194389
1.194389
1.205411
1.205411
1.205411
1.205411
1.205411
1.205411
1.205411
1.205411
1.205411
1.205411
1.205411
1.205411
1.205411
1.205411
1.205411
1.205411
1.205411
1.205411
1.205411
1.205411
1.205411
1.205411
1.205411
1.205411
1.205411
1.205411
1.205411
1.205411
1.205411
1.205411
1.205411
1.205411
1.205411
1.205411
1.205411
1.205411
1.205411
1.205411
1.205411
1.205411
1.205411
1.205411
1.205411
1.205411
1.205411
1.205411
1.205411
1.205411
1.205411
1.205411
1.216433
1.216433
1.216433
1.216433
1.216433
1.216433
1.216433
1.216433
1.216433
1.216433
1.216433
1.216433
1.216433
1.216433
1.216433
1.216433
1.216433
1.216433
1.216433
1.216433
1.216433
1.216433
1.216433
1.216433
1.216433
1.216433
1.216433
1.216433
1.216433
1.216433
1.216433
1.216433
1.216433
1.216433
1.216433
1.216433
1.216433
1.216433
1.216433
1.216433
1.216433
1.216433
1.216433
1.216433
1.216433
1.216433
1.216433
1.216433
1.216433
1.216433
1.227455
1.227455
1.227455
1.227455
1.227455
1.227455
1.227455
1.227455
1.227455
1.227455
1.227455
1.227455
1.227455
1.227455
1.227455
1.227455
1.227455
1.227455
1.227455
1.227455
1.227455
1.227455
1.227455
1.227455
1.227455
1.227455
1.227455
1.227455
1.227455
1.227455
1.227455
1.227455
1.227455
1.227455
1.227455
1.227455
1.227455
1.227455
1.227455
1.227455
1.227455
1.227455
1.227455
1.227455
1.227455
1.227455
1.227455
1.227455
1.227455
1.227455
1.238477
1.238477
1.238477
1.238477
1.238477
1.238477
1.238477
1.238477
1.238477
1.238477
1.238477
1.238477
1.238477
1.238477
1.238477
1.238477
1.238477
1.238477
1.238477
1.238477
1.238477
1.238477
1.238477
1.238477
1.238477
1.238477
1.238477
1.238477
1.238477
1.238477
1.238477
1.238477
1.238477
1.238477
1.238477
1.238477
1.238477
1.238477
1.238477
1.238477
1.238477
1.238477
1.238477
1.238477
1.238477
1.238477
1.238477
1.238477
1.238477
1.238477
1.249499
1.249499
1.249499
1.249499
1.249499
1.249499
1.249499
1.249499
1.249499
1.249499
1.249499
1.249499
1.249499
1.249499
1.249499
1.249499
1.249499
1.249499
1.249499
1.249499
1.249499
1.249499
1.249499
1.249499
1.249499
1.249499
1.249499
1.249499
1.249499
1.249499
1.249499
1.249499
1.249499
1.249499
1.249499
1.249499
1.249499
1.249499
1.249499
1.249499
1.249499
1.249499
1.249499
1.249499
1.249499
1.249499
1.249499
1.249499
1.249499
1.249499
1.260521
1.260521
1.260521
1.260521
1.260521
1.260521
1.260521
1.260521
1.260521
1.260521
1.260521
1.260521
1.260521
1.260521
1.260521
1.260521
1.260521
1.260521
1.260521
1.260521
1.260521
1.260521
1.260521
1.260521
1.260521
1.260521
1.260521
1.260521
1.260521
1.260521
1.260521
1.260521
1.260521
1.260521
1.260521
1.260521
1.260521
1.260521
1.260521
1.260521
1.260521
1.260521
1.260521
1.260521
1.260521
1.260521
1.260521
1.260521
1.260521
1.260521
1.271543
1.271543
1.271543
1.271543
1.271543
1.271543
1.271543
1.271543
1.271543
1.271543
1.271543
1.271543
1.271543
1.271543
1.271543
1.271543
1.271543
1.271543
1.271543
1.271543
1.271543
1.271543
1.271543
1.271543
1.271543
1.271543
1.271543
1.271543
1.271543
1.271543
1.271543
1.271543
1.271543
1.271543
1.271543
1.271543
1.271543
1.271543
1.271543
1.271543
1.271543
1.271543
1.271543
1.271543
1.271543
1.271543
1.271543
1.271543
1.271543
1.271543
1.282565
1.282565
1.282565
1.282565
1.282565
1.282565
1.282565
1.282565
1.282565
1.282565
1.282565
1.282565
1.282565
1.282565
1.282565
1.282565
1.282565
1.282565
1.282565
1.282565
1.282565
1.282565
1.282565
1.282565
1.282565
1.282565
1.282565
1.282565
1.282565
1.282565
1.282565
1.282565
1.282565
1.282565
1.282565
1.282565
1.282565
1.282565
1.282565
1.282565
1.282565
1.282565
1.282565
1.282565
1.282565
1.282565
1.282565
1.282565
1.282565
1.282565
1.293587
1.293587
1.293587
1.293587
1.293587
1.293587
1.293587
1.293587
1.293587
1.293587
1.293587
1.293587
1.293587
1.293587
1.293587
1.293587
1.293587
1.293587
1.293587
1.293587
1.293587
1.293587
1.293587
1.293587
1.293587
1.293587
1.293587
1.293587
1.293587
1.293587
1.293587
1.293587
1.293587
1.293587
1.293587
1.293587
1.293587
1.293587
1.293587
1.293587
1.293587
1.293587
1.293587
1.293587
1.293587
1.293587
1.293587
1.293587
1.293587
1.293587
1.304609
1.304609
1.304609
1.304609
1.304609
1.304609
1.304609
1.304609
1.304609
1.304609
1.304609
1.304609
1.304609
1.304609
1.304609
1.304609
1.304609
1.304609
1.304609
1.304609
1.304609
1.304609
1.304609
1.304609
1.304609
1.304609
1.304609
1.304609
1.304609
1.304609
1.304609
1.304609
1.304609
1.304609
1.304609
1.304609
1.304609
1.304609
1.304609
1.304609
1.304609
1.304609
1.304609
1.304609
1.304609
1.304609
1.304609
1.304609
1.304609
1.304609
1.315631
1.315631
1.315631
1.315631
1.315631
1.315631
1.315631
1.315631
1.315631
1.315631
1.315631
1.315631
1.315631
1.315631
1.315631
1.315631
1.315631
1.315631
1.315631
1.315631
1.315631
1.315631
1.315631
1.315631
1.315631
1.315631
1.315631
1.315631
1.315631
1.315631
1.315631
1.315631
1.315631
1.315631
1.315631
1.315631
1.315631
1.315631
1.315631
1.315631
1.315631
1.315631
1.315631
1.315631
1.315631
1.315631
1.315631
1.315631
1.315631
1.315631
1.326653
1.326653
1.326653
1.326653
1.326653
1.326653
1.326653
1.326653
1.326653
1.326653
1.326653
1.326653
1.326653
1.326653
1.326653
1.326653
1.326653
1.326653
1.326653
1.326653
1.326653
1.326653
1.326653
1.326653
1.326653
1.326653
1.326653
1.326653
1.326653
1.326653
1.326653
1.326653
1.326653
1.326653
1.326653
1.326653
1.326653
1.326653
1.326653
1.326653
1.326653
