3.519795
3.472666
3.149287
1.802052
0.755889
0.018513
-0.170190
-0.393823
-0.715516
-1.114071
-1.672325
-2.260917
-2.996011
-3.768998
-4.697817
-5.773046
0.696670
1.474822
2.146363
2.605285
3.375992
3.322902
3.078359
2.740477
2.334373
1.811054
0.977411
0.228275
-0.439946
-0.874851
-0.502626
-0.334532
-0.475587
-0.642669
7.634175
6.215523
4.005836
1.049838
1.693415
1.178447
1.660225
1.802847
-1.394162
5.739713
4.416821
2.873729
1.194238
0.089430
-0.977200
-0.586479
0.000000
2.501226
2.451680
2.283405
1.260248
0.422634
-0.005219
0.036861
-0.003221
-0.124187
-0.327139
-0.699057
-1.133657
-1.832524
-2.695604
-3.782943
-4.975871
-0.033525
-0.559559
-0.972562
-1.183423
-1.433321
-1.108976
-0.146395
-0.737390
-1.119539
-1.122124
-1.209839
-1.551819
-2.132046
-2.601951
-2.943252
-3.173006
0.000000
1.768135
1.675211
1.465347
0.428293
-0.381205
-0.939204
-0.942500
-0.994924
-1.321234
-1.553470
-1.964195
-2.509946
-3.254971
-4.301031
0.383186
1.022950
1.519276
1.838570
1.966064
1.922903
10.960409
16.613659
18.118233
15.407345
10.605174
5.321204
0.793353
-13.219546
-19.724739
-17.285397
-14.096911
-13.017110
-13.582900
8.792658
4.821406
2.755525
2.991885
2.329696
3.111616
3.322368
11.120854
15.645509
20.044504
17.512680
14.419052
10.463733
7.089314
5.591774
-1.827999
-16.218309
-18.867332
-20.360031
-23.129660
1.769217
0.230613
-0.209590
-0.266193
0.050093
0.528960
0.693728
7.036618
13.223668
17.366985
18.099632
16.022305
11.556346
6.875344
2.912599
-0.151462
-18.510477
-20.043373
-18.871517
-22.859152
1.670905
-0.548440
-1.291094
-1.625862
-1.753500
-1.503895
-1.171197
12.899676
15.579049
18.175812
17.282225
14.002737
8.822959
3.439227
-13.570916
-21.739248
-20.394146
-15.679025
-12.476850
-20.128191
2.285604
0.750768
-0.047730
-0.066489
-0.249644
-0.066825
0.293116
8.559396
13.555735
18.158819
17.801146
14.745547
10.225223
5.911813
3.282667
0.457990
-17.322456
-18.482750
-16.676649
-21.548145
-24.803850
0.985063
-0.597453
-0.292605
-0.239156
-0.003368
0.257850
12.601119
15.354287
18.230656
17.394909
14.386494
9.857608
5.446243
2.279540
-4.118791
-16.810682
-17.140903
-15.589906
-21.463188
3.227185
0.911569
-0.545532
-0.272670
0.050327
0.460488
0.389356
7.329793
12.737906
16.484795
17.152752
15.341422
11.171388
6.527463
2.361155
-13.796972
-20.116657
-17.133615
-15.270899
-20.758974
-14.495491
-0.043733
-1.128710
-1.056855
-0.749024
-0.326920
-0.128033
13.336205
16.067789
18.651569
17.249733
13.837939
9.180675
5.152664
2.193920
0.699518
-16.180256
-17.862209
-16.823217
-22.507193
3.279327
0.891870
-0.595264
-0.036323
0.312129
0.713500
0.458599
7.507071
12.544206
16.730709
17.450394
15.397898
10.872589
6.006656
1.593951
-16.463892
-17.513609
-16.810026
-15.174159
-21.363756
1.513117
-0.835177
-1.859059
-2.423992
-2.232648
-2.015294
-1.752632
12.502197
15.129622
17.571659
16.685450
13.754604
9.233309
4.843920
1.739013
-0.473481
-17.560844
-17.756201
-16.277706
-21.992966
2.726906
0.222944
0.335362
0.612445
0.955861
1.291177
0.733126
8.420863
13.015532
17.398804
17.774813
15.496443
11.019300
6.583556
3.222225
1.007024
-17.972746
-17.793947
-18.620535
-21.923687
1.273896
-0.155183
-1.637920
-1.128644
-0.933550
-0.552275
-0.437345
13.203462
15.847820
18.041460
17.190805
14.071276
9.099864
4.306498
1.473469
-0.399119
-18.133469
-18.911531
-17.535484
-23.108904
2.482115
0.682927
0.337531
0.201224
0.246002
0.494157
0.290882
6.138645
12.990911
17.062437
17.820585
15.775946
11.278498
6.433748
2.709986
-15.662122
-20.511742
-16.847563
-16.633667
-22.191057
2.551026
0.138316
-1.049203
-0.908288
-0.788537
-0.325493
0.042511
7.340595
14.048818
18.609011
18.393064
15.271885
10.061199
5.244072
2.456863
-0.241551
-18.636425
-19.388594
-17.999384
-23.010645
3.761311
0.481168
-1.082684
-0.811208
-0.690515
-0.453852
-0.295601
9.822115
15.422331
18.231985
17.653515
14.628906
9.511674
4.677264
1.183950
-2.625047
-18.406820
-18.853546
-17.219570
-22.422621
3.194997
1.054627
0.264499
-0.209608
0.040679
0.395416
0.672076
7.476756
12.872357
16.930414
17.567989
15.467234
11.173535
6.364127
2.046762
-0.088528
-18.875008
-18.569435
-19.467062
-22.579878
0.388151
-1.056584
-2.562044
-2.169555
-1.850508
-1.397925
-1.353112
12.858340
15.450717
17.735365
16.991228
13.878297
8.980086
4.062668
-12.643438
-3.679480
-18.279427
-17.144545
-15.494831
-21.589577
2.292029
0.564435
-0.319862
0.019923
0.191368
0.387106
0.490002
8.573714
13.631045
17.772276
17.746807
15.043825
10.413709
5.872468
2.601002
0.389544
-18.350183
-18.156294
-18.417839
-22.331282
2.622923
0.443567
-1.222894
-1.761324
-1.231179
-0.780891
-0.531213
13.188044
15.549857
17.853434
17.242674
14.347577
9.430777
4.570323
-12.956075
-21.228683
-19.135063
-14.975055
-12.169357
-19.254282
3.824904
1.364022
0.411709
0.269145
0.243222
0.562870
1.073186
8.423886
14.193963
18.460125
18.353045
15.352547
10.756330
6.313868
2.636046
0.817279
-18.090742
-19.172422
-17.626942
-21.786671
-24.290037
0.436481
-1.737911
-1.550282
-1.304434
-0.871156
-0.799723
12.926603
15.849912
18.052204
17.049074
13.818045
9.144608
4.675638
1.375489
-14.902866
-19.378500
-16.887222
-14.923563
-22.044971
3.478770
1.119570
-0.018069
0.366428
0.624740
1.099377
0.768771
7.622102
13.050791
17.279949
17.822395
15.674613
11.180124
6.399527
2.116436
-6.283363
-20.031368
-18.933569
-16.790792
-16.808746
-21.739620
0.409696
-0.160398
-0.836614
-1.103846
-0.867191
-0.482053
13.118523
16.377832
18.696507
17.324862
13.661446
8.716175
3.974200
1.437226
-8.300452
-19.581253
-18.336878
-15.869887
-21.172619
2.923903
0.774189
0.292521
0.302225
0.398636
0.648268
0.318193
6.519565
13.362990
17.731846
18.057514
15.588215
10.855713
6.199187
2.575745
-7.908081
-18.414362
-17.226372
-18.033175
-21.761225
1.461888
-0.088237
-1.588905
-1.090100
-0.876640
-0.559038
-0.507784
13.477891
15.783121
17.962921
17.059566
13.942104
9.053000
4.377297
1.065386
-5.830498
-18.496431
-17.997999
-16.342274
-21.970684
3.024668
0.931352
-1.013166
-0.494522
-0.181082
0.326055
0.402859
12.842786
14.113050
17.859423
17.542309
14.807136
10.383043
5.850939
2.454753
0.436374
-17.944881
-18.755028
-16.618402
-21.015326
8.122607
-0.122150
-0.862787
-1.342343
-1.089705
-0.831661
0.291050
11.723367
13.071502
17.182201
17.674957
15.480440
11.209806
6.254820
-9.900568
-4.782394
-17.297066
-16.124804
-14.188553
-21.119503
3.222847
1.522463
0.692137
0.522769
0.482272
0.638268
0.370487
6.798339
11.068049
16.054684
17.137478
15.579388
11.741724
7.324418
3.319301
1.002059
-17.699341
-19.034590
-17.250212
-20.838366
-24.145174
-0.007163
-1.521869
-0.945238
-0.665823
-0.278380
-0.109181
11.794704
13.246166
17.615337
17.781702
15.326251
10.842110
6.183328
2.741983
-14.410798
-18.959072
-16.728449
-14.501167
-20.403521
3.909283
1.448910
0.236908
0.262838
0.217188
0.469396
0.062345
7.550759
11.528198
17.167574
17.890831
15.441104
11.110290
6.497567
3.402487
0.532253
-17.957787
-18.635288
-16.963158
-21.735598
-25.378531
0.870887
-0.924150
-0.464577
-0.254694
-0.038678
0.139038
12.352069
13.338375
17.920914
17.799509
15.149268
10.573630
6.079557
2.703819
-9.508052
-19.056309
-17.546844
-14.910344
-19.819874
2.917837
0.822928
-0.153011
-0.289749
-0.532676
-0.265683
0.060697
7.750506
12.092412
17.752743
18.316063
15.657174
11.049439
6.341999
3.198075
-13.169686
-19.966509
-17.081661
-15.206810
-21.399937
3.114172
1.417036
-0.736599
-0.531548
-0.479621
-0.243383
0.795643
12.172445
13.459225
17.710304
17.522804
14.865900
10.614341
6.074720
2.744524
1.163017
-16.801167
-17.845058
-16.290018
-21.355785
5.120406
0.923704
-0.783991
-0.166990
0.140544
0.538147
0.552474
8.886998
11.498299
16.719296
17.865572
16.112467
11.973747
7.350856
3.118392
-14.856529
-20.818472
-17.820698
-15.430722
-15.056886
6.217535
0.750170
-0.591562
-0.931574
-1.255118
-1.022915
-0.710081
11.885794
13.454846
18.331774
17.790070
14.402162
9.486184
4.651180
1.544691
-13.687523
-19.814379
-17.181767
-15.153790
-21.496563
3.229335
0.728732
-0.448509
0.152282
0.287514
0.565837
0.660749
9.079129
11.616452
17.280302
17.939182
15.779208
11.448260
7.017223
3.601885
1.653495
-16.839100
-17.159351
-15.769549
-20.340130
4.064775
0.941323
-0.291343
-0.668101
-0.378520
-0.034885
0.521856
7.582438
11.857413
17.254148
18.117495
15.965605
11.583716
6.854035
3.337416
-14.855285
-19.569790
-16.691023
-14.742486
-21.567762
2.387487
0.548649
-1.080746
-0.656136
-0.440611
-0.090799
0.941036
7.430692
11.591286
16.949244
17.925184
15.859655
11.600875
6.955581
3.309440
-14.049531
-19.439512
-15.694894
-15.874340
-20.494717
2.440465
0.682692
-0.430250
-0.309017
-0.071963
0.288931
-0.255721
7.533284
11.684503
17.169626
17.990269
15.547833
10.803843
5.834884
2.635278
0.436400
-17.766022
-18.365400
-16.220991
-19.898811
-23.943577
1.636280
0.068295
0.410233
0.659465
1.023053
1.404335
8.205704
12.324232
18.059917
18.642380
16.232937
11.702674
7.221387
3.413989
-15.059739
-19.847124
-17.357466
-15.596663
-18.790192
2.789004
0.778448
-0.048227
-0.481566
-0.830104
-0.686996
-0.371068
12.543813
14.066395
18.534576
17.937860
14.531452
9.395792
4.517046
1.177095
-15.197233
-19.469141
-17.080708
-15.256599
-21.646248
2.910171
0.877434
-0.680198
-0.130064
0.122957
0.508707
0.703747
8.216507
11.964213
17.222216
18.057613
15.940188
11.584004
6.986505
3.384487
-14.771080
-20.059414
-16.790121
-15.294412
-14.944900
4.572378
1.092603
-0.278664
-0.687555
-0.768058
-0.526988
-0.210433
12.535246
14.351611
18.605778
17.772526
14.290714
9.289680
4.665083
1.489546
-14.743891
-19.440897
-16.650681
-14.524424
-20.331921
3.442529
1.001251
-0.564147
-0.013753
0.204856
0.561187
0.728807
8.207171
11.865341
17.551945
18.313303
16.033484
11.520352
6.888565
3.374329
-14.775941
-19.493687
-16.859337
-14.760671
-16.499977
3.394231
1.421315
0.588016
0.082590
0.072278
0.280711
1.294726
8.120741
12.563189
18.000448
18.328016
15.409197
10.810999
6.121052
2.673874
-15.134263
-19.891096
-15.953869
-16.023579
-21.055359
1.709813
0.343707
-1.140292
-0.757181
-0.651999
-0.331638
-0.153087
12.424601
13.725486
17.774458
17.717371
14.951399
10.141059
5.305225
1.733684
-15.002485
-19.434214
-16.964672
-14.567744
-20.393410
4.069248
1.700820
0.772597
0.298997
0.328582
0.566484
1.549026
8.401452
12.067960
17.029814
17.881577
15.728106
11.557978
7.030520
3.031301
-0.885834
-18.426468
-18.825031
-17.199345
-16.824326
-22.060394
0.614778
0.136092
-0.712577
-0.953388
-0.840271
-0.240114
11.818288
17.790897
19.121658
17.511345
14.017339
9.170616
3.897017
-13.702245
-21.579676
-19.723480
-15.528888
-12.731628
-17.966637
3.537830
1.657413
1.089576
0.638378
0.050485
0.012990
0.586003
6.965289
12.335413
17.823160
18.468195
15.810573
11.185549
6.391736
2.766768
-15.296615
-20.533226
-16.945129
-15.414358
-15.253447
-2.320287
0.798457
-0.733036
-0.544414
-0.532105
-0.236015
0.067398
8.851637
13.084939
18.520550
18.506676
15.317723
10.179902
5.249438
1.718701
-14.881954
-19.328405
-16.915327
-14.538193
-13.902369
5.768404
1.872627
1.064715
0.978392
0.711299
0.914160
1.242427
8.551353
12.695916
17.872972
18.431810
15.763384
11.473590
6.966377
3.054299
-15.117741
-20.198040
-16.564346
-16.521103
-21.538654
2.369031
0.427788
-1.171655
-1.013528
-1.037903
-0.762897
-0.536099
12.362264
13.875208
18.101206
17.775906
14.674456
9.705164
4.777685
1.165946
-15.061808
-19.751902
-17.365881
-15.624752
-21.772675
3.583699
0.587159
-0.853022
-0.265207
-0.110866
0.149820
0.244883
7.980768
12.026409
17.330822
18.146652
15.939031
11.374534
6.611773
2.813454
-14.241994
-18.881247
-16.870878
-14.423627
-19.856138
3.969407
1.559274
0.127794
0.091532
-0.008289
0.426586
0.631894
9.174529
12.609759
17.825661
18.130117
15.391559
10.996262
6.382550
2.358003
-15.189888
-20.021294
-17.081537
-15.233597
-15.238746
0.747321
0.621050
-1.037292
-0.957007
-0.676151
-0.313133
-0.340098
12.175967
13.600726
18.286732
17.934053
14.776731
9.850778
4.772791
1.242423
-14.883390
-19.472612
-17.171234
-14.529554
-13.838044
5.323280
2.124828
0.793711
0.386562
0.635926
0.928224
1.948810
9.414940
12.827603
18.079218
18.243635
15.508148
11.157200
6.672648
2.791854
0.943947
-17.861809
-18.346867
-17.846687
-17.705450
-21.407801
0.812816
-0.407278
-0.679579
-0.855088
-0.557652
-0.291201
12.313077
14.200817
18.184395
18.012249
15.184806
10.283695
5.208975
-12.769245
-21.069260
-19.668934
-15.229201
-12.695395
-12.741353
4.709523
2.243438
1.309411
0.797415
0.471059
0.690396
1.763090
8.384361
13.078906
18.447334
18.452538
15.317101
10.971680
6.253323
2.867536
-15.169258
-19.863598
-16.068151
-15.884040
-22.699318
2.662406
0.414345
-1.332310
-1.038129
-0.817364
-0.472721
-0.323332
10.317208
10.614592
16.806040
17.916969
15.882102
11.553723
6.505744
2.520388
-14.540401
-20.137585
-16.658453
-14.643943
-14.184576
8.476456
1.771068
0.202358
-0.300668
-0.287064
-0.148209
0.204773
10.614319
11.292422
17.271606
17.997063
15.676026
11.324292
6.637446
2.964368
-13.998516
-19.577991
-16.159872
-13.533056
-13.093330
6.170060
1.481217
-0.211280
-0.278988
-0.328768
0.040886
0.517813
6.175182
10.040456
16.557928
18.224785
16.411783
12.311266
7.540217
3.665983
-14.422572
-19.673950
-16.973619
-15.137462
-21.705294
2.546528
0.266339
-1.480390
-1.178991
-1.077595
-0.813683
-0.399948
9.885438
10.249800
16.363895
17.744158
16.003725
11.792167
6.809466
2.699746
-14.032270
-19.434689
-17.064104
-14.928762
-14.496493
4.176766
1.798488
0.728422
0.695960
0.412007
0.560792
0.755262
8.074376
10.377194
16.788839
18.172377
16.163055
12.118186
7.481336
3.240787
-14.506964
-19.921736
-16.772909
-15.361217
-15.199888
6.737780
1.381777
0.212380
-0.463831
-0.523616
-0.498102
0.429856
10.211880
11.250983
17.179920
17.931841
15.533046
11.230585
6.152078
2.265224
-14.362430
-19.602928
-16.837641
-14.602729
-17.066391
3.837180
1.562963
-0.132145
0.245228
0.362628
0.667897
0.851100
7.115121
10.473554
16.704689
18.109118
16.246693
12.271171
7.641689
3.799815
-13.767844
-19.268995
-16.516808
-14.049154
-19.871426
3.504837
1.294673
0.245299
-0.094759
-0.355655
-0.130448
0.162773
4.653264
8.868266
15.531857
17.202288
15.890630
12.024095
7.336731
2.930605
-14.883645
-20.091454
-17.216820
-15.154822
-15.025192
8.265944
1.387577
-0.393489
-0.329662
-0.314859
-0.056945
0.139698
6.447891
10.772026
17.258949
18.455051
16.102659
11.454279
6.470357
2.040020
-14.743046
-23.344414
-17.699066
-14.426846
-13.580486
5.027255
1.807386
0.592805
0.424613
0.294056
0.494068
1.462175
6.759538
10.810957
17.251230
18.480085
16.127760
11.810714
7.031722
3.248098
-14.143822
-19.044706
-16.498898
-13.893682
-18.682337
3.896979
1.697094
0.480029
0.167504
0.114186
0.386958
0.654117
4.951969
9.943226
16.730570
18.210649
16.687876
12.831367
8.062929
3.556436
-14.933640
-20.165419
-17.448957
-15.043166
-14.728106
8.895412
0.600991
-1.266884
-0.947104
-0.737337
-0.450554
-0.239208
5.703899
10.674009
17.433926
18.713833
16.403566
11.987403
6.487472
2.223666
-14.702169
-19.727980
-17.391060
-14.999696
-14.285661
5.033514
1.955594
0.854676
0.915206
0.642250
0.857719
1.103470
6.487435
11.275194
18.030182
19.116550
16.628723
12.095931
7.245128
2.926934
-15.013753
-20.227667
-16.583534
-15.527488
-14.720196
4.830923
1.453784
-0.066266
-0.453112
-0.668279
-0.506127
-0.179390
9.640728
17.775236
19.619675
17.885712
14.253722
9.220609
4.059953
-13.584958
-21.291985
-20.255228
-14.777164
-12.462504
-11.620501
3.984445
2.117594
1.001721
0.357836
0.114867
0.179326
1.162399
10.480919
11.898719
17.918751
18.337904
15.387382
11.018692
6.312366
2.693293
-14.218192
-19.567717
-15.240878
-14.616610
-19.101549
3.415663
1.259813
-0.004257
-0.467291
-0.395696
-0.219578
0.602392
5.854220
10.026446
16.173306
17.803101
16.386938
12.260372
7.370001
2.678870
-14.511969
-20.070459
-17.085743
-14.595080
-14.050464
8.993561
1.289441
-0.292550
-0.414211
-0.600310
-0.405341
0.546713
7.495703
10.968381
17.058125
18.106720
15.817858
11.564417
6.451160
2.349272
-14.334460
-22.697857
-17.439787
-14.362206
-13.521990
4.503559
2.356215
1.242229
0.804381
0.778468
0.939913
1.219981
2.419465
10.268822
16.796745
18.150553
16.391327
12.557306
7.740180
3.097128
-3.282217
-18.438177
-18.205467
-16.408966
-15.565870
8.205093
1.040926
-0.462414
-0.314172
-0.946728
-1.365726
-0.245978
-0.377233
15.725638
18.103355
17.373680
14.678982
10.400826
4.998806
-13.719920
-21.697254
-20.445345
-15.850034
-12.975475
-13.008682
9.590786
1.399264
-0.277724
-0.230183
-0.226515
-0.106765
0.299837
10.864204
11.270058
17.174911
17.821077
15.446085
11.788426
7.168858
3.459935
1.472320
-3.954701
-18.169735
-19.996347
-23.089417
10.756903
2.101043
1.657333
0.640325
0.691013
0.658530
1.428338
0.308175
8.874273
15.243749
17.023235
15.770050
11.858163
6.699493
1.234242
-1.971132
-17.666277
-17.349304
-17.463951
-18.349497
2.633894
1.099892
-0.651890
-0.707575
-1.148686
-1.513742
-0.881394
8.899671
17.272060
19.209631
17.159250
13.362461
8.530388
-9.661185
-20.324219
-24.829519
-18.912119
-12.385536
-10.749856
-9.097629
6.025177
2.519643
0.403527
0.260577
0.562901
0.934043
1.763760
12.000022
11.962504
17.817266
17.911448
15.435636
11.521973
7.608514
4.153412
2.421477
-15.641394
-17.002378
-15.618079
-15.166842
8.323223
1.373821
0.409614
-0.295491
-0.069357
0.121597
0.530854
0.331557
15.961361
18.222424
17.717421
15.266223
10.972902
5.602939
-12.684315
-21.311380
-20.013973
-14.575929
-12.468843
-11.344627
4.463496
2.492160
1.018599
0.157285
-0.777754
-1.232253
-0.109253
-0.053190
17.108896
20.401627
18.848867
14.691594
9.480772
3.652577
-14.031891
-21.723295
-19.768759
-14.528245
-11.905031
-11.584621
-19.456417
2.191633
0.397162
0.659222
0.729508
1.145823
1.620804
7.907772
11.127987
17.584015
18.598862
16.492592
12.363543
8.008172
4.454213
2.418502
-15.952523
-17.388676
-15.519991
-14.848894
9.115136
1.483326
0.742070
-0.155173
-0.242499
-0.094975
0.127328
0.363923
9.822748
16.336107
17.788990
16.266844
12.196195
7.001477
-12.128240
-21.209635
-18.732178
-14.636515
-11.858661
-11.726494
4.666444
1.926821
0.661088
0.161245
-0.459356
-0.499854
-0.153553
8.726789
11.412599
18.294628
18.943544
15.883065
10.803939
5.598159
-12.932979
-20.983736
-18.735178
-14.324122
-11.766345
-11.570641
4.419545
2.233195
0.706367
0.656545
0.636640
0.897492
1.109186
7.373242
11.459987
17.712139
18.613823
16.054134
11.587847
6.844327
3.104710
-14.241868
-19.441511
-16.315620
-13.665911
-13.052281
6.793569
1.945634
0.577482
0.218192
0.024028
0.287304
0.561810
5.071889
9.627239
16.278753
17.743479
16.089432
11.874899
6.817986
-12.078718
-22.511761
-19.255962
-14.560350
-12.190150
-12.560238
7.104379
1.907787
0.084791
-0.476853
-0.448326
-0.303135
-0.121640
9.997487
11.765858
18.030388
18.422495
15.322769
10.404172
5.343984
1.633407
-14.542027
-21.862057
-17.521978
-15.079517
-14.461884
5.955892
1.813962
0.238055
0.648589
0.724389
0.831163
0.907524
7.662272
10.645881
17.446289
18.742638
16.539080
11.890840
6.953592
-6.850682
-19.403336
-18.641386
-14.238580
-12.407192
-11.313596
4.979593
3.031168
1.539489
0.497163
-0.244989
-0.676335
0.465924
0.262289
17.229521
20.756285
19.047756
14.823979
9.716975
3.957656
-14.772172
-22.175827
-20.455549
-15.664019
-12.597063
-12.525975
-19.109203
1.805535
0.182204
0.153050
0.098186
0.128688
0.922761
11.397311
11.128688
17.051117
17.629826
15.412763
11.899656
7.437884
3.939608
-12.848952
-2.664450
-16.741455
-22.122152
-22.602638
9.750515
2.757143
1.426587
1.449359
1.557220
1.567970
0.659826
6.615235
10.886607
17.205477
18.512896
16.336926
11.680844
6.801418
2.936243
-14.595139
-18.874762
-16.688663
-13.916555
-12.980394
8.127724
1.852782
0.606875
0.420170
-0.003813
-0.051289
0.324070
0.643524
10.551597
16.887245
18.370502
16.596478
12.122003
7.184296
-11.348879
-20.717512
-18.732113
-14.101932
-10.710843
-10.101621
8.890440
2.075318
0.281922
0.132155
0.139846
0.316395
1.313820
7.490533
10.730364
17.355154
18.264727
15.802010
11.697513
7.114854
3.606398
-13.460789
-18.782240
-15.835136
-16.554165
-18.967611
9.006725
1.887734
0.558767
0.664665
0.896648
1.142571
1.028231
7.574455
10.916285
17.396931
18.562473
16.464657
12.107246
7.365783
3.367929
-14.226987
-19.331993
-17.338249
-15.441963
-13.977780
7.937228
2.402524
0.440392
-0.448294
-0.636537
-0.786840
-0.489605
3.499615
17.181171
19.912445
18.077246
14.167103
9.141107
3.936392
-13.046473
-20.584139
-19.593359
-14.660045
-11.925088
-11.500031
5.225555
2.001064
0.294821
0.576770
0.508840
0.706457
0.868672
8.425944
10.756391
17.201073
18.138409
15.904379
11.597171
7.115568
3.566851
-13.378647
-18.662397
-15.707735
-13.321181
-17.917017
3.717530
1.554116
-0.191352
0.132390
0.254371
0.578293
0.643699
7.855664
12.216425
17.203032
18.097836
15.972807
11.553963
6.832695
-11.694353
-20.854568
-19.428049
-14.037440
-11.927998
-11.720648
3.971200
1.907960
0.533784
0.226852
0.139326
0.384234
0.000000
-0.134851
3.358505
2.412711
0.773837
0.124953
-0.047779
-0.222543
-0.794160
-1.412669
10.922312
19.125256
3.367622
17.042568
13.609100
8.163199
2.885425
-0.631964
-14.880823
-19.762276
-8.516764
-12.074454
-9.021928
-7.647001
-6.757064
-6.498171
-7.219350
-8.613434
-7.426232
0.566188
12.020096
17.409742
19.413502
16.138157
11.338067
7.139298
4.065077
3.113942
2.668091
0.686950
-10.236162
-9.739050
-16.518612
-20.017708
-24.345360
-18.600185
-3.568459
10.631174
8.241802
7.652516
7.808008
8.023428
9.393279
9.748763
21.645639
23.173569
19.481398
14.241427
9.880851
6.879722
-10.486733
-18.299343
-22.693026
3.607612
2.498323
3.738423
2.368235
1.018875
0.618613
0.273311
8.833299
10.688334
10.359913
9.079432
7.671762
5.083324
2.543326
0.776287
0.566935
-12.680203
-11.676270
-11.293041
-10.348060
-20.275217
0.163888
-0.133878
-0.920556
-1.253622
-0.993739
-0.330371
0.281769
0.832977
15.507352
16.795547
14.781790
10.467215
5.066640
-14.947974
-23.498892
-26.483171
-17.159399
-13.244562
5.796668
5.160302
2.229088
0.329955
-0.148262
-1.249661
-0.399210
-0.691536
0.534865
-1.000838
-2.186461
-3.590023
-4.046114
-4.643882
3.639955
7.087811
14.214961
15.399846
13.129144
8.470436
3.094303
0.006027
-4.395157
-5.626345
0.000000
2.183102
2.132807
1.420646
-0.330143
-0.705552
-0.756339
-1.271818
4.939043
15.212831
20.577621
19.550894
14.050130
7.859979
2.146262
-2.358752
-16.845045
-21.996346
-25.471861
-13.353005
-7.839055
-5.306102
-3.384627
-2.659136
-3.050258
-4.067735
-5.358745
-6.707274
9.369821
16.918619
20.587645
19.306822
14.976908
10.100886
5.964203
0.853054
-14.137040
-23.131676
-13.639804
-8.643949
-6.580334
6.572851
3.073040
2.322506
1.342311
0.695026
0.689385
0.729396
8.426970
9.149789
18.354153
20.895193
18.612013
14.825919
10.226974
6.806044
-4.285887
-21.880667
-21.254940
-27.792879
-28.074390
-1.485080
5.880039
3.733391
3.255821
2.551469
1.968154
3.332088
3.641164
8.858912
17.003828
18.474470
16.542488
13.266348
9.551043
6.006120
3.680908
-17.218363
-21.161083
-22.246843
-20.911049
-4.486008
1.944139
-0.179092
-0.686456
-1.443119
-2.017739
-1.615767
8.081652
9.550226
15.632347
17.261639
15.812948
11.970350
6.696043
1.942525
-14.357513
-22.792494
-18.631931
-15.466779
-14.482185
-20.942446
1.525478
-0.021755
0.211429
-0.203056
-0.420011
0.335604
10.683579
10.221481
16.234999
17.366835
15.920375
12.811613
8.531600
4.444449
-12.654961
-18.601461
-15.658417
-13.927476
-17.218544
4.710425
1.696022
0.005357
0.451279
0.278678
0.313004
0.965527
8.758675
9.357673
15.248547
17.123512
16.439951
13.262664
9.172694
5.263658
-12.445103
-18.295164
-15.721997
-13.756002
-13.643836
5.404339
1.771688
-0.487552
-0.357354
-0.381681
-0.100377
-0.212975
10.846358
10.141404
15.649482
17.175335
16.088793
12.630308
8.298793
4.436667
-12.934267
-20.238338
-16.924049
-14.296309
-20.683905
3.793794
1.656319
-0.453672
-0.689637
-0.383173
-0.109685
-0.208515
11.612065
10.494093
15.741462
17.038065
16.046906
12.772693
8.623881
4.696811
-12.728931
-19.139584
-15.994565
-13.698028
-13.214201
8.443871
1.079203
-1.253027
-0.938612
-0.786174
-0.352287
-0.080570
6.743717
10.019362
15.711204
17.511843
16.652981
13.288587
8.559566
4.352302
-13.146341
-15.339354
-16.630560
-14.448630
-19.589043
-15.502971
1.917308
-0.233762
-0.041201
0.222037
0.584900
0.472520
11.778546
10.818619
16.123156
17.310535
16.190578
12.859281
8.679873
4.301160
-14.054329
-23.653761
-17.038210
-14.409328
-14.544333
-21.046133
1.225060
-0.852330
-1.012428
-0.793324
-0.543300
-0.416020
10.729470
16.738441
18.721998
17.586206
14.776353
11.141254
6.651078
2.542011
-13.621238
-21.534323
-20.511703
-15.708697
-14.221931
10.276323
3.354890
1.397887
1.127806
1.196683
1.481208
1.428664
7.935775
11.202971
17.449062
18.480991
16.344383
12.084384
7.530788
3.243896
-14.317242
-19.171467
-16.180540
-14.165627
-14.215728
-0.320667
1.628673
-0.531408
-0.222550
-0.256148
0.001548
-0.183755
11.562176
10.705996
16.216064
17.365118
15.940000
12.197104
7.659382
3.732139
-13.167539
-22.677511
-16.934471
-14.218436
-13.786191
5.350670
2.063592
-0.221892
-0.169913
-0.113577
0.223168
0.128699
11.721210
10.893305
16.291985
17.422009
16.042089
12.388214
7.971002
4.172651
-13.014653
-22.886978
-16.772749
-14.000780
-13.638112
4.311770
1.981940
-0.330804
-0.153508
-0.047919
0.383754
0.331421
7.497714
9.492699
15.123721
17.234762
16.544817
13.074367
8.501485
4.382754
-13.256471
-23.919752
-17.129412
-13.587281
-12.309971
3.490011
2.136424
-0.140225
-0.794993
-1.011611
-0.866430
-0.605173
9.596649
11.687307
16.720829
17.686571
16.108871
12.309073
7.519567
3.476465
-13.639116
-3.451790
-17.288845
-18.197506
-21.760674
-24.536795
3.225980
0.438658
0.357242
0.364843
0.750759
0.845162
5.783323
9.306029
14.885785
16.790922
16.093634
12.880279
8.583102
4.105959
-14.675843
-24.569321
-17.309418
-14.375571
-14.272987
5.157852
1.586675
-0.409013
-0.963617
-0.975290
-0.968402
-1.070131
10.690021
11.075474
16.464649
17.441633
15.740309
11.845556
7.301347
3.030603
-13.342875
-22.764591
-17.424500
-14.529502
-14.038467
12.118789
2.006529
-0.372202
0.023744
0.063060
0.320644
0.829491
11.556987
10.982676
16.556664
17.628248
16.127949
12.485785
8.138298
4.361045
-12.817465
-18.537426
-15.910740
-14.001066
-13.914989
4.618157
1.940386
0.155798
0.154328
0.101029
0.341092
0.290535
6.310892
9.314430
14.877357
17.049347
16.511543
13.282081
8.765541
-10.705385
-20.195724
-19.078478
-14.748673
-11.761017
-11.992781
5.579505
2.032863
0.174362
-0.322749
-0.697436
-0.629088
-0.618025
10.566673
10.909176
16.568600
17.526344
15.669204
11.563961
6.872237
3.016511
-13.436477
-20.638435
-19.335365
-15.938613
-13.070647
-19.793715
3.749535
2.119846
1.391738
1.685400
1.852396
1.895753
7.817417
11.165301
17.720793
18.792055
16.928783
12.745024
8.407271
5.085270
-13.296495
-18.532557
-15.355493
-13.063102
-12.894819
7.247195
2.350446
0.002246
-0.134298
-0.040933
0.244196
0.465309
6.715378
10.038838
15.642035
17.381737
16.262348
13.049345
8.729496
4.658388
-13.038930
-21.498592
-19.551962
-14.931683
-13.946016
-20.337139
3.343801
1.169367
0.770413
1.217511
1.519652
1.544636
7.333058
10.878943
16.694860
17.730907
15.795799
11.978170
7.562960
3.360188
-15.254187
-19.658739
-16.317759
-13.993643
-13.867907
-21.045897
1.606250
-0.815014
-1.295181
-1.061435
-0.983708
-1.230756
-1.311690
9.575714
16.619696
17.757072
16.350243
12.748507
8.077414
3.824144
-12.421699
-20.838999
-19.692492
-14.542886
-13.219302
-20.252708
3.988104
2.492566
1.849637
1.618414
1.774807
2.191613
1.847089
8.487736
16.973946
18.633396
17.039816
13.275023
8.992517
5.576579
-0.355264
-16.546976
-16.227764
-14.534219
-14.537972
-21.614420
2.117877
0.208596
0.046984
0.353655
0.574952
0.760991
0.373282
5.972265
15.248396
17.680637
17.302189
14.277869
9.852346
5.717074
-12.657259
-21.957300
-18.604879
-15.795449
-19.084379
8.104378
4.388845
1.575231
0.406725
0.244310
0.269296
0.426989
0.754871
7.031651
16.441303
18.382418
16.916418
13.309493
8.891173
4.382366
-10.171125
-19.024557
-16.762442
-14.537822
-15.646494
-20.901056
0.965562
-0.437534
-0.863378
-0.616068
-0.380121
-0.342663
-0.398892
15.766047
18.555210
17.951084
15.545421
11.927895
7.267944
2.956318
-13.743453
-22.094976
-19.681913
-16.157511
-18.675835
5.242273
4.330713
1.624093
0.748529
0.255177
-0.144185
0.588476
0.282258
7.915718
15.652847
17.772453
16.559628
12.737383
8.075543
4.087566
-9.678015
-18.854567
-17.401089
-14.076757
-13.539165
-19.926983
2.134134
-0.187869
-0.128144
-0.370190
-0.459360
-0.576296
-0.447692
7.322868
14.642938
17.116461
16.770391
13.993513
9.982285
6.081056
-11.226562
-20.398523
-18.453770
-15.321550
-12.796685
-19.424570
3.219592
1.476987
0.936486
0.900345
0.756230
0.698072
1.083955
7.251482
15.897054
18.097517
17.167969
13.650165
9.465637
5.911446
-12.297807
-17.976814
-15.038137
-13.397301
-13.659956
5.410735
2.247748
0.188028
-0.334317
-0.091955
0.004733
0.112603
-0.429248
5.661026
14.704708
17.170374
17.025406
14.247058
9.978979
5.769067
-12.356583
-4.389327
-17.081112
-17.358131
-21.290051
-24.401054
2.786899
0.996406
0.552014
0.818966
0.971704
0.947739
0.699726
6.936041
14.742655
17.225439
16.729067
13.969277
9.903921
5.790381
-12.963520
-21.993799
-19.603962
-14.849518
-14.511487
-20.469334
2.681050
0.892020
0.397860
0.471390
0.587609
0.538802
0.581523
16.773905
19.646368
18.288553
15.179615
11.273697
6.599077
3.044226
-13.659507
-21.901211
-19.333715
-16.061346
-13.201992
-19.716085
3.498769
1.687091
1.187472
1.162878
1.004343
0.800898
1.336782
8.460409
16.279625
18.198071
16.948275
13.243731
8.843905
4.736176
-13.241994
-22.474192
-16.737295
-13.559422
-13.511387
-20.083933
2.152963
0.076863
-0.189125
-0.229663
-0.390548
-0.563703
-0.537301
7.533752
14.777025
17.063059
16.616480
13.715604
9.722053
5.867544
-11.347778
-20.348644
-19.213219
-14.186683
-13.330160
-19.933435
4.076718
2.145110
1.602691
1.327522
1.428149
1.336769
1.695065
8.247435
16.247406
18.230492
17.129414
13.706086
9.672705
5.706463
-12.469206
-22.383461
-15.951895
-13.437742
-13.620525
5.792919
2.157784
-0.149936
-0.475475
-0.342124
-0.361333
0.391977
-0.495526
6.910797
14.243164
16.771994
16.708418
14.066257
9.737486
5.596559
-12.109939
-21.235949
-18.755873
-16.139797
-13.562126
-21.647203
3.941064
0.804088
0.276194
0.163646
0.230381
0.174669
0.535345
7.272430
15.858066
17.866911
16.910471
13.416962
8.990757
5.145860
-12.731486
-22.784515
-16.592241
-13.853141
-13.643636
9.587947
2.019867
0.102292
-0.195505
-0.256174
-0.256406
-0.260130
-0.282646
7.105915
14.301430
16.712107
16.781776
14.265080
10.275887
6.290420
-11.626651
-21.091969
-18.429543
-15.628086
-12.902413
-14.249218
3.767385
0.837716
0.447071
0.398162
0.590669
0.561156
0.909134
7.633400
15.513166
17.659628
16.906403
13.675097
9.398645
4.929176
-13.154765
-22.464348
-17.505919
-14.055700
-14.163891
-20.431299
2.553060
0.420745
0.203632
0.399586
0.583740
0.696284
0.606439
7.127890
15.319974
17.333532
16.960037
14.237452
10.264536
6.499575
-11.734392
-10.271416
-17.125702
-16.034468
-13.874372
-21.735657
3.996413
1.351215
1.020651
0.899604
1.163634
1.303270
1.058885
6.616454
15.615983
17.775164
17.105869
14.008279
9.729566
5.208548
-14.163729
-22.855206
-19.274944
-14.022475
-14.285449
-19.836813
-23.772598
1.301440
1.285283
1.048375
1.195856
1.147294
1.205746
16.790834
19.674898
18.448528
15.714586
12.253007
8.044668
4.428693
-13.239623
-17.050220
-15.138470
-15.013530
-13.184280
4.395602
3.163496
0.069190
-0.566978
-0.612221
-0.870656
-1.091875
-1.043986
6.148286
14.481321
16.938082
16.839237
14.012685
9.726841
5.436040
-12.100536
-21.411186
-19.240568
-16.546080
-13.709242
-8.507469
3.251914
0.744828
0.149545
-0.170024
-0.310639
-0.367293
-0.142802
6.842791
15.251204
17.421419
16.766954
13.543814
9.229006
5.273198
-12.381923
-22.738056
-16.737783
-13.872987
-13.352054
-11.211859
1.889218
-0.233381
-0.503561
-0.613654
-0.788495
-0.128947
-1.044550
7.082675
14.398117
16.654289
16.596514
14.334250
10.539596
6.647058
-10.873587
-20.377317
-18.539248
-15.382880
-12.899417
-19.601168
3.295920
1.338745
0.764220
0.570932
0.340995
0.279036
0.609544
7.120193
15.272843
17.539839
17.054306
14.142515
10.357438
6.842561
-11.547641
-21.008953
-17.647741
-14.882923
-13.124257
-19.765144
3.317739
1.493745
0.840530
0.544768
0.517282
1.360423
0.739475
6.711526
14.670021
17.202871
17.015554
14.470135
10.882486
7.418585
-11.469779
-21.133371
-17.590097
-15.007698
-12.761945
-21.233728
3.909612
1.036639
0.379078
-0.010931
-0.070001
0.092989
0.369341
7.224920
15.956244
17.663639
17.020462
14.250384
10.369953
6.786516
3.951676
-15.406674
-19.129013
-17.776390
-19.998034
-23.644148
2.337457
1.219246
0.710163
0.458807
0.501591
0.265786
0.324865
6.622387
13.955233
16.322584
16.781597
15.117101
12.189712
7.940727
-10.888996
-18.053860
-18.383772
-14.189332
-13.639628
-19.503611
2.580674
1.641443
1.652507
1.189705
1.163995
1.194161
1.258202
16.734797
18.828754
18.114021
15.863430
12.481975
8.798538
5.799843
-12.568320
-21.997467
-17.855814
-14.950101
-12.436820
-21.007242
3.259263
1.039903
0.567570
0.293299
0.364013
0.327734
0.500729
6.856125
14.996010
17.353645
17.077276
14.480995
10.840686
7.380610
-11.332045
-20.995890
-18.276176
-13.786493
-14.223399
-20.060869
3.206989
0.996400
0.711478
0.406789
0.444353
0.226341
0.166401
15.727643
17.744030
17.431156
15.559526
12.303562
8.661114
5.196097
-12.491552
-21.772451
-18.790020
-15.741028
-12.665343
-21.040785
2.746464
0.452484
0.268558
-0.211066
-0.334014
-0.451600
-0.565003
16.127495
18.801600
17.967556
15.460617
11.845783
7.817783
4.165248
-0.609945
-17.138998
-19.470032
-15.813990
-15.481163
-21.379068
-23.588623
1.415223
1.230308
0.822038
0.791422
0.631710
0.692119
16.157700
19.135391
18.215031
16.022326
13.010234
9.059307
5.821301
-12.076820
-22.094995
-18.378647
-14.466233
-11.571236
-20.174833
4.467840
1.032132
0.687555
-0.038103
-0.451224
-0.506218
-0.221346
15.127134
17.498388
17.732405
16.105560
13.284572
9.856039
6.363160
3.599846
-15.131848
-19.110134
-16.265982
-14.518784
-21.948032
10.201920
-0.222332
-0.112557
-0.834389
-1.002754
-1.186856
-1.249658
14.156625
16.887663
17.807190
16.501953
13.676195
10.484477
6.199704
-6.977104
-20.381294
-18.678318
-14.144851
-12.546644
-19.107180
4.513123
3.377255
2.882659
2.282116
1.920847
1.673685
2.047414
9.217835
14.370442
17.236013
16.565531
14.816061
11.870660
8.264113
4.993621
-14.891050
-21.596504
-16.837593
-14.026225
-21.162100
8.346081
0.538163
0.446236
-0.472468
-0.897321
-0.923737
-0.883551
14.248243
16.803511
17.689859
16.519672
14.083959
10.729719
7.017612
-10.475781
-20.647375
-19.435116
-14.993516
-18.644163
-13.224693
4.485351
1.574077
1.005832
0.317072
-0.103486
-0.475478
0.463843
14.694993
17.283016
17.789089
16.067575
13.099854
10.053753
6.171091
3.228651
-13.655103
-18.813036
-16.844435
-14.764688
-14.644488
4.402542
1.504463
1.380667
0.735016
0.597431
0.240513
0.970883
13.282829
17.927351
18.689178
16.787207
13.678449
9.059030
-10.234925
-21.515814
-26.700956
-16.687727
-12.244905
-9.369699
-18.479610
-21.967775
3.612572
1.606669
1.451365
1.090583
1.023933
1.715673
15.211423
17.527710
18.112665
16.500336
14.856545
13.292620
10.264174
7.268418
-12.498921
-2.879424
-19.992208
-22.216105
-24.678150
-25.903654
-26.258608
-25.262550
-17.350010
-15.897493
-15.448853
-9.778178
1.954053
13.171497
14.598021
17.255594
20.533892
17.561771
12.836716
11.393690
10.419106
7.239750
5.367123
6.096278
5.587356
1.529579
-1.073446
-1.929011
-3.220486
-4.045638
-4.221107
-4.746941
11.712248
17.478651
17.593136
16.470470
14.001650
10.182659
5.360555
0.000000
2.667526
2.703879
2.602051
0.857504
-0.495216
12.517606
22.045134
21.319551
16.068041
10.335180
5.596959
-15.003005
-23.215244
-23.722994
-23.529356
-12.638512
-8.367835
-5.375289
-3.956640
-2.015553
-1.716811
-3.159449
1.568467
2.077446
2.691064
16.218452
21.377048
20.295048
16.363503
11.497433
7.355282
-11.066595
-19.749762
-17.727312
-12.164329
-8.242346
-5.555691
5.657605
4.033394
1.852848
1.021190
0.719952
0.433511
0.988874
0.493777
8.892388
14.925483
17.190451
16.295019
13.603778
9.909216
5.742933
0.814432
-15.901119
-19.253807
-15.914536
-17.125038
-19.951019
-21.010206
3.003408
2.705879
2.709342
2.945377
2.441127
2.495797
9.388325
15.915084
18.900507
17.717394
14.268570
9.669655
5.586648
-12.635578
-22.556564
-15.059919
-13.438153
-11.021775
7.575464
3.382577
0.736102
-0.514801
-0.568649
-0.900915
-0.328663
-0.988922
14.855694
17.216343
17.620466
15.845135
12.237881
7.491466
3.198819
-13.007451
-21.212200
-19.787260
-15.816705
-12.940847
-17.029800
4.393100
2.943565
1.247226
0.959631
0.666731
0.723087
0.918455
15.759246
18.273212
18.283686
16.120888
12.385739
7.870998
4.209033
-12.820696
-22.137693
-18.160992
-14.620534
-11.395524
-18.356550
4.838675
2.039604
0.792089
0.741055
0.578947
0.737292
0.874830
7.792913
14.839548
17.616562
17.234383
14.375032
10.195871
5.769334
-12.062299
-21.432720
-18.318195
-14.492405
-12.568806
-20.508018
3.793355
1.514277
0.973136
0.860354
1.027389
0.917825
0.909254
8.948337
14.564832
17.573374
16.992975
13.980805
9.922924
6.185621
-11.167458
-21.480412
-17.354328
-13.059816
-12.724235
-19.773514
3.818990
0.652511
-0.046855
-0.093744
-0.012927
-0.623750
-0.117708
15.372191
17.893816
18.120943
16.180199
12.615223
7.908000
3.998913
-12.913220
-21.722366
-19.126087
-15.192568
-11.741572
-17.903372
5.214726
2.481976
1.700443
1.463123
1.628498
1.546938
1.649630
9.055438
14.597820
17.633411
16.983673
14.341778
10.617041
6.604010
-11.234559
-20.591299
-17.589638
-14.314557
-12.412363
-19.425564
3.736379
1.215943
0.657203
0.602742
0.724168
0.292438
0.818778
15.948005
17.812250
18.169014
16.250311
12.565819
8.079014
3.749310
-13.680940
-22.443312
-18.887989
-15.105217
-13.027758
-18.023506
6.748955
2.361323
1.324475
1.133986
1.219330
1.077299
1.127789
9.012047
14.488355
17.492725
16.960814
14.196904
10.419079
6.883942
-10.767350
-20.160641
-17.670038
-14.275270
-12.448115
-19.402060
3.800826
1.244172
0.785506
0.740812
0.833264
1.372458
0.685269
