0.009862
-0.592063
-1.473755
-0.949307
-0.458715
0.041284
0.065790
0.059339
0.093228
0.089462
0.111169
0.097723
0.048407
0.112966
0.119125
0.034260
-1.380313
-1.963069
-2.490031
-2.925444
-3.238422
-3.444086
-3.569925
-3.623668
-3.604388
-3.447974
-0.310052
0.205205
0.674919
0.994046
-8.856267
-11.246435
-9.031495
-4.904665
-2.646826
-1.643859
2.496553
5.154197
0.999668
0.361739
-0.424141
0.567403
0.643918
-0.487399
2.551091
3.825241
3.830707
-4.318997
-2.212862
-4.701336
0.000000
4.591456
3.341130
0.709428
-0.434652
-1.654411
-2.317259
-3.291759
-4.006272
-4.439096
-4.530950
-4.082122
-2.912250
-1.322572
0.754750
2.979773
4.162560
6.032085
11.189640
15.791739
16.217039
15.746138
4.977121
-7.340493
-6.139499
-1.708958
2.599605
5.527339
5.835477
4.430428
2.626820
1.638011
1.135188
0.000000
7.695552
6.866914
5.322862
5.300321
5.119866
4.795450
3.669882
2.622767
1.858638
0.931972
0.431805
0.038704
0.122850
0.252599
0.073095
-1.171544
-2.320735
-5.580025
-5.806367
-4.746045
-3.358922
-1.711960
-1.664523
-2.152925
-1.761369
-1.465107
-1.620167
-0.541375
0.412291
-4.481377
-2.958025
-4.221649
-5.642828
-0.281731
5.546605
6.724707
2.465254
3.884240
1.949258
2.778629
-0.131971
0.775331
-0.107045
0.509114
-0.779399
-0.346717
0.395501
2.409613
0.610505
-0.142757
1.912149
-5.662511
-7.512896
-0.139408
1.643323
0.184892
-0.720057
-1.173803
-1.909245
-1.377531
-2.075667
1.437422
1.568785
1.038301
-0.080079
-1.351348
-2.089642
-1.666215
-0.802457
-1.682537
-1.947349
-3.061286
-2.778528
0.728126
1.284280
0.135826
-0.387723
0.955204
1.967992
3.185481
2.210614
3.070125
2.354912
1.153434
-0.181248
-0.916391
-0.885736
2.398506
-0.526337
-1.765186
-1.755201
-2.747180
-5.636741
0.176302
1.838869
0.956586
-0.147345
1.197776
2.257551
0.259115
-0.710636
2.801667
0.524298
0.554470
0.651412
0.824997
1.017997
2.627409
-0.789561
-0.163357
-0.533278
-0.714250
-2.675538
-3.507833
-1.670949
0.025878
-0.970609
0.221368
0.565076
-0.026642
-0.784066
2.020991
2.015325
1.170341
-0.256184
-1.135644
-1.465125
-1.418240
0.938465
-2.446499
-2.243939
-3.834734
-1.886822
-2.399141
0.504031
1.742217
0.327311
0.570925
0.888518
-0.538994
0.929911
3.696484
-0.592027
-0.059662
-0.877509
-0.924059
-0.187107
0.411520
3.290850
1.065529
-0.769433
-2.705102
-0.677045
-0.811438
1.671659
1.387938
0.345221
0.299662
-0.222128
-0.274753
-0.714712
3.618619
0.096481
0.825475
0.965143
0.651294
0.345118
-0.004060
1.789657
-1.320301
-1.199574
-3.793240
-3.059435
-3.777831
-0.289604
0.844849
-1.288154
-1.453308
-1.092716
-1.638309
0.075294
2.810071
1.771588
0.131284
-1.790457
-2.994365
-3.193443
-3.185776
0.788636
-1.113398
-2.893183
-2.797548
2.934871
1.528175
2.727447
2.005060
3.186994
2.717381
1.975413
-0.043980
-1.250133
2.943993
1.867051
3.229501
3.366809
2.260012
2.280720
3.377377
0.168540
0.722012
0.471690
-2.988105
-3.225486
-5.763001
0.916896
-0.440819
-1.721398
-1.294415
-1.386476
-0.743827
-0.940224
2.137433
1.993130
1.197429
0.008244
-1.252275
-1.660552
-1.257544
-0.314813
-0.190783
-2.837998
-0.346059
-2.337465
-0.184633
1.629838
2.689056
0.436750
1.066142
0.759425
1.455697
0.639880
2.485254
2.542353
1.629379
0.374567
-0.803047
-0.995867
1.225307
-1.852136
-1.405414
-1.109214
-3.347048
-4.742005
-2.086413
0.619651
-0.186951
-0.956743
0.107814
1.428900
0.462728
0.681349
3.537912
2.171084
0.605287
-1.102012
-1.921516
-1.829763
-1.010712
2.065118
-0.558776
-2.990316
-1.343212
-1.945505
-1.609275
1.567191
2.292280
0.794545
1.288378
1.033243
1.045803
-0.365864
3.981102
1.941448
0.619146
-0.176860
-0.854593
-0.371596
1.562084
-1.576435
-0.137423
-0.590217
-1.933248
-3.655544
-2.427843
-0.469644
0.654807
-0.753338
-0.022017
0.187136
1.125897
-0.599238
2.444413
2.135660
1.171850
-0.089527
-1.157319
-1.661582
-1.255474
0.903417
-1.801362
-1.910309
-3.423083
-3.352264
-2.350817
0.568039
0.180030
1.345411
0.862015
0.415254
1.748675
0.816511
3.255543
1.969837
0.325729
-1.668937
-2.439918
-2.313566
-2.191467
-0.129330
0.281147
-2.986942
-1.274075
-2.448647
1.390769
2.449487
3.329465
1.260058
1.172098
0.128022
0.823218
0.547206
2.530981
2.872107
2.115550
0.870885
-0.088704
-0.780475
2.158888
-2.585552
-1.881419
-1.913139
-2.230510
-5.665210
0.014063
1.857998
1.463636
-0.459211
0.070137
0.782200
2.734293
1.360475
3.133701
-2.087499
-2.551388
-2.449061
-2.431403
-1.869908
-1.870577
-0.410075
-0.585894
-3.888536
-1.843372
-1.960554
-0.131353
0.356667
2.195894
2.239198
1.886800
1.152338
0.738277
-0.054687
2.238693
2.982968
2.399451
1.191494
0.073636
-0.264458
1.715246
1.103347
-2.390041
-1.828238
-2.013119
-4.987432
-3.588196
0.075715
0.257346
-0.817782
0.218108
1.667326
0.886318
0.583730
1.234742
1.150071
0.767291
-0.095017
-0.619593
-0.476218
-0.746637
0.896856
1.096273
-0.895876
-2.707168
-0.818697
-0.762249
0.094548
2.533025
0.855265
0.942298
0.123481
0.551752
0.082218
3.270971
-0.020184
0.848908
0.966242
0.502682
0.266094
0.262640
2.593400
-1.773788
-1.685361
-3.557805
-4.031831
-4.172139
-0.256027
0.443764
-1.287628
-0.951405
-0.939887
-1.718275
-0.835383
2.305684
2.236274
1.375925
0.173195
-1.418820
-1.557019
-1.450329
0.556130
0.457058
-1.456576
-2.414676
2.080677
-0.098379
2.462774
0.957409
0.856880
2.463720
2.479771
1.843335
0.733316
3.235573
0.161613
1.197654
1.513693
0.940554
0.989734
3.103472
0.236808
-0.688414
-0.427817
-3.958542
-9.963840
-4.153406
-0.081831
-1.615626
-2.082948
-1.015960
0.467958
-0.241323
-0.523093
1.816655
1.787207
1.294834
1.006028
0.030323
-0.206587
0.565918
2.121747
0.317400
-1.996864
-0.416163
-3.056841
-0.641301
1.272019
1.844021
-0.294018
0.156585
-0.106075
0.768647
0.364838
2.783788
1.729394
1.081285
0.259812
-0.669579
-0.536196
-0.077143
1.946338
-0.829770
-0.917127
-3.248424
-1.971007
-3.567856
0.460090
1.843907
-0.472946
-0.458606
-1.024766
0.758475
0.879025
2.580188
-0.981126
-0.674164
-1.055022
-1.872341
-1.670424
-1.213908
-0.242103
-0.131752
-1.703766
-3.101762
-0.885678
-2.792595
1.492957
1.660625
1.346717
1.694060
1.677210
-0.511319
0.697577
2.583040
3.106426
2.585584
1.763208
0.462279
0.217402
3.227644
-1.141055
-0.998982
-0.391010
-3.044936
-6.604946
-3.520632
-0.867814
-1.438702
-2.576025
-1.484934
0.288653
1.086619
0.153200
3.135565
0.675899
0.168156
0.111437
0.085648
0.573622
0.999836
2.076729
1.852042
0.047119
-2.311167
0.201852
-2.413602
0.438018
1.951815
-0.351233
-0.178112
-0.311405
0.339560
-0.040207
2.215962
1.363642
1.396099
0.706929
-0.211355
-0.531458
0.141370
3.123854
-1.172831
-1.242242
-2.533358
-4.436536
-4.399923
-0.046818
0.373970
-1.162528
0.131837
0.435527
-0.332944
0.072340
4.065856
1.459292
0.687302
0.183987
0.381777
1.180445
3.189873
-0.287011
1.231562
0.711917
-1.805502
-2.005958
-4.044994
-2.376244
0.200137
-1.696953
-1.117886
-0.589653
0.107637
0.356719
3.464390
0.918091
-0.256260
-0.904108
-1.506743
-1.551944
-1.139693
1.111679
-1.517377
-1.823959
-2.613321
-1.747259
-3.103201
0.576335
1.110492
0.006826
1.750843
1.687743
1.816391
-0.709018
4.280153
0.944773
0.480999
0.192570
0.065302
0.655102
1.732430
1.886946
0.350956
-0.083120
-1.431144
-3.137523
-3.189671
-0.940743
1.025000
-0.705858
0.060787
0.307920
-1.662059
1.102376
0.775512
1.097788
1.156326
1.226192
0.365681
0.352398
0.353207
1.813042
-0.077836
-1.015104
-2.666289
-1.583865
-3.741038
0.462583
1.645209
-0.712887
-0.726840
-1.109204
0.855114
-0.151319
2.764594
-0.407995
-0.908382
-1.500533
-2.306781
-2.122658
-1.946574
0.845165
-0.383115
-2.123269
-2.942927
1.511683
-2.378678
1.481388
1.466093
0.286949
1.786823
1.841281
2.092681
0.970698
3.646496
1.450399
0.565094
0.181886
-0.234449
0.180280
0.795105
1.543093
-1.199675
-1.378615
-1.599286
-4.174770
-4.835588
0.640828
0.790073
-1.542055
-0.814263
-0.535687
-0.151997
-2.225940
2.919658
1.019190
0.213192
-0.400630
-1.135342
-1.379412
-1.054599
0.327007
-0.282673
-2.536510
-2.266941
1.146616
-2.185319
1.546552
1.909450
1.829183
1.946054
1.679050
1.291027
-0.187052
3.846288
-0.132810
0.019598
-0.507959
-0.298554
0.161467
0.606378
3.727694
0.366167
-0.920942
-1.335154
-2.289824
-3.079158
0.972072
2.252376
0.099625
0.242746
0.128843
-1.943766
-0.932583
4.911906
-0.607209
-0.169769
0.368896
0.126224
0.416269
1.141183
3.712764
0.243967
-2.198595
-1.105339
-3.723951
-2.401371
-0.309267
-0.084110
-1.281779
-0.791075
-0.780897
-0.780912
-0.488781
3.098538
3.173488
2.045985
1.023335
-0.284834
0.004918
1.769628
-0.970019
0.360802
-0.108231
-0.173898
-0.782430
-2.960798
-1.082401
0.755988
-1.379938
-1.107981
-1.028116
0.247044
-0.561218
4.161644
0.564621
-0.963646
-1.671990
-2.075447
-1.741889
-1.537060
1.388277
-0.506732
-2.014315
-3.164746
-1.448257
-1.788881
0.764841
0.556593
-0.267454
1.249739
1.476986
2.650163
1.994382
4.737574
1.396859
-0.149223
-0.687456
-1.025835
-0.607281
-0.112238
3.291447
-1.187689
-0.977503
-2.917778
-2.695409
-4.343544
0.589559
1.627128
-0.660157
-0.484888
-0.657049
-0.101252
-1.566814
4.007030
-0.795901
-0.546503
-0.558267
-1.043544
-0.977273
-0.028806
1.734491
-0.143818
-2.528380
-1.991072
-0.190630
-1.983305
1.403147
1.588594
0.828788
1.675573
1.743114
2.375162
1.913746
3.364959
-0.803119
-0.855872
-0.487727
-0.609484
-0.013180
0.214531
3.384426
-0.615263
-1.302963
-3.162697
-2.230029
-4.237947
0.410263
1.513288
-0.793657
-0.374565
-0.438248
0.336804
-1.473321
3.779625
0.833452
-0.249013
-0.779239
-1.220525
-1.094748
-0.251813
1.815923
-0.793010
-1.886246
-2.659738
-1.098992
-2.394695
0.823383
0.716183
1.601506
1.433828
1.009959
0.704834
1.231840
3.748703
-0.614145
-0.754152
-1.088066
-1.354141
-0.990320
-0.002717
2.318609
-0.222687
-2.806563
-1.927037
-2.888907
-1.600654
0.570809
1.378029
-0.608340
0.010329
0.280180
1.483430
1.054911
2.559062
2.314985
1.255607
-0.079601
-1.219181
-1.587441
-0.894483
2.279570
-1.836639
-1.627132
-2.834845
-2.145110
-2.910504
0.524328
0.516968
1.391199
1.237805
0.639608
0.494517
1.262858
4.154436
-0.728344
-1.047192
-1.743510
-1.596868
-1.051937
-0.585932
0.928008
0.928151
-0.926033
-2.551833
0.408117
-1.653383
0.319670
-1.729218
-1.394289
-0.142171
0.656796
1.380137
1.704346
2.284059
2.191757
1.335614
0.041341
-0.861845
-1.326825
-0.016869
2.426468
-2.171509
-2.197345
-1.439818
-7.657928
-2.760050
0.274035
-0.394862
-0.426271
1.051827
2.280416
2.621261
-0.415718
4.080048
0.887608
-0.045898
-0.550054
-0.782379
-0.717142
0.117972
2.236629
0.499855
-1.881955
-2.524066
0.788672
-3.354108
1.122803
2.374061
0.333348
1.134484
1.169509
1.370674
-1.315468
3.741910
1.348581
0.552646
0.102587
-0.404825
-0.515196
0.285271
3.154857
-1.219761
-1.210920
-2.375337
-1.965442
-4.370207
0.085649
-0.079421
-0.395935
0.651603
0.531640
1.830873
0.314990
4.018795
-0.425653
-0.891472
-1.453324
-1.696884
-1.302325
-1.103571
1.792082
0.022461
-3.614266
-1.528229
-1.697471
-1.051607
1.384806
2.329211
0.449649
1.093752
1.208985
1.931641
1.516729
4.059381
0.862194
0.194000
-0.094168
-0.474472
-0.268072
0.480036
3.654356
-0.868443
-0.667119
-2.558300
-4.861327
-4.895122
1.360460
1.834374
-0.508571
0.024362
0.035471
0.714992
-1.260452
3.875917
0.084813
-0.379237
-0.613735
-1.060901
-0.977779
0.079675
2.780551
-1.778868
-1.712380
-2.030595
-1.677193
-2.325347
1.249433
1.481946
1.232008
1.586371
0.914006
2.020841
1.391397
3.501933
-1.096413
-1.469270
-1.887999
-1.635721
-0.788953
-0.216334
2.675541
0.161211
-1.542760
-3.230776
-0.866584
-3.619985
0.856314
1.141316
-0.280803
-0.437951
-0.911297
0.873262
1.027213
3.455943
0.921682
-0.378391
-1.179252
-1.441562
-1.642047
-1.196301
1.867849
-2.480196
-2.560111
-2.688888
-0.811500
-3.184680
0.825437
1.147701
1.742790
1.336403
0.860560
0.004356
0.460292
4.255208
-0.734628
-1.026959
-1.684863
-1.722438
-1.369134
-1.431129
-0.032985
0.074891
-2.372108
-2.393304
0.475978
-1.108960
0.686164
0.099746
-0.712671
0.456473
0.669760
2.047544
1.657003
2.964243
2.364876
1.010981
-0.460099
-1.434305
-1.771001
-0.171361
2.152162
-1.690752
-1.980865
-1.942609
-1.313528
-0.468484
2.736419
1.928513
1.333069
2.337450
1.985452
-0.020423
0.522211
3.459554
0.396668
-0.365103
-0.475923
-0.134104
0.219441
0.327726
2.992595
-0.430461
-2.791488
-2.748971
-3.325711
-4.312020
-0.695184
1.120382
-1.210228
-1.153412
-1.026753
0.690210
1.031856
3.767541
0.940593
-0.897905
-2.032821
-2.204315
-2.549382
-1.709208
1.642165
-1.345749
-3.371145
-2.727245
0.502199
-1.935025
0.340758
0.364208
-0.181308
0.586957
1.254746
2.577056
1.388660
3.249973
-0.206672
-0.208749
-0.072567
-0.709030
-0.357710
0.173522
3.044159
0.733997
-1.813127
-2.232007
-0.260955
-3.816288
0.900845
2.238615
0.466826
1.341833
1.136017
0.472478
-0.637938
4.298749
0.085727
0.254357
0.229897
0.190027
0.238301
0.771315
3.237561
0.368217
-0.797544
-3.106929
-2.790821
-4.543291
0.519783
2.134946
-0.404161
0.041246
0.214546
0.356636
1.210143
3.594807
1.556576
0.193475
-0.328760
-0.765090
-0.891528
-0.125895
2.971730
-1.523221
-1.249376
-2.362326
-1.936167
-5.032915
-0.094955
0.305297
-0.961183
0.274128
0.601298
2.199515
0.462749
3.452620
0.198683
-0.862077
-1.641289
-2.038630
-1.793243
-1.625841
2.010024
-0.464462
-2.474709
-2.090072
0.465545
-2.801250
0.658819
0.948243
0.076822
0.806186
1.325488
1.644317
2.853481
3.047866
2.404678
1.224870
0.324089
-1.241754
-1.090774
-0.534263
2.696738
-1.021436
-1.297468
-2.683342
-1.259739
-3.529876
0.840052
2.386063
-0.020634
0.459401
0.472743
1.218225
-0.359949
3.742228
-0.069048
-0.444629
-0.829187
-1.171733
-1.009271
0.084396
2.985887
-0.136694
-1.271317
-3.346597
-2.214672
-3.885304
-0.711922
0.012516
-1.532104
-0.136229
0.364838
3.177186
1.390314
4.762690
1.239504
-1.067667
-2.250493
-2.641418
-2.302789
-1.763762
2.374784
-0.264778
-1.612919
-1.927591
0.111943
-2.711976
0.996463
2.334127
0.079373
0.692661
0.837780
2.216577
0.577670
4.015749
-0.008717
-0.519686
-0.700109
-1.045659
-0.913945
0.384218
3.263369
-0.008242
-1.512607
-1.747505
-1.000779
-3.826088
0.824780
1.071690
-0.639163
0.552976
0.964891
0.584610
1.054757
4.047688
-0.204280
-0.722524
-1.004563
-1.217916
-1.081485
0.086493
3.197761
-0.572577
-1.408249
-2.255109
-1.300152
-3.525738
0.165582
1.038074
-0.624589
0.551489
0.669732
2.229364
0.467180
3.220083
2.513340
0.940513
-0.921403
-1.743819
-1.962813
-1.315802
1.870891
0.475410
-1.048236
-2.338235
-0.731768
-3.940876
0.897907
3.029915
0.392424
0.438131
0.516638
1.443613
-0.285985
3.030530
2.668521
1.132559
-0.290915
-1.950357
-2.233884
-0.884543
2.357374
-1.572832
-0.999578
-1.897173
-0.905529
-4.245434
0.561763
1.213215
0.223843
0.763625
0.460983
2.444699
1.828839
2.377668
1.649788
0.015799
-1.626446
-2.771189
-3.104460
-2.126067
0.823035
-0.479674
-2.907055
-2.652349
-0.942043
-2.394646
-0.491712
-0.748710
-1.892792
-0.692945
-0.530344
3.145758
3.786470
3.452615
1.113374
-1.724993
-2.895759
-3.426234
-3.342593
-1.021944
1.287879
-1.887229
-3.389901
-2.018923
-0.511410
-2.912697
0.520104
0.985175
1.306337
1.731830
1.516862
1.805325
2.802550
3.903172
-0.250277
-0.511202
-0.783956
-0.724075
-0.445234
0.248663
3.277816
0.145546
-3.271087
-1.614381
-2.976808
-3.787912
0.105817
0.912565
0.190143
0.627987
0.871783
1.615737
0.859663
3.056755
2.090857
0.483436
-0.760312
-1.654279
-2.001513
-0.925631
2.447718
-0.061725
-1.359716
-1.705288
0.131429
-3.006615
0.502333
1.074904
-0.613064
0.581994
1.060406
1.055161
1.799143
3.922194
-0.058056
-0.663001
-0.839813
-1.432181
-1.005689
-0.021493
3.110552
-1.257969
-1.619208
-2.157917
-1.753015
-4.264071
-0.051599
0.567691
0.750720
0.679113
0.314498
2.600163
0.916619
3.856533
2.477634
0.432976
-1.794968
-3.026811
-3.362841
-3.159472
-1.378553
-1.805232
-2.216257
-3.142529
0.086277
-1.789647
-0.534998
-0.614437
-2.662390
-0.974341
0.940617
2.647105
4.385787
2.887334
1.371269
-0.030993
-1.643438
-2.436335
-2.403894
0.617958
2.592840
-0.231897
-0.463279
-0.341049
1.070961
-2.411080
3.944777
4.783328
2.563824
3.556202
3.656104
2.521208
0.180278
1.267662
0.649041
0.769663
1.001133
0.467949
0.590421
0.850518
3.399108
-0.868397
0.015656
-0.527240
-6.340504
-9.614547
-2.417446
-4.298962
-3.800978
-3.336933
-2.376257
0.449543
1.533822
3.251014
0.746486
-2.513827
-5.582424
-6.652516
-7.415545
-8.675153
-8.266158
-3.907571
-7.406151
-6.741466
-4.435047
4.221158
7.863489
4.736391
3.607938
2.820857
1.257171
0.646399
3.282347
3.747844
-0.133585
1.639631
2.846308
3.491505
4.965515
4.682744
5.976687
0.417988
-1.439857
-0.584282
-1.947321
-1.864144
4.051710
6.221900
2.872476
2.697705
1.724168
-1.234429
-2.125580
2.013768
-1.360672
-0.179974
1.807919
2.374397
1.987242
2.301449
2.208253
-0.617224
-2.640636
-3.864672
-0.074996
-3.615029
-0.521858
-1.442713
-1.361111
-1.702152
-1.709018
0.711070
3.241506
2.517463
1.073649
-0.705180
-2.896785
-3.926072
-4.488251
-3.700380
-0.155316
-3.243805
-4.481888
-2.947721
-1.066831
-0.209255
0.188153
0.057914
0.525064
0.933903
2.615207
4.044236
3.793847
2.166756
1.053626
0.796521
0.229565
-0.292625
0.150757
0.981585
3.788976
-1.215785
-2.033069
-1.935034
0.002249
-4.362579
1.350504
2.838055
1.233012
1.185352
0.457193
-2.036088
-3.662831
4.031200
-0.193801
0.850920
1.610668
1.019690
0.318559
0.636914
2.037833
-0.445789
-0.787715
-1.910460
-0.172826
-2.716770
-0.121294
-1.751749
-1.325125
-0.361579
0.044030
3.153084
1.616399
3.464672
2.240149
0.073755
-1.895392
-3.059725
-3.450288
-2.105851
1.468811
-2.311697
-2.137449
-2.084908
-1.005432
-1.851242
0.428596
0.692347
-0.100519
1.188633
1.511960
3.958709
2.774306
4.486747
1.438017
-0.374542
-1.057634
-1.338512
-1.090244
0.794798
3.141625
-1.777313
-1.851935
-2.403835
-1.331836
-4.246842
0.453690
1.553958
-0.447686
0.372608
0.564059
1.372569
-0.265054
4.016106
-0.226224
-0.386443
-0.658069
-0.988028
-1.001291
-0.179646
2.701331
-0.321424
-2.036181
-2.308190
-0.457860
-2.538449
-0.128765
-0.187003
-1.356338
-0.150126
-0.128534
2.577750
0.967215
3.851366
2.225142
0.137928
-1.801414
-2.807925
-3.026376
-1.569749
1.137364
-0.920380
-1.859161
-2.160856
0.172927
-0.924969
2.013792
2.841973
0.402894
1.478593
1.743019
2.705260
1.924431
3.415732
0.602372
0.126562
0.110625
-0.457388
-0.175665
0.235429
3.419969
-1.171589
-1.633261
-2.623746
-2.116533
-7.670685
0.154729
1.236814
-1.580497
-0.810747
-0.229348
1.244032
-1.193048
3.573907
1.272842
-0.930337
-2.261176
-2.872134
-3.120393
-1.553443
0.818526
-3.705897
-4.297434
-2.347304
-0.347234
-1.040707
-0.222735
-0.619784
-0.619385
0.112345
1.292729
3.275938
3.874381
1.919479
0.449061
-0.105145
-0.825079
-1.692913
-1.098063
-0.009463
3.019913
0.061401
-0.816629
-0.634024
1.121185
-4.186739
3.619200
4.202127
2.002645
3.231289
3.464722
-0.446592
-0.013019
2.991159
0.695738
1.520904
2.160479
1.958554
2.269423
1.697406
4.852930
-1.486869
0.129742
0.667699
-5.614588
-8.864060
-2.903239
-2.198752
-3.925728
-3.035868
-2.103266
0.168589
-0.884720
2.155538
1.978648
0.630996
-0.850810
-1.998047
-2.371688
-1.778014
1.457126
-2.279297
-2.407710
-2.021186
0.562550
-3.108927
-0.634175
-0.174984
-1.790884
0.131643
1.003910
3.592134
0.125054
2.068640
1.885856
0.992208
-0.299628
-0.991532
-1.471515
0.635174
2.660493
-0.309185
-0.418058
-0.685595
-0.131792
-3.401548
1.636340
3.481180
1.237785
2.319204
2.428100
0.017271
0.661343
2.133394
0.617013
0.546116
0.875458
1.178888
1.576501
2.117897
4.886435
1.223835
0.717727
0.283052
-2.140707
-6.425436
-1.739557
-0.879637
-2.808575
-2.915595
-2.473181
0.093524
-1.027724
2.997032
-0.922422
-1.476329
-1.875217
-2.144410
-2.574130
-3.084192
-1.105609
-3.390825
-3.996516
-3.527187
-3.345031
-2.028677
0.335399
0.797584
0.517063
1.054605
1.172329
2.595784
1.219189
2.217228
2.288108
2.071230
1.206677
-0.034188
-0.013992
1.750412
3.426900
-0.776258
-1.704451
-2.076497
-1.081838
-3.934912
1.076462
2.559443
0.149930
1.177943
1.229470
0.734063
-1.018859
3.138386
-0.602711
-0.400776
0.268734
0.342184
0.607213
1.181993
3.739892
0.070769
-1.353765
-2.878393
-1.993346
-3.968354
-0.154058
1.615313
-0.857183
-0.352814
-0.283605
1.524491
0.033479
3.931179
-0.654030
-1.108140
-1.364359
-1.858996
-1.476149
1.002977
1.738013
-0.563612
-2.525090
-1.802502
-0.743765
-2.059146
1.727529
2.802598
1.080602
1.810275
1.595911
0.000000
-3.425391
-3.560032
-3.714591
-2.058156
-0.905182
-0.396672
-0.072096
-2.089080
-1.324170
-0.159417
-2.539369
-0.717367
-0.141652
2.069669
3.720859
4.103451
6.475860
4.959735
-0.392206
-3.178952
0.890474
0.425984
0.573149
-0.192549
-0.559625
-0.758196
0.071512
-1.312750
-1.433960
-0.577097
0.229147
0.933936
0.544701
1.861271
2.948638
2.964480
0.960568
1.342856
1.846796
1.942944
0.264524
-1.835235
-2.484382
-0.044846
-0.978793
0.373298
-4.346521
-3.787297
-2.786050
1.131802
1.961407
1.672558
1.526747
1.448262
-1.351012
-0.874827
3.528839
4.287483
4.347213
1.515422
-1.457741
-3.156187
-3.396725
-2.746158
-1.986102
0.700375
-0.508449
-4.381364
-1.335480
-3.184711
-3.258545
-1.324894
1.185485
1.735935
2.707917
2.868845
2.869360
1.048060
1.395561
-3.161009
-1.726993
-1.317020
0.688399
-0.047729
0.241088
-0.104142
0.457306
0.340064
0.206448
1.829752
1.669802
1.857399
1.058009
-0.273698
-0.421950
0.933077
-0.693912
1.245245
-1.829396
-4.065856
-4.747068
-8.235539
-7.249892
-6.126125
-4.049414
-2.816905
-2.962031
-3.451110
-4.340965
-4.718637
-1.482756
2.567571
7.793481
10.995957
8.381886
5.442783
5.465462
6.152715
6.902874
7.862779
9.154851
5.957348
-4.305846
-3.128972
-5.748588
0.000000
10.413593
9.114594
7.450546
6.640574
4.886977
2.811647
0.386631
-1.694655
-3.017991
-3.898858
-4.407940
-3.232204
-1.351761
-1.556133
-2.881451
-0.874981
-0.321495
-1.574812
-2.412806
-2.227202
-1.585494
-1.940214
-2.191276
-1.416447
0.195679
0.664905
2.380831
0.588278
0.019645
-1.925766
-2.151952
-2.517845
-2.169487
-2.106941
-1.605446
0.944549
-2.609045
-2.566915
-0.266003
1.672692
4.143272
11.901124
9.169820
9.440691
11.521675
9.766190
6.684799
4.948709
1.430778
-0.479503
-10.934800
-11.304002
-11.507487
-8.110922
-6.341689
-5.663738
9.667924
0.292175
-9.767348
-9.381217
-11.756978
-7.677070
-3.365516
-4.319681
-3.251863
-0.586697
-12.443757
-14.891229
-3.759456
6.904012
7.732762
11.074875
11.459002
9.074836
5.816813
10.232930
7.775826
5.992021
-6.393213
-4.280808
-10.484020
-6.282121
-3.113906
-4.670380
-2.762405
0.427952
-0.941566
-2.474883
0.951541
1.757126
3.381274
4.880024
3.990159
3.363208
2.759241
4.854359
1.512943
-0.718069
-1.705488
-1.270319
-7.923780
-0.602152
0.696885
-1.639554
0.357506
1.186097
-0.891217
-0.545462
1.586317
1.403824
2.246213
3.305665
2.043856
2.807274
2.023704
4.688652
0.408095
-0.962500
-2.492492
-4.515782
-7.932862
-1.115428
0.371819
-2.306074
-0.971375
-0.687636
-2.456490
-0.265218
1.195078
0.321301
1.048825
2.247632
1.943446
1.572807
1.198308
3.617697
-0.466101
-2.121513
-2.634355
-2.321748
-5.853203
-0.333777
2.165948
-0.513314
0.050222
-0.330038
-0.663768
-0.249989
3.649130
-0.575886
0.401044
1.379612
1.523425
1.560344
0.659186
3.619243
-0.955556
-1.497196
-2.931134
-2.648862
-5.401765
-0.425103
1.826845
-1.014183
-0.887171
-1.395854
-1.598226
-0.974425
3.577344
-0.613947
0.427311
1.378703
1.133639
0.907635
0.236267
2.768121
-0.310678
-3.248498
-3.476636
-0.161095
-4.554544
0.284036
2.887299
0.401869
0.412214
-0.217331
-1.859271
-3.275625
3.476117
0.250368
2.040627
2.630647
1.930653
1.274535
0.740661
3.607932
-0.932879
-0.831632
-2.146987
-1.535674
-5.357646
-0.396602
1.707793
-1.153478
-1.275120
-1.688777
-1.557223
-0.546156
3.360730
-1.005118
-0.054667
1.035174
0.696794
0.791420
0.952893
3.668978
0.753478
-2.055181
-2.359706
-0.443016
-4.818925
1.180922
2.697552
0.729926
0.437753
0.042338
-1.255047
-1.754928
3.636712
0.173599
1.835059
2.793689
1.235150
1.599334
0.774446
3.384042
-2.260307
-2.090332
-3.484294
-3.169265
-7.720862
-0.787579
0.868860
-1.291361
-0.600572
-1.213088
0.694369
-1.106045
2.696011
-1.090536
-0.890719
-0.443410
-0.504104
-0.495963
-1.008849
2.098832
-0.731869
-3.303875
-3.513405
-0.438536
-2.912070
0.526219
2.230053
-0.390542
0.069006
-0.405374
-0.535439
-1.379084
3.861285
0.262751
1.063071
1.535433
1.008365
0.763582
0.044842
2.790097
-1.324716
-3.325116
-3.349467
-1.861481
-5.075569
0.395206
2.835028
0.145852
0.526230
0.062390
-0.700802
-0.431215
3.284930
-0.616360
0.132069
1.173293
0.959073
1.010406
0.153859
2.953850
-0.935342
-3.190378
-3.427745
-1.880110
-4.071660
0.243963
2.572267
0.127858
0.159463
-0.658442
-0.813994
-2.036295
4.446617
0.085291
0.605767
1.056867
0.399740
0.227134
-0.124536
2.642443
0.918361
-3.059448
-3.279442
-2.473608
-2.147352
-0.809059
2.095640
0.906223
1.499847
1.414753
1.182876
-2.636836
-0.576911
2.092578
3.338416
3.478986
2.338984
1.405471
0.195396
3.461122
-2.640119
-1.438850
-0.338302
-4.210042
-4.409713
-3.567731
0.303242
-1.656812
-1.219394
-1.214077
0.252559
-1.277604
3.421840
-0.529593
-0.477032
-0.539928
-0.816903
-1.039926
-1.331334
2.272737
0.981546
-2.255376
-2.789220
-0.458112
-2.096201
1.269022
2.229578
-0.057075
0.713600
0.741436
0.594911
-1.014469
3.877956
0.817900
1.629702
2.281410
1.988270
1.533926
0.591637
3.464167
-1.054495
-2.341769
-3.076802
-2.454379
-7.140657
0.143576
3.011129
-0.008949
0.351104
0.052812
-2.126680
-0.336668
3.168644
-0.534175
0.218485
1.314683
1.161668
0.984806
0.197908
2.966005
-2.024322
-3.478932
-3.758819
-2.642490
-4.341223
-0.791028
-0.054398
-1.750237
-1.187393
-1.161648
-0.343866
-2.135285
4.142043
-0.227215
-0.016480
0.047363
-0.332594
-0.632393
0.550590
2.306126
-0.536249
-1.539903
-2.428611
-0.770158
-1.684728
1.286010
1.684880
0.185264
1.282372
1.319027
0.581180
-0.243487
3.595596
0.114569
1.099810
2.307859
2.505938
2.405644
1.431899
4.489270
-0.983478
-1.465563
-0.802854
-2.468694
-6.571284
-1.675156
-0.945468
-2.324677
-1.225596
-1.245723
-0.095749
-3.355830
2.084483
1.502368
1.639321
1.590885
1.246249
0.377771
-0.431850
2.834604
0.163396
-2.385557
-2.151435
-0.753086
-4.172216
0.904818
3.724579
1.168695
1.355711
0.873955
0.621207
-3.023787
0.923078
0.299383
1.131739
1.821995
1.889674
1.460881
1.267721
3.958789
-1.371778
-0.990040
-2.682195
-1.848058
-6.314379
-1.654525
0.113157
-2.507746
-2.320431
-2.765538
0.856810
0.037264
3.234875
-0.947234
-1.084982
-1.192583
-1.632552
-1.663302
-1.823360
1.850767
0.449201
-2.149554
-2.682553
1.724576
-1.467811
0.599496
2.611707
0.543194
0.990951
0.687672
0.547989
-0.344205
2.773919
1.019917
2.005840
2.640590
2.424432
1.865866
0.897572
3.641863
-1.249272
-2.049472
-2.510603
-1.528162
-6.759037
-0.879908
0.408587
-1.328539
-0.119223
0.074429
0.529536
-1.813372
2.651729
0.099498
1.166022
2.126965
1.847920
1.112281
0.538107
2.328245
0.764605
-1.714342
-2.392458
-1.115826
-5.808823
-0.647117
1.313174
-1.126045
-0.562282
-0.796713
-0.915789
-1.650915
2.492332
1.738089
1.413634
1.434678
0.932369
0.348628
0.582424
3.508158
-0.783384
-2.716222
-0.324293
-3.377445
-4.617192
-2.981514
0.679043
0.017998
0.285971
0.564436
2.401960
1.430569
2.508038
-0.764444
-0.139854
0.622143
0.948787
0.931173
1.236033
3.672409
0.921232
-1.348575
-1.735456
-0.579071
-4.233788
0.000310
1.427979
-0.826507
-0.795014
-0.920202
-0.278560
-2.397218
-1.880327
0.981291
3.409991
3.941990
2.162949
1.495357
0.424658
3.029557
-2.357670
-3.039003
-2.576575
-8.226788
-9.724800
-5.573759
-0.953963
-1.618480
-0.852739
0.039059
3.453091
0.823163
0.931393
0.731387
0.663808
1.025939
0.702527
0.161552
-0.978851
1.737779
-0.297098
-1.682004
-3.248510
1.847123
-5.133817
0.014164
2.052491
-0.605428
1.071816
1.491796
0.943166
-1.842651
2.784157
0.827871
2.610814
3.964483
3.861466
3.093711
1.900376
4.648547
-0.325746
-2.005813
-2.613962
-2.755494
-8.098686
-1.479618
-0.111881
-2.180632
-0.508032
0.069078
1.517454
-1.831933
-0.285165
3.913563
1.348696
1.830275
2.451034
2.279516
1.259548
4.432546
0.098693
-1.488642
-3.501589
-2.884938
-7.678890
-1.316850
0.683848
-1.468481
-0.461308
-0.489637
-1.200537
-3.209648
3.941670
0.319684
1.712041
3.101981
2.965450
2.217034
1.862732
4.509081
-1.079434
-1.230271
0.476987
-3.648748
-4.473920
-1.122238
0.555517
-1.741376
-1.393613
-1.572242
-0.475375
-0.029204
3.577688
0.871526
-0.366377
0.345231
0.841725
1.313781
1.291956
4.443575
1.251595
-0.342819
-1.392812
-0.722307
-5.119804
-0.154696
1.279288
-1.116249
-1.045895
-0.845677
0.249893
-2.452477
0.347965
0.748085
2.583418
3.551906
1.873309
1.793285
1.128595
3.834177
-0.848436
-2.401536
-1.477138
-3.539972
-8.661156
-3.045369
-1.498758
-3.811273
-2.207003
-1.465941
3.859953
-0.145430
1.429971
0.033015
0.171302
0.538641
0.345942
-0.083512
-0.984810
2.252605
0.172535
-2.187464
-2.762433
-0.773983
-6.056040
0.825017
2.495512
-0.304189
0.946804
1.098623
0.440084
-0.565474
2.834567
1.734170
1.060802
2.347813
2.550639
2.783246
1.940154
4.855485
-0.486538
-0.935036
-2.118965
-1.936313
-7.439306
-1.799972
-0.581888
-2.551420
-1.637873
-1.313947
0.557780
-1.126655
2.678315
1.037247
-0.343618
0.636194
1.194284
1.400943
0.844169
3.704137
-0.157611
-2.538449
-2.999796
-2.146276
-6.961437
-0.137678
1.848213
-0.905845
-0.066351
0.077526
-1.316284
-0.036644
4.119050
0.305867
1.485303
2.896859
2.378578
2.240676
1.341675
4.136096
-1.080860
-2.573393
-1.373045
-4.850961
-6.562284
-3.605600
0.662817
-1.614470
-0.420642
-0.343861
1.852379
-0.543533
2.398369
-0.456402
0.697328
1.908160
2.151784
1.764949
-0.041628
3.288446
-0.643426
-3.464637
-3.337256
-2.213510
-7.404052
-0.766176
1.496194
-1.259624
-0.249211
-0.193204
-0.830397
-1.445302
3.540572
-0.222041
1.519920
3.254970
2.980422
2.766701
1.663582
4.184370
-0.726490
-3.265738
-1.138809
-4.047010
-5.787975
-2.455473
1.660120
-1.262166
-0.572932
-0.561110
1.352961
-0.294093
3.155341
-0.228151
0.332737
1.632661
1.721007
1.760572
1.096719
3.822509
-0.338460
-2.229576
-2.132447
-1.065364
-5.682820
-0.428883
1.897141
-1.268953
-1.046239
-1.324032
-2.868864
-3.143792
4.110312
0.342744
2.239473
3.465225
3.076927
2.269998
1.335816
4.018930
-1.498218
-2.345192
-0.385402
-3.459051
-4.575813
-2.230096
1.633681
-1.377991
-1.037549
-1.365566
-0.485024
-2.023570
3.417086
-0.111093
0.976714
2.058927
1.855233
1.368880
1.503375
4.882844
0.827111
-1.140854
-1.350166
-0.459257
-3.787576
-0.164549
1.130151
-0.463763
-1.309886
-2.136386
-1.114914
-4.695604
-3.459818
0.677505
4.342628
5.485183
3.645458
2.754767
0.956419
3.530301
-1.525682
-3.621717
-2.702430
-5.252737
-8.279231
-3.529986
0.648118
-1.704863
0.104371
0.456394
1.980550
-0.465238
2.172523
0.391366
1.259309
2.609761
2.594052
2.351200
1.030578
3.861562
-1.285499
-4.101807
-1.971701
-4.897392
-8.433372
-2.622318
0.763003
-2.094193
-0.167862
0.397155
1.917571
-1.592828
2.384702
0.025220
1.159983
2.773949
3.185646
2.835010
0.572847
3.895612
-0.201015
-3.627646
-3.489903
-2.739145
-8.280236
-1.326486
0.967689
-1.712272
0.012041
0.584470
-1.872248
0.451167
2.952818
-0.996999
1.056006
3.671815
4.275828
4.112737
2.180882
4.968720
-0.272980
-3.227098
-0.981873
-2.934327
-8.162782
-1.790275
-0.533850
-2.428032
-0.550739
-0.079575
0.786896
-2.736342
3.158626
2.201341
0.612957
2.338353
3.680885
3.943465
1.871822
5.599223
0.102466
-2.161609
-3.147230
-3.540758
-8.750369
-2.644320
-0.978371
-2.786695
-1.194540
-0.701210
-2.564192
-4.013940
4.744088
2.324880
0.580360
3.238736
4.718701
4.650649
2.141535
5.607554
0.091362
-1.894660
-4.520572
-4.834509
-6.472330
-5.191444
-0.158758
-2.514958
-1.064943
-0.224680
1.164893
-4.734355
2.094072
0.189725
2.624882
4.775691
5.330360
4.534148
1.726699
4.333690
0.985433
-1.128787
-1.762403
-5.123469
-4.613085
-2.361033
-0.607866
-2.682302
-2.402385
-2.176303
-1.050477
-6.297370
-2.566893
1.904105
3.270925
5.515725
5.735030
4.595146
3.530256
5.434976
0.326488
0.050383
-1.266234
-1.865916
-5.467371
-2.100514
-0.520770
-2.142360
-2.537052
-3.012531
-0.136071
-5.987000
2.113120
2.459490
0.393682
2.512411
3.707956
3.474596
1.668219
4.623568
-0.230199
-3.309093
-0.768904
-4.703957
-5.645717
-1.663649
0.121656
-2.119218
-1.308007
-1.128455
-1.258499
-3.860646
4.583496
2.485218
0.364078
2.694824
4.170500
4.515520
1.808049
5.424045
-0.034874
-1.033187
-3.052340
-1.945932
-7.345814
-1.409560
-0.180152
-1.118683
-1.305945
-1.921079
-0.618300
-5.599935
-2.795228
2.881793
2.207628
4.553870
5.318867
4.468095
2.082716
4.835254
-0.388466
-3.673440
-1.123301
-5.143675
-5.399504
-1.397976
0.951908
-0.029072
-0.321671
0.002833
0.136119
-3.880502
-1.869720
2.099468
1.758921
3.907573
4.396699
4.204552
1.997926
3.790376
0.129135
-2.632735
-1.993266
-4.527928
-4.925419
-3.085510
-0.410392
-1.654364
-0.790094
-1.076595
-0.258264
-5.503585
-3.057029
-0.863650
3.423509
5.716399
5.918478
4.382250
0.713230
4.028529
-0.605068
-4.081815
-3.437276
-5.006125
-7.549920
-4.419552
1.370789
-0.731598
0.489085
0.966315
3.797345
-3.760632
1.325276
-0.592892
-0.015801
3.438331
5.043478
4.977688
2.683389
4.176229
1.066491
-3.071092
-2.017733
-4.480486
-5.863835
-6.442849
1.149641
-0.756003
0.142606
0.282126
0.405998
-4.074223
-3.617535
0.838810
1.815393
4.426832
5.660290
3.696468
1.801060
4.322911
0.315433
-3.681866
-3.399127
-3.497886
-8.429780
-3.769020
-2.244483
-1.858186
-1.639835
-1.701302
-1.116308
-3.150742
2.222417
1.655088
-0.251536
2.257056
2.623629
3.190524
1.807822
3.166596
2.495447
-2.005009
-2.062425
-4.356371
-4.580165
-2.082030
1.250043
0.036749
0.482106
0.782340
2.209115
-6.367442
0.119687
2.237568
2.118664
4.952897
5.830749
5.388775
3.658713
5.656412
0.412739
-1.853679
-2.327650
-9.541735
-4.262476
-6.338061
0.986201
-1.103108
-0.319695
0.259796
0.664681
-7.264970
2.169449
0.807979
0.874003
4.139122
5.462201
4.895621
3.082119
3.891934
-1.788569
-3.918289
-3.393406
-4.203750
-8.011544
-4.617308
-1.759563
-3.416944
-2.114549
-2.016524
2.801456
-1.441040
-2.590973
0.113288
1.470901
2.452383
1.987455
1.248062
1.560853
0.402050
2.572828
-2.548419
-0.390247
-0.271977
-4.618199
-2.484646
2.542135
1.229289
1.938141
3.208679
3.144083
-0.782409
3.465987
-1.584477
-1.915857
2.463651
5.862702
6.196282
3.665845
7.910130
3.141164
0.112581
-3.321573
-5.901397
-5.548552
-6.418423
-7.305160
-6.949212
-7.728094
-7.068359
0.911151
-7.178486
-9.510669
-5.200539
2.908678
5.730294
5.319140
3.622396
1.631139
3.138553
1.490282
-0.779080
-2.786452
-0.718635
0.616082
9.078274
11.883150
8.780315
9.961103
9.687215
5.933203
3.689967
2.920591
-13.343080
-7.727622
-4.006868
-1.525094
-1.122427
-5.525757
0.000000
2.218625
0.797103
-0.614485
-1.334691
-0.024304
-1.568199
-2.416505
-2.621144
-4.135161
-2.074019
-0.104290
1.982168
2.999780
3.022307
-0.991734
-3.757987
-3.524399
-3.416593
-3.005007
-3.590901
-3.365106
1.247355
0.097555
0.150420
-0.895178
-1.124939
-0.016681
1.600572
2.210335
1.847060
0.452133
1.489937
1.737609
-0.132900
-1.352523
-1.554128
-0.466118
-1.366120
0.894522
3.409747
2.642516
2.849386
3.089515
1.842419
3.277798
-0.055089
-0.856883
-0.174943
1.567934
3.702022
4.336928
4.651855
5.636782
2.549808
0.484849
0.860055
-3.497441
-2.540206
-3.716561
-0.806938
-3.065729
-3.293656
-3.713659
-1.758633
-2.003056
0.057793
2.612435
0.573220
0.269637
0.251356
-0.384262
-0.392999
2.612491
-0.313172
-3.562848
-1.928283
-2.984328
-5.857344
-3.508843
-0.040847
-0.870615
-0.298074
2.135987
2.661327
2.206033
2.283201
-0.080498
0.291597
1.053397
0.643456
0.881315
0.855288
2.939393
-0.033528
-3.072729
-1.619381
0.073224
-5.676009
-2.557472
-2.078564
-1.693395
-0.517446
0.727296
2.353831
-0.373596
0.722170
1.189229
2.310580
2.931731
2.260938
1.608361
0.238084
3.151550
-0.015544
-3.439152
-1.350780
-3.955537
-4.849456
-4.076534
0.562363
-0.564452
-0.424596
0.393331
0.735828
-2.587764
0.566083
3.984541
1.404396
2.125980
2.270521
2.206184
1.749164
4.321826
0.677849
-2.182480
-0.228814
-3.248240
-4.200357
-1.889490
0.847753
-0.945851
-0.855588
-1.262579
-2.108320
-1.496416
2.737399
1.952625
-0.101492
0.736173
1.565886
1.732445
1.221671
3.625493
0.346531
-2.249307
-2.946054
-0.924324
-4.440802
-3.971242
0.650588
-1.508473
-0.723703
-0.593170
0.848117
-1.993017
1.597811
3.697276
-0.640866
0.206160
1.270339
1.029672
0.584974
2.400904
2.219764
-2.859873
-1.092515
-1.370157
-3.278054
-1.680242
1.094390
0.027200
0.027965
-0.616113
-1.691977
-0.963139
2.425847
1.424657
-0.380285
1.251452
1.748659
2.370961
2.075817
4.601521
0.075838
-2.734743
-0.927148
-2.234844
-6.735262
-2.013615
0.874289
-1.722894
-1.452410
-1.257058
0.480011
-2.248117
0.510136
4.808262
0.186985
0.750558
1.234534
1.226855
1.121185
3.111733
1.998497
-2.357591
-0.805219
0.256166
-4.661788
-1.349627
1.066648
-0.688142
-0.101133
-0.145367
-1.076575
-1.360475
2.892445
2.181063
0.314023
1.663137
2.417314
2.766746
1.996580
4.629682
-0.304356
-2.901663
-0.828619
-3.469227
-7.830775
-2.695221
0.354114
-2.246627
-1.851324
-1.698963
-1.787732
-0.155717
