0.940485
0.975775
1.008891
1.031378
1.042796
1.045164
1.044454
1.041693
1.036124
1.026794
1.012605
0.992604
0.965879
0.931492
0.888286
0.834998
0.815369
0.827063
0.845965
0.870393
0.901681
0.935319
0.967189
0.995999
1.021035
1.041359
1.054906
1.060188
1.058339
1.051084
1.043928
1.040241
1.036245
1.030516
1.104122
1.172491
1.222494
1.244728
1.245979
1.257010
1.269664
1.285234
1.286249
1.284805
1.335583
1.370296
1.388640
1.393968
1.387928
1.382115
0.900000
0.933863
0.958894
0.982604
0.999783
1.007189
1.008072
1.008564
1.008900
1.008369
1.006141
1.000935
0.991561
0.976433
0.953525
0.920501
0.875924
0.819249
0.815898
0.807567
0.796613
0.783178
0.770149
0.764062
0.756499
0.747106
0.735622
0.724297
0.710478
0.691498
0.667243
0.639070
0.608187
0.900000
0.928533
0.945896
0.961511
0.969927
0.969113
0.961300
0.952623
0.943694
0.932222
0.917923
0.900083
0.877460
0.848164
0.809777
0.770626
0.777780
0.791078
0.808323
0.827827
0.847150
0.918050
1.063814
1.244743
1.411821
1.538069
1.612237
1.637283
1.549277
1.375606
1.180404
1.027724
0.897452
0.766515
0.601511
0.663027
0.691905
0.716499
0.741248
0.770370
0.801777
0.882019
1.010652
1.199368
1.387198
1.544430
1.664688
1.748782
1.809364
1.817834
1.677037
1.500484
1.313374
1.089076
1.105463
1.113227
1.111426
1.108699
1.107596
1.111139
1.116734
1.160825
1.258049
1.418357
1.599050
1.769571
1.903979
1.991851
2.036022
2.044780
1.900923
1.702922
1.511505
1.283470
1.215159
1.217821
1.205799
1.190795
1.173390
1.156976
1.143417
1.203876
1.325347
1.500197
1.678932
1.833660
1.944341
1.999968
1.919386
1.731232
1.504802
1.332895
1.199571
1.015504
0.996038
1.007929
1.008132
1.007648
1.005859
1.004109
1.004884
1.055460
1.158848
1.328158
1.510312
1.671419
1.791840
1.868183
1.909893
1.925776
1.786929
1.602984
1.430134
1.229361
0.987175
0.999615
0.996805
0.993168
0.990687
0.989758
0.990368
1.062248
1.188584
1.364513
1.543812
1.700966
1.817886
1.889935
1.924363
1.897379
1.750650
1.578492
1.418397
1.218634
1.149941
1.166971
1.164812
1.161036
1.160014
1.162886
1.166421
1.210948
1.304050
1.456536
1.627727
1.790069
1.919385
2.003434
2.042363
1.954146
1.751662
1.569266
1.412255
1.219887
0.994889
1.002818
0.993436
0.981228
0.972455
0.967519
0.965056
1.036404
1.170377
1.351934
1.532056
1.685200
1.796244
1.863475
1.896122
1.907874
1.778056
1.602047
1.431369
1.221924
1.112393
1.129512
1.126773
1.124236
1.126082
1.131710
1.136499
1.182498
1.274744
1.428355
1.602585
1.766779
1.894483
1.974163
2.006338
1.877559
1.703801
1.532823
1.376957
1.178028
1.099425
1.098219
1.081308
1.059206
1.036661
1.015310
0.996512
1.056513
1.182117
1.352652
1.524870
1.675506
1.787426
1.853587
1.881738
1.885444
1.740431
1.560304
1.393452
1.189782
0.972430
0.990723
0.991953
0.996554
1.004867
1.016581
1.022800
1.077186
1.176954
1.338457
1.517130
1.682969
1.811684
1.895386
1.940018
1.957352
1.817832
1.638363
1.452908
1.244085
1.107681
1.112274
1.099005
1.086197
1.076159
1.068970
1.063502
1.130874
1.258800
1.433317
1.610762
1.765423
1.877065
1.939248
1.963318
1.966679
1.822160
1.633438
1.454121
1.237419
1.153361
1.167014
1.169446
1.171780
1.173850
1.177677
1.179785
1.216093
1.308680
1.465991
1.643611
1.811929
1.943417
2.027414
2.068348
1.970219
1.764136
1.584310
1.416331
1.209122
1.140615
1.149257
1.140714
1.130900
1.122482
1.117243
1.115501
1.156573
1.258202
1.430761
1.618595
1.785113
1.906434
1.978105
2.011794
2.019798
1.872853
1.678460
1.494645
1.276322
1.100964
1.109753
1.102089
1.092997
1.085635
1.080047
1.075795
1.127797
1.248862
1.423509
1.604666
1.764437
1.880827
1.946952
1.971526
1.957803
1.802611
1.613612
1.436497
1.225230
1.145548
1.163736
1.167436
1.167038
1.166842
1.169083
1.173876
1.220712
1.315298
1.471488
1.646985
1.812183
1.942124
2.025290
2.061624
2.067544
1.920764
1.733285
1.540645
1.319594
1.182010
1.177755
1.155761
1.132506
1.112594
1.096674
1.082353
1.143869
1.267697
1.438698
1.613772
1.766624
1.877781
1.937818
1.866216
1.807298
1.644763
1.468809
1.309131
1.105923
1.070800
1.081865
1.080418
1.079676
1.080927
1.084046
1.087933
1.142877
1.244970
1.410511
1.590800
1.753693
1.876628
1.953650
1.991513
2.002709
1.859047
1.675490
1.490833
1.277310
1.133026
1.142434
1.134446
1.118129
1.104262
1.094375
1.087586
1.154607
1.279303
1.451341
1.628296
1.784879
1.899660
1.964842
1.893362
1.709990
1.494274
1.331310
1.201209
1.025814
1.058723
1.079526
1.085208
1.088058
1.090348
1.094411
1.102247
1.154162
1.261077
1.432844
1.619819
1.787320
1.913547
1.994374
2.034094
2.048319
1.908524
1.716851
1.535897
1.328694
1.090712
1.096695
1.085090
1.068420
1.054270
1.043668
1.035005
1.100857
1.229453
1.404598
1.581245
1.733700
1.845353
1.909701
1.935232
1.836899
1.638318
1.461029
1.306283
1.103951
1.092827
1.110870
1.112010
1.114338
1.119531
1.128591
1.135324
1.182110
1.278095
1.437480
1.616129
1.783136
1.913346
1.996663
2.033560
1.998110
1.819163
1.623416
1.450083
1.281137
1.071208
1.057638
1.056782
1.050873
1.040730
1.030742
1.023897
1.089932
1.221703
1.403161
1.584274
1.736758
1.844874
1.903214
1.925727
1.874974
1.691331
1.503372
1.340787
1.141478
1.072633
1.087795
1.091098
1.093660
1.097381
1.102823
1.104320
1.141876
1.239248
1.403154
1.585106
1.752687
1.880169
1.961128
2.000348
1.944683
1.779082
1.603068
1.423976
1.217306
1.095174
1.099619
1.086608
1.074153
1.064531
1.057564
1.051830
1.121320
1.250261
1.424094
1.600437
1.753718
1.864575
1.927076
1.949817
1.913458
1.744261
1.560409
1.392653
1.186794
1.075356
1.091526
1.086076
1.079070
1.076075
1.077312
1.080117
1.131566
1.250808
1.419377
1.598486
1.758925
1.881274
1.957805
1.994679
2.005365
1.864350
1.675380
1.503382
1.304596
1.110743
1.122094
1.113845
1.101801
1.090434
1.080829
1.079302
1.121941
1.222181
1.382024
1.559135
1.724486
1.855109
1.937375
1.892551
1.831845
1.672600
1.506420
1.358975
1.166791
1.129967
1.150968
1.159381
1.164259
1.168955
1.174725
1.175245
1.201430
1.278672
1.423693
1.593108
1.757372
1.891436
1.982173
2.030419
2.048176
1.912445
1.722668
1.544918
1.344983
1.106843
1.064040
1.051889
1.039799
1.031989
1.027590
1.025411
1.069515
1.175882
1.339955
1.519474
1.684324
1.812196
1.892405
1.932496
1.842244
1.648604
1.473300
1.321512
1.130621
1.110224
1.131531
1.136044
1.138190
1.140260
1.143697
1.142182
1.169136
1.253699
1.407152
1.586314
1.752311
1.881702
1.964837
2.009427
2.025629
1.884924
1.697186
1.522948
1.318919
1.078948
1.041640
1.036065
1.029492
1.026233
1.025168
1.025149
1.073195
1.183121
1.350132
1.531061
1.694614
1.819297
1.897579
1.937117
1.879649
1.696332
1.513279
1.356778
1.168153
1.058970
1.074631
1.074473
1.071783
1.067244
1.063061
1.061561
1.090870
1.180180
1.340575
1.524534
1.693899
1.823844
1.905754
1.948808
1.869183
1.668664
1.487526
1.331049
1.131768
0.983511
1.000094
0.997723
0.990677
0.985662
0.982133
0.986158
1.034614
1.145212
1.311288
1.489537
1.650410
1.775059
1.853340
1.893136
1.909751
1.777307
1.599330
1.431488
1.230307
1.095621
1.113128
1.109193
1.104956
1.105138
1.108962
1.113497
1.150980
1.240637
1.391259
1.568045
1.738137
1.875586
1.967764
2.014870
1.926025
1.718340
1.528530
1.368537
1.215734
1.042133
1.061593
1.058410
1.049694
1.038322
1.026815
1.017785
1.058207
1.168627
1.338983
1.521967
1.681163
1.797102
1.862221
1.888429
1.799202
1.596594
1.414949
1.257838
1.059219
0.951577
0.965835
0.963297
0.962592
0.965053
0.969671
0.975276
1.016190
1.109799
1.265581
1.444991
1.613226
1.746312
1.834090
1.882857
1.905072
1.774692
1.600791
1.439674
1.245538
1.097068
1.115352
1.115087
1.109137
1.104855
1.102780
1.105283
1.136325
1.223492
1.379310
1.559850
1.729923
1.864328
1.951914
1.998174
1.907655
1.709250
1.532186
1.379821
1.181870
1.101512
1.113696
1.106143
1.097221
1.091847
1.089484
1.095044
1.125796
1.213897
1.366922
1.545013
1.713869
1.848457
1.936415
1.983140
1.897664
1.703013
1.533226
1.374323
1.181551
1.114531
1.126675
1.124946
1.120402
1.118629
1.120066
1.116324
1.140979
1.229265
1.383352
1.563102
1.730304
1.858323
1.936160
1.973427
1.986113
1.845806
1.660143
1.491289
1.298902
1.071720
1.059081
1.062665
1.065055
1.070642
1.079525
1.091414
1.130357
1.226011
1.389242
1.576427
1.750310
1.885956
1.975992
2.024375
1.932449
1.734185
1.551525
1.391128
1.210325
1.112486
1.126583
1.127064
1.123253
1.115997
1.108111
1.102270
1.145123
1.255802
1.428921
1.613674
1.774097
1.889313
1.953704
1.977472
1.875877
1.675079
1.495558
1.338691
1.137517
1.060123
1.076004
1.072300
1.068657
1.068803
1.072326
1.077929
1.113117
1.208190
1.364267
1.544301
1.714078
1.848550
1.936851
1.984142
1.893967
1.694112
1.514387
1.358556
1.206296
1.075960
1.093890
1.094121
1.087975
1.080914
1.074359
1.070269
1.115447
1.232458
1.407341
1.591274
1.749388
1.862680
1.927355
1.953679
1.856359
1.657198
1.480227
1.329358
1.139273
1.036160
1.052972
1.050265
1.047806
1.048955
1.053138
1.059073
1.094488
1.186600
1.344953
1.527989
1.699322
1.833707
1.921038
1.967760
1.877437
1.680591
1.502246
1.349091
1.187220
1.079414
1.100362
1.107184
1.109368
1.110388
1.112011
1.120820
1.156871
1.255934
1.418811
1.604073
1.771970
1.899467
1.979323
2.018656
1.923354
1.722603
1.549788
1.389706
1.191694
1.106767
1.114761
1.106234
1.097094
1.090100
1.085494
1.082561
1.127391
1.240184
1.406473
1.586473
1.748761
1.870758
1.942929
1.973376
1.875362
1.676018
1.497330
1.344499
1.154032
1.091921
1.115046
1.123810
1.128280
1.131771
1.136277
1.147617
1.186636
1.280416
1.435436
1.613442
1.781239
1.914533
2.003009
2.048244
2.052289
1.903891
1.713630
1.537400
1.366800
1.153242
1.145370
1.146721
1.142821
1.134270
1.125167
1.119848
1.160424
1.316997
1.505840
1.689280
1.844630
1.957076
2.016411
1.938435
1.749145
1.527576
1.358495
1.222697
1.056694
1.084717
1.107121
1.117808
1.126138
1.128408
1.128173
1.130934
1.160775
1.251229
1.412437
1.597554
1.768796
1.900081
1.983124
2.024153
1.928979
1.723252
1.540849
1.384166
1.229593
1.038275
1.058466
1.054330
1.047343
1.042069
1.038342
1.037214
1.070088
1.171897
1.341275
1.529587
1.697371
1.821221
1.892977
1.923099
1.825567
1.626973
1.449305
1.296364
1.153503
1.048657
1.075265
1.086939
1.097505
1.105334
1.113446
1.123624
1.163709
1.262879
1.425229
1.610599
1.781113
1.913926
2.001619
2.046808
1.953227
1.752255
1.574291
1.409272
1.206573
1.125275
1.134493
1.126162
1.114831
1.104537
1.095559
1.088529
1.129804
1.238416
1.407679
1.589537
1.750334
1.868575
1.935830
1.960737
1.860177
1.657617
1.475585
1.315166
1.111551
1.048072
1.061608
1.055874
1.051170
1.049533
1.049973
1.051453
1.083062
1.172019
1.329166
1.510186
1.680300
1.813600
1.898785
1.941185
1.852495
1.659175
1.482573
1.331782
1.144296
1.094811
1.117874
1.122511
1.123878
1.123746
1.125936
1.130664
1.168817
1.267814
1.429484
1.612739
1.779440
1.907817
1.990070
2.028597
1.932403
1.729630
1.548249
1.392052
1.238262
1.047890
1.065281
1.059415
1.048364
1.040399
1.035789
1.032023
1.075739
1.186957
1.357228
1.540804
1.702871
1.822327
1.889913
1.915215
1.816114
1.615482
1.434734
1.281845
1.139223
1.022744
1.051672
1.062630
1.068076
1.074178
1.081900
1.097292
1.142481
1.246346
1.411289
1.596055
1.763691
1.893393
1.978009
2.020335
2.035554
1.898610
1.713840
1.535064
1.356787
1.136618
1.153897
1.152106
1.146278
1.138148
1.131178
1.126329
1.169396
1.278404
1.448978
1.632399
1.797211
1.921373
1.993631
1.927291
1.744652
1.525473
1.358423
1.224523
1.096407
1.051270
1.077613
1.091461
1.100565
1.106222
1.111787
1.125201
1.164422
1.266303
1.434069
1.621855
1.789332
1.917604
1.998635
2.039687
1.945212
1.744418
1.570435
1.413175
1.201811
1.148606
1.159986
1.151524
1.138837
1.129608
1.123480
1.119012
1.138430
1.233587
1.382238
1.560026
1.728727
1.863102
1.947830
1.988082
1.896474
1.695511
1.515725
1.364461
1.219791
1.076710
1.102281
1.108253
1.105671
1.103104
1.100701
1.100436
1.125358
1.226867
1.380484
1.560645
1.728278
1.859727
1.944796
1.988050
1.901520
1.706526
1.532016
1.389344
1.255556
1.119742
1.142237
1.144717
1.140752
1.137353
1.135945
1.138852
1.154999
1.234055
1.378029
1.556945
1.730595
1.871807
1.966375
2.017566
1.931262
1.733980
1.554284
1.399010
1.197754
1.117241
1.127393
1.116638
1.102813
1.091629
1.082367
1.076559
1.092153
1.176345
1.320881
1.495555
1.664735
1.801694
1.889575
1.932151
1.844773
1.647049
1.467926
1.312133
1.163955
1.061469
1.087233
1.096922
1.103091
1.107733
1.112457
1.118424
1.141560
1.232003
1.378792
1.558222
1.730400
1.868971
1.962310
2.010800
1.922308
1.724204
1.544991
1.388925
1.235139
1.095047
1.115431
1.119231
1.115872
1.111363
1.105886
1.106279
1.128331
1.228818
1.382128
1.561502
1.728259
1.858212
1.939726
1.976817
1.885383
1.686526
1.507977
1.355736
1.189790
1.087265
1.110554
1.113602
1.113528
1.116567
1.121790
1.128822
1.150050
1.239878
1.386465
1.564992
1.737270
1.877192
1.972184
2.024681
1.943273
1.751534
1.575718
1.428536
1.243168
1.199736
1.219841
1.224373
1.223519
1.220455
1.217869
1.217259
1.228919
1.295384
1.430565
1.598795
1.764668
1.901720
1.994019
2.040112
1.948012
1.747415
1.564397
1.407840
1.256064
1.101922
1.126076
1.126515
1.121556
1.118180
1.116318
1.116295
1.130980
1.217028
1.368146
1.551388
1.723980
1.858640
1.943079
1.980139
1.884929
1.665029
1.469783
1.315784
1.175299
1.059526
1.085085
1.093600
1.097127
1.100577
1.104498
1.115412
1.137509
1.229018
1.380118
1.563471
1.736564
1.873283
1.962523
2.009161
1.922863
1.730353
1.555456
1.409185
1.232457
1.163750
1.187279
1.194686
1.196471
1.197828
1.200277
1.205451
1.220434
1.287928
1.435880
1.614813
1.789797
1.935533
2.035284
2.088211
1.998353
1.797730
1.612562
1.456174
1.306659
1.136329
1.155514
1.147819
1.135862
1.127683
1.121869
1.118700
1.127838
1.206303
1.359398
1.544808
1.720387
1.859431
1.945624
1.983902
1.890031
1.689189
1.506752
1.349829
1.202548
1.095840
1.122895
1.133828
1.142388
1.149159
1.156548
1.166381
1.188100
1.271900
1.431634
1.622084
1.800209
1.941215
2.032542
2.078284
1.985996
1.783889
1.605381
1.447661
1.297533
1.164248
1.184989
1.187991
1.183703
1.177607
1.171760
1.167835
1.187557
1.343005
1.535456
1.723180
1.881461
1.995378
2.056084
1.979677
1.792366
1.569159
1.402337
1.271359
1.151680
1.063161
1.090734
1.102828
1.107950
1.110379
1.111515
1.118693
1.147669
1.254665
1.414357
1.599643
1.767322
1.896081
1.977830
2.018166
1.929172
1.733668
1.565405
1.417567
1.237036
1.163220
1.182810
1.185557
1.181222
1.177202
1.173974
1.177101
1.192067
1.273689
1.416368
1.590626
1.762291
1.903242
1.996463
2.041222
1.950305
1.750454
1.568105
1.415478
1.271831
1.103433
1.133005
1.134232
1.129362
1.123753
1.118614
1.119977
1.136258
1.232720
1.383640
1.563736
1.733140
1.867033
1.951749
1.990627
1.899816
1.682290
1.492089
1.339247
1.199719
1.109004
1.140012
1.154890
1.163543
1.171479
1.179945
1.190543
1.205265
1.278582
1.427001
1.606007
1.779050
1.921861
2.018704
2.067576
2.055691
1.899878
1.714397
1.545640
1.386771
1.205502
1.232057
1.231530
1.227529
1.220654
1.208691
1.201463
1.197415
1.327822
1.502309
1.681021
1.839728
1.962085
2.033451
1.961066
1.770246
1.543073
1.368065
1.231120
1.100002
0.952792
0.979737
0.980836
0.977060
0.974990
0.973211
0.975033
0.999015
1.097166
1.250800
1.429164
1.595375
1.728452
1.818284
1.866970
1.887936
1.862769
1.707676
1.512193
1.288083
1.097704
1.132746
1.150734
1.159546
1.166648
1.173205
1.183941
1.192938
1.258947
1.391511
1.557546
1.721774
1.858082
1.946012
1.979936
1.971471
1.821750
1.646819
1.474129
1.295184
1.218785
1.235542
1.234039
1.227501
1.217739
1.203755
1.192801
1.200960
1.352834
1.540850
1.722995
1.872365
1.977850
1.951275
1.785417
1.551689
1.322382
1.177865
1.066271
0.971602
0.873293
0.900836
0.907383
0.912562
0.917044
0.924584
0.940036
0.975086
1.083959
1.243038
1.424406
1.590264
1.721910
1.813151
1.867954
1.897784
1.776995
1.607965
1.448524
1.292834
1.136750
1.159807
1.166678
1.165124
1.163894
1.164359
1.168050
1.171467
1.307953
1.483621
1.664767
1.828378
1.957205
2.034834
1.972804
1.788962
1.567492
1.402645
1.271897
1.156730
1.114730
1.144968
1.158610
1.163086
1.158947
1.148196
1.141910
1.139927
1.276845
1.472119
1.670175
1.834694
1.950693
2.010237
1.929073
1.737462
1.511986
1.349365
1.223482
1.105155
0.933734
0.958888
0.967034
0.971045
0.977489
0.986936
1.001596
1.028997
1.120800
1.275681
1.460617
1.635898
1.777505
1.874783
1.932911
1.963173
1.842205
1.669654
1.509609
1.357111
1.187310
1.213276
1.222572
1.223415
1.221506
1.219667
1.219389
1.221271
1.281911
1.426851
1.601637
1.772373
1.912909
2.003792
1.951150
1.769822
1.558180
1.397206
1.271971
1.153334
1.108483
1.135362
1.144560
1.147162
1.144371
1.139188
1.135416
1.154181
1.248339
1.409142
1.600093
1.773028
1.902562
1.979051
1.912657
1.729549
1.515954
1.357855
1.233767
1.115624
1.028313
1.057785
1.068292
1.073447
1.079861
1.087655
1.097281
1.121660
1.220364
1.376913
1.562985
1.735850
1.870605
1.957865
2.002900
1.915222
1.720887
1.545709
1.401729
1.267868
1.157742
1.185056
1.194472
1.196912
1.197378
1.198755
1.202471
1.218105
1.291283
1.433878
1.608519
1.777822
1.915321
2.003777
1.952080
1.758615
1.541117
1.379230
1.252490
1.127691
1.010672
1.035390
1.038933
1.036746
1.033020
1.029079
1.026280
1.046736
1.147535
1.307803
1.494038
1.661650
1.786495
1.859568
1.889593
1.794164
1.579546
1.389735
1.232209
1.083212
0.963850
0.990004
0.995496
1.000339
1.007281
1.015026
1.022887
1.046316
1.134569
1.286928
1.472569
1.648814
1.788174
1.876878
1.855244
1.698531
1.492237
1.334473
1.205009
1.090755
1.047781
1.083118
1.101503
1.110410
1.111197
1.105877
1.105508
1.107830
1.246569
1.444349
1.644807
1.810904
1.928410
1.990402
1.905607
1.708383
1.480091
1.306260
1.172329
1.045360
0.866877
0.891861
0.896998
0.897675
0.899203
0.900128
0.907557
0.934794
1.034454
1.186213
1.362778
1.527828
1.661450
1.752765
1.805490
1.730733
1.679143
1.530757
1.326729
1.099758
0.940532
0.976703
0.994233
1.006853
1.021999
1.038170
1.045904
1.064790
1.155917
1.307126
1.490385
1.664410
1.801435
1.888729
1.932608
1.839059
1.648275
1.472396
1.325056
1.190334
1.055537
1.082542
1.091488
1.095460
1.096790
1.096486
1.097405
1.102069
1.187505
1.335449
1.516345
1.691136
1.831974
1.923383
1.876598
1.699238
1.487884
1.329992
1.213693
1.109178
0.984444
1.014017
1.020898
1.021559
1.023313
1.025368
1.035072
1.057056
1.145659
1.297907
1.480135
1.650235
1.784852
1.873656
1.922874
1.842465
1.652070
1.482706
1.324771
1.139527
0.990963
1.019435
1.028077
1.031910
1.039860
1.050331
1.060393
1.084092
1.176023
1.328900
1.513061
1.688096
1.828182
1.920250
1.968684
1.882986
1.688296
1.506723
1.346665
1.202467
1.051148
1.079080
1.088032
1.085886
1.080615
1.073049
1.066737
1.071731
1.217350
1.411476
1.601924
1.760235
1.872022
1.931511
1.857621
1.677462
1.456202
1.293043
1.166292
1.047831
0.957202
0.984981
0.991897
0.995450
1.000682
1.006606
1.013907
1.037904
1.131855
1.282706
1.463405
1.633330
1.767328
1.856288
1.905263
1.825245
1.636379
1.468335
1.328812
1.158645
1.090549
1.113041
1.115151
1.114766
1.116756
1.121184
1.126495
1.159969
1.254941
1.410984
1.591458
1.761445
1.895365
1.982759
1.930610
1.752534
1.537342
1.378747
1.254682
1.135946
1.049914
1.076272
1.083952
1.086495
1.088065
1.090544
0.900000
0.921282
0.948797
0.980667
0.995466
0.998038
0.998868
0.997907
0.993345
0.981721
1.008027
1.173505
1.240108
1.394736
1.547428
1.651331
1.700655
1.705175
1.599013
1.417228
1.304454
1.178011
1.077327
0.996346
0.926117
0.860802
0.793328
0.710813
0.632288
0.587587
0.642195
0.796107
0.986109
1.164668
1.297166
1.384486
1.435907
1.468920
1.497911
1.512481
1.420920
1.322863
1.180841
0.992805
0.755946
0.540513
0.393591
0.424249
0.510502
0.590909
0.668031
0.745942
0.834954
0.930201
1.115733
1.349021
1.560754
1.723863
1.839174
1.919664
1.865587
1.713083
1.497291
1.391887
1.427278
1.458443
1.480695
1.490886
1.496124
1.495665
1.529699
1.629847
1.736369
1.832576
1.915012
1.977227
2.011888
2.025797
2.031176
1.932706
1.810663
1.696177
1.589446
1.407642
1.384516
1.381086
1.374098
1.362706
1.350963
1.344950
1.344627
1.350957
1.474337
1.640765
1.798591
1.922075
1.993499
1.911707
1.704822
1.448710
1.244417
1.099095
1.035658
1.083155
1.111154
1.124101
1.119816
1.108878
1.099613
1.090071
1.090510
1.087265
1.072613
1.044398
1.009062
0.963650
0.934278
0.980908
1.101099
1.253875
1.396220
1.500378
1.553755
1.559848
1.532342
1.478876
0.900000
0.930790
0.952812
0.972008
0.975834
0.969873
0.963392
0.954473
0.954773
1.081618
1.271183
1.474967
1.639222
1.742809
1.786536
1.779359
1.654023
1.453036
1.194519
1.021975
0.924316
0.862482
0.822415
0.794238
0.766050
0.729617
0.681191
0.616017
0.589111
0.734223
0.928825
1.131464
1.299402
1.419857
1.495081
1.522067
1.427039
1.204985
1.037641
0.935584
0.862813
0.936687
0.977204
1.002429
1.018563
1.027562
1.033481
1.040876
1.063246
1.126639
1.280878
1.483883
1.682171
1.845498
1.964791
2.046016
2.039948
1.868643
1.697382
1.430529
1.147793
0.907206
0.971697
1.012746
1.047146
1.074611
1.096956
1.123802
1.147411
1.202135
1.349343
1.531909
1.707198
1.854126
1.964482
2.038110
2.083407
1.968093
1.765085
1.546711
1.333229
1.095635
1.124451
1.127686
1.122001
1.110789
1.093262
1.074909
1.075994
1.146558
1.284797
1.453499
1.619691
1.756312
1.844337
1.882221
1.790109
1.573727
1.370151
1.206990
1.056115
0.863882
0.857334
0.860670
0.860907
0.860831
0.857273
0.857765
0.878054
0.967746
1.111023
1.282460
1.449284
1.589879
1.694488
1.754573
1.683321
1.494486
1.327556
1.184086
1.018144
0.936138
0.962430
0.966767
0.968789
0.972257
0.975110
0.982359
1.001833
1.084440
1.218411
1.384277
1.553254
1.700117
1.808679
1.876782
1.810177
1.625482
1.458456
1.316351
1.177783
1.052587
1.077100
1.077237
1.072330
1.068478
1.066119
1.063759
1.083553
1.173732
1.313057
1.480963
1.647980
1.789595
1.890260
1.949568
1.876454
1.679690
1.495396
1.345953
1.152777
1.050929
1.072822
1.071509
1.066026
1.061835
1.059774
1.057381
1.078808
1.174068
1.315265
1.482378
1.648472
1.790883
1.893930
1.956249
1.885494
1.695312
1.522933
1.380354
1.245150
1.095648
1.116082
1.110209
1.098240
1.089587
1.084211
1.082345
1.092370
1.168777
1.307583
1.477638
1.649676
1.798324
1.903117
1.963094
1.888329
1.728285
1.556849
1.407267
1.221744
1.016549
1.045141
1.047839
1.045099
1.046558
1.050806
1.055492
1.083356
1.181415
1.326372
1.496765
1.664652
1.807811
1.911764
1.972194
1.890919
1.668843
1.477578
1.327579
1.180023
0.984893
0.980074
0.976835
0.965360
0.956712
0.950315
0.945916
0.962498
1.107530
1.291376
1.473286
1.633501
1.759390
1.843340
1.884372
1.799546
1.610544
1.384170
1.212337
1.062956
0.905843
0.951364
0.970065
0.980687
0.992390
1.006009
1.019596
1.046874
1.144876
1.299223
1.482981
1.656888
1.796304
1.889725
1.938967
1.850981
1.656295
1.482650
1.336451
1.193078
1.005861
1.032671
1.032991
1.028175
1.025478
1.024262
1.022716
1.044521
1.141788
1.286598
1.457836
1.624846
1.763749
1.858723
1.911242
1.833765
1.618853
1.430999
1.281969
1.141110
1.024984
1.051982
1.054538
1.051849
1.050402
1.051042
1.052231
1.077053
1.175641
1.321880
1.493821
1.661317
1.801119
1.898820
1.955180
1.880500
1.666584
1.479630
1.332824
1.193959
1.105790
1.133494
1.136883
1.133201
1.132001
1.133854
1.136757
1.153630
1.234295
1.367493
1.533548
1.703864
1.850055
1.953808
2.013638
1.938152
1.718842
1.525472
1.379266
1.252371
1.126734
1.150982
1.154784
1.147764
1.138422
1.128776
1.121745
1.136245
1.224255
1.377641
1.552757
1.722046
1.861986
1.956053
2.006328
1.925126
1.864486
1.710276
1.530177
1.323343
1.085953
1.104592
1.117296
1.119141
1.122416
1.128169
1.135203
1.153137
1.226127
1.357680
1.520215
1.685940
1.829723
1.933100
1.991931
1.905967
1.677175
1.482443
1.330731
1.187178
1.014810
1.040675
1.040185
1.032966
1.023912
1.014172
1.003340
1.016556
1.108760
1.256669
1.429453
1.595656
1.731617
1.822765
1.869340
1.788186
1.573040
1.380312
1.227068
1.083138
0.927218
0.962496
0.965071
0.962574
0.963019
0.965061
0.972055
0.998473
1.094654
1.242674
1.416893
1.586024
1.727111
1.826012
1.884340
1.811708
1.623274
1.454459
1.310043
1.168770
1.092749
1.120448
1.127162
1.127489
1.128376
1.130744
1.133167
1.147788
1.223714
1.354580
1.518655
1.687965
1.836058
1.942311
1.906654
1.737022
1.525231
1.361676
1.237069
1.117160
1.013790
1.041422
1.047749
1.045001
1.039615
1.032639
1.025725
1.042682
1.134597
1.282635
1.456582
1.622651
1.756425
1.843961
1.888836
1.806723
1.621974
1.406039
1.235607
1.093980
0.914512
0.840386
0.864071
0.880925
0.897442
0.915165
0.932775
0.962978
1.054413
1.210544
1.397043
1.575509
1.721517
1.822524
1.886004
1.812085
1.626418
1.460828
1.323755
1.192778
1.067344
1.097629
1.102889
1.101438
1.100762
1.101893
1.105896
1.120473
1.202595
1.341525
1.510677
1.680038
1.825219
1.929880
1.992506
1.919761
1.733973
1.515017
1.352598
1.207667
1.021055
1.049947
1.066288
1.076370
1.088037
1.102097
1.116501
1.143534
1.232878
1.382116
1.558102
1.725214
1.861855
1.955205
2.005244
1.911798
1.712858
1.536440
1.390315
1.251080
1.052968
1.016872
1.015716
1.004160
0.993163
0.983084
0.971679
0.959512
1.057691
1.201947
1.377652
1.548634
1.692506
1.791886
1.846565
1.774821
1.594379
1.374042
1.212972
1.074090
0.889149
0.796427
0.822726
0.843130
0.859288
0.876285
0.896870
0.914811
1.005130
1.147373
1.330463
1.509304
1.658845
1.765458
1.834477
1.850172
1.711322
1.544199
1.394999
1.247698
1.050934
1.071722
1.080034
1.080270
1.083550
1.088345
1.095167
1.099204
1.164140
1.294053
1.463439
1.640119
1.797258
1.913756
1.987352
1.921580
1.733609
1.520228
1.352896
1.172760
1.032702
1.076398
1.099172
1.107218
1.109748
1.111897
1.115128
1.120986
1.193219
1.333859
1.512763
1.690242
1.839407
1.945624
2.007458
1.949726
1.764667
1.586396
1.436470
1.281289
1.087752
0.956070
0.954898
0.947414
0.940057
0.935379
0.932030
0.927816
1.059252
1.238785
1.422297
1.588721
1.722656
1.814303
1.860355
1.776206
1.583031
1.360276
1.185503
1.005787
0.907626
0.954910
0.976799
0.987487
0.992031
0.991985
0.994777
0.997942
1.083123
1.214644
1.386860
1.559620
1.704357
1.803618
1.860073
1.804811
1.620846
1.438149
1.288456
1.149528
0.962025
0.902045
0.905944
0.903218
0.901242
0.896768
0.891142
0.886859
0.970069
1.090541
1.255521
1.426448
1.579773
1.696005
1.772390
1.717863
1.544623
1.334277
1.170800
1.032385
0.856918
0.873143
0.892675
0.903685
0.912885
0.921037
0.927838
0.937591
1.015796
1.150414
1.325516
1.502846
1.655573
1.766879
1.839855
1.776594
1.595235
1.433446
1.296029
1.158518
1.045547
1.074979
1.083343
1.081798
1.081439
1.080980
1.081915
1.079225
1.140538
1.266294
1.430230
1.603139
1.758951
1.876205
1.950793
1.887355
1.825492
1.668306
1.495691
1.294409
1.059386
1.040560
1.055741
1.062449
1.069480
1.078658
1.087874
1.094884
1.174081
1.299041
1.463953
1.635682
1.787943
1.903631
1.976866
1.909496
1.721554
1.501065
1.339982
1.191969
1.003952
0.902445
0.915849
0.921241
0.924887
0.930276
0.936193
0.941645
1.082973
1.274050
1.464164
1.629466
1.757574
1.840504
1.884682
1.801007
1.609561
1.389724
1.218450
1.075739
0.895993
0.888852
0.910351
0.923950
0.935955
0.946632
0.954765
0.966768
1.057763
1.194321
1.371643
1.548153
1.697502
1.803286
1.866120
1.791399
1.579327
1.391901
1.248026
1.111262
0.922763
0.951622
0.957824
0.957425
0.955432
0.952173
0.947111
0.942164
1.028127
1.150508
1.315056
1.484811
1.635254
1.748848
1.822890
1.766578
1.593122
1.378522
1.221312
1.083206
0.901232
0.847774
0.870462
0.888032
0.901330
0.915156
0.928553
0.944741
1.035717
1.171286
1.348896
1.526601
1.678939
1.791648
1.864356
1.798790
1.588468
1.408887
1.269005
1.132023
1.019435
1.046400
1.051334
1.048101
1.044828
1.041270
1.042371
1.040354
1.120731
1.239875
1.399604
1.568899
1.721652
1.836736
1.909204
1.846625
1.664851
1.451192
1.282434
1.139987
0.940178
0.980912
0.997872
1.002747
1.004159
1.005941
1.007413
1.012082
1.091189
1.224396
1.397744
1.572683
1.723002
1.830629
1.897118
1.827996
1.615103
1.428701
1.283584
1.144829
0.999947
1.030182
1.035265
1.034771
1.032327
1.029753
1.026636
1.024250
1.106514
1.226526
1.385957
1.555198
1.709508
1.828895
1.907813
1.851413
1.672814
1.461951
1.298095
1.160910
0.968763
1.011743
1.027908
1.033982
1.037195
1.042043
1.047240
1.055615
1.139555
1.270947
1.441596
1.615568
1.766636
1.877913
1.945246
1.871846
1.667676
1.470337
1.321254
1.178308
0.988987
0.970047
0.979316
0.982578
0.985088
0.990054
0.996906
1.003173
1.083359
1.212815
1.380242
1.553172
1.708706
1.827540
1.907649
1.851192
1.751152
1.576203
1.413259
1.268872
1.068666
1.026525
1.044985
1.056540
1.064759
1.075149
1.087527
1.097362
1.168974
1.303062
1.474361
1.650163
1.804630
1.919208
1.989751
1.911222
1.712503
1.490908
1.336578
1.192233
1.008771
0.781067
0.779816
0.792643
0.802828
0.814166
0.826206
0.837789
0.979194
1.169867
1.360751
1.529868
1.665901
1.763004
1.821071
1.745605
1.569739
1.406192
1.256764
1.119260
1.018785
1.055012
1.065119
1.062108
1.057544
1.049787
1.039292
1.029302
1.099702
1.221816
1.383426
1.554172
1.707643
1.822673
1.894208
1.831303
1.648540
1.430377
1.257229
1.111852
0.919318
0.960387
0.974196
0.978190
0.977008
0.974177
0.969963
0.968391
1.043780
1.171829
1.339833
1.512220
1.662900
1.772625
1.841043
1.775048
1.563401
1.375134
1.228554
1.091497
0.907879
0.937672
0.941218
0.937791
0.933185
0.925849
0.922639
0.915142
0.996083
1.114780
1.274632
1.442585
1.596694
1.717639
1.799967
1.750386
1.578703
1.367217
1.203370
1.064589
0.886194
0.871687
0.889965
0.899316
0.905514
0.909852
0.912820
0.918424
0.997728
1.125893
1.294886
1.469068
1.623873
1.742745
1.825204
1.771355
1.592816
1.387543
1.230905
1.092983
0.912963
0.910418
0.929679
0.939987
0.945811
0.950988
0.961891
0.971530
1.047480
1.171107
1.335424
1.508260
1.664774
1.788279
1.876436
1.825553
1.646679
1.442408
1.285559
1.151568
0.957737
0.962760
0.980724
0.987124
0.987477
0.986710
0.986978
0.989920
1.062485
1.202101
1.373999
1.548513
1.703881
1.823299
1.905565
1.954863
1.864081
1.663700
1.482578
1.289791
1.062391
0.934891
0.947913
0.956336
0.960513
0.965470
0.969716
0.973146
1.049818
1.168957
1.324364
1.491819
1.651614
1.785571
1.883246
1.840143
1.683114
1.479005
1.325979
1.186283
1.008477
0.821207
0.842649
0.859087
0.871696
0.883564
0.895252
0.908038
1.050709
1.235241
1.420807
1.589394
1.729295
1.831613
1.901572
1.836227
1.647816
1.438398
1.281272
1.150662
0.959358
0.932837
0.947829
0.954801
0.957601
0.960846
0.963844
0.968930
1.045546
1.171264
1.337970
1.511504
1.668092
1.791435
1.879148
1.828994
1.651464
1.442880
1.293107
1.151252
0.964948
0.903396
0.917024
0.924961
0.929020
0.933337
0.937064
0.939677
1.078831
1.252360
1.429362
1.593548
1.731112
1.831721
1.897642
1.830674
1.644062
1.426865
1.260907
1.125939
0.933757
0.880748
0.890014
0.893316
0.891366
0.888726
0.884838
0.879624
1.016313
1.198476
1.383113
1.548821
1.682603
1.776215
1.832469
1.842669
1.720226
1.511792
1.341142
1.188312
0.986798
0.757598
0.714193
0.727161
0.735638
0.743645
0.751134
0.757743
0.894653
1.078770
1.265922
1.435736
1.578219
1.685416
1.756467
1.694938
1.508135
1.292773
1.135733
1.011409
0.828846
0.810229
0.828748
0.836127
0.837373
0.834281
0.829243
0.825464
0.931057
1.088058
1.266510
1.435225
1.579853
1.691602
1.769694
1.815591
1.724249
1.524181
1.351914
1.202956
0.998323
0.812961
0.826963
0.825477
0.819194
0.809615
0.798558
0.785969
0.881904
1.031318
1.208569
1.380206
1.529297
1.647484
1.726788
1.699048
1.536382
1.324615
1.168766
1.037118
0.860983
0.680808
0.719719
0.747635
0.774306
0.794017
0.810983
0.829599
0.914369
1.031568
1.198728
1.367056
1.523566
1.654455
1.752318
1.814015
1.728160
1.515865
1.332841
1.185073
0.987366
0.808961
0.823443
0.826960
0.825983
0.818741
0.809472
0.800833
0.898626
1.048098
1.224771
1.395719
1.547250
1.669155
1.754730
1.709625
1.537968
1.319672
1.155412
0.983318
0.838656
0.754708
0.773412
0.784062
0.789058
0.789687
0.787169
0.789594
0.895445
1.049076
1.228276
1.396996
1.540306
1.654576
1.732048
1.774810
1.690999
1.497621
1.323377
1.168253
1.023138
0.912741
0.934559
0.949159
0.958906
0.965182
0.967628
0.974523
1.071589
1.229466
1.415298
1.592053
1.742999
1.852301
1.820982
1.645232
1.393249
1.179206
1.042058
0.941840
0.779535
0.572328
0.544239
0.560555
0.573312
0.586016
0.596811
0.611215
0.724175
0.883999
1.066450
1.238491
1.393146
1.534460
1.649910
1.733861
1.674301
1.626493
1.456487
1.244845
1.004256
0.750137
0.487702
0.230078
0.005068
-0.159322
-0.317097
-0.441055
-0.467520
-0.362310
-0.220866
-0.061196
0.132391
0.345377
0.487022
0.604823
0.712942
0.797928
0.857368
0.906395
0.965097
0.991018
0.987479
0.971433
0.943260
0.905926
0.864546
0.819146
0.883096
1.043640
1.218693
1.389138
1.539708
1.658100
1.731312
0.900000
0.933716
0.960947
0.987688
1.003221
1.002746
1.071415
1.263787
1.485468
1.668754
1.794592
1.868328
1.784107
1.562940
1.326090
1.088387
0.929999
0.830648
0.765877
0.720267
0.694834
0.678531
0.653838
0.661661
0.680128
0.704889
0.823417
1.019609
1.230276
1.410964
1.545931
1.636969
1.590990
1.423283
1.221390
1.078730
0.981929
0.919430
0.889975
0.935314
0.960246
0.972557
0.982075
0.987061
0.994739
1.000524
1.078494
1.197591
1.363804
1.531905
1.679954
1.794153
1.868379
1.893585
1.785735
1.583191
1.412020
1.252586
1.060476
0.852229
0.794488
0.820485
0.846433
0.874911
0.900340
0.921467
1.002425
1.129283
1.311727
1.495920
1.654389
1.768871
1.840452
1.773104
1.562530
1.386344
1.246923
1.129935
1.007671
1.046451
1.062559
1.061002
1.056943
1.048825
1.043442
1.035644
1.139097
1.293126
1.469654
1.636684
1.773824
1.867745
1.916798
1.839168
1.655098
1.431011
1.259907
1.119418
0.964309
0.890736
0.924653
0.942140
0.952738
0.960235
0.966577
0.974290
1.086812
1.251336
1.436226
1.607500
1.747270
1.843713
1.900168
1.826907
1.634989
1.424042
1.266509
1.143173
0.978415
0.981085
1.009677
1.020854
1.028100
1.034541
1.041062
1.048717
1.115726
1.232002
1.400241
1.576177
1.732918
1.851826
1.927584
1.865692
1.685398
1.471997
1.315959
1.185783
1.001664
0.916145
0.937938
0.948169
0.955981
0.965492
0.974720
0.983750
1.062644
1.179031
1.347673
1.521760
1.675573
1.791261
1.868123
1.815914
1.623472
1.427451
1.284644
1.155392
0.977043
0.971236
0.987878
0.989236
0.988324
0.987710
0.982807
0.980182
1.088393
1.248603
1.430908
1.601986
1.743723
1.841003
1.896534
1.822706
1.636253
1.415440
1.250238
1.122683
0.959219
0.848338
0.876599
0.893818
0.908315
0.923763
0.939057
0.954694
1.036463
1.153710
1.322856
1.497337
1.652436
1.773726
1.856037
1.803012
1.629481
1.425398
1.273352
1.142159
0.967058
0.964764
0.983965
0.991587
0.996798
1.003383
1.007090
1.013687
1.126043
1.286237
1.468697
1.640161
1.782233
1.880669
1.935730
1.855133
1.661243
1.441695
1.279567
1.141575
0.977902
0.851049
0.877963
0.892034
0.903156
0.914951
0.925932
0.937105
1.017013
1.133376
1.301250
1.474787
1.629169
1.748724
1.831790
1.783387
1.614349
1.409934
1.257621
1.126356
0.949664
0.945162
0.964548
0.973273
0.979942
0.987777
0.999402
1.008333
