-1.875953
-1.923085
-1.909679
-1.890157
-1.868003
-1.836586
-1.796110
-1.746391
-1.687020
-1.617729
-1.538319
-1.448354
-1.346916
-1.232788
-1.103434
-0.953863
-0.888000
-0.888000
-0.888000
-0.888000
-0.888000
-0.888000
-0.888000
-0.888000
-0.888000
-0.888000
-0.888000
-0.888000
-0.888000
-0.888000
-1.046179
-1.196271
-1.285199
-1.337877
-1.368392
-1.398610
-1.433355
-1.469450
-1.496801
-1.520906
-1.549358
-1.583676
-1.621635
-1.655896
-1.690097
-1.728051
-1.765583
-1.952975
-2.140689
-2.319495
-1.800000
-1.886355
-1.949793
-1.955006
-1.940290
-1.924907
-1.896377
-1.856505
-1.806529
-1.745974
-1.674452
-1.591741
-1.497934
-1.393095
-1.277856
-1.155116
-1.027344
-0.902775
-0.888000
-0.888000
-0.888000
-0.888000
-1.047897
-1.243771
-1.438980
-1.521146
-1.566973
-1.599284
-1.624965
-1.646936
-1.667583
-1.690200
-1.716579
-1.800000
-1.891042
-1.960924
-1.972941
-1.966897
-1.960831
-1.941987
-1.907369
-1.855562
-1.790660
-1.716187
-1.633815
-1.543491
-1.445597
-1.339927
-1.226722
-1.104482
-0.964262
-0.888000
-0.929939
-0.985568
-1.016352
-1.038615
-1.237960
-1.437677
-1.614332
-1.732916
-1.814695
-1.880806
-1.750079
-1.604132
-1.485423
-1.284818
-1.084526
-0.894040
-0.950476
-0.973539
-0.977840
-0.987234
-1.005747
-1.026505
-1.226986
-1.419932
-1.609864
-1.769364
-1.901354
-2.013210
-2.109049
-1.958685
-1.809143
-1.714771
-1.511783
-1.495357
-1.440210
-1.376358
-1.304866
-1.226919
-1.163246
-1.116058
-1.069082
-1.259327
-1.420309
-1.566236
-1.705583
-1.838032
-1.962741
-2.075188
-2.169882
-2.250542
-2.092990
-1.903379
-1.707003
-1.506380
-1.409766
-1.367941
-1.323547
-1.264122
-1.213374
-1.179675
-1.285941
-1.474058
-1.617680
-1.731457
-1.838048
-1.942863
-2.044812
-2.138340
-2.219362
-2.063446
-1.891091
-1.767138
-1.569561
-1.484714
-1.435802
-1.374981
-1.308083
-1.234311
-1.171182
-1.120691
-1.123078
-1.317823
-1.501120
-1.679716
-1.836576
-1.955952
-2.051130
-2.130836
-2.197409
-2.025923
-1.835481
-1.693829
-1.493454
-1.347281
-1.303222
-1.248223
-1.182875
-1.109153
-1.051944
-1.010174
-0.973093
-1.173696
-1.369892
-1.553102
-1.695978
-1.817962
-1.928288
-2.026484
-2.110566
-2.184573
-2.016090
-1.823583
-1.622990
-1.431610
-1.361692
-1.332843
-1.296687
-1.252137
-1.216534
-1.192190
-1.302229
-1.479147
-1.632895
-1.504872
-1.657989
-1.816524
-1.948262
-2.057096
-2.145464
-2.215484
-2.048168
-1.854345
-1.653884
-1.453446
-1.376010
-1.336682
-1.296172
-1.242786
-1.198052
-1.163039
-1.124879
-1.325481
-1.516374
-1.483623
-1.656738
-1.814756
-1.940841
-2.042937
-2.128526
-2.203004
-2.036005
-1.844839
-1.644266
-1.443669
-1.396978
-1.358346
-1.317298
-1.268435
-1.226414
-1.194163
-1.299333
-1.474252
-1.627024
-1.746772
-1.850157
-1.945984
-2.035233
-2.114825
-2.181093
-2.235063
-2.060170
-1.861938
-1.705445
-1.504842
-1.316283
-1.296079
-1.258047
-1.205303
-1.158512
-1.123540
-1.097612
-1.298214
-1.494923
-1.491905
-1.650151
-1.794290
-1.913251
-2.012614
-2.098134
-1.928390
-1.744207
-1.612216
-1.412834
-1.321704
-1.280189
-1.219106
-1.169946
-1.110772
-1.059256
-1.015832
-1.101148
-1.294314
-1.460509
-1.596904
-1.718967
-1.834956
-1.945876
-2.047555
-2.134503
-2.209695
-2.043338
-1.853052
-1.652452
-1.451843
-1.369289
-1.336958
-1.301336
-1.255098
-1.213637
-1.182358
-1.152062
-1.351386
-1.533191
-1.674111
-1.795345
-1.908326
-2.015589
-2.113913
-2.198491
-2.041273
-1.867121
-1.741056
-1.543394
-1.430076
-1.387697
-1.322948
-1.259047
-1.186219
-1.128493
-1.089627
-1.187840
-1.348032
-1.493735
-1.624935
-1.749226
-1.870945
-1.989157
-2.098292
-2.190862
-2.269531
-2.113494
-1.929587
-1.729020
-1.528450
-1.481126
-1.440083
-1.393542
-1.345153
-1.308470
-1.280656
-1.252144
-1.437208
-1.594474
-1.767713
-1.901527
-2.010996
-2.106207
-2.189976
-2.260009
-2.097384
-1.911734
-1.775035
-1.574471
-1.449774
-1.400266
-1.336866
-1.266433
-1.191538
-1.133286
-1.088985
-1.047450
-1.248053
-1.430431
-1.579985
-1.712044
-1.835819
-1.953141
-2.060151
-2.151778
-2.232116
-2.073611
-1.883260
-1.682651
-1.482027
-1.419274
-1.374438
-1.327551
-1.265120
-1.209007
-1.170911
-1.140276
-1.339895
-1.518066
-1.660719
-1.784142
-1.898731
-2.007062
-2.105490
-2.189046
-2.257790
-2.094707
-1.903203
-1.702698
-1.502175
-1.412324
-1.374562
-1.334341
-1.284415
-1.239829
-1.204105
-1.165474
-1.364263
-1.546587
-1.686393
-1.805359
-1.915089
-2.018125
-2.110538
-2.191400
-2.030283
-1.852230
-1.724482
-1.526808
-1.401844
-1.354423
-1.295197
-1.232798
-1.152688
-1.075625
-1.009954
-1.105741
-1.288498
-1.462851
-1.442411
-1.621220
-1.788212
-1.923508
-2.033996
-2.122592
-2.198660
-2.030684
-1.843567
-1.693375
-1.492768
-1.378801
-1.354308
-1.319387
-1.272130
-1.238834
-1.217596
-1.198337
-1.397838
-1.580730
-1.718524
-1.834411
-1.941983
-2.044478
-2.139061
-2.221366
-2.202003
-2.043827
-1.887411
-1.686823
-1.548679
-1.516936
-1.459197
-1.395681
-1.329192
-1.275970
-1.234676
-1.203179
-1.386178
-1.560262
-1.754229
-1.881474
-1.983159
-2.074620
-2.156557
-2.225573
-2.281228
-2.110687
-1.914430
-1.713942
-1.513376
-1.397966
-1.363569
-1.320669
-1.268670
-1.229980
-1.203531
-1.176961
-1.377559
-1.564712
-1.489188
-1.657998
-1.819654
-1.951751
-2.060645
-2.152483
-2.210112
-2.050547
-1.873465
-1.672895
-1.472843
-1.461280
-1.413398
-1.358601
-1.302488
-1.258234
-1.225393
-1.191621
-1.378691
-1.559700
-1.700166
-1.817812
-1.925383
-2.026176
-2.117028
-2.193513
-2.254600
-2.085259
-1.888742
-1.722403
-1.521794
-1.378043
-1.347526
-1.320803
-1.274921
-1.237480
-1.220520
-1.209508
-1.407390
-1.590604
-1.511143
-1.678191
-1.842976
-1.981228
-2.098739
-2.197519
-2.059118
-1.908949
-1.802342
-1.608230
-1.554788
-1.490952
-1.422753
-1.358078
-1.287308
-1.227416
-1.176089
-1.249582
-1.403445
-1.585520
-1.782775
-1.898098
-1.992203
-2.082252
-2.167313
-2.239170
-2.300581
-2.133504
-1.939328
-1.738734
-1.538127
-1.438538
-1.400066
-1.358074
-1.305506
-1.256501
-1.217357
-1.177629
-1.376552
-1.558936
-1.682697
-1.818310
-1.934416
-2.033269
-2.118187
-2.189227
-2.251217
-2.081075
-1.884429
-1.683843
-1.483232
-1.408441
-1.368355
-1.323987
-1.270057
-1.220621
-1.180921
-1.140252
-1.340854
-1.527288
-1.430503
-1.602471
-1.766602
-1.900091
-2.009292
-2.097407
-2.171505
-2.000477
-1.809360
-1.662294
-1.463180
-1.338465
-1.302819
-1.270130
-1.230420
-1.204289
-1.192797
-1.186829
-1.385397
-1.567919
-1.705755
-1.822270
-1.931689
-2.038249
-2.138377
-2.226611
-2.082379
-1.921184
-1.805723
-1.612349
-1.535684
-1.482346
-1.418785
-1.350241
-1.273192
-1.207609
-1.153632
-1.178550
-1.334686
-1.524492
-1.707385
-1.853623
-1.968534
-2.063741
-2.145472
-2.212916
-2.267270
-2.094574
-1.897961
-1.700457
-1.499885
-1.373339
-1.331440
-1.291367
-1.252124
-1.223787
-1.206537
-1.190872
-1.391002
-1.576849
-1.630041
-1.764849
-1.893239
-2.006918
-2.107417
-2.193221
-2.267435
-2.111036
-1.928384
-1.727829
-1.527271
-1.493747
-1.440416
-1.382779
-1.320646
-1.270522
-1.234324
-1.200971
-1.378284
-1.568245
-1.745678
-1.899226
-2.015916
-2.107635
-2.184213
-2.247542
-2.078867
-1.889848
-1.750067
-1.550969
-1.425032
-1.378633
-1.319620
-1.256411
-1.186046
-1.124089
-1.071807
-1.022438
-1.223040
-1.410560
-1.571916
-1.731857
-1.862550
-1.971500
-2.064632
-2.142884
-2.210223
-2.040029
-1.847544
-1.690363
-1.489754
-1.388926
-1.354090
-1.315218
-1.268686
-1.233218
-1.213209
-1.196753
-1.392605
-1.567073
-1.649864
-1.804827
-1.939091
-2.048471
-2.140876
-2.217916
-2.182709
-2.008581
-1.846596
-1.646053
-1.491441
-1.451150
-1.392966
-1.323221
-1.248386
-1.187730
-1.139968
-1.095372
-1.294636
-1.441232
-1.641609
-1.791628
-1.907638
-2.006344
-2.092720
-2.167838
-2.233246
-2.063154
-1.871732
-1.671149
-1.470611
-1.400084
-1.357549
-1.313918
-1.263669
-1.218746
-1.184173
-1.150038
-1.347741
-1.521626
-1.528616
-1.687173
-1.836617
-1.961834
-2.067419
-2.153583
-2.221846
-2.053241
-1.860142
-1.701972
-1.501376
-1.361148
-1.318949
-1.278787
-1.221084
-1.168669
-1.132816
-1.101664
-1.302266
-1.493258
-1.642706
-1.798118
-1.922077
-2.021871
-2.105079
-2.176944
-2.158501
-1.979620
-1.808741
-1.608140
-1.426146
-1.395169
-1.333739
-1.272044
-1.204453
-1.142062
-1.090027
-1.039807
-1.240409
-1.438275
-1.599392
-1.752026
-1.873943
-1.974379
-2.059150
-2.129230
-2.189362
-2.013612
-1.819161
-1.667223
-1.467762
-1.327976
-1.305291
-1.281688
-1.241797
-1.209172
-1.190934
-1.178454
-1.376903
-1.555176
-1.495232
-1.665772
-1.829517
-1.964753
-2.078684
-2.172536
-2.251536
-2.094681
-1.916559
-1.716108
-1.515537
-1.495635
-1.440691
-1.383150
-1.325998
-1.279231
-1.243011
-1.209168
-1.387725
-1.573618
-1.531331
-1.698749
-1.861495
-1.993783
-2.103638
-2.193404
-2.267038
-2.107160
-1.923264
-1.722743
-1.522209
-1.468914
-1.426679
-1.376028
-1.317726
-1.270600
-1.233123
-1.197873
-1.377952
-1.556004
-1.728794
-1.849201
-1.951856
-2.047173
-2.133997
-2.208011
-2.042340
-1.854250
-1.713648
-1.605391
-1.412565
-1.397006
-1.350994
-1.301868
-1.249638
-1.209822
-1.182265
-1.157970
-1.352367
-1.515840
-1.675621
-1.830344
-1.955679
-2.060712
-2.152103
-2.228235
-2.288843
-2.123017
-1.933998
-1.733553
-1.532957
-1.447031
-1.395143
-1.338353
-1.270318
-1.212886
-1.171705
-1.134436
-1.331839
-1.511618
-1.670484
-1.825080
-1.947958
-2.048386
-2.134134
-2.206046
-2.269885
-2.103976
-1.912331
-1.711774
-1.511204
-1.463291
-1.412918
-1.360033
-1.305523
-1.260246
-1.225157
-1.190782
-1.386854
-1.558017
-1.499117
-1.669125
-1.830766
-1.961412
-2.069101
-2.156227
-2.227830
-2.060546
-1.870935
-1.719234
-1.518629
-1.395896
-1.354615
-1.311784
-1.252125
-1.197557
-1.156515
-1.120101
-1.320589
-1.508625
-1.455507
-1.639286
-1.809444
-1.942189
-2.048784
-2.135213
-2.209056
-2.043304
-1.858068
-1.657529
-1.456973
-1.410203
-1.359722
-1.305053
-1.249324
-1.202833
-1.167394
-1.133783
-1.332030
-1.504835
-1.660745
-1.814142
-1.937860
-2.040472
-2.128685
-2.202407
-2.264748
-2.095452
-1.904237
-1.726609
-1.525999
-1.437696
-1.390343
-1.339558
-1.278515
-1.225331
-1.187341
-1.156979
-1.353627
-1.531009
-1.470409
-1.640317
-1.802928
-1.937341
-2.050044
-2.141743
-2.217418
-2.052612
-1.865778
-1.665309
-1.464816
-1.382598
-1.338318
-1.286870
-1.228456
-1.179151
-1.140010
-1.101382
-1.301291
-1.484432
-1.627361
-1.750025
-1.863669
-1.971372
-2.070426
-2.155953
-2.229665
-2.067032
-1.876399
-1.675838
-1.475238
-1.414047
-1.361678
-1.303495
-1.236015
-1.177357
-1.135417
-1.100843
-1.297522
-1.470805
-1.422469
-1.605307
-1.776925
-1.917907
-2.034684
-2.128955
-2.202049
-2.035269
-1.845042
-1.694152
-1.493634
-1.367428
-1.320711
-1.278010
-1.213320
-1.155166
-1.121434
-1.096576
-1.297178
-1.485059
-1.631391
-1.755971
-1.872418
-1.984264
-2.088353
-2.180491
-2.263738
-2.118809
-1.943299
-1.742728
-1.541622
-1.510580
-1.451956
-1.390054
-1.315278
-1.244104
-1.188497
-1.216102
-1.372370
-1.519274
-1.682748
-1.824245
-1.940571
-2.042213
-2.132442
-2.207412
-2.269449
-2.099732
-1.906159
-1.747350
-1.546792
-1.406631
-1.361051
-1.318094
-1.272643
-1.236568
-1.209008
-1.183196
-1.380122
-1.557506
-1.671599
-1.816725
-1.938684
-2.039775
-2.126331
-2.199511
-2.262563
-2.094896
-1.901613
-1.701025
-1.500528
-1.432298
-1.377732
-1.324105
-1.260762
-1.204615
-1.167610
-1.138255
-1.334906
-1.503865
-1.487595
-1.659532
-1.822145
-1.957624
-2.072153
-2.165675
-2.239477
-2.077377
-1.892885
-1.744261
-1.543700
-1.426750
-1.385212
-1.336600
-1.282932
-1.238882
-1.202937
-1.167799
-1.363374
-1.539483
-1.618398
-1.774749
-1.911049
-2.021997
-2.115429
-2.193553
-2.261033
-2.096525
-1.905661
-1.705088
-1.504544
-1.451337
-1.393625
-1.336426
-1.277628
-1.225774
-1.183831
-1.143976
-1.340939
-1.509643
-1.531163
-1.696517
-1.848230
-1.973054
-2.078284
-2.165066
-2.236919
-2.072197
-1.882293
-1.742479
-1.541889
-1.435992
-1.396026
-1.349673
-1.290567
-1.234821
-1.194073
-1.156922
-1.350562
-1.534771
-1.494094
-1.672281
-1.839382
-1.971889
-2.079243
-2.165310
-2.232418
-2.064874
-1.874835
-1.715949
-1.515478
-1.400407
-1.353988
-1.307536
-1.247537
-1.193149
-1.146221
-1.096099
-1.296700
-1.482967
-1.621462
-1.774489
-1.899239
-2.000278
-2.084669
-2.155121
-2.216631
-2.044051
-1.847859
-1.696491
-1.496010
-1.373147
-1.329581
-1.286713
-1.226845
-1.169511
-1.128247
-1.096450
-1.297052
-1.481202
-1.414301
-1.595715
-1.765126
-1.902869
-2.016911
-2.109600
-2.182661
-2.013500
-1.825370
-1.672839
-1.472273
-1.325040
-1.284978
-1.244749
-1.187851
-1.136797
-1.104300
-1.076195
-1.276797
-1.466089
-1.614145
-1.739778
-1.855263
-1.965248
-2.067878
-2.158471
-2.239308
-2.087423
-1.907751
-1.707186
-1.506220
-1.483291
-1.423392
-1.362690
-1.289991
-1.227529
-1.181164
-1.137135
-1.296783
-1.435897
-1.622289
-1.786233
-1.920969
-2.035339
-2.133930
-2.214466
-2.280911
-2.122987
-1.945844
-1.745382
-1.544891
-1.480321
-1.418725
-1.347678
-1.275083
-1.210112
-1.154344
-1.098477
-1.297302
-1.473223
-1.633170
-1.783595
-1.902706
-2.000055
-2.082024
-2.150303
-2.208864
-2.034715
-1.838806
-1.681070
-1.480462
-1.332597
-1.294059
-1.250323
-1.190446
-1.136455
-1.097606
-1.065345
-1.265946
-1.456126
-1.407374
-1.587636
-1.752459
-1.886694
-1.998898
-2.091630
-2.169609
-2.003355
-1.818761
-1.688780
-1.491128
-1.415888
-1.378659
-1.336658
-1.283123
-1.235589
-1.202691
-1.173922
-1.350111
-1.502091
-1.463585
-1.640905
-1.810098
-1.950438
-2.069151
-2.167056
-2.247574
-2.089561
-1.908115
-1.707721
-1.507219
-1.448218
-1.383964
-1.314163
-1.244936
-1.183185
-1.130855
-1.080067
-1.276382
-1.445088
-1.603931
-1.757815
-1.885817
-1.995637
-2.092243
-2.175234
-2.245998
-2.081928
-1.892788
-1.692219
-1.491749
-1.424630
-1.359621
-1.293534
-1.218359
-1.149845
-1.100034
-1.057164
-1.254754
-1.425919
-1.471514
-1.642121
-1.797366
-1.927711
-2.039489
-2.131959
-2.205150
-2.039026
-1.850500
-1.700411
-1.499828
-1.362275
-1.309486
-1.253451
-1.187553
-1.130679
-1.087652
-1.049950
-1.250551
-1.437776
-1.579834
-1.709221
-1.827030
-1.937600
-2.040429
-2.130188
-2.207673
-2.045425
-1.859580
-1.659092
-1.458544
-1.410408
-1.355573
-1.295690
-1.234368
-1.180444
-1.136431
-1.095031
-1.277831
-1.429993
-1.400250
-1.585550
-1.761186
-1.908879
-2.034731
-2.138346
-2.222457
-2.068189
-1.890656
-1.691928
-1.491376
-1.442902
-1.389247
-1.325689
-1.252290
-1.189195
-1.143844
-1.101944
-1.267117
-1.422384
-1.590803
-1.747122
-1.880463
-1.997395
-2.101739
-2.190338
-2.260583
-2.099024
-1.910315
-1.764895
-1.564324
-1.444968
-1.391060
-1.335934
-1.279525
-1.230774
-1.191189
-1.152246
-1.338865
-1.501258
-1.457795
-1.632994
-1.799141
-1.936095
-2.051451
-2.146635
-2.224409
-2.062889
-1.877815
-1.744128
-1.543614
-1.453943
-1.400923
-1.346436
-1.280842
-1.222240
-1.180164
-1.143940
-1.325080
-1.481616
-1.442962
-1.620296
-1.789484
-1.931473
-2.052805
-2.153156
-2.234673
-2.079597
-1.900636
-1.777213
-1.580324
-1.497849
-1.450864
-1.393773
-1.329009
-1.274644
-1.238796
-1.209582
-1.374273
-1.514707
-1.634432
-1.751929
-1.870745
-1.989454
-2.100947
-2.195154
-2.266740
-2.110699
-1.927204
-1.791319
-1.590761
-1.475724
-1.423181
-1.367598
-1.312407
-1.265083
-1.227118
-1.191587
-1.373518
-1.523752
-1.648082
-1.766376
-1.882769
-1.995912
-2.100820
-2.191835
-2.266267
-2.106872
-1.915426
-1.761723
-1.561185
-1.443345
-1.392694
-1.339350
-1.274499
-1.212529
-1.169853
-1.136406
-1.325161
-1.480841
-1.574898
-1.706914
-1.838807
-1.963099
-2.076668
-2.173724
-2.249309
-2.088470
-1.901051
-1.755321
-1.554772
-1.402080
-1.352568
-1.295731
-1.218111
-1.143586
-1.085108
-1.069109
-1.269710
-1.445374
-1.627897
-1.688984
-1.808853
-1.926158
-2.028069
-2.113813
-2.186803
-2.019241
-1.828974
-1.685137
-1.484554
-1.369348
-1.319162
-1.260877
-1.190852
-1.127363
-1.079129
-1.036391
-1.235787
-1.419727
-1.374546
-1.559492
-1.730476
-1.872208
-1.992338
-2.092189
-2.175122
-2.013134
-1.832162
-1.700660
-1.503342
-1.410140
-1.358970
-1.300611
-1.233760
-1.176533
-1.134511
-1.098859
-1.290899
-1.456046
-1.614092
-1.745860
-1.862725
-1.970949
-2.070487
-2.156338
-2.225515
-2.059701
-1.866948
-1.717852
-1.517274
-1.394053
-1.342377
-1.290798
-1.226001
-1.165510
-1.123101
-1.086671
-1.285405
-1.456432
-1.412706
-1.592946
-1.761890
-1.902036
-2.020524
-2.119531
-2.201551
-2.041381
-1.857076
-1.725016
-1.524680
-1.429203
-1.373649
-1.311797
-1.240273
-1.175326
-1.127463
-1.088898
-1.281322
-1.442703
-1.578139
-1.703263
-1.823736
-1.941220
-2.051433
-2.146677
-2.221732
-2.057802
-1.868723
-1.722952
-1.549910
-1.351290
-1.318935
-1.273292
-1.207785
-1.135914
-1.077495
-1.082841
-1.283442
-1.468795
-1.610690
-1.729238
-1.839219
-1.944620
-2.043467
-2.130980
-2.207698
-2.046486
-1.857021
-1.711757
-1.511200
-1.437444
-1.368820
-1.305553
-1.242195
-1.184766
-1.135939
-1.088721
-1.030330
-1.227883
-1.412395
-1.608437
-1.774259
-1.913837
-2.033869
-2.134039
-2.215203
-2.061941
-1.884970
-1.684427
-1.483835
-1.418796
-1.351464
-1.283720
-1.187273
-1.093386
-1.019842
-0.955042
-1.155530
-1.331273
-1.480349
-1.616057
-1.745531
-1.869513
-1.984747
-2.085627
-2.171626
-2.251225
-2.084917
-1.884386
-1.700061
-1.499441
-1.336711
-1.355965
-1.265030
-1.214845
-1.162370
-1.161915
-1.362515
-1.557201
-1.489211
-1.641746
-1.784955
-1.902117
-2.002772
-2.090454
-2.169966
-2.005389
-1.825895
-1.695693
-1.495065
-1.461982
-1.402158
-1.344362
-1.276692
-1.207051
-1.144926
-1.083078
-1.077033
-1.265850
-1.280866
-1.480995
-1.674115
-1.829053
-1.953100
-2.054101
-2.137191
-1.967809
-1.778644
-1.646538
-1.459291
-1.294670
-1.270265
-1.231093
-1.166581
-1.106149
-1.062148
-1.022263
-1.222865
-1.409377
-1.556549
-1.683446
-1.802963
-1.917413
-2.023878
-2.117347
-2.195326
-2.033077
-1.847680
-1.709146
-1.508545
-1.379415
-1.325703
-1.260965
-1.175296
-1.089704
-1.020901
-1.017165
-1.213016
-1.406321
-1.558011
-1.681933
-1.795394
-1.904651
-2.008134
-2.100381
-2.183109
-2.023732
-1.841274
-1.708350
-1.507746
-1.444900
-1.384427
-1.328034
-1.270655
-1.217819
-1.175289
-1.135827
-1.328804
-1.489617
-1.442628
-1.616250
-1.779681
-1.916046
-2.032344
-2.129062
-2.207477
-2.043493
-1.855998
-1.721953
-1.523257
-1.402923
-1.364803
-1.322681
-1.258163
-1.199043
-1.163017
-1.137889
-1.330337
-1.487908
-1.617477
-1.738793
-1.858639
-1.977975
-2.091873
-2.192186
-2.273662
-2.127209
-1.947591
-1.812775
-1.612166
-1.500266
-1.438663
-1.370744
-1.294887
-1.224073
-1.167254
-1.124783
-1.290215
-1.457932
-1.625371
-1.773768
-1.897745
-2.006766
-2.105423
-2.191012
-2.263973
-2.104669
-1.918637
-1.781811
-1.581612
-1.494107
-1.436677
-1.374848
-1.308060
-1.248259
-1.199232
-1.152421
-1.333855
-1.490600
-1.448362
-1.621173
-1.785835
-1.923040
-2.039305
-2.134869
-2.211710
-2.047554
-1.860713
-1.726879
-1.527721
-1.412332
-1.370355
-1.323983
-1.258934
-1.199123
-1.158466
-1.124405
-1.314586
-1.477054
-1.610569
-1.732187
-1.849846
-1.965410
-2.074640
-2.170348
-2.248723
-2.091173
-1.903412
-1.756778
-1.556174
-1.438160
-1.374021
-1.307410
-1.238949
-1.176599
-1.121573
-1.065307
-1.256674
-1.430834
-1.434861
-1.611017
-1.773388
-1.908761
-2.023720
-2.120297
-2.201417
-2.038790
-1.852300
-1.697192
-1.496660
-1.407874
-1.341285
-1.277043
-1.208685
-1.141950
-1.083719
-1.028570
-1.229171
-1.404028
-1.567150
-1.719956
-1.847125
-1.956383
-2.052248
-2.134568
-2.205155
-2.035518
-1.843773
-1.696794
-1.496178
-1.346900
-1.298741
-1.239856
-1.157400
-1.073716
-1.011702
-1.012875
-1.209166
-1.404321
-1.559702
-1.686542
-1.801986
-1.912549
-2.016811
-2.109212
-2.190274
-2.029158
-1.844610
-1.706814
-1.506358
-1.438897
-1.365707
-1.302717
-1.239880
-1.181680
-1.131194
-1.081061
-1.219500
-1.406577
-1.469967
-1.654539
-1.815409
-1.946940
-2.058774
-2.154169
-2.231278
-2.070627
-1.889751
-1.689227
-1.488613
-1.430069
-1.368364
-1.302449
-1.227506
-1.157415
-1.094786
-1.084028
-1.271766
-1.445058
-1.587371
-1.711009
-1.825714
-1.934882
-2.036428
-2.124495
-2.198361
-2.030525
-1.838467
-1.695164
-1.494599
-1.356854
-1.303385
-1.247621
-1.184104
-1.128555
-1.089469
-1.101621
-1.295742
-1.469180
-1.605820
-1.723795
-1.834906
-1.942913
-2.044765
-2.133814
-2.208876
-2.044216
-1.852303
-1.708331
-1.507720
-1.422861
-1.374967
-1.325009
-1.274189
-1.231360
-1.196746
-1.161355
-1.323118
-1.335880
-1.523289
-1.716300
-1.872264
-1.996254
-2.099333
-2.183653
-2.243867
-2.079496
-1.897469
-1.697037
-1.496569
-1.474753
-1.420992
-1.355446
-1.284046
-1.219880
-1.160988
-1.100402
-1.288510
-1.448727
-1.435768
-1.612172
-1.776174
-1.911366
-2.023735
-2.114925
-2.184042
-2.011099
-1.814825
-1.669432
-1.575292
-1.375910
-1.224948
-1.252972
-1.142607
-1.099623
-1.070513
-1.091157
-1.291758
-1.489950
-1.647667
-1.766390
-1.866547
-1.957117
-2.039539
-2.111911
-2.176766
-2.004021
-1.808921
-1.660163
-1.459626
-1.375861
-1.324588
-1.270631
-1.213193
-1.160963
-1.116904
-1.074315
-1.270798
-1.446802
-1.413874
-1.602291
-1.776019
-1.912447
-2.023789
-2.114117
-2.188104
-2.019821
-1.832588
-1.691527
-1.491870
-1.404366
-1.355799
-1.297727
-1.238282
-1.186222
-1.144397
-1.104278
-1.302926
-1.472327
-1.426036
-1.606932
-1.777675
-1.918517
-2.036678
-2.133147
-2.212000
-2.048815
-1.863258
-1.721785
-1.521195
-1.409778
-1.367642
-1.318981
-1.264188
-1.218911
-1.181617
-1.143192
-1.800000
-1.867235
-1.904790
-1.877095
-1.843642
-1.804967
-1.753766
-1.688303
-1.684604
-1.860546
-1.827354
-1.957959
-2.110951
-2.197272
-2.207561
-2.178285
-2.135702
-2.043261
-1.933918
-1.802727
-1.809487
-1.715526
-1.619168
-1.543304
-1.462243
-1.337595
-1.158817
-0.962179
-0.934467
-1.020963
-1.069909
-1.079659
-1.053964
-1.244227
-1.363010
-1.431822
-1.486679
-1.539735
-1.368817
-1.263289
-1.226645
-1.132289
-0.932224
-0.888000
-0.888000
-0.888000
-0.888000
-0.888000
-0.958496
-1.069530
-1.269204
-1.439264
-1.562046
-1.633634
-1.756472
-1.953472
-2.109497
-2.184554
-2.264154
-2.329611
-2.359754
-2.345766
-2.302732
-2.247953
-2.184320
-2.118886
-2.066465
-2.028758
-1.989354
-1.957796
-2.084576
-2.259563
-2.345248
-2.375198
-2.388893
-2.399698
-2.408939
-2.405429
-2.233488
-2.051197
-1.919722
-1.740966
-1.589288
-1.526035
-1.495859
-1.472259
-1.462111
-1.466792
-1.477207
-1.478189
-1.644983
-1.790650
-1.909591
-2.020641
-2.129305
-2.231288
-2.337116
-2.416985
-2.320710
-2.156103
-1.955558
-1.890142
-1.817379
-1.727155
-1.644344
-1.572868
-1.517093
-1.468068
-1.400575
-1.309654
-1.189174
-1.052134
-0.898593
-0.890664
-0.930349
-1.129681
-1.330283
-1.529365
-1.667729
-1.793826
-1.914281
-2.023956
-2.116311
-2.211987
-2.319331
-2.404732
-1.800000
-1.892033
-1.959906
-1.952099
-1.940215
-1.909083
-1.859036
-1.796937
-1.766145
-1.741043
-1.704014
-1.682745
-1.831444
-1.848249
-1.700692
-1.703478
-1.669084
-1.510406
-1.436017
-1.389457
-1.353039
-1.329850
-1.309546
-1.256224
-1.153334
-0.973316
-0.898381
-1.098987
-1.299590
-1.263649
-1.449010
-1.598108
-1.709966
-1.802310
-1.885183
-1.961774
-1.830237
-1.686973
-1.578122
-1.493815
-1.348371
-1.366563
-1.383241
-1.382911
-1.387704
-1.410440
-1.444036
-1.469556
-1.491301
-1.509901
-1.519282
-1.711317
-1.890358
-2.036417
-2.158751
-2.259496
-2.347845
-2.307974
-2.142115
-2.079359
-1.999047
-1.903737
-1.810095
-1.719589
-1.631077
-1.541100
-1.442961
-1.404836
-1.603153
-1.782976
-1.952956
-2.073537
-2.170696
-2.257425
-2.327306
-2.379873
-2.262335
-2.118344
-1.955538
-1.800550
-1.732081
-1.643334
-1.546099
-1.443053
-1.348179
-1.263209
-1.178412
-1.317566
-1.512972
-1.691730
-1.829385
-1.936374
-2.028843
-2.111652
-2.184388
-2.247316
-2.076633
-1.880856
-1.726162
-1.525563
-1.405806
-1.346722
-1.296599
-1.248777
-1.203968
-1.165020
-1.126561
-1.309214
-1.491774
-1.666371
-1.821993
-1.938477
-2.031767
-2.113463
-2.184455
-2.251203
-2.083920
-1.902187
-1.701612
-1.501126
-1.476739
-1.414159
-1.352527
-1.291627
-1.234334
-1.183359
-1.132568
-1.299812
-1.406094
-1.593470
-1.762163
-1.892732
-1.998069
-2.089780
-2.168410
-2.235672
-2.067755
-1.881438
-1.745433
-1.544911
-1.443732
-1.398542
-1.351576
-1.298780
-1.248273
-1.204017
-1.157206
-1.330920
-1.508310
-1.477838
-1.658672
-1.823662
-1.953531
-2.060848
-2.150361
-2.228045
-2.066508
-1.887415
-1.686952
-1.486504
-1.440116
-1.389936
-1.330758
-1.263127
-1.196130
-1.134168
-1.069246
-1.248280
-1.431151
-1.406945
-1.593347
-1.762041
-1.896227
-2.006341
-2.097060
-2.175416
-2.007494
-1.820833
-1.689485
-1.506072
-1.400538
-1.370894
-1.335067
-1.293079
-1.255203
-1.224668
-1.191681
-1.374765
-1.531527
-1.409250
-1.582437
-1.751991
-1.896058
-2.019528
-2.122952
-2.208599
-2.051080
-1.870809
-1.706714
-1.506238
-1.440700
-1.390977
-1.336691
-1.275902
-1.217574
-1.165538
-1.113169
-1.297976
-1.477191
-1.447122
-1.630436
-1.797354
-1.928898
-2.036718
-2.125655
-2.199859
-2.033422
-1.844982
-1.702079
-1.501716
-1.393710
-1.344157
-1.294638
-1.235635
-1.178355
-1.126356
-1.072215
-1.247007
-1.424533
-1.384178
-1.570459
-1.742314
-1.884142
-2.002936
-2.104344
-2.191200
-2.032469
-1.857546
-1.657003
-1.456517
-1.397964
-1.341452
-1.286878
-1.219727
-1.155017
-1.095787
-1.031823
-1.206243
-1.391276
-1.380511
-1.568726
-1.741556
-1.883510
-2.002254
-2.100366
-2.180506
-2.016174
-1.831610
-1.694234
-1.495054
-1.375603
-1.331747
-1.283862
-1.224043
-1.163867
-1.109318
-1.051638
-1.249590
-1.429261
-1.376967
-1.559336
-1.726251
-1.863158
-1.978426
-2.074866
-2.157124
-1.991266
-1.807161
-1.674595
-1.476472
-1.375683
-1.326688
-1.275211
-1.216294
-1.159163
-1.107661
-1.051848
-1.247606
-1.426901
-1.396963
-1.585161
-1.756558
-1.893520
-2.007259
-2.102097
-2.183676
-2.020803
-1.841767
-1.717179
-1.520645
-1.437360
-1.394632
-1.344017
-1.284828
-1.228737
-1.178295
-1.125155
-1.302351
-1.454077
-1.417197
-1.597131
-1.764315
-1.902315
-2.018501
-2.114615
-2.194093
-2.030567
-1.847620
-1.719703
-1.523645
-1.422096
-1.387888
-1.341505
-1.280473
-1.226409
-1.184025
-1.143026
-1.088883
-1.289484
-1.471110
-1.627847
-1.771475
-1.905754
-2.028624
-2.136024
-2.227459
-2.081334
-1.909185
-1.708625
-1.508152
-1.445947
-1.394288
-1.335474
-1.267238
-1.207721
-1.157444
-1.104369
-1.267649
-1.418084
-1.410412
-1.592093
-1.761418
-1.904052
-2.025836
-2.127579
-2.209835
-2.049630
-1.865897
-1.724753
-1.524205
-1.407452
-1.348766
-1.290449
-1.224180
-1.160565
-1.101114
-1.035308
-1.221790
-1.396888
-1.363895
-1.549221
-1.719309
-1.860894
-1.980641
-2.082971
-2.170563
-2.009509
-1.830284
-1.679594
-1.479082
-1.416426
-1.355550
-1.298782
-1.235635
-1.170968
-1.113165
-1.055170
-1.253465
-1.434747
-1.404760
-1.590522
-1.759937
-1.897070
-2.012649
-2.110075
-2.194119
-2.034148
-1.857788
-1.733840
-1.534732
-1.448292
-1.397245
-1.342426
-1.276957
-1.215221
-1.165260
-1.114888
-1.298977
-1.457460
-1.420176
-1.596671
-1.762674
-1.901880
-2.021001
-2.121216
-2.203805
-2.045441
-1.863339
-1.726902
-1.526330
-1.434024
-1.376010
-1.317487
-1.249290
-1.185328
-1.129828
-1.069919
-1.244896
-1.428989
-1.411483
-1.598523
-1.767541
-1.903127
-2.016404
-2.111682
-2.193226
-2.030435
-1.851183
-1.650682
-1.450117
-1.398470
-1.337366
-1.283944
-1.227243
-1.177117
-1.132687
-1.084449
-1.253170
-1.421465
-1.585164
-1.730454
-1.855203
-1.968611
-2.072898
-2.164984
-2.244265
-2.087965
-1.911834
-1.785762
-1.586967
-1.510260
-1.462895
-1.414032
-1.360597
-1.310298
-1.265738
-1.216820
-1.154427
-1.349193
-1.532939
-1.704674
-1.848500
-1.973075
-2.082463
-2.173939
-2.246966
-2.089574
-1.912915
-1.712454
-1.513551
-1.444651
-1.399497
-1.349460
-1.285756
-1.221806
-1.163591
-1.102473
-1.265405
-1.422455
-1.395680
-1.577662
-1.746047
-1.885510
-2.001643
-2.096833
-2.172804
-2.003916
-1.812280
-1.661573
-1.463822
-1.315169
-1.271648
-1.226539
-1.171167
-1.116348
-1.065775
-1.008129
-1.201387
-1.385187
-1.337768
-1.525498
-1.695758
-1.835407
-1.953091
-2.053033
-2.138666
-1.972762
-1.792966
-1.648973
-1.448462
-1.366324
-1.308962
-1.258269
-1.206195
-1.158968
-1.117807
-1.071948
-1.232595
-1.403642
-1.403330
-1.581905
-1.746046
-1.885703
-2.007402
-2.111212
-2.198095
-2.039188
-1.862055
-1.738043
-1.539254
-1.454163
-1.402473
-1.349786
-1.298250
-1.252166
-1.213150
-1.173412
-1.324019
-1.466082
-1.621318
-1.772180
-1.901283
-2.016356
-2.121700
-2.213755
-2.289858
-2.138266
-1.966703
-1.835391
-1.636618
-1.549287
-1.505315
-1.444736
-1.368410
-1.297911
-1.239031
-1.180015
-1.294071
-1.481590
-1.476951
-1.644257
-1.805847
-1.943613
-2.060476
-2.156676
-2.233713
-2.071392
-1.884582
-1.744399
-1.544031
-1.428360
-1.375912
-1.318425
-1.262579
-1.210941
-1.165496
-1.120391
-1.059674
-1.260277
-1.454969
-1.616276
-1.756037
-1.885642
-2.005347
-2.111699
-2.204706
-2.058993
-1.894871
-1.741127
-1.540504
-1.472835
-1.407326
-1.325026
-1.231294
-1.137154
-1.051289
-0.966513
-1.130128
-1.330730
-1.506295
-1.653152
-1.776345
-1.885632
-1.984138
-2.069643
-2.145612
-1.972956
-1.779490
-1.636934
-1.437913
-1.288687
-1.235613
-1.186252
-1.138697
-1.094689
-1.058608
-1.020046
-1.212425
-1.399868
-1.350257
-1.537489
-1.707815
-1.848956
-1.971168
-2.076708
-2.167703
-2.011961
-1.846723
-1.646850
-1.447543
-1.419327
-1.354018
-1.292311
-1.226149
-1.163809
-1.105200
-1.040214
-1.169437
-1.365511
-1.543808
-1.715795
-1.872721
-2.000940
-2.109156
-2.201179
-2.279568
-2.127182
-1.959226
-1.758672
-1.560514
-1.532673
-1.470833
-1.405836
-1.341291
-1.282914
-1.230028
-1.173152
-1.285538
-1.480031
-1.479338
-1.643522
-1.804924
-1.945158
-2.068612
-2.173306
-2.256713
-2.106446
-1.934271
-1.798286
-1.597806
-1.501408
-1.453230
-1.401782
-1.346067
-1.295126
-1.248203
-1.197445
-1.324455
-1.506683
-1.490984
-1.686518
-1.859710
-1.995460
-2.102559
-2.187513
-2.253778
-2.087204
-1.902151
-1.762807
-1.562499
-1.456495
-1.404450
-1.349567
-1.295186
-1.244089
-1.196072
-1.143437
-1.075666
-1.276267
-1.449203
-1.634098
-1.787763
-1.917330
-2.029863
-2.128502
-2.211986
-2.052420
-1.874916
-1.674395
-1.473788
-1.396474
-1.328743
-1.261567
-1.189805
-1.120246
-1.055857
-0.985586
-1.150568
-1.332779
-1.444116
-1.611189
-1.757396
-1.882953
-1.993558
-2.089444
-2.170322
-2.005054
-1.822657
-1.686978
-1.486434
-1.382230
-1.320754
-1.259740
-1.199404
-1.141973
-1.089581
-1.030955
-1.201373
-1.387643
-1.364610
-1.560436
-1.747595
-1.894251
-2.011294
-2.106427
-2.188837
-2.024552
-1.849004
-1.648490
-1.447934
-1.419158
-1.356231
-1.295091
-1.230136
-1.168471
-1.111638
-1.049123
-1.204633
-1.393092
-1.377263
-1.569729
-1.758848
-1.908473
-2.027811
-2.124824
-2.204317
-2.042860
-1.866229
-1.738073
-1.537555
-1.454214
-1.398086
-1.337340
-1.276888
-1.220675
-1.170194
-1.114690
-1.261235
-1.455165
-1.429390
-1.605640
-1.769230
-1.906322
-2.025839
-2.128297
-2.215421
-2.062978
-1.894895
-1.694409
-1.493925
-1.440244
-1.380613
-1.311085
-1.234639
-1.164203
-1.100121
-1.030320
-1.175080
-1.368428
-1.367855
-1.560825
-1.732599
-1.874810
-1.996839
-2.100848
-2.193130
-2.038766
-1.865640
-1.740807
-1.540786
-1.454071
-1.397351
-1.336306
-1.275680
-1.219273
-1.168998
-1.114059
-1.265266
-1.450494
-1.429001
-1.613315
-1.778960
-1.913672
-2.029127
-2.127222
-2.210941
-2.054351
-1.883322
-1.754809
-1.555201
-1.468753
-1.427499
-1.376695
-1.315891
-1.256180
-1.201712
-1.141735
-1.270301
-1.458550
-1.447718
-1.646854
-1.815094
-1.947852
-2.058264
-2.150255
-2.229556
-2.069345
-1.889826
-1.757524
-1.557148
-1.468151
-1.415719
-1.359471
-1.302373
-1.247327
-1.196881
-1.142292
-1.292372
-1.445220
-1.409952
-1.589792
-1.757485
-1.898709
-2.021010
-2.125119
-2.212669
-2.059216
-1.888227
-1.758188
-1.557772
-1.470211
-1.427538
-1.378981
-1.322535
-1.267416
-1.217588
-1.164098
-1.290436
-1.428878
-1.411364
-1.586751
-1.756551
-1.902986
-2.028226
-2.132620
-2.218280
-2.061700
-1.882713
-1.748004
-1.547661
-1.462929
-1.404781
-1.350168
-1.302426
-1.247798
-1.194354
-1.137991
-1.067075
-1.267677
-1.459337
-1.615962
-1.754034
-1.883620
-2.003578
-2.110320
-2.204019
-2.058695
-1.890923
-1.690396
-1.489797
-1.413447
-1.349897
-1.269218
-1.181997
-1.100297
-1.026715
-0.948609
-1.102555
-1.299305
-1.310664
-1.510633
-1.688830
-1.841098
-1.975180
-2.090925
-2.189843
-2.047044
-1.889616
-1.769138
-1.568580
-1.489386
-1.430659
-1.368142
-1.294402
-1.219453
-1.151504
-1.079350
-1.219895
-1.414369
-1.407655
-1.608256
-1.775131
-1.908101
-2.019613
-2.114216
-2.199337
-2.036983
-1.858733
-1.727389
-1.526857
-1.430818
-1.370271
-1.309738
-1.249985
-1.193421
-1.142984
-1.088807
-1.250381
-1.428023
-1.414078
-1.602407
-1.770815
-1.901549
-2.010581
-2.104396
-2.189447
-2.028366
-1.857058
-1.727773
-1.527216
-1.444983
-1.387970
-1.334709
-1.279298
-1.228348
-1.182114
-1.129919
-1.257205
-1.449851
-1.439403
-1.622413
-1.813903
-1.964056
-2.082050
-2.178259
-2.262961
-2.114158
-1.955504
-1.756927
-1.585496
-1.555021
-1.491727
-1.431797
-1.369033
-1.311726
-1.258716
-1.198863
-1.285819
-1.480747
-1.477078
-1.660709
-1.845887
-1.992321
-2.108869
-2.201356
-2.279286
-2.131811
-1.971962
-1.773156
-1.579946
-1.547386
-1.496261
-1.434280
-1.368262
-1.311298
-1.261784
-1.207646
-1.269701
-1.466713
-1.595341
-1.795708
-1.931224
-2.039269
-2.135971
-2.218646
-2.291621
-2.141902
-1.977304
-1.777999
-1.578643
-1.546878
-1.492331
-1.439444
-1.384517
-1.334854
-1.288292
-1.235575
-1.167663
-1.367283
-1.550622
-1.739445
-1.886297
-2.005057
-2.107311
-2.193341
-2.266447
-2.113615
-1.944624
-1.744035
-1.543539
-1.504996
-1.444927
-1.390134
-1.337049
-1.277981
-1.218498
-1.153862
-1.186423
-1.365469
-1.484438
-1.663901
-1.843630
-1.984192
-2.094975
-2.186281
-2.264906
-2.109753
-1.942209
-1.815199
-1.614796
-1.533961
-1.489806
-1.444637
-1.392102
-1.341696
-1.293964
-1.238919
-1.336904
-1.525845
-1.511909
-1.691813
-1.872796
-2.012393
-2.119150
-2.203019
-2.274655
-2.116179
-1.947081
-1.747360
-1.547002
-1.531256
-1.476408
-1.421422
-1.363962
-1.305981
-1.250335
-1.188042
-1.108397
-1.308493
-1.491851
-1.665167
-1.838213
-1.973767
-2.080314
-2.167686
-2.243831
-2.079823
-1.901930
-1.766338
-1.565832
-1.448714
-1.413736
-1.374906
-1.325416
-1.270817
-1.217207
-1.159154
-1.090186
-1.289655
-1.471638
-1.647537
-1.824650
-1.956910
-2.055955
-2.134558
-2.204674
-2.032268
-1.845975
-1.706556
-1.505998
-1.384623
-1.341340
-1.301581
-1.267244
-1.228713
-1.195630
-1.160173
-1.109760
-1.310361
-1.483589
-1.680939
-1.824677
-1.942048
-2.046014
-2.137761
-2.224217
-2.069643
-1.906914
-1.759740
-1.559133
-1.494867
-1.441363
-1.374949
-1.309906
-1.240459
-1.177777
-1.111773
-1.216194
-1.416722
-1.426641
-1.618244
-1.804563
-1.943014
-2.047296
-2.130974
-2.207193
-2.037782
-1.859828
-1.730555
-1.531798
-1.407952
-1.365372
-1.310034
-1.262371
-1.210778
-1.167177
-1.123121
-1.064866
-1.265283
-1.451250
-1.626088
-1.801705
-1.936944
-2.041987
-2.125374
-2.202526
-2.034912
-1.858073
-1.729272
-1.529908
-1.434355
-1.374632
-1.319866
-1.263011
-1.199068
-1.136535
-1.069827
-1.185401
-1.370772
-1.348953
-1.506654
-1.704229
-1.863491
-1.979555
-2.068329
-2.146586
-1.975824
-1.799304
-1.671457
-1.472037
-1.386822
-1.340173
-1.291433
-1.244149
-1.190415
-1.139527
-1.084155
-1.091639
-1.284531
-1.439132
-1.617114
-1.797624
-1.938597
-2.050801
-2.143665
-2.224611
-2.064923
-1.900852
-1.728151
-1.527548
-1.471911
-1.417375
-1.343439
-1.277875
-1.207145
-1.142982
-1.075573
-0.988570
-1.189170
-1.230668
-1.421025
-1.621628
-1.797658
-1.935941
-2.044725
-2.139765
-1.974828
-1.796914
-1.671263
-1.472626
-1.324000
-1.282017
-1.239393
-1.194285
-1.137535
-1.093620
-1.050823
-1.179610
-1.366887
-1.548940
-1.686390
-1.802532
-1.912149
-2.015841
-2.110162
-2.195102
-2.279665
-2.130152
-1.929561
-1.728975
-1.576107
-1.538668
-1.499533
-1.470191
-1.431761
-1.395153
-1.352378
-1.295748
-1.413430
-1.459964
-1.654092
-1.849306
-1.994944
-2.096640
-2.171086
-2.242741
-2.095281
-1.946529
-1.756925
-1.616095
-1.568270
-1.502238
-1.433434
-1.378299
-1.330858
-1.288698
-1.245734
-1.321153
-1.475061
-1.606243
-1.716489
-1.838879
-1.971696
-2.100587
-2.217257
-2.318978
-2.310795
-2.191655
-2.064822
-1.865019
-1.789455
-1.722467
-1.647083
-1.578254
-1.513243
-1.456199
-1.405780
-1.341440
-1.289246
-1.405640
-1.602586
-1.778561
-1.925689
-2.053188
-2.159659
-2.260296
-1.800000
-1.883350
-1.942327
-1.929024
-1.916058
-1.890047
-1.983776
-2.085224
-2.053736
-2.164364
-2.271731
-2.321033
-2.344010
-2.359857
-2.172373
-1.971772
-1.801000
-1.683552
-1.601954
-1.537532
-1.442547
-1.286402
-1.086905
-1.057472
-1.215890
-1.416491
-1.602746
-1.737324
-1.836051
-1.918522
-1.992216
-2.056388
-2.117776
-1.954963
-1.778039
-1.653034
-1.565339
-1.365297
-1.356110
-1.312147
-1.259926
-1.205016
-1.157659
-1.110348
-1.127850
-1.170001
-1.204765
-1.405370
-1.605146
-1.776345
-1.912222
-2.022930
-2.113547
-1.947301
-1.768250
-1.638705
-1.439496
-1.341726
-1.295713
-1.240445
-1.182358
-1.110082
-1.039147
-0.965064
-1.103225
-1.282079
-1.456970
-1.637654
-1.789144
-1.913849
-2.020195
-2.111540
-2.187088
-2.019526
-1.832437
-1.689385
-1.488842
-1.358371
-1.299812
-1.215442
-1.120383
-1.027769
-0.944119
-0.888000
-1.046460
-1.241480
-1.286214
-1.477583
-1.643805
-1.781233
-1.899721
-2.001009
-2.088400
-2.004061
-1.820165
-1.660522
-1.459996
-1.307491
-1.254979
-1.196085
-1.117276
-1.036109
-0.972439
-0.910934
-1.053810
-1.245292
-1.416670
-1.573758
-1.710827
-1.836015
-1.952360
-2.056536
-2.149176
-1.990355
-1.818724
-1.695889
-1.497625
-1.395265
-1.341631
-1.269644
-1.188851
-1.111998
-1.045512
-0.975551
-1.059081
-1.259683
-1.422354
-1.598325
-1.766334
-1.905384
-2.023023
-2.121715
-2.204304
-2.042951
-1.865771
-1.731567
-1.531184
-1.439025
-1.391846
-1.332303
-1.264092
-1.191816
-1.122130
-1.043568
-1.157184
-1.347898
-1.336293
-1.523072
-1.715773
-1.866895
-1.982611
-2.073684
-2.149430
-1.977644
-1.790256
-1.654946
-1.463533
-1.342482
-1.302101
-1.236745
-1.163407
-1.091476
-1.028323
-0.958393
-1.099927
-1.287019
-1.415562
-1.443070
-1.633616
-1.799434
-1.927545
-2.028314
-2.111642
-2.097632
-1.916010
-1.736962
-1.536458
-1.352919
-1.329720
-1.290160
-1.244686
-1.190992
-1.142186
-1.086682
-1.212276
-1.395182
-1.371765
-1.555988
-1.749764
-1.900217
-2.013704
-2.102599
-2.177120
-2.008888
-1.832256
-1.701651
-1.501582
-1.416739
-1.362913
-1.301713
-1.236463
-1.168363
-1.105046
-1.033838
-1.144483
-1.310388
-1.481250
-1.554578
-1.724722
-1.875544
-1.997927
-2.098201
-2.179354
-2.115512
-1.939294
-1.775094
-1.574613
-1.431337
-1.380754
-1.324823
-1.268610
-1.210215
-1.155147
-1.091552
-1.200221
-1.388195
-1.369648
-1.553766
-1.746592
-1.897013
-2.012744
-2.104310
-2.181582
-2.013538
-1.834298
-1.701596
-1.501913
-1.410003
-1.353965
-1.287306
-1.215622
-1.140036
-1.069038
-0.990759
-1.111261
-1.305368
