-1.876012
-1.907895
-1.901717
-1.886044
-1.860493
-1.826418
-1.783942
-1.733358
-1.674034
-1.605283
-1.525436
-1.433112
-1.326560
-1.203531
-1.061440
-0.895459
-0.888062
-0.888064
-0.888065
-0.888055
-0.888041
-0.888046
-0.888028
-0.888026
-0.888021
-0.888023
-0.888027
-0.888035
-0.888046
-0.888063
-0.888074
-0.888060
-0.888077
-0.888100
-0.888000
-0.888094
-0.888064
-0.888071
-0.888000
-0.888000
-0.888000
-0.888000
-0.984186
-1.114087
-1.214377
-1.288249
-1.338461
-1.370496
-1.389049
-1.425774
-1.800000
-1.861738
-1.872233
-1.847936
-1.819159
-1.785950
-1.748665
-1.706454
-1.658898
-1.605143
-1.544986
-1.476898
-1.400664
-1.315599
-1.220220
-1.114522
-0.995110
-0.888091
-0.888063
-0.888055
-0.888052
-0.888052
-0.888077
-0.888023
-0.888000
-0.888003
-0.888002
-0.888006
-0.888017
-0.888025
-0.888032
-0.888042
-0.888047
-1.800000
-1.850770
-1.851661
-1.813797
-1.770643
-1.722281
-1.669295
-1.613852
-1.555721
-1.490932
-1.420184
-1.343446
-1.260381
-1.167926
-1.063102
-0.942167
-0.888002
-0.888002
-0.888001
-0.888000
-0.888006
-0.888004
-0.888000
-0.888000
-0.888000
-0.888001
-0.888002
-0.888004
-0.888004
-0.888006
-1.088635
-1.101961
-1.284863
-1.485113
-1.380625
-1.567618
-1.459411
-1.369358
-1.309443
-1.480855
-1.475647
-1.451783
-1.432312
-1.422052
-1.495266
-1.551790
-1.593427
-1.622297
-1.648350
-1.662727
-1.662977
-1.803990
-2.001473
-1.967055
-1.881233
-1.808900
-1.902633
-2.036209
-2.145015
-2.218851
-2.139498
-2.027679
-1.928352
-1.839880
-1.773901
-1.807998
-1.853501
-1.893085
-1.928378
-1.955434
-1.966608
-1.949420
-2.108232
-2.088863
-2.180667
-2.099233
-2.002474
-2.046263
-2.123275
-2.173349
-2.087956
-1.972602
-1.866954
-1.771895
-1.698731
-1.634890
-1.609076
-1.626166
-1.634266
-1.638305
-1.638583
-1.769618
-1.969998
-1.944196
-1.859446
-1.781154
-1.685930
-1.817710
-1.962794
-2.076725
-2.016569
-1.919681
-1.832411
-1.755838
-1.702339
-1.686597
-1.720104
-1.741411
-1.759684
-1.770842
-1.763485
-1.869053
-2.066798
-2.040797
-1.948137
-2.060842
-1.934449
-1.987763
-2.088442
-2.161042
-2.069509
-1.952922
-1.853775
-1.771611
-1.714354
-1.707234
-1.740434
-1.765341
-1.787562
-1.807523
-1.835126
-1.845297
-2.029663
-2.004635
-2.112096
-2.036431
-1.909030
-1.983102
-2.092270
-2.142714
-2.081986
-2.000480
-1.932520
-1.867860
-1.824028
-1.867570
-1.913804
-1.950575
-1.975032
-1.981676
-1.965823
-2.017432
-2.172590
-2.155809
-2.078206
-1.991997
-2.041150
-2.144173
-2.232927
-2.276726
-2.163772
-2.020993
-1.893130
-1.782438
-1.702786
-1.634505
-1.650640
-1.677457
-1.704917
-1.731807
-1.767807
-1.862863
-2.057492
-2.024074
-2.127984
-2.036725
-1.893233
-1.972523
-2.087078
-2.155086
-2.083230
-1.984360
-1.899020
-1.822541
-1.767861
-1.804808
-1.851021
-1.891255
-1.918485
-1.926967
-1.909264
-1.867568
-2.037560
-2.024131
-2.125393
-2.038922
-1.934664
-1.811974
-1.903145
-2.015960
-1.965178
-1.873952
-1.784469
-1.700872
-1.637919
-1.582936
-1.552459
-1.570513
-1.590570
-1.614309
-1.627148
-1.763907
-1.963925
-1.927351
-2.031080
-1.897432
-1.956130
-2.068189
-2.157603
-2.213805
-2.100691
-1.965349
-1.856488
-1.767106
-1.703926
-1.715118
-1.758465
-1.794443
-1.826707
-1.851599
-1.847794
-2.021053
-1.951598
-2.092836
-2.037219
-1.962639
-1.836304
-1.930161
-2.052604
-2.131304
-2.044507
-1.925584
-1.819661
-1.728868
-1.662011
-1.604851
-1.626389
-1.648513
-1.668303
-1.692011
-1.722272
-1.824679
-2.024192
-1.994645
-2.106688
-2.012336
-1.915479
-1.981746
-2.082580
-2.164522
-2.098889
-2.007757
-1.929265
-1.860237
-1.811262
-1.830333
-1.871870
-1.906394
-1.936999
-1.954015
-1.949863
-2.095592
-2.075229
-2.078011
-2.158165
-2.083612
-1.957333
-2.021903
-2.126541
-2.203140
-2.128447
-2.025923
-1.933215
-1.851096
-1.789917
-1.745893
-1.782885
-1.804797
-1.824503
-1.838246
-1.830567
-1.917079
-2.110206
-2.086630
-1.996122
-2.094052
-1.968875
-2.019109
-2.115473
-2.176523
-2.081937
-1.960602
-1.854591
-1.764286
-1.698421
-1.647439
-1.687178
-1.711118
-1.731485
-1.753376
-1.787131
-1.876958
-2.071490
-2.035363
-2.137404
-2.046573
-1.944527
-1.835086
-1.922093
-2.027895
-2.006206
-1.955945
-1.908935
-1.861770
-1.834583
-1.892568
-1.944329
-1.985144
-2.014075
-2.030162
-2.017927
-2.136684
-2.119889
-2.219082
-2.161700
-2.063837
-1.938048
-2.010139
-2.118396
-2.181223
-2.087014
-1.957298
-1.835318
-1.724864
-1.636871
-1.558121
-1.524018
-1.550284
-1.571396
-1.596095
-1.612529
-1.743471
-1.943732
-1.917011
-1.832686
-1.754633
-1.723790
-1.852915
-1.986893
-2.086199
-2.019871
-1.918267
-1.827145
-1.740034
-1.678862
-1.729830
-1.780686
-1.822939
-1.860578
-1.890054
-1.890848
-2.046132
-2.029976
-2.134937
-2.075649
-2.145724
-2.066807
-1.932166
-1.999184
-2.092282
-2.028500
-1.926996
-1.834489
-1.753557
-1.693485
-1.641861
-1.658898
-1.675310
-1.682438
-1.684868
-1.700267
-1.810311
-2.008836
-1.969067
-2.079008
-1.992617
-1.889710
-1.969130
-2.081670
-2.166897
-2.101265
-2.010745
-1.935578
-1.873120
-1.832099
-1.882980
-1.930210
-1.968915
-1.996059
-2.011194
-1.997792
-2.047911
-2.204040
-2.179837
-2.095742
-2.164147
-2.039703
-2.080339
-2.172056
-2.233867
-2.129888
-1.991681
-1.870209
-1.764764
-1.688064
-1.621606
-1.612741
-1.636514
-1.660362
-1.680865
-1.709161
-1.827051
-2.024780
-1.980494
-2.089304
-1.996709
-1.856924
-1.943642
-2.063983
-2.142669
-2.072728
-1.980848
-1.903526
-1.835911
-1.788777
-1.828184
-1.877581
-1.917866
-1.945210
-1.957083
-1.941154
-1.897381
-2.061851
-2.048019
-2.146907
-2.063596
-2.074675
-2.093067
-2.155010
-2.210293
-2.103111
-1.964951
-1.846478
-1.744168
-1.669738
-1.604593
-1.559248
-1.566371
-1.571302
-1.575695
-1.589510
-1.722476
-1.922997
-2.097936
-1.984998
-1.847855
-1.913923
-2.027571
-2.126480
-2.196777
-2.098068
-1.980439
-1.886483
-1.809128
-1.755073
-1.758813
-1.800503
-1.828778
-1.853336
-1.867682
-1.862008
-2.043195
-1.971897
-2.114527
-2.055925
-1.951898
-1.823997
-1.922256
-2.048876
-2.132549
-2.049300
-1.934041
-1.831741
-1.743168
-1.678648
-1.624671
-1.664153
-1.688294
-1.708416
-1.728820
-1.760346
-1.856069
-2.050952
-2.014762
-2.121743
-2.028574
-1.880262
-1.962302
-2.081163
-2.159273
-2.080532
-1.969748
-1.877307
-1.796725
-1.740085
-1.767336
-1.819197
-1.861402
-1.897702
-1.925603
-1.929397
-1.899446
-2.054638
-2.187515
-2.262032
-2.155624
-2.033109
-1.900466
-1.976491
-2.087688
-2.240243
-2.152763
-2.018918
-1.905781
-1.820641
-1.753135
-1.705973
-1.722776
-1.730939
-1.741692
-1.753232
-1.839301
-2.037505
-2.117295
-2.027983
-1.930865
-1.951600
-2.044858
-2.141032
-2.210704
-2.140697
-2.056746
-1.990491
-1.933058
-1.891613
-1.914416
-1.954353
-1.982700
-2.002272
-2.012018
-2.000148
-2.031739
-2.197980
-2.172353
-2.205609
-2.108837
-1.958122
-2.025385
-2.135380
-2.213436
-2.123334
-1.994732
-1.884086
-1.790156
-1.720497
-1.667203
-1.681696
-1.699702
-1.714046
-1.724192
-1.736903
-1.826979
-2.026189
-1.981183
-2.094860
-2.002025
-1.898060
-1.974469
-2.084880
-2.168366
-2.097331
-2.006930
-1.934180
-1.873333
-1.831040
-1.822746
-1.860954
-1.882875
-1.901011
-1.913412
-1.904157
-1.958919
-2.142009
-2.115855
-2.027236
-2.144235
-2.040107
-2.090217
-2.181767
-2.242077
-2.139590
-2.010392
-1.904749
-1.818919
-1.757488
-1.737037
-1.774373
-1.795891
-1.813968
-1.829656
-1.835186
-1.818520
-1.999891
-1.964138
-2.079259
-1.994551
-1.900749
-1.974185
-2.081867
-2.169637
-2.086383
-1.972880
-1.880234
-1.800858
-1.744154
-1.704022
-1.737661
-1.754237
-1.767950
-1.769977
-1.755876
-1.847452
-2.045982
-2.008859
-1.914898
-2.037894
-1.914424
-1.970298
-2.072242
-2.140156
-2.263222
-2.145563
-1.982776
-1.849259
-1.750414
-1.673286
-1.654565
-1.681545
-1.704240
-1.730078
-1.743898
-1.833044
-2.033198
-2.001167
-2.116554
-2.018567
-1.866061
-1.950951
-2.073053
-2.154428
-2.079811
-1.976055
-1.892856
-1.819121
-1.766509
-1.817722
-1.869199
-1.912290
-1.943487
-1.955876
-1.944420
-1.906169
-2.066348
-2.048663
-2.145332
-2.064434
-1.960139
-2.015271
-2.110445
-2.182343
-2.087390
-1.957853
-1.844402
-1.744413
-1.666918
-1.605845
-1.564309
-1.577393
-1.588254
-1.595662
-1.598022
-1.712380
-1.912168
-1.870429
-1.950979
-1.851387
-1.706511
-1.819360
-1.954584
-2.042207
-1.959315
-1.847704
-1.755201
-1.674253
-1.612775
-1.637913
-1.686217
-1.724540
-1.758231
-1.791435
-1.802905
-1.804611
-1.979416
-1.942633
-2.058950
-1.985466
-1.892199
-1.785427
-1.891581
-2.023172
-2.061040
-1.988458
-1.909765
-1.837663
-1.786941
-1.770674
-1.811557
-1.838027
-1.860475
-1.869663
-1.861484
-1.931841
-2.112577
-2.079685
-2.164766
-2.070306
-1.926150
-2.000946
-2.115791
-2.194499
-2.321578
-2.224698
-2.082360
-1.958772
-1.866500
-1.795288
-1.796707
-1.823808
-1.846851
-1.865971
-1.871587
-2.012043
-1.972561
-2.117814
-2.064340
-1.969865
-2.018908
-2.118182
-2.210529
-2.268730
-2.165142
-2.039194
-1.939272
-1.859236
-1.801243
-1.758186
-1.773335
-1.788972
-1.801911
-1.818149
-1.818972
-1.899824
-2.093910
-2.056736
-2.013901
-2.031698
-1.908447
-1.983979
-2.101703
-2.189240
-2.151995
-2.046018
-1.950744
-1.875807
-1.826358
-1.860039
-1.907174
-1.942839
-1.968385
-1.977046
-1.963885
-2.018310
-2.180228
-2.136542
-2.181368
-2.087804
-1.985353
-2.033869
-2.119889
-2.187197
-2.106435
-1.996858
-1.901254
-1.816952
-1.752357
-1.703364
-1.704055
-1.720578
-1.733119
-1.741618
-1.752749
-1.829289
-2.026771
-1.992597
-2.104548
-2.010599
-1.862385
-1.947356
-2.067884
-2.147068
-2.067897
-1.960307
-1.870382
-1.789326
-1.729544
-1.753641
-1.800797
-1.838450
-1.871369
-1.890993
-1.886312
-1.883977
-2.045139
-2.009607
-2.112797
-2.036299
-1.945887
-1.914593
-2.007078
-2.103077
-2.040355
-1.943202
-1.857678
-1.779007
-1.722639
-1.682052
-1.707222
-1.726771
-1.742360
-1.754144
-1.756943
-1.844067
-2.042213
-2.011366
-2.119403
-2.018924
-1.864869
-1.948061
-2.068228
-2.150114
-2.066792
-1.953230
-1.858510
-1.777467
-1.718169
-1.725185
-1.772705
-1.805016
-1.832834
-1.847615
-1.845120
-1.894947
-2.081929
-2.046293
-2.141882
-2.050698
-1.945924
-1.832295
-1.922373
-2.035754
-2.196928
-2.142605
-2.041050
-1.946146
-1.874493
-1.820389
-1.848885
-1.882292
-1.911461
-1.927958
-1.924615
-2.038775
-2.027861
-2.148038
-2.093265
-2.000741
-1.882112
-1.967870
-2.089595
-2.175440
-2.094985
-1.981080
-1.882543
-1.798105
-1.733698
-1.684588
-1.710103
-1.733433
-1.752414
-1.766862
-1.783290
-1.859844
-2.055715
-2.020432
-2.124401
-2.036641
-1.940838
-1.835182
-1.927681
-2.043815
-2.200691
-2.156510
-2.068325
-1.985412
-1.924312
-1.898317
-1.951674
-1.992844
-2.023565
-2.042092
-2.036188
-2.060538
-2.214393
-2.190837
-2.257735
-2.168773
-2.214853
-2.160293
-2.189068
-2.237127
-2.207427
-2.086431
-1.967433
-1.870620
-1.799361
-1.742327
-1.700755
-1.711790
-1.712436
-1.706578
-1.703227
-1.800007
-1.998728
-2.153526
-2.044691
-1.917861
-1.832640
-1.914911
-2.025180
-2.114644
-2.052614
-1.971055
-1.903070
-1.843533
-1.799433
-1.817115
-1.858503
-1.888111
-1.913609
-1.926412
-1.915515
-1.914567
-2.069865
-2.033201
-2.131234
-2.049486
-1.907336
-1.979686
-2.091743
-2.169221
-2.075375
-1.950836
-1.841579
-1.744524
-1.669929
-1.612414
-1.619544
-1.637203
-1.650369
-1.659585
-1.674876
-1.770151
-1.970546
-1.925181
-2.056518
-1.963168
-1.855110
-1.932115
-2.046242
-2.137594
-2.072885
-1.985380
-1.916604
-1.856669
-1.816651
-1.874174
-1.924643
-1.964782
-1.994309
-2.006365
-1.994489
-2.079667
-2.055709
-2.091217
-2.095719
-2.022837
-1.909087
-1.985317
-2.099371
-2.180183
-2.098261
-1.984461
-1.881628
-1.786861
-1.712284
-1.654023
-1.645081
-1.660709
-1.671610
-1.678462
-1.692090
-1.777532
-1.977545
-1.939053
-2.068439
-1.964368
-1.805804
-1.896358
-2.020220
-2.101178
-2.012592
-1.895570
-1.797123
-1.707852
-1.640102
-1.622290
-1.670384
-1.701247
-1.726961
-1.748134
-1.776259
-1.778495
-1.968337
-1.938740
-2.065578
-1.987283
-1.898424
-1.976887
-2.088109
-2.177243
-2.108806
-2.011512
-1.931927
-1.861563
-1.814647
-1.841955
-1.887280
-1.923385
-1.948071
-1.954918
-1.941717
-1.989816
-2.158419
-2.129953
-2.130801
-2.037148
-2.069597
-2.158562
-2.239012
-2.278689
-2.152345
-1.995577
-1.863431
-1.750831
-1.664779
-1.597441
-1.598275
-1.619720
-1.636349
-1.648912
-1.666048
-1.669960
-1.865055
-1.835844
-1.987265
-1.910484
-1.816254
-1.713678
-1.834839
-1.970553
-2.149838
-2.100776
-2.005192
-1.918247
-1.855835
-1.836179
-1.893204
-1.936858
-1.969473
-1.990073
-1.985998
-1.982201
-2.111655
-2.081348
-2.169134
-2.101013
-2.009125
-2.057329
-2.139784
-2.202403
-2.118401
-2.002710
-1.903154
-1.815683
-1.748107
-1.695671
-1.704154
-1.723735
-1.732846
-1.734959
-1.734298
-1.825680
-2.024923
-1.988831
-2.099226
-2.002348
-1.896971
-1.964863
-2.073381
-2.155311
-2.289164
-2.204875
-2.072349
-1.960550
-1.878541
-1.822035
-1.825428
-1.861829
-1.893479
-1.912053
-1.913064
-1.995641
-2.138947
-2.093056
-2.158999
-2.083712
-1.954117
-2.018412
-2.125758
-2.202414
-2.122662
-2.013706
-1.919684
-1.837565
-1.770706
-1.737610
-1.783741
-1.817421
-1.845497
-1.866230
-1.870188
-1.868201
-2.033533
-1.998042
-2.107182
-2.034749
-1.945032
-1.838706
-1.929275
-2.042590
-2.005532
-1.932667
-1.870798
-1.812399
-1.766840
-1.767653
-1.809290
-1.840046
-1.865764
-1.886494
-1.891118
-1.931373
-2.105197
-2.073588
-2.158722
-2.077695
-1.987658
-2.045107
-2.141508
-2.224710
-2.195927
-2.090612
-1.994113
-1.913180
-1.854615
-1.818432
-1.859447
-1.884843
-1.905526
-1.913508
-1.904062
-1.942343
-2.119169
-2.083634
-2.168393
-2.071948
-1.923142
-1.993421
-2.105298
-2.180594
-2.184703
-2.061382
-1.929334
-1.816009
-1.725064
-1.657598
-1.636813
-1.658177
-1.673719
-1.684697
-1.695039
-1.763438
-1.963821
-1.923406
-2.058769
-1.965166
-1.856047
-1.931820
-2.046345
-2.133947
-2.065335
-1.972399
-1.899343
-1.834551
-1.785302
-1.812379
-1.862267
-1.901264
-1.929155
-1.941967
-1.936474
-1.928831
-2.082474
-2.045930
-2.143331
-2.068150
-1.973513
-1.861105
-1.946086
-2.053885
-2.208230
-2.138592
-2.020993
-1.917039
-1.833430
-1.770608
-1.725085
-1.751904
-1.773183
-1.789309
-1.795289
-1.849414
-2.046203
-2.016327
-2.124247
-2.033452
-1.889971
-1.970981
-2.093308
-2.179322
-2.108182
-2.009348
-1.927083
-1.854155
-1.799236
-1.810871
-1.861089
-1.899098
-1.931712
-1.959147
-1.972198
-2.006424
-2.178774
-2.148492
-2.226152
-2.139957
-2.040911
-2.077694
-2.155775
-2.223149
-2.156110
-2.064010
-1.990683
-1.929593
-1.884028
-1.882239
-1.917756
-1.942643
-1.957362
-1.958329
-1.944301
-1.947115
-2.108914
-2.071308
-2.154828
-2.070191
-1.949092
-2.014979
-2.120594
-2.195998
-2.113339
-2.002044
-1.908363
-1.821446
-1.752079
-1.703237
-1.727745
-1.751853
-1.770153
-1.783601
-1.784378
-1.836778
-2.036966
-2.005009
-2.121733
-2.024731
-1.908862
-1.973395
-2.082163
-2.167748
-2.298605
-2.203609
-2.069299
-1.956732
-1.874283
-1.817004
-1.823408
-1.855105
-1.881907
-1.903907
-1.915937
-1.961541
-2.147067
-2.111564
-2.199017
-2.109032
-2.006105
-2.052025
-2.140800
-2.217938
-2.276775
-2.202674
-2.109510
-2.025213
-1.958906
-1.912662
-1.943792
-1.988090
-2.021208
-2.035647
-2.029553
-2.042325
-2.205478
-2.179764
-2.252187
-2.161127
-2.010702
-2.063269
-2.167247
-2.244580
-2.289379
-2.180631
-2.045964
-1.924350
-1.824955
-1.747901
-1.688630
-1.719194
-1.743972
-1.763920
-1.782711
-1.844129
-2.044398
-2.007383
-2.130463
-2.033626
-1.918762
-1.982611
-2.089373
-2.174848
-2.235092
-2.158237
-2.059280
-1.966780
-1.894413
-1.843936
-1.887331
-1.945938
-1.992031
-2.018344
-2.022980
-2.094169
-2.107607
-2.088382
-2.193556
-2.131392
-2.044946
-2.083659
-2.161762
-2.225716
-2.151088
-2.048545
-1.960112
-1.889077
-1.837053
-1.802081
-1.827945
-1.853332
-1.868438
-1.876390
-1.874294
-1.868730
-1.928403
-1.902971
-2.040182
-1.980590
-1.901932
-1.805881
-1.904577
-2.028005
-2.187730
-2.134112
-2.035844
-1.947915
-1.881196
-1.835194
-1.845708
-1.878291
-1.906062
-1.928865
-1.936297
-2.011794
-1.996250
-2.109895
-2.213106
-2.131859
-2.034130
-1.923205
-1.995561
-2.100440
-2.258737
-2.200896
-2.097316
-2.004695
-1.932227
-1.880418
-1.888727
-1.921067
-1.942397
-1.954081
-1.950454
-1.940211
-2.110184
-2.080636
-2.174321
-2.089851
-1.984265
-2.035270
-2.129344
-2.210042
-2.325111
-2.218680
-2.073868
-1.950438
-1.856542
-1.787746
-1.744111
-1.769210
-1.788749
-1.803416
-1.817444
-1.876915
-2.072587
-2.032122
-2.135955
-2.047749
-1.947725
-1.841771
-1.933227
-2.048439
-2.144183
-2.107456
-2.049188
-1.986060
-1.930355
-1.890518
-1.959522
-2.016576
-2.062320
-2.093377
-2.104801
-2.080372
-2.217515
-2.199258
-2.274778
-2.202235
-2.106817
-2.044884
-2.086045
-2.149953
-2.260385
-2.173090
-2.049089
-1.951048
-1.880522
-1.829020
-1.758978
-1.770873
-1.766225
-1.749289
-1.721932
-1.686485
-1.874257
-1.837866
-1.983497
-1.890859
-1.747223
-1.847480
-1.978794
-2.074615
-2.138556
-2.032288
-1.897169
-1.776212
-1.678895
-1.605175
-1.539900
-1.576606
-1.607239
-1.640147
-1.682340
-1.818603
-1.915699
-1.883446
-2.059497
-1.976419
-2.079047
-1.957389
-2.003219
-2.082999
-2.221629
-2.141812
-2.026102
-1.929231
-1.856886
-1.820254
-1.873617
-1.917905
-1.950968
-1.966267
-1.958866
-1.948158
-1.939570
-2.089707
-2.028467
-2.118636
-2.033804
-1.936812
-1.859155
-1.942304
-2.052184
-1.959666
-1.826698
-1.720665
-1.649877
-1.600581
-1.479921
-1.451754
-1.458163
-1.456040
-1.454042
-1.539515
-1.707096
-1.906975
-1.851997
-1.751930
-1.637556
-1.774877
-1.929278
-2.037154
-2.178986
-2.073576
-1.919405
-1.786533
-1.684861
-1.612785
-1.624798
-1.670271
-1.707101
-1.743950
-1.767433
-1.816989
-2.013699
-1.998338
-2.111839
-2.028620
-2.046255
-1.929082
-1.993898
-2.089723
-2.212539
-2.131807
-2.008059
-1.905030
-1.830917
-1.780746
-1.797710
-1.844901
-1.875197
-1.891050
-1.895910
-1.893021
-1.886382
-2.027024
-1.992068
-1.929073
-1.884889
-1.817668
-1.894064
-2.004140
-2.151944
-2.077486
-1.958590
-1.863594
-1.797007
-1.749290
-1.644926
-1.655448
-1.655149
-1.642207
-1.618266
-1.690280
-1.882934
-1.831482
-1.962419
-1.882651
-1.753242
-1.857755
-1.992888
-2.095752
-2.166276
-2.072474
-1.953174
-1.846730
-1.762678
-1.703384
-1.741538
-1.790909
-1.834639
-1.877566
-1.906762
-1.903704
-2.076274
-2.048492
-2.152207
-2.077598
-2.152239
-2.047323
-2.082724
-2.157705
-2.222131
-2.146357
-2.050399
-1.963640
-1.895798
-1.848119
-1.857569
-1.890312
-1.906105
-1.908512
-1.904778
-1.882403
-2.051361
-2.013705
-2.121305
-2.037528
-1.941081
-1.998084
-2.088574
-2.164078
-2.083604
-1.974154
-1.883147
-1.806753
-1.747838
-1.707441
-1.709948
-1.729054
-1.736800
-1.737626
-1.738840
-1.803833
-2.002739
-1.962386
-2.081092
-1.988459
-1.875784
-1.957237
-2.074608
-2.161778
-2.082615
-1.975455
-1.890973
-1.819557
-1.767708
-1.777268
-1.827607
-1.864344
-1.895561
-1.920975
-1.930076
-1.937420
-2.107185
-2.075260
-2.166775
-2.087815
-2.034806
-2.083821
-2.161052
-2.226511
-2.150916
-2.045813
-1.965755
-1.902297
-1.857294
-1.860638
-1.902364
-1.933626
-1.948022
-1.940720
-1.915477
-1.875039
-2.012657
-1.981500
-2.087030
-2.005490
-1.880038
-1.959969
-2.075713
-2.154328
-2.058148
-1.929415
-1.818476
-1.717428
-1.636142
-1.575934
-1.538888
-1.557403
-1.569355
-1.576353
-1.592012
-1.653550
-1.853652
-1.802867
-1.964021
-1.860548
-1.698711
-1.804022
-1.939948
-2.036784
-1.945595
-1.828041
-1.735253
-1.656548
-1.596058
-1.594102
-1.646874
-1.683268
-1.708583
-1.727082
-1.737224
-1.736885
-1.732836
-1.913203
-1.871396
-1.799217
-1.752630
-1.697216
-1.799894
-1.933844
-2.105575
-2.026192
-1.900167
-1.802955
-1.736461
-1.689717
-1.608611
-1.625820
-1.622192
-1.601540
-1.567605
-1.536901
-1.731417
-1.689114
-1.865199
-1.774476
-1.632791
-1.752119
-1.894199
-1.998127
-2.139739
-2.025394
-1.869460
-1.738099
-1.635626
-1.561324
-1.491066
-1.518482
-1.539010
-1.554947
-1.585964
-1.717726
-1.833588
-1.794657
-1.972850
-1.882018
-1.927698
-2.030541
-2.125510
-2.188052
-2.066835
-1.926183
-1.823179
-1.744164
-1.687734
-1.660882
-1.705295
-1.730401
-1.750105
-1.764555
-1.767254
-1.748369
-1.935969
-1.892760
-2.025328
-1.940975
-1.842491
-1.919879
-2.032429
-2.128811
-2.048248
-1.936562
-1.852433
-1.783642
-1.732711
-1.707944
-1.751322
-1.775911
-1.789024
-1.794605
-1.791785
-1.770776
-1.952049
-1.912260
-2.035715
-1.955154
-1.822360
-1.914177
-2.043832
-2.149642
-2.304308
-2.206659
-2.055709
-1.934538
-1.848536
-1.788785
-1.752972
-1.772227
-1.786352
-1.795919
-1.793873
-1.856584
-2.055209
-1.983723
-2.122291
-2.035633
-2.063286
-2.149698
-2.230545
-2.279238
-2.164257
-2.026512
-1.921218
-1.838138
-1.780692
-1.789929
-1.843708
-1.882937
-1.910842
-1.921854
-1.916888
-1.891634
-1.893186
-1.984876
-1.945824
-2.060398
-1.987047
-1.856604
-1.934858
-2.046485
-1.990763
-1.894455
-1.809386
-1.737512
-1.686042
-1.651152
-1.614824
-1.628530
-1.630603
-1.626055
-1.621032
-1.694760
-1.894755
-1.843882
-1.983112
-1.890265
-1.744990
-1.847527
-1.981794
-2.080476
-1.999637
-1.887778
-1.797141
-1.718775
-1.662366
-1.657896
-1.708213
-1.740688
-1.767391
-1.789356
-1.798565
-1.858608
-2.054080
-2.016197
-2.119605
-2.026042
-1.881356
-1.962255
-2.084971
-2.176605
-2.100641
-1.995513
-1.911712
-1.838997
-1.788725
-1.815531
-1.859492
-1.893552
-1.916469
-1.924453
-1.912922
-1.904986
-2.037523
-1.997586
-2.099924
-2.029358
-1.904524
-1.979223
-2.094685
-2.184171
-1.800000
-1.882691
-1.917026
-1.913826
-1.901323
-1.879435
-1.849699
-1.813460
-1.768697
-1.708717
-1.644264
-1.578294
-1.500243
-1.416082
-1.319246
-1.200720
-1.037135
-0.888145
-0.888000
-0.958766
-0.888007
-0.888000
-0.991956
-1.059194
-1.251148
-1.435939
-1.580433
-1.546224
-1.497454
-1.449914
-1.445635
-1.435952
-1.407287
-1.380068
-1.358849
-1.313213
-1.212563
-1.030951
-1.057242
-1.235979
-1.320518
-1.442610
-1.643189
-1.843514
-1.769685
-1.892425
-2.009808
-2.101987
-2.142140
-2.129448
-2.131106
-2.030607
-1.959407
-1.903645
-1.865646
-1.910136
-2.020478
-2.112235
-2.184296
-2.236838
-2.321836
-2.385467
-2.436675
-2.474929
-2.492158
-2.499504
-2.467309
-2.433859
-2.417036
-2.413744
-2.434205
-2.402171
-2.396106
-2.430360
-2.462170
-2.487899
-2.498793
-2.497545
-2.481657
-2.438372
-2.391155
-2.356926
-2.331870
-2.301438
-2.303097
-2.351368
-2.365936
-2.381623
-2.418385
-2.473115
-2.351737
-2.193800
-2.075189
-1.992033
-1.924439
-1.820252
-1.803652
-1.762320
-1.690591
-1.628578
-1.530976
-1.486705
-1.680654
-1.857527
-1.997625
-2.076987
-2.139459
-2.181312
-2.216562
-2.270512
-2.309614
-2.306010
-2.278507
-2.244294
-2.210605
-2.176535
-2.165239
-1.980531
-1.779929
-1.579325
-1.378722
-1.192817
-1.028744
-0.888051
-0.888008
-0.888007
-1.800000
-1.861007
-1.855121
-1.823915
-1.790829
-1.755558
-1.717760
-1.674250
-1.622717
-1.568957
-1.512545
-1.450918
-1.373709
-1.281891
-1.177493
-1.051611
-0.891487
-0.888007
-0.888009
-0.888000
-0.901750
-0.972902
-1.156781
-1.337437
-1.487842
-1.602426
-1.687539
-1.576185
-1.543151
-1.518573
-1.480049
-1.443773
-1.414137
-1.368788
-1.268984
-1.106666
-1.110304
-1.151681
-1.193604
-1.394485
-1.588788
-1.756527
-1.619213
-1.773310
-1.881385
-1.977002
-2.070079
-2.143488
-2.158516
-2.114631
-1.962386
-1.800733
-1.667463
-1.508563
-1.563190
-1.624740
-1.662828
-1.708379
-1.847789
-2.035808
-1.947030
-2.093652
-2.154730
-2.188223
-2.232377
-2.277188
-2.312816
-2.416389
-2.295759
-2.134789
-2.012958
-1.923900
-1.852373
-1.841486
-1.847013
-1.842831
-1.833786
-1.820967
-1.854639
-2.054754
-1.994222
-1.897565
-2.054189
-1.948790
-1.985020
-2.070530
-2.142192
-2.182570
-2.050128
-1.901137
-1.777220
-1.677719
-1.601453
-1.514080
-1.511559
-1.501881
-1.485110
-1.594150
-1.561326
-1.758498
-1.686150
-1.854346
-1.739856
-1.656582
-1.767559
-1.889022
-1.975695
-2.104465
-1.985044
-1.830289
-1.703669
-1.602754
-1.524802
-1.393661
-1.379474
-1.400726
-1.416054
-1.437769
-1.535949
-1.736030
-1.667632
-1.836800
-1.741371
-1.599182
-1.728101
-1.878578
-1.986470
-2.137439
-2.037503
-1.895807
-1.780344
-1.691469
-1.629321
-1.659452
-1.688911
-1.711425
-1.726154
-1.734510
-1.795007
-1.993689
-1.963760
-2.080682
-1.995730
-1.853127
-1.940931
-2.066603
-2.154396
-2.073785
-1.956838
-1.858999
-1.773908
-1.708936
-1.696052
-1.737684
-1.759183
-1.774481
-1.782866
-1.781495
-1.833110
-2.016233
-1.976208
-2.099749
-2.036951
-1.906551
-1.989629
-2.111956
-2.193207
-2.115972
-2.001782
-1.902329
-1.814796
-1.745615
-1.759049
-1.800319
-1.827308
-1.847475
-1.860171
-1.857228
-1.889596
-2.058881
-2.043111
-2.132634
-2.060488
-1.928993
-2.002886
-2.122406
-2.210495
-2.265709
-2.163430
-2.031935
-1.910690
-1.812124
-1.738373
-1.716754
-1.747250
-1.770741
-1.786173
-1.794160
-1.839484
-2.027827
-1.974036
-2.103620
-2.048991
-1.917775
-2.000347
-2.123273
-2.207488
-2.131156
-2.017145
-1.920288
-1.838350
-1.777622
-1.817964
-1.858387
-1.888696
-1.906032
-1.902053
-1.877075
-1.903484
-2.069150
-2.019932
-2.133390
-2.062078
-2.090732
-2.175308
-2.251407
-2.286933
-2.294942
-2.149445
-1.974574
-1.814535
-1.688018
-1.591133
-1.481678
-1.517462
-1.547561
-1.570988
-1.592534
-1.663634
-1.863594
-1.830869
-1.990128
-1.904385
-1.888640
-1.988636
-2.096509
-2.164323
-2.061170
-1.926645
-1.818412
-1.726773
-1.658654
-1.684102
-1.734694
-1.767891
-1.786575
-1.790824
-1.779996
-1.828123
-2.012517
-1.984800
-1.913623
-1.845062
-1.745381
-1.866050
-2.009651
-2.104249
-2.026592
-1.909429
-1.805601
-1.710405
-1.631425
-1.588644
-1.635674
-1.662244
-1.681693
-1.693989
-1.697294
-1.755577
-1.950353
-1.925729
-2.042736
-1.967204
-1.833367
-1.926930
-2.056272
-2.144696
-2.065407
-1.948683
-1.847082
-1.756732
-1.687175
-1.685165
-1.732071
-1.762922
-1.787135
-1.804553
-1.810616
-1.857191
-2.034035
-2.013876
-2.108903
-2.039073
-1.915034
-1.990305
-2.107822
-2.192155
-2.124453
-2.021610
-1.933850
-1.853877
-1.788530
-1.798217
-1.841892
-1.875356
-1.901832
-1.919755
-1.916624
-1.938751
-2.100379
-2.217689
-2.147281
-2.197454
-2.115837
-2.072069
-2.136657
-2.218666
-2.283066
-2.188030
-2.065674
-1.957785
-1.873744
-1.812621
-1.777679
-1.799722
-1.815577
-1.825300
-1.834334
-1.915520
-1.933844
-2.085155
-2.047260
-2.136079
-2.038988
-2.081087
-2.169716
-2.237871
-2.157298
-2.046469
-1.960101
-1.888183
-1.833705
-1.867068
-1.902440
-1.930153
-1.945379
-1.938807
-1.906464
-1.932072
-2.096758
-2.059400
-2.054785
-1.973396
-1.941199
-2.032389
-2.136521
-2.199336
-2.088515
-1.942686
-1.815737
-1.700065
-1.604009
-1.531041
-1.485442
-1.505752
-1.522840
-1.533771
-1.543270
-1.617129
-1.817162
-1.774041
-1.936296
-1.846460
-1.696839
-1.807334
-1.947015
-2.045042
-2.162928
-2.051918
-1.901155
-1.768846
-1.666616
-1.592530
-1.596432
-1.632800
-1.661752
-1.683937
-1.700684
-1.764366
-1.964069
-1.939562
-2.064055
-1.982650
-1.892028
-1.969281
-2.083153
-2.163117
-2.084309
-1.973261
-1.883912
-1.804702
-1.740947
-1.760276
-1.808631
-1.841753
-1.854731
-1.850890
-1.836225
-1.801834
-1.971315
-1.950726
-2.064341
-1.991362
-1.908578
-1.984385
-2.092806
-2.169577
-2.076764
-1.948261
-1.836168
-1.734931
-1.653450
-1.594839
-1.571623
-1.581776
-1.585088
-1.582358
-1.578548
-1.692645
-1.818729
-1.797507
-1.972328
-1.895511
-1.944347
-2.047055
-2.139136
-2.196384
-2.074032
-1.922492
-1.805917
-1.716614
-1.651668
-1.648710
-1.687280
-1.710110
-1.727272
-1.737931
-1.731481
-1.801282
-1.995922
-1.951728
-2.061300
-1.977466
-1.845022
-1.935682
-2.065147
-2.161968
-2.226816
-2.140359
-2.026966
-1.923798
-1.839396
-1.776967
-1.783485
-1.817146
-1.843600
-1.862547
-1.874799
-1.936513
-2.117594
-2.050872
-2.165771
-2.111621
-1.979349
-2.042877
-2.150313
-2.226128
-2.154527
-2.048479
-1.964983
-1.895500
-1.845722
-1.889863
-1.931573
-1.959440
-1.975363
-1.969929
-1.940637
-1.945356
-2.090187
-2.062034
-1.995385
-1.929891
-1.990585
-2.095124
-2.192220
-2.250417
-2.131992
-1.976352
-1.843981
-1.725786
-1.629847
-1.562834
-1.514501
-1.529877
-1.538943
-1.541720
-1.539150
-1.577136
-1.777259
-1.732399
-1.900556
-1.821271
-1.883208
-1.993328
-2.093448
-2.159146
-2.225175
-2.094674
-1.939240
-1.811247
-1.711710
-1.644682
-1.630183
-1.664707
-1.692006
-1.718215
-1.726551
-1.759775
-1.959487
-1.928658
-2.057473
-1.974325
-1.913146
-2.002288
-2.113824
-2.192542
-2.242115
-2.138633
-2.012454
-1.904850
-1.817075
-1.757743
-1.771306
-1.809723
-1.840138
-1.862333
-1.871101
-1.926651
-1.871923
-2.032286
-2.012499
-2.115394
-2.050913
-1.934775
-2.005104
-2.110650
-2.201417
-2.144928
-2.061434
-1.980553
-1.913003
-1.869385
-1.893654
-1.925261
-1.943205
-1.941268
-1.920191
-1.913783
-2.076396
-2.020326
-2.143999
-2.075374
-2.101205
-2.179258
-2.249485
-2.282291
-2.287521
-2.128004
-1.943194
-1.783360
-1.659433
-1.566423
-1.445777
-1.470365
-1.481960
-1.480860
-1.509550
-1.617153
-1.588541
-1.780291
-1.719077
-1.886603
-1.800553
-1.664057
-1.780641
-1.916824
-2.086725
-1.999386
-1.870170
-1.767258
-1.686309
-1.631373
-1.620609
-1.640737
-1.653755
-1.659918
-1.649257
-1.615428
-1.804862
-1.775527
-1.928898
-1.849413
-1.723417
-1.827894
-1.959677
-2.056827
-1.955199
-1.819430
-1.707858
-1.614647
-1.538481
-1.487597
-1.483296
-1.494576
-1.498796
-1.495757
-1.489803
-1.568763
-1.712141
-1.691597
-1.873395
-1.789793
-1.855418
-1.968494
-2.069213
-2.136122
-2.012249
-1.860933
-1.743329
-1.651958
-1.582724
-1.553446
-1.600808
-1.620877
-1.633420
-1.639824
-1.633179
-1.681545
-1.880682
-1.832613
-1.976275
-1.894456
-1.887713
-1.989440
-2.098976
-2.173790
-2.221117
-2.115176
-1.988412
-1.879083
-1.787636
-1.724237
-1.717736
-1.754131
-1.782205
-1.802351
-1.815364
-1.882618
-1.975653
-2.145077
-2.097462
-2.007394
-2.048975
-2.144206
-2.238783
-2.300372
-2.207703
-2.086287
-1.991861
-1.916931
-1.859658
-1.875158
-1.912797
-1.938980
-1.953164
-1.950139
-1.926340
-1.921083
-2.085125
-2.033055
-2.148512
-2.083625
-2.113027
-2.193347
-2.268219
-2.309406
-2.324328
-2.183007
-2.019261
-1.879668
-1.772426
-1.698654
-1.611858
-1.632137
-1.641244
-1.644953
-1.644929
-1.738494
-1.861601
-1.832528
-2.008613
-1.924766
-1.906917
-1.999218
-2.099894
-2.167628
-2.052586
-1.910354
-1.799357
-1.713195
-1.645953
-1.630724
-1.674969
-1.698946
-1.709441
-1.708816
-1.688929
-1.686116
-1.879683
-1.857557
-1.998595
-1.916288
-1.776750
-1.875010
-2.005350
-2.095533
-2.006939
-1.884084
-1.778678
-1.685087
-1.605639
-1.552652
-1.580762
-1.599723
-1.610075
-1.612679
-1.603162
-1.640873
-1.840959
-1.778396
-1.951621
-1.889196
-1.945250
-2.051961
-2.148496
-2.207854
-2.093092
-1.950909
-1.837760
-1.747076
-1.676928
-1.693213
-1.734351
-1.759956
-1.771902
-1.771615
-1.756614
-1.782904
-1.972746
-1.936834
-2.049444
-1.969528
-1.838492
-1.928553
-2.054698
-2.140803
-2.267579
-2.161818
-2.011024
-1.882274
-1.775806
-1.699113
-1.657069
-1.681275
-1.696874
-1.703485
-1.696866
-1.755082
-1.872835
-2.055658
-2.003927
-2.093227
-1.973850
-2.022868
-2.122703
-2.194079
-2.094693
-1.962927
-1.854398
-1.763704
-1.690207
-1.646490
-1.684927
-1.701481
-1.710758
-1.712005
-1.698920
-1.728932
-1.922184
-1.889899
-2.013256
-1.938806
-1.809992
-1.906491
-2.037751
-2.130416
-2.052324
-1.939359
-1.842576
-1.760235
-1.690154
-1.679375
-1.719818
-1.744438
-1.761197
-1.768953
-1.762407
-1.806179
-1.917518
-2.082414
-2.035018
-2.053775
-1.941963
-2.006354
-2.117953
-2.201205
-2.119901
-2.003630
-1.905454
-1.823086
-1.755629
-1.753617
-1.793076
-1.815870
-1.824400
-1.818907
-1.798422
-1.810652
-1.982735
-1.938930
-2.069209
-2.015759
-1.888234
-1.974810
-2.099103
-2.182685
-2.232955
-2.133958
-2.004471
-1.887212
-1.785267
-1.711982
-1.712444
-1.749631
-1.778360
-1.798623
-1.808368
-1.867773
-1.953831
-2.121342
-2.088422
-2.098130
-1.984672
-2.043947
-2.152825
-2.234664
-2.288859
-2.202528
-2.091391
-1.990871
-1.906570
-1.848859
-1.866560
-1.902120
-1.922961
-1.919616
-1.894901
-1.885024
-2.055196
-1.998571
-2.132082
-2.034484
-2.079307
-2.172034
-2.247171
-2.280504
-2.283990
-2.126797
-1.945156
-1.785946
-1.660846
-1.571547
-1.469391
-1.504272
-1.536799
-1.561568
-1.577280
-1.665825
-1.794141
-1.992793
-1.922860
-2.034824
-1.940714
-1.990278
-2.085122
-2.151120
-2.044526
-1.908592
-1.798434
-1.705687
-1.628448
-1.576012
-1.600067
-1.614439
-1.620304
-1.617478
-1.602711
-1.659909
-1.795964
-1.988908
-1.923684
-1.922244
-1.840040
-1.918848
-2.031816
-2.113348
-2.012315
-1.878971
-1.769632
-1.678002
-1.601559
-1.549635
-1.576291
-1.586554
-1.588979
-1.582965
-1.566874
-1.601108
-1.801068
-1.756156
-1.913183
-1.833113
-1.696504
-1.807318
-1.946288
-2.047497
-2.182854
-2.065977
-1.905572
-1.774144
-1.668389
-1.594499
-1.556046
-1.571229
-1.578049
-1.575660
-1.566154
-1.636989
-1.770794
-1.745995
-1.926323
-1.853340
-1.911366
-2.019715
-2.117237
-2.180416
-2.060165
-1.911401
-1.792099
-1.696655
-1.621705
-1.580613
-1.618620
-1.629722
-1.633272
-1.628014
-1.610039
-1.662905
-1.804441
-1.783335
-1.955702
-1.888416
-1.950211
-2.056497
-2.153008
-2.215969
-2.332917
-2.208348
-2.043081
-1.912736
-1.809612
-1.738286
-1.730491
-1.745782
-1.754020
-1.752866
-1.737703
-1.782470
-1.903295
-2.054699
-2.001042
-2.100166
-1.991547
-2.041401
-2.139700
-2.213605
-2.263890
-2.157671
-2.022511
-1.906032
-1.810187
-1.744165
-1.725751
-1.744191
-1.755268
-1.763437
-1.758823
-1.809400
-1.916330
-2.092638
-2.049903
-1.965109
-2.022026
-2.126089
-2.223142
-2.283950
-2.316319
-2.202880
-2.064229
-1.948727
-1.852973
-1.785068
-1.801114
-1.823572
-1.830565
-1.823298
-1.804886
-1.809053
-2.000642
-1.965407
-2.107104
-2.025881
-2.080364
-2.182343
-2.266488
-2.306227
-2.317270
-2.187279
-2.026893
-1.881907
-1.765590
-1.686950
-1.693416
-1.718276
-1.734942
-1.742276
-1.735906
-1.795073
-1.891220
-2.070697
-2.036807
-1.956642
-2.005863
-2.111434
-2.211505
-2.273807
-2.176596
-2.042054
-1.925502
-1.827488
-1.744405
-1.715319
-1.748687
-1.758929
-1.762079
-1.755322
-1.733345
-1.750605
-1.934788
-1.887337
-2.034255
-1.994412
-2.049416
-2.149057
-2.235159
-2.282024
-2.299735
-2.171121
-2.013350
-1.868245
-1.750090
-1.666957
-1.642872
-1.660549
-1.668435
-1.667650
-1.656497
-1.726420
-1.827901
-2.017269
-1.979776
-1.893572
-1.950972
-2.062800
-2.161772
-2.226605
-2.260936
-2.121401
-1.950499
-1.797412
-1.676597
-1.593993
-1.529156
-1.538909
-1.537147
-1.531308
-1.522677
-1.556654
-1.701847
-1.901879
-1.860397
-1.760650
-1.839949
-1.958272
-2.058260
-2.117444
-2.148006
-2.001408
-1.834955
-1.688227
-1.568352
-1.481671
-1.382484
-1.379345
-1.396263
-1.403770
-1.394116
-1.467511
-1.608709
-1.800795
-1.742485
-1.898956
-1.778924
-1.856031
-1.976493
-2.065991
-2.127783
-2.005746
-1.851132
-1.713371
-1.600845
-1.527056
-1.476644
-1.492002
-1.493918
-1.493444
-1.479676
-1.570782
-1.696423
-1.894443
-1.838891
-1.972501
-1.832418
-1.886214
-1.989748
-2.062274
-2.107216
-1.977195
-1.827800
-1.694518
-1.581806
-1.497056
-1.399055
-1.266945
-1.292280
-1.308605
-1.308210
-1.404614
-1.567958
-1.541065
-1.729569
-1.648689
-1.768346
-1.741740
-1.865389
-1.973421
-1.900958
-1.791386
-1.692811
-1.606088
-1.583153
-1.626357
-1.659446
-1.672505
-1.671184
-1.661631
-1.631859
-1.641017
-1.775787
-1.972144
-1.931992
-1.838644
-1.907620
-2.023117
-2.123743
-2.185572
-2.217083
-2.074690
-1.899688
-1.749114
-1.626689
-1.537590
-1.436224
-1.416058
-1.412459
-1.399647
-1.382627
-1.459231
-1.606315
-1.806780
-1.739686
-1.891192
-1.751537
-1.823204
-1.940905
-2.025678
-2.082735
-2.189442
-2.047770
-1.868418
-1.725068
-1.619709
-1.503832
-1.419077
-1.425203
-1.429842
-1.467350
-1.536861
-1.669289
-1.775143
-1.952265
-1.863422
-1.753633
-1.845459
-1.969039
-2.058240
-1.956282
-1.824615
-1.707973
-1.604876
-1.523010
-1.551615
-1.585737
-1.606998
-1.608660
-1.581515
-1.537594
-1.620680
-1.569372
-1.714579
-1.684821
-1.634019
-1.755667
-1.902978
-2.027663
-2.113139
-2.167735
-2.266779
-2.121117
-1.929858
-1.773657
-1.661007
-1.537154
-1.467848
-1.472710
-1.475448
-1.480575
-1.518253
-1.656829
-1.856837
-1.814935
-1.894143
-2.015313
-2.124189
-2.206187
-2.250201
-2.081291
-1.938363
-1.821374
-1.707931
-1.738931
-1.785267
-1.829577
-1.867082
-1.894666
-1.901418
-1.885272
-1.840344
-1.830183
-1.819705
-1.974834
-1.922121
-1.842548
-1.927563
-2.044665
-2.139711
-2.198425
-2.186164
-2.059913
-2.066369
-1.891695
-1.691116
-1.496977
-1.326394
-1.140458
-1.800000
-1.862356
-1.878507
-1.860103
-1.837164
-1.805485
-1.765551
-1.725955
-1.688880
-1.645200
-1.590262
-1.521193
-1.432364
-1.323255
-1.219676
-1.190837
-1.174441
-1.151439
-1.132359
-1.082858
-1.265488
-1.449364
-1.610467
-1.597440
-1.511546
-1.432059
-1.367756
-1.313705
-1.275834
-1.252423
-1.201727
-1.128497
-1.174228
-1.207067
-1.234025
-1.236502
-1.222459
-1.423021
-1.369084
-1.430902
-1.403965
-1.350884
-1.520566
-1.704834
-1.905437
-1.859242
-1.776005
-1.716026
-1.678439
-1.678117
-1.730250
-1.759063
-1.772017
-1.769446
-1.745768
-1.736573
-1.899471
-2.071420
-2.006225
-2.087674
-2.190632
-2.263720
-2.317909
-2.339331
-2.166064
-2.000205
-1.875177
-1.778260
-1.702416
-1.654550
-1.697240
-1.730044
-1.745640
-1.749923
-1.736099
-1.741959
-1.696748
-1.882516
-1.844940
-1.978534
-1.905594
-1.778963
-1.879363
-2.003960
-2.162588
-2.077294
-1.947821
-1.841716
-1.759945
-1.706691
-1.649381
-1.668513
-1.675733
-1.673648
-1.656464
-1.665406
-1.811519
-1.796022
-1.964121
-1.894954
-2.008995
-1.894635
-1.954782
-2.055188
-2.137197
-2.041415
-1.918698
-1.816867
-1.738296
-1.688381
-1.663488
-1.690381
-1.708295
-1.719017
-1.711678
-1.723711
-1.792426
-1.980293
-1.933087
-2.044741
-1.965715
-1.837161
-1.930300
-2.052630
-2.149913
-2.081298
-1.983751
-1.898600
-1.824936
-1.775526
-1.794483
-1.829170
-1.847854
-1.853722
-1.842864
-1.845025
-1.947226
-2.088551
-2.044434
-1.964212
-2.018052
-2.119071
-2.216634
-2.282165
-2.176421
-2.035225
-1.920032
-1.830261
-1.757624
-1.727322
-1.767248
-1.790636
-1.804547
-1.809786
-1.797556
-1.789882
-1.960425
-1.928067
-1.868126
-1.992903
-1.904405
-1.974788
-2.088026
-2.173166
-2.037985
-1.915707
-1.817539
-1.726911
-1.648887
-1.598370
-1.634395
-1.665809
-1.686134
-1.696497
-1.686390
-1.700968
-1.752586
-1.938990
-1.903269
-1.827715
-1.909310
-2.031763
-2.142282
-2.219945
-2.120944
-1.984347
-1.873625
-1.787424
-1.718526
-1.723277
-1.765563
-1.786921
-1.793196
-1.786413
-1.761788
-1.743161
-1.871779
-1.869642
-2.005585
-1.950180
-1.869661
-1.962676
-2.086118
-2.178707
-2.068541
-1.951108
-1.855623
-1.773529
-1.707429
-1.672013
-1.723366
-1.752747
-1.765031
-1.762786
-1.741196
-1.742171
-1.870981
-1.867535
-2.021218
-1.958014
-2.009683
-2.106881
-2.199023
-2.260949
-2.152245
-2.007875
-1.890314
-1.798398
-1.724844
-1.679980
-1.720285
-1.740838
-1.751717
-1.754327
-1.740709
-1.740727
-1.874408
-1.868531
-2.013971
-1.954051
-1.828568
-1.922587
-2.054425
-2.153115
-2.264374
-2.157507
