0.000000
1.952947
1.444579
1.362216
1.289368
1.241077
1.210011
1.181824
1.149620
1.113016
1.072033
1.025536
0.974485
0.917474
0.855076
0.787608
0.714292
0.663503
0.644637
0.616572
0.584405
0.548149
0.508926
0.463753
0.409247
0.343774
0.263176
0.170414
0.051303
-0.083888
-0.219521
-0.407510
-0.528538
-0.602855
-0.644833
-0.539672
-0.439750
-0.874006
-0.811965
-0.648399
-0.585439
-0.676142
-0.858416
-0.880103
-0.617775
-0.891592
-1.127244
-1.349387
-1.562293
-1.776781
9.823688
0.000000
1.522684
1.450303
1.369048
1.286877
1.229660
1.196543
1.157079
1.113790
1.064619
1.004338
0.918764
0.845322
0.726604
0.610421
0.526405
0.370079
0.306929
0.587639
0.582547
0.340536
0.223692
-0.028944
0.373411
0.032021
0.410958
0.398042
-0.473248
-0.993781
-1.221301
-1.283019
-1.268244
-1.263465
-1.208631
1.527602
1.474074
1.411984
1.350383
1.315412
3.509633
2.685635
1.264930
0.979865
0.922001
0.835954
0.770146
0.676561
0.604124
0.526029
0.449797
0.451462
0.388833
0.463676
4.297692
9.094584
1.425972
-4.057820
-6.699531
-6.981924
-5.539306
-14.708806
-8.975633
4.708495
1.191222
-1.969675
-4.169879
-7.262568
-23.700001
0.000000
-23.700001
1.698836
1.465548
1.624742
-0.682320
12.462866
3.517065
-1.477610
-3.861160
-4.071284
-3.190998
-2.571833
-5.869743
-5.267155
-7.460474
-8.184216
-5.634111
-23.700001
-23.700001
0.000000
-1.118514
0.852714
0.657614
0.581227
-1.498941
14.490538
5.699417
-1.236219
-5.483833
-6.458004
-5.617788
-3.598913
-2.323174
-7.806372
-2.581636
-2.736610
-5.602411
-23.700001
-23.577297
0.000000
0.462241
0.419187
0.385679
0.402509
14.767216
11.976055
2.771347
-3.309273
-6.735662
-7.438813
-5.601970
-14.770058
-7.557958
4.980335
2.393944
-1.846591
-8.201085
-23.700001
-23.700001
0.000000
0.802391
1.036920
1.006211
1.044264
-0.820026
14.227554
5.040895
-1.868530
-5.381353
-5.960729
-4.936829
-3.467649
-2.022044
-8.017887
-2.871819
-3.293770
-7.192860
-4.274689
-23.700001
0.000000
1.223579
1.138811
1.048904
1.049938
8.426879
12.624703
2.980999
-2.948542
-6.148022
-6.520398
-5.208853
-2.984963
-3.932682
-6.428123
-2.528170
-2.533567
-7.194569
-23.700001
-23.700001
0.000000
0.756313
0.736066
0.677889
-23.229147
-3.168007
14.630337
5.900246
-0.344929
-4.345493
-5.886894
-5.097309
-2.436283
-10.717400
0.854633
0.582846
-2.797828
-7.813819
-5.195922
-23.700001
0.000000
1.483376
1.422503
1.376094
1.302252
14.268823
12.050485
2.277691
-3.393354
-6.235535
-6.416499
-5.163122
-3.073042
-2.097385
-9.042156
-3.314646
-3.475084
-6.463863
-23.700001
-23.700001
0.000000
0.793103
1.661787
1.416010
-23.662407
-3.180168
14.942115
5.803684
-0.879745
-5.126063
-6.341517
-5.481276
-2.696406
-7.192047
-2.355522
-0.945734
-2.033303
-7.267479
-23.700001
-23.289490
0.000000
0.813014
0.867217
0.887965
0.732847
14.886551
12.480395
3.232647
-2.712252
-6.332953
-7.346558
-6.426965
-4.357093
-2.554710
-7.969751
-2.908869
-3.539684
-6.904553
-4.537633
-23.700001
0.000000
1.102502
1.098445
0.904890
-23.700001
-2.056610
14.639986
5.666719
-1.311775
-5.452715
-6.289019
-5.298641
-3.150205
-1.786419
-7.353003
-4.537046
-0.916416
-6.771270
-23.700001
-23.700001
0.000000
0.870816
0.817979
0.746951
0.673823
14.246731
11.369136
2.645718
-3.266074
-6.541013
-6.860017
-5.407160
-3.344801
-1.987260
-8.527927
-3.496964
-3.404806
-5.883456
-23.700001
-23.700001
0.000000
-1.963628
0.476364
0.384173
-22.662914
-0.477383
14.481194
5.573689
-0.844707
-5.172291
-6.363503
-5.518832
-3.378435
-13.202794
0.457952
-1.074766
-0.487896
-6.653005
-23.700001
-23.700001
0.000000
0.960833
0.914026
0.846482
0.815710
0.682934
13.890286
4.938263
-2.309170
-6.028370
-6.422153
-5.114848
-3.349380
-1.710822
-8.040440
-3.210320
-3.852171
-5.816720
-15.684235
-23.700001
0.000000
0.878743
0.809982
0.713420
0.646475
8.453193
12.635581
3.343813
-2.952597
-6.497642
-6.976044
-5.651596
-3.161551
-3.824496
-7.059315
-2.743818
-2.549139
-6.400144
-23.700001
-23.700001
0.000000
0.622019
0.683925
0.640037
0.574986
-3.059330
14.688570
5.686136
-0.734247
-4.741057
-6.101680
-5.357358
-2.729038
-1.334699
-6.906769
-4.529030
-2.369173
-5.902100
-23.700001
-23.135622
0.000000
0.825760
0.710857
0.581531
0.604456
14.684526
11.681803
2.954599
-3.165719
-6.747923
-7.667115
-6.339774
-15.513043
5.345151
-3.692511
-1.561853
-2.759228
-6.876193
-23.700001
-23.700001
0.000000
0.853413
0.794157
0.708726
0.618780
-2.283897
14.206136
5.507227
-1.337933
-5.230843
-6.081551
-5.202444
-3.077748
-1.687335
-7.237518
-4.173159
-1.987347
-6.336584
-23.700001
-23.700001
0.000000
0.835008
0.801385
0.708968
0.633616
14.422713
11.381384
2.823200
-3.115789
-6.515491
-6.914683
-5.494534
-15.367118
-7.948563
4.806729
2.673701
-0.052325
-6.414331
-23.700001
-23.700001
0.000000
0.061033
0.882825
0.808892
0.941586
-1.263456
13.650872
5.144524
-1.678837
-5.297413
-5.817409
-4.628760
-2.229198
-1.409616
-7.612185
-2.592884
-3.589117
-6.912623
-4.691271
-23.700001
0.000000
1.047887
1.070948
0.890792
0.891832
14.623341
11.998145
2.814192
-3.157363
-6.427245
-7.153270
-5.856672
-3.425334
-13.571622
-0.484915
0.281322
-1.197629
-6.851526
-23.700001
-23.700001
0.000000
0.900460
0.806012
0.671312
-23.700001
-2.479229
14.567677
5.567572
-1.037132
-5.048212
-6.170494
-5.319574
-2.689229
-5.954675
-2.904600
-0.719179
-2.642443
-1.334873
-6.855922
-23.700001
0.000000
1.177749
1.112923
1.051630
0.912219
14.551143
11.840096
2.460354
-3.604473
-6.554309
-6.793219
-5.094344
-3.237391
-7.718422
-3.735355
-1.549183
-2.560501
-7.266398
-23.700001
-23.700001
0.000000
0.683447
0.536412
0.405202
-23.343975
-0.192928
14.307992
5.391481
-1.550144
-5.612015
-6.380640
-5.528784
-3.328866
-5.103457
-4.796186
-3.420530
-0.617447
-7.022143
-23.700001
-23.700001
0.000000
0.938373
0.855804
0.800427
0.741648
14.157605
11.436706
2.755541
-3.083426
-6.331746
-6.717358
-5.411914
-3.084320
-6.193803
-4.833101
-1.495552
-2.456879
-6.786612
-23.700001
-23.700001
0.000000
0.987678
1.424256
1.142265
0.731017
14.725205
13.743463
5.021305
-1.574018
-5.365530
-6.284991
-5.236113
-2.947457
-1.397767
-7.085028
-1.817947
-2.712597
-7.499751
-4.966048
-23.700001
0.000000
0.861949
0.824269
0.780208
0.693764
16.246523
14.715908
5.440922
-1.540894
-5.799684
-7.167976
-5.863256
-14.164679
3.349005
-2.802450
-1.017309
-2.176221
-7.637597
-23.700001
-23.700001
0.000000
-0.376180
0.548349
0.391601
-23.464439
-1.374563
16.567652
7.048810
0.574163
-3.613115
-5.708272
-5.467671
-3.412374
-2.030160
-8.148392
-2.471640
-3.201077
-6.402952
-4.782102
-23.700001
0.000000
1.169102
1.109937
0.976317
0.955020
15.680367
14.449932
5.213114
-1.695494
-5.751201
-6.744694
-5.548688
-3.368709
-14.044656
-0.675934
0.040052
-1.007538
-5.989582
-23.700001
-23.700001
0.000000
-0.285435
0.645735
0.562243
-23.580658
0.131687
16.096733
7.579079
-0.291937
-4.744301
-6.215827
-5.578474
-4.025866
-2.046951
-7.825123
-2.674463
-3.468555
-6.528831
-3.976316
-23.700001
0.000000
1.214730
1.115194
0.972309
0.953096
15.085157
14.342952
4.994385
-1.765211
-5.667480
-6.413116
-5.371263
-3.310395
-9.826427
-1.438986
0.396128
-1.076386
-5.670530
-23.700001
-23.700001
0.000000
0.935042
0.871320
0.813787
0.846848
2.604124
15.490981
6.714340
-1.056358
-5.395319
-6.353936
-5.378469
-3.626376
-11.445510
0.135098
0.115229
-2.188883
-7.263958
-23.700001
-23.700001
0.000000
1.247235
1.182012
1.075268
1.039929
15.193044
14.241953
4.976665
-1.683512
-5.543771
-6.669954
-5.529387
-3.513355
-2.383601
-8.389149
-3.085146
-2.865215
-6.714945
-23.700001
-23.700001
0.000000
0.659538
1.070008
0.966982
0.520191
-1.951920
15.960983
7.562506
0.078953
-4.641137
-6.207244
-5.563191
-3.036020
-13.949696
1.507055
1.214243
-1.789348
-0.670721
-7.562697
-23.700001
0.000000
1.160706
1.102471
1.040887
1.020867
15.889035
14.315326
5.003603
-2.241798
-6.026881
-6.908037
-5.505437
-3.488384
-12.105388
-0.331293
0.146803
-1.542341
-7.274497
-23.700001
-23.700001
0.000000
1.221951
1.101954
0.961755
0.933254
-1.907742
15.778664
6.934181
-0.488659
-4.938149
-6.160831
-5.350801
-3.419824
-2.350142
-7.386589
-2.938639
-2.699502
-5.412952
-23.700001
-23.700001
0.000000
0.816126
0.803870
0.770103
0.677812
0.837629
15.674067
7.165562
-0.480700
-5.023151
-6.363604
-5.532782
-3.484939
-13.830353
0.357046
0.245140
-1.851971
-7.237299
-23.700001
-23.700001
0.000000
0.983271
0.903254
0.853096
0.775369
0.579788
15.878072
7.193796
-0.365570
-4.958268
-6.445458
-5.705385
-3.714162
-14.366703
0.130871
-0.886593
0.136222
-6.824648
-23.700001
-23.700001
0.000000
0.943776
0.841484
0.699130
-23.394987
1.332396
15.839972
7.439785
-0.631054
-5.333411
-6.664919
-5.740967
-4.049502
-2.385516
-8.021257
-2.354324
-2.518270
-4.249907
-5.052808
-23.700001
0.000000
1.131096
1.064839
0.929796
0.800202
0.793633
15.337237
6.646357
-0.944195
-5.139673
-5.947322
-4.963970
-2.846159
-13.678012
0.448837
0.274925
-1.998896
-4.033058
-23.700001
-23.700001
0.000000
0.907360
0.808552
0.752564
0.828987
16.283037
14.026780
4.845123
-2.261816
-5.966069
-6.579920
-5.365860
-3.210451
-13.307368
-0.695837
-0.131691
-1.838016
-7.083949
-23.700001
-23.700001
0.000000
0.979295
1.082531
0.858754
0.726216
-0.061249
15.577985
7.016907
-0.470812
-4.976642
-6.263340
-5.500824
-3.429908
-13.877349
0.787457
-0.073647
-1.787177
-0.064311
-23.700001
-23.700001
0.000000
1.041237
0.991928
0.940275
0.916193
15.731182
13.615892
4.818888
-2.130112
-5.693563
-6.275651
-5.193186
-3.195987
-13.662305
-0.091507
0.388611
-1.654295
-6.502508
-23.700001
-23.700001
0.000000
1.110442
1.030916
0.897433
0.816135
0.384819
15.666430
6.856766
-0.752298
-5.172845
-6.270282
-5.392864
-3.371009
-13.867168
0.259954
0.369402
-1.641405
-2.442514
-23.700001
-23.700001
0.000000
0.938457
0.924445
0.880210
0.864579
1.088190
15.167187
7.146584
-0.812889
-5.137326
-6.197499
-5.324590
-3.300908
-13.532673
0.597805
-1.029198
-0.881180
-7.483466
-23.700001
-23.700001
0.000000
0.982458
0.890561
0.774777
0.777822
15.864966
14.085378
5.200680
-1.785786
-5.807710
-6.714131
-5.613955
-3.393103
-13.517550
-0.443985
0.215748
-1.194476
-6.354439
-23.700001
-23.700001
0.000000
-0.313356
0.838477
0.786733
0.802484
-0.938614
15.547999
6.990530
0.192987
-4.277013
-5.897586
-5.298830
-3.016998
-3.273347
-6.212545
-1.992908
-3.368649
-1.361359
-6.592337
-23.700001
0.000000
0.983790
0.839922
0.721451
0.699196
16.530357
9.864874
1.509130
-3.936073
-6.959407
-7.674762
-5.840680
-14.820580
-7.568509
4.365038
2.308344
0.038163
-8.131063
-23.700001
-23.700001
0.000000
0.519029
0.646687
0.569200
0.705440
1.479090
15.519105
6.567404
-0.549982
-4.873319
-6.118082
-5.355150
-3.374546
-13.479012
0.968369
0.133249
-2.122484
-0.473625
-7.168681
-23.700001
0.000000
1.146267
1.075238
0.980595
0.953141
8.124500
14.689210
5.800894
-1.901907
-5.963822
-6.739251
-5.543663
-3.426896
-13.588298
-0.674675
-0.105055
-1.105174
0.285697
-23.700001
-23.700001
0.000000
0.761901
0.834512
0.749426
0.762318
0.176207
15.054453
6.852043
-0.581514
-4.696474
-5.902126
-5.162209
-2.972218
-13.597320
0.693138
-1.046957
-1.308640
-7.047391
-23.700001
-23.700001
0.000000
0.936177
0.869939
0.778368
0.793003
16.235462
14.147721
5.032940
-2.000029
-5.905020
-6.810377
-5.755914
-3.599512
-13.412412
-0.867830
-0.325558
-1.782274
-6.982550
-23.700001
-23.700001
0.000000
0.943080
0.859156
0.788801
0.688890
0.358925
15.507278
6.900492
-0.639696
-5.205167
-6.525539
-5.851182
-3.807875
-14.181152
-0.607714
0.516205
-1.070356
-5.717043
-23.700001
-23.700001
0.000000
0.913280
0.889670
0.832985
0.769169
0.116304
15.136835
7.089050
-0.547699
-4.724743
-5.980753
-5.265388
-2.920683
-13.497847
0.785269
0.484772
-2.582978
-1.243412
-6.746764
-23.700001
0.000000
1.094516
1.715765
1.238455
0.866414
15.530937
14.194473
5.053255
-2.057230
-5.958379
-6.902049
-5.645928
-3.494927
-13.550991
-0.523783
0.277050
-1.316476
-0.084785
-23.700001
-23.700001
0.000000
1.042584
1.020339
0.954761
0.871144
0.198616
14.902416
6.774847
-0.706539
-4.757956
-5.967134
-5.254841
-2.975075
-1.593612
-7.619144
-3.761808
-3.591513
-1.077723
-6.064582
-23.700001
0.000000
0.861790
0.761848
0.665704
0.639166
16.122213
13.976181
4.907036
-1.997179
-6.003368
-7.083138
-5.955296
-15.642576
-8.025728
4.909809
2.387556
-0.825310
-0.789876
-23.700001
-23.700001
0.000000
-0.397758
0.939813
0.871223
0.785293
1.764706
14.745547
6.625605
-1.062790
-4.959740
-6.279073
-5.334353
-3.414661
-13.544710
0.310555
-1.335205
-2.134831
-6.173979
-23.700001
-23.700001
0.000000
0.936819
0.859703
0.729962
0.533616
23.700001
17.165157
8.310612
0.309828
-4.641710
-6.639964
-6.027974
-4.014125
-13.953042
0.546158
0.266214
-1.365299
0.175975
-12.579392
-23.700001
0.000000
0.901938
0.803591
0.734666
0.852588
23.221514
16.537573
8.170313
0.138573
-4.580673
-6.222474
-5.646555
-3.726254
-14.359939
0.737368
0.987128
-1.246087
-0.133358
-17.375692
-23.700001
0.000000
0.938261
0.863958
0.775032
0.721897
6.820328
18.302114
9.249737
0.891870
-4.338939
-6.294418
-5.885936
-4.042625
-14.170620
0.100117
0.251356
-2.065931
-7.022318
-23.700001
-23.700001
0.000000
0.903258
0.822176
0.702681
0.644507
23.700001
18.174952
8.328151
0.425011
-4.731811
-6.885847
-6.395013
-4.456076
-14.332437
-0.798960
-0.241941
-1.316167
0.089144
-23.700001
-23.700001
0.000000
-1.738013
0.747266
0.649412
0.685713
6.657085
17.456356
9.126920
0.828398
-4.231737
-6.044705
-5.731153
-3.579718
-14.063839
0.463661
-0.167858
-1.919246
-0.544672
-20.034086
-23.700001
0.000000
0.939652
0.822956
0.743641
0.826850
23.595472
16.570570
8.076759
-0.082026
-4.940163
-6.892007
-6.094206
-4.023869
-14.036927
-0.205416
0.124929
-1.625897
-3.003288
-23.700001
-23.700001
0.000000
0.968202
0.874697
0.752266
0.707278
6.935661
17.499121
8.958241
0.819906
-4.266129
-6.130715
-5.813742
-4.005573
-14.633738
0.215254
0.941629
-1.207044
-5.677889
-23.700001
-23.700001
0.000000
-0.997912
0.445137
0.330559
0.473324
4.987425
19.364458
8.327630
1.074352
-3.647465
-5.698074
-5.575412
-3.544161
-13.763521
-0.200487
0.550301
-1.730289
-0.530670
-7.643588
-23.700001
0.000000
0.954251
0.853491
0.730639
0.761262
8.570469
17.624966
8.863964
0.247223
-4.792875
-6.519124
-6.010932
-4.524280
-13.724586
-4.484018
2.486870
-0.314289
0.370229
-23.700001
-23.700001
0.000000
1.007495
0.915151
0.802054
0.775798
7.708200
17.223701
8.898052
0.365974
-4.552891
-6.231897
-5.701643
-3.880194
-14.292718
-0.153177
0.878273
-1.088358
-4.847340
-23.700001
-23.700001
0.000000
-2.226210
0.708395
0.597378
0.586370
5.268787
19.203264
7.777210
0.579514
-3.973821
-5.985759
-5.689276
-3.613776
-13.811618
0.508999
1.069584
-1.613319
-0.383686
-7.151067
-23.700001
0.000000
0.950752
0.830161
0.762674
0.706586
9.117918
18.215107
8.531658
-0.096949
-5.217574
-7.434320
-6.446112
-4.275403
-13.790833
-0.605806
0.337166
-1.142860
0.153490
-23.700001
-23.700001
0.000000
-1.846119
0.834695
0.748389
0.646216
7.073704
17.858227
8.045137
0.073637
-4.642483
-6.367670
-5.659633
-3.392707
-13.713894
0.849213
0.165264
-1.150105
-0.767596
-23.700001
-23.700001
0.000000
0.902133
0.791919
0.661292
0.600626
23.551392
10.388406
2.431242
-2.532795
-5.812724
-6.934447
-5.769193
-14.924045
-7.759947
5.633731
2.527917
-0.038170
-0.074792
-23.700001
-23.700001
0.000000
0.872270
0.913388
0.841715
0.924425
22.918243
16.121513
8.238403
-0.069668
-4.488746
-6.092197
-5.534787
-3.733207
-14.172045
0.516733
-0.503821
-0.910624
-6.251827
-23.700001
-23.700001
0.000000
0.784948
0.674521
0.594021
0.625428
11.953480
18.177975
8.380013
1.080330
-3.830997
-6.205091
-6.035202
-3.860951
-13.973559
0.298359
0.758770
-1.344684
-0.190552
-7.682824
-23.700001
0.000000
0.950241
0.851094
0.743387
0.708400
21.656990
16.939653
8.423649
0.190945
-4.753275
-6.906390
-6.297148
-4.317300
-14.070754
-5.762522
1.874189
-0.281022
0.329940
-23.700001
-23.700001
0.000000
-2.011775
0.764981
0.668735
0.647779
-6.071749
18.516382
8.328014
0.942978
-3.640214
-5.896316
-5.895761
-4.009501
-5.047832
-4.291592
-0.617702
-1.681669
-0.240464
-6.869035
-23.700001
0.000000
0.600735
0.470215
0.368491
0.419561
3.613360
11.886060
3.796225
-1.591290
-5.089054
-6.908432
-6.052866
-15.027525
-7.450786
5.141336
2.572084
-1.066331
-1.005193
-9.009571
-23.700001
0.000000
1.256373
1.185022
1.099775
0.933959
23.468172
17.030930
7.581673
-0.145052
-4.686523
-6.744257
-6.156379
-4.453592
-2.735761
-4.220055
-8.174517
-3.314684
-5.712111
-5.202115
-23.700001
0.000000
0.000953
0.546013
0.358250
0.169903
-9.205824
19.179768
8.546044
1.098600
-3.950859
-6.681686
-6.692120
-5.031238
-0.754552
-4.721601
-3.081841
-2.281153
-2.213127
-23.700001
-23.700001
0.000000
0.243617
0.190759
0.090961
0.173583
23.700001
10.708037
3.853901
-1.475374
-4.700670
-6.455990
-18.572615
-8.927998
-4.593163
8.904684
3.269862
1.157910
-2.768432
-23.700001
-23.700001
0.000000
1.503968
1.278966
1.190960
1.204381
22.690050
15.850524
7.125786
-0.146906
-4.342777
-5.714210
-5.488576
-4.021487
-2.800109
-8.663967
-2.914330
-3.195481
-0.353436
-7.421885
-23.700001
0.000000
-0.586297
1.357500
1.151711
0.204700
1.287671
11.484256
3.820740
-1.528820
-5.170448
-7.120023
-6.654026
-15.872624
-7.875667
6.445633
3.063967
0.463454
-1.730877
-23.700001
-23.700001
0.000000
0.671219
0.771509
0.737641
0.828143
5.003024
11.332090
4.188402
-2.479765
-6.074822
-7.236246
-5.892450
-14.558187
-7.418789
5.028355
2.186491
-0.271843
-0.147713
-8.939255
-23.700001
0.000000
1.384527
1.304189
1.193532
1.111992
6.854273
17.291218
8.072613
0.088320
-4.552842
-6.039879
-5.509968
-3.864510
-2.422582
-8.090120
-2.126263
-2.117471
0.309486
-6.969400
-23.700001
0.000000
0.624663
0.476037
0.354362
0.293260
-20.039131
19.456659
7.561973
0.488647
-4.231449
-6.519899
-6.318104
-16.432253
-8.000182
5.855310
3.507343
-0.301279
-0.223932
-23.700001
-23.700001
0.000000
0.384438
0.691457
0.582538
0.721581
23.467659
17.010746
8.143543
-0.545107
-5.140833
-6.524849
-5.777852
-15.538558
-8.036278
4.692742
2.444947
-0.632847
-0.204226
-23.700001
-23.700001
0.000000
1.080351
0.957856
0.838013
0.844443
8.244717
16.626831
8.508602
0.099205
-4.653511
-6.124059
-5.557549
-3.738657
-14.199885
0.557381
1.072185
-1.034231
0.183064
-23.700001
-23.700001
0.000000
0.771161
0.642482
0.497736
0.475871
5.580452
18.684479
8.190912
0.746489
-4.031139
-6.111302
-5.814667
-15.465755
-6.916938
6.607736
3.040125
-1.246926
-1.301493
-22.095886
-23.700001
0.000000
1.237040
1.112801
0.992727
1.003772
23.577679
16.719145
7.709694
-0.779396
-5.358999
-6.764689
-5.843660
-3.946544
-13.821445
-3.534803
1.092039
-0.775237
0.195209
-23.700001
-23.700001
0.000000
1.090634
0.986069
0.840753
0.701275
7.435015
17.556026
8.552935
0.086201
-4.903011
-6.529960
-5.758407
-11.723513
-9.559444
4.398645
1.963598
0.050755
-2.172777
-23.700001
-23.700001
0.000000
0.797821
0.787926
0.714825
0.708051
4.532923
11.167217
4.061039
-2.772726
-6.138526
-7.124268
-5.696111
-14.086886
-7.021263
5.347258
2.567584
-1.016134
-0.886463
-9.162361
-23.700001
0.000000
1.402527
1.318996
1.237697
1.095744
23.338463
16.710236
7.439510
-0.094793
-4.584389
-6.563093
-5.915170
-4.358085
-15.295719
4.806583
-5.213886
-6.198730
-2.922251
-18.598103
-23.700001
0.000000
1.136546
0.956134
0.761823
-23.700001
7.820192
17.217754
8.674667
0.132891
-4.878566
-6.448678
-5.782365
-3.856385
-13.784439
-0.359007
0.919405
-0.423133
0.668755
-13.488503
-23.700001
0.000000
0.743533
0.616180
0.522388
0.658947
-20.855736
17.377279
9.137739
0.753826
-4.478853
-6.414453
-5.958012
-16.993641
-8.327347
5.999629
3.791786
0.253735
0.282664
-11.369192
-23.700001
0.000000
1.214218
1.138279
1.051111
0.977278
8.252279
17.559259
8.396303
0.074835
-4.586526
-6.312027
-5.660924
-4.032061
-14.807460
0.113831
0.654510
-5.891931
-1.603966
-4.015524
-23.700001
0.000000
1.414049
1.845599
0.949971
0.749609
7.079884
17.201052
8.353275
0.180332
-4.687504
-6.298235
-5.554747
-3.431587
-14.296209
0.170944
0.797121
-0.332038
-0.715325
-11.083397
-23.700001
0.000000
0.895158
0.810160
0.725680
0.871247
11.201899
11.102612
3.085270
-3.066973
-6.385019
-7.320784
-6.006391
-15.252854
-8.344560
5.135115
2.556244
-0.257648
0.114921
-23.700001
-23.700001
0.000000
1.186855
1.074399
0.973092
0.944166
7.700655
17.110004
8.365660
0.262587
-4.547244
-6.043677
-5.588429
-3.884448
-14.867616
0.328382
0.860243
-1.269013
-4.764872
-23.700001
-23.700001
0.000000
0.917473
0.817783
0.681705
0.586158
0.375635
15.407774
7.068142
-0.283175
-4.843846
-6.262557
-5.728834
-16.621979
-8.272091
6.479673
2.661003
-0.503681
0.028548
-23.700001
-23.700001
0.000000
1.151158
1.050087
0.947034
0.902968
-23.700001
1.552687
3.221890
3.255908
3.174213
2.771101
2.423040
2.295387
1.282718
18.367050
9.479614
-6.563275
1.738516
-3.895360
-5.780224
-5.588899
-4.191832
-13.293279
-7.470179
7.036398
3.495129
1.716243
0.462990
0.043929
0.000000
3.743344
3.325761
2.344166
2.551553
15.245549
10.696435
0.897949
-3.997660
-5.011432
-4.643215
-3.585840
-2.921748
-2.990371
-3.605545
-3.684577
-4.291328
-11.522162
-8.270188
-4.714293
0.000000
-18.055761
-4.402258
2.995473
5.854413
7.916147
0.081346
-3.027768
-4.771049
7.681226
0.572405
-3.190865
-3.483624
-2.772104
-3.542647
-13.899215
-5.815659
-0.054611
-23.700001
-23.700001
0.000000
-9.913799
-15.428507
-23.700001
-19.988371
6.647851
2.566373
-0.322248
-1.773554
-2.806536
-2.600781
-1.341545
0.083456
0.416957
-2.392254
-1.413033
-1.470128
0.599689
-8.100727
-23.700001
0.000000
0.619728
0.505637
0.396820
0.398625
3.947372
2.299866
8.146026
0.436251
-4.120009
-6.094543
-4.902322
-14.098176
-6.074579
-3.068642
6.278724
2.205776
-23.700001
-23.700001
-17.525469
-23.700001
-7.654422
0.964203
-7.724579
-23.700001
0.000000
0.093865
-0.707102
-0.701418
-0.476395
-19.837111
23.700001
20.851183
10.832619
1.450834
-5.205863
-8.876852
-9.736519
-9.191486
-4.400635
-0.940545
0.876850
0.000000
1.533304
3.575867
3.759845
3.785538
3.749147
6.662174
-0.526225
7.376830
5.165625
-2.939995
-6.187618
-6.919065
-6.003369
-3.731605
-11.736972
-6.978147
-1.658993
9.808853
5.446872
3.846081
2.648175
0.000000
1.673547
1.669444
1.633030
1.772558
23.700001
11.224369
3.046806
-4.156897
-6.677366
-6.611158
-5.037179
-5.477128
-14.055632
-5.523884
6.258283
2.523457
1.232394
-23.700001
-23.700001
0.000000
-1.579847
-2.782463
0.175015
0.562115
14.274911
19.646561
7.863117
-1.476093
-5.773009
-6.687357
-4.934248
-2.253568
-5.892563
-7.687957
-8.979287
-1.708467
-1.373064
-0.858675
-23.700001
0.000000
0.842721
0.688190
0.535762
-19.508236
4.671492
20.101719
7.352163
-0.019072
-3.649638
-5.035522
-4.878483
-3.486775
-2.873554
-11.610815
-5.057489
-6.129587
1.427383
-3.860566
-23.700001
0.000000
-0.336156
0.173910
-0.014131
0.394637
23.700001
19.232388
8.610470
0.921022
-4.497905
-7.385993
-7.300879
-5.376472
-14.043656
-5.834370
1.802385
-0.023207
0.971517
-7.456697
-23.700001
0.000000
1.077724
0.895743
0.796594
0.977271
23.700001
17.615957
7.971005
0.617563
-4.295639
-6.659130
-6.908438
-4.878649
-15.509809
-0.053534
-0.014874
-0.914063
-2.881239
-23.700001
-23.700001
0.000000
0.819345
0.578830
0.434879
0.779288
5.383648
18.048826
9.108916
1.869036
-3.342595
-5.789906
-6.069398
-4.692578
-15.758737
-0.026396
0.513024
-1.396381
-0.280048
-23.700001
-23.700001
0.000000
0.827737
0.711528
0.564367
0.749642
18.036722
17.532818
8.527766
1.277445
-3.811438
-6.051382
-6.081420
-4.558721
-15.310989
-2.458216
2.133110
-0.525686
-4.272736
-23.700001
-23.700001
0.000000
0.977956
0.792082
0.536187
0.834741
23.700001
17.092203
8.045816
1.240704
-3.696325
-6.000177
-6.134028
-4.611178
-15.491292
0.788982
1.218070
-1.130659
-0.131467
-7.830862
-23.700001
0.000000
0.877141
0.846681
0.710743
0.720582
8.608829
18.595739
8.672627
1.299662
-4.021172
-6.673970
-6.494511
-4.795432
-15.160769
1.327829
0.169306
-1.497243
-3.463993
-6.528669
-23.700001
0.000000
1.155903
0.956222
0.642531
0.910357
23.220301
16.864836
7.749619
0.901592
-3.832839
-5.913531
-5.756965
-3.690116
-14.519145
-5.169777
3.015577
-0.946862
0.784268
-7.455205
-23.700001
0.000000
1.437201
1.349992
1.187635
1.121234
23.700001
10.936495
2.271254
-3.063094
-6.392673
-7.895210
-7.228087
-4.812267
-14.628357
-7.589184
5.687075
1.710008
1.134683
-7.971236
-23.700001
0.000000
1.221748
1.003524
0.844985
1.003953
6.902187
16.711399
8.111080
0.118103
-4.557589
-6.026404
-5.407329
-3.188071
-14.155365
0.771795
0.588493
-1.857521
-0.848608
-7.281338
-23.700001
0.000000
1.001338
0.832206
0.656736
0.858970
23.700001
16.885426
7.986402
0.754374
-4.226130
-6.372431
-6.183231
-4.557114
-15.068304
-5.837668
2.387733
-0.393895
0.027625
-23.700001
-23.700001
0.000000
0.963207
0.852626
0.703148
0.814141
23.524887
16.791830
7.848231
0.741430
-4.095911
-6.167498
-6.035581
-4.452573
-15.226883
-5.692699
2.781601
-0.378011
0.011502
-23.700001
-23.700001
0.000000
0.831732
0.723956
0.538515
0.650955
4.689831
18.431707
9.033655
2.118349
-3.374332
-6.013619
-6.136106
-4.570968
-15.076585
-5.165973
3.548942
0.169827
-0.620070
-23.700001
-23.700001
0.000000
0.768334
0.685932
0.624599
0.585680
23.700001
17.684399
6.919012
-0.083361
-4.873631
-6.958619
-6.530361
-4.758453
-14.720674
5.868482
-4.767664
-1.196665
-6.923539
-4.609289
-23.700001
0.000000
0.862776
0.690469
0.491915
0.627151
3.564777
18.962212
8.298034
1.438917
-3.369572
-5.614781
-5.631824
-3.713365
-14.076769
-4.532336
3.149788
-0.622227
-0.681953
-7.784513
-23.700001
0.000000
1.034172
0.875544
0.691897
0.897538
23.700001
17.430590
7.509757
0.142216
-4.870651
-7.278532
-7.079509
-5.151505
-14.871616
-5.732141
2.086292
-0.093450
0.517207
-7.520247
-23.700001
0.000000
1.188329
1.103816
0.961456
0.897851
23.467840
17.149700
7.578304
0.449854
-4.309366
-6.305528
-6.092282
-4.527616
-15.391224
0.025892
0.430249
-1.422959
-0.330183
-23.700001
-23.700001
0.000000
0.576404
0.407614
0.175313
0.376651
5.077778
18.789524
8.819300
1.836340
-3.235734
-5.845914
-6.198485
-17.679768
-8.874082
6.307817
3.727863
-0.771493
-0.897320
-23.700001
-23.700001
0.000000
1.026206
0.881512
0.764291
0.906983
23.700001
17.585203
7.840584
0.289865
-4.616945
-6.564564
-6.220031
-4.638372
-14.784928
-6.516346
4.364639
3.185491
1.748374
-8.646807
-23.700001
0.000000
1.528599
1.289499
1.126169
1.283473
6.760225
17.349285
7.680664
-0.129568
-4.754108
-6.002308
-5.188039
-3.692938
-15.085237
0.739027
0.761048
-1.078820
-0.267359
-22.185566
-23.700001
0.000000
0.827022
0.785397
0.674053
0.600586
6.254093
18.166077
8.745317
1.385580
-3.635058
-6.106763
-6.257527
-4.759770
-15.270837
-7.713347
5.938853
1.499094
2.427611
-8.140699
-23.700001
0.000000
1.208906
0.968073
0.770498
0.886515
5.127621
17.578215
7.626268
0.420378
-3.759939
-5.468886
-5.125124
-3.107885
-13.543060
1.717148
1.052277
-1.591607
-1.087502
-7.569618
-23.700001
-23.374931
0.000000
1.040936
0.833964
0.631098
0.794537
2.697305
8.470811
0.654234
-4.544063
-7.199477
-7.099954
-5.434664
-15.618412
-8.129538
5.716541
1.839990
1.301509
-8.216724
-23.700001
-23.700001
0.000000
1.459111
1.297221
1.141745
-23.149920
-2.788826
9.809402
1.035496
-4.031254
-5.900875
-5.347776
-4.023244
-5.781631
-5.307091
-1.515232
-2.379663
-0.743137
-7.124651
-23.700001
-23.700001
0.000000
0.608917
0.352596
0.120911
-23.122711
-1.973673
9.994902
2.305065
-3.271944
-6.107553
-6.265585
-4.866981
-15.684796
-7.375865
4.861534
2.982026
-5.770330
-23.700001
-23.700001
-23.700001
0.000000
0.927424
0.820591
0.739980
0.834343
-2.504932
9.579779
1.770802
-3.692551
-5.958492
-5.828142
-3.917390
-9.519516
-0.614908
0.567249
-1.944659
-0.497149
-7.699028
-23.700001
-23.485476
0.000000
1.357278
0.813002
0.289591
0.982581
12.211894
3.437553
-2.351656
-6.173414
-7.868375
-7.449772
-5.036042
-14.598247
-7.144312
4.753489
3.027095
-4.952248
-23.700001
-23.700001
-23.700001
0.000000
0.813183
0.679725
0.569264
-1.423276
-2.962082
10.675973
2.037434
-3.662915
-6.137511
-6.015195
-4.581673
-10.684884
-1.005348
1.469700
-1.031744
-0.274085
-8.389116
-23.700001
-23.700001
0.000000
0.938593
0.799292
0.663325
0.879977
-3.267647
11.454412
3.015619
-2.694565
-5.832446
-6.368037
-5.360829
-16.739410
-8.582043
4.757990
3.147508
1.905456
-8.931967
-23.700001
-23.700001
0.000000
0.998627
0.832765
0.685592
0.958630
-2.670753
9.947160
1.718290
-3.602493
-5.810300
-5.604168
-4.383000
-15.920248
0.109940
0.008144
-1.252590
-0.095714
-23.700001
-23.700001
-23.700001
0.000000
0.413402
0.204235
0.021375
-23.071917
-2.589258
10.192070
2.788778
-2.841178
-5.940407
-6.432928
-5.241410
-15.906507
4.587025
-3.483490
-1.126387
-7.290779
-4.637166
-23.700001
-23.700001
0.000000
0.916722
0.679950
0.470037
-23.078339
-4.266335
10.496437
2.825262
-2.710375
-5.473507
-5.827624
-4.313769
-15.486495
-7.438212
6.333630
0.729586
1.118596
-7.984284
-23.700001
-23.700001
0.000000
1.485575
1.231801
1.033521
1.283602
11.396477
2.626659
-2.934651
-6.085415
-7.048382
-5.999505
-4.250732
-14.622674
-7.289152
4.833439
3.113045
1.487265
-8.670472
-23.700001
-23.700001
0.000000
1.126002
0.945936
0.806202
0.984486
-3.223789
10.228303
1.679371
-3.745743
-5.938875
-5.612414
-3.829496
-15.096199
-2.858971
2.903883
-0.676717
-0.267410
-8.136805
-23.700001
-23.700001
0.000000
0.922678
0.753232
0.618315
-0.726762
-3.813967
11.118061
2.928286
-2.672508
-5.623155
-6.181347
-5.209096
-16.618950
-8.583689
5.560266
1.700416
2.000112
-8.463017
-23.700001
-23.700001
0.000000
1.336514
1.143313
0.958075
1.180752
-3.661694
10.195367
1.673576
-3.526114
-5.535635
-5.377120
-3.766330
-15.757401
-6.166646
2.707945
-0.722763
-0.468225
-23.700001
-23.700001
-23.700001
0.000000
0.696311
0.497550
0.309990
0.615514
-3.981445
11.021170
3.256985
-2.645973
-6.023336
-6.465397
-5.273941
-16.054411
-7.888707
4.379695
2.427678
-0.285942
-7.103471
-23.700001
-23.700001
0.000000
1.031835
0.870734
0.711129
0.889347
-2.811625
10.241187
1.979486
-3.560234
-6.078321
-6.013634
-4.715686
-15.531122
-5.818807
2.587400
-0.352603
0.011212
-7.837734
-23.700001
-23.700001
0.000000
0.688378
0.475903
0.296277
0.565578
-4.372070
10.816961
3.397871
-2.350429
-5.517593
-6.259624
-5.214975
-16.487623
-8.093223
4.921463
2.517106
-0.098846
-7.301371
-23.700001
-23.700001
0.000000
1.032164
0.852115
0.695305
0.881596
-3.613342
10.298034
2.250547
-3.228906
-5.752779
-5.756907
-3.985133
-15.177931
-6.372969
4.110199
-0.030246
0.869585
-7.965607
-23.700001
-23.700001
0.000000
1.079880
0.802278
0.562507
0.983188
-3.458895
9.955219
2.450270
-2.925262
-5.721292
-5.956728
-4.830747
-16.425751
-0.070380
0.403360
0.441658
-1.647833
-7.014473
-23.700001
-23.700001
0.000000
1.072744
0.856856
0.676521
-22.993374
-3.200014
9.511553
2.304720
-3.193446
-5.824860
-5.834195
-4.082340
-14.530524
-6.638723
6.984982
1.111156
0.720082
-8.467377
-3.116495
-23.700001
0.000000
1.804466
1.431457
1.081395
1.549073
11.404337
2.314463
-2.917680
-5.980189
-7.038799
-6.309947
-4.297600
-15.085734
1.126501
-0.805931
-0.024471
-1.044760
-23.700001
-23.700001
-23.700001
0.000000
0.366202
0.227783
0.098156
0.376328
-3.072803
10.761728
3.178322
-2.678840
-5.973533
-6.701441
-5.642092
-16.057163
-7.784409
4.183920
2.354770
-0.051865
-7.151710
-23.700001
-23.700001
0.000000
0.914862
0.771394
0.646459
0.825736
-3.030548
10.441874
2.472200
-3.162950
-5.947825
-6.210017
-5.100088
-15.807193
-5.829463
2.369356
-0.035984
0.556310
-8.008022
-23.700001
-23.700001
0.000000
0.830397
0.697022
0.559150
0.770287
-3.900642
11.160395
3.533220
-2.046580
-5.480049
-6.339426
-5.613249
-17.074722
-8.640667
4.889887
3.038459
1.693347
-8.755471
-23.700001
-23.700001
0.000000
1.149620
0.981932
0.839197
1.062666
-3.494705
10.252209
2.373142
-2.905571
-5.403973
-5.670187
-4.752710
-16.593075
-8.102982
4.881673
2.670887
1.297826
-8.669412
-23.700001
-23.700001
0.000000
1.091151
0.915569
0.761313
1.084802
-3.940395
10.443364
2.866220
-2.458397
-5.138877
-5.551417
-4.747153
-16.726402
-8.031687
4.904486
2.549127
0.285587
-7.489775
-23.700001
-23.700001
0.000000
1.081104
0.922115
0.803189
1.018845
-0.562109
8.625552
1.620228
-3.278731
-5.680154
-5.767707
-4.739743
-3.099580
-13.486819
-0.292223
0.260054
-4.782633
-4.600449
-23.700001
-23.700001
0.000000
1.169913
0.911134
0.730772
1.160527
-5.035378
10.278111
3.689846
-1.460312
-4.564132
-5.593080
-4.573160
-17.300623
-4.417192
5.558160
1.265273
1.131593
-8.809663
-5.370933
-23.700001
0.000000
1.556296
1.297234
1.046913
1.490328
11.397319
2.249235
-2.467407
-5.191227
-5.999115
-5.104206
-3.817871
-15.732715
-7.300746
5.668320
2.702706
-0.714521
-7.680011
-23.700001
-23.700001
0.000000
1.292759
1.092839
0.939403
1.169776
-3.838888
10.346098
2.697580
-2.530560
-5.096547
-5.503434
-4.686964
-16.814314
-8.142256
6.117222
1.260284
0.949436
-8.334539
-23.700001
-23.700001
0.000000
1.329606
1.087670
0.841641
1.261423
7.918519
3.456932
-1.498516
-4.779199
-6.118879
-5.808360
-4.580690
-15.723636
-7.475092
5.612150
2.926637
0.243365
-7.599403
-23.700001
-23.700001
0.000000
1.430389
1.274853
1.127217
1.274723
11.857662
2.954929
-2.216656
-5.377533
-6.586525
-6.077563
-4.637178
-5.042589
-11.617514
2.295662
1.954781
-3.936702
-5.010384
-4.797865
-23.700001
0.000000
1.561774
1.368343
1.197389
1.549099
11.844324
2.481049
-2.345530
-5.308481
-6.574418
-5.891417
-4.463737
-16.100517
-7.214802
6.628833
3.366774
0.127455
-8.364745
-23.700001
-23.700001
0.000000
1.343973
1.203220
1.098341
-2.456020
12.680307
5.981956
-0.055286
-3.788368
-5.586224
-5.838130
-5.057467
-3.460298
-13.494270
0.248081
1.113116
-0.996741
-6.764172
-5.468783
-23.700001
0.000000
1.190211
1.029711
0.873897
1.153682
13.448813
7.085564
0.311270
-4.064154
-6.520308
-7.436012
-6.092462
-11.700569
-8.749224
5.874464
3.016640
0.245178
-9.128135
-5.882595
-23.700001
0.000000
1.679654
1.428243
1.264419
-2.646182
-5.249126
12.277570
3.667389
-0.492086
-3.742499
-4.721633
-4.290009
-4.021408
-13.892421
-3.630772
2.136275
-1.175058
-7.392292
-7.144162
-23.700001
0.000000
1.411880
1.205921
1.033807
1.304469
13.339387
6.752441
0.362204
-3.598945
-5.914202
-6.516460
-5.733617
-17.416489
-8.381232
5.999878
3.319446
-7.823812
3.115668
-23.700001
-23.700001
0.000000
1.455166
1.300928
1.169167
1.381575
11.032351
6.832642
0.133184
-3.797503
-5.717323
-6.700508
-5.586271
-3.727727
-14.367942
0.024155
0.619085
-0.466278
-1.516285
-23.700001
-23.700001
0.000000
0.910994
0.744953
0.580742
0.863602
9.701592
6.389889
-0.329817
-4.298771
-6.603133
-6.057801
-18.128349
-8.054063
-2.473269
10.361601
4.826876
-0.157932
-9.854031
-6.772575
-23.700001
0.000000
2.298064
2.115381
2.010776
2.229974
9.503212
5.257475
-0.171843
-2.396914
-3.693608
-5.191566
-4.823334
-3.904106
-15.731414
4.113059
-7.200928
-6.553473
-4.402483
-3.400205
-1.086578
0.000000
2.866273
3.282435
3.433856
15.188108
23.700001
6.264002
7.360332
8.170471
5.795788
2.544760
9.363402
8.456082
4.197729
-0.647565
-7.803218
-16.900057
-23.700001
-23.700001
-23.462542
0.000000
1.232235
1.188947
0.904725
1.078643
15.585334
4.905745
-0.448826
-4.801150
-7.697578
-9.026937
-7.703523
-4.032245
0.000000
1.518659
2.517108
3.255130
5.755699
15.535963
5.331921
-3.118433
-5.386965
-4.921735
-3.510202
-13.898406
-5.528803
-4.878785
-3.075380
9.005386
6.019273
3.724494
3.745639
2.789625
0.000000
1.578869
1.497301
1.405643
1.493620
11.949035
4.687368
-2.843273
-6.078892
-6.633203
-5.863014
-17.132324
-9.134563
7.604485
5.552100
2.937611
-0.861537
-23.700001
-23.700001
-23.700001
0.000000
0.604354
0.483721
0.371442
-3.059321
-3.579144
12.518496
3.677382
-1.769932
-4.956508
-5.787544
-4.666485
-4.466209
-12.674632
1.028526
1.488886
-8.102684
-2.211782
0.257626
-23.700001
0.000000
1.076823
0.804482
0.673427
-23.380690
-3.203747
12.270109
2.179790
-3.470570
-6.007334
-5.446141
-3.854727
-15.616745
-6.169008
2.775613
1.344463
-0.921337
-21.280045
-23.700001
-23.700001
0.000000
0.439146
0.302336
0.182526
0.590370
11.124981
7.069918
0.406952
-4.316257
-6.725829
-6.903385
-5.590499
-15.149963
-7.800723
5.237259
3.028940
1.717303
-7.151838
-23.700001
-23.700001
0.000000
1.001226
0.897465
0.804058
0.993137
12.224118
5.970369
-0.688641
-4.900036
-6.693083
-6.094199
-4.658135
-15.359711
-7.159002
5.663925
3.113997
-0.195006
-5.653103
-23.700001
-23.700001
0.000000
0.812791
0.632060
0.515340
0.816278
-3.187880
12.121214
3.308645
-2.556445
-5.649339
-5.996895
-4.709793
-16.084993
-7.908377
6.384570
2.935697
-0.757056
-8.051192
-23.700001
-23.700001
0.000000
1.283294
0.977507
0.713354
0.705055
-3.919224
12.749480
3.390841
-2.392015
-5.425652
-5.801170
-4.985346
-16.867279
-5.511295
5.056182
0.892705
-0.394562
-7.378109
-23.700001
-23.700001
0.000000
0.839984
0.612652
0.390559
0.861527
12.477378
6.179527
-0.353983
-4.662426
-6.831381
-6.372805
-5.052342
-15.309817
-7.598282
6.165352
3.500797
0.473618
-5.918543
-23.700001
-23.700001
0.000000
1.415113
1.120139
0.801045
-2.802697
-4.280815
12.526932
3.341944
-2.061279
-4.998535
-5.510215
-4.425300
-16.762753
-8.429316
5.758857
2.338862
0.480885
-8.924040
-23.700001
-23.700001
0.000000
0.975242
0.721408
0.470071
0.901598
12.050142
5.867382
-0.578083
-4.699732
-6.571158
-5.971944
-4.255959
-14.718688
-7.011528
5.978652
2.663877
0.763924
-7.852837
-23.700001
-23.700001
0.000000
1.411650
1.166873
0.956675
1.085906
-4.168411
12.598402
3.395075
-2.215056
-5.130784
-5.630679
-4.953299
-17.140409
-8.784361
5.952520
2.727011
0.208757
-8.914783
-23.700001
-23.700001
0.000000
1.020443
0.767729
0.541329
1.040897
