-0.001867
-0.001792
-0.001641
-0.001521
-0.001287
-0.001196
-0.001114
-0.000930
-0.000726
-0.000582
-0.000507
-0.000454
-0.000354
-0.000312
-0.000299
-0.003514
-0.002649
-0.001663
-0.001180
-0.000821
-0.000472
-0.000010
0.000154
0.000406
0.001497
0.004004
0.011930
0.024000
0.037219
0.037524
0.033131
0.015975
-0.005821
-0.027776
-0.027108
-0.012601
-0.000113
0.007325
-0.006226
-0.027823
-0.048800
-0.062895
-0.071574
-0.073685
-0.071590
-0.066707
-0.059853
-0.051871
-0.043439
-0.035278
-0.027953
-0.021562
-0.015908
-0.011257
-0.007863
-0.008165
-0.006814
-0.007218
-0.006656
0.006161
0.015878
0.026166
0.036081
0.045227
0.054069
0.062974
0.070284
0.076732
0.082094
0.087428
0.092787
0.097616
0.101674
0.104834
0.106760
0.106444
0.105505
0.104313
0.107239
0.110270
0.110630
0.111103
0.112180
0.115155
0.119700
0.121698
0.121047
0.123265
0.124477
0.124786
0.124158
0.122184
0.119835
0.117930
0.116699
0.116506
0.117323
0.118657
0.121237
0.122762
0.124594
0.124808
0.124659
0.131281
0.137980
0.144275
0.148903
0.152688
0.156844
0.162285
0.170208
0.180838
0.192134
0.203096
0.212009
0.217919
0.217563
0.213350
0.213263
0.217871
0.221112
0.222381
0.222996
0.217161
0.205596
0.194722
0.184342
0.181082
0.178952
0.173343
0.164375
0.155254
0.147969
0.143250
0.140959
0.140713
0.141716
0.144241
0.145574
0.147101
0.146947
0.148650
0.151706
0.154688
0.156919
0.157985
0.158644
0.160055
0.163584
0.170634
0.180700
0.191590
0.201841
0.210181
0.215455
0.215487
0.212420
0.211922
0.216280
0.219337
0.220478
0.221777
0.220188
0.209567
0.197784
0.186611
0.183039
0.181006
0.176500
0.168977
0.160983
0.154326
0.149549
0.146827
0.146030
0.146918
0.148563
0.151859
0.152542
0.153265
0.153961
0.155910
0.158020
0.159697
0.160362
0.160317
0.160656
