1.933583
0.000000
41.694424
32.784977
21.894777
21.898478
28.710968
30.601362
30.164133
29.111971
27.597157
26.672838
21.855774
15.468329
12.243513
0.000000
0.000000
0.000000
0.000000
0.000000
0.000000
0.000000
0.000000
0.000000
0.000000
0.000000
0.000000
0.000000
0.000000
0.000000
0.000000
0.000000
0.000000
0.000000
0.000000
0.000000
84.850891
73.517250
107.607735
109.999939
98.128105
62.665005
53.543224
56.944996
65.211876
72.871216
78.408325
81.712646
81.084793
76.967682
73.032692
62.946629
56.293247
46.540314
34.463505
0.000000
0.000000
0.000000
0.000000
0.000000
0.000000
0.000000
0.000000
0.000000
0.000000
0.000000
0.000000
0.000000
0.000000
0.000000
0.000000
0.000000
0.000000
0.000000
0.000000
0.000000
0.000000
0.000000
0.000000
0.000000
0.000000
0.000000
0.000000
0.000000
28.803276
32.477131
37.602711
11.574287
9.991270
36.234451
72.231285
97.297356
107.458046
101.771576
93.051674
79.151337
62.842098
39.441051
16.549599
0.000000
0.000000
0.000000
0.000000
0.000000
0.000000
0.000000
0.000000
0.000000
0.000000
0.000000
0.000000
0.000000
0.000000
0.000000
0.000000
0.000000
0.000000
0.000000
0.000000
0.000000
0.000000
0.000000
190.904892
124.005692
136.917465
122.210037
101.545990
17.340595
13.695057
59.020809
95.558868
122.560890
117.729431
108.924835
91.986237
65.826271
42.351807
13.646710
0.000000
0.000000
0.000000
0.000000
0.000000
0.000000
0.000000
0.000000
0.000000
0.000000
0.000000
0.000000
0.000000
0.000000
0.000000
0.000000
0.000000
0.000000
0.000000
0.000000
0.000000
0.000000
0.000000
0.000000
114.633583
136.842865
136.146439
112.729309
13.695740
12.561163
46.143864
88.204910
116.955147
113.904938
106.825233
90.212120
73.241997
50.931213
23.701530
10.123876
0.000000
0.000000
0.000000
0.000000
0.000000
0.000000
0.000000
0.000000
0.000000
