0.000000
0.942135
1.009041
1.051480
2.241949
3.216860
4.123567
6.764368
9.921989
13.243454
16.354298
19.065599
20.821625
21.579357
21.020691
19.645906
16.698772
17.331007
17.941860
19.188427
20.406017
22.679350
20.968338
19.454260
18.301159
18.325222
14.884508
10.349515
3.489466
1.574813
3.232974
0.099260
-4.028619
-3.447992
-3.598055
-1.355692
0.002743
1.077973
1.601067
1.558142
1.291501
0.513175
0.000546
-0.274159
-0.437181
-0.624086
-0.788330
-0.908435
-0.979263
-1.003217
-0.988926
-0.908755
-0.828740
-0.581535
-0.262878
-0.044562
-0.261630
-1.184522
0.000000
27.734800
30.126242
31.379852
32.055340
32.136887
32.225216
31.207573
27.816795
19.647387
14.652323
14.397233
15.941671
16.475208
15.579098
13.774228
10.848112
-35.549999
0.082766
-1.649536
-1.456462
-0.975638
-0.191324
0.534923
1.072757
1.296134
1.025120
0.656737
-0.073894
0.031701
-0.146364
-0.357603
-0.602062
-0.807187
-0.903945
-0.910867
-0.828169
-0.498234
0.039252
0.453251
0.970262
1.164243
0.126853
0.000000
16.697025
23.704184
25.538593
20.094645
13.943992
11.186321
11.642200
13.396677
17.004089
21.070267
22.976315
20.829794
15.793866
10.738666
0.024283
-1.402097
-3.782169
-2.069599
-0.758223
0.089044
0.992363
1.395020
1.060506
0.651723
-0.102437
0.101119
0.062212
-0.326562
-0.832254
-1.120598
-1.158677
-0.993576
-0.646829
-0.079638
0.421651
0.658727
0.635130
-0.460363
0.000000
15.574727
21.728662
20.855412
15.314322
10.007746
7.772172
8.406596
11.658347
17.391785
22.221363
23.774075
20.753094
16.209740
10.636731
-0.000400
-0.661456
-3.592544
-2.120789
-0.804072
-0.022545
0.859233
1.337393
1.140121
0.689842
-0.008419
0.131297
0.063126
-0.188220
-0.598923
-0.906828
-1.063137
-1.014238
-0.800640
-0.368255
0.236034
0.612969
0.894679
0.514966
-0.635542
0.000000
19.177931
22.788900
18.351976
12.340826
8.326354
7.659455
