0.000000
3.930943
4.879953
4.572969
4.017629
4.514218
5.577371
6.124898
6.563376
6.715262
6.428882
5.948287
5.007374
3.396500
2.470911
0.246929
0.343440
-0.017621
-0.333858
-0.183141
0.139740
0.423512
0.546947
0.600659
0.476821
0.190243
0.041027
-0.042072
-0.030109
-0.240575
-0.714642
-0.830840
-0.336386
0.171154
0.273392
-0.571869
0.000000
5.519339
2.470954
1.861967
2.987039
2.300550
3.630692
5.208577
6.647541
7.555892
7.874405
7.598989
6.752389
5.438894
3.874138
2.303983
0.724903
-0.653973
-1.058493
-7.875066
2.634674
1.120122
-0.377697
-1.406658
-1.583320
-1.238381
-0.858171
-0.583505
-0.414742
-0.343912
-0.236547
0.004714
0.128085
0.073122
0.019101
-0.062328
-0.108989
-0.145422
-0.206501
-0.341752
-1.521842
-1.158338
1.382646
2.678862
1.380283
0.286588
0.000000
4.847896
4.420138
2.979743
2.693787
2.327274
2.575991
4.020497
5.020851
5.442472
5.084852
4.019917
2.563606
0.999650
-0.554156
-2.030314
-1.819652
-0.181642
0.061894
0.714556
-0.987199
-1.719497
-1.755365
-1.301155
-0.803659
-0.501430
-0.433822
-0.480403
-0.549545
-0.424766
-0.344655
-0.298389
-0.301118
-0.282130
-1.212869
-1.424739
0.308358
2.786354
2.025589
0.441740
0.000000
12.432624
13.129194
10.512600
7.501577
0.762693
0.610269
2.256394
2.664505
3.183271
3.069975
2.207907
0.877797
-0.607732
-2.103444
-1.266616
-0.007537
0.074867
0.445351
-1.015317
-1.542468
-1.355176
-0.884243
-0.468967
-0.262141
-0.241199
-0.334032
-0.471655
-0.398652
-0.313410
-0.270896
-0.268932
-0.303091
-1.232799
-1.461612
-0.109333
2.660344
2.529223
0.956404
0.000000
12.137438
12.933912
12.201509
8.892142
0.759705
0.613803
1.784460
3.897924
5.093770
4.919889
3.803558
2.296589
0.663647
-0.982051
-2.113480
-1.054618
0.077651
0.471296
-0.398733
-1.464975
-1.585340
-1.195237
-0.706244
-0.371105
-0.263023
