-0.000000
-0.006918
-0.022846
-0.045276
-0.074431
-0.100245
-0.121937
-0.146376
-0.171479
-0.196862
-0.222245
-0.247741
0.000003
-0.000005
-0.001506
-0.008489
-0.019626
-0.035293
-0.055734
-0.080959
-0.110225
-0.142044
-0.174272
-0.204767
-0.232415
-0.255201
-0.272712
-0.287797
-0.299966
-0.309782
-0.316827
-0.322193
-0.325725
-0.328369
-0.329466
-0.329266
-0.326762
-0.323502
-0.320596
-0.317052
-0.310959
-0.304051
-0.296775
-0.288799
-0.280001
-0.271308
-0.262106
-0.252608
-0.240625
-0.217960
-0.191363
-0.157200
-0.126751
-0.091446
-0.055192
0.000032
-0.001120
-0.004120
-0.010912
-0.021841
-0.037054
-0.056645
-0.080599
-0.108507
-0.139224
-0.170100
-0.196030
-0.214892
-0.231012
-0.245866
-0.257600
-0.266778
-0.273422
-0.278932
-0.283177
-0.286506
-0.288100
-0.287943
-0.285657
-0.283495
-0.280235
-0.275570
-0.270252
-0.265829
-0.260351
-0.253371
-0.247456
-0.242114
-0.237190
-0.231318
-0.214277
-0.203218
-0.204265
-0.204513
-0.197706
-0.181865
-0.158252
-0.155201
0.000456
-0.000404
-0.000458
-0.002709
-0.008600
-0.017306
-0.027226
-0.036088
-0.045174
-0.054843
-0.064551
-0.073623
-0.080372
-0.086340
-0.090296
0.000376
0.004399
0.006396
0.004319
-0.002561
-0.014181
-0.030210
-0.050045
-0.073082
-0.098728
-0.126310
-0.154848
-0.182687
-0.206754
-0.225539
-0.239549
-0.249024
-0.253885
-0.253680
-0.246675
-0.232421
-0.214689
-0.192410
-0.166575
-0.138766
-0.110245
-0.081704
-0.053978
-0.027014
-0.000151
0.027390
0.054879
0.079364
0.101550
0.122697
0.144724
0.169002
0.195526
0.223081
0.254670
0.000049
0.002979
0.003179
-0.005812
-0.019572
-0.037906
-0.059944
-0.087010
-0.119275
-0.148567
-0.172519
-0.196688
-0.217697
-0.211717
-0.205996
-0.200803
-0.195711
-0.190067
-0.183726
-0.000002
-0.000010
-0.002536
-0.010006
-0.022359
-0.039773
-0.062170
-0.089025
-0.119225
-0.151586
-0.185028
-0.218255
-0.249108
-0.274737
-0.295004
-0.310743
-0.322516
-0.330397
-0.333876
-0.330885
-0.317518
-0.297287
-0.275551
-0.253269
-0.229264
-0.202713
-0.174300
-0.145479
-0.116897
-0.089053
-0.058379
-0.024474
0.011271
0.050735
0.104840
0.168878
0.234337
0.302294
0.371237
-0.000117
-0.000572
-0.002963
-0.008064
-0.016802
-0.029598
-0.046502
-0.067428
-0.091843
-0.118906
-0.147741
-0.176872
-0.204485
-0.229400
-0.251151
-0.267779
-0.280386
-0.290501
-0.296914
-0.300991
-0.301439
-0.299453
-0.295042
-0.289208
-0.281835
-0.273334
-0.263241
-0.253127
-0.243694
