3.519795
3.472642
3.144184
1.799482
0.756531
0.046793
-0.106411
-0.323503
-0.696953
-1.144090
-1.669576
-2.339853
-3.016301
-3.859687
-4.788901
-5.732164
0.973456
1.707948
2.287174
2.618655
3.301023
3.157829
2.881606
2.547395
2.138453
1.590191
0.753724
0.035209
-0.541396
-0.839367
-0.501335
-0.252017
-0.369018
8.177200
6.618067
5.949327
4.784349
2.753301
0.957589
0.909484
-1.607380
-2.745050
8.730801
7.333878
3.929723
2.324870
0.299067
-2.339640
-3.245992
0.466899
-2.476938
2.391093
-1.647744
0.000000
1.974217
-1.548763
-1.905088
-1.615747
-1.309557
-1.006537
-0.742741
-0.587126
-0.519707
-0.557286
-0.740853
-1.250897
-2.027075
-3.209736
-4.800580
1.746386
2.939937
3.928101
4.764815
5.369835
5.690506
6.346711
6.250049
6.015094
5.727403
5.635019
5.497865
5.237049
4.698800
3.911583
2.732166
2.563315
1.618697
0.587818
0.194027
-5.648239
-13.500226
-17.183941
-20.270844
-21.613087
-20.409233
-18.564896
-17.985506
-17.352312
-15.587222
-12.534246
-7.595294
7.903835
14.022460
15.640207
17.354525
19.466335
0.000000
3.349323
3.228378
2.124846
0.341139
0.171917
0.054430
-0.834779
5.029407
10.060461
19.445814
17.559118
13.504962
8.214718
-11.950824
-21.438030
-22.094545
-21.697481
-12.652413
-8.075480
-5.690470
-6.431189
-15.702195
3.184082
2.326830
2.202919
2.529117
3.058758
16.858910
20.887569
19.511614
15.998605
11.949990
8.299352
5.736575
-12.546964
-17.391609
-13.440473
-15.319953
-16.366539
6.507260
3.761642
1.013394
1.115746
1.122947
1.280574
0.246068
-0.238375
7.356719
14.989688
17.201458
15.840460
12.784511
8.564118
4.324459
-12.545015
-21.269581
-21.951221
-20.079660
-13.934718
-11.377071
3.158744
1.417102
0.947390
0.929266
0.996904
0.813776
1.592808
9.373054
17.652544
19.596880
17.024860
12.824126
8.396721
4.566435
2.830280
-15.429690
-17.442190
-15.288651
-14.470271
-20.842445
1.029484
-1.002076
-1.309234
-1.079396
-1.000942
-0.753719
-0.212113
15.558959
18.868784
18.273191
15.338889
10.794205
5.664817
1.714787
-14.526819
-20.885319
-18.113297
-13.708137
-15.721100
-17.037596
1.864459
-0.177732
-0.697355
-0.568286
-0.357184
0.173749
0.017436
7.727366
15.933725
18.078556
16.628872
13.008134
8.958256
5.360681
3.297162
-14.784086
-16.408617
-16.762133
-16.133223
-18.398403
2.244904
0.263025
0.384274
1.020663
1.443916
1.627815
1.569891
7.867699
16.924603
19.069559
17.665815
13.824536
8.940428
4.441270
1.800739
-16.414072
-17.510258
-15.919030
-14.556870
8.989649
1.552659
-0.468826
-0.947818
-1.397990
-1.436643
-0.386654
-0.354780
15.666162
18.344118
17.414335
14.585899
10.473545
5.288150
0.504671
-15.515901
-24.096485
-19.748884
-14.129541
-11.931861
-18.102232
6.661820
-0.358326
-0.509988
-0.153610
0.203441
0.356019
0.619817
7.829695
15.746774
18.067158
16.627497
13.413422
9.450259
5.897947
3.175505
0.449033
-17.698730
-20.078247
-19.138245
-21.886349
6.466390
1.251555
1.220951
1.462224
1.692496
-0.130784
0.297519
16.119398
19.653027
18.777798
15.332332
10.559501
5.811747
1.976285
0.028926
-17.708876
-19.683382
-16.699318
-15.446088
-17.191267
6.221966
-0.178016
-0.228838
-0.110950
0.098558
0.521234
0.541675
15.898110
19.421221
18.554855
15.566824
11.673788
6.831748
3.366362
-13.641949
-22.326706
-19.598625
-17.815521
-11.660685
-16.862274
3.662158
1.552895
0.948052
0.773439
1.056904
1.383965
1.487547
8.768283
18.138737
19.742704
17.193184
12.780410
8.596866
4.714453
2.419495
-16.482899
-18.245359
-19.318666
-14.910272
-19.031048
3.854052
1.204164
-0.229353
-0.012547
0.118561
0.307849
0.362814
16.227673
20.203274
19.030050
15.614226
11.011773
6.083174
2.454380
0.643330
-17.456247
-18.247585
-15.048309
-13.222927
-20.740387
1.305601
-0.729290
-1.035473
-0.649321
-0.365406
0.127473
-0.133742
15.482720
18.184717
17.979410
15.771646
11.965842
6.999616
2.262789
-15.460951
-23.522734
-21.567081
-16.224524
-12.108940
-18.081726
4.893843
2.536419
1.178353
0.496627
0.611204
0.645808
0.881817
8.530317
17.029131
19.041597
16.852539
12.858692
8.433146
4.754782
2.923905
-16.889641
-17.543365
-17.829039
-13.622702
-16.854969
2.197372
0.177204
0.243316
0.544880
0.829983
0.968683
0.763119
16.270792
19.441048
18.754658
15.902568
11.389512
5.937081
0.898860
-16.228016
-20.874081
-17.525721
-13.990125
-12.643000
5.671535
1.733697
-0.328066
-0.996815
-1.011140
-1.052960
-0.895900
-0.549846
16.015766
19.037125
18.016340
14.779479
10.146537
5.064590
1.234611
-14.396222
-22.474972
-20.402843
-16.694572
-12.466813
-16.666897
4.986163
1.361340
0.911598
1.250716
1.734804
1.899951
1.336228
17.089117
21.050356
19.594803
15.470642
10.588555
6.309841
3.356701
1.481476
-16.499620
-17.853868
-17.825577
-13.880514
-16.511442
2.366843
0.636272
0.581020
0.744044
0.838116
0.688352
1.036630
16.372810
19.867897
18.926893
15.841723
11.369463
6.430925
1.944218
-14.657103
-21.030926
-17.734028
-14.484979
-13.362006
-2.561269
1.966022
-0.041973
-0.760610
-0.965263
-1.141311
-0.247130
-0.783118
15.549546
18.828150
17.963556
14.887139
10.561715
5.537843
1.559599
-13.867427
-22.247353
-20.423874
-16.998951
-11.538177
-17.056644
-3.117638
1.556715
1.570618
1.744844
1.968256
2.159586
1.681940
9.400669
17.346478
19.063974
16.886160
12.808849
8.838725
5.371152
3.514692
-14.700809
-16.520737
-16.925783
-13.567460
-19.797144
2.043184
0.198730
-0.076748
0.660565
0.842614
0.879482
0.822668
16.571598
19.108084
18.535645
15.923473
11.626967
6.182634
-12.128476
-22.069052
-20.360632
-15.017200
-11.297096
-10.731018
6.103186
2.416040
0.537154
-0.327411
-0.577308
-0.848493
-0.784742
-0.295067
16.368647
19.643894
18.301809
14.551050
9.614202
4.319460
0.570252
-14.676218
-22.360367
-19.706034
-15.619421
-10.424044
-14.091250
-21.187340
3.177069
2.657510
3.061282
3.397420
3.357452
2.916733
10.299728
18.328300
19.945915
17.386013
13.192090
9.234775
5.930378
3.860767
-14.644672
-17.564880
-18.734922
-14.328298
-18.522993
2.669733
0.737839
0.570254
0.644449
0.710514
0.390941
0.623684
16.385973
19.360569
18.597895
15.665779
11.240376
6.157916
1.659580
-15.560596
-24.734579
-18.189840
-13.941066
-12.387691
10.543355
2.211078
0.158805
-0.554878
-0.375108
-0.374509
-0.123421
-0.363305
7.011906
15.763955
17.706907
16.583090
13.124967
8.662652
4.609003
-12.321155
-20.776283
-19.199205
-16.509251
-13.084891
-17.452753
4.878355
2.503520
1.988268
2.512116
3.066156
3.146438
2.671369
16.947241
21.668741
19.506720
15.207153
9.997583
5.048256
1.302689
-0.116706
-16.758423
-17.811052
-16.079800
-14.397947
10.123612
2.068931
-0.151642
-1.000603
-1.366906
-1.470830
-1.329469
-1.087835
14.835617
17.279737
16.614023
14.581179
11.217782
6.176372
1.246047
-15.765219
-23.516090
-21.920742
-15.796152
-13.616663
-15.573310
-22.793156
2.229843
1.507244
1.763207
2.149963
2.035463
2.036465
9.187296
17.532206
19.430918
17.165123
13.325600
8.864805
5.372849
-12.545272
-20.937885
-18.411974
-13.537425
-11.549500
2.537458
5.545734
2.934008
1.787066
1.782935
1.877023
1.986757
2.270674
18.271536
20.247257
17.855089
13.471170
8.467763
3.497940
-0.296619
-2.269940
-17.556984
-16.987411
-15.417275
-13.922664
-4.748595
2.408298
0.409653
0.069844
-1.073735
-1.847661
-1.334753
-0.910677
15.382740
17.106548
16.098963
13.533421
-2.583835
-16.718933
-24.097605
-5.764610
-12.036854
-9.279597
-7.396541
-5.521117
-11.803695
-20.099213
4.108914
3.448194
2.629954
2.985154
3.204242
2.737313
9.588188
17.209938
18.511980
17.097713
14.540731
11.142525
7.763062
4.454609
-14.521486
-19.056923
-20.160698
-22.650461
-2.536077
3.598542
1.803326
1.750334
2.127396
2.306745
1.769378
1.065725
17.530226
19.500172
18.446383
15.231441
10.894521
6.041889
1.727782
0.061851
-17.458462
-18.581196
-16.451214
-14.350988
-21.604265
2.254127
-0.416360
-1.578953
-1.449695
-1.490978
-1.426805
-1.843590
15.419052
18.367737
17.808521
15.355726
11.525125
6.178092
1.785053
-13.646453
-21.951410
-20.738985
-14.537012
-11.771516
-14.051937
-0.283394
2.286390
1.989204
2.278423
2.582063
2.742923
2.084206
8.845442
17.423128
19.123531
17.058184
12.935322
8.598656
4.756128
2.425668
-16.595678
-22.442762
-19.526802
-14.552923
-17.279469
3.559393
1.521709
0.935250
1.070500
1.103254
0.442772
0.959261
17.146080
19.975729
18.809147
15.536367
10.951532
5.822279
1.335231
-15.075890
-24.138309
-19.183153
-13.770164
-12.595359
-16.881594
3.663980
1.226305
0.265151
0.407629
0.313323
0.403796
0.311933
17.014259
19.225615
18.125061
15.146438
10.932732
6.133785
2.488344
-13.665860
-22.378912
-19.553724
-17.344036
-11.927928
-15.641661
4.823598
2.589331
1.859392
1.965692
2.339097
2.252194
1.763558
17.944248
20.561005
18.967819
15.194867
10.502759
5.784652
1.934233
-15.315165
-23.112606
-19.895334
-13.698820
-11.135188
-11.218346
-20.642843
3.249251
2.440734
2.657409
3.042505
3.067688
2.445126
17.907471
21.315865
19.472713
15.577958
10.936354
6.020609
3.011114
-14.777415
-22.607901
-19.396715
-14.893165
-11.401902
-14.672483
5.325577
3.760836
2.210582
1.789254
1.718622
1.708691
1.966142
17.747597
20.689846
19.192375
15.649920
10.953959
5.815724
1.556795
-16.310308
-24.128675
-20.416409
-14.145324
-12.355785
-16.900398
9.351911
2.724669
1.879022
1.331153
1.317046
1.223941
0.909554
17.223686
19.578470
18.481461
15.186194
11.063841
6.328152
2.907179
-13.868481
-21.665403
-18.839777
-16.379002
-13.671777
-18.115652
4.358834
2.409017
2.128525
2.492669
2.952812
2.811646
2.049612
17.619873
20.257339
18.924969
15.699779
11.357024
6.578624
3.053733
-15.270477
-23.950941
-18.806858
-14.021780
-12.287984
4.541734
3.005965
0.633091
-0.154539
-0.483634
-0.580505
-0.532043
-0.818033
16.401173
18.797577
17.962666
15.020671
10.893425
5.859828
1.928517
-13.884402
-21.967983
-25.748913
-17.496706
-12.191812
-13.151700
-14.461187
4.166376
3.617175
3.793697
4.218384
3.961253
3.241769
18.497688
20.998312
19.399837
16.110640
11.679883
7.174246
3.390852
-15.565223
-23.672834
-20.098249
-14.045177
-12.184008
-18.523113
5.793498
3.034366
2.303017
2.083989
2.224345
2.391455
2.258483
18.313366
20.153399
18.582298
15.275161
10.852228
6.129033
2.120192
-15.898217
-23.595486
-19.422558
-15.302328
-11.850556
-15.962179
-18.760788
5.333988
4.274656
3.756671
3.832602
3.479312
2.906404
18.281281
20.809402
19.187916
15.809081
11.481724
6.772775
3.641680
-15.183535
-23.257322
-23.483006
-14.544429
-11.818147
-10.480426
-13.482937
3.919452
3.017982
2.678168
2.947626
2.962588
2.328607
17.292919
19.431715
19.269552
16.329571
12.175991
7.405269
3.530031
-14.864579
-22.964230
-27.127918
-15.270122
-11.814689
-10.284587
-17.799797
3.789288
3.000931
2.580303
2.829683
3.033397
2.756883
17.143452
20.005487
19.609276
16.590343
12.266923
7.341262
3.997914
-14.904649
-23.416985
-26.138359
-15.749432
-11.227067
-10.565507
6.841784
5.586820
3.439514
2.563417
2.411912
2.431603
2.623221
17.202381
20.632475
19.443611
16.237347
11.944448
6.954422
3.594998
-14.429670
-23.402357
-19.087080
-16.446486
-11.997864
-17.440199
5.882980
3.809648
2.309736
2.143027
2.078003
2.086905
2.011140
16.350122
18.180765
17.467840
15.938422
13.319583
9.677315
5.901090
-13.676375
-22.322273
-25.603451
-17.934072
-12.192904
-15.908390
-17.434212
3.530755
6.179271
5.971882
5.907296
4.527034
3.888288
18.030415
21.281326
19.249521
15.686686
11.657416
7.287600
4.072230
-15.604082
-23.423384
-17.924080
-15.680668
-11.983261
-17.229332
-20.247501
4.093992
3.213030
2.751489
2.830693
2.338956
1.944431
17.181494
19.669580
19.081949
15.922521
11.739187
6.965980
3.479340
-14.010740
-21.641705
-18.241999
-15.305661
-10.679767
-12.492640
-20.616415
4.622018
3.152040
3.834815
4.188829
4.032478
3.241716
17.453478
20.315918
19.074900
16.387371
12.498464
8.429747
4.872836
-14.287288
-22.689482
-26.036705
-16.495396
-11.088943
-9.725501
6.617607
4.593059
3.327532
3.111345
3.358947
3.087622
2.607331
16.803247
19.292530
17.959600
15.154572
11.568728
6.950749
3.152398
-15.753352
-23.700155
-26.532497
-16.634466
-11.859597
-10.262721
-10.555810
4.377770
3.335388
3.025304
3.024823
2.703163
2.112595
17.408463
20.390297
19.213806
16.067287
11.674839
6.541321
2.953087
-14.451417
-22.844448
-26.904922
-16.215225
-11.810154
-9.608416
-14.911670
5.115518
4.378115
4.195123
4.522137
4.265804
2.958910
17.619631
20.808142
19.413042
16.237589
12.157123
7.445174
3.655475
-15.777240
-23.437845
-26.029778
-17.497446
-12.782523
-10.821451
3.333437
4.737872
3.314901
3.034643
3.211710
3.038421
2.659029
17.410690
20.611803
19.178854
15.965701
11.798468
6.806515
3.270005
-15.838745
-23.475414
-25.995739
-18.352613
-13.245625
-10.694014
5.202541
4.839316
3.418729
3.130994
3.279367
2.949472
1.820727
17.289778
20.681055
19.452055
16.030535
11.662692
6.695675
3.250929
-14.927289
-22.907312
-25.997488
-15.298752
-12.119545
-10.458890
-16.810055
4.337739
3.603751
3.262535
3.265564
2.938369
1.871504
17.281261
20.570105
19.508217
16.331335
12.032054
6.980131
3.263667
-15.713447
-23.520149
-27.053776
-17.974333
-12.774353
-12.250102
-18.925051
4.950970
3.997132
3.590802
3.618153
3.278591
2.190209
17.189671
20.325760
19.194798
15.858472
11.675525
6.738052
3.277279
-13.867515
-21.995075
-25.666342
-16.039053
-12.584419
-15.498696
8.482538
3.703194
3.046966
3.091257
3.381415
2.935405
2.020579
16.934153
19.934248
19.040678
16.187378
12.134340
7.121326
3.469086
-14.096292
-23.006184
-27.602028
-17.070660
-12.135535
-9.743921
5.761542
5.174535
3.923469
3.482913
3.686098
3.536443
2.781680
8.008517
17.994165
19.623808
17.896612
14.025673
8.721278
-11.561028
-22.351675
-26.510630
-27.292059
-15.435667
-9.760370
-7.596121
-6.768978
5.799759
5.006581
4.716472
4.675697
4.155831
3.537982
17.669052
21.744577
20.287083
16.516821
11.976112
7.122264
4.009211
-14.254150
-23.399799
-27.353668
-15.701479
-12.386599
-17.064241
8.699661
4.866756
4.274224
4.112073
4.031941
3.331516
2.724718
17.388668
20.208115
19.240141
16.143478
12.129070
7.216559
3.666229
-13.954467
-22.561352
-27.173342
-14.936703
-11.671499
-9.992753
7.042576
4.728693
3.315516
3.017967
3.140248
2.877318
2.169684
16.757086
19.494339
18.041452
14.722663
10.497826
5.315191
-12.648299
-23.764553
-28.003325
-16.307674
-12.454744
-9.094339
-15.165679
7.900573
5.367811
4.550056
4.024247
3.852470
3.147150
1.798411
16.639484
18.594343
17.509722
14.971218
11.570003
7.532535
4.074225
-13.880395
-22.500862
-26.062883
-15.643020
-11.530915
-9.228736
-13.845966
5.413574
4.120476
3.918459
4.008355
3.616548
2.890189
16.907524
19.524078
17.810608
14.409236
10.191939
5.094181
-13.738813
-23.467192
-27.451584
-16.284576
-12.104359
-8.471026
-7.736641
2.425316
5.958000
4.596701
4.181412
4.010100
3.577517
3.113640
17.310196
20.781000
19.471266
16.105179
11.851719
6.850490
3.059065
-15.979582
-24.074087
-26.106934
-19.173662
-13.387989
-11.019338
-18.242670
6.897153
6.060719
5.371530
5.704674
5.277802
4.519779
7.890131
17.968149
18.493937
16.132410
12.438384
7.678564
3.592908
-15.833343
-23.655428
-27.195677
-13.270342
-9.772659
-8.266092
7.312062
6.927675
4.360287
3.103701
2.500204
2.085795
1.369385
16.509703
20.380894
19.374453
16.124170
11.706323
6.457192
2.595005
-14.329765
-23.238712
-26.623285
-16.243057
-12.660902
-15.567442
-4.852035
5.159885
4.536945
4.033927
4.190711
3.616814
2.336703
16.510315
19.461685
18.684187
15.999982
12.387412
7.372322
3.184176
-15.064468
-22.716627
-27.169775
-15.391031
-11.854885
-9.946538
11.563407
5.902514
3.560257
2.192976
1.610971
1.297503
0.561982
15.653344
20.284515
19.413345
16.231483
11.907310
6.619191
-10.782080
-19.737013
-25.428337
-27.248039
-13.418005
-9.484282
-13.267079
2.489809
5.840664
5.226607
4.582168
4.889003
4.254691
3.817869
16.841408
20.766575
19.791403
16.781801
12.876749
7.904374
4.726580
-14.456552
-22.760864
-26.400114
-16.289112
-11.607525
-9.166313
7.245281
4.761764
3.790639
3.482539
3.374031
2.958828
2.667776
15.748828
18.612810
17.477913
14.821197
11.124215
6.065751
-12.224678
-22.949018
-27.702713
-28.016428
-13.132163
-7.655125
-6.323290
1.153209
7.278572
5.257127
4.957408
4.899155
4.629305
3.869368
16.189352
20.567398
20.114916
17.226709
13.053177
8.026480
-11.024851
-20.546867
-26.304388
-27.188589
-12.702578
-11.104939
-12.797295
-15.737193
7.942846
5.948788
6.864228
7.009585
6.413875
5.790112
17.838650
22.113773
20.600212
17.233171
13.182199
8.650859
5.704135
-14.147359
-23.058702
-26.242207
-14.118891
-11.031217
-9.237693
2.525508
5.398896
3.957694
3.597591
3.486201
3.286585
2.530079
16.127028
19.068243
17.900562
14.962184
11.235379
6.293446
-12.053658
-22.480534
-27.073669
-16.098808
-9.443935
-8.210196
-8.212427
8.591413
6.932273
4.414083
3.134470
2.381960
1.847537
1.074514
15.075953
18.256836
17.632299
15.346112
12.078969
7.255328
-10.742293
-22.002981
-26.788216
-27.730484
-15.973503
-9.717621
-14.149529
-17.485418
0.150241
8.475967
6.508409
6.669756
6.448902
5.778619
15.130728
22.575266
21.563459
17.858160
13.226484
8.372677
5.194840
-13.776405
-22.723658
-26.031267
-15.062752
-11.420609
-9.832930
9.253473
5.196311
4.129017
3.357388
3.503685
3.424859
2.307106
15.840855
19.677210
19.106813
16.472157
12.718520
7.271844
-11.259016
-22.129297
-27.026148
-28.081839
-11.871218
-7.849526
-6.456131
10.565952
7.728544
5.021868
3.711149
3.036782
2.579628
1.628721
15.941844
20.541021
19.884697
16.609009
12.155214
6.696508
-10.909509
-19.908453
-26.218721
-27.272333
-13.040891
-9.088344
-12.646551
9.817494
6.021791
4.677700
4.864107
4.829351
4.098329
2.969104
17.185963
20.399668
19.604639
16.689875
12.780996
7.682296
-6.767192
-20.297684
-25.232327
-27.469540
-13.108110
-8.103978
-6.173551
13.558337
8.027753
5.293049
3.907767
3.114038
2.741334
2.146106
16.487701
20.453568
19.428915
16.397383
12.409249
6.943925
-11.728747
-22.247007
-26.618393
-24.926105
-14.546627
-9.538468
-14.002627
-17.198483
10.752651
6.761834
5.031929
5.689902
5.103132
4.030494
16.724968
21.020189
19.851437
16.635443
12.475554
8.046096
4.513251
-13.264943
-22.535019
-26.218010
-16.287539
-11.517231
-12.870840
-14.670876
6.046892
5.227462
4.585582
4.202375
3.550330
1.890897
16.601864
19.437189
19.057394
16.625256
13.039749
8.118117
-9.605510
-20.332197
-25.346249
-27.478878
-13.029991
-7.636291
-6.150115
12.373599
6.566474
5.154094
4.256796
3.566259
3.121175
2.547941
16.929508
20.228823
19.520277
16.383276
12.053529
6.736069
-10.545633
-20.122013
-25.732210
-27.984123
-14.502629
-9.178719
-6.885062
9.157091
5.574945
4.486798
4.563496
4.746652
4.561315
3.374817
16.356112
20.659204
20.012991
17.122152
13.064883
-6.053612
-18.713882
-25.716385
-28.187632
-25.448065
-7.795302
-3.810847
-9.647880
6.267336
6.586514
5.074021
5.827695
5.904416
5.911795
4.270068
17.624472
22.271769
21.141237
16.982424
12.044724
6.704204
-11.770630
-21.266380
-26.270058
-26.283628
-12.604709
-7.995670
-5.766591
-9.009632
6.567988
4.543051
4.572340
4.726387
4.536171
3.455823
16.816719
21.014488
20.230534
17.021626
12.758354
7.547209
-10.592953
-21.557182
-27.052296
-28.376858
-14.579697
-8.975436
-12.530961
9.087445
6.256490
4.589696
4.619862
4.651056
4.425597
3.645534
16.988272
20.906349
20.192150
17.007179
0.725271
-15.743470
-24.341370
-25.869677
-23.635906
-7.213288
-4.912720
-1.697281
-2.018025
9.486267
6.681145
5.986160
5.496571
5.095031
3.959659
2.725792
17.692312
20.325281
19.265219
15.902663
11.470771
-6.985584
-18.211414
-24.768040
-26.238113
-25.267195
-10.310728
-5.433190
-10.322742
9.490825
7.538936
5.815076
6.015043
5.853202
5.550720
4.122896
18.683992
21.528561
19.984428
15.990431
11.105171
5.857621
-12.025133
-21.544754
-26.264122
-27.647888
-12.578907
-8.293447
-7.029378
-1.384695
7.630152
5.642217
5.181532
5.026343
4.765773
3.574888
18.461258
21.803610
20.068684
16.027243
11.170242
5.545168
-12.227766
-22.304041
-26.745192
-27.091366
-14.020240
-7.429245
-5.352164
11.260056
7.155857
6.022245
5.698351
5.534843
5.143147
3.516532
17.646923
21.427692
19.997761
16.320061
2.864208
-15.277365
-24.047413
-28.516514
-25.558258
-8.178436
-5.706095
-3.051684
-3.217416
9.720693
6.144352
5.246342
4.779381
4.454731
3.970629
1.977299
16.783535
20.610807
19.658113
16.258671
11.640092
-7.540927
-19.286102
-25.828436
-28.654146
-26.551949
-11.836579
-5.258417
-7.840234
8.460980
8.256914
5.624019
6.074224
6.004045
5.760858
4.113173
18.160791
22.217676
20.600697
16.484032
11.467891
-8.359560
-19.290203
-25.823973
-27.952372
-23.089367
-8.140649
-4.947425
-6.065279
9.000603
7.122105
5.169114
5.579148
5.488104
4.786700
3.206346
17.982250
21.232332
19.897242
16.170776
11.323095
6.190382
-11.777346
-21.481627
-26.601646
-28.284082
-12.648607
-7.209649
-6.696578
9.109914
7.051995
5.677981
5.438508
5.176104
3.549514
2.278442
16.926981
20.996563
19.985126
16.160179
11.302774
-7.996511
-20.119408
-25.990219
-28.746687
-26.884501
-11.504023
-5.334315
-4.524708
9.445724
7.566451
6.594647
6.416512
6.226135
4.303701
3.533633
17.239904
21.024881
19.959074
16.329184
11.762516
-7.545925
-19.743053
-25.921251
-28.501204
-26.504723
-12.095996
-8.241538
-6.994174
9.918287
7.301220
6.844310
6.385031
5.972205
4.325975
3.028302
17.605246
20.503057
19.284098
15.727388
11.146799
6.088883
-11.777927
-20.451353
-26.908243
-26.084557
-13.090692
-8.930117
0.000000
3.178618
-0.372748
-0.836500
-1.013528
-1.323808
6.400631
17.291803
20.921888
18.276848
13.971935
10.116185
6.650706
-13.147706
-15.979564
-14.991861
-12.644133
-9.883224
-10.509509
5.440178
-0.728054
-1.842419
-1.281477
-0.986550
-0.510306
-0.360972
13.993311
18.673252
19.450918
16.718939
12.300576
7.314026
3.228511
0.876994
-17.277393
-17.344090
-18.102959
-14.271428
-18.955301
2.164004
-1.064542
-1.902627
-0.863552
-0.503068
0.682745
-0.112563
7.798619
14.627444
18.476276
17.296524
14.869869
10.316801
5.077315
1.421788
0.214181
-15.810735
-18.236366
-14.800068
-6.167004
-10.556177
6.964656
7.565612
6.269554
4.010829
2.048592
-0.100592
20.356352
19.353531
-6.773902
-12.604017
0.808145
4.322132
2.953550
-14.228232
-21.952290
-14.877366
-8.898177
-7.170714
4.462989
1.907544
0.325766
-0.707314
2.802025
1.917676
2.290703
-7.340327
1.194409
8.955964
15.681160
17.559513
18.326971
2.702467
-13.363161
-22.348942
-22.383268
-21.501451
-5.924792
1.396146
10.326614
5.872285
5.154147
4.603640
4.436737
3.887407
3.349737
1.924150
1.012499
19.409153
20.843256
18.787029
14.097286
-2.958600
-16.411655
-22.152620
-21.058916
-22.236506
-9.254768
-3.417695
-0.982291
0.111602
-4.275698
8.728096
8.490993
8.149064
7.289215
6.624235
5.498790
5.154065
4.405231
4.412444
-5.562441
-14.196378
-18.846466
-17.700077
-14.104939
2.309328
10.929773
16.129707
16.009390
15.024453
11.679254
7.633799
5.011302
2.511996
-0.351942
-1.439521
-6.078210
-4.851413
-4.355194
-4.887374
-5.455026
0.000000
3.638160
3.516582
2.347155
0.343142
0.342260
0.166602
-0.026739
-0.715217
-1.417438
2.116967
4.976563
4.223733
2.220924
15.674121
13.022285
8.126042
4.089751
0.822231
-0.187816
-0.682799
-8.967799
-9.250514
-7.479559
-5.062857
-4.648289
-5.929202
-5.512233
-5.275335
2.245274
0.086003
6.531017
14.436545
14.725067
11.571145
6.741408
2.969890
-0.311891
-11.675109
-14.243622
-13.610702
-14.504383
-8.701996
-4.651857
1.050303
-0.112330
-0.521029
1.924106
2.597572
3.277415
13.820352
9.067103
6.333005
1.534705
-2.339737
-7.107605
-10.985210
-12.531744
-17.000578
-12.345974
-0.611396
8.196924
10.890235
8.719587
6.645860
5.287710
3.786047
3.014318
1.801836
-0.081120
-1.141429
15.569710
19.810644
16.188023
7.857672
-2.835277
-13.777956
-19.553198
-19.657194
-19.884956
-13.419269
-3.333325
0.411904
2.118635
-0.669085
-8.775829
-1.543033
12.011798
9.063387
6.930396
5.711421
11.796225
20.106646
20.471502
17.891401
13.602047
9.211337
-8.960663
-19.875450
-25.579065
-26.129539
-11.802154
-8.177204
-17.733471
9.092703
8.585670
6.830900
6.201431
5.199881
3.286044
2.438310
0.729564
15.198855
18.011446
18.107149
16.663170
13.716980
-2.897727
-16.653965
-24.870354
-28.350723
-26.787596
-21.518461
-6.925648
-3.021878
7.031918
9.193359
9.021786
8.695741
8.315550
6.362081
4.763873
17.402761
22.321436
20.978104
16.936533
12.074179
-7.587543
-19.391941
-26.035526
-27.074240
-24.456945
-10.383837
-5.531918
-3.333013
-0.629508
8.835230
8.065582
7.230174
6.683149
4.463830
3.049813
16.565845
20.150162
19.391275
16.629719
12.414510
-4.676348
-16.974388
-24.874033
-27.832047
-25.647146
-10.232782
-7.184960
-5.887767
10.904071
9.148057
8.041360
7.072490
6.572862
4.426375
2.589502
16.798702
20.006144
19.304533
16.328482
0.942687
-14.906699
-23.300190
-24.500122
-23.782747
-17.636707
-5.803261
-1.437532
0.151725
-5.596325
8.822121
8.048463
7.377749
6.827964
6.329565
4.415905
10.467172
18.851404
19.629972
17.841755
2.276977
-14.025815
-22.584444
-23.974525
-22.556860
-15.997253
-3.628639
0.112912
4.529156
11.026180
7.575804
6.667663
6.318042
5.812095
2.520778
1.130430
16.142023
19.428360
18.837339
16.042017
11.880952
-5.331347
-16.868452
-23.894316
-24.995367
-24.351835
-10.865717
-4.648854
-1.987872
-0.206625
-9.520445
3.928452
10.088431
7.957069
7.336041
6.184503
10.229392
19.543663
20.900669
18.539894
14.149723
-5.148347
-18.075375
-25.303541
-27.947765
-24.375952
-8.637912
-3.740462
-1.822890
10.373578
7.822345
6.904191
6.330216
5.605665
2.677536
0.535161
14.751328
17.727621
18.044765
16.556044
2.303300
-13.800368
-23.308496
-27.591457
-24.781839
-21.179594
-6.082280
-0.854193
-1.490351
1.394885
11.506459
9.876605
8.965660
8.278417
6.115300
4.680653
9.114540
18.130930
18.927742
17.694099
14.630672
-4.060274
-16.780151
-24.920950
-28.297924
-25.262573
-8.950820
-6.593293
-5.877477
11.082781
9.099966
8.131373
7.061239
6.149683
4.679894
2.764158
15.942824
18.844660
18.461582
16.749498
2.226479
-13.773746
-23.303255
-27.960510
-25.302393
-18.873516
-5.155919
-0.515642
-0.984895
12.167420
9.479302
8.714557
8.114672
7.286105
3.931915
1.731339
15.059587
18.677200
18.683586
16.549921
1.855847
-14.501249
-23.584248
-28.095295
-25.759403
-21.609238
-6.774069
-3.333321
-2.901260
-2.940270
8.984008
10.594283
9.000471
8.066131
6.673412
5.461765
8.849337
18.439400
19.303389
17.969330
15.054554
-3.587959
-17.729731
-25.286936
-27.976381
-27.599648
-25.138302
-8.453731
-1.470222
1.807500
11.856133
10.819512
9.719084
8.995981
6.739045
5.060314
17.792650
20.808033
19.409540
16.535318
12.630709
-6.022261
-17.531511
-24.266766
-26.708694
-24.519024
-9.053907
-5.732927
-4.691131
-4.185632
10.183441
9.069639
8.041232
7.306921
6.276228
4.348314
17.721813
21.147726
20.047112
16.860746
0.708526
-15.212893
-23.573835
-25.422480
-23.707550
-17.480835
-4.913396
-0.560940
0.949758
11.812372
8.541769
7.255632
6.848420
6.116107
3.331473
1.157286
15.398610
18.947397
18.764635
16.578476
2.089853
-13.958715
-23.126038
-26.746250
-23.637310
-21.170338
-6.999147
-2.215436
-14.535453
-0.905605
12.443932
10.433876
9.735702
8.639597
7.595522
6.595642
4.088603
16.960114
20.204185
19.390713
16.971663
1.803339
-14.574859
-23.829073
-27.527550
-24.928488
-18.294807
-4.584012
-1.772667
1.715088
13.116931
10.220034
8.542057
7.583084
6.872520
5.803017
3.442137
16.320574
20.011343
19.196003
16.282696
0.425922
-15.577593
-23.963879
-27.890348
-25.079775
-18.382639
-4.015635
0.799885
9.612134
12.048722
9.623732
8.311702
7.245452
6.617897
3.789625
1.407934
14.475914
18.342962
18.727797
16.944540
2.080535
-14.499675
-24.189117
-28.655958
-27.385519
-21.667200
-5.357539
-14.174114
-0.154204
-14.201535
8.785351
11.931460
10.270555
9.936139
8.744012
6.883432
5.998684
3.590354
16.699947
19.671770
18.571896
15.746191
12.112598
7.393845
-10.960123
-21.151245
-25.389582
-27.018047
-24.286942
-22.316065
-5.593708
2.650468
6.123478
6.439283
10.083295
8.905942
7.533664
6.013267
5.091994
15.551188
20.605854
20.268984
17.538162
2.695930
-14.420491
-24.028593
-27.834524
-25.076782
-20.337986
-3.267020
2.021692
3.623797
12.877879
10.611239
9.047082
7.811800
6.878625
4.362324
2.526864
13.000861
18.762896
18.962107
17.038982
2.300200
-14.839920
-24.617037
-28.712353
-27.157694
-21.411659
-5.399010
-0.956547
0.548299
3.196797
10.814831
9.224756
7.919723
6.649312
5.484388
3.857087
5.596350
16.262280
17.968697
16.861820
2.571651
-13.655393
-23.386068
-27.583132
-24.443251
-17.814207
-14.693202
-0.735229
4.301599
9.384315
11.681124
10.259666
9.341150
8.903787
6.154851
3.733157
7.143190
18.626265
20.072058
18.261539
1.439155
-15.137749
-24.000452
-28.067343
-26.077591
-21.170450
-16.397343
-2.278653
2.349741
4.747194
11.365022
9.614828
8.696726
7.561019
6.108575
4.563396
6.866256
17.679281
19.244352
18.246202
15.480829
-2.445548
-17.385445
-25.348146
-28.229239
-28.026117
-24.500257
-6.360216
-17.699526
-0.534982
14.175646
13.040087
12.520254
11.422597
10.447138
8.702543
6.360644
17.820547
21.879160
20.468290
17.277544
0.023417
-16.056820
-24.565769
-28.053526
-25.822002
-20.715084
-4.343034
0.585222
1.899208
12.750432
10.285622
8.623572
7.052494
5.564548
3.833099
1.263147
13.635789
17.849924
18.295572
17.193312
3.647604
-12.788916
-23.381172
-27.990891
-25.614908
-18.318253
-5.295156
-0.798344
1.350160
13.454115
10.064402
8.025543
6.938773
5.701858
4.437586
2.351278
15.621282
19.253962
13.716685
3.831959
-7.874982
-17.080429
-20.058687
-18.594099
-17.497993
-13.025533
-0.790035
3.182999
4.033357
12.382671
10.367992
8.837266
7.524677
6.861561
3.281875
1.393921
6.718716
16.474054
18.294806
7.398841
-5.856359
-18.339340
-24.023327
-23.232786
-19.895302
-13.050948
-0.175475
2.442939
-12.268656
12.568427
10.734454
9.634637
7.404789
6.480519
4.659753
2.047791
0.928546
-1.626330
14.335752
16.182999
16.999006
16.621151
14.411201
0.288322
-14.336384
-23.253313
-26.222500
-23.982698
-20.089773
-22.223230
-14.251898
-0.569734
8.148613
10.633903
11.333857
11.931177
10.886710
8.750820
7.722543
5.739639
20.175339
22.137867
19.536633
3.702251
-12.614706
-20.479694
-21.679050
-21.774496
-15.053186
-11.038129
-1.973447
1.390319
3.098362
11.184058
8.798814
7.242646
5.871611
4.630457
3.729858
1.127921
16.874422
19.053865
18.607517
5.498816
-9.268349
-21.177959
-26.277164
-24.296902
-20.541847
-13.904361
-1.128500
3.442211
-2.561747
12.665989
10.874797
9.843662
9.359886
8.483053
4.827641
2.802310
16.628035
19.315331
18.852398
5.083239
-11.574996
-22.845226
-28.197977
-26.118828
-21.455206
-16.077976
-0.112196
-12.616007
3.717784
15.222852
13.019399
11.758281
10.493103
10.174644
8.354880
5.698034
4.326173
1.715108
16.008226
17.821341
18.008097
2.782162
-13.234615
-23.584982
-27.813482
-25.073986
-18.166143
-11.567766
1.567934
5.712811
13.906839
11.738687
10.174934
7.834800
6.661684
4.969490
2.996259
0.345506
10.744032
15.056586
15.473463
10.159355
-0.770415
-12.778044
-20.153318
-21.438314
-20.965876
-14.335495
-10.652464
-0.933536
3.103217
5.194452
11.911299
9.938076
8.953046
7.145407
5.038999
2.882058
7.377846
18.308800
19.853285
18.377626
4.371323
-12.123449
-22.975557
-26.725382
-25.371143
-17.507689
-13.937087
-2.019887
2.934855
13.003726
11.774958
9.511578
8.384841
6.951443
5.635456
3.508564
11.133395
18.867916
20.282881
8.245057
-5.597660
-18.378296
-24.595404
-23.715906
-20.143682
-13.530359
-0.125556
3.876693
4.660007
13.514262
10.232539
8.327716
7.043492
5.351283
2.895862
1.360793
10.900925
16.608530
18.057737
17.545225
4.689850
-10.616678
-22.296041
-27.349051
-24.248478
-20.683098
-14.227027
-2.223613
2.684312
5.235674
13.118553
10.146652
9.450147
6.487196
4.049311
2.627485
6.808115
16.894239
18.549459
17.820286
15.037629
-0.681311
-15.826097
-24.223450
-27.188021
-24.447733
-18.936268
-6.808129
-17.733929
-14.384380
-0.260255
8.733601
13.370008
12.724529
11.862259
10.892529
8.588862
5.919991
17.104809
21.063953
9.892874
-1.818477
-11.615320
-16.370729
-17.203615
-17.566433
-12.579211
-8.519659
1.010218
3.670885
4.666526
13.966221
9.903642
7.899799
6.573810
3.671900
2.144239
-0.544864
14.932178
16.163132
17.052700
14.087506
1.505580
-11.499638
-21.934187
-25.195089
-21.870049
-18.550732
-13.020193
-0.482637
-14.142547
10.504497
13.280695
11.735915
10.956649
9.856021
8.391388
6.831029
4.376763
15.248681
16.986776
17.904247
4.510838
-8.942484
-17.284033
-20.995007
-20.369711
-17.824684
-11.684533
-9.083302
1.802506
4.662797
12.423666
9.601317
8.187633
7.420142
5.797556
4.325881
2.616941
-0.361540
14.643770
13.575142
10.554316
3.000544
-4.800888
-15.000271
-21.624834
-22.176851
-17.956549
-10.754093
-7.033895
3.157571
-4.289066
-6.406532
12.213393
10.798658
9.418110
9.096607
6.873068
4.270933
2.256258
0.710098
13.670368
13.255341
14.992096
15.819883
2.832938
-11.747602
-21.889803
-27.674595
-26.473394
-21.895935
-26.727921
-8.184127
-21.281986
-23.728537
1.327631
9.805286
16.478815
20.182823
15.265014
13.817986
12.902628
13.180084
12.341647
20.342482
23.127609
21.226906
10.290563
6.632613
5.830532
-15.450043
-22.817883
-23.728477
-19.490324
-0.564915
-19.378088
-23.544615
-24.926865
-1.279234
5.409693
10.426496
11.119446
5.483792
10.854735
10.075126
8.748584
15.699951
23.893028
23.362160
15.699699
11.212202
7.340682
2.846862
-15.285070
-22.681221
-23.235912
-24.257208
-14.795852
-9.822179
-18.005230
-3.158056
12.925343
12.032769
10.818450
9.533449
7.018768
4.729655
17.753010
22.710974
12.272820
-0.330580
-11.488388
-18.001913
-19.226557
-19.872614
-14.671936
-10.562057
-7.985701
2.291638
14.883483
13.003245
11.146584
9.350572
7.450371
6.063723
4.231568
0.984546
-1.426219
14.377637
16.536457
14.282025
6.028300
-2.037078
-10.909886
-18.588888
-20.568012
-17.798052
-16.942142
-11.074786
-0.524192
-13.291879
9.317505
11.302439
9.998920
8.294184
7.227250
5.808464
4.407082
1.925394
-0.811815
14.820937
13.526024
9.793941
2.208670
8.543533
11.871610
10.596866
-9.208418
-17.833179
-16.983868
-20.232965
-15.141918
-18.604048
-1.915929
6.219057
1.369237
0.085236
10.529591
8.524009
7.196610
5.849588
19.637213
22.141195
19.747540
4.702350
-11.234962
-15.100533
-23.486570
-22.724638
-19.629963
-12.811788
-9.210840
2.561459
13.562042
11.085877
9.176675
7.545719
6.751812
4.627048
3.301170
0.346975
-1.544202
16.056265
15.290852
12.012690
2.872527
-6.911524
-17.770103
-25.665428
-25.235437
-18.703081
-9.882585
-6.773036
0.369609
14.816277
12.819007
10.119064
9.540531
7.330634
4.279369
2.079188
-0.007983
14.232942
11.488868
12.773491
15.361652
1.370557
-13.603407
-23.783947
-28.723145
-25.911997
-20.591089
-27.179495
-24.565193
-2.927492
4.622353
-15.629472
8.963831
14.716865
17.738218
14.280283
13.436574
12.541809
12.407074
10.973741
6.322709
16.572453
19.182806
19.113462
9.405830
9.185029
-12.880406
-21.517788
-20.080381
-14.917600
-10.322644
-21.030516
-23.677271
-24.881636
-1.312710
9.927149
10.106667
10.635908
7.875253
12.355953
9.796387
8.769399
7.906356
22.683609
21.682682
13.740203
-5.172725
-2.609931
2.556139
-14.865309
-17.283241
-15.256832
-15.912010
-10.418552
-5.656607
-16.343678
-1.856319
12.940875
11.582927
11.211220
9.309278
7.521101
5.106997
2.981633
15.235461
11.244493
4.202712
-4.384061
6.499781
9.786999
-8.698745
-14.925794
-18.211777
-13.712076
-10.043285
-6.874646
-4.148596
0.978878
9.157117
8.861657
7.018584
4.462649
2.258176
0.005796
18.925112
19.741446
12.154815
1.499583
-9.792127
-19.154202
-24.461832
-23.155451
-18.448587
-10.393825
-4.222549
17.755333
14.336555
12.301580
9.639963
9.165221
6.777317
5.195737
2.815271
0.009602
15.719360
14.405569
9.383026
-1.818860
-13.658681
-22.421942
-25.570229
-21.358980
-14.090464
-8.457271
-5.574288
14.175450
16.452343
14.013361
11.794632
8.770585
8.021151
5.409161
3.388744
-1.991743
-3.591799
13.057637
12.190656
6.336317
-0.612432
-9.546134
-20.034920
-24.612545
-22.703983
-16.655228
-9.268777
2.899124
7.788510
11.720547
10.999926
8.812826
6.120501
4.157895
2.708221
0.727495
-1.942260
11.561928
15.429706
14.123858
9.999415
2.735732
-7.227716
5.200149
-15.455600
-24.072443
-22.487143
-15.016748
-8.975444
-10.975026
8.387099
4.428443
14.134368
12.708508
11.232171
10.150654
8.881580
6.572560
12.175243
10.185550
2.336824
-6.196516
-11.423228
-14.010599
-14.745106
-14.981606
-11.356038
-6.983068
-3.692031
-1.381559
-11.575198
-13.723295
0.219697
13.300861
12.056376
10.508774
9.114502
7.715784
5.730762
3.369094
13.650641
8.796054
4.953824
-0.088968
9.353915
14.627184
14.560147
-5.503301
-13.198922
-13.035982
-16.090929
-10.559443
-6.759433
9.107353
-3.359671
-2.864998
-6.558670
8.785258
3.875707
6.728500
15.535192
14.307562
8.400002
1.793140
-3.480342
6.539507
9.751882
-9.356784
-15.861396
-13.664689
-15.506099
-10.042557
-17.898485
5.264762
-0.933830
-1.628510
10.614697
9.199218
8.257854
6.979683
5.122329
14.510593
10.712315
4.199673
-4.938871
-10.455079
-13.597900
7.772369
-12.188779
-15.037230
-10.538885
-4.496180
0.412140
0.754608
3.617546
9.364182
8.120257
5.913620
3.989601
1.562780
0.094160
14.500772
13.712551
10.445398
4.500084
-2.094055
8.538383
-11.682178
-22.297508
-22.456455
-18.411121
-8.799523
-4.991234
-15.615684
5.996837
6.052488
8.173203
15.116976
12.360838
10.439055
8.461086
6.693633
15.610737
11.743417
2.764799
-7.467747
-11.274253
8.927604
-12.091106
-17.224131
-14.463961
-13.241723
-7.410525
-17.601059
-21.054632
-21.960989
-7.485761
-6.690210
5.280848
10.573030
14.704204
15.344828
14.737576
14.418836
14.135091
13.473228
14.155365
1.382403
-10.094495
-16.590679
-8.457481
-7.334995
-4.997676
-3.412819
-5.508987
-2.839723
0.325628
5.595678
13.980911
8.753228
5.854815
3.517222
1.338509
0.342169
-2.253736
-1.823596
6.140780
6.825907
7.112517
5.206341
11.991895
15.285488
14.399620
-4.891805
-15.281248
-15.863267
-18.485445
-11.580504
3.438491
-5.038123
-2.197233
-0.443859
13.576393
10.060880
8.737543
6.439831
4.139331
17.261318
14.373828
6.237987
-2.286718
-8.551374
6.766863
-11.180990
-16.702932
-15.949341
-15.755444
-9.291445
-4.109435
-14.657251
-0.571199
12.657626
9.990978
9.150374
7.588946
6.367336
4.397936
2.041524
13.931957
11.176060
4.246202
-2.919765
8.045349
11.964356
9.906701
-11.175784
-17.528685
-20.067951
-13.903186
-9.505556
-5.288074
-2.509948
0.278517
10.407453
7.942309
4.627481
11.418224
10.938887
18.158871
13.210324
7.116942
0.441599
-7.261849
-16.234129
-23.213533
-24.502363
-20.804049
-11.454919
0.680419
12.863676
10.842726
7.428558
4.595971
2.597849
0.334328
-0.949629
-1.400188
-3.291500
12.565192
14.383050
12.403709
7.696482
11.963626
11.619919
-8.194931
-19.763042
-23.946054
-18.162743
-7.121847
-21.555231
2.615065
-16.883322
5.618309
3.929280
5.009064
3.082962
10.537491
9.023918
7.502519
5.329911
12.752926
8.524923
0.957146
-5.999326
8.502788
12.873491
-7.996161
-15.474895
-15.894252
-14.144089
-9.183086
5.942998
0.006491
1.795319
3.447692
12.598976
10.953299
10.289465
8.669821
6.942309
18.859798
11.315854
0.978425
-9.278304
-19.471584
-23.236483
-20.325104
-16.334188
0.000000
3.438938
3.220872
2.108846
0.737901
0.027916
-0.114723
-0.383448
-0.813981
-1.353634
-2.047642
-2.790009
-3.769188
-4.659688
-5.550645
-6.427229
0.868702
1.604460
1.980176
2.174913
2.478087
2.740511
2.899673
2.652420
1.999653
0.778416
-0.163019
-0.656735
-0.598921
-0.286950
0.172816
1.259851
1.113284
0.860353
0.430953
0.206555
1.331334
6.022707
7.691360
0.855278
3.824128
6.478339
5.413600
4.298393
3.052285
2.089083
0.432244
-0.483894
-1.970346
-3.431444
-4.637325
9.859632
11.355951
4.301808
0.000000
4.131642
3.970912
3.730193
2.375168
1.314934
0.586464
0.375328
0.058514
-0.403256
-0.970565
-1.320476
-1.631754
-2.060116
-2.448398
-2.961253
-3.382591
-4.144086
0.669311
0.977073
0.942746
0.653252
0.309045
0.132942
0.033780
-0.352708
0.263927
-0.282055
-0.173486
0.037028
0.407857
0.338068
0.425879
0.255708
5.252840
4.449209
3.920871
3.610811
3.312381
3.034291
2.845798
2.759859
2.627498
2.459715
2.208158
2.006135
1.019477
0.000000
-5.196831
-6.523204
-6.616982
-6.060997
-4.679063
-3.927785
0.982514
1.338046
1.554275
1.454319
1.138530
0.546477
0.067367
-0.632935
-1.379373
-1.987155
-2.719026
4.023871
4.705967
5.728787
5.988517
6.143125
6.225542
6.057497
5.704001
5.186124
4.376183
3.439139
2.579770
1.717818
1.444115
3.071121
2.184004
1.095959
-0.480344
-0.345317
-2.402207
-4.206494
-5.577130
-8.859882
-11.833495
5.344891
4.647225
3.637859
2.873901
2.274926
0.000000
1.563769
1.734542
1.513945
0.486802
-0.405930
-1.117531
-1.120023
-1.226606
-1.176516
-1.217123
-1.320639
-1.594700
-2.092878
-2.788849
-3.664147
-4.332824
1.381727
2.025995
2.582138
2.998260
3.346450
3.675403
3.874775
3.798493
3.363579
2.326469
1.376781
0.483792
-0.035659
-0.350020
0.329103
1.717498
1.584700
0.438240
-0.326295
-8.640763
0.000000
4.363994
4.244297
3.031499
1.015189
0.856014
0.484909
0.025824
-0.880822
-1.771599
1.694664
5.109060
4.179776
1.745700
-1.291664
12.214955
9.305321
6.054746
3.355220
1.752541
-3.035679
1.030308
0.358690
2.456532
7.477827
4.366638
0.024720
-1.610251
-3.407706
-3.767128
-5.564637
-9.223986
-13.641130
-18.262669
-18.293756
-17.852781
-16.877748
-16.393946
-15.953553
-15.319013
-14.360587
-13.020042
-11.488980
-1.444070
4.340984
5.521997
4.928867
4.193500
3.532773
2.998199
2.766752
2.465028
3.873906
4.393572
4.474089
4.416756
7.782351
5.361520
7.266108
7.761477
7.616916
6.635580
0.000000
3.262853
3.149773
2.902721
1.660527
0.728564
0.067659
-0.021109
-0.296587
-0.729137
-1.299765
-2.027167
-2.735386
-3.559355
-4.323625
-5.109424
-5.690456
1.266788
2.071532
2.669294
3.479073
3.484232
3.238970
2.936264
2.643698
2.317973
1.873000
1.010276
0.363171
-0.206826
-0.478439
-0.111869
0.293260
0.334518
0.093284
-0.817624
-5.186327
-5.656650
7.239275
6.981455
6.416674
5.792529
5.216903
4.285944
3.678375
2.603569
0.998976
-0.331209
-1.428499
0.000000
1.304859
2.082747
1.941026
0.958050
0.031945
-0.620539
-1.021937
2.699002
15.826709
21.882818
23.592560
19.961790
15.059308
10.446327
6.697323
3.991539
2.354550
1.446910
1.252565
1.147662
1.119751
0.620329
0.607893
0.906295
0.265027
-0.512382
-1.474152
-2.061408
-0.411807
-0.999205
-1.211675
-1.191804
-0.923676
-0.136261
1.217373
0.928436
0.000000
3.612912
3.552266
2.134576
0.344619
0.212961
-0.074455
-0.594374
3.066738
16.320984
20.925549
19.079744
14.546918
8.585868
3.035576
-14.725597
-22.077957
-22.480774
-15.299046
-10.657066
-8.250628
1.650731
6.474134
7.049543
12.357295
10.980273
5.096634
-5.451342
-13.646932
-18.546463
-10.899368
0.178707
3.629446
3.844429
3.125334
3.859272
4.556804
0.719045
1.728725
1.199820
0.885371
0.394321
-0.453078
-0.866451
0.016567
0.153755
-0.784814
-0.565221
-1.493091
-0.759418
-0.686765
-0.866460
-0.638331
-0.180911
2.228336
-0.088733
0.167667
-0.074315
0.154925
0.118223
0.072699
0.114381
-0.433526
0.000000
1.064602
2.919674
2.053906
0.288575
-0.016802
-0.026526
-0.039919
-0.262740
-0.628351
-1.352222
-2.126832
-3.128366
-4.255951
-5.647603
-0.282327
0.098142
1.269525
2.004236
2.688083
3.251014
3.654285
4.091433
4.169059
4.211443
4.140996
3.913216
3.556356
3.108035
2.637661
1.527084
0.881557
0.308110
-0.664500
-1.490859
-1.369178
-4.063330
-10.745537
-13.437775
-13.311005
-13.513169
-11.864518
2.393033
7.917502
10.877340
11.907738
8.321742
8.912421
8.622912
6.587024
3.747657
2.382773
8.620934
5.915682
5.357025
4.799341
4.224015
3.797761
0.816767
0.517657
0.000000
3.334136
3.204656
1.908834
0.181103
0.195365
0.093200
-0.036019
-0.673267
-1.404122
1.920515
4.664324
4.274821
2.149986
-0.630738
12.976710
10.488195
6.511117
3.494488
2.686414
2.237539
-5.652423
-0.860330
-15.737911
-2.004926
