-6.583994
-2.123542
3.663877
2.046385
2.874087
3.560892
4.535604
5.484654
6.447993
7.443197
8.447992
9.530780
10.731640
12.063880
13.811213
16.754869
-0.000000
0.000000
0.000000
-0.000000
0.000000
0.000000
0.000006
0.000009
0.000233
0.000007
0.000267
-0.000000
0.000000
-0.000000
-19.978643
-19.938162
-18.252169
-16.781458
-17.881414
-17.292734
-14.781860
-12.069149
-9.247700
-6.049117
-5.786650
-4.954301
-2.544175
-3.190565
-3.109136
-2.519660
-2.172081
-1.902624
-1.631251
-1.687910
-2.408700
14.315597
-1.407751
0.000000
-8.049117
-1.742311
-0.000301
1.119077
2.260238
3.486313
4.758973
5.960640
7.247881
8.607672
10.139884
11.721176
13.452785
15.608617
18.705469
0.002426
0.000005
0.000005
0.000000
0.000001
-0.000000
0.000000
0.000009
0.000011
-0.296873
-0.000001
0.000007
0.000656
0.000005
0.001198
-13.151770
-20.055878
-19.215494
-18.481775
-17.431120
-14.472330
-11.794925
-8.432470
-7.241627
-5.751915
-4.198801
-3.124286
-2.501650
-2.126568
-1.979038
-1.853057
-1.869069
20.059988
8.971299
0.050694
-5.483663
-10.973826
0.000000
-5.481877
-1.619390
5.007379
3.464216
4.283526
-15.363371
-10.654332
-13.590685
15.863290
15.472534
-12.738248
-7.716858
-4.646775
-3.332517
4.956025
20.040033
17.076994
10.727841
8.248125
16.519350
18.387690
-1.318056
2.230708
3.286765
-1.393295
0.894690
-20.059851
-18.763073
-14.576496
-11.811912
-10.676107
-10.007506
-9.072751
-8.115058
18.535908
12.928348
9.408965
-0.315253
5.481493
7.474630
6.826474
7.374314
7.340952
6.468548
6.980160
-17.838869
-4.063926
-2.771631
-19.340042
-18.753210
-13.631815
-9.678817
-7.980750
-6.929008
19.853811
15.078269
16.164820
20.051575
3.370378
7.099614
6.275976
8.670433
7.600499
6.286068
6.568178
-18.073999
-19.528469
4.712341
-20.059999
-15.388689
-10.783043
-7.719924
-6.040884
-5.676008
20.042526
16.470961
10.750466
16.201481
20.059998
4.274385
2.870638
4.338266
2.835420
1.654433
1.485072
-20.059740
-19.052633
8.773346
-18.973932
-14.453410
-11.482293
-9.566195
-7.998911
-7.341311
20.059872
16.920883
13.515835
17.565908
3.787836
6.432090
3.956763
4.643826
3.397287
2.460282
2.703975
-19.904829
0.606794
0.609287
-18.678104
-19.369448
-13.794047
-9.835960
-7.383718
-6.446495
20.053528
16.694246
14.055071
20.059105
3.188120
5.892269
4.826389
5.384359
4.710657
4.048037
4.074074
-19.500109
-16.567358
7.545861
-18.276573
-14.250238
-11.302739
-9.312634
-7.477675
-5.989469
20.026642
17.855572
13.126974
8.577845
19.019060
-6.039409
-4.134919
1.531314
3.119064
0.378499
1.181949
-19.341215
-20.059662
-14.953298
0.682552
-12.971002
-10.905288
-9.377144
-7.982335
-6.728653
20.058502
19.259748
17.891560
-2.879328
4.172228
5.125240
3.587563
3.606956
2.876647
2.289075
2.794746
-6.033519
-19.224888
1.114074
-18.711334
-17.912241
-12.517430
-8.806765
-6.561054
12.483335
17.895031
13.107291
12.642582
20.059393
5.269679
5.744037
5.543925
7.602897
6.857849
5.762067
6.071715
-17.534651
-19.867792
-19.187830
-18.956238
-13.250667
-9.048726
-6.474181
-4.917609
-4.178319
20.043640
18.145206
13.690969
7.240361
20.059988
2.170592
0.649972
2.306072
1.309089
-0.127079
-0.405555
-20.059715
-18.609779
13.099124
-19.084654
-14.609071
-11.782377
-9.796540
-8.441971
-7.925640
18.387201
14.175493
14.629189
-5.800584
3.418089
6.451989
4.695499
5.862835
4.720583
3.394035
3.823750
-19.359426
-18.683277
5.682986
-3.148109
-18.316456
-12.928548
-9.284150
-6.845724
-5.333392
20.044697
19.233189
16.929478
20.059456
3.848092
6.097643
5.661622
9.368678
7.791565
5.377736
4.417151
-20.059620
-18.336903
7.955756
-19.234259
-15.088140
-12.101879
-9.890568
-8.000357
-7.079299
20.059923
15.892854
10.153867
16.080662
11.961611
2.939280
1.641741
2.952872
1.410595
0.246588
0.153521
-19.780478
-15.218341
10.118500
-17.858122
-14.343176
-11.954650
-10.176654
-8.513556
-6.956123
19.791048
17.508129
17.950983
-3.494079
4.857613
6.590862
5.333511
8.453977
6.563189
4.408360
4.450497
-17.679800
-13.261688
3.179939
-18.425573
-17.194210
-12.138722
-8.845668
-6.764778
-5.811411
20.052435
17.124243
13.465028
20.059156
2.337591
6.129827
4.669444
6.451772
5.341006
4.027704
3.891147
-18.646236
-14.901640
-11.896886
-2.992535
-13.521497
-12.341377
-10.844551
-8.953341
-7.124385
20.039221
17.448015
11.738314
8.528440
20.059998
3.479038
3.161465
4.971434
3.496171
2.882932
3.403672
-17.858610
-16.529184
8.857838
8.932558
-20.059998
-17.633692
-13.826235
-11.034974
-9.376040
18.851931
14.368779
12.826844
15.011161
4.474955
5.019884
3.534326
4.260776
3.289105
3.010605
3.651001
5.304831
-19.308237
-17.885120
-17.690308
-15.342394
-10.980314
-8.276602
-6.396083
-5.412463
20.042702
18.998075
15.614615
20.059631
0.550656
6.786082
5.665785
7.754942
6.874179
5.508961
5.569950
-20.059689
-18.231627
-16.548292
-13.993390
-11.138039
-9.223678
-7.883291
-6.592523
-5.928976
20.047274
16.755169
11.025225
7.863552
20.059986
2.208100
1.547889
3.535836
1.823806
1.622919
2.362599
-20.058826
-18.748461
9.766465
9.349707
-20.059998
-17.095695
-13.109686
-10.635254
-9.192197
19.596745
14.395959
12.971278
1.951584
5.220476
7.015625
4.260059
4.416304
4.093289
3.878478
4.472420
6.498295
-19.575129
-17.969761
-17.425114
-16.562439
-12.540389
-9.876668
-7.625956
-6.355387
20.052320
17.822680
15.004461
20.059441
-4.515155
6.473375
5.988232
7.995967
6.391668
5.115346
4.870791
-20.059761
-17.606955
-13.781839
-12.097757
-11.427593
-10.753951
-9.751289
-8.249779
-6.935626
-5.493191
20.033026
18.237087
13.057051
20.059999
19.045280
-3.602809
3.817533
2.332745
1.955713
2.695497
-20.059431
-19.158537
9.328637
8.325182
-20.059994
-16.530821
-12.588176
-9.962963
-8.267236
20.059536
15.210698
13.456632
8.141384
5.565228
6.042121
4.551429
4.077989
3.204327
3.010999
3.621636
5.441547
-19.541313
-17.865320
-17.371784
-16.771368
-12.935659
-10.395256
-8.355749
-6.685203
20.042364
17.128876
17.526779
20.059996
3.166206
7.648007
7.177671
9.319506
8.161843
6.623637
6.902163
-20.059324
-17.557350
-16.997009
-14.295433
-12.087583
-10.503916
-9.268754
-7.853199
-6.727694
20.046465
16.928310
11.050743
8.275457
20.060001
3.190546
3.244146
4.767546
3.466436
2.946930
3.330461
-17.495373
-17.408237
5.834651
-1.662558
-19.952953
-15.794392
-12.508666
-10.171329
-8.805635
18.504667
14.719515
14.205308
12.908148
3.013091
4.702069
4.389908
5.750549
4.782506
4.438147
4.904294
-13.766983
-11.384371
3.344206
-17.542410
-17.706623
-13.464746
-10.383175
-7.915903
-5.753644
20.020565
16.644703
11.810727
8.760558
20.059982
3.363923
4.551298
6.315797
4.364835
3.750812
4.292504
-17.822426
-15.690329
-11.629174
12.895515
-17.061750
-14.532747
-12.055971
-9.851964
-8.136230
20.038546
18.629313
20.045034
6.870355
3.379413
6.835930
4.818598
4.555368
3.366187
3.435556
4.016681
5.797821
-20.059164
-16.995564
-17.185024
-16.316471
-12.311638
-9.514984
-7.604040
-6.060344
20.056755
15.969811
16.873228
20.059423
2.555759
5.322546
7.138285
9.309793
7.559904
6.367052
7.197051
-15.735292
-15.843358
-13.030685
-12.023085
11.113612
-16.840805
-14.046077
-11.020176
-8.352305
-7.017990
20.009382
19.030045
15.550419
20.059992
20.060099
-2.746058
5.636681
4.141002
3.891110
4.176226
-19.138620
-20.059780
-16.392849
-11.817532
-5.746255
-9.782410
-8.867374
-7.630288
-6.314842
-4.796825
20.044161
20.057039
20.059999
11.103621
3.060061
1.410372
1.186635
0.244941
0.108239
0.455103
1.822500
2.779403
-20.059992
-18.071945
-14.197701
-12.275255
-10.557720
-8.875332
-7.731922
17.035484
14.529311
17.801582
1.064675
5.114707
7.058263
7.339224
8.135546
8.330904
8.771140
9.719645
-20.051609
-18.531775
3.985624
-18.372025
-15.314053
-11.176421
-8.128661
-5.904759
-4.372170
20.058718
18.228142
11.088904
6.964013
17.249786
20.059990
-3.105387
1.665430
0.595131
1.214883
1.727898
-20.059553
-19.318035
-13.601549
17.280844
-17.409821
-14.287411
-11.598077
-9.588725
-8.048825
20.057714
16.187628
13.542626
20.059351
4.287003
7.224780
5.085280
4.958444
4.326937
3.883171
4.707645
7.068417
-19.481735
-17.967434
-17.451981
-17.286348
-13.447004
-10.761977
-8.535900
-6.391439
20.039509
18.661303
15.875156
10.979514
9.247913
6.091077
5.287540
8.110052
7.189216
6.035012
6.459099
-20.059702
-17.308281
-17.345825
-12.366879
-11.063199
-10.149354
-9.170155
-7.841838
-6.804982
20.059673
17.731421
16.059547
19.825418
2.197325
6.666130
5.816080
7.707447
6.423120
5.923575
6.613413
-17.859043
-18.233538
3.203655
-19.714771
-16.233318
-13.532531
-11.467055
-9.724323
-8.586379
19.502594
15.204906
14.474918
20.056259
4.308781
6.411561
5.145300
7.352149
6.172277
5.234720
5.831740
-17.215820
-13.401745
4.053084
2.455599
-20.059984
-18.695992
-14.487416
-11.039382
-7.954953
20.035196
17.854027
12.012119
8.791434
15.388308
5.043304
3.789517
3.466802
2.086498
2.325943
3.229888
5.242785
-20.035028
-17.264261
-14.279372
-12.974106
-12.157905
-11.010186
-9.672566
-8.146858
19.797956
16.662315
16.978939
20.060045
3.479245
7.806068
7.035340
10.317796
8.169819
6.776083
7.618767
-15.814176
-15.713039
-16.897106
-13.939893
-12.908904
-12.084200
-11.020666
-9.453679
-8.083126
19.842638
17.232866
11.500627
8.496972
-1.376419
5.592347
4.311275
6.122968
5.075054
4.141129
4.922565
-16.572002
-12.832260
5.399787
-8.540600
-19.818218
-15.689121
-12.128072
-9.343809
-7.813091
17.946144
14.438587
14.642934
15.287147
2.896374
5.239763
4.328109
5.859721
5.452581
5.579504
6.435056
7.988929
-18.096447
-17.238358
-15.196182
-13.269962
-11.828221
-10.471799
-8.755376
-7.205156
20.028263
18.174784
16.044342
6.857305
9.837893
4.811985
4.919261
7.158839
6.040538
5.089062
5.852551
-15.808743
-17.835257
4.551864
3.060504
-20.059986
-17.441364
-13.036870
-10.137560
-8.643321
18.875998
14.372294
13.077491
20.039024
3.440969
5.498835
4.924366
5.668955
4.581756
4.672875
5.655823
7.292350
-18.723276
-15.246216
-14.305984
-14.084992
-13.431067
-12.314981
-10.591552
-8.409122
18.407553
16.154644
17.291807
20.059992
4.533077
7.155756
7.084392
8.737469
8.098164
8.249998
9.919919
-15.050794
-12.969384
0.731138
-18.187424
-18.421789
-15.055336
-12.242692
-9.842933
-8.157000
19.902555
17.488306
17.841066
6.323411
4.710233
4.856507
4.430857
5.388725
3.957118
3.988234
4.919868
-4.350521
-17.893097
-13.925540
-12.570745
-12.102489
-11.627359
-10.666798
-9.320957
-8.349351
19.018513
16.518671
18.017450
20.057663
4.553106
6.584116
6.504008
7.483567
7.292441
7.356784
8.849046
-16.108816
-19.671179
1.292347
-17.842054
-17.700478
-14.276443
-11.583185
-9.549285
-7.424586
20.037752
17.542765
16.729162
20.059988
4.167262
6.362720
6.583396
7.217487
7.209875
7.164135
8.738215
-19.225492
-15.640532
-16.746426
-13.710137
-12.746192
-12.020501
-11.013366
-9.565253
-8.323830
19.485571
16.173960
16.175316
20.054090
6.162723
6.848423
6.822118
10.492996
9.275285
8.052875
9.181865
-17.169292
-16.976967
-16.981720
-14.526340
-13.725555
-12.995752
-11.883757
-10.361794
-9.288857
-9.745215
19.674959
20.048441
20.035318
6.627586
4.134219
3.757085
5.408781
4.652860
3.999526
4.712453
6.540162
-20.059938
0.345366
-18.016083
-15.342772
-13.314795
-11.380051
-9.227736
-6.971003
17.062202
13.875947
12.686293
16.145527
4.780283
6.675522
6.840450
6.734205
6.414755
6.466190
7.337923
8.838827
-17.247385
-15.046240
-14.640757
-14.888657
-14.483037
-13.158118
-10.993282
-8.611477
2.568075
18.199043
20.024637
20.008141
-1.980936
5.853760
6.210974
7.281087
7.216576
7.386138
8.671934
-18.209623
-14.126916
3.275247
2.066411
-20.059998
-18.258244
-13.884024
-10.791686
-8.589959
-7.881016
20.035782
20.044285
20.025610
16.177677
0.756577
0.875864
1.597724
0.832469
1.123132
2.192893
3.650075
-20.048792
-15.675566
13.405749
-18.848164
-15.474067
-12.915109
-10.581614
-7.956349
18.483259
14.756114
14.225130
20.060238
5.506819
5.902594
6.269581
7.641941
7.251293
7.714030
9.063471
-13.751342
-12.286860
-12.081702
-13.331073
-14.621356
-14.772817
-13.675186
-11.547551
-8.934589
4.390322
17.796944
19.405113
20.001894
4.088039
5.484303
5.909607
7.242677
6.799927
7.397267
8.762859
-15.838367
-12.911011
-3.612530
-17.410318
-15.457314
-13.346173
-11.478168
-9.684914
-8.007218
19.878283
15.827594
14.466079
20.016253
4.524158
5.445207
5.522058
6.014680
5.447297
5.938817
7.509602
9.468204
-19.331772
-16.584951
-15.752495
-15.785000
-15.137323
-13.784360
-11.824067
-9.212893
1.599110
17.416151
19.026180
20.024780
4.744081
6.036302
6.128376
7.733116
7.358938
8.033828
9.427889
-15.283930
-12.680399
-16.996956
11.512207
-19.928324
-17.136644
-14.360566
-11.813985
-9.554753
-8.634881
19.949287
20.033199
20.032984
20.059990
4.106709
3.938612
5.651273
5.199593
5.830644
7.182985
-16.403751
-12.797827
-16.372154
6.724528
-17.909084
-14.693198
-11.956809
-9.777163
-7.972366
19.471628
15.903717
15.732649
20.022749
4.445958
6.122467
6.418744
7.712103
7.227563
7.746431
9.462719
-16.960106
-14.032913
-12.447122
-13.059042
-13.620028
-13.466340
-12.466625
-10.799812
-9.009397
-8.039221
20.025930
20.041733
20.033691
20.060007
4.037423
4.364023
5.593788
5.651150
5.971219
7.236598
0.251783
-17.018217
-17.310333
-8.072538
-16.696432
-13.814507
-11.406533
-9.394804
-7.172638
19.084181
14.610842
12.837397
20.032694
3.997995
6.273520
5.955593
7.580227
7.677513
7.958728
9.459681
11.580634
-18.668772
-18.318617
-16.411016
-15.575666
-14.628331
-13.307085
-11.520391
-11.438268
18.221397
14.743041
12.197560
20.059805
3.834966
5.771321
5.854128
7.471945
7.425091
7.541259
9.430345
-11.778378
-13.971564
-13.023211
-13.542713
-14.263548
-14.525052
-13.880284
-12.222263
-9.748372
-7.980422
17.592888
20.044327
20.040236
0.339404
6.349883
6.187351
7.364990
7.218863
7.751738
9.535786
10.817514
-16.383270
-17.865568
-14.329944
-14.444331
-14.228519
-13.042972
-11.167688
-4.573402
14.174335
10.888966
7.473281
-0.461828
5.515769
7.764509
7.278645
9.003175
9.316298
9.863102
11.404080
11.990520
-20.059244
-18.127787
-17.123104
-16.374699
-14.857967
-12.957942
-10.850938
-8.324533
18.048777
14.874833
13.339967
20.028502
4.319928
6.043791
6.481639
8.554727
8.967674
9.875581
11.858281
-13.244247
-12.824306
-12.896285
-16.549217
-17.549868
-16.482149
-14.664645
-12.377461
-10.090723
-8.323254
16.966692
17.471849
20.037880
-1.842687
6.198230
6.855833
8.388695
8.366312
8.662305
10.319870
-12.082520
-10.726403
-17.438507
3.483726
-17.683157
-15.726812
-13.411806
-10.660921
-7.857332
19.207184
15.758239
13.843446
19.995398
4.680616
5.365600
5.600620
6.839714
7.067114
7.674351
9.092698
-13.376766
-12.501520
-12.643927
-13.547134
-14.937039
-15.273146
-14.159369
-12.284734
-9.775920
-7.808560
18.555851
19.836309
20.049767
20.059980
6.001462
6.458236
8.225345
8.637728
9.743775
11.842826
-12.198675
-11.479616
-11.774065
-15.831559
-16.135962
-15.609447
-14.070633
-11.748468
-9.125312
16.053141
12.993507
12.609180
16.708017
7.043034
8.265103
8.376632
9.261110
9.435959
10.029587
11.919890
-12.946180
-12.368506
-13.024702
-15.235209
-16.273491
-15.912930
-14.443641
-12.407647
-9.845776
-8.229324
19.019760
19.149651
12.473307
20.059994
3.920202
4.632701
8.412484
8.394859
7.670696
8.893367
3.403374
-16.052002
-13.815697
-13.673720
-14.324062
-14.322102
-13.396723
-11.426028
-5.737945
15.238339
11.733162
9.265499
11.933114
5.356080
7.495187
7.496321
9.279118
9.667035
10.609259
12.391348
-10.537211
-14.062961
-13.462077
-16.695351
-16.630756
-14.952004
-13.098925
-11.038209
-8.507741
-6.448239
20.019413
18.514669
13.753329
9.420905
19.925650
-4.133365
9.201747
5.541745
4.812283
5.957566
-18.214523
-17.952242
-13.440257
13.477344
-19.022596
-16.646828
-14.424390
-12.238770
-10.142840
17.243349
12.682482
10.785353
18.714828
5.903905
7.920860
7.825092
9.796328
10.387400
11.212581
13.587727
-0.000020
-16.747633
-19.844370
-14.988508
-16.119101
-16.371326
-15.302203
-13.213428
-6.702500
-9.821994
16.898857
17.322937
20.041698
3.464930
4.249812
5.553211
6.911853
6.812694
7.546054
9.274019
-15.234174
-14.949317
-12.870955
-12.203816
-12.648073
-12.758583
-12.207695
-10.873759
-9.042987
-7.639964
19.348854
19.435190
20.036615
16.585220
5.976187
6.889659
8.321057
9.150512
9.992128
11.784459
15.588919
-15.971696
-15.446606
-17.530569
-18.456556
-17.619488
-15.831328
-13.197591
-10.467518
12.824405
8.779548
20.033298
7.747828
9.269901
10.660771
10.689683
11.699799
13.584408
15.202712
0.000002
1.059764
-13.707651
-20.059994
-14.980863
-16.769537
-17.117575
-16.029400
-13.678532
-7.894383
13.225299
10.415710
8.485826
20.030212
6.521995
7.881693
8.931040
10.347147
10.701186
11.792642
14.401338
-15.429475
-14.458028
-13.993307
-16.156910
-17.533527
-16.492889
-14.779097
-12.540347
-10.254540
-8.541703
18.962875
16.122551
11.790400
20.059996
4.226264
6.349875
9.921890
10.522525
10.286853
11.451399
-14.608470
-14.298530
-12.900761
-15.665894
-15.905272
-15.055428
-13.665339
-11.862849
-9.767960
-9.210361
17.668093
20.038118
20.027721
5.355325
7.242556
7.938395
7.967691
9.022425
9.719767
11.778455
13.819555
-16.464247
-15.254502
-15.410934
-16.014307
-15.949836
-14.813745
-12.697742
-6.474831
-3.446019
13.354319
11.844343
20.044474
3.159085
5.017679
6.332211
8.125944
8.096461
8.653069
10.161847
-15.630165
-12.915391
-11.036498
-11.172989
-12.327213
-12.738351
-12.117899
-10.704316
-8.755092
-7.102540
20.033514
16.974167
12.471719
20.059990
4.015163
5.583922
9.693975
9.921501
9.694353
11.048323
-14.709219
-14.465209
-12.759066
-3.777811
-20.040394
-17.771418
-15.274920
-12.499422
-9.078914
14.991308
11.573750
9.760388
-1.494010
5.448811
7.758897
8.090432
10.010448
10.530605
11.635029
14.030964
0.382912
-17.953264
-18.672464
-17.048943
-17.205469
-15.587740
-13.736617
-11.725727
-9.442713
-7.126147
20.017822
17.259390
12.132191
20.059998
-0.664144
5.848095
9.559464
9.808932
9.318352
10.352828
-18.521488
-17.149414
-14.079563
-13.257423
-13.633256
-13.680475
-13.064480
-11.664838
-9.832852
-8.957129
18.638552
18.167143
20.029280
-1.037865
6.665419
6.804494
7.585675
8.918493
10.167009
12.386377
14.677590
-17.484661
-18.500826
-15.459267
-15.898329
-15.765785
-14.607259
-14.754495
-6.009510
19.051153
10.134362
7.671895
2.950121
6.045960
8.603070
9.035249
11.227960
12.653183
13.859797
17.611128
-17.848198
-15.080215
-17.812147
-16.806767
-14.872715
-13.777535
-12.364927
-10.536894
-8.738273
-6.819585
20.030031
17.615021
12.908586
20.059982
5.231972
6.347221
8.211695
8.684404
8.720903
10.781778
-16.909817
-17.665035
-14.909562
-16.385107
-15.662627
-14.118098
-12.822930
-11.288411
-4.955081
-2.820362
15.474051
14.562452
20.053707
1.423458
3.196157
3.914596
5.521852
5.943129
6.592859
7.941724
10.471815
-18.773333
-14.316422
-12.293460
-12.400586
-12.555393
-11.972410
-10.816879
-4.717607
-2.167561
15.910897
13.142653
20.055109
2.925397
5.651104
6.606474
8.117894
8.185490
8.888534
10.530315
-13.493342
-13.864483
-17.307810
3.263484
-18.511286
-15.559613
-12.965453
-10.394618
-4.616839
18.666920
12.047508
9.333434
10.197973
5.404661
7.028558
7.347086
8.617507
9.492392
10.748682
12.911518
15.501904
-19.428070
-19.337597
-18.124804
-15.187016
-15.540508
-14.815438
-9.310468
-7.455164
-4.624194
13.390401
11.039410
20.058586
1.652056
5.097468
6.598208
8.356686
8.693153
9.302158
10.794804
-16.333838
-13.708580
-11.022918
6.572336
-18.021683
-15.573878
-13.428234
-11.141137
-8.671769
-7.193995
19.975090
19.130516
20.060059
20.059999
6.418817
7.519165
9.167655
10.345372
11.286219
13.569670
-16.096464
-14.120653
-17.352631
-12.344632
-16.921074
-14.811829
-12.845819
-11.119482
-4.588093
20.054775
11.681415
10.358995
4.734834
3.790134
7.164936
7.582936
10.075955
11.138530
12.412901
14.896974
-15.251605
-13.343465
-17.356184
-16.793287
-14.109480
-12.772701
-11.405217
-9.806849
-3.713330
-1.295645
17.535067
14.683970
11.910383
20.059980
2.490524
3.400637
5.861170
6.583665
7.723865
9.409311
-17.274765
-13.320125
5.066835
-16.922224
-14.489315
-12.844528
-11.381852
-9.799834
-3.846242
-9.111090
18.848360
17.483698
20.054155
-2.720387
4.563659
5.597352
6.621674
7.502628
8.584645
10.693757
-14.481779
-12.673597
-11.286857
-12.308022
-13.410742
-13.860533
-13.342036
-14.333736
-5.202980
-9.222627
17.236790
17.434715
20.057446
3.648344
5.374841
6.986013
8.008460
8.630950
9.743510
11.767775
-12.724910
-11.361357
-18.136797
4.485426
-17.026251
-15.270494
-13.293623
-11.309403
-4.597515
-1.940017
15.450898
12.602810
20.059986
3.460968
6.526650
6.570893
8.278760
9.055834
10.438535
12.274242
-13.731351
-12.197677
-10.856330
-11.486239
-12.981860
-13.606149
-12.971938
-7.510274
-5.532145
19.183174
10.900887
7.281094
6.882792
3.141492
6.486926
6.779288
8.283710
8.679387
9.601600
11.219633
11.201403
-17.883280
-17.549788
-16.691269
-18.171967
-15.884122
-12.485485
-5.100203
-4.086841
15.162924
12.440423
9.049070
6.419311
1.852867
5.298090
6.072679
6.889670
8.066536
9.624443
11.338652
-13.065555
-13.146425
-17.786980
-17.395466
-12.769921
-10.929754
-9.767139
-3.991833
-3.209799
19.142195
10.104881
7.044225
7.714015
1.985975
5.445666
5.873669
6.379333
7.218148
8.018969
9.484672
11.105415
-15.221672
-17.021387
-16.766556
-14.241921
-11.646277
-9.743722
-3.769576
-3.012110
16.480337
7.893980
6.244544
4.659715
7.737064
9.709341
10.549300
11.349686
12.400692
13.877131
16.498518
-9.702563
-20.050619
-18.430479
1.745422
-18.465719
-16.108511
-13.624827
-11.360140
-4.186675
20.025887
12.117720
7.957092
5.578391
3.312656
0.000000
-6.002132
0.374643
2.087505
3.004353
-11.934661
5.453405
2.387037
-6.696172
-13.798502
-7.407149
-4.254062
-3.903546
20.059910
17.822109
13.062019
9.313773
17.182468
-3.421263
3.278426
2.346745
1.639134
0.772165
0.321102
-20.059584
-18.521250
-1.340052
6.492688
-18.641747
-14.189976
-11.110984
-8.990798
-7.619611
19.573812
15.071387
13.068007
20.059429
4.556190
6.625695
4.484806
5.061086
3.659065
2.504763
2.185232
-2.940215
-3.724115
-2.049626
0.394695
-18.691778
-20.059252
-13.407412
-7.600268
0.485342
4.830362
-3.413002
1.867568
8.956120
13.785956
16.235830
15.881564
20.059984
20.059986
20.059999
0.000000
-15.678565
-18.439480
-16.490368
-13.471102
-1.031691
-11.198547
-8.196029
-6.619600
-5.761735
-4.921392
-4.879601
-3.085691
19.478996
20.031645
19.502802
15.994824
-4.261255
0.261032
0.850699
0.737799
3.677327
-6.505054
-1.157419
-17.272011
-17.250977
-17.974644
-15.709454
-13.642801
8.883462
8.541836
9.022766
0.039040
2.497615
4.169377
8.195991
10.269878
10.510465
12.542288
13.848161
17.048176
-0.000001
-9.882680
-20.057240
-0.560865
-0.984926
-18.519461
-20.058865
-15.608909
-10.506578
-5.809773
-3.284598
20.045332
16.912167
13.555850
9.790677
6.478113
5.392869
20.047056
12.765846
-3.936364
-0.297398
-19.686893
-19.874994
-17.303659
-14.121540
-12.997457
-12.319427
-11.566036
-10.406871
-9.628639
-9.867589
-7.826404
20.027969
15.123104
9.414198
5.261825
-7.676431
-0.649743
4.755028
8.503042
10.722239
14.168817
15.537498
18.886955
19.917639
-0.074849
0.625960
0.000000
-6.310451
-2.643030
5.298281
2.708649
3.978737
5.595951
7.367084
-11.988998
-17.864004
7.161467
8.385828
8.296862
12.014319
-16.081875
-7.804329
-3.008560
0.719496
1.922258
-0.431865
-0.969338
-0.119464
1.343899
17.593224
19.825094
19.867208
19.987759
19.948242
-8.246517
-8.289559
-6.782912
5.980578
5.488021
-18.972618
-11.541910
-4.144588
-5.758746
-6.700144
-5.049124
5.558415
19.200457
6.616209
1.516409
19.099733
0.000000
0.000001
0.000000
0.000000
-4.226451
-2.807696
-1.484033
-20.059988
-17.033628
-16.628456
-14.061169
-12.291012
12.445683
9.375402
4.849398
3.361512
-4.610570
-2.719028
-0.933498
4.999935
3.906677
8.318855
11.668136
14.336782
16.997993
-19.982698
-20.059500
-3.241363
-1.946046
-1.335560
-20.059286
-20.045601
-16.525997
-7.037197
-7.679176
16.030174
13.411363
8.675241
-1.235919
3.063401
4.508391
4.170056
5.604879
6.994295
9.218894
3.080986
-20.035809
-16.224596
-16.321877
-16.762506
-15.972749
-12.124023
-5.111458
-5.097071
16.678419
7.836646
5.782267
0.009356
2.947315
7.243199
6.889325
8.042846
10.434401
11.645009
12.957230
16.149950
16.891106
-17.688795
-18.937994
-16.368322
-15.890133
-17.922241
-14.781777
-7.946055
-6.170804
-3.063843
14.733605
12.661932
9.437821
-4.078226
3.449558
4.571958
5.937884
7.470581
8.563579
10.323033
-18.199575
-14.839005
-10.929422
-9.479009
-10.197348
-11.059402
-11.085144
-6.440604
-4.846305
-2.604402
14.719481
12.565087
20.059889
3.129244
6.474907
7.152429
7.730346
9.084279
10.639942
13.277171
16.124598
-17.416159
-18.083769
-16.283680
-16.460707
-16.366093
-12.938841
-4.967199
-4.223007
18.160227
9.513204
7.392298
4.733516
3.433444
7.190377
8.094597
9.735129
11.516035
13.607126
17.372328
-14.396227
-20.048103
-18.343693
4.333969
-17.724567
-14.881360
-12.621930
-10.598648
-4.057433
-2.643894
17.802874
14.802544
10.332299
20.059980
2.799986
3.777951
5.831429
7.642842
9.262281
12.189129
-18.065346
-14.853419
-17.237570
-12.039295
-17.515738
-11.538123
-10.136806
-8.960058
-3.107480
-1.768579
17.677937
14.705927
9.582836
-1.008865
4.081306
6.373445
7.831560
9.718730
11.526324
14.264874
-15.474963
-15.290238
-18.153221
3.039103
-20.059996
-15.187707
-12.732420
-6.594415
-5.923388
19.926422
10.491761
8.294681
4.834507
1.350512
3.735209
5.077796
5.061555
6.783048
8.379118
10.425508
12.870819
-17.453529
-14.565601
-15.943191
-16.252527
-16.477678
-15.388844
-5.311910
-3.699071
15.746983
7.643528
5.908304
0.759533
4.635534
7.475892
8.689846
9.820112
11.267927
13.113977
15.469942
-6.008206
-16.921427
-18.341122
1.445339
-17.500984
-17.885157
-14.110073
-5.969910
-4.689809
17.570940
9.007002
7.258174
5.125194
2.451311
5.936000
7.048103
11.784096
12.078371
17.230898
20.057835
20.198963
-20.036018
-18.961950
-16.555132
-16.012135
-16.715042
-18.776775
-7.835183
-6.126974
12.458044
4.422466
-2.776989
2.280154
5.511060
7.802069
9.160530
12.825683
18.449375
20.059742
20.057343
19.003056
-20.035425
-19.542704
-16.848831
-15.861972
-19.953627
-12.570148
-8.640933
-5.844267
-10.508977
14.072777
12.548038
9.342553
-4.397195
3.002386
4.886989
6.537348
8.206872
9.708511
11.798226
-11.837417
-13.520049
-17.423380
-16.888649
-10.734434
-9.039193
-8.436100
-3.451638
-2.474436
18.495119
9.714624
6.989310
-2.690576
4.936026
8.049558
9.265577
10.341169
12.785947
14.315429
17.091808
17.117193
-14.868411
-19.161144
-16.339888
-15.718760
-16.803715
-12.585133
-8.301334
-7.701510
10.356039
3.102979
-3.222426
-0.340106
3.807195
6.707496
8.328092
13.462011
16.123138
20.058517
20.059147
20.054665
-20.053408
-19.523134
-16.855888
-16.172871
-16.481689
-13.768065
-6.552397
-4.810974
-2.068326
13.381158
10.884957
20.059843
1.397310
5.622809
6.222613
7.613919
9.681827
11.570896
15.133628
12.960826
-18.230879
-17.991701
-16.559641
-16.843536
-15.044581
-11.644331
-9.236024
-2.983190
0.517869
17.113838
14.000417
9.318705
2.784492
3.368695
4.833435
6.640424
8.569598
11.066786
14.481711
-13.053926
-14.674236
-18.158720
-16.843546
-17.065895
-13.749578
-10.780209
-4.061387
-3.364469
18.251995
9.861057
7.149662
1.262031
3.875097
7.800680
9.184361
6.709559
11.273637
13.212247
15.123913
19.333475
-14.101671
-12.393885
-18.599018
-16.265543
-15.853566
-16.876795
-12.689606
-8.802688
-7.485404
10.922091
9.338927
7.257353
-3.903183
1.534111
4.881535
5.930210
7.680053
9.198662
11.564766
15.072366
15.954844
-20.051445
-17.834764
-16.410328
-16.692862
-14.129612
-10.627529
-4.449827
-3.405678
-1.618823
16.539217
13.869460
9.806320
6.588690
-1.567156
0.020241
2.214298
4.638131
7.084068
8.963346
-11.306531
-12.326789
-8.565864
-15.791942
-13.837952
-11.344176
-4.194691
-2.955235
12.686404
8.550110
5.717765
-0.954282
1.996221
6.803930
6.872263
11.225832
8.345901
7.345340
13.748507
16.281513
18.440014
19.857483
-9.224100
-20.051519
-9.538941
-18.513147
-16.608114
-20.055710
-10.855502
-7.331574
-7.499403
9.401079
8.058013
5.221480
0.957964
6.131932
7.735856
8.584063
10.316321
13.031009
19.874329
20.058992
19.957575
-0.000003
-15.533901
-20.059994
-17.291256
-15.693239
-16.297762
-15.345105
-10.603615
-9.048623
10.195181
8.908196
6.779291
-2.647969
1.280451
4.328599
5.052888
6.413113
8.634682
10.453663
14.251348
16.621820
-12.847823
-18.309452
-16.749847
-16.764229
-14.686080
-9.187830
-6.103086
-5.082083
11.524228
9.768621
8.026052
-2.964039
1.403022
4.931648
6.090484
7.366550
9.680131
11.384662
14.400306
16.538935
-12.900953
-18.807655
-16.727253
-11.783198
-11.749089
-9.320481
-6.494403
-4.351154
-2.399596
13.771012
11.678548
8.869968
0.766755
3.998833
4.855422
6.598478
8.998943
11.024517
13.778532
-9.426804
-12.335939
-10.895164
-16.508921
-16.705359
-14.851649
-14.123504
-4.348948
-2.874689
16.982992
9.651823
7.624113
-2.202684
3.808984
6.523616
7.978842
9.262156
10.604799
12.802343
16.124493
18.150879
-12.187780
-18.969959
-16.605267
-16.029058
-16.649164
-11.208326
-7.173021
-6.596499
8.130319
6.959886
-3.097803
0.726332
4.957152
8.707753
8.926969
10.338552
13.215091
16.004524
18.574818
20.058153
-9.548436
-20.056622
-19.181301
-16.961153
-16.225359
-16.566486
-11.014814
-6.869052
-6.022558
9.470630
7.959136
6.587348
0.392158
4.934959
7.656832
9.289853
10.669189
12.572942
15.469279
20.059090
15.613823
-20.046686
-18.728657
-16.603647
2.407393
-16.621510
-14.823642
-10.986894
-9.252552
11.523211
10.452705
8.732797
6.737320
-0.919580
3.301468
4.182886
6.207410
9.316962
11.931803
16.815739
14.463744
-20.046171
-18.114946
3.067190
2.187866
-19.921965
-19.074099
-14.429195
-5.713460
-5.077220
16.123192
13.013085
8.953710
5.956177
-2.546815
0.344239
2.232767
5.870034
8.600578
11.836689
-14.375659
-15.340600
-12.480350
-16.202765
-16.838415
-14.858193
-9.803977
-6.507916
15.198856
8.778295
6.030670
-4.212396
-0.453152
1.901828
7.005004
10.506916
10.824671
4.887824
7.153593
12.127657
16.783031
18.169676
19.800194
-17.177141
-19.554699
-16.973150
-16.028742
-16.541912
-13.212120
-9.799897
-9.741341
8.528231
7.538455
6.585630
-0.851997
3.879557
7.272000
9.634827
10.814280
9.827837
14.185879
18.205519
20.059889
0.000000
-17.821045
-20.057251
-3.453366
-18.316669
-17.203310
-17.233603
-12.301579
-9.647004
15.513196
9.768464
7.541823
5.771424
-2.193165
0.627625
2.982738
3.953932
6.828993
8.555253
11.376186
15.945021
13.256114
-20.027300
-17.453402
-17.058666
-16.339315
-14.348434
-10.600954
-7.580190
-6.350094
17.530931
10.959951
8.175462
4.876258
-3.975578
-0.624270
0.817943
3.881490
6.318744
9.378336
13.618908
-9.197589
-11.193543
-16.726078
-16.871895
-14.389698
-9.225153
-5.359147
-3.859936
12.339434
7.046923
-6.237719
-2.225268
0.973739
5.788839
6.145129
11.678570
5.270817
5.537398
10.612576
14.018418
17.601929
18.686016
14.130563
-20.053986
-18.211178
-17.057714
-16.906532
-15.057504
-10.295746
-8.085809
8.939271
7.991353
7.219800
-0.661277
2.549991
3.974779
9.666028
8.610379
11.138350
14.331808
17.654207
20.059687
20.054737
-20.045830
-20.059992
-12.339914
-17.880537
-17.096956
-14.651282
-9.510666
-7.775808
15.802118
14.016394
11.791924
8.036604
5.112278
1.460068
3.634266
4.600544
7.910188
9.927192
14.502300
18.159424
-15.887638
-14.101359
-16.993261
-16.458191
-16.967859
-12.975489
-8.902372
-7.304625
14.973631
13.474211
10.619480
6.395439
3.759889
1.643103
3.639294
5.717029
9.000879
10.618564
15.433076
17.630030
-14.815793
-19.391447
-17.222252
-14.692623
-17.435787
-12.371554
-7.962063
-6.456596
14.680501
12.998790
9.329207
6.490019
0.023332
3.677026
5.052070
7.332004
9.439792
11.120584
15.956938
19.484089
-12.873060
-19.818693
-17.520721
-16.711149
-16.510689
-11.491634
-7.403909
-6.010499
16.254656
10.330501
9.006823
5.408133
-2.021536
0.580388
3.073992
5.299186
7.149595
10.158748
11.363162
14.931714
7.982574
-20.059999
-17.182158
-16.373158
-16.761806
-12.465399
-8.215309
-7.193423
12.269378
8.218228
7.233413
5.202481
0.046754
4.535298
8.182873
10.810768
7.233461
9.793949
14.170756
19.340290
20.059210
-18.053833
-20.053888
-19.925682
-17.652805
4.786426
-17.608574
-16.219097
-11.640173
-9.705072
12.452894
10.788103
8.622272
5.411448
-1.710530
1.287446
3.348189
6.001755
8.822667
12.227073
14.209156
19.834763
4.956505
-20.059999
-17.336660
-15.925399
-16.364241
-16.310915
-12.378490
-10.745324
11.634981
5.701254
5.677977
-4.065420
-3.321159
1.459085
3.580762
5.461732
7.840863
11.163673
15.536304
20.059803
14.374168
-14.979633
-20.059984
-1.868958
-17.554232
-17.426165
-14.639458
-9.200512
12.283298
7.022408
6.384007
-3.474135
0.252807
1.836094
3.354441
9.634621
8.500516
12.267976
16.619646
20.059790
20.058956
-0.000002
-20.034313
-20.060005
-18.273062
-16.495289
-17.467175
-14.564494
-9.801866
-9.092462
9.517578
7.897614
-2.655455
0.604009
1.920471
6.951123
10.197263
12.613452
8.092660
12.081430
17.880880
20.059122
19.440048
-1.524827
-20.055048
-20.059988
-17.577244
-15.928602
-16.750198
-14.072428
-10.097263
-11.479746
2.198930
-2.207586
-1.722231
2.641293
4.021068
7.807380
10.888125
13.401009
13.536355
14.512309
19.912045
19.753796
-0.999364
-14.444497
-15.479079
-20.054274
-9.589925
1.133865
-17.017960
-6.285333
-4.393400
-4.690555
11.845620
10.434910
0.866519
3.672519
4.413123
9.591527
12.249796
14.555570
16.672153
11.810679
14.018846
-0.000001
-0.101315
-7.988779
15.907730
-17.205580
-6.276029
-18.881405
-16.841326
-16.506659
-13.871926
-8.704816
-8.466440
17.013754
14.006687
12.749990
9.473076
2.311714
3.097447
8.983718
10.362359
13.905445
20.060001
-0.000000
-0.000001
0.003065
-0.000003
-20.059988
-18.923630
-17.201639
-17.322580
-16.239971
-12.091375
-10.667927
14.140058
12.743352
10.033500
6.199315
-2.729633
0.116703
7.143885
7.363125
11.272505
14.713986
20.059990
-0.003241
-0.000003
-20.047163
-20.059980
-2.552649
-16.764301
-18.888309
-16.789877
-11.768713
-11.369978
12.526878
11.002289
9.139977
5.678917
-1.938655
3.463506
8.686461
9.548607
10.378959
15.017195
20.059986
20.058388
-0.000001
-0.000002
-15.182265
-12.004277
-20.059999
-17.205742
-17.771412
-13.351119
-9.237393
15.223983
11.946573
7.891000
7.927017
-0.653635
0.465966
6.107695
7.315485
7.923322
13.783948
20.059999
-0.004774
0.000005
-0.000002
-17.723473
-12.881311
-18.773857
-16.847223
-16.879305
-14.433157
-11.324018
10.097811
8.548492
6.412498
-2.756785
-0.869376
1.061237
7.157105
8.719640
9.327047
14.327041
20.059998
20.059057
9.617865
0.646686
-20.060003
-19.702810
-17.080469
-15.820427
-17.480148
-13.966891
-9.490890
-11.008862
10.380671
-3.428052
1.355326
3.027578
5.229504
8.036980
9.845005
11.995651
16.488609
20.059237
19.824070
18.164165
-20.035324
-18.993538
-17.255085
-15.960363
-16.885071
-12.472868
-8.607427
-10.929543
2.394189
3.728899
-2.864279
2.432839
6.732917
8.249815
10.526452
12.965201
16.079641
17.751593
20.057531
20.057280
-7.806208
-12.465783
-11.669520
-20.056664
-4.921880
-18.935680
-16.525455
-14.039334
-1.734032
-4.091820
12.522902
10.727182
-0.480551
2.800744
4.062608
9.027666
12.487079
14.940225
16.855371
20.091124
-0.001288
-0.502417
-0.000000
-15.422582
-9.709636
-5.481709
-18.677677
-14.730150
-15.734799
-10.257973
-8.233582
-2.851163
-6.794496
15.609495
18.032322
-0.061070
3.195368
3.942991
4.921787
9.256970
11.799525
14.252746
20.057951
0.000001
-0.000001
-0.000002
-14.211978
-11.360563
-8.069770
-19.413389
-18.836830
-15.717601
-8.818356
-7.234041
19.104851
16.415323
15.599096
13.513969
10.412015
1.884274
4.763158
5.779531
9.717879
15.905716
-0.000001
-0.000001
-0.000016
-20.059986
-18.997131
-16.070902
-16.750605
-17.252417
-13.984970
-11.333773
10.031910
9.935508
-4.061016
-0.358872
2.736496
5.687936
6.485605
8.387135
12.634309
16.922186
20.058790
18.019823
-6.745838
-20.059998
-19.056087
-17.165960
-16.343954
-16.520432
-10.412273
-7.822380
9.209342
9.101656
0.091444
-0.243805
1.766270
3.740031
8.369735
14.035275
15.446719
18.065937
20.059988
20.059990
0.000000
-18.896257
-20.059984
-19.017710
-3.448402
-17.629778
-16.845324
-12.727660
-10.269661
9.989282
6.591157
6.438890
-1.720634
0.630942
2.679245
6.708152
9.428882
12.812428
14.349587
18.228292
20.058765
20.056391
2.425359
-19.713236
-19.622900
-16.860554
-16.134720
-16.436405
-11.755348
-10.870619
7.059775
6.962130
9.700291
-1.079625
0.241681
5.711560
8.655806
10.726139
12.756710
20.059996
20.052246
20.059341
-20.059404
-20.053898
-20.059982
-3.623908
-3.696324
-18.372059
-17.686041
-14.315074
-12.485010
11.356101
9.115421
8.113678
-0.661329
1.724985
6.215467
9.361948
11.464301
14.147719
18.670433
20.059988
-0.004259
-0.061581
-0.000003
-15.854337
-13.191804
-9.247322
-19.476570
-18.082012
-13.989247
-9.222571
12.141289
17.705231
14.339284
15.395103
2.052365
5.716734
9.223713
10.872461
14.238672
-0.000001
-0.000001
0.000003
-0.000002
-0.000000
-11.465389
-19.686199
-18.474573
-17.816257
-15.310397
-10.415307
-11.436850
13.238482
11.949049
12.210524
-3.235971
-1.299670
3.550079
7.157386
8.821895
10.325418
14.140150
18.712744
-0.000001
6.414221
-15.818350
-20.059992
-17.324825
-16.408943
-17.322126
-15.268942
-9.240533
-10.915663
12.435753
12.223898
0.295992
4.315394
7.991428
9.086067
10.561852
13.548245
18.100313
20.059582
20.059027
-0.000002
-20.059990
-13.466514
-20.059999
-16.877995
-16.633862
-13.933023
-9.644185
-11.296924
11.067642
15.270572
-1.902648
2.567689
4.216030
9.005472
11.194716
13.315001
15.492705
20.059992
20.058973
0.000053
-0.146478
-20.057629
-10.841559
-19.436808
-17.303093
-17.111465
-14.835670
-10.939921
-12.286906
15.433955
18.722008
-2.044698
0.174872
5.466941
7.591159
9.387810
2.560409
14.914027
17.355610
20.059984
-0.006533
0.000000
-0.152941
-0.688914
-20.058805
-20.056055
-20.059992
-0.968903
-0.833564
-20.058115
-18.398735
-9.964548
-9.802714
-12.160744
16.265732
16.450893
-1.483440
3.742389
7.170756
10.850047
14.461137
20.070175
20.059992
-0.000003
0.000000
-15.031751
-13.206760
-10.248259
-19.334690
-17.336111
-15.633357
-10.627836
-10.019855
14.068997
15.390603
16.842367
-0.186749
1.174707
4.636467
6.878833
8.996257
11.624969
16.595512
14.807488
-0.000000
-0.000001
-0.000000
-20.059994
-18.153889
-17.663465
-17.570030
-15.829091
-11.516243
-13.793672
16.679527
12.596170
12.771727
0.210193
1.928016
7.070719
10.170545
12.590004
19.211309
20.059994
-0.000003
0.000000
-14.604388
-12.220716
-8.981323
-5.296543
-2.405849
-18.748070
-16.790197
-13.129534
13.218950
11.724736
13.410948
-2.728954
2.862211
6.912404
11.353964
12.937977
18.651060
-0.000000
0.000001
0.000000
-12.187584
-14.395858
-17.664976
-16.918650
-17.261360
-14.922168
-12.148287
-6.477933
-7.352834
-11.175157
13.046019
18.195618
-2.553941
2.366780
6.975084
7.718003
10.756194
12.595772
15.649295
18.819199
-10.787873
-11.869904
-10.734514
-19.502996
-17.538782
-15.459077
-9.327148
-7.523926
8.499020
14.313541
-4.603674
-0.247016
2.202769
7.719895
9.164248
12.993774
14.494675
16.068224
20.059994
20.059996
-0.000000
-0.000000
-0.000001
-15.858585
-11.985762
-20.059994
-18.109861
-17.369505
-11.647983
-9.594590
15.344864
18.353071
18.846739
16.326349
3.260328
7.512822
13.329598
13.270890
0.000001
0.000025
-0.000001
-0.000000
-20.059916
-12.365853
-18.733141
-16.451149
-16.850060
-13.723341
-11.520342
-9.970695
-8.395744
-4.423879
0.000000
-5.332376
-1.640611
2.764210
3.203327
4.182594
4.775932
5.530457
6.372565
6.978097
7.678049
8.489611
9.405985
10.725591
12.652634
15.999773
-0.000791
0.000000
-0.000000
0.000000
0.000000
-0.000000
-0.000000
0.000006
0.000006
-0.000000
0.000000
0.000010
-0.000022
0.000010
0.000000
-20.030907
-19.513758
-19.159861
-15.455526
-11.468122
-9.281772
-7.776488
-6.021234
-4.394747
-3.824850
-3.727696
-3.098757
-2.563020
-2.053617
-1.783041
-2.100031
-2.552577
-2.911884
-3.231532
-1.896063
-0.623648
-7.785847
-6.326621
0.000000
-4.426702
-0.631755
5.090051
4.419801
4.874688
5.209706
5.992974
6.858425
7.685760
8.533339
9.385623
10.418278
11.696997
13.263890
-1.165426
0.001446
0.000492
0.008923
0.002356
0.002001
0.001601
0.000812
0.000000
-0.000000
0.000000
-0.063190
-0.000000
0.000000
-0.000000
0.000022
-19.920483
-19.921518
-19.071102
-18.493200
-18.665377
-15.815308
-12.863826
-10.441988
-8.558932
-7.148035
-6.243980
-5.814314
-4.924567
-3.793568
-3.017891
-2.801337
0.000000
-9.792874
-5.652945
0.128504
-1.257351
0.582973
2.320269
3.847297
5.276448
6.692281
7.186946
7.617076
8.047651
8.732756
9.827125
11.533916
13.719445
17.128483
-0.008340
-0.000000
0.000000
0.000000
0.000001
0.000007
-0.000212
0.000011
0.000013
0.001632
0.000014
0.000002
0.001519
-19.996180
-19.975643
-19.341997
-18.272770
-18.428120
-17.605436
-16.956635
-14.506011
-11.785213
-9.507379
-7.765233
-4.534729
-3.806515
-3.429005
-2.771461
-0.000004
0.000000
-7.518684
-3.662539
2.015578
0.779459
1.684357
2.554425
3.541931
4.556650
5.878050
7.161774
8.553546
9.900652
11.264482
12.713007
14.552974
17.645315
-0.000648
-0.000000
-0.000000
-0.000000
0.000000
-0.000000
0.000000
-0.000000
-0.014537
-0.001718
-0.043108
0.003467
0.010986
0.000000
-20.016714
-19.187878
-19.883501
-17.524731
-17.408772
-14.818600
0.000000
-4.416012
-0.707417
2.939405
4.494601
5.782714
7.180307
8.564950
-15.761491
-18.008249
-17.000990
13.123499
13.681946
-14.293807
-5.989935
-0.554038
2.126665
6.201416
0.238974
20.059984
19.298130
19.964804
20.034756
15.748342
0.000000
-0.000001
-0.000002
-6.976894
-6.931462
-0.467908
8.754087
-0.000005
-0.000001
0.000001
0.000000
-20.059959
-18.713411
-18.323669
-12.683760
-8.152644
-4.990361
-4.254097
-1.493477
-0.617941
-0.446428
-1.242332
-2.023211
-2.816970
-3.322618
-3.958185
-4.541641
-1.994055
-0.047523
-9.938122
-8.216443
-6.160246
-2.166251
-1.865867
-0.485507
1.726032
3.388793
4.451770
0.000000
-6.264823
-2.404068
3.406726
2.403753
3.263499
4.032401
5.040789
5.874624
6.754359
7.475995
8.287754
9.246445
10.424848
11.961450
14.240400
18.292425
0.000000
-0.000000
0.000000
-0.003576
-0.000000
0.000008
0.000010
0.000010
0.000010
0.000010
-2.520196
1.376922
-0.000000
-0.000000
-19.956844
-19.923138
-18.186277
-17.727985
-18.339670
-16.882786
-13.338773
-11.131446
-9.198103
17.463234
14.708544
10.057157
6.270882
3.601792
1.264842
-0.531160
-3.497970
-19.392389
0.000000
-7.497127
-3.553022
0.892601
1.766881
3.328775
4.473378
4.590366
1.845664
-15.694715
-13.606247
-10.889781
-8.523301
-6.380654
-6.839539
-6.221715
-3.914251
2.757760
4.092413
3.136564
1.630130
0.541729
-0.067090
0.767420
0.422417
-2.777306
-0.983494
-0.841632
-0.991139
-1.190612
-2.695052
-3.127686
-3.472585
-4.057647
-4.193676
-2.554336
-9.484867
0.000000
-5.763239
-1.908348
4.788560
3.711688
4.615453
-4.665448
-14.799785
5.197937
6.388689
5.512805
-17.964088
-10.098337
-4.277485
-2.219092
2.729493
3.827710
19.127289
14.108875
9.782772
6.346734
16.849722
20.060003
20.059986
0.000003
-0.000001
0.000001
0.000000
0.000000
0.000000
-0.000432
-1.799764
-5.251838
-5.226390
-4.456607
-1.495619
-1.398380
-1.020680
-0.785281
-0.621504
-0.998765
-1.212147
-2.092462
-2.276584
-2.755560
-2.284349
-7.472691
-7.992197
-0.681977
-4.190938
-2.848871
-6.087254
-8.869066
-10.379424
-11.707066
-10.628265
-7.546391
-4.984047
-3.452528
-2.548290
-2.000176
-1.680279
-1.979858
0.000000
-6.356399
-2.482620
3.827218
2.784080
3.353323
4.544669
6.023309
7.679078
9.544328
10.468898
11.604733
13.007193
14.832778
17.370396
0.000357
-0.001593
0.000004
0.000001
0.000000
0.000003
0.000004
-7.671011
-6.777695
-5.132582
-3.736294
-2.583113
-1.764190
-1.596477
-1.513376
-1.503912
-1.642413
-19.979357
-19.975222
-18.940990
-15.216727
-13.020378
-10.764406
-8.771670
-6.523753
-5.975608
8.752328
10.510622
8.099663
5.327571
-5.545640
-8.145192
-10.160364
-9.285060
-7.386874
-6.046759
-4.732518
-4.599588
-2.696499
-0.606539
0.105189
10.619515
-1.046907
4.720708
7.546428
0.000000
-5.543283
-1.728036
4.121373
3.351977
4.428313
5.608763
7.182152
-14.976128
-17.794064
-16.160976
4.253490
15.828408
-11.066636
-3.895910
0.970689
3.044828
4.551437
2.572883
0.400831
1.774492
5.543089
8.303708
9.128716
20.051186
