-6.587845
-0.836958
1.426751
2.058652
3.399807
3.708663
4.941037
5.250375
6.643796
7.274428
8.790126
9.816539
11.534670
13.166402
15.286731
18.534433
0.000064
0.000331
0.000061
0.003603
0.000038
0.000031
0.003423
0.000020
0.000248
0.000020
0.000361
0.000032
0.000049
0.000072
0.000464
0.000182
0.000120
-0.001855
-0.000491
-0.000021
-0.000177
-0.000125
-0.000180
0.002365
0.002279
0.000734
-17.634686
-14.459437
-11.645893
-8.607321
-6.090775
-3.560523
-1.638389
-0.516132
1.828316
2.885514
6.556297
0.000000
-3.438330
-0.676532
4.073956
3.955512
4.208918
4.927032
4.488634
5.227233
5.136191
4.972886
6.055870
7.099642
7.740243
9.705921
11.317579
13.561613
0.000096
0.001361
0.000082
0.002045
0.000057
0.000039
0.000031
0.003054
0.003086
0.000007
0.001168
0.000008
0.000008
0.000010
0.000014
0.000030
-8.298235
-4.031693
9.596972
0.000848
0.001579
0.000951
-16.886366
-14.351848
-13.369129
-13.319176
-13.639658
-14.110631
-14.855032
-15.591921
-16.332582
-18.133066
-19.406675
-19.527559
0.002739
1.340319
0.000000
-5.807487
-0.837444
2.139780
2.960649
3.252183
4.782856
6.011207
5.886098
6.206021
6.674647
7.002741
7.760797
8.733846
11.179846
13.736066
-20.047253
-19.232073
2.101290
3.027331
1.186116
3.833581
2.956704
-18.506540
-14.214813
-10.314365
-6.629940
5.277972
6.704708
7.120408
5.595802
4.487043
7.011142
12.736652
18.593542
-5.107381
-1.577348
-20.007006
-18.882788
-12.587846
-1.601289
9.597350
11.881586
-17.715990
-15.679024
-11.834267
-17.606306
13.357737
12.175150
11.235909
9.483685
8.298154
16.566618
-2.249094
-1.736554
-1.253492
0.865429
-14.525509
-20.059999
6.167261
-20.059994
13.399562
10.422852
-14.241990
-12.581021
-9.229496
13.592149
11.855428
8.424904
6.716087
3.904004
-4.976691
-4.048762
-2.336764
-0.777308
-0.741900
2.013591
3.389217
-20.024145
-14.541528
-9.471573
16.268286
12.886413
13.359370
-13.762436
-11.782739
12.501098
11.295849
9.310504
7.710278
5.145900
3.665270
-2.981085
-1.343527
-1.646086
-0.852868
2.113429
3.551282
-19.928871
-18.897139
-13.210613
16.702450
12.692737
-12.365811
-11.650661
-9.548698
-7.122032
15.738805
13.251942
10.748295
8.258272
6.412053
-3.810524
-1.088519
-1.398223
-1.968137
-0.833822
-15.490214
-16.950314
-16.418190
-14.069419
17.575632
17.225252
-12.656944
-11.476679
-8.801918
-5.557895
14.582254
11.933564
9.113071
5.540939
-7.649427
-6.074008
-5.105028
-3.952599
-2.840379
-0.183583
2.308477
-16.789139
-8.995989
-5.732041
-4.161603
14.534276
15.129278
-6.196816
-7.080411
-8.630646
14.179017
12.431860
8.428702
5.721811
4.299635
1.387490
-0.694689
1.007140
1.231580
4.025280
2.979400
-20.057188
-14.214986
11.941036
9.635860
11.473180
-15.430944
-13.452991
-10.342423
-6.898704
-11.813222
19.275719
17.011482
12.246003
9.686674
18.010403
-0.630106
-0.833135
-1.144047
-1.316809
-15.322405
-17.034002
-18.229164
11.202311
11.820069
-10.723588
-11.222930
-9.137782
-6.939785
17.557917
13.684851
10.282468
7.206692
4.006702
-3.625275
-2.674829
-0.783074
-0.027362
1.229264
3.608222
2.691674
-20.059990
7.818419
-17.852873
13.175406
11.226254
-12.551482
-11.467209
-8.732753
-5.901674
16.141445
13.748616
11.402820
8.428058
6.830363
-2.188375
-2.729777
-3.035055
-1.759537
1.292585
-20.000666
-13.888058
-19.315933
-12.811161
16.910700
12.697245
-11.057820
-10.686646
-8.798309
-6.194614
14.453979
12.753627
10.344633
6.545663
4.258739
-4.620696
-2.738894
-1.516400
-0.129535
2.537271
-10.524604
-14.844906
-18.034431
10.403072
11.598871
-12.092374
17.710314
-8.966267
-8.991873
-6.567629
14.583476
13.352710
10.678258
7.086522
5.149492
-3.258840
-2.111238
-2.508746
-2.515122
0.672355
2.993858
-19.541107
-12.704612
-8.626873
14.671802
11.561159
12.054448
-13.602970
-12.334903
-9.303288
12.285911
11.284350
9.375597
6.199635
4.429342
-4.088475
-2.375883
-0.926545
1.820621
3.923015
-13.601634
-16.827200
-19.340462
11.176700
11.416314
-15.082615
-5.434895
-5.865412
-5.033760
-3.460099
3.972050
17.952585
14.892671
10.467268
7.978096
0.041481
-1.113473
-0.987686
-1.390729
1.909786
-15.364232
-17.247578
-19.640079
-12.497896
18.415289
15.053999
-9.429385
-9.628963
-7.177020
-4.795402
15.501058
13.453447
9.701649
6.190092
4.270770
-4.633277
-3.475693
-1.887245
0.510994
2.373919
2.885640
-20.026300
-11.444052
-8.128597
14.837589
11.640520
12.392507
-12.592772
-11.481357
10.682082
9.947115
8.266464
6.749949
4.425144
2.978899
-3.216692
-0.729550
-0.579110
0.097546
2.937122
-15.052067
-19.879938
-12.004393
11.997003
9.529934
-11.596584
-12.124753
-9.941168
-6.909489
-4.469591
18.298159
15.768020
12.106206
7.671527
5.645484
-3.505133
-1.416364
-1.689687
-0.247665
2.640473
-15.423601
-17.554678
-8.527228
-14.323821
16.462101
13.922826
-10.135994
-10.098008
-7.786477
14.597171
12.264573
9.521661
6.191227
3.268312
-4.918055
-3.668435
-2.476077
-1.564994
1.157667
3.179327
2.550535
-19.263594
-10.279728
-8.676935
14.504971
11.421731
12.542562
-13.375041
-11.341446
-11.386989
15.957882
14.368293
11.857078
8.676673
6.770355
16.367331
-1.108021
-1.106343
-0.451071
2.961712
-15.863707
-17.195910
-20.057526
-13.998456
16.542725
17.083113
-13.801551
-11.918830
-8.279123
-5.835920
15.621486
13.307806
10.822085
8.297592
6.927471
-3.959332
-2.024750
-1.732531
-2.055574
1.175980
-15.533930
-17.415043
-0.673141
-18.277214
14.434087
11.765972
11.626847
-15.627163
-12.855028
-9.607089
11.325666
10.313089
7.530789
4.445916
2.783604
-5.186251
-3.796226
-1.306777
0.631375
2.203617
3.427390
-19.730618
7.638127
-13.641824
11.523460
9.403316
11.083821
-14.381519
-12.533600
11.708115
11.203096
9.463713
7.629774
5.397633
4.010647
-2.966958
-0.788869
-0.933073
-0.182623
3.097788
-15.862376
-17.246054
-19.902466
11.601171
9.720841
-13.068865
-12.720019
-10.160672
-6.282094
-4.188689
17.319088
14.877828
11.373065
7.352081
5.202208
-4.620003
-2.470784
-1.303495
0.288316
2.354485
-15.149279
-17.547680
-3.277984
-16.278913
15.276153
12.752690
-10.746962
-10.407001
-7.683403
13.969973
12.033270
9.521681
6.555766
3.695091
-4.862476
-3.668973
-2.437478
-0.820789
1.275840
4.136424
1.051141
-20.033075
-12.931706
-2.412326
13.228116
10.223695
11.150712
-14.417566
-12.305231
-8.632718
11.924127
11.188782
10.421341
7.606932
5.414826
-6.935432
-2.982965
-2.562649
-1.745197
0.162593
-15.466550
-17.716265
7.706473
5.869719
4.372902
-13.255089
-13.629973
-11.389289
-8.138911
-5.129285
13.332517
11.526090
8.660275
4.674762
-6.026237
-5.632556
-4.295954
-2.812370
-1.910629
0.785799
2.841557
-12.838403
-7.529621
-5.474368
-3.640696
12.912966
13.906433
-5.460467
-6.338447
-5.486457
10.696973
9.708490
7.419306
5.403754
3.998795
-3.634502
-1.662030
0.196089
2.256425
4.791207
-10.929373
-17.067734
7.702088
-12.307748
11.681177
-8.282795
-8.644018
-7.193701
-3.706731
-1.574536
0.944376
17.752617
16.291477
12.692801
10.356483
16.985811
-3.189359
-2.959266
-2.140276
-2.094301
-19.392469
-16.873587
10.098609
6.509045
-17.306261
8.875473
10.271126
-12.978776
-11.792256
-8.536436
8.549983
7.766389
5.394680
2.875318
-6.343402
-5.569339
-4.323214
-3.321423
-1.472982
0.939340
3.188594
-14.330761
-4.185271
-8.763749
-4.143907
-2.017758
2.994765
1.674646
1.599955
16.233858
14.456888
11.581547
8.403059
5.112494
3.845729
-1.511900
1.585967
2.996964
4.414480
6.378072
-16.057356
-17.985401
-16.856127
12.803955
11.191298
-11.935579
-11.206766
-8.727573
-4.363603
-2.038927
0.275804
16.714926
15.463759
12.489573
10.778489
16.480732
-5.430553
-5.381322
-2.450820
-1.756694
-19.485502
-17.080475
8.507166
6.373415
3.155316
-15.596742
-14.206993
-11.020818
-7.627444
-4.119339
14.871229
12.497029
9.802733
6.608131
4.957987
-6.004409
-4.338449
-2.664967
-2.953141
0.384381
3.152294
-19.480110
-11.459836
-6.948063
4.456426
15.240308
16.144051
-10.636876
-10.284764
-7.786180
15.603231
13.809720
10.632756
7.873148
6.207461
4.539049
-0.836580
-0.916462
-0.092529
2.697662
-15.676252
-19.890396
9.485529
-17.415365
12.024707
12.631847
-15.124928
-13.503559
-10.479640
-7.397725
14.248611
12.454455
9.737820
6.303776
4.381864
-4.574225
-2.333755
-1.002600
0.740686
2.999339
-13.515010
-17.125828
0.427733
-14.416723
14.108756
12.424788
-10.157763
-10.034579
-7.213642
18.873665
11.103415
9.257353
7.186285
4.532857
2.986390
-3.920325
-2.274810
-0.623847
0.170636
2.926207
3.243526
-20.059999
7.267621
-16.143753
10.694106
8.373596
9.687664
-15.613457
-13.133862
-9.319560
11.835332
11.492822
9.924390
6.857304
4.971428
-5.898592
-2.545723
-2.525944
-1.665748
1.512750
-18.103672
-12.426450
-17.512981
-6.992585
12.844443
10.578401
-10.355309
-10.544915
-8.414743
-5.987314
13.995613
12.434602
9.686972
6.010804
4.043288
-4.736229
-2.530403
-1.104401
1.580126
3.727957
3.981431
-16.272209
6.132197
-8.720310
8.817414
-10.073960
-9.622862
-8.282024
-5.506444
-2.982486
16.947716
14.566078
10.947448
7.241212
5.571169
-3.664404
-1.077184
-1.081757
1.954591
3.953600
-15.727061
-15.356177
6.084472
-15.792961
11.046174
-15.288525
14.752956
-9.029720
-8.914804
-6.713734
12.209291
11.001592
8.287524
5.226723
3.571055
-4.925412
-2.972277
-1.404701
1.668700
3.682313
4.203462
-16.838957
3.916429
-11.949688
9.859543
8.808337
-10.782376
-10.033361
-7.836286
-5.336988
14.152623
13.194500
11.377842
7.971658
5.862009
-5.504818
-0.941832
-0.848047
0.137624
2.353343
-16.385971
-14.697120
8.540399
5.635638
7.300637
-15.372576
-14.378039
-11.551756
-7.127788
-4.292281
14.967108
13.321889
9.837757
6.072263
4.287745
-4.561999
-2.864762
-2.660672
0.198781
2.338475
3.789542
-17.524420
6.937637
-12.947088
10.063993
8.374729
-10.748277
-10.506030
-8.794608
-6.380075
14.603258
13.209729
10.919271
7.222682
5.183585
-4.336517
-1.014515
-0.598770
0.377228
2.732521
-15.289805
-14.698902
4.467461
5.436284
4.683341
-13.086686
-13.144450
-10.865178
-6.861390
-4.366520
14.358907
12.456510
9.091393
5.355420
-6.534907
-4.509037
-2.471897
-1.014978
1.912717
4.067807
2.783497
-13.268325
5.766744
4.400570
3.403547
-10.911200
-10.794913
-9.395118
-6.210897
-3.802366
12.365176
11.796407
10.172887
6.941594
4.920571
-6.166287
-4.031440
-2.136708
1.082599
2.911432
-10.829074
-7.410649
-13.543229
7.528061
8.217269
-12.554091
-7.719937
-6.659356
-3.218263
-1.273497
15.822750
14.057095
11.069201
7.406631
5.624440
-3.414085
-1.760836
-1.331545
1.750837
2.761099
-6.909202
-13.253920
6.793104
4.546266
2.776854
-13.813926
-12.818317
-10.760781
-7.014415
-4.370569
13.138227
12.006351
9.729693
6.679909
3.917252
-5.877327
-2.752997
-1.122883
2.004850
3.788042
-3.991220
-17.147112
6.703850
6.429999
5.451588
-11.579871
-11.618974
-9.459679
-5.764008
-3.048009
16.041868
14.611415
11.380486
7.878861
4.970924
-5.338451
-2.868408
-2.654528
0.998117
3.487197
-7.308806
-13.090116
-15.480163
8.683674
7.577914
-13.395292
13.008697
-9.675636
-8.674221
-6.408670
11.401806
11.296254
9.751575
6.950556
4.326530
-5.819285
-3.031871
-2.795222
-1.447865
1.379055
-5.385652
-11.587759
-9.107958
-8.489100
7.948996
6.431906
-8.771968
-8.322691
-7.613650
-5.775525
-3.639295
9.576374
10.426001
8.023155
5.059724
-8.452415
-4.438623
-2.884270
-0.036813
1.916390
-1.381040
-8.773765
-3.929368
4.766608
4.672403
-6.562718
-7.023130
-6.571589
-4.208945
-2.142278
-1.512755
11.270860
10.287456
7.523579
5.232785
-5.326961
-2.595434
-1.030619
1.562314
2.535907
2.408056
-10.597712
4.792810
4.300438
3.887138
-8.864672
-9.046951
-8.203078
-5.307060
-2.995607
13.612397
12.808842
11.028030
8.096953
5.282467
-6.366902
-1.926702
-1.447151
0.060207
1.787305
-6.487464
-11.628190
-14.731579
7.452507
7.285958
-9.496414
-10.418310
-9.246463
-6.670969
-3.919900
14.014133
12.689104
9.100033
5.757742
-4.891134
-4.373405
-2.103727
-0.882669
2.351973
4.444531
1.250728
-11.615693
-11.435963
6.471828
6.029874
-7.645851
-8.021685
-7.539668
-4.941702
-2.798318
-1.038902
12.052587
11.147506
8.303384
5.714829
-8.067739
-4.147707
-2.235918
1.073171
2.894703
-3.181787
-10.123401
4.718560
4.220149
3.714189
-8.519509
-8.864091
-8.294910
-5.629369
-3.308018
12.831021
12.032880
9.930795
6.783610
4.256573
-4.249722
-2.082394
-1.840042
-0.404595
2.623529
2.162334
-13.307502
4.815371
4.575391
3.476319
-11.268588
-11.097202
-9.950177
-6.414194
-3.518180
17.923277
10.489191
8.565932
5.944304
3.702533
-5.353475
-3.005291
-1.701810
2.140145
3.700274
-3.080920
-10.966404
5.253995
4.048142
2.948096
-11.421362
-10.893413
-9.809883
-6.653970
-3.641392
13.452181
12.509764
9.987080
7.006943
4.304929
-5.602113
-3.165822
-2.818594
0.989685
3.211601
-5.104589
-11.593513
5.767440
-2.858992
4.923271
-9.926697
-9.750211
-9.023115
-6.642944
-3.968575
18.442842
10.447874
9.088371
6.949442
4.467200
-5.736372
-2.946867
-2.417999
0.918799
3.101236
-5.238991
-12.288680
5.692243
4.453512
3.298621
-11.996889
-11.668906
-10.210289
-6.932338
-4.046075
19.073425
10.751050
9.008482
6.396983
4.106236
-5.692987
-3.663150
-3.156566
0.721672
3.380025
2.199005
-14.772045
6.029735
5.024414
4.130774
-11.568003
-11.771323
-9.941017
-6.261952
-3.328734
14.829176
13.407948
10.783584
7.456379
4.746949
-5.563992
-0.898491
-0.360027
0.851616
3.865568
-8.323277
-14.385676
7.763971
4.955516
6.271247
-15.527889
-14.164424
-11.455510
-7.574227
-4.403117
15.903162
14.036701
10.559336
6.849422
4.324148
-3.691175
-1.346455
-1.074391
0.363511
3.267387
4.145341
-17.235765
7.303420
5.106264
3.180950
-14.254946
-13.384382
-11.108837
-7.562215
-4.255560
14.691797
12.592374
10.126018
7.062350
4.434794
-7.594652
-2.358299
1.088983
3.793701
5.706633
-7.112580
-13.855879
7.178409
4.450800
2.533043
-15.466126
-13.345468
-11.226934
-7.467095
-4.187761
-2.024125
16.527382
14.500834
10.636108
7.550774
16.106600
-3.853184
-3.231228
-2.120917
1.509912
2.564833
-18.766598
6.924246
5.516789
7.500862
-15.260946
-13.980193
-11.237395
-6.689384
-3.557604
-1.385286
14.436886
13.270922
9.752460
6.778696
-5.453173
-4.476979
-3.887294
-2.498326
0.561655
1.872858
-15.086568
6.036557
4.978803
3.852740
-9.866054
-10.033518
-9.458164
-6.606448
-3.570776
18.273741
10.032719
8.622064
5.954082
3.414172
-6.490698
-4.142664
-3.033789
0.797332
2.737974
0.220174
-10.974603
5.026149
3.573202
2.754620
-9.623303
-9.802820
-8.947103
-6.084415
-3.566131
16.720461
8.579367
7.640670
6.106532
4.069553
-5.804123
-2.824817
-2.306591
-0.751622
1.937351
-2.683888
-10.257359
4.203911
3.565689
2.447417
-9.828912
-9.252542
-8.989853
-7.064598
-4.245795
-2.622928
12.698651
11.374420
7.844286
5.328229
-5.401765
-3.231218
-0.409614
2.814453
5.177152
4.425682
-11.199092
5.392979
3.909279
2.901463
-9.971199
-9.082273
-8.997507
-6.738106
-3.882354
-1.335748
13.854326
13.401011
10.178302
7.129595
15.615245
-5.111834
-4.412203
-0.246078
3.193970
-3.141998
-10.863527
4.402169
3.564877
2.453734
-11.070842
-10.554133
-9.411690
-5.967306
-3.117108
-1.144407
11.705444
10.851844
8.286356
5.626165
-7.868136
-4.549570
-2.237341
1.446573
3.857677
3.334294
-12.790836
5.630551
4.415429
3.654347
-13.557828
-6.747816
-6.243731
-5.926869
-4.636485
-2.842436
14.146997
12.885177
9.825021
6.430162
7.184310
-2.989014
-2.145439
-1.065509
2.123321
7.773406
-12.615386
5.860008
3.521862
5.063353
-14.700052
-13.585686
-11.368201
-7.568460
-4.417630
17.790129
9.463666
7.915510
5.377466
2.539657
-7.009699
-4.078000
-2.042307
1.247944
3.264127
4.072847
-12.080349
5.888613
4.415983
3.554433
-13.771742
-6.938321
-6.141387
-6.129280
-4.638153
17.990326
10.949636
8.990001
7.045835
4.275947
4.807909
-2.179780
-0.495198
0.580390
3.608675
7.726882
-13.889909
6.351730
3.395317
4.110804
-16.157549
-14.812123
-12.332284
-8.393026
-4.829478
-3.132255
15.463888
13.451829
9.576935
5.593129
-5.772749
-3.574534
-2.725754
0.750891
2.891735
7.864849
-11.917075
5.752654
3.375129
1.942776
-12.403549
-11.258022
-10.109467
-8.344135
-5.012608
12.045285
10.947355
7.333302
4.094641
-7.524621
-6.387368
-2.991535
-0.607467
3.164974
5.549386
8.526994
-9.674815
5.532796
3.719283
2.267386
-10.973396
-9.153787
-9.080370
-6.475964
-3.531541
-0.210141
14.494590
14.585082
12.058897
7.610765
8.511806
-5.338020
-3.483726
-2.071276
1.532726
7.205313
-13.129067
3.903063
2.212119
-13.283781
-11.672810
-10.125926
-9.077500
-4.721304
-1.905856
-0.630161
14.856575
13.502593
9.952031
5.905510
7.083485
-3.574952
-2.668728
0.711754
3.484750
9.677349
-10.529601
4.276290
2.886728
1.782694
-11.390327
-10.675212
-9.644689
-7.826321
-4.767010
16.703857
8.871512
7.006347
4.603349
1.669964
-6.929930
-4.712051
-1.787731
1.748535
2.422850
5.985532
-9.976260
5.718935
3.886414
-2.750686
-11.501698
-5.341442
-4.612026
-3.432664
-2.394768
17.135820
9.467786
8.540793
6.409265
3.610003
-6.108378
-3.473559
-1.824702
2.310325
3.074825
10.630652
-10.881091
4.595784
2.524529
1.523466
-14.522416
-12.092073
-10.686112
-6.936032
-2.564551
-2.001957
15.784713
14.685797
11.154847
7.194036
8.418369
-2.424384
-1.647321
0.171840
2.994979
6.028303
-15.530584
7.245288
3.887647
2.245613
-15.831126
-13.853485
-11.708669
-9.042274
-5.697556
17.529142
11.536188
8.594294
5.481243
2.454859
-8.247922
-4.352874
-1.061328
2.063132
3.089232
5.784427
-13.949054
6.713590
4.488976
3.032542
-16.773426
-8.450115
-7.558621
-6.619530
-4.499444
19.370100
11.812039
10.626947
8.151215
4.700269
5.324969
-3.514290
-1.466209
-0.526058
3.053195
7.303458
-14.355278
5.754861
2.623165
3.497877
-16.150454
-15.525717
-12.810102
-8.930009
-5.227387
17.853815
9.943459
8.277737
5.592647
2.578097
-8.957336
-4.037485
-2.432772
1.022769
2.815187
6.127831
2.008604
1.537318
1.100520
-15.713187
-11.334656
-5.646139
-5.109306
-4.803867
-4.258708
16.008036
10.255979
7.749382
5.188108
2.741295
-6.159260
-1.591117
1.231420
3.444562
7.972717
12.484086
-16.858910
5.361545
3.431184
3.527773
-16.253874
-12.686150
-10.712912
-6.680312
-2.244615
-1.725194
17.723440
16.216051
12.394624
8.213770
9.521554
-2.589794
-1.495334
0.131836
3.832071
3.009274
-15.334601
4.486429
3.792938
-16.978643
-13.876095
-11.479806
-8.843618
-5.345277
-2.967740
19.590824
12.889866
10.192614
6.916731
3.665509
-7.519355
-4.169071
-2.224653
1.629511
3.927174
6.751901
1.776756
1.557902
1.062675
-19.541788
10.832370
-13.365860
-12.581956
-10.586436
-7.116807
13.973392
12.457043
9.737229
6.454754
3.455100
-4.249752
-0.605284
1.356842
3.769032
5.472660
6.088737
-14.867288
7.901523
4.126401
3.422231
-16.343107
-15.859754
-13.030347
-9.924607
-6.145226
19.183512
12.440228
9.314177
5.975834
2.877363
-6.240089
-1.935535
1.119993
3.885663
6.537240
9.062158
-17.168499
7.297546
4.562189
2.916441
-15.747023
-13.797052
-11.331598
-8.536699
-5.130498
19.447557
13.075131
10.958286
8.244202
4.832611
-7.271235
-1.866098
0.160867
3.322005
4.754226
3.961882
-16.393549
8.171747
4.485058
4.185935
-16.500853
-15.370310
-12.935670
-9.424775
-5.449987
19.350288
13.800382
11.377481
7.878490
4.398360
-6.656428
-2.834761
-1.256881
2.833259
4.218366
9.677184
-20.055439
7.828352
4.837150
3.310629
-16.011906
-15.044590
-12.245026
-8.989453
-5.480052
17.579315
15.507519
11.419327
7.585311
4.631902
-5.653519
-0.925551
2.300668
5.299221
7.409667
-12.044502
-15.379138
5.369190
4.042614
2.981811
-16.234047
-15.243475
-12.225873
-8.838179
19.145609
11.616371
9.561417
7.615172
4.787273
2.577725
0.211710
-0.262121
1.441370
4.630935
8.104645
-11.909710
-5.052139
3.778896
2.491891
3.416263
-16.990341
-16.949820
-13.564244
-9.772734
-5.953017
16.345312
14.106458
10.623614
6.792927
4.289858
-8.363175
-1.753014
0.123872
4.102550
5.414277
5.077410
-17.441967
7.244527
4.199738
2.732154
-16.076408
-14.865259
-12.543871
-9.753924
-5.934560
19.368639
13.752919
10.668359
7.125785
4.572394
-6.831652
-3.317676
-1.454017
2.624985
5.177372
-9.469649
5.061862
1.969101
0.234259
-0.603243
-15.890387
-16.336792
-13.873486
-10.994830
-6.910564
18.850035
12.358222
9.566093
6.386985
4.213371
-5.076758
-1.232840
2.003147
5.061025
8.058840
-8.909902
-6.428843
5.311261
2.498825
1.087888
-16.011349
-14.932820
-12.624394
-9.583762
-5.738116
16.201502
14.858489
11.562216
8.399411
5.916030
-5.109519
-0.248525
1.326082
4.024664
7.573626
5.476861
1.272525
0.639210
-0.143603
-16.567587
-17.495029
-14.250021
-11.437110
-7.978034
-4.380109
19.687044
14.152136
12.060094
9.637567
7.658930
-6.340350
-1.046723
0.333906
4.192757
8.388772
6.282395
-20.059984
7.555403
4.071838
4.263688
-17.068010
-18.052364
-14.802640
-11.397671
-7.436939
19.302467
9.511873
8.970487
7.751268
6.688976
-5.221085
-1.756496
-0.014196
3.009049
4.585503
4.905386
1.175056
0.989439
0.161398
-16.530430
-17.605982
-15.003228
-12.377144
-9.497439
-5.895895
17.953251
15.496835
11.974880
8.811602
6.712027
-2.328169
2.384871
5.474679
8.470158
13.217585
7.710481
1.314750
-0.553362
-2.272069
-16.572233
-17.269573
-18.255268
-15.055760
-11.828308
-7.059063
12.952512
12.040347
10.228082
7.879912
6.403797
16.972214
1.268240
5.116975
8.914176
14.290522
-17.870510
5.494669
1.457846
-2.001548
-16.746313
-17.405743
-16.109352
-12.696435
-9.403605
-5.328435
13.969227
12.443744
10.533379
8.093409
6.399581
16.750435
-2.178812
0.136912
1.142382
5.770449
4.416199
1.194623
0.377122
0.000000
-6.275036
-3.473271
1.346991
2.318226
3.844621
3.890337
3.240347
3.099004
2.994686
3.086596
3.157299
3.174969
3.869712
3.356022
0.206521
-19.088961
-19.985746
11.916702
-15.206890
16.995249
16.627981
-13.909465
-13.024273
-9.885289
16.942631
14.339021
11.737525
9.037900
6.525762
-4.102446
-2.555228
-0.938648
-0.297579
3.022953
-15.882996
-17.274164
-19.850498
-13.072449
17.364014
14.227729
12.099348
-15.488917
-13.069298
-16.371651
18.893772
18.831493
16.262705
5.556504
-1.548136
-1.271456
0.524065
2.436757
4.385849
6.279645
4.082872
0.901737
-0.212318
-1.704557
0.190599
-18.470577
-18.717205
-16.164528
13.002585
9.306990
7.406497
8.904849
-5.835070
-2.145994
0.231058
-0.336812
-1.776816
-0.120944
2.512010
3.785016
3.372778
1.883399
0.726868
1.255691
-16.809311
-17.748915
-14.561514
-12.484908
12.630984
-12.020643
10.851870
9.280666
18.891638
17.397524
-2.993835
-2.184538
1.598554
4.929707
8.202282
-10.733752
-17.703037
3.608963
5.011889
-18.213980
6.537289
-18.407774
-15.071838
-10.959247
-8.660486
-7.560186
18.918016
12.945378
13.232382
8.895798
-9.579312
-7.101709
-3.307357
0.457226
2.952695
4.929364
7.295231
3.442060
-3.915565
-2.133676
2.548319
-16.707699
-15.027681
-11.888212
-9.865432
14.264688
11.820724
8.915672
5.082715
4.263956
-2.911300
-1.206326
0.248548
1.963148
3.382957
5.629278
6.388166
4.815645
-17.510845
-17.303013
-16.216103
-12.326251
-9.616652
-8.526492
16.681570
14.072998
10.463508
9.204694
-16.017084
-10.521168
-6.414480
-5.279515
0.000000
-6.830947
-0.863002
0.962437
1.983738
2.555732
3.478571
3.745944
5.396761
6.629436
6.808661
7.466473
8.191187
8.850993
9.950407
12.443891
16.670994
0.002053
0.002196
0.000018
0.000007
-0.000000
-7.710846
-6.334925
-5.515194
-18.861862
-0.233785
-1.417216
-1.778791
-1.107949
-0.564887
18.871784
13.388274
-13.198525
-9.442742
-4.653708
-1.720318
1.101719
4.855758
7.178480
-20.017151
4.387644
0.447613
-1.313889
-18.886972
-18.577415
-15.428760
8.098291
6.565631
5.669405
5.394761
12.427760
-5.995279
-0.344107
0.401145
2.257848
4.679036
7.115035
9.165871
15.566973
3.230672
1.016110
-0.886741
-17.080067
0.513579
-17.951309
-18.387854
-16.863468
-13.631165
16.449198
11.251963
8.860659
6.530341
3.824993
-6.163956
-3.122983
1.360380
4.707471
6.086305
11.822999
-11.655739
0.610194
-1.181138
1.681943
-11.729718
-17.915613
-16.104666
-12.163156
-8.571983
-4.314525
19.385300
11.911733
10.024431
8.405320
6.470917
7.074608
-0.441929
1.945320
4.033545
10.129372
-10.123672
-16.779087
8.861048
-17.925747
6.574480
-18.369072
-13.613913
-9.850379
-7.003928
-3.933391
-2.599210
19.641857
14.406310
12.532796
9.864332
7.512149
-5.326487
0.614057
3.833054
7.179909
12.310493
18.437996
2.352725
0.182185
-1.324129
-1.310236
-17.450884
-18.423035
-18.571655
-15.046155
-9.895848
18.907192
8.498998
7.450334
6.375598
4.922761
6.245026
-0.347743
3.093135
7.144595
13.463087
-0.225911
2.501941
2.251005
0.031884
-16.835455
-17.348024
-16.248058
-12.620649
-9.515144
-5.253150
19.468767
8.607943
8.284513
7.106399
5.549328
6.861904
-0.726349
1.133898
5.359039
10.807716
-10.963612
3.177971
3.148460
1.330468
-0.883537
-17.360676
-18.654385
-15.989909
-12.496493
-8.099242
15.766720
13.948401
11.144811
7.368337
4.046913
-5.288708
0.992372
4.180227
8.241743
13.770276
-10.078228
2.276550
4.586620
1.878378
0.744769
-17.339422
-18.628347
-15.707653
-12.128315
-8.430162
19.292910
11.256132
8.548614
5.633837
2.360375
-7.782063
-0.991056
2.033039
4.919511
9.706711
-0.829017
2.765358
2.885518
0.857302
1.334031
-17.069361
-17.166758
-14.129364
-10.778487
18.004972
15.350942
7.854426
7.089027
5.506209
3.300288
-4.508454
1.879904
4.136140
7.327255
11.491979
0.392722
0.864766
1.766223
-0.843456
-17.817640
-18.151733
-16.091681
-12.329687
-8.986758
-5.711581
-3.812046
19.498892
13.528128
11.208608
9.125208
11.626055
-0.184862
3.539226
6.068014
13.411504
0.475156
7.459516
2.746672
-0.027197
-16.296638
-17.048258
-17.422497
-14.094118
-11.058894
-7.015402
19.449833
11.023151
10.042192
8.318577
6.322425
-6.227817
1.148296
4.696871
9.394636
14.511493
-0.067109
2.179633
2.229690
-2.171752
-17.342514
-18.038462
-17.109217
-13.507631
-9.809380
-5.645010
19.428364
9.216349
8.739253
7.279410
4.145696
-10.325164
-0.627981
1.806026
5.603451
12.635967
1.967477
-16.850086
10.603244
4.504106
-16.515835
-17.073885
-13.438077
-10.391819
-7.236279
-4.466355
19.460709
13.271980
11.787444
7.836600
4.481054
-5.901792
0.302625
3.867064
8.748524
14.546063
-8.963247
3.291939
4.996173
2.293773
-16.615513
-17.524460
-14.877528
-11.811980
-9.154273
-5.096088
19.457968
13.333922
10.359562
7.235091
4.324111
-6.497533
1.687189
4.994281
9.761126
14.755980
-7.061062
3.657676
4.867567
-0.962561
-17.330780
-17.659058
-14.394495
-10.788988
-7.055080
-3.836339
-2.052527
15.539734
14.751695
11.781747
8.360318
9.771807
-1.278913
3.077928
7.432313
14.479013
-0.494464
-17.222960
7.846415
5.541748
-16.753279
-17.250603
-13.526642
-10.658916
-8.002871
-4.542521
19.493427
9.871474
9.449173
7.688409
5.786918
-9.906960
-1.318695
1.020405
3.571535
8.437140
12.927172
2.001125
0.189447
-0.777527
-16.617098
-17.316410
-16.428217
-12.773566
-9.513405
-6.205713
19.384924
14.225985
11.328138
7.585681
4.252887
-6.473230
0.630341
3.983605
6.675598
13.337435
-8.448009
2.227985
4.330901
1.935547
-16.634109
-17.493290
-14.439660
-11.545118
-8.599240
-4.702860
19.457087
14.215815
11.911638
9.446858
6.807743
4.934917
2.800481
5.254036
13.099218
17.566914
-12.116138
1.969928
-0.979389
-2.665343
-18.595333
-18.571394
-15.232494
-11.056824
-8.166836
-5.518818
-3.760042
19.714952
13.881878
12.074383
9.234014
6.130408
-4.898895
1.198890
4.799101
8.746452
15.875227
-11.356255
10.552118
4.155459
0.458865
-16.362831
-17.151766
-17.034668
-14.265399
-11.293801
-8.927428
18.247980
13.865614
10.362161
6.525560
-8.342017
-4.947322
1.225136
4.220166
9.658757
14.474264
-15.351313
10.363374
5.026466
1.307266
-16.686033
-17.293388
-14.657450
-11.950661
-9.540994
-6.111173
19.227144
14.053647
11.410112
8.472423
5.628079
-2.679473
3.252604
5.216888
13.247923
18.408857
-11.723590
1.138408
-18.625547
2.432845
-19.270456
-0.830860
-16.830013
-10.278001
-7.057766
-4.874990
-2.799569
-2.895724
-1.672065
19.655434
17.216740
13.598770
10.663888
17.588968
-0.583249
2.339157
5.938411
-3.102165
2.652523
-17.755966
0.021423
1.177999
2.060903
-18.938211
-16.935719
-12.131264
-8.510671
-5.387656
-4.776891
-5.342619
19.552439
17.221159
12.384849
8.418868
-5.492324
0.380713
3.809579
4.868761
11.220963
17.188499
3.447646
0.156293
-1.917508
-16.174110
-16.984995
-16.840864
-13.728460
-11.569087
-7.359696
17.480927
14.092721
11.471075
8.145625
5.577141
-2.688545
2.498614
6.272106
11.194767
17.997820
-12.351205
0.246090
4.841603
0.595277
-16.630842
-16.996881
-16.570267
-13.095297
-10.890959
-8.191300
-6.414253
19.325109
15.302502
10.968448
7.234660
-4.594122
-0.438114
3.447674
7.499129
13.006195
20.033575
3.596879
-0.197997
-2.034515
-2.787838
-16.990282
-17.918268
-17.017523
-14.068110
-9.762198
17.866335
12.483606
10.490864
7.943391
5.280800
-3.257834
2.703413
6.723894
12.967906
17.744108
-13.664137
0.670267
5.754951
-3.469700
-17.589439
-17.446114
-16.745075
-13.329952
-10.772064
-7.560750
-5.759421
19.355501
11.907808
10.165703
8.299262
9.530755
-1.599970
3.472292
7.781071
14.866231
-10.443069
2.424493
3.587711
-17.732666
3.445714
-18.333151
-16.359520
-12.230287
-9.338522
-7.184491
-4.817737
19.643497
13.104886
11.211738
8.505629
6.021923
-5.149947
1.656549
5.572232
12.238108
17.988684
-12.444149
2.004866
5.958530
-2.294393
-17.415617
-17.461533
-15.426808
-12.185637
-9.766908
-7.484561
19.042122
14.342968
11.026111
6.774157
4.299102
-5.200445
1.586776
5.380213
9.990128
17.936600
-13.286114
0.887017
4.405216
0.458799
-2.319214
-17.150528
-17.958164
-15.633341
-13.053808
-10.058681
16.399343
11.855011
8.721767
5.810997
-5.206690
-3.848041
1.532357
4.630969
9.011970
15.324913
15.413235
-6.461694
-0.443431
-6.508954
-17.294506
-17.720539
-15.790671
-12.281844
-10.116288
16.594547
14.021697
9.028590
8.198276
6.288029
-2.965110
-0.012699
5.212028
8.643648
11.955427
18.189575
-13.947948
-16.773916
1.735654
-19.124739
-19.053864
8.985549
-16.189075
-10.940902
-6.921601
-4.217854
-2.423530
-2.437020
-1.379601
-1.373541
19.267099
19.796049
16.072725
19.417395
1.174771
5.363740
12.291681
17.689756
-11.889244
3.044637
-1.334605
-2.906485
-1.494274
-18.594997
-18.813906
-14.456347
-10.087347
-7.417728
-5.201036
-5.994944
19.384069
16.243496
11.346987
7.421279
-5.839584
-0.749879
3.122758
4.499780
11.151648
17.506580
0.605214
-7.319363
-6.609731
-0.486836
-16.935434
-17.421101
-13.631571
-11.218379
-8.283784
-6.681052
19.110497
15.509804
14.014861
10.350690
2.535480
-0.403895
4.166916
6.168581
12.357096
19.805515
-16.327055
1.578173
5.092253
-0.705237
-17.543690
-17.962158
-13.944032
-11.605785
-8.729088
14.948222
17.301680
9.196856
8.103392
6.781034
-4.546829
-1.083080
3.970427
8.032191
14.101990
-6.249469
-15.711613
1.966349
-18.598259
2.495017
-18.960508
-18.458889
-13.134914
-8.049477
-5.291337
-4.219436
-3.073567
-4.796126
19.645582
18.513348
14.724827
10.631479
-4.291087
0.412790
3.735541
8.897840
14.285388
-7.840309
-1.537762
-6.260867
-5.823406
-19.496264
-18.340761
-15.749092
-9.570096
-6.732234
-5.284044
-4.333719
19.014521
16.281925
12.598569
9.277540
-7.294738
-4.475390
2.191491
6.633399
9.086996
16.165728
-9.540279
-1.141543
-4.861292
-4.161028
-18.083515
-18.036701
-13.450992
-9.617899
-7.358315
-5.187053
19.003258
16.303028
13.051756
10.125853
7.297073
-3.244580
1.678948
5.726548
10.005850
18.152063
-14.427083
-1.643613
-2.703772
1.295763
-3.941248
-17.180754
-17.591698
-15.702621
-13.447740
-11.082499
14.554794
13.094417
9.534382
6.909656
-6.737774
-4.538320
0.107753
4.017470
6.752437
12.650942
17.169411
-5.476700
0.211445
-1.774608
-16.605074
-17.166653
-16.349882
-12.553385
-10.645703
-7.220181
-6.314745
19.278656
16.701071
13.784394
10.959723
9.426844
-0.063089
4.573060
7.102938
13.776659
-10.088461
0.412215
-3.145652
-2.836658
-18.253904
-18.424957
-14.857100
-11.235898
-8.108026
-6.112990
-5.682199
-4.424080
19.604799
19.133041
18.037727
18.329224
0.475867
5.493936
13.143015
17.538668
-15.961020
-0.223243
-2.947478
-4.711492
-5.077119
-2.804731
-19.030441
-18.804583
-14.564644
-10.977038
-9.140507
-7.087845
18.777458
13.719373
9.502754
5.872213
-6.218419
-1.807611
2.476589
4.224674
11.281898
18.433144
-10.741602
-1.266609
-4.704348
-3.969991
-18.072485
-17.758553
-13.136113
-9.929181
-6.823521
-5.940444
-4.171137
18.991362
17.397179
13.323248
9.535299
-3.088801
2.375800
5.914895
12.114800
17.904781
-11.149703
0.279084
-3.173108
-4.721178
-18.427853
-18.188351
-15.093900
-10.550424
-7.554520
-5.830579
-5.446300
17.850195
14.476833
11.867022
8.863493
-5.745525
-0.663570
4.722437
7.566977
12.899109
18.658869
-8.536381
-0.915721
-4.161928
-3.481408
-18.818712
-18.189516
-14.190624
-9.099455
-6.343959
-5.307507
-5.413430
19.043423
14.753034
12.322124
9.424497
-2.628671
0.562260
4.228222
10.616116
15.988327
19.858582
-14.469184
-0.385537
-3.358478
-19.880642
-19.516075
7.495322
-16.336266
-10.321333
-5.952533
-4.143410
-3.000632
-3.666473
-4.960812
-2.998617
19.776630
19.311073
19.543192
18.347372
4.546766
8.398116
15.551927
-2.704878
-15.896309
1.931917
-17.225931
-18.697014
-19.236094
-14.851754
-8.556383
-3.531619
-0.065126
1.341552
0.968407
-0.326421
-1.275119
-0.959061
-1.672619
19.584961
16.493790
19.248640
14.704966
0.003165
5.003464
10.236021
15.502701
-1.370526
-3.926015
-18.890730
-19.254202
-19.525949
-16.359055
-9.643986
-5.684464
-1.756581
-0.263543
-0.268826
-2.525643
-4.242869
19.791008
17.230349
19.299063
19.983664
-2.999688
0.013459
4.129580
8.437079
16.509504
-18.994122
0.222451
-2.088945
-1.373610
-19.549984
-18.840900
-14.066262
-8.437001
-5.919672
-5.322251
-4.859749
18.981028
14.244165
13.135455
10.556121
-5.452501
-1.790875
2.446659
4.043692
10.944998
18.877089
8.159446
-7.742411
-7.479915
-5.489115
-18.949228
-18.495678
-14.756490
-9.354531
-7.469240
-6.431615
15.861619
12.012028
7.960483
6.740423
-10.643828
-2.363245
1.364125
6.214424
10.313380
14.724422
19.217361
-5.706136
-3.189208
-5.527492
-6.095903
-20.009933
1.826481
-17.869722
-13.249180
-8.573977
-6.557517
-6.365068
-6.843622
16.763247
12.858465
15.850619
-9.577744
-1.476812
0.969879
5.424136
8.098320
14.679126
19.647491
-16.442106
-1.579547
-2.459895
-19.928871
-18.420439
-14.478188
-8.474563
-4.075023
-2.142597
-2.318281
-4.522239
-2.370238
18.414122
14.100618
19.407154
-4.992707
-0.477814
3.941503
7.187720
12.710370
-1.693346
-16.902872
1.213231
0.181078
-19.134144
-17.818392
-12.138257
-6.901276
-3.836506
-2.639616
-3.185356
-2.806936
19.291986
15.203176
15.326517
6.324809
-0.267054
3.996280
7.664783
15.227343
18.755970
-1.754164
-16.402937
-0.912932
-3.404389
-1.869375
-16.905979
-14.815862
-10.636186
-8.765033
-7.473680
-7.875402
-7.548142
-6.805381
19.577385
19.533907
20.058275
-2.847522
3.352911
8.216464
14.930321
11.216195
-15.200500
1.841746
-18.838123
3.678015
-18.244535
-18.733543
-13.039832
-7.173294
-2.753575
-0.466121
-0.324175
-1.323606
-2.539898
-1.688429
-6.511189
19.649334
18.081005
14.738651
17.561470
-0.865261
4.072529
9.565207
16.056976
3.359905
-5.047208
-19.377504
-19.191692
-19.744900
-18.126671
-11.143229
-4.784448
-0.897954
1.172890
1.116385
-0.128786
-2.756468
2.746864
19.874216
16.424444
12.126254
20.000790
-2.259534
1.876808
5.328635
6.300373
12.227374
5.686575
-3.917336
-4.068411
-19.067785
-18.419928
-16.029711
-10.218534
-6.900159
-5.863369
-6.962177
-8.885032
16.945356
13.825610
19.558525
-8.370358
-1.056817
1.660377
2.898487
9.309417
17.235802
3.189764
-5.919931
-5.739791
-3.730931
-18.277374
-17.738497
-11.295445
-7.609195
-5.892136
-5.390268
17.930431
14.340862
9.974988
15.570051
-4.386695
-0.748985
4.070516
8.131640
12.838165
19.222900
-20.041914
-5.968780
-4.758578
-4.404438
-17.971962
-17.493715
-14.271241
-10.635703
-9.017943
-9.159373
-8.592352
16.814354
12.634760
15.212955
-10.149343
-2.999551
1.820032
3.788963
11.451165
18.509136
-10.488827
-2.869336
-6.102153
-5.445656
-19.344559
1.078954
-15.448546
-9.369164
-6.824585
-6.227480
-6.534179
10.961940
9.721857
5.572042
-12.704805
-4.955185
0.539638
5.233663
10.018928
15.782349
19.453102
20.039551
-8.435088
-9.443872
-7.463093
-19.572615
-18.057026
-12.897567
-6.804282
-4.964989
-5.097691
-5.956444
-6.919377
17.323751
14.598793
19.758474
-5.126547
0.141651
4.469468
8.832143
13.940360
19.481903
-17.064461
-3.228151
-5.684116
-20.060011
-18.229181
-15.529964
-9.395964
-4.471681
-2.793920
-3.467582
-4.836370
11.683109
8.903280
17.260651
-7.840400
-1.532124
2.280899
4.684507
9.607445
14.325505
19.636496
18.503075
-9.079756
-9.614501
-8.741559
-19.863007
0.152467
-16.628519
-10.737221
-6.605834
-4.750894
-5.128807
-6.152673
-7.403630
15.236796
13.740673
20.055021
-2.324330
0.728432
3.913243
8.252686
10.575872
12.880466
7.195347
-5.525467
-4.946574
-2.855961
-18.302372
-15.860732
-10.808896
-7.400402
14.137774
12.267818
7.692400
4.228621
-9.963181
-2.778471
2.809120
5.163153
6.958684
13.995352
18.475498
20.055712
-16.728613
-4.242429
-5.360556
-20.058651
-18.405666
-16.996750
-10.915138
-6.102110
-3.926705
-4.823164
-6.809460
16.323748
13.463367
10.114944
-7.519790
1.721462
3.778008
6.994194
9.316292
12.838914
16.220116
-16.081045
-0.445813
-1.121824
-0.194513
-18.141497
-15.824398
-11.020567
-7.849607
-6.636731
-6.280792
-5.437278
17.884783
14.447283
19.699463
-4.896013
-0.969227
4.429657
7.554158
14.186497
18.031315
-16.805122
-1.283126
-1.918157
-19.386898
-19.083302
-14.235907
-8.529025
-4.812212
-3.021521
-2.541707
-3.074245
15.858866
13.008485
17.602770
-7.232629
-0.419693
2.606140
5.771900
13.187769
17.069296
20.056606
-9.695527
-5.328932
-19.734348
-19.396387
1.438338
1.741609
-18.125544
5.821556
6.782358
-10.324531
-6.722781
-4.590586
-4.654965
9.932981
7.013000
6.494954
-8.432224
-2.695451
2.167287
5.465823
10.275870
17.931450
20.059523
20.061544
14.444845
-12.713597
-10.651105
-7.361427
-2.834079
-16.858294
-13.613327
-9.801656
-8.983602
-9.295677
-9.135606
18.866192
18.328466
15.884979
19.707504
-0.835557
3.518924
7.977405
11.371262
14.523490
-19.518435
-4.671910
-4.756654
-3.896216
-18.908224
-18.512306
-14.275487
-9.636665
-6.853955
-6.773013
14.902686
11.303906
6.758771
-0.526056
-5.110572
0.877898
3.661232
5.890027
14.498348
18.580078
20.059988
-4.476898
-10.148973
-8.581679
-20.058737
-18.202438
-15.149586
-8.832709
-5.784618
-4.903488
-6.440846
-7.180954
14.376095
15.941832
20.059994
-2.827123
3.161002
1.896596
10.159423
15.849443
20.059843
16.564781
7.439362
-11.443814
-9.825845
-6.899030
-17.679777
-17.311758
-12.560260
-9.682293
9.055044
5.371176
1.090253
-10.345140
-5.886938
-0.871319
3.456963
6.459879
15.305189
19.966101
20.049000
18.261000
10.533287
-13.478816
-10.329093
-6.999005
-16.932823
-16.233627
-11.375443
-10.293337
-10.975234
-10.981418
-7.460985
19.125399
19.693819
19.720709
19.988914
0.524345
6.076953
10.448155
13.866724
-1.163886
-18.521593
-2.471078
-19.727798
1.024496
-19.567881
-17.798634
-12.440460
-7.408842
-3.793073
-2.684148
-4.122083
-5.346622
17.866123
15.177406
19.912052
-5.011162
0.511881
4.075024
7.610784
12.081515
18.709921
12.333717
-7.360291
-9.117357
-8.080555
-18.225704
-17.033745
-11.445183
-7.645020
-6.949300
7.785871
4.954094
2.409259
-4.956336
-3.566357
-2.449494
-0.644155
4.806929
9.911811
13.388860
16.163437
0.000000
-6.021770
-0.832893
1.989388
2.393262
3.745351
4.137586
5.595664
6.069706
7.438826
8.523108
10.170988
11.812806
14.043044
17.364637
11.270704
-0.003263
0.000017
0.005902
0.000003
0.000960
0.000010
0.000024
0.000054
0.000072
0.000081
0.000071
0.000086
0.000236
0.005266
0.000073
0.006816
0.000094
0.000053
0.000050
0.000564
-0.000318
-7.967656
-0.000128
-0.003876
-0.026253
-0.007810
-0.002813
-16.686163
-15.723734
-12.086492
-8.689018
-5.144093
-1.557498
2.226799
6.049218
9.258839
9.434890
5.514962
0.000000
-7.500025
-1.588734
0.483532
1.608834
2.599864
3.156484
4.349996
4.963026
6.321552
7.295489
7.728424
8.241538
8.893625
9.562282
10.558305
10.505079
10.988275
11.780354
0.001923
0.000196
0.005219
0.000160
0.009330
0.000012
0.000017
-0.002630
0.000480
0.000006
0.001474
0.001984
0.005280
0.008937
-0.000366
-0.000805
0.029183
0.034748
0.007332
0.055233
-0.009392
-0.037534
-0.197323
-0.295823
-0.343225
0.103027
-0.435447
-0.164029
0.000000
-3.880175
2.093888
3.817043
3.962160
4.328989
3.642844
4.140991
3.881821
4.400559
5.333652
6.518322
8.852961
9.054782
12.571828
16.016148
18.482065
0.001684
-0.000995
0.000056
0.004408
0.000033
0.004339
0.000014
0.001209
0.000019
0.000028
0.000033
0.001582
0.000027
0.008003
0.003226
0.003763
0.009615
0.001308
0.010752
0.030736
-0.000004
0.000002
-0.000002
-0.000001
0.000000
-8.837258
-6.361227
-8.504668
-5.770694
-2.404179
0.000000
-3.958613
1.659191
4.053390
4.900321
4.968631
5.165510
6.222743
5.528487
7.498004
6.809349
6.157642
6.952408
9.587476
10.036872
13.045180
0.001278
-0.000052
0.000017
0.000020
0.002533
0.000017
0.000027
0.000192
0.000026
-0.020275
-0.002528
-0.064833
-0.011169
-0.000343
0.000059
0.002641
0.000120
0.025127
0.000016
0.000001
-14.481989
0.000000
-8.336480
-2.172167
-0.082553
1.041727
2.051716
2.776882
4.053477
5.410872
5.630265
6.548333
7.559673
9.094568
11.681448
15.028629
18.264736
19.792526
-0.001263
0.000001
0.000001
-0.000000
-0.190624
-4.187491
-3.297325
-0.254962
-20.059973
-17.269327
-16.557558
-13.420254
-10.419175
-8.008284
-5.961774
-4.495756
19.309631
16.175434
15.070686
19.984524
12.991526
-6.761505
-4.622156
-2.602455
-1.678219
0.539552
2.325535
2.150022
4.480076
4.070963
1.307151
-1.088239
-2.513988
-2.184814
-0.265937
17.497965
19.238266
-0.000050
0.000002
0.000005
-10.361743
-0.000001
-0.000002
0.003477
0.000058
0.000000
-6.088031
-0.350496
1.914433
2.333453
3.576146
3.741494
4.874185
5.388023
6.744060
7.777983
9.293153
10.592216
12.412188
13.502891
17.415346
-0.000146
0.000074
0.000851
0.000069
-0.001320
0.000032
0.000027
0.002574
0.000016
0.000016
0.000018
-0.000463
0.000073
0.000051
0.000066
0.000411
0.000051
0.000082
0.012712
0.000044
0.000010
-11.886296
-7.519075
-4.051681
-1.289312
2.006690
5.699966
9.731315
-0.002776
0.000000
0.000405
-10.819868
-7.530003
0.000000
-4.416153
0.682630
3.120257
3.023362
4.106849
3.940449
5.177261
5.674450
4.633889
5.425492
5.477563
6.150582
6.959990
7.580060
8.072326
9.077000
10.378600
12.587167
-0.000660
-0.000661
0.000030
0.000040
0.000068
0.000099
0.000095
0.001221
0.000079
0.006098
-0.000742
0.000103
0.014437
0.000082
0.000129
0.007592
0.009729
0.000008
0.000000
-6.559021
-0.779843
1.474322
2.020766
3.220455
3.691911
5.497969
5.394682
5.329992
5.427663
5.521264
5.909911
6.652724
7.561972
9.527064
11.055071
-20.050129
7.302488
4.705637
-0.807815
-0.522007
-18.365170
-18.631681
-15.918707
-12.691331
-14.138768
-8.863397
-3.243018
-1.877651
-1.943756
9.500953
19.895290
18.331537
-15.249213
-18.117819
-10.710541
-5.477198
-2.780792
-1.202681
-0.101617
1.119163
2.178591
3.064500
3.778260
4.562363
4.584039
5.147889
5.404407
5.469686
5.949414
15.299138
20.059664
20.013639
19.252541
6.052415
5.025122
3.672376
2.357802
1.045114
-0.229300
-1.371127
-5.842429
0.000000
-6.160241
-0.479170
1.654988
2.723342
3.506948
3.647077
4.687605
4.804035
5.881701
6.743737
8.099581
9.318010
11.084430
12.919226
15.543571
18.193419
0.000072
0.000067
0.000068
0.000224
0.000060
0.000111
0.000124
0.000037
0.004568
0.000017
0.000017
0.000021
0.000027
0.000032
0.000035
0.000053
0.000047
0.000044
0.000011
0.018312
0.000043
0.012586
-16.220158
-12.818435
-4.179126
-2.530826
-2.705501
-2.197499
-0.507017
2.769026
5.627117
9.830617
-23.404690
-18.982199
-16.631929
-12.072015
-10.498368
-10.000922
-8.855121
-7.810184
-6.521317
-4.952691
-3.580107
0.000000
-5.869035
-0.129073
2.075867
2.393824
3.649491
3.750341
4.847371
5.732815
5.399889
7.930703
8.278026
7.869651
10.097825
13.412024
17.935862
0.007524
0.000089
-0.000009
-0.000000
-0.000002
-0.450298
-13.640275
-5.621379
2.066362
