-0.000011
-0.000022
-0.000040
-0.000064
-0.000095
-0.000127
-0.000161
-0.000201
-0.000235
-0.000250
-0.000251
-0.000239
-0.000220
-0.000197
-0.000172
-0.000107
-0.000062
-0.000052
-0.000098
-0.000206
-0.000444
-0.000696
-0.000935
-0.001150
-0.001388
-0.001692
-0.002071
-0.002467
-0.002789
-0.002939
-0.003052
-0.003167
-0.003985
-0.005129
-0.005976
-0.010201
-0.017464
-0.022504
-0.022176
-0.019065
-0.018124
-0.016336
-0.009117
-0.000939
0.008730
0.019711
0.030919
0.041309
0.051493
0.059932
0.067476
0.071591
0.081194
-0.000005
0.000134
0.000345
0.000576
0.000778
0.000952
0.001093
0.001264
0.001674
0.002477
0.003591
0.004851
0.006044
0.007217
0.008517
0.010145
0.012195
0.013879
0.015205
0.016277
0.017379
0.018677
0.020139
0.022420
0.025453
0.028814
0.032395
0.036843
0.042337
0.048033
0.052220
0.054735
0.056987
0.061373
0.068734
0.074783
0.076865
0.074965
0.070059
0.060057
0.046492
0.030505
0.012869
-0.006253
-0.025846
-0.044782
-0.063086
-0.081441
-0.100820
-0.112552
-0.120749
-0.128182
-0.130978
0.000386
0.002672
0.005235
0.007747
0.010047
0.012213
0.013869
0.015924
0.018092
0.019428
0.021230
0.023690
0.025288
0.026315
0.027408
0.029578
0.031484
0.033277
0.031350
0.029708
0.029644
0.029538
0.027557
0.026772
0.027353
0.028137
0.028339
0.028087
0.029419
0.031292
0.033024
0.034396
0.035171
0.035552
0.035726
0.035855
0.037811
0.043137
0.048614
0.050370
0.053557
0.057951
0.059061
0.058880
0.058093
0.057531
0.059027
0.058642
0.057502
0.057874
0.058004
0.057789
0.058873
0.062392
0.065774
0.067462
0.068447
0.070531
0.073699
0.072370
0.075730
0.078259
0.078972
0.079655
0.079529
0.079112
0.078715
0.078113
0.075526
0.073926
0.071007
0.066959
0.062638
0.060403
0.059265
0.057097
0.057117
0.056322
0.056897
0.056145
0.053088
0.052111
0.052603
0.053844
0.054528
0.054711
0.053680
0.049781
0.047745
0.047913
0.047681
0.047276
0.046765
0.046499
0.046564
0.045213
0.046355
0.046266
0.047710
0.047667
0.046405
0.045291
0.044396
0.042178
0.038386
0.034693
0.031922
0.030947
0.031489
0.033982
0.035718
0.036012
0.036720
0.038162
0.039266
0.038588
0.040761
0.043430
0.042707
0.041024
0.039640
0.037793
0.036666
0.036530
0.037178
0.039253
0.041574
0.042185
0.043072
0.044426
0.044378
0.043649
0.042186
0.040419
0.038383
0.033653
0.030776
0.027355
0.026380
0.022730
0.017923
0.013663
0.013835
0.017346
0.021523
0.023782
0.024430
0.020051
0.016574
0.013792
0.012483
0.011657
0.011113
0.011867
0.013628
0.014502
0.017373
0.019156
0.022001
0.023076
0.021951
0.019635
0.016855
0.012859
0.008482
0.005064
0.003530
0.006438
0.006582
0.008570
0.010635
0.011791
0.013404
0.015614
0.016059
0.016128
0.016970
0.020447
0.021040
0.017972
0.013780
0.010388
0.008572
0.006860
0.005321
0.004633
0.003640
-0.001933
-0.005844
-0.008868
-0.013210
-0.018593
-0.022904
-0.025663
-0.027633
-0.030808
-0.031239
-0.032280
-0.031556
-0.033611
-0.035547
-0.037901
-0.038623
-0.039232
-0.040450
-0.041190
-0.042682
-0.045174
-0.045466
-0.044147
-0.043702
-0.043944
-0.044527
-0.044494
-0.044560
-0.046191
-0.046988
-0.043282
-0.042502
-0.043712
-0.044259
-0.043713
-0.043026
-0.043164
-0.043284
-0.043073
-0.042874
-0.042705
-0.041596
-0.039560
-0.037927
-0.037894
-0.037662
-0.036187
-0.034400
-0.033556
-0.029512
-0.026564
-0.026825
-0.026982
-0.027948
-0.027402
-0.023940
-0.023297
-0.022081
-0.020030
-0.018998
-0.019635
-0.019768
-0.018923
-0.018966
-0.019360
-0.020019
-0.020487
-0.020540
-0.022168
-0.020843
-0.020595
-0.019199
-0.018297
-0.020918
-0.021972
-0.021535
-0.020947
-0.021021
-0.021491
-0.022477
-0.023268
-0.021942
-0.019030
-0.017036
-0.015672
-0.014657
-0.013149
-0.011178
-0.009938
-0.007691
-0.004871
-0.004853
-0.005615
-0.006687
-0.006429
-0.003306
-0.003080
-0.003853
-0.004852
-0.006341
-0.004799
-0.005718
-0.005158
-0.005052
-0.005870
-0.005654
-0.003791
-0.002244
-0.002797
-0.000946
0.000905
-0.000287
-0.001231
-0.003309
-0.004159
-0.003224
-0.001719
0.000289
0.003128
0.005015
0.005095
0.006340
0.007074
0.008387
0.009432
0.009539
0.009434
0.009634
0.008761
0.009712
0.010272
0.012866
0.013199
0.011925
0.012171
0.013652
0.015469
0.016876
0.017460
0.017859
0.016365
0.016196
0.017495
0.019567
0.021034
0.022131
0.024305
0.026537
0.027010
0.027882
0.029671
0.031490
0.031354
0.029147
0.026962
0.024431
0.020327
0.017244
0.015728
0.014355
0.013644
0.014101
0.014853
0.014638
0.013239
0.011865
0.011483
0.011066
0.008910
0.009295
0.009670
0.007610
0.005027
0.002485
0.000165
-0.000333
0.000129
0.001143
0.002713
0.003032
-0.001669
-0.004252
-0.006148
-0.008461
-0.010894
-0.013644
-0.016148
-0.017970
-0.020355
-0.019962
-0.019588
-0.017767
-0.018630
-0.019532
-0.018368
-0.016159
-0.013538
-0.011383
-0.010560
-0.008876
-0.010446
-0.010412
-0.008720
-0.006545
-0.005121
-0.004202
-0.001279
0.001780
0.003363
0.005356
0.009220
0.008978
0.007779
0.009405
0.008442
0.006800
0.005225
0.003267
0.001592
-0.000285
-0.000003
0.000108
0.000856
0.001281
0.000742
0.000842
0.001842
0.002279
0.000600
0.001502
0.003593
0.003434
0.002602
0.001171
0.001435
0.002861
0.005351
0.009167
0.013381
0.016068
0.016261
0.017397
0.018129
0.018895
0.019692
0.019425
0.018919
0.019184
0.020288
0.020219
0.019366
0.021423
0.021000
0.023021
0.024980
0.027668
0.030391
0.033040
0.035159
0.036897
0.036751
0.038104
0.040876
0.044075
0.046631
0.048827
0.052065
0.055571
0.057740
0.060398
0.064512
0.064343
0.063140
0.061650
0.060786
0.059151
0.057151
0.055811
0.055414
0.054449
0.053350
0.053520
0.053847
0.053469
0.052125
0.050995
0.050757
0.050306
0.048192
0.048869
0.050341
0.049690
0.047273
0.044982
0.043605
0.043092
0.043696
0.044890
0.046573
0.047481
0.044017
0.042622
0.041400
0.039682
0.037987
0.036142
0.034515
0.033453
0.032036
0.033512
0.034251
0.036609
0.037726
0.037453
0.039085
0.041692
0.044021
0.046128
0.047605
0.048374
0.049928
0.052944
0.056935
0.060912
0.064038
0.066826
0.070166
0.073061
0.073973
0.075459
0.079487
0.082212
0.080639
0.078319
0.077102
0.075296
0.072324
0.071059
0.071950
0.073410
0.074356
0.075762
0.077961
0.078633
0.077769
0.076113
0.074733
0.073568
0.069582
0.067415
0.064582
0.063419
0.060540
0.055279
0.050127
0.048851
0.051134
0.053450
0.053487
0.051134
0.047437
0.044165
0.040051
0.038232
0.036543
0.034852
0.034110
0.034229
0.034174
0.035480
0.036411
0.038213
0.037302
0.037263
0.035897
0.032485
0.028877
0.026414
0.025467
0.024590
0.025494
0.024681
0.025650
0.027206
0.028354
0.029293
0.032691
0.035700
0.036532
0.036565
0.038685
0.040315
0.038691
0.035058
0.033436
0.032266
0.033115
0.035621
0.038367
0.039635
0.038300
0.036360
0.033159
0.028610
0.026201
0.023071
0.019480
0.015977
0.012208
0.008087
0.003310
0.001505
-0.000957
-0.001615
-0.004034
-0.004931
-0.000887
0.002964
0.005187
0.004243
0.001402
-0.001955
-0.005878
-0.009574
-0.012267
-0.014570
-0.015348
-0.016267
-0.015308
-0.010740
-0.005372
-0.004219
-0.002793
-0.000917
0.001392
0.000892
0.000447
0.000766
0.001938
0.002710
0.003213
0.004335
0.006648
0.009159
0.011149
0.012675
0.016463
0.019892
0.020742
0.021905
0.026357
0.028590
0.025782
0.021736
0.019496
0.018981
0.018835
0.019219
0.020873
0.022822
0.023711
0.023407
0.025107
0.025879
0.025590
0.024345
0.022415
0.020236
0.016299
0.014190
0.010919
0.009856
0.006289
0.000339
-0.003682
-0.004645
-0.003801
-0.003103
-0.003569
-0.005828
-0.009323
-0.010952
-0.012852
-0.012745
-0.012878
-0.013273
-0.012873
-0.012383
-0.013649
-0.013637
-0.011099
-0.008688
-0.010526
-0.010969
-0.012499
-0.013857
-0.016412
-0.019198
-0.021122
-0.022886
-0.023496
-0.023124
-0.022659
-0.022825
-0.023882
-0.024685
-0.024348
-0.024081
-0.025181
-0.023730
-0.020993
-0.021021
-0.021979
-0.021528
-0.021531
-0.020542
-0.019198
-0.017154
-0.014724
-0.014587
-0.015146
-0.014710
-0.014946
-0.015585
-0.016298
-0.017271
-0.018385
-0.019099
-0.020857
-0.019363
-0.017881
-0.015418
-0.015627
-0.015102
-0.014615
-0.013580
-0.012991
-0.012427
-0.012579
-0.013722
-0.014854
-0.014223
-0.012751
-0.012263
-0.012289
-0.012509
-0.011911
-0.011197
-0.012267
-0.012666
-0.009433
-0.009330
-0.010308
-0.010890
-0.011563
-0.011061
-0.011969
-0.012767
-0.012456
-0.011712
-0.010473
-0.008357
-0.006026
-0.003723
-0.002683
-0.002478
-0.001414
0.000205
0.000840
0.001701
0.001617
0.002311
0.002028
0.000991
-0.001246
-0.005753
-0.009731
-0.012455
-0.013897
-0.015542
-0.016629
-0.017164
-0.018125
-0.019180
-0.020259
-0.021542
-0.021614
-0.021477
-0.023355
-0.025013
-0.023508
-0.023916
-0.027089
-0.030642
-0.033627
-0.036095
-0.036587
-0.035904
-0.035702
-0.036912
-0.039746
-0.041636
-0.044040
-0.046772
-0.049473
-0.052423
-0.055116
-0.057312
-0.059923
-0.060719
-0.060380
-0.059177
-0.059302
-0.059245
-0.060526
-0.060788
-0.061862
-0.063201
-0.064730
-0.066032
-0.066649
-0.066400
-0.064838
-0.063386
-0.063101
-0.063442
-0.062625
-0.061849
-0.062973
-0.063232
-0.060456
-0.059087
-0.060569
-0.063851
-0.067878
-0.071454
-0.075208
-0.076746
-0.075725
-0.074077
-0.071859
-0.069364
-0.068052
-0.067778
-0.068055
-0.069059
-0.070309
-0.071718
-0.074681
-0.075257
-0.076580
-0.075775
-0.076303
-0.078173
-0.079828
-0.080668
-0.081669
-0.082596
-0.083553
-0.084913
-0.086026
-0.086096
-0.085169
-0.084135
-0.084411
-0.085396
-0.085160
-0.084626
-0.085585
-0.085506
-0.082489
-0.083456
-0.087457
-0.089772
-0.090851
-0.092421
-0.094284
-0.094228
-0.092882
-0.092162
-0.091353
-0.090775
-0.091140
-0.092052
-0.093366
-0.095074
-0.096252
-0.096987
-0.098954
-0.100040
-0.098318
-0.095030
-0.093148
-0.093464
-0.094602
-0.096352
-0.098480
-0.099100
-0.098480
-0.097698
-0.097236
-0.096785
-0.095842
-0.095853
-0.096559
-0.097574
-0.098489
-0.099424
-0.101292
-0.101786
-0.099164
-0.099233
-0.099085
-0.098871
-0.099941
-0.102866
-0.105415
-0.106773
-0.106734
-0.106731
-0.106354
-0.105652
-0.105561
-0.105907
-0.106564
-0.107429
-0.108335
-0.109262
-0.111634
-0.112967
-0.111187
-0.109903
-0.111391
-0.113639
-0.116531
-0.120123
-0.124266
-0.127006
-0.127875
-0.127667
-0.126825
-0.126407
-0.125818
-0.126020
-0.127033
-0.128543
-0.128644
-0.128040
-0.128549
-0.127850
-0.126430
-0.124617
-0.124702
-0.125305
-0.125937
-0.127901
-0.129830
-0.129849
-0.128458
-0.127045
-0.126568
-0.125569
-0.125372
-0.125592
-0.126027
-0.126732
-0.127715
-0.128516
-0.130357
-0.130492
-0.126891
-0.126698
-0.128298
-0.129655
-0.130385
-0.129479
-0.128811
-0.127608
-0.126848
-0.127178
-0.128165
-0.128529
-0.129549
-0.130979
-0.132576
-0.134349
-0.136006
-0.137289
-0.137840
-0.139554
-0.138005
-0.136281
-0.136108
-0.136078
-0.137304
-0.136859
-0.138180
-0.140027
-0.141689
-0.142412
-0.141582
-0.140693
-0.138302
-0.136378
-0.134835
-0.132233
-0.129151
-0.126045
-0.124405
-0.122227
-0.120376
-0.118705
-0.117242
-0.118565
-0.121652
-0.127238
-0.132577
-0.137120
-0.138910
-0.139421
-0.139568
-0.138791
-0.139289
-0.140634
-0.142143
-0.143796
-0.144922
-0.145591
-0.146273
-0.147523
-0.146181
-0.144206
-0.141941
-0.140708
-0.141528
-0.143248
-0.145069
-0.145433
-0.144261
-0.142349
-0.140472
-0.138924
-0.137656
-0.136123
-0.135490
-0.135244
-0.134298
-0.132797
-0.130965
-0.130858
-0.128326
-0.128807
-0.129574
-0.129693
-0.130468
-0.132545
-0.134446
-0.134824
-0.133494
-0.132128
-0.130524
-0.129492
-0.130682
-0.130789
-0.131558
-0.132430
-0.131869
-0.130216
-0.129143
-0.126754
-0.122048
-0.122074
-0.124416
-0.125124
-0.126668
-0.128589
-0.130476
-0.131882
-0.131379
-0.129385
-0.127774
-0.125157
-0.123490
-0.122617
-0.121937
-0.121406
-0.120650
-0.119986
-0.119807
-0.120155
-0.118300
-0.117598
-0.116992
-0.116742
-0.117914
-0.120168
-0.122185
-0.123468
-0.123267
-0.122113
-0.120528
-0.118897
-0.117529
-0.116932
-0.116705
-0.116699
-0.116741
-0.116363
-0.117924
-0.118692
-0.116580
-0.114173
-0.113532
-0.112195
-0.111429
-0.112710
-0.113571
-0.113641
-0.111932
-0.109814
-0.108556
-0.104738
-0.102380
-0.101300
-0.100640
-0.100264
-0.099681
-0.098912
-0.097888
-0.096915
-0.093674
-0.092522
-0.093434
-0.094534
-0.095948
-0.098120
-0.100100
-0.101230
-0.100608
-0.099017
-0.097531
-0.095750
-0.096215
-0.095431
-0.095220
-0.095473
-0.096153
-0.096631
-0.096015
-0.097020
-0.096203
-0.096767
-0.098583
-0.099735
-0.101258
-0.103192
-0.104624
-0.105606
-0.105406
-0.104464
-0.105295
-0.104351
-0.103956
-0.102509
-0.101835
-0.101721
-0.101386
-0.100697
-0.101795
-0.102753
-0.101717
-0.102103
-0.104199
-0.106456
-0.109749
-0.113837
-0.117461
-0.119977
-0.120440
-0.119756
-0.120686
-0.119740
-0.119038
-0.118896
-0.119065
-0.119725
-0.121245
-0.123024
-0.123673
-0.126027
-0.126582
-0.126141
-0.125874
-0.125036
-0.125398
-0.127017
-0.129365
-0.130274
-0.129575
-0.128190
-0.125782
-0.122888
-0.121011
-0.119467
-0.118737
-0.118448
-0.117026
-0.115120
-0.115147
-0.114484
-0.111148
-0.110221
-0.111406
-0.114091
-0.117747
-0.120859
-0.124261
-0.125655
-0.124521
-0.122616
-0.120071
-0.117484
-0.116160
-0.115674
-0.115673
-0.116143
-0.116890
-0.117343
-0.119837
-0.121566
-0.120383
-0.118448
-0.118362
-0.118254
-0.117714
-0.117861
-0.118282
-0.116865
-0.113895
-0.111036
-0.109448
-0.107948
-0.106986
-0.105975
-0.105008
-0.104270
-0.103229
-0.101846
-0.099550
-0.098726
-0.096415
-0.095815
-0.097575
-0.098624
-0.099304
-0.101660
-0.105026
-0.107550
-0.107915
-0.107204
-0.106035
-0.103429
-0.101449
-0.100263
-0.099612
-0.099481
-0.098811
-0.098832
-0.099333
-0.098943
-0.096875
-0.094294
-0.093831
-0.094515
-0.096853
-0.098603
-0.100334
-0.100167
-0.097679
-0.094585
-0.091448
-0.089481
-0.087536
-0.085804
-0.084494
-0.083547
-0.082483
-0.081188
-0.081727
-0.082979
-0.083251
-0.083122
-0.083793
-0.084542
-0.085618
-0.087295
-0.088653
-0.089003
-0.088065
-0.086684
-0.087778
-0.086253
-0.084536
-0.083987
-0.084812
-0.086332
-0.088454
-0.090163
-0.090223
-0.090929
-0.088947
-0.086102
-0.084728
-0.083498
-0.082532
-0.081870
-0.081681
-0.079848
-0.076093
-0.071461
-0.068018
-0.063162
-0.059773
-0.055701
-0.052304
-0.049087
-0.045535
-0.041877
-0.040138
-0.038616
-0.035903
-0.035385
-0.036493
-0.036978
-0.038289
-0.040829
-0.043595
-0.045864
-0.045842
-0.043975
-0.042374
-0.040761
-0.038711
-0.037779
-0.037347
-0.037460
-0.037977
-0.038076
-0.037240
-0.038561
-0.038808
-0.038186
-0.037277
-0.035556
-0.035308
-0.036138
-0.036714
-0.037241
-0.036754
-0.035600
-0.035396
-0.033610
-0.030817
-0.028954
-0.028072
-0.027651
-0.026869
-0.026093
-0.026093
-0.024297
-0.021423
-0.019088
-0.020271
-0.021796
-0.023710
-0.027793
-0.031226
-0.032648
-0.031316
-0.028720
-0.026984
-0.024430
-0.023192
-0.022545
-0.022447
-0.022719
-0.023612
-0.025193
-0.026151
-0.029304
-0.031298
-0.032178
-0.033114
-0.032595
-0.033542
-0.034326
-0.035281
-0.036053
-0.037319
-0.038657
-0.039339
-0.038818
-0.038201
-0.037791
-0.037388
-0.037078
-0.035257
-0.033406
-0.032327
-0.030129
-0.026481
-0.024760
-0.025706
-0.028141
-0.032270
-0.035694
-0.038994
-0.040014
-0.038156
-0.035105
-0.033552
-0.031490
-0.029860
-0.028742
-0.028111
-0.028230
-0.028614
-0.028845
-0.029204
-0.032930
-0.035683
-0.037664
-0.039404
-0.040031
-0.040653
-0.041429
-0.041233
-0.039892
-0.039191
-0.039807
-0.043017
-0.043340
-0.045024
-0.045071
-0.045206
-0.045534
-0.044731
-0.043137
-0.043905
-0.043741
-0.040753
-0.039264
-0.040447
-0.042976
-0.047014
-0.050199
-0.053942
-0.055824
-0.054747
-0.052078
-0.049351
-0.045937
-0.043894
-0.042695
-0.041931
-0.041496
-0.040974
-0.040719
-0.039410
-0.040061
-0.039523
-0.041374
-0.045566
-0.049305
-0.052552
-0.055174
-0.056714
-0.057098
-0.056649
-0.056646
-0.058155
-0.058052
-0.060356
-0.063742
-0.067273
-0.071211
-0.074402
-0.076047
-0.075323
-0.074798
-0.071970
-0.069182
-0.067004
-0.063322
-0.060049
-0.057524
-0.054472
-0.051913
-0.048393
-0.044690
-0.041210
-0.036103
-0.030558
-0.025407
-0.021592
-0.018577
-0.014612
-0.010174
-0.007619
-0.004177
-0.001238
0.003437
0.005155
0.004763
0.000905
-0.004781
-0.008463
-0.009691
-0.007705
-0.004176
-0.000897
0.003812
0.007241
0.009647
0.011380
0.012920
0.015141
0.016758
0.017090
0.017066
0.017402
0.014885
0.010488
0.006134
0.000727
-0.004314
-0.007915
-0.010315
-0.011243
-0.011531
-0.014081
-0.014020
-0.014797
-0.016155
-0.018908
-0.022627
-0.026925
-0.031220
-0.034156
-0.037997
-0.039273
-0.038735
-0.038431
-0.037117
-0.037525
-0.037629
-0.034806
-0.029916
-0.025266
-0.022083
-0.021689
-0.019087
-0.016859
-0.015523
-0.014885
-0.014497
-0.014130
-0.013092
-0.010559
-0.008609
-0.006616
-0.004365
-0.003233
-0.003382
-0.004673
-0.008641
-0.012003
-0.014520
-0.014772
-0.014681
-0.014429
-0.012248
-0.010685
-0.010109
-0.010238
-0.010935
-0.010674
-0.010735
-0.010371
-0.010453
-0.009120
-0.009960
-0.013442
-0.017406
-0.020963
-0.024010
-0.027386
-0.029346
-0.028545
-0.026573
-0.026833
-0.024585
-0.023842
-0.024327
-0.025300
-0.027088
-0.029604
-0.031899
-0.033308
-0.036310
-0.037567
-0.036916
-0.036702
-0.034516
-0.032969
-0.031174
-0.029040
-0.026301
-0.024082
-0.023052
-0.024638
-0.022864
-0.020274
-0.017792
-0.016526
-0.016008
-0.015122
-0.013994
-0.014060
-0.013135
-0.009893
-0.008092
-0.009322
-0.011741
-0.015647
-0.018999
-0.022606
-0.023772
-0.021722
-0.018520
-0.016589
-0.014214
-0.012583
-0.011635
-0.011273
-0.011393
-0.011606
-0.011144
-0.010802
-0.014427
-0.018218
-0.021944
-0.024661
-0.025626
-0.028431
-0.031759
-0.033232
-0.032827
-0.032667
-0.033803
-0.037800
-0.039714
-0.042568
-0.045810
-0.048802
-0.051708
-0.053351
-0.053439
-0.050853
-0.048137
-0.044437
-0.043083
-0.042367
-0.042864
-0.044950
-0.048594
-0.050950
-0.052280
-0.051381
-0.050118
-0.048898
-0.046162
-0.043778
-0.042084
-0.041105
-0.040839
-0.039415
-0.037996
-0.037286
-0.035614
-0.032048
-0.033665
-0.038440
-0.042194
-0.046204
-0.048937
-0.050437
-0.049972
-0.047193
-0.043616
-0.042613
-0.041082
-0.040159
-0.039967
-0.040357
-0.041284
-0.043131
-0.045184
-0.047232
-0.052594
-0.057401
-0.061388
-0.064559
-0.065265
-0.066614
-0.068793
-0.071380
-0.073858
-0.075738
-0.077619
-0.079464
-0.080278
-0.081024
-0.081908
-0.083116
-0.084376
-0.084412
-0.084162
-0.083436
-0.083081
-0.080532
-0.080061
-0.083530
-0.085956
-0.088071
-0.090411
-0.093388
-0.094181
-0.091979
-0.088660
-0.086945
-0.082900
-0.080880
-0.080601
-0.081145
-0.082503
-0.083928
-0.085449
-0.086026
-0.086311
-0.084387
-0.080239
-0.077389
-0.074308
-0.071931
-0.070944
-0.071317
-0.070161
-0.066941
-0.063133
-0.062560
-0.060350
-0.058213
-0.055388
-0.053587
-0.052457
-0.051323
-0.050479
-0.050555
-0.050203
-0.048597
-0.048544
-0.051111
-0.053912
-0.057426
-0.061068
-0.064990
-0.068076
-0.068230
-0.066882
-0.067396
-0.064975
-0.063517
-0.063402
-0.063874
-0.064813
-0.066822
-0.068128
-0.067815
-0.067209
-0.065130
-0.061671
-0.060926
-0.058677
-0.055780
-0.053773
-0.052678
-0.050137
-0.045607
-0.040569
-0.037262
-0.033839
-0.031822
-0.029164
-0.027422
-0.026942
-0.027013
-0.027594
-0.027982
-0.028372
-0.025759
-0.024947
-0.025975
-0.025465
-0.024032
-0.022304
-0.021620
-0.020327
-0.017632
-0.016209
-0.013659
-0.009724
-0.006363
-0.003743
-0.002156
-0.000978
0.000206
0.001050
0.001131
0.002383
0.005751
0.005462
0.003372
0.001939
0.000017
-0.001783
-0.004077
-0.004907
-0.003371
-0.000952
0.000066
0.001896
0.003174
0.003507
0.003055
0.002016
0.000459
-0.001014
-0.001481
-0.002394
-0.002565
-0.002326
-0.004060
-0.004213
-0.004503
-0.005617
-0.007870
-0.009404
-0.008682
-0.006683
-0.007301
-0.004793
-0.002038
-0.000890
-0.000592
-0.000868
-0.001793
-0.002668
-0.002210
-0.003013
-0.001961
-0.003568
-0.006280
-0.007941
-0.008585
-0.008729
-0.009808
-0.010761
-0.010320
-0.009386
-0.011306
-0.009877
-0.008916
-0.008868
-0.009372
-0.010861
-0.011997
-0.013892
-0.014700
-0.015102
-0.012862
-0.011565
-0.012786
-0.013171
-0.012217
-0.011206
-0.011663
-0.011997
-0.011146
-0.009857
-0.010090
-0.008654
-0.008268
-0.007018
-0.006339
-0.006229
-0.006492
-0.006995
-0.007170
-0.007967
-0.007902
-0.008209
-0.008633
-0.007038
-0.006525
-0.007285
-0.008394
-0.008232
-0.005780
-0.002437
-0.002551
0.000591
0.003320
0.005013
0.005937
0.006148
0.005520
0.004775
0.003363
0.004678
0.006389
0.009363
0.010485
0.011635
0.011588
0.010196
0.007903
0.006927
0.008523
0.011655
0.013417
0.017964
0.022951
0.027281
0.030415
0.032351
0.034113
0.036970
0.038732
0.038455
0.037170
0.034771
0.032753
0.031245
0.028851
0.025724
0.022232
0.019528
0.018142
0.017092
0.013197
0.010592
0.007817
0.004021
-0.000445
-0.005255
-0.009004
-0.011203
-0.012681
-0.013292
-0.013274
-0.014938
-0.016274
-0.016793
-0.017443
-0.018699
-0.019550
-0.020327
-0.019859
-0.019870
-0.020824
-0.019490
-0.018373
-0.018566
-0.020266
-0.022691
-0.023830
-0.023977
-0.023287
-0.021842
-0.018724
-0.018791
-0.020042
-0.021400
-0.022377
-0.022553
-0.021866
-0.021116
-0.019197
-0.017250
-0.014423
-0.013891
-0.014751
-0.015548
-0.017343
-0.019965
-0.020741
-0.021470
-0.023284
-0.022614
-0.022631
-0.023946
-0.024860
0.000031
0.000201
0.000361
0.000484
0.000923
0.002655
0.003283
0.002486
0.000431
-0.002525
-0.005654
-0.008114
-0.009784
-0.010707
-0.011340
-0.012151
-0.012366
-0.012296
-0.012776
-0.009331
-0.007783
-0.009000
-0.010292
-0.010982
-0.012119
-0.015291
-0.016146
-0.016020
-0.015299
-0.015454
-0.016271
-0.016667
-0.016962
-0.017886
-0.014836
-0.010140
-0.009140
-0.009824
-0.009118
-0.010393
-0.010344
-0.010818
-0.011109
-0.011207
-0.008144
-0.004340
-0.001691
0.003217
0.010377
0.016514
0.017106
0.012594
0.007004
0.002483
0.000742
0.003512
0.005876
0.005492
0.004220
0.003726
0.004544
0.007269
0.011403
0.017500
0.025584
0.031415
0.034896
0.033410
0.035298
0.044307
0.052857
0.057503
0.061701
0.066785
0.071684
0.074576
0.074260
0.073189
0.072256
0.073572
0.074261
0.073070
0.071828
0.070268
0.073830
0.077806
0.083076
0.091895
0.103891
0.116783
0.127386
0.133106
0.134955
0.135075
0.135210
0.137929
0.134880
0.130960
0.129207
0.126446
0.123441
0.121258
0.119273
0.118922
0.120365
0.123451
0.126094
0.125938
0.125067
0.124392
0.121644
0.118982
0.117937
0.116220
0.112665
0.105958
0.099011
0.092798
0.087820
0.085327
0.084820
0.083811
0.083241
0.082220
0.081241
0.081013
0.078729
0.075775
0.074431
0.071545
0.067109
0.063109
0.060038
0.057639
0.056078
0.056511
0.057432
0.062647
0.071123
0.079840
0.083375
0.081375
0.077232
0.070684
0.064903
0.054120
0.042475
0.033526
0.026222
0.021543
0.016074
-0.000155
-0.000785
-0.001213
-0.001443
-0.001556
-0.001534
-0.001491
-0.001449
-0.000953
0.001352
0.002780
0.003308
0.002611
0.000691
-0.002076
-0.004988
-0.007108
-0.007941
-0.007292
-0.007747
-0.011481
-0.014196
-0.016682
-0.020377
-0.023792
-0.025553
-0.027090
-0.027802
-0.027427
-0.026367
-0.026458
-0.027313
-0.026356
-0.025461
-0.026342
-0.027344
-0.027759
-0.027270
-0.025319
-0.022815
-0.020380
-0.021487
-0.024835
-0.027478
-0.028125
-0.027716
-0.026583
-0.025443
-0.022825
-0.020002
-0.016134
-0.015345
-0.013487
-0.010031
-0.007841
-0.010507
-0.016337
-0.021266
-0.025162
-0.027242
-0.026553
-0.026515
-0.027436
-0.030816
-0.034573
-0.036177
-0.039074
-0.042501
-0.045026
-0.048313
-0.048741
-0.049254
-0.049417
-0.049304
-0.050484
-0.053351
-0.055318
-0.056377
-0.055291
-0.051622
-0.046108
-0.044554
-0.045670
-0.047025
-0.047576
-0.048233
-0.047523
-0.044966
-0.041345
-0.038576
-0.040491
-0.039857
-0.039285
-0.039231
-0.040125
-0.041847
-0.043781
-0.045082
-0.045402
-0.044654
-0.042550
-0.043722
-0.047466
-0.049274
-0.051341
-0.051629
-0.051286
-0.049824
-0.046130
-0.041201
-0.036329
-0.033061
-0.026773
-0.021906
-0.019523
-0.018547
-0.019055
-0.021396
-0.023183
-0.022605
-0.021706
-0.019999
-0.020592
-0.022254
-0.022921
-0.023953
-0.024469
-0.025015
-0.025269
-0.024815
-0.024724
-0.029435
-0.030764
-0.033036
-0.035807
-0.038791
-0.042280
-0.045757
-0.049144
-0.050826
-0.050923
-0.048195
-0.049419
-0.052133
-0.054221
-0.055829
-0.057084
-0.057060
-0.056796
-0.055374
-0.054085
-0.053234
-0.050469
-0.048456
-0.047831
-0.048405
-0.050544
-0.051893
-0.050826
-0.048479
-0.045144
-0.039899
-0.039120
-0.039479
-0.038798
-0.038333
-0.038176
-0.037467
-0.036759
-0.034899
-0.032766
-0.032556
-0.032179
-0.033360
-0.034659
-0.037060
-0.040613
-0.044463
-0.048506
-0.050912
-0.050328
-0.048435
-0.051420
-0.054582
-0.056719
-0.059918
-0.062111
-0.063858
-0.065283
-0.065021
-0.063481
-0.063333
-0.059459
-0.057443
-0.056936
-0.057822
-0.060287
-0.062945
-0.065985
-0.067563
-0.066280
-0.062487
-0.062112
-0.062532
-0.063438
-0.064681
-0.066074
-0.067250
-0.068461
-0.068208
-0.068662
-0.070061
-0.069977
-0.070444
-0.070457
-0.071465
-0.072816
-0.074487
-0.075361
-0.075918
-0.075717
-0.073925
-0.076782
-0.081288
-0.085652
-0.089262
-0.093081
-0.096715
-0.099552
-0.100743
-0.100829
-0.099262
-0.098444
-0.096951
-0.097226
-0.099084
-0.102815
-0.107876
-0.112251
-0.114961
-0.116570
-0.116143
-0.117652
-0.120187
-0.122201
-0.122956
-0.122296
-0.120468
-0.118715
-0.115825
-0.112840
-0.113042
-0.111223
-0.110783
-0.110683
-0.111549
-0.114811
-0.119251
-0.122915
-0.125382
-0.125327
-0.122474
-0.124019
-0.127647
-0.131018
-0.133930
-0.135574
-0.134966
-0.133761
-0.131303
-0.128436
-0.127294
-0.122363
-0.118721
-0.117501
-0.117819
-0.118236
-0.119548
-0.119629
-0.118560
-0.117595
-0.115551
-0.113938
-0.116477
-0.119627
-0.121893
-0.123243
-0.123037
-0.120839
-0.116198
-0.109974
-0.104895
-0.096218
-0.089782
-0.086742
-0.085226
-0.086594
-0.088462
-0.089921
-0.089449
-0.086684
-0.082942
-0.084560
-0.087115
-0.089117
-0.091246
-0.093052
-0.094715
-0.095350
-0.094743
-0.094099
-0.097347
-0.097039
-0.097780
-0.100369
-0.104411
-0.110158
-0.115793
-0.120589
-0.123701
-0.122885
-0.119375
-0.121345
-0.124478
-0.127103
-0.128972
-0.130504
-0.132040
-0.132550
-0.130673
-0.127187
-0.122526
-0.115526
-0.110092
-0.107703
-0.107627
-0.108250
-0.108406
-0.109207
-0.109337
-0.109144
-0.108786
-0.109482
-0.114141
-0.117921
-0.119438
-0.119155
-0.117084
-0.113766
-0.108693
-0.103205
-0.100164
-0.092968
-0.087570
-0.085315
-0.084907
-0.085861
-0.088409
-0.089973
-0.090513
-0.091172
-0.090635
-0.089476
-0.088140
-0.086688
-0.086196
-0.086377
-0.085777
-0.084569
-0.082013
-0.078934
-0.076234
-0.072240
-0.069755
-0.068868
-0.069174
-0.071288
-0.073350
-0.075730
-0.076674
-0.074887
-0.072122
-0.074159
-0.076608
-0.078015
-0.079676
-0.081519
-0.082610
-0.083562
-0.082888
-0.081398
-0.082980
-0.081375
-0.080288
-0.080526
-0.081867
-0.085129
-0.088385
-0.090656
-0.090621
-0.086480
-0.081074
-0.082965
-0.087113
-0.090748
-0.091103
-0.089820
-0.087524
-0.085267
-0.080919
-0.075076
-0.068914
-0.064718
-0.057096
-0.051316
-0.048665
-0.047572
-0.047488
-0.047240
-0.046114
-0.045198
-0.042755
-0.039864
-0.042098
-0.045301
-0.047964
-0.051184
-0.053667
-0.054991
-0.056872
-0.057202
-0.055792
-0.053921
-0.048584
-0.045472
-0.045017
-0.046239
-0.049906
-0.054260
-0.057137
-0.057206
-0.054475
-0.051342
-0.052616
-0.054549
-0.056473
-0.059189
-0.060919
-0.061935
-0.062106
-0.060946
-0.059570
-0.061770
-0.061015
-0.060287
-0.060406
-0.061038
-0.063082
-0.063433
-0.062220
-0.059362
-0.054867
-0.050246
-0.052376
-0.054764
-0.055169
-0.056637
-0.057082
-0.056544
-0.055118
-0.054565
-0.052593
-0.049556
-0.045825
-0.038638
-0.035254
-0.032003
-0.029168
-0.026527
-0.024358
-0.021137
-0.017093
-0.014340
-0.015062
-0.021031
-0.029901
-0.039139
-0.046228
-0.051348
-0.053952
-0.055271
-0.056659
-0.056875
-0.055365
-0.052860
-0.049664
-0.046251
-0.043035
-0.043017
-0.045654
-0.049728
-0.052546
-0.052730
-0.053362
-0.054995
-0.056709
-0.058877
-0.061672
-0.064409
-0.067100
-0.068251
-0.068239
-0.068943
-0.068044
-0.066387
-0.066315
-0.062432
-0.060426
-0.060694
-0.061874
-0.063608
-0.063226
-0.061444
-0.059818
-0.057398
-0.053757
-0.056387
-0.060364
-0.063262
-0.065695
-0.066535
-0.067204
-0.068406
-0.067591
-0.064608
-0.058434
-0.052688
-0.046602
-0.043009
-0.041951
-0.044262
-0.047566
-0.050094
-0.050915
-0.048922
-0.046314
-0.046970
-0.049411
-0.050947
-0.052359
-0.052567
-0.051926
-0.052111
-0.051475
-0.050287
-0.052002
-0.050618
-0.049906
-0.050006
-0.050860
-0.053171
-0.055140
-0.055953
-0.055296
-0.051347
-0.045733
-0.048759
-0.054325
-0.058822
-0.061310
-0.061841
-0.062114
-0.063625
-0.064241
-0.063389
-0.060375
-0.056710
-0.051504
-0.048039
-0.046712
-0.046195
-0.045743
-0.044154
-0.043056
-0.041809
-0.040178
-0.042905
-0.047442
-0.050653
-0.052078
-0.050514
-0.048350
-0.046500
-0.042459
-0.036602
-0.030243
-0.026294
-0.018928
-0.013917
-0.012499
-0.013170
-0.014495
-0.014031
-0.012396
-0.010839
-0.009299
-0.008032
-0.012538
-0.017852
-0.022434
-0.025173
-0.026942
-0.028313
-0.030471
-0.031280
-0.030321
-0.029685
-0.025356
-0.022908
-0.024013
-0.024912
-0.026881
-0.028542
-0.028545
-0.028753
-0.026584
-0.024120
-0.028477
-0.034778
-0.039981
-0.043844
-0.046537
-0.048823
-0.052359
-0.055005
-0.056259
-0.055985
-0.054647
-0.056311
-0.059929
-0.064415
-0.070512
-0.074992
-0.078465
-0.079726
-0.078078
-0.076125
-0.077743
-0.081151
-0.083933
-0.084958
-0.085180
-0.085325
-0.086224
-0.086105
-0.086636
-0.087827
-0.086699
-0.086517
-0.087221
-0.089216
-0.091261
-0.091918
-0.091872
-0.091385
-0.087554
-0.081437
-0.079463
-0.080814
-0.081514
-0.078655
-0.076868
-0.077464
-0.078837
-0.080611
-0.080980
-0.079873
-0.077929
-0.072581
-0.066983
-0.063030
-0.061446
-0.061679
-0.062244
-0.060560
-0.058525
-0.056413
-0.054656
-0.055186
-0.062404
-0.069178
-0.070521
-0.068897
-0.067809
-0.066575
-0.063792
-0.060933
-0.057016
-0.053017
-0.050228
-0.047796
-0.046297
-0.046600
-0.048458
-0.051944
-0.053683
-0.053782
-0.053570
-0.051244
-0.048728
-0.049853
-0.054881
-0.060098
-0.063666
-0.066569
-0.067495
-0.067251
-0.066300
-0.064318
-0.061981
-0.058504
-0.055501
-0.052712
-0.052141
-0.054317
-0.057910
-0.060459
-0.061474
-0.060094
-0.056026
-0.052400
-0.054275
-0.057175
-0.060239
-0.061032
-0.060445
-0.060219
-0.059533
-0.057359
-0.056170
-0.053927
-0.050382
-0.048196
-0.047552
-0.048018
-0.047121
-0.045621
-0.044420
-0.043157
-0.040463
-0.038512
-0.042583
-0.046660
-0.048679
-0.049933
-0.051463
-0.053194
-0.053995
-0.054895
-0.053947
-0.051836
-0.049328
-0.045389
-0.042171
-0.039506
-0.037996
-0.037937
-0.036062
-0.032322
-0.029858
-0.027792
-0.023972
-0.024927
-0.028781
-0.031572
-0.033607
-0.034331
-0.034811
-0.033944
-0.033382
-0.031168
-0.027365
-0.023980
-0.018845
-0.015294
-0.012464
-0.011745
-0.012070
-0.009512
-0.003996
0.001154
0.007788
0.013685
0.012084
0.007091
0.003438
0.002027
0.002786
0.004921
0.007094
0.010211
0.013315
0.014579
0.017477
0.020866
0.022842
0.023721
0.023660
0.024494
0.026763
0.027982
0.030477
0.033043
0.028356
0.019996
0.013609
0.008322
0.004375
0.002258
-0.000933
-0.003234
-0.003479
-0.003416
-0.001038
0.000849
0.000217
-0.002153
-0.005318
-0.006639
-0.006740
-0.007461
-0.006137
-0.004350
-0.005217
-0.007942
-0.010513
-0.013592
-0.016098
-0.017046
-0.018096
-0.018029
-0.016913
-0.014466
-0.011604
-0.010199
-0.008956
-0.008644
-0.009601
-0.010554
-0.010744
-0.010665
-0.010112
-0.008372
-0.013170
-0.021270
-0.028414
-0.033025
-0.036481
-0.038553
-0.039699
-0.039722
-0.040475
-0.041412
-0.038985
-0.039196
-0.038937
-0.040084
-0.042342
-0.045189
-0.045759
-0.045616
-0.044027
-0.042668
-0.048662
-0.057810
-0.064992
-0.067751
-0.068361
-0.067863
-0.066240
-0.065443
-0.065104
-0.064148
-0.062841
-0.065046
-0.065375
-0.067667
-0.073421
-0.079718
-0.085542
-0.088365
-0.089718
-0.089051
-0.085589
-0.083058
-0.087779
-0.094110
-0.099051
-0.102489
-0.103380
-0.102628
-0.101710
-0.099962
-0.098500
-0.095585
-0.093274
-0.089726
-0.088053
-0.089442
-0.092384
-0.095055
-0.096304
-0.096236
-0.094504
-0.092423
-0.097956
-0.105532
-0.109867
-0.110791
-0.112046
-0.113016
-0.113087
-0.112386
-0.110365
-0.107366
-0.103130
-0.099089
-0.097514
-0.098096
-0.102743
-0.107198
-0.108212
-0.108909
-0.108544
-0.105283
-0.103233
-0.109929
-0.118018
-0.122621
-0.125990
-0.127938
-0.130164
-0.133128
-0.134992
-0.134596
-0.131581
-0.126397
-0.122948
-0.120920
-0.122020
-0.126527
-0.130294
-0.131474
-0.130572
-0.127684
-0.121668
-0.119673
-0.126571
-0.132246
-0.135573
-0.137819
-0.139169
-0.142218
-0.146141
-0.150953
-0.155051
-0.156751
-0.155089
-0.151451
-0.147926
-0.147355
-0.148317
-0.151488
-0.155226
-0.157324
-0.157903
-0.156548
-0.152926
-0.153382
-0.158570
-0.160941
-0.164164
-0.163687
-0.155365
-0.149448
-0.145510
-0.141952
-0.136450
-0.131615
-0.125230
-0.113549
-0.097306
-0.079979
-0.071235
-0.065566
-0.059142
-0.053078
-0.050440
-0.048282
-0.045506
-0.044157
-0.048008
-0.055474
-0.060673
-0.062694
-0.063415
-0.060585
-0.057127
-0.056154
-0.054176
-0.051075
-0.047310
-0.043563
-0.038110
-0.035340
-0.034133
-0.033120
-0.031737
-0.030789
-0.029861
-0.029822
-0.028521
-0.024840
-0.020794
-0.021572
-0.026946
-0.032597
-0.037194
-0.037901
-0.035178
-0.032777
-0.030120
-0.026587
-0.023131
-0.020839
-0.020430
-0.021426
-0.023937
-0.027016
-0.028636
-0.027361
-0.025663
-0.023890
-0.020937
-0.019592
-0.024326
-0.030524
-0.034751
-0.038737
-0.042158
-0.044988
-0.048661
-0.052408
-0.054233
-0.054566
-0.053264
-0.053190
-0.054095
-0.056581
-0.061179
-0.064432
-0.066991
-0.070410
-0.072829
-0.074366
-0.079192
-0.091723
-0.101860
-0.109208
-0.114937
-0.119495
-0.124869
-0.130467
-0.135576
-0.139562
-0.140194
-0.138050
-0.136128
-0.135335
-0.134418
-0.133383
-0.134675
-0.134540
-0.134053
-0.133209
-0.130855
-0.127958
-0.130566
-0.136471
-0.142839
-0.149418
-0.154757
-0.156537
-0.157180
-0.156962
-0.154891
-0.151783
-0.149126
-0.145227
-0.143510
-0.142409
-0.141258
-0.142289
-0.143159
-0.144841
-0.145782
-0.144424
-0.141032
-0.140634
-0.144655
-0.147537
-0.149095
-0.150431
-0.152187
-0.154092
-0.156250
-0.157010
-0.154488
-0.148229
-0.141512
-0.135336
-0.130304
-0.129210
-0.130069
-0.127690
-0.125629
-0.123092
-0.118837
-0.113285
-0.115771
-0.125318
-0.131520
-0.134565
-0.135814
-0.137833
-0.142526
-0.146747
-0.148079
-0.146943
-0.141609
-0.135741
-0.134733
-0.134287
-0.134778
-0.135226
-0.136671
-0.138151
-0.139032
-0.138715
-0.138845
-0.141966
-0.143177
-0.139576
-0.132907
-0.129177
-0.122108
-0.116439
-0.111910
-0.109626
-0.108848
-0.105068
-0.095152
-0.078970
-0.063793
-0.054191
-0.044695
-0.034886
-0.026317
-0.024410
-0.023520
-0.020444
-0.016351
-0.014459
-0.015139
-0.013495
-0.009932
-0.006883
-0.001230
0.006669
0.012472
0.013382
0.013481
0.015973
0.021530
0.029252
0.039131
0.050723
0.059905
0.066825
0.073221
0.073884
0.070476
0.067768
0.063707
0.056813
0.047558
0.037214
0.028663
0.021937
0.016355
0.010977
0.005568
-0.000240
-0.004543
-0.006492
-0.007094
-0.010219
-0.013649
-0.015951
-0.017647
-0.017022
-0.016612
-0.016911
-0.016773
-0.014913
-0.013479
-0.017224
-0.022589
-0.027336
-0.029423
-0.030344
-0.030372
-0.030323
-0.029144
-0.026876
-0.026520
-0.024881
-0.024467
-0.024060
-0.023772
-0.025279
-0.025736
-0.026309
-0.027325
-0.027053
-0.025815
-0.029508
-0.036775
-0.042464
-0.045244
-0.046323
-0.048208
-0.051666
-0.053606
-0.052397
-0.046797
-0.040897
-0.038194
-0.036437
-0.036386
-0.035730
-0.031904
-0.027407
-0.023105
-0.017160
-0.012018
-0.014844
-0.021278
-0.024171
-0.024904
-0.025783
-0.027147
-0.029682
-0.032779
-0.034747
-0.035133
-0.037196
-0.037533
-0.040959
-0.046632
-0.051499
-0.053706
-0.054529
-0.053513
-0.052133
-0.051118
-0.052847
-0.062239
-0.071862
-0.077152
-0.080003
-0.081644
-0.082627
-0.084447
-0.087538
-0.089170
-0.088539
-0.085737
-0.085249
-0.085177
-0.084266
-0.081505
-0.079872
-0.080183
-0.079272
-0.076357
-0.072025
-0.068835
-0.072291
-0.075705
-0.078403
-0.080091
-0.080558
-0.080639
-0.080883
-0.081005
-0.078719
-0.073650
-0.069650
-0.067512
-0.071977
-0.076829
-0.080653
-0.081758
-0.082352
-0.081775
-0.080042
-0.078866
-0.081790
-0.090258
-0.100296
-0.108775
-0.116682
-0.122556
-0.125984
-0.127266
-0.127468
-0.127324
-0.125382
-0.121451
-0.116638
-0.114407
-0.112990
-0.109929
-0.107494
-0.105665
-0.104899
-0.103182
-0.100813
-0.100283
-0.100946
-0.102357
-0.106433
-0.110883
-0.117075
-0.123101
-0.128085
-0.130289
-0.130434
-0.127656
-0.123968
-0.122475
-0.122792
-0.124032
-0.125453
-0.126523
-0.129084
-0.131524
-0.132247
-0.132267
-0.137748
-0.147797
-0.156109
-0.164884
-0.172107
-0.176411
-0.179913
-0.183768
-0.186938
-0.187979
-0.186763
-0.184620
-0.182516
-0.183112
-0.187948
-0.194083
-0.198224
-0.202593
-0.204584
-0.204428
-0.204547
-0.203233
-0.205988
-0.209309
-0.211601
-0.211895
-0.211698
-0.211002
-0.208987
-0.204546
-0.198019
-0.188395
-0.182447
-0.178073
-0.174383
-0.170976
-0.170466
-0.169705
-0.167549
-0.163142
-0.158229
-0.154321
-0.153080
-0.152872
-0.153939
-0.152268
-0.148496
-0.144336
-0.139569
-0.133220
-0.125209
-0.116209
-0.106909
-0.099069
-0.091976
-0.084927
-0.080633
-0.079296
-0.078719
-0.076487
-0.071771
-0.065459
-0.062151
-0.061630
-0.064849
-0.071429
-0.078394
-0.082529
-0.085242
-0.084429
-0.082835
-0.081280
-0.079885
-0.077477
-0.072934
-0.068534
-0.066383
-0.066844
-0.074464
-0.081978
-0.086828
-0.088320
-0.090082
-0.092241
-0.094203
-0.097489
-0.101752
-0.108065
-0.113701
-0.117789
-0.118000
-0.116018
-0.113284
-0.110341
-0.104722
-0.095985
-0.087516
-0.081188
-0.075423
-0.068504
-0.061524
-0.054445
-0.050491
-0.047641
-0.044532
-0.042964
-0.041911
-0.041199
-0.042192
-0.044540
-0.044737
-0.046438
-0.047905
-0.048834
-0.047781
-0.044352
-0.040991
-0.036365
-0.033518
-0.032397
-0.032461
-0.033288
-0.033783
-0.034568
-0.035385
-0.037063
-0.040079
-0.047446
-0.056979
-0.064972
-0.070974
-0.076697
-0.081429
-0.085548
-0.090382
-0.093937
-0.094315
-0.091873
-0.091373
-0.092357
-0.093857
-0.094573
-0.092813
-0.091534
-0.091770
-0.091448
-0.089844
-0.089618
-0.092144
-0.097987
-0.104527
-0.108927
-0.113261
-0.117119
-0.118990
-0.118600
-0.116622
-0.114559
-0.113878
-0.116781
-0.121960
-0.125276
-0.125816
-0.126422
-0.127575
-0.129700
-0.132564
-0.137186
-0.143040
-0.149051
-0.153669
-0.151983
-0.148298
-0.146103
-0.144769
-0.144071
-0.140796
-0.133706
-0.123286
-0.116413
-0.108287
-0.100437
-0.090864
-0.084864
-0.082258
-0.080291
-0.078695
-0.077947
-0.077032
-0.079432
-0.078781
-0.077664
-0.075114
-0.071221
-0.066167
-0.062552
-0.058008
-0.051048
-0.042045
-0.031660
-0.023115
-0.015950
-0.008970
-0.000775
0.005959
0.010312
0.014523
0.019540
0.024884
0.029995
0.030939
0.030516
0.027264
0.024654
0.021430
0.018971
0.018982
0.022157
0.027302
0.033268
0.035392
0.035120
0.033537
0.036183
0.041911
0.045912
0.058221
0.076149
0.097404
-0.000008
-0.001992
-0.005125
-0.007968
-0.010650
-0.013139
-0.015265
-0.016892
-0.017988
-0.018862
-0.019741
-0.020612
-0.021413
-0.021895
-0.021399
-0.019504
-0.015905
-0.012737
-0.010734
-0.011080
-0.015384
-0.024031
-0.034801
-0.046011
-0.058683
-0.067428
-0.069990
-0.071060
-0.071598
-0.071815
-0.071149
-0.070895
-0.071718
-0.071138
-0.068931
-0.068543
-0.070670
-0.074558
-0.078961
-0.084255
-0.090847
-0.097407
-0.103037
-0.106451
-0.107726
-0.106797
-0.103621
-0.098107
-0.090264
-0.080477
-0.069529
-0.059254
-0.049517
-0.024517
0.000197
0.000135
-0.000497
-0.001034
-0.001703
-0.002593
-0.003701
-0.004929
-0.006204
-0.007469
-0.008667
-0.010206
-0.012376
-0.015182
-0.018650
-0.022787
-0.028554
-0.035733
-0.043441
-0.049938
-0.053725
-0.054085
-0.051875
-0.048630
-0.044134
-0.037926
-0.032518
-0.035073
-0.039324
-0.045784
-0.054957
-0.065048
-0.074329
-0.081356
-0.085226
-0.085488
-0.083711
-0.080748
-0.077141
-0.073137
-0.069117
-0.065728
-0.063452
-0.062652
-0.063668
-0.066798
-0.069507
0.000180
0.005146
0.012009
0.018530
0.025194
0.031831
0.038085
0.043327
0.047377
0.049958
0.052303
0.055325
0.058918
0.063044
0.067482
0.072194
0.076810
0.080017
0.081090
0.080168
0.077092
0.071965
0.066391
0.062108
0.060460
0.060849
0.060373
0.059448
0.059249
0.060354
0.060106
0.059940
0.062499
0.068683
0.079215
0.094284
0.107198
0.113696
0.119189
0.124964
0.134552
0.148178
0.161898
0.176629
0.193008
0.205877
0.210474
-0.000235
-0.004863
-0.011497
-0.017946
-0.023912
-0.029335
-0.034166
-0.038366
-0.041803
-0.044635
-0.047026
-0.048984
-0.050573
-0.051804
-0.052468
-0.052523
-0.051261
-0.047433
-0.042191
-0.036499
-0.031657
-0.029065
-0.029574
-0.032416
-0.036802
-0.042263
-0.042131
-0.044889
-0.048270
-0.053962
-0.061971
-0.069297
-0.077293
-0.084886
-0.088855
-0.093530
-0.093280
-0.000098
-0.002891
-0.007222
-0.011270
-0.015013
-0.018511
-0.021815
-0.024779
-0.026727
-0.026526
-0.025962
-0.026145
-0.026379
-0.026370
-0.025525
-0.023009
-0.018337
-0.014529
-0.012800
-0.019431
-0.023935
-0.027777
-0.034647
-0.044654
-0.055716
-0.068183
-0.079626
-0.088938
-0.094823
-0.098336
-0.099536
-0.097793
-0.093170
-0.089160
-0.084252
-0.078318
-0.078989
-0.086474
-0.099760
-0.116313
-0.134308
-0.152840
-0.171031
-0.188215
-0.198319
-0.202832
-0.205035
-0.206993
-0.209401
-0.212604
-0.217100
-0.222386
-0.225305
-0.217877
-0.202608
-0.184236
-0.181767
-0.195933
-0.216950
-0.244964
-0.279569
-0.320792
0.000115
0.000707
0.001281
0.001795
0.002124
0.002230
0.002134
0.001807
0.001308
0.000706
-0.000061
-0.001059
-0.002358
-0.003956
-0.005720
-0.007365
-0.008662
-0.010547
-0.013090
-0.016238
-0.019910
-0.024319
-0.028658
-0.032460
-0.035529
-0.038080
-0.040398
-0.042450
-0.044059
-0.045417
-0.047043
-0.049543
-0.053250
-0.058632
-0.065795
-0.072357
-0.077305
-0.080152
-0.081749
-0.085533
-0.094859
-0.106014
-0.117337
-0.129329
-0.141751
-0.153632
-0.166583
-0.181813
-0.198300
-0.000139
-0.003400
-0.008157
-0.013172
-0.018089
-0.023025
-0.027779
-0.031223
-0.033821
-0.035879
-0.037209
-0.039347
-0.043164
-0.048369
-0.054593
-0.061647
-0.068971
-0.076160
-0.082584
-0.086967
-0.089835
-0.092412
-0.095254
-0.099177
-0.104399
-0.112305
-0.124539
-0.137066
-0.144286
-0.148779
-0.147779
-0.141885
-0.132192
-0.119882
-0.107468
-0.099447
-0.100159
-0.000112
-0.000527
-0.000867
-0.001060
-0.001112
-0.000976
-0.000651
0.001389
0.002878
0.002931
0.002062
-0.000172
-0.003664
-0.007156
-0.009774
-0.010986
-0.009868
-0.008780
-0.009152
-0.010525
-0.012770
-0.015532
-0.018912
-0.023136
-0.026187
-0.027850
-0.026123
-0.019420
-0.012194
-0.006952
-0.004395
-0.004336
-0.008330
-0.014446
-0.023398
-0.032616
-0.037421
-0.040707
-0.045294
-0.051141
-0.057977
-0.065191
-0.071383
-0.077240
-0.083603
-0.091562
-0.101728
-0.114318
-0.128962
-0.145245
-0.162905
-0.182679
-0.204971
-0.227232
-0.248267
-0.268092
-0.289336
-0.311616
-0.335366
-0.361269
-0.390114
-0.422848
-0.460252
0.000055
-0.000970
-0.002916
-0.004829
-0.006830
-0.008833
-0.010874
-0.012954
-0.015195
-0.017723
-0.020452
-0.023230
-0.026058
-0.028960
-0.031932
-0.034818
-0.038363
-0.042403
-0.046752
-0.051263
-0.055676
-0.059752
-0.062915
-0.064639
-0.065799
-0.066905
-0.068382
-0.070499
-0.073203
-0.076091
-0.078398
-0.079126
-0.077632
-0.073542
-0.068520
-0.070090
-0.080029
-0.094020
-0.109275
-0.124485
-0.141058
-0.153703
-0.161294
-0.163404
-0.162918
-0.163707
-0.168392
-0.170141
-0.167907
-0.163425
-0.156581
-0.148131
-0.138766
-0.130656
-0.122419
-0.117091
-0.116886
-0.119190
-0.125923
-0.137265
-0.000119
-0.000311
-0.000020
0.000273
0.000411
0.000547
0.000657
0.000702
0.001153
0.003463
0.005626
0.006064
0.004801
0.001970
-0.001518
-0.004240
-0.004765
-0.004251
-0.003844
-0.007317
-0.014495
-0.019549
-0.026624
-0.032639
-0.039459
