0.940457
0.975692
1.008685
1.030971
1.042190
1.044506
1.044123
1.041849
1.036393
1.026898
1.012449
0.992055
0.964760
0.929614
0.885611
0.831870
0.820258
0.834466
0.855218
0.880403
0.912789
0.945461
0.975762
1.002810
1.025966
1.044089
1.055408
1.058115
1.054318
1.046356
1.130228
1.298777
1.501197
1.697279
1.864656
1.981473
2.043137
2.084494
2.123167
2.143006
2.142342
2.156097
2.169720
2.167914
2.182885
2.195346
2.196362
2.181458
2.154454
2.121380
2.097243
1.914543
1.721495
0.900000
0.938683
0.947694
0.941355
0.932709
0.923417
0.913354
0.902189
0.889400
0.874520
0.857420
0.837779
0.815088
0.787893
0.753440
0.708288
0.688304
0.710645
0.745487
0.789606
0.841062
0.897604
0.960547
1.028818
1.098470
1.170378
1.233088
1.298722
1.362225
1.421302
1.473268
1.542778
1.685766
1.860058
2.030602
2.172152
2.259111
2.299468
2.311862
2.304456
2.310931
2.329519
2.352196
2.370159
2.376274
2.378068
2.377100
2.373924
2.224213
2.137247
2.109026
2.109026
2.129313
0.900000
0.926280
0.943299
0.959650
0.967049
0.963710
1.080739
1.132556
1.224896
1.253735
1.228378
1.323934
1.442693
1.538239
1.601740
1.521354
1.318627
1.132721
0.995178
0.890575
0.734511
0.567036
0.468970
0.522860
0.567168
0.595300
0.629126
0.784414
0.987606
1.189254
1.351598
1.467466
1.544250
1.595863
1.633318
1.524494
1.375140
1.220739
1.041807
1.083703
1.095697
1.101188
1.102557
1.093338
1.084015
1.075153
1.144993
1.133018
1.088403
1.104100
1.182379
1.321541
1.460530
1.572053
1.668340
1.600678
1.468456
1.284605
1.056682
1.033418
1.034388
1.030414
1.020079
0.997600
0.976155
0.955601
1.014304
1.077864
1.040473
1.095259
1.200056
1.333542
1.462377
1.563417
1.638569
1.551050
1.411181
1.266779
1.079174
0.862130
0.833109
0.841635
0.841236
0.830300
0.821891
0.815227
0.931932
1.118079
1.167396
1.286617
1.413692
1.520573
1.601431
1.659110
1.696389
1.578492
1.409960
1.216310
0.995814
1.029819
1.048146
1.055339
1.058116
1.052089
1.049115
1.049184
1.156143
1.163403
1.120556
1.126711
1.192808
1.320698
1.452078
1.566458
1.662238
1.595699
1.470722
1.314817
1.101779
1.037534
1.045665
1.046158
1.040728
1.026393
1.013120
1.001761
1.090158
1.219736
1.230018
1.333883
1.469594
1.596161
1.696560
1.766898
1.811309
1.695399
1.535477
1.374571
1.221794
1.025150
0.864845
0.933530
0.891534
0.900158
0.896450
0.889994
0.975416
1.121604
1.306425
1.414359
1.544981
1.656656
1.736662
1.788937
1.814636
1.682635
1.491229
1.268997
1.095596
1.121004
1.130594
1.134406
1.136100
1.130929
1.127870
1.126825
1.138923
1.214169
1.189452
1.202000
1.272792
1.401652
1.529533
1.634042
1.610167
1.504133
1.385003
1.239408
1.033039
1.039845
1.035909
1.027143
1.013324
0.990173
0.970042
0.951461
0.991640
1.046061
1.101721
1.135193
1.208835
1.336214
1.468929
1.577993
1.658124
1.569944
1.412279
1.234515
1.080583
0.879345
0.765051
0.801106
0.811568
0.814285
0.819017
0.827224
0.953773
1.145587
1.189724
1.311425
1.444860
1.558798
1.648924
1.715058
1.760496
1.645820
1.476665
1.283180
1.097800
1.133662
1.156799
1.168788
1.173872
1.167358
1.160134
1.154907
1.250003
1.347592
1.311782
1.251982
1.303280
1.428834
1.563976
1.679901
1.771815
1.693693
1.533550
1.334784
1.100487
1.013982
1.022031
1.021906
1.011077
0.990608
0.969350
0.947815
1.059933
1.232357
1.271100
1.390431
1.516833
1.622468
1.699421
1.748652
1.776401
1.654111
1.491963
1.330757
1.126886
0.914828
0.948348
0.967332
0.978766
0.981039
0.984991
0.991424
1.119043
1.303703
1.347489
1.459578
1.587700
1.698350
1.783598
1.842115
1.876552
1.747785
1.548797
1.318755
1.108761
1.138176
1.151811
1.157044
1.157206
1.143924
1.130134
1.119023
1.239631
1.334216
1.301412
1.304757
1.359873
1.465942
1.574228
1.663393
1.734751
1.649091
1.506678
1.342071
1.123127
1.018955
1.036179
1.039833
1.035497
1.019249
1.003542
0.990204
1.107223
1.270584
1.446444
1.560679
1.681160
1.775814
1.833518
1.859428
1.864366
1.717181
1.528754
1.340014
1.168197
0.956023
0.944182
0.965944
0.974856
0.972525
0.969495
0.965141
1.074224
1.247271
1.286318
1.255760
1.358856
1.481667
1.589059
1.669492
1.730490
1.633448
1.483618
1.306965
1.103276
1.135554
1.146491
1.151268
1.152436
1.144763
1.138122
1.132800
1.125869
1.229054
1.321887
1.360271
1.425949
1.531649
1.635201
1.716225
1.776449
1.674209
1.503706
1.311588
1.080735
0.926249
0.942546
0.946911
0.938037
0.917263
0.896865
0.878327
0.995279
1.171655
1.296495
1.404752
1.518163
1.616375
1.688556
1.734810
1.760158
1.630927
1.463605
1.296022
1.133529
0.923069
0.824816
0.853896
0.870257
0.877805
0.881140
0.881511
1.003335
1.188802
1.233127
1.202163
1.304074
1.421304
1.521491
1.598027
1.656394
1.558840
1.413137
1.244735
1.052397
1.084723
1.098024
1.103812
1.107084
1.101817
1.096752
1.092006
1.083409
1.192783
1.302056
1.364190
1.443798
1.545456
1.633312
1.695084
1.739226
1.629135
1.474668
1.301535
1.082004
0.908994
0.932180
0.939615
0.935739
0.918753
0.902419
0.887119
1.005317
1.172507
1.350527
1.518289
1.656250
1.754252
1.810228
1.831328
1.831450
1.812441
1.649515
1.441226
1.243379
1.019808
0.788576
0.856407
0.852259
0.857770
0.861540
0.861449
0.965205
1.132615
1.169074
1.144366
1.251561
1.376472
1.485550
1.573973
1.640448
1.548418
1.406857
1.243330
1.053466
1.090022
1.103618
1.111542
1.117510
1.116590
1.116058
1.115841
1.112892
1.228809
1.338600
1.397911
1.476989
1.582191
1.678793
1.751584
1.803566
1.689923
1.519618
1.312914
1.072068
0.976816
0.995019
0.998811
0.990701
0.968424
0.945993
0.924494
1.032000
1.188305
1.311472
1.424568
1.546322
1.653538
1.732111
1.780632
1.803697
1.665402
1.485125
1.308342
1.145898
0.939383
0.964481
0.993193
1.009166
1.013143
1.016663
1.020025
1.149855
1.286875
1.273723
1.266548
1.373890
1.503780
1.621739
1.710616
1.780933
1.695495
1.550187
1.369592
1.162531
1.199451
1.217220
1.227569
1.229521
1.220687
1.210920
1.202184
1.306738
1.451437
1.487674
1.511898
1.565542
1.660955
1.761145
1.845691
1.906458
1.801755
1.643881
1.477560
1.310367
1.098217
1.052292
1.076225
1.084604
1.084423
1.079109
1.071386
1.180020
1.343342
1.526443
1.565806
1.675772
1.780068
1.855738
1.902477
1.925243
1.786748
1.582279
1.348632
1.158602
1.123388
1.147045
1.160009
1.166991
1.165699
1.160508
1.155624
1.150669
1.282342
1.403318
1.452702
1.520128
1.619245
1.713608
1.781660
1.830437
1.725752
1.572841
1.383065
1.151274
1.072476
1.094101
1.105731
1.099885
1.079530
1.055917
1.030185
1.121431
1.260934
1.426719
1.594532
1.622537
1.713551
1.788057
1.831241
1.855724
1.869762
1.729742
1.542179
1.354817
1.138072
0.907694
0.920343
0.900260
0.896347
0.895553
0.891601
0.976498
1.111599
1.297690
1.479910
1.602819
1.699485
1.760078
1.794008
1.806355
1.771975
1.594827
1.372660
1.129741
0.901972
0.950666
0.984390
1.010786
1.029990
1.045400
1.061536
1.079089
1.096633
1.241336
1.437219
1.620455
1.758843
1.847158
1.890387
1.900389
1.759665
1.562536
1.332573
1.161003
1.184829
1.191489
1.188997
1.176674
1.155692
1.135189
1.114066
1.229503
1.357039
1.354015
1.376452
1.428356
1.519600
1.611628
1.683547
1.731384
1.625400
1.474504
1.327696
1.193568
1.009008
0.791445
0.765727
0.788994
0.805911
0.814072
0.819461
0.949376
1.140861
1.342484
1.378949
1.493651
1.597430
1.671519
1.719723
1.747947
1.624054
1.457971
1.277042
1.052879
1.087071
1.108254
1.119551
1.127713
1.126503
1.124803
1.123412
1.116829
1.233513
1.344529
1.409971
1.494967
1.602273
1.699177
1.770249
1.819554
1.707604
1.533976
1.336820
1.133232
0.926490
0.960918
0.977970
0.977810
0.964256
0.949223
0.934130
1.054826
1.227517
1.392117
1.533054
1.657718
1.751915
1.809848
1.836233
1.840061
1.693546
1.507756
1.295358
1.055986
0.985580
1.016463
1.032497
1.036247
1.026675
1.015915
1.003857
1.125286
1.266486
1.279376
1.381852
1.509514
1.627933
1.721615
1.781468
1.820480
1.704639
1.539989
1.353723
1.117825
1.127609
1.153244
1.168186
1.173178
1.164797
1.153883
1.143040
1.265111
1.424768
1.466935
1.418683
1.473630
1.570402
1.665912
1.743495
1.802882
1.702332
1.542803
1.380463
1.224337
1.023427
1.060823
1.082784
1.096575
1.103574
1.106668
1.108840
1.108922
1.244483
1.426044
1.608218
1.763983
1.879744
1.951090
1.980773
1.985171
1.836001
1.627525
1.396392
1.137383
1.107756
1.131193
1.140396
1.138158
1.120882
1.101123
1.078977
1.179679
1.329788
1.472376
1.601120
1.730390
1.837718
1.910155
1.947336
1.960430
1.816740
1.614178
1.414604
1.229896
1.082090
1.121465
1.146472
1.161297
1.162757
1.161375
1.159745
1.289374
1.463380
1.509090
1.494501
1.544238
1.633338
1.724308
1.794421
1.847681
1.745383
1.587774
1.399979
1.171088
1.212902
1.234469
1.246310
1.251033
1.244593
1.235291
1.225047
1.212631
1.339082
1.467247
1.596538
1.735206
1.853332
1.934553
1.977345
1.992545
1.850532
1.645205
1.414319
1.222319
1.014476
1.062152
1.091333
1.103149
1.101889
1.097796
1.092990
1.212499
1.349391
1.347936
1.285166
1.341337
1.454185
1.573267
1.673535
1.758336
1.683664
1.551104
1.392292
1.170443
1.203092
1.225364
1.239691
1.247643
1.245816
1.239596
1.232699
1.224557
1.356870
1.525785
1.698995
1.854072
1.974188
2.049614
2.082088
2.085197
1.936001
1.724304
1.487893
1.232911
1.206771
1.230700
1.243122
1.242408
1.227554
1.208472
1.185045
1.297805
1.447634
1.496776
1.565065
1.649091
1.746677
1.832638
1.894724
1.936223
1.817010
1.633729
1.416952
1.229805
1.103324
1.138539
1.164497
1.178452
1.183175
1.183025
1.180742
1.232938
1.388626
1.568889
1.741669
1.884269
1.985303
2.040795
2.057455
2.051134
1.898466
1.688284
1.453240
1.197371
1.208493
1.236668
1.250494
1.255417
1.246082
1.231789
1.213925
1.297110
1.465339
1.510184
1.562348
1.634317
1.728448
1.814409
1.874201
1.915926
1.798812
1.614757
1.397091
1.154435
1.133502
1.158746
1.169234
1.170422
1.157333
1.140451
1.120620
1.212677
1.370843
1.520908
1.650373
1.775703
1.875122
1.937334
1.963850
1.969810
1.826587
1.629415
1.406374
1.149769
1.142425
1.171220
1.184402
1.187567
1.172114
1.151360
1.125627
1.206483
1.360200
1.517198
1.658857
1.791914
1.896612
1.962198
1.989713
1.996119
1.986633
1.829051
1.612949
1.369855
1.165671
1.228491
1.267422
1.296751
1.312071
1.321812
1.329580
1.334627
1.483660
1.522066
1.624322
1.746080
1.855271
1.935020
1.977877
2.000506
1.886353
1.727517
1.544207
1.316260
1.355475
1.376424
1.386410
1.389278
1.380098
1.363846
1.344224
1.322529
1.427949
1.565746
1.716993
1.860990
1.980836
2.064314
2.105218
2.113491
2.026719
1.831681
1.598306
1.347348
1.170717
1.204204
1.223424
1.231262
1.224522
1.211351
1.193873
1.285759
1.441688
1.482364
1.435865
1.494079
1.593129
1.687622
1.758883
1.812860
1.842034
1.711770
1.517552
1.287868
1.053246
0.996232
1.041894
1.075335
1.100066
1.119696
1.138351
1.158511
1.296688
1.483536
1.521078
1.651753
1.780214
1.881650
1.951737
1.997630
1.886335
1.715281
1.514087
1.266463
1.302428
1.328878
1.343999
1.348908
1.339558
1.321938
1.298851
1.367560
1.491244
1.635456
1.785942
1.924257
2.034354
2.104980
2.131322
2.126552
2.020985
1.817486
1.580473
1.326369
1.205006
1.238858
1.259379
1.268174
1.263386
1.250760
1.232905
1.314643
1.456357
1.514863
1.616661
1.740326
1.852564
1.934809
1.980975
2.001940
1.871484
1.693593
1.497174
1.258892
1.204620
1.236558
1.257271
1.268528
1.267366
1.258923
1.245373
1.226525
1.340487
1.489500
1.653851
1.811593
1.943598
2.034770
2.079940
2.090506
2.004740
1.810657
1.576067
1.320812
1.199196
1.234267
1.254573
1.262033
1.254814
1.238935
1.217412
1.298134
1.442591
1.593882
1.580295
1.684545
1.794737
1.880331
1.934534
1.966730
1.965697
1.809046
1.591905
1.349086
1.097067
1.147048
1.183349
1.205755
1.214309
1.214699
1.210219
1.305631
1.464938
1.609169
1.588588
1.662104
1.759132
1.843436
1.902541
1.944326
1.829008
1.653998
1.448864
1.205579
1.187837
1.217895
1.235002
1.240817
1.232841
1.217136
1.196024
1.280033
1.424470
1.589903
1.755403
1.898796
2.003961
2.061965
2.074862
2.062976
2.024597
1.848709
1.623283
1.379107
1.125736
1.146918
1.182434
1.205484
1.213178
1.214357
1.211128
1.233739
1.363485
1.496983
1.544336
1.633167
1.741175
1.834783
1.895344
1.931270
1.816418
1.653164
1.472272
1.239932
1.225396
1.248720
1.258797
1.260894
1.249152
1.232193
1.211280
1.182585
1.294792
1.434655
1.580436
1.730422
1.859253
1.949368
1.994515
1.973067
1.805369
1.620281
1.432717
1.199564
1.147608
1.185344
1.207143
1.216429
1.209177
1.196383
1.177999
1.245065
1.371468
1.530299
1.699925
1.856368
1.978849
2.055281
2.082803
2.081342
2.057782
1.897005
1.667118
1.411789
1.205775
1.252480
1.277052
1.289481
1.286679
1.274456
1.255791
1.231441
1.351981
1.498105
1.638594
1.779307
1.895920
1.972480
2.002578
1.898311
1.697659
1.526009
1.379411
1.222692
1.272802
1.299904
1.313039
1.317295
1.307644
1.289870
1.266149
1.235215
1.363252
1.512622
1.621610
1.720413
1.824216
1.908588
1.958069
1.981962
1.858713
1.682305
1.484239
1.244575
1.227199
1.260542
1.280117
1.285048
1.271683
1.246480
1.213322
1.280415
1.405226
1.556329
1.659017
1.760200
1.863689
1.949226
2.006323
2.043887
2.059377
1.921559
1.707574
1.456141
1.268918
1.316062
1.344606
1.357133
1.351975
1.338813
1.319679
1.391489
1.508761
1.674392
1.688271
1.754328
1.844497
1.923975
1.974116
2.003374
1.883176
1.715151
1.532076
1.302586
1.234035
1.267331
1.290467
1.301374
1.295914
1.279880
1.257495
1.322707
1.429655
1.567143
1.718273
1.864004
1.988455
2.075935
2.119751
2.131674
2.116333
1.956810
1.730824
1.481700
1.228377
1.266837
1.293045
1.304313
1.297506
1.277915
1.249457
1.317525
1.444426
1.590299
1.684126
1.783478
1.879135
1.954634
1.999990
2.020978
1.891457
1.707887
1.497367
1.253379
1.303464
1.332283
1.346059
1.346345
1.330901
1.305342
1.271608
1.333409
1.437110
1.569046
1.708758
1.839813
1.957230
2.041279
2.084092
2.096871
2.081749
1.922593
1.701214
1.480214
1.234935
1.184529
1.225847
1.251732
1.256175
1.250442
1.239022
1.244998
1.372648
1.524928
1.684944
1.831272
1.946623
2.019866
2.045221
1.937984
1.735067
1.564667
1.416003
1.231343
1.285741
1.313928
1.325608
1.326997
1.311857
1.287023
1.254540
1.280551
1.396757
1.544481
1.676954
1.788819
1.895287
1.973046
2.011648
2.021867
2.008489
1.851111
1.647558
1.446115
1.262025
1.036411
1.012829
1.048281
1.071565
1.083181
1.088789
1.157033
1.307326
1.488075
1.529743
1.662473
1.783703
1.871537
1.923345
1.951947
1.833548
1.666350
1.483860
1.253950
1.304024
1.328539
1.336389
1.334607
1.315657
1.286103
1.247621
1.227867
1.323457
1.479129
1.638195
1.793201
1.923834
2.014707
2.055573
1.962814
1.881082
1.714450
1.510929
1.274182
1.073630
1.135721
1.175659
1.194686
1.196017
1.189251
1.178429
1.235345
1.378962
1.550411
1.724972
1.880491
1.999820
2.074278
2.103430
2.105336
2.092206
1.936718
1.716725
1.472210
1.255527
1.315850
1.341331
1.352410
1.344272
1.321499
1.289109
1.248001
1.359827
1.501236
1.617843
1.727023
1.831649
1.914158
1.964362
1.986907
1.872828
1.718663
1.503105
1.449776
1.481312
1.491045
1.483353
1.465657
1.429950
1.377468
1.332074
1.316187
1.368309
1.496218
1.629797
1.769688
1.894809
1.986744
2.030137
1.939490
1.747637
1.583680
1.439135
1.231148
1.274292
1.303542
1.315541
1.308753
1.283806
1.249341
1.207373
1.255497
1.379895
1.533596
1.662532
1.772352
1.876210
1.958134
2.008450
2.035576
2.042017
1.894459
1.690068
1.479548
1.237798
1.210686
1.254530
1.278427
1.273642
1.255456
1.228552
1.272393
1.408024
1.570738
1.702391
1.820995
1.926980
2.003707
2.045533
2.064545
2.061665
1.910900
1.688081
1.437290
1.281089
1.323103
1.345337
1.354339
1.345646
1.323413
1.291672
1.251213
1.341724
1.467980
1.618358
1.768734
1.896548
1.984714
2.024184
1.928176
1.725133
1.507646
1.343663
1.133656
1.118723
1.169922
1.204943
1.224440
1.225677
1.218854
1.205452
1.262495
1.415138
1.588937
1.761084
1.908076
2.014808
2.073853
2.086951
2.073855
2.048142
1.883632
1.669370
1.457061
1.216482
1.135159
1.176240
1.201112
1.200681
1.187926
1.166681
1.216618
1.362190
1.532623
1.553575
1.634496
1.732855
1.820744
1.885771
1.817819
1.640947
1.490647
1.349174
1.211160
1.272719
1.309537
1.327884
1.332163
1.318172
1.293139
1.258426
1.214435
1.331942
1.493694
1.629451
1.750882
1.866868
1.953863
1.999754
2.018884
2.017748
1.865813
1.662558
1.463540
1.234143
1.087155
1.132448
1.160405
1.162898
1.152724
1.134629
1.193786
1.337691
1.510554
1.688872
1.847824
1.969439
2.044783
2.070404
2.068645
2.053382
1.898896
1.681972
1.430737
1.226571
1.271726
1.293092
1.303895
1.297255
1.276817
1.245502
1.202981
1.322977
1.476253
1.627190
1.774111
1.894889
1.973631
1.970152
1.828043
1.576566
1.390162
1.255366
1.145382
1.195172
1.225259
1.238401
1.237859
1.219464
1.188895
1.144790
1.208452
1.341795
1.512174
1.637613
1.737841
1.831410
1.897202
1.926611
1.934578
1.925611
1.769758
1.570838
1.372642
1.146051
1.021705
1.066578
1.093367
1.100809
1.098768
1.088440
1.150230
1.275005
1.439713
1.570619
1.679164
1.783921
1.864163
1.907935
1.820469
1.624913
1.412863
1.242215
1.029914
1.010860
1.080929
1.131014
1.164452
1.180523
1.187993
1.189562
1.187123
1.306473
1.473453
1.651945
1.811136
1.933357
2.011313
2.045536
1.948444
1.743213
1.517565
1.342658
1.130449
1.088482
1.150106
1.190553
1.213676
1.217479
1.213400
1.202051
1.256993
1.381369
1.535043
1.529207
1.596978
1.700883
1.797095
1.862370
1.786780
1.573715
1.401438
1.269895
1.093276
1.156321
1.196877
1.219171
1.228863
1.221852
1.203712
1.174808
1.135299
1.265027
1.445415
1.637942
1.799909
1.926735
2.007344
1.952088
1.775930
1.534574
1.310193
1.161775
0.968492
0.983587
1.050358
1.097256
1.123769
1.129539
1.126980
1.117404
1.179001
1.344270
1.530436
1.579247
1.672288
1.764225
1.828439
1.866544
1.887133
1.891178
1.743929
1.528918
1.279125
1.028371
1.081691
1.117293
1.131243
1.125303
1.111159
1.088121
1.178803
1.322460
1.486731
1.552236
1.622881
1.712102
1.790452
1.841581
1.763504
1.546464
1.369996
1.218653
1.081362
1.088876
1.138212
1.169903
1.182348
1.175450
1.158297
1.130111
1.215691
1.355859
1.522128
1.626956
1.708961
1.794329
1.858856
1.892102
1.795831
1.594131
1.374789
1.208783
1.067674
0.877098
0.945215
1.009920
1.054327
1.077714
1.090658
1.094990
1.201984
1.381144
1.435988
1.548929
1.676484
1.782926
1.856905
1.897134
1.806030
1.754638
1.610932
1.427785
1.200961
1.023746
1.094171
1.141680
1.166945
1.171904
1.168774
1.158945
1.249767
1.392439
1.559014
1.721173
1.862042
1.970270
2.036662
2.001349
1.833435
1.749600
1.601609
1.409159
1.167879
1.082175
1.148435
1.195125
1.215667
1.217004
1.208029
1.191524
1.274991
1.415813
1.609464
1.648867
1.726437
1.818403
1.889650
1.932270
1.843599
1.642194
1.425783
1.262455
1.055543
1.036922
1.100317
1.143944
1.165426
1.168982
1.161986
1.145247
1.230046
1.371685
1.538417
1.706272
1.850623
1.955068
2.011249
1.931318
1.742421
1.471104
1.275698
1.138815
1.018358
1.040369
1.101074
1.144038
1.167870
1.175707
1.175703
1.166634
1.147666
1.273684
1.426904
1.527289
1.571503
1.627100
1.704920
1.645024
1.461162
1.273294
1.151963
1.061503
0.978708
0.966335
1.034057
1.083972
1.110618
1.123889
1.126415
1.120403
1.171664
1.265794
1.395899
1.466899
1.542841
1.655035
1.761591
1.718717
1.545211
1.286592
1.117668
1.018161
0.912150
0.990815
1.064476
1.121964
1.153485
1.170862
1.182569
1.188009
1.188594
1.316645
1.469139
1.541917
1.614308
1.715100
1.802674
1.741997
1.561818
1.301618
1.134806
1.038586
1.078763
1.143819
1.184703
1.206084
1.203698
1.186453
1.161225
1.125052
1.156133
1.270802
1.434732
1.452878
1.527357
1.632546
1.725351
1.787455
1.709306
1.496033
1.322288
1.186783
1.064687
1.017859
0.900000
0.937378
0.946457
0.939859
0.927668
0.887272
0.775685
0.756350
0.867871
1.071354
1.308717
1.514271
1.664075
1.624387
1.491427
1.346547
1.214974
1.043895
0.874483
0.882710
0.880961
0.870038
0.860335
0.850571
0.932765
1.102404
1.176116
1.170105
1.278825
1.405604
1.519609
1.612856
1.687100
1.601340
1.452873
1.277316
1.046486
1.055578
1.057774
1.051904
1.045831
1.031249
1.018804
1.008764
1.011234
0.980821
0.930779
0.866486
0.867473
0.923878
1.047925
1.189444
1.334228
1.473394
1.567080
1.625328
1.661130
1.686609
1.696540
1.688909
1.612524
1.486687
1.335309
1.191586
1.090096
1.060405
1.124839
1.256073
1.349920
1.468624
1.558187
1.592879
1.595616
1.507120
1.381568
1.270938
1.146580
1.044831
0.943513
0.889350
0.817771
0.868161
0.915527
0.962506
1.005309
1.038602
1.077707
1.161181
1.188125
1.134543
1.005573
0.834721
0.715024
0.708827
0.759777
0.842087
0.920222
0.982778
1.023934
1.047015
1.059162
1.055108
1.041096
1.013903
0.997132
1.033098
1.124136
1.137645
1.104649
1.112509
1.160423
1.249758
1.347388
1.445619
1.523663
1.463262
1.365667
1.265807
1.169124
1.077725
0.984055
0.810854
0.619723
0.627192
0.671721
0.796692
0.962529
1.157998
1.340756
1.497808
1.616688
1.695233
1.737953
1.758713
1.765366
1.727756
1.514249
1.278710
1.064299
0.872088
0.794709
0.876255
0.948278
0.989553
1.003766
1.006342
0.989723
0.953747
0.905693
0.849497
0.832765
0.900000
0.938991
0.972247
1.004227
1.021571
1.025885
1.028586
1.029329
1.041327
1.042801
0.940754
0.837311
0.803037
0.813263
0.961436
1.136222
1.287670
1.407836
1.417965
1.350526
1.275339
1.220679
1.188440
1.119786
1.042160
0.971363
0.904881
0.841825
0.839373
0.866672
0.867445
0.831724
0.829286
0.958276
1.081609
1.117114
1.090429
1.045772
0.997056
0.923265
0.844390
0.819921
0.840558
0.817693
0.832068
0.809820
0.754245
0.705709
0.679693
0.698954
0.733267
0.879177
0.991561
1.024289
0.981786
0.898742
0.748681
0.629397
0.593042
0.618073
0.681962
0.769647
0.852396
0.914920
0.961455
0.986932
1.000027
0.998298
0.980759
1.010739
1.120456
1.156832
1.140925
1.079958
1.124143
1.228546
1.349989
1.349528
1.235630
1.089694
1.000652
0.939582
0.832003
0.913311
0.973208
1.017851
1.048702
1.071544
1.084768
1.094258
1.195395
1.348333
1.481466
1.513562
1.556333
1.637594
1.581368
1.399479
1.147679
1.017180
0.973676
1.017276
1.111228
1.174394
1.217845
1.243464
1.254938
1.254249
1.238229
1.206440
1.148531
1.261107
1.435799
1.595754
1.652422
1.696314
1.752370
1.680335
1.496132
1.249713
1.049179
0.941347
0.863831
0.751226
0.851886
0.927472
0.979067
1.014728
1.039292
1.054088
1.116116
1.221400
1.375537
1.551452
1.711681
1.834491
1.912562
1.846968
1.662138
1.418430
1.207728
1.081625
0.899779
0.956957
1.032036
1.089137
1.123133
1.139295
1.145180
1.139245
1.120644
1.238964
1.410172
1.542501
1.562105
1.585989
1.648276
1.580165
1.394436
1.132561
0.979165
0.909252
0.855914
0.927890
1.008998
1.068060
1.099598
1.108723
1.105866
1.088735
1.125824
1.242367
1.392499
1.393178
1.466851
1.571971
1.666263
1.734917
1.668584
1.486551
1.283844
1.139636
1.019937
0.838089
0.902653
0.975691
1.026574
1.058258
1.079598
1.089584
1.174723
1.325322
1.473878
1.604750
1.709892
1.774151
1.829532
1.865867
1.773541
1.574252
1.367062
1.221840
1.101053
0.951023
1.041574
1.103771
1.140039
1.153913
1.154933
1.143783
1.187158
1.285601
1.434497
1.437094
1.517524
1.625076
1.724990
1.682742
1.515578
1.257021
1.097013
1.012841
0.949753
0.967827
1.051579
1.118749
1.167406
1.202076
1.224915
1.233043
1.217808
1.327891
1.481786
1.613560
1.627834
1.652289
1.654185
1.511705
1.288371
1.025776
0.897313
0.864215
0.930008
1.031317
1.108318
1.162181
1.188465
1.195290
1.190449
1.172916
1.192409
1.295089
1.470267
1.494156
1.501366
1.540212
1.621410
1.572650
1.395425
1.138515
0.991822
0.924807
0.869230
0.958218
1.046748
1.115844
1.167704
1.198709
1.210517
1.199143
1.156521
1.286241
1.464247
1.623151
1.682898
1.606076
1.568861
1.437355
1.216467
0.965526
0.853164
0.863747
1.004301
1.119241
1.200706
1.255327
1.292392
1.299089
1.282120
1.252905
1.188464
1.301240
1.472488
1.640802
1.714389
1.772994
1.712449
1.525967
1.279111
1.082029
0.954734
0.899084
0.852099
0.806831
0.921964
1.013852
1.076886
1.122582
1.152978
1.170272
1.225218
1.333433
1.483318
1.559205
1.632370
1.740875
1.841435
1.792647
1.614806
1.358826
1.196053
1.101660
1.016329
1.119539
1.195085
1.246683
1.274274
1.285262
1.277603
1.248435
1.195777
1.306921
1.487799
1.658402
1.723180
1.641121
1.443533
1.178262
0.921411
0.690127
0.607173
0.647329
0.799918
0.937748
1.043338
1.123935
1.187932
1.221759
1.231239
1.226665
1.162362
1.261780
1.427030
1.588461
1.652147
1.704810
1.778543
1.716802
1.534616
1.291110
1.100095
1.005376
0.849054
0.901456
1.000110
1.076125
1.124338
1.150602
1.164638
1.164865
1.157137
1.279694
1.440581
1.556558
1.566956
1.587049
1.649152
1.714291
1.645891
1.456123
1.270922
1.146978
1.045181
0.892121
0.992622
1.069250
1.118365
1.144406
1.156999
1.155326
1.198717
1.295883
1.447362
1.558207
1.566001
1.590427
1.667535
1.611066
1.431171
1.176734
1.037220
0.982038
0.979680
1.076366
1.140349
1.184676
1.202516
1.215551
1.219305
1.203679
1.168705
1.202252
1.322873
1.511758
1.676590
1.730722
1.641803
1.440742
1.173727
0.915977
0.762947
0.742243
0.769369
0.805323
0.939395
1.051232
1.138521
1.195422
1.228181
1.246176
1.249111
1.225890
1.353306
1.518562
1.630191
1.615576
1.621805
1.687760
1.626453
1.441378
1.196173
1.024240
0.948438
0.901695
0.855799
0.851722
0.960050
1.044261
1.110660
1.162472
1.199556
1.267084
1.384651
1.555636
1.647622
1.574039
1.552294
1.450330
1.236961
1.003493
0.910428
0.920589
1.002591
1.133343
1.227626
1.299561
1.341450
1.360500
1.361387
1.358928
1.339888
1.300471
1.242748
1.297485
1.466512
1.529783
1.620804
1.655686
1.686410
1.594614
1.379888
1.133032
0.973739
0.930238
0.927124
0.996450
1.084753
1.152194
1.204169
1.243927
1.268406
1.266645
1.244289
1.186182
1.184029
1.277879
1.439076
1.618858
1.722616
1.686097
1.524773
1.273843
1.009292
0.840053
0.805740
0.828250
0.880782
1.011500
1.119637
1.203230
1.260937
1.294745
1.309903
1.305823
1.287191
1.385517
1.550459
1.677819
1.694731
1.571396
1.339873
1.076529
0.847521
0.744777
0.767794
0.830679
0.882466
1.019863
1.133601
1.224357
1.286972
1.324371
1.343692
1.343915
1.315062
1.393354
1.551881
1.678969
1.785272
1.899416
1.883256
1.723935
1.494785
1.228293
1.047681
0.970997
0.920440
0.900452
1.010426
1.094504
1.154217
1.188702
1.206439
1.207816
1.227302
1.305187
1.437748
1.578271
1.608341
1.650079
1.718629
1.633988
1.435812
1.174015
1.031665
0.980623
0.953269
1.062915
1.154142
1.221839
1.264383
1.285119
1.287449
1.271120
1.230782
1.336553
1.516190
1.678988
1.742358
1.661098
1.459001
1.190964
0.933144
0.788735
0.777458
0.826132
0.962882
1.083000
1.167563
1.223151
1.260070
1.275393
1.273554
1.247388
1.200251
1.203320
1.330426
1.508391
1.677526
1.750330
1.674964
1.476090
1.208120
0.951366
0.808572
0.796625
0.829384
0.954054
1.078810
1.173438
1.242831
1.280558
1.294420
1.289468
1.263062
1.216166
1.346119
1.527702
1.685616
1.658084
1.573987
1.383313
1.124193
0.874372
0.724563
0.710679
0.747726
0.774944
0.841636
0.960056
1.052471
1.116028
1.153093
1.174444
1.179534
1.173988
1.300835
1.456537
1.459846
1.369882
1.394469
1.481657
1.571514
1.527599
1.359494
1.185469
1.082682
1.014480
0.959848
0.909232
1.005989
1.081194
1.134069
1.169077
1.187372
1.230414
1.334259
1.484575
1.611460
1.619800
1.497439
1.280742
1.038170
0.813814
0.742150
0.780144
0.862796
1.007097
1.133707
1.222937
1.276861
1.312625
1.339784
1.356152
1.349928
1.319054
1.281673
1.219727
1.311334
1.466880
1.609960
1.662895
1.588133
1.398736
1.144206
0.907868
0.773550
0.771566
0.816356
0.897095
1.006877
1.085640
1.147668
1.191145
1.212427
1.215423
1.207004
1.178766
1.145451
1.213571
1.350729
1.392082
1.472313
1.496499
1.425868
1.261009
1.056380
0.843460
0.764782
0.779665
0.821316
0.865655
0.977674
1.070685
1.149567
1.198375
1.227042
1.237710
1.230978
1.196844
1.307819
1.473718
1.635839
1.771285
1.789556
1.659183
1.440036
1.184038
0.921089
0.800115
0.777331
0.780036
0.799189
0.921636
1.026760
1.104107
1.164085
1.208634
1.238146
1.308738
1.429627
1.571219
1.612939
1.522790
1.324871
1.085871
0.865528
0.685705
0.656963
0.743726
0.919382
1.080904
1.204372
1.295963
1.355241
1.367943
1.364379
1.345104
1.334851
1.322206
1.302190
1.271934
1.392809
1.522453
1.604574
1.587572
1.450258
1.218707
0.970516
0.825982
0.823999
0.881116
0.998185
1.123818
1.224557
1.295864
1.331926
1.349924
1.356597
1.341271
1.305498
1.256139
1.371100
1.527221
1.599846
1.653043
1.624700
1.485574
1.255923
1.016603
0.876257
0.856076
0.883290
0.916142
0.943704
1.002404
1.089372
1.157160
1.201226
1.224272
1.228126
1.205446
1.309685
1.447047
1.594408
1.662879
1.612305
1.444134
1.209937
0.978755
0.841009
0.817423
0.842065
0.870537
0.888517
1.000804
1.096155
1.167216
1.211493
1.233823
1.236583
1.220759
1.327270
1.487952
1.636075
1.673245
1.601202
1.421452
1.181592
0.951889
0.829058
0.826545
0.866810
0.907124
1.001890
1.117110
1.207178
1.270247
1.306349
1.320936
1.315067
1.283987
1.362316
1.508789
1.646951
1.707976
1.643407
1.453324
1.201860
0.959677
0.752256
0.691766
0.733245
0.790166
0.850935
0.979100
1.087896
1.179116
1.242530
1.284628
1.304901
1.304169
1.279617
1.416767
1.557810
1.616316
1.550930
1.371838
1.129910
0.892838
0.695854
0.646783
0.699756
0.768975
0.895777
1.001079
1.073492
1.128701
1.153816
1.161787
1.157211
1.146454
1.120092
1.119919
1.214864
1.360454
1.509692
1.493565
1.466278
1.348952
1.151725
0.944409
0.817889
0.805660
0.843392
0.883764
0.965581
1.080779
1.178022
1.251576
1.297642
1.323018
1.328270
1.299388
1.264134
1.394029
1.545216
1.623649
1.579747
1.421920
1.184149
0.941135
0.728136
0.665606
0.713393
0.731866
0.861486
0.986026
1.090737
1.186060
1.256963
1.305330
1.332761
1.335339
1.299932
1.378359
1.524766
1.533769
1.550679
1.480390
1.307351
1.068857
0.833991
0.754713
0.790303
0.875209
1.009481
1.122478
1.215054
1.281132
1.315044
1.333489
1.337578
1.319217
1.292186
1.258021
1.323626
1.444081
1.587750
1.675698
1.641574
1.478836
1.229428
0.984689
0.850195
0.859438
0.960217
1.109679
1.230250
1.320951
1.374140
1.405655
1.426214
1.430127
1.408294
1.361177
1.296372
1.258152
1.368504
1.531522
1.687789
1.760654
1.696375
1.512312
1.244165
0.987413
0.794912
0.773067
0.902982
1.054911
1.179233
1.269488
1.319569
1.346554
1.359562
1.363638
1.344557
1.296682
1.247262
1.213592
1.174261
1.207897
1.335065
1.378120
1.390630
1.445192
1.405938
1.211677
0.980932
0.884754
0.943037
1.067219
1.165577
1.237981
1.275774
1.284828
1.275579
1.257749
1.231195
1.196322
1.204628
1.196777
1.196333
1.336361
1.391375
1.501662
1.571893
1.543875
1.409599
1.185892
0.961423
0.823894
0.804206
0.836927
0.881999
0.964042
1.048709
1.108629
1.140227
1.155167
1.145744
1.141689
1.186183
1.178152
1.125053
1.198880
1.327793
1.429005
1.447891
1.365627
1.196279
1.005215
0.872668
0.842745
0.860047
0.894659
0.947264
1.058880
1.146389
1.199024
1.226500
1.244966
1.238806
1.230644
1.232537
1.296938
1.413173
1.431443
1.445169
1.411906
1.305691
1.126399
0.942204
0.845892
0.860861
0.919524
0.980193
1.079212
1.179359
1.244654
1.290926
1.318849
1.330306
1.314843
1.286417
1.303117
1.318551
1.354311
1.359492
1.435047
1.512052
1.505694
1.386326
1.186795
0.959269
0.864313
0.873232
0.921472
0.999467
1.106082
1.186129
1.245113
1.288135
1.308962
1.298933
1.277720
1.264453
1.261279
1.377803
1.445355
1.537301
1.582546
1.525548
1.356803
1.117277
0.880889
0.791161
0.821234
0.949638
1.082992
1.199148
1.287558
1.351565
1.395728
1.421315
1.417517
1.395220
1.347487
1.300063
1.408678
1.570249
1.717826
1.768300
1.681094
1.481139
1.201747
0.953135
0.822508
0.881537
1.041865
1.169471
1.277618
1.363754
1.427047
1.453196
1.458485
1.437413
1.393532
1.334271
1.468953
1.642505
1.778896
1.815942
1.717442
1.501347
1.209953
0.952537
0.776258
0.766971
0.909571
1.074272
1.197299
1.285247
1.352068
1.385255
1.398019
1.397455
1.380497
1.345645
1.300517
1.293596
1.313934
1.440167
1.458169
1.532421
1.540189
1.565100
1.515758
1.314830
1.068585
0.960181
0.999825
1.128904
1.233081
1.307128
1.346105
1.354791
1.344180
1.310438
1.269245
1.280664
1.279785
1.267506
1.221509
1.216782
1.337270
1.516546
1.626024
1.631005
1.589402
1.446712
1.240598
0.995349
0.866873
0.868004
0.978009
1.079165
1.164588
1.217375
1.246808
1.259297
1.250240
1.259530
1.302981
1.332124
1.382415
1.391006
1.372649
1.406888
1.426393
1.374469
1.233488
1.066678
0.881951
0.807678
0.809184
0.838763
0.882682
0.959459
1.031790
1.087793
1.113276
1.119291
1.159321
1.160877
1.151771
1.274660
1.446258
1.572016
1.594729
1.507601
1.320911
1.078424
0.843280
0.750870
0.812265
0.956033
1.079842
1.184878
1.260445
1.319625
1.345230
1.353321
1.337827
1.301299
1.328346
1.438264
1.585467
1.703432
1.721414
1.603340
1.369144
1.090557
0.855338
0.779630
0.825858
0.984235
1.117674
1.233907
1.318186
1.366181
1.399655
1.384204
1.355928
1.319779
1.312470
1.414567
1.543010
1.695016
1.714793
1.714105
1.595054
1.359948
1.084778
0.846542
0.768370
0.818797
0.963341
1.102127
1.224015
1.317030
1.382045
1.421442
1.439335
1.433760
1.406406
1.365270
1.357770
1.454831
1.590736
1.705621
1.713999
1.578617
1.327296
1.053487
0.828681
0.765033
0.818550
0.954742
1.086879
1.186802
1.262897
1.318023
1.356082
1.368750
1.358898
1.336108
1.374329
1.498796
1.657057
1.690435
1.646807
1.619430
1.510847
1.326197
1.108999
0.964989
0.957534
1.013482
1.136027
1.247485
1.323095
1.377841
1.411777
1.426138
1.423485
1.401608
1.379504
1.408225
1.417594
1.456477
1.463384
1.438657
1.487160
1.494154
1.401127
1.229956
1.027327
0.933069
0.930874
0.964302
1.041021
1.114090
1.166413
1.196592
1.209600
1.214098
1.261747
1.311190
1.358817
1.364231
1.388512
1.463567
1.528160
1.532216
1.451520
1.284642
1.103790
0.918467
0.849646
0.865690
0.947383
1.061358
1.153151
1.223125
1.272450
1.303051
1.306624
1.291225
1.271633
1.254057
1.359029
1.528405
1.697902
1.782528
1.739326
1.574830
1.309580
1.051162
0.895778
0.894345
1.041577
1.167177
1.261792
1.333845
1.385964
1.411854
1.409835
1.383861
1.347381
1.299154
1.382979
1.422351
1.517157
1.606251
1.581224
1.413584
1.158905
0.924154
0.797690
0.821669
0.971987
1.122935
1.250280
1.342973
1.405349
1.443836
1.451101
1.436663
1.405029
1.355916
1.352223
1.482685
1.542067
1.648198
1.724544
1.686253
1.510804
1.252589
1.016762
0.887030
0.893974
0.990396
1.122742
1.221870
1.292431
1.337456
1.331861
1.339455
1.330256
1.300749
1.267093
1.293667
1.314005
1.322564
1.339428
1.428166
1.573018
1.596364
1.547656
1.611920
1.714647
1.688325
1.523070
1.328261
1.172035
1.117334
1.130016
1.214009
1.276935
1.316992
1.331923
1.323222
1.298607
1.305058
1.338079
1.392737
1.407717
1.390201
1.438257
1.447743
1.356685
1.172037
0.977572
0.805206
0.758887
0.795596
0.863029
0.978387
1.073448
1.149608
1.204036
1.232869
1.239818
1.223688
1.273720
1.299682
1.286447
1.392681
1.517936
1.593593
1.584968
1.471517
1.269787
1.070032
0.946685
0.940487
0.981704
1.083781
1.185545
1.257493
1.305243
1.333879
1.342807
1.329464
1.323424
1.359794
1.412717
1.430603
1.421972
1.382044
1.313344
1.279350
1.189032
1.051855
0.876194
0.806470
0.816708
0.870026
0.967456
1.038142
1.085094
1.115312
1.123804
1.159890
1.219199
1.277234
1.392899
1.540264
1.720696
1.846902
1.875488
1.890921
1.908232
1.796368
1.588209
1.360537
1.132326
1.023061
1.034183
1.142128
1.225613
1.293524
1.331378
1.349183
1.347676
1.327548
1.373275
1.416887
1.419058
1.482124
1.512201
1.430428
1.231514
0.996442
0.799290
0.753655
0.857706
1.011204
1.149113
1.252278
1.330716
1.374952
1.395135
1.401533
1.384208
1.354262
1.354504
1.378752
1.363403
1.389707
1.385811
1.449729
1.503951
1.460754
1.313960
1.127030
0.928578
0.844919
0.842547
0.858314
0.941969
1.003309
1.042267
1.065152
1.079750
1.138049
1.192773
1.241793
1.392442
1.544272
1.736887
1.867616
1.885658
1.884177
1.893393
1.892767
1.903644
1.804457
0.900000
0.929609
0.952005
0.972765
0.979563
0.976987
0.975170
0.973871
0.971901
0.968175
0.961386
0.950066
0.932863
0.908364
0.874622
0.829743
0.805404
0.817391
0.833690
0.851507
0.868492
0.883446
0.897056
0.908430
0.914257
0.913305
0.898202
0.867300
0.829552
0.789991
0.751225
0.801591
0.893769
0.975660
1.031348
1.056213
1.059499
1.059322
1.067758
1.077760
1.086940
1.093063
1.095245
1.096792
1.098630
1.098908
1.098440
1.096846
1.090081
1.074330
1.048167
1.017663
0.997656
1.035165
0.900000
0.931403
0.951381
0.969482
0.980312
0.981054
0.974188
0.964708
0.954220
0.941466
0.925431
0.905829
0.881633
0.851609
0.813931
0.771533
0.779570
0.793197
0.811866
0.834806
0.861226
0.888715
0.914783
0.938811
0.960608
0.977688
0.988973
0.995184
0.998388
0.998037
0.994175
1.070760
1.210884
1.370928
1.523328
1.652550
1.743345
1.797020
1.824067
1.836258
1.842667
1.848308
1.856881
1.867490
1.866740
1.852571
1.833258
0.900000
0.929282
0.944021
0.956141
0.960183
0.951836
0.940275
0.930897
0.922342
0.913366
0.903908
0.894415
0.884772
0.874466
0.862267
0.845701
0.824108
0.798773
0.771210
0.805476
0.845174
0.887149
0.926283
0.962146
0.996136
1.030146
1.063341
1.093581
1.118214
1.137446
1.150808
1.251109
1.402718
1.574243
1.752649
1.912108
2.013965
2.044119
2.050570
2.050447
2.050874
2.050219
2.021329
1.967858
1.917254
1.881372
1.853559
0.900000
0.937469
0.967204
0.995454
1.015890
1.026364
1.029619
1.031875
1.033944
1.033402
1.028381
1.017810
1.000602
0.975721
0.942631
0.899889
0.844786
0.804330
0.810510
0.822293
0.838125
0.856171
0.875392
0.894954
0.912959
0.926337
0.934992
0.931967
0.914960
0.882095
0.837146
0.880759
1.018733
1.213557
1.387212
1.503078
1.550969
0.900000
0.937394
0.968496
0.996667
1.008097
1.008680
1.008174
1.005600
1.022968
1.046556
1.011899
0.889358
0.832369
0.946624
1.121894
1.280094
1.399221
1.485077
1.495438
1.465054
1.466794
1.488895
1.504291
1.526055
1.576795
1.633656
1.617056
1.517822
1.365578
1.169582
0.932542
0.681317
0.464455
0.251389
0.047277
-0.128697
-0.176575
-0.138890
-0.052584
0.056873
0.172517
0.282050
0.376687
0.453200
0.509798
0.550802
0.584278
0.615923
0.647283
0.679683
0.715931
0.712186
0.635338
0.705615
0.765524
0.817233
0.895379
0.986524
1.085589
1.190259
1.291149
1.372236
0.900000
0.931033
0.958539
0.983640
0.999849
1.005512
1.002971
0.997964
0.992204
0.984943
0.975414
0.962569
0.944993
0.921261
0.889865
0.848890
0.797077
0.803074
0.822005
0.847724
0.877840
0.914247
0.949007
0.980720
1.009351
1.034924
1.056540
1.072941
1.081988
1.082040
1.078721
1.167068
1.337946
1.539001
1.728018
1.885522
2.004400
2.069028
2.090667
2.092799
2.040921
1.994881
1.964869
1.949710
1.943679
1.944417
1.954862
1.985831
2.073886
0.900000
0.942892
0.979237
1.011280
1.024192
1.028609
1.031312
1.026458
0.978551
0.929348
0.841039
0.739255
0.652481
0.593039
0.591756
0.671935
0.825090
1.043526
1.283094
1.479033
1.621674
1.720728
1.783431
1.699903
1.495699
1.405430
1.447514
1.533954
1.630627
1.584862
1.404072
1.179849
0.982633
0.841104
0.758570
0.723734
0.749479
0.900000
0.937832
0.968411
0.997301
1.015599
1.020707
1.024008
1.018650
0.924527
0.823698
0.798838
0.928035
1.123773
1.316641
1.470180
1.473684
1.333499
1.155528
1.025325
0.937453
0.875608
0.874284
0.888018
0.889836
0.895465
0.935020
0.962030
0.971780
0.954414
0.919456
0.819880
0.683814
0.719285
0.761849
0.808078
0.854526
0.892016
0.915018
0.931861
0.943995
0.951935
0.955840
0.954389
0.949709
0.943807
0.941330
0.940898
0.942786
0.940993
0.935829
0.931684
0.930198
0.925743
0.913978
0.938044
0.978144
1.039339
1.100122
1.150356
1.186386
1.208694
1.219933
1.224070
0.900000
0.929997
0.952883
0.974101
0.985788
0.985777
0.982707
0.980194
0.976775
0.969950
0.958351
0.940817
0.915230
0.879053
0.828599
0.804912
0.807951
0.820044
0.839280
0.864632
0.895374
0.930518
0.982425
1.009030
1.007015
0.985837
0.954047
0.918379
0.885282
0.858208
0.836923
0.822147
0.913632
1.044462
1.182113
1.286071
1.341113
1.363467
1.371595
1.371938
1.365968
1.457452
1.593086
1.708102
1.800711
1.876112
1.825935
1.700192
1.551934
1.417002
1.323560
1.240193
1.165684
1.117666
1.063237
1.010275
1.108646
1.260841
1.468241
1.679393
0.900000
0.928462
0.947639
0.966028
0.978170
0.981241
0.977175
0.972166
0.982993
0.988728
0.928525
0.818656
0.768734
0.885514
1.070334
1.234951
1.357541
1.445531
1.435556
1.382682
1.349504
1.349034
1.364458
1.386782
1.371523
