-1.875953
-1.923086
-1.909688
-1.890113
-1.867912
-1.836255
-1.794986
-1.744048
-1.683508
-1.613228
-1.532970
-1.442275
-1.340225
-1.225308
-1.094897
-0.941380
-0.888000
-0.888000
-0.888000
-0.888000
-0.888000
-0.888000
-0.888000
-0.888000
-0.888000
-0.888000
-0.888000
-0.888000
-0.888000
-0.888000
-1.047921
-1.247377
-1.436859
-1.612858
-1.789259
-1.967716
-2.125552
-2.258014
-2.361254
-2.435546
-2.495419
-2.548452
-2.586278
-2.615385
-2.647800
-2.674709
-2.697900
-2.717777
-2.735911
-2.753051
-2.774606
-2.647290
-2.557649
-1.800000
-1.885611
-1.929906
-1.934538
-1.928045
-1.910190
-1.880274
-1.837893
-1.783208
-1.716104
-1.635764
-1.540895
-1.430454
-1.303479
-1.157899
-0.987852
-0.887999
-0.888001
-0.888000
-0.888000
-0.888000
-0.888000
-0.888000
-0.888000
-0.888006
-0.898962
-0.888012
-0.888012
-0.888009
-0.888007
-0.888001
-0.996882
-1.197473
-1.394050
-1.581486
-1.762198
-1.918191
-2.046613
-2.147341
-2.223746
-2.287739
-2.335641
-2.370753
-2.397969
-2.420310
-2.440860
-2.459816
-2.478499
-2.297180
-2.171282
-2.138911
-2.173612
-2.256981
-1.800000
-1.865648
-1.903568
-1.881893
-1.844477
-1.806783
-1.946508
-2.064503
-2.212590
-2.103352
-1.944902
-2.044122
-2.141274
-2.198187
-2.236094
-2.201760
-2.007496
-1.818609
-1.690930
-1.598964
-1.422779
-1.246885
-1.113989
-1.115239
-1.114934
-1.120874
-1.121387
-1.321991
-1.516636
-1.680601
-1.807949
-1.918510
-2.021235
-2.115987
-2.201068
-2.045566
-1.892141
-1.786829
-1.602219
-1.565422
-1.500141
-1.431556
-1.361758
-1.286138
-1.217588
-1.149614
-1.329123
-1.384524
-1.418767
-1.616694
-1.813807
-1.969941
-2.082306
-2.169279
-2.242266
-2.077694
-1.905186
-1.744317
-1.543885
-1.487312
-1.424312
-1.362065
-1.284708
-1.202926
-1.134875
-1.070117
-1.254893
-1.453492
-1.431003
-1.629390
-1.805207
-1.930783
-2.019006
-2.085992
-2.143486
-1.968638
-1.781513
-1.652924
-1.490666
-1.290055
-1.219057
-1.190531
-1.152831
-1.116930
-1.094073
-1.078420
-1.279023
-1.477561
-1.415990
-1.597820
-1.759421
-1.884983
-1.987874
-2.074185
-2.149689
-1.980154
-1.795233
-1.647494
-1.449601
-1.437154
-1.381284
-1.336436
-1.292788
-1.252491
-1.224429
-1.198734
-1.399025
-1.409646
-1.404503
-1.595144
-1.794364
-1.954485
-2.068126
-2.151236
-2.219033
-2.047127
-1.860475
-1.703870
-1.503260
-1.417926
-1.368169
-1.318213
-1.265868
-1.214351
-1.171467
-1.131249
-1.329693
-1.515099
-1.460809
-1.632504
-1.790435
-1.914715
-2.015667
-2.097834
-2.163460
-1.987798
-1.794283
-1.645399
-1.540792
-1.350988
-1.194162
-1.244040
-1.121336
-1.091571
-1.083024
-1.072164
-1.267651
-1.468253
-1.642390
-1.651366
-1.772013
-1.889075
-1.988581
-2.073852
-2.145910
-1.975704
-1.777807
-1.593587
-1.439604
-1.410075
-1.364197
-1.322973
-1.286354
-1.253380
-1.228312
-1.202437
-1.260386
-1.457936
-1.467690
-1.658784
-1.852464
-1.998245
-2.101476
-2.175181
-2.072925
-1.890438
-1.738976
-1.600518
-1.399924
-1.356313
-1.301393
-1.245659
-1.176197
-1.104622
-1.042724
-0.983250
-1.159254
-1.359309
-1.554778
-1.745551
-1.898669
-2.005059
-2.079965
-2.134947
-2.179466
-1.995875
-1.801292
-1.649465
-1.559443
-1.365864
-1.237091
-1.227243
-1.204271
-1.184503
-1.180339
-1.183944
-1.384547
-1.581562
-1.487209
-1.662056
-1.825016
-1.952930
-2.059063
-2.148764
-2.229633
-2.080112
-1.919298
-1.779661
-1.620137
-1.601349
-1.542429
-1.492855
-1.438726
-1.386029
-1.347506
-1.311138
-1.508921
-1.700330
-1.673805
-1.698830
-1.872874
-2.023493
-2.129556
-2.207268
-2.266093
-2.094538
-1.896300
-1.715877
-1.515324
-1.408808
-1.352491
-1.295869
-1.212907
-1.126473
-1.063410
-1.016012
-1.216615
-1.412453
-1.347988
-1.534535
-1.701237
-1.833390
-1.940871
-2.028481
-2.102670
-1.930308
-1.747177
-1.623205
-1.453740
-1.315269
-1.299849
-1.283596
-1.259125
-1.237840
-1.230204
-1.228913
-1.426077
-1.602136
-1.530337
-1.691796
-1.848692
-1.976951
-2.085762
-2.178011
-2.253467
-2.096281
-1.910377
-1.733497
-1.555577
-1.526333
-1.465727
-1.409376
-1.335695
-1.261250
-1.209824
-1.166155
-1.353364
-1.499255
-1.481784
-1.665834
-1.855656
-1.996100
-2.097844
-2.173262
-2.235019
-2.061819
-1.871560
-1.719863
-1.519273
-1.416096
-1.366327
-1.316387
-1.258107
-1.198997
-1.154024
-1.115017
-1.309915
-1.477339
-1.607276
-1.640901
-1.766501
-1.895141
-2.009670
-2.107272
-2.185719
-2.016510
-1.825974
-1.687004
-1.589788
-1.391517
-1.333078
-1.301036
-1.257439
-1.215497
-1.183422
-1.151503
-1.339699
-1.526396
-1.465292
-1.363090
-1.556180
-1.747299
-1.899962
-2.021840
-2.121344
-1.968709
-1.804623
-1.670428
-1.472976
-1.446810
-1.400588
-1.360261
-1.319684
-1.283171
-1.252192
-1.218606
-1.171188
-1.369375
-1.553138
-1.730066
-1.901207
-2.027214
-2.120283
-2.192181
-2.250039
-2.075362
-1.877670
-1.707035
-1.506437
-1.357451
-1.299189
-1.242303
-1.169815
-1.095437
-1.035354
-0.980188
-1.180790
-1.376236
-1.538363
-1.692296
-1.814134
-1.913534
-1.997735
-2.068990
-2.130777
-1.954478
-1.765723
-1.635227
-1.544654
-1.344282
-1.232378
-1.216989
-1.187864
-1.161616
-1.143948
-1.122518
-1.323119
-1.520739
-1.452173
-1.341963
-1.536139
-1.723875
-1.870351
-1.985758
-2.082971
-1.921361
-1.754564
-1.619553
-1.430642
-1.396639
-1.332311
-1.281131
-1.238902
-1.194810
-1.155342
-1.112994
-1.054881
-1.254356
-1.439730
-1.615257
-1.795941
-1.936445
-2.045935
-2.131356
-2.199867
-2.026757
-1.833711
-1.667134
-1.466510
-1.317969
-1.268859
-1.211824
-1.139490
-1.068921
-1.010865
-0.961422
-1.162025
-1.353804
-1.505923
-1.632257
-1.748867
-1.859489
-1.961136
-2.050137
-2.124604
-2.184767
-2.009141
-1.814591
-1.662675
-1.462065
-1.261821
-1.288983
-1.209708
-1.179932
-1.156991
-1.132218
-1.332769
-1.531566
-1.466329
-1.368508
-1.561775
-1.745857
-1.886211
-1.995375
-2.084192
-1.915604
-1.740823
-1.599242
-1.407164
-1.370290
-1.314399
-1.262899
-1.223412
-1.187757
-1.157071
-1.123351
-1.075220
-1.274656
-1.459146
-1.633889
-1.815813
-1.959511
-2.073555
-2.166086
-2.239125
-2.073246
-1.885638
-1.705333
-1.504741
-1.390251
-1.327343
-1.258262
-1.173434
-1.085945
-1.013887
-0.946139
-1.146739
-1.337924
-1.507284
-1.661657
-1.790683
-1.901841
-1.999595
-2.084177
-2.155893
-1.983751
-1.794626
-1.663466
-1.570448
-1.372221
-1.332967
-1.303085
-1.260717
-1.220047
-1.188022
-1.156755
-1.340500
-1.516329
-1.478306
-1.485528
-1.679030
-1.854082
-1.991523
-2.102954
-2.195968
-2.047610
-1.884858
-1.739955
-1.544076
-1.528011
-1.487822
-1.444138
-1.391263
-1.340281
-1.295003
-1.248170
-1.390990
-1.513990
-1.492126
-1.664028
-1.853994
-2.005284
-2.120909
-2.209879
-2.275926
-2.109060
-1.923773
-1.788019
-1.688580
-1.493754
-1.410195
-1.370198
-1.311773
-1.259795
-1.220475
-1.179688
-1.366242
-1.543538
-1.673136
-1.561407
-1.706373
-1.862166
-1.992771
-2.100636
-2.188278
-2.031611
-1.838652
-1.643782
-1.551357
-1.473588
-1.414029
-1.358748
-1.315405
-1.277145
-1.243677
-1.205819
-1.155073
-1.353238
-1.524105
-1.694582
-1.872127
-2.010315
-2.116297
-2.200543
-2.267256
-2.102931
-1.923395
-1.756133
-1.555571
-1.458666
-1.412791
-1.349520
-1.264000
-1.181241
-1.111912
-1.043052
-1.213939
-1.387619
-1.528177
-1.651536
-1.555681
-1.701131
-1.853939
-1.976408
-2.070661
-2.145128
-1.968102
-1.770611
-1.602787
-1.402184
-1.201604
-1.188023
-1.088773
-1.038122
-0.996870
-0.957319
-1.150293
-1.350895
-1.536848
-1.671152
-1.736443
-1.832808
-1.925194
-2.006629
-2.075064
-2.128629
-1.958307
-1.757778
-1.557192
-1.361892
-1.345380
-1.324742
-1.314198
-1.307412
-1.306424
-1.303289
-1.289981
-1.264048
-1.464651
-1.657332
-1.813091
-1.942480
-2.055824
-2.151031
-2.233111
-2.098354
-1.942795
-1.783176
-1.628524
-1.587092
-1.522899
-1.451128
-1.372974
-1.290675
-1.204589
-1.111500
-1.311994
-1.502453
-1.483824
-1.666137
-1.835863
-1.963511
-2.056039
-2.124039
-2.173959
-1.992451
-1.796987
-1.657864
-1.573314
-1.402422
-1.201818
-1.164448
-1.138715
-1.123945
-1.111353
-1.095046
-1.295648
-1.494278
-1.651812
-1.499985
-1.644193
-1.799392
-1.926293
-2.030149
-2.116556
-1.949208
-1.768617
-1.621372
-1.422330
-1.386920
-1.323399
-1.264850
-1.215363
-1.168385
-1.128063
-1.084885
-1.022797
-1.222097
-1.407181
-1.583086
-1.769511
-1.918504
-2.036785
-2.131961
-2.204138
-2.033796
-1.838432
-1.666245
-1.537780
-1.351447
-1.311921
-1.259492
-1.185384
-1.108156
-1.044130
-0.981705
-1.182306
-1.372513
-1.547937
-1.682952
-1.798147
-1.903318
-1.999091
-2.083334
-2.155326
-1.984552
-1.792400
-1.624732
-1.425026
-1.333325
-1.278664
-1.221610
-1.152832
-1.083265
-1.021589
-0.958993
-1.152980
-1.340979
-1.322286
-1.513885
-1.690046
-1.835428
-1.958245
-2.063652
-2.153433
-1.995809
-1.824752
-1.678465
-1.477930
-1.424074
-1.365811
-1.313270
-1.248870
-1.181796
-1.126336
-1.071049
-1.257607
-1.405908
-1.376742
-1.347661
-1.544759
-1.741500
-1.902603
-2.027200
-2.118757
-1.951268
-1.760211
-1.623076
-1.521826
-1.331246
-1.300026
-1.258366
-1.225140
-1.199010
-1.177559
-1.148849
-1.104021
-1.304446
-1.492570
-1.645581
-1.779699
-1.904515
-2.019885
-2.123770
-2.211237
-2.057369
-1.876636
-1.710825
-1.510238
-1.435006
-1.369316
-1.300182
-1.209039
-1.118079
-1.044189
-0.970910
-1.145670
-1.317770
-1.489493
-1.636394
-1.769213
-1.893411
-2.008248
-2.109888
-2.195785
-2.039728
-1.856583
-1.724413
-1.627339
-1.479225
-1.435246
-1.389552
-1.336251
-1.280623
-1.236350
-1.191069
-1.368568
-1.513750
-1.475797
-1.550635
-1.747078
-1.921018
-2.055989
-2.161469
-2.244573
-2.100229
-1.941255
-1.798217
-1.599480
-1.579216
-1.534466
-1.488999
-1.435763
-1.380018
-1.324945
-1.264377
-1.190053
-1.372229
-1.548740
-1.709240
-1.849512
-1.973269
-2.083428
-2.178422
-2.256593
-2.098244
-1.906687
-1.739026
-1.649939
-1.461723
-1.434170
-1.388019
-1.322475
-1.256687
-1.202934
-1.148181
-1.317930
-1.500112
-1.475171
-1.440975
-1.632930
-1.823495
-1.970702
-2.084291
-2.175508
-2.022109
-1.858157
-1.723763
-1.523366
-1.490608
-1.443857
-1.392476
-1.340769
-1.291244
-1.245641
-1.193216
-1.125984
-1.316418
-1.480695
-1.626096
-1.768203
-1.905543
-2.033834
-2.147675
-2.240592
-2.101552
-1.929369
-1.764033
-1.563437
-1.477369
-1.413587
-1.345049
-1.264968
-1.181939
-1.100951
-1.009212
-1.173954
-1.312781
-1.310780
-1.497600
-1.692336
-1.855962
-1.989318
-2.097933
-2.185350
-2.027950
-1.843462
-1.665284
-1.576487
-1.442216
-1.401419
-1.356928
-1.308567
-1.263613
-1.224737
-1.179453
-1.223582
-1.413187
-1.565475
-1.695719
-1.818289
-1.936688
-2.047895
-2.147156
-2.234200
-2.088367
-1.911892
-1.741162
-1.540579
-1.481303
-1.422631
-1.355460
-1.286859
-1.212059
-1.139646
-1.058060
-1.173606
-1.373405
-1.373330
-1.557656
-1.746429
-1.902326
-2.028560
-2.133442
-2.215581
-2.055049
-1.868742
-1.698810
-1.498218
-1.426002
-1.368123
-1.300910
-1.234817
-1.161483
-1.090758
-1.010723
-1.149497
-1.313584
-1.484308
-1.629065
-1.759894
-1.883088
-1.997712
-2.099744
-2.187581
-2.034062
-1.858423
-1.698378
-1.497909
-1.424329
-1.358161
-1.287734
-1.197796
-1.097920
-1.013397
-0.926632
-1.055763
-1.234013
-1.409075
-1.560711
-1.700825
-1.833885
-1.957776
-2.068255
-2.164812
-2.260484
-2.115697
-1.915281
-1.714913
-1.529197
-1.503833
-1.467494
-1.419759
-1.369332
-1.327774
-1.284546
-1.225965
-1.426551
-1.439361
-1.613523
-1.777168
-1.917759
-2.040246
-2.141706
-2.220368
-2.085254
-1.932832
-1.802382
-1.603689
-1.564566
-1.504357
-1.434915
-1.369849
-1.302787
-1.239132
-1.169692
-1.085230
-1.260713
-1.418275
-1.563946
-1.712162
-1.859278
-1.997208
-2.116988
-2.212139
-2.204490
-2.049519
-1.857767
-1.657537
-1.502892
-1.452480
-1.389508
-1.322433
-1.248481
-1.176487
-1.095508
-1.226730
-1.382649
-1.359895
-1.336519
-1.534302
-1.729080
-1.885327
-2.005742
-2.099800
-2.180174
-2.014654
-1.814256
-1.613922
-1.430268
-1.359423
-1.347708
-1.331635
-1.319225
-1.310218
-1.292756
-1.262329
-1.460084
-1.638338
-1.522571
-1.689370
-1.857422
-1.996562
-2.111948
-2.201957
-2.056314
-1.892595
-1.749114
-1.548809
-1.502012
-1.445047
-1.382083
-1.312105
-1.237495
-1.162771
-1.077753
-1.172045
-1.299500
-1.419392
-1.545837
-1.687691
-1.835792
-1.978253
-2.103567
-2.203038
-2.181077
-2.025686
-1.837996
-1.637766
-1.513893
-1.464839
-1.404939
-1.339098
-1.268232
-1.197574
-1.115694
-1.226555
-1.365709
-1.406476
-1.574587
-1.737801
-1.879385
-2.001862
-2.106277
-2.192862
-2.036439
-1.859074
-1.712079
-1.511804
-1.417006
-1.364845
-1.308058
-1.254104
-1.197038
-1.140014
-1.071530
-0.983588
-1.182535
-1.357459
-1.515958
-1.673797
-1.828671
-1.972524
-2.100000
-2.202408
-2.203369
-2.056736
-1.872080
-1.671770
-1.544577
-1.489334
-1.426281
-1.355544
-1.279310
-1.202535
-1.114164
-1.218543
-1.354457
-1.529525
-1.422859
-1.602993
-1.786058
-1.940787
-2.069305
-2.173525
-2.262535
-2.116043
-1.915692
-1.715353
-1.514769
-1.476614
-1.434057
-1.383412
-1.328372
-1.273515
-1.207260
-1.322896
-1.464827
-1.629635
-1.581469
-1.742167
-1.902022
-2.032287
-2.139426
-2.226006
-2.071883
-1.897228
-1.740742
-1.540451
-1.461707
-1.404803
-1.339776
-1.269806
-1.194889
-1.120206
-1.032965
-1.155236
-1.306647
-1.434335
-1.561523
-1.695842
-1.831833
-1.961315
-2.076637
-2.174026
-2.257354
-2.106706
-1.906393
-1.706035
-1.505431
-1.458741
-1.413982
-1.364506
-1.306777
-1.249459
-1.182302
-1.159788
-1.341933
-1.520167
-1.611780
-1.777438
-1.927148
-2.050864
-2.154636
-2.234951
-2.082631
-1.915775
-1.781041
-1.580684
-1.512502
-1.456893
-1.395163
-1.325600
-1.249277
-1.171209
-1.083293
-0.974371
-1.169625
-1.361069
-1.529143
-1.688540
-1.838777
-1.977605
-2.100512
-2.217867
-2.085116
-1.919080
-1.788119
-1.587822
-1.494292
-1.442252
-1.381874
-1.314517
-1.239455
-1.165625
-1.079861
-1.156278
-1.296418
-1.428085
-1.561421
-1.701199
-1.846080
-1.988166
-2.118327
-2.225868
-2.311678
-2.183538
-1.983204
-1.782827
-1.602376
-1.547918
-1.483102
-1.415439
-1.341862
-1.266732
-1.178658
-1.073270
-1.241534
-1.428881
-1.575885
-1.719749
-1.863472
-1.999919
-2.119720
-2.181649
-2.068249
-1.943152
-1.855193
-1.679181
-1.632734
-1.562939
-1.488532
-1.404071
-1.312600
-1.216529
-1.108878
-0.984595
-1.185165
-1.374817
-1.549166
-1.718270
-1.873004
-2.011149
-2.129219
-2.222441
-2.083025
-1.917760
-1.780798
-1.583635
-1.488367
-1.433547
-1.369401
-1.292503
-1.204679
-1.109804
-0.999062
-1.085673
-1.212429
-1.339183
-1.486111
-1.660705
-1.830851
-1.985228
-2.118900
-2.229192
-2.318138
-2.193010
-2.019082
-1.818687
-1.654491
-1.601671
-1.536134
-1.458066
-1.374010
-1.289369
-1.193604
-1.267721
-1.383121
-1.559864
-1.548304
-1.707164
-1.872929
-2.016492
-2.134724
-2.224430
-2.075024
-1.899734
-1.754528
-1.554409
-1.454258
-1.401956
-1.345752
-1.282840
-1.213102
-1.139138
-1.053945
-1.145437
-1.272888
-1.398335
-1.528526
-1.672824
-1.825401
-1.972422
-2.103597
-2.211603
-2.296481
-2.159470
-1.965846
-1.765518
-1.564915
-1.497283
-1.431972
-1.357239
-1.272284
-1.179250
-1.069012
-1.145378
-1.263579
-1.378823
-1.516800
-1.677496
-1.836507
-1.984469
-2.111491
-2.212687
-2.090329
-1.947032
-1.821555
-1.621915
-1.565396
-1.486801
-1.402140
-1.315826
-1.221308
-1.124628
-1.013109
-1.096785
-1.222623
-1.348794
-1.488404
-1.647734
-1.809820
-1.961013
-2.093776
-2.202264
-2.290017
-2.148695
-1.955854
-1.809145
-1.608542
-1.516138
-1.468444
-1.396751
-1.311247
-1.232227
-1.149601
-1.097015
-1.263806
-1.408611
-1.543564
-1.684408
-1.828376
-1.966678
-2.089075
-2.158852
-2.039298
-1.904306
-1.802569
-1.608855
-1.569213
-1.501454
-1.424347
-1.338595
-1.243277
-1.142067
-1.025056
-1.035001
-1.181557
-1.316327
-1.486870
-1.656230
-1.812636
-1.950909
-2.069372
-2.164171
-2.235246
-2.070439
-1.875173
-1.717888
-1.609021
-1.413098
-1.366055
-1.300858
-1.244307
-1.193295
-1.139439
-1.219178
-1.399501
-1.549518
-1.422948
-1.592445
-1.768666
-1.921545
-2.052217
-2.162043
-2.029593
-1.881263
-1.767295
-1.566724
-1.520203
-1.448580
-1.368444
-1.278280
-1.176983
-1.068283
-0.940702
-0.888000
-1.065490
-1.265657
-1.414393
-1.571334
-1.735048
-1.893472
-2.034849
-2.116157
-2.215178
-2.089685
-1.914448
-1.714083
-1.534964
-1.504762
-1.451393
-1.385551
-1.316156
-1.244326
-1.158945
-1.206698
-1.354372
-1.490542
-1.612535
-1.737218
-1.864823
-1.989564
-2.104115
-2.201288
-2.282599
-2.135770
-1.940472
-1.740173
-1.543221
-1.492027
-1.422749
-1.346447
-1.258028
-1.161622
-1.049300
-0.907909
-1.074763
-1.230098
-1.389516
-1.573841
-1.754204
-1.920352
-2.062736
-2.177426
-2.083118
-1.976185
-1.793411
-1.673714
-1.588910
-1.488223
-1.379322
-1.270966
-1.143470
-0.999844
-0.888000
-0.887471
-1.030071
-1.230663
-1.374479
-1.535915
-1.706991
-1.872531
-2.019175
-2.111448
-2.013383
-1.895622
-1.803090
-1.611662
-1.536312
-1.462207
-1.374089
-1.276329
-1.169348
-1.055976
-0.922078
-0.988290
-1.134315
-1.273886
-1.422085
-1.597793
-1.767521
-1.922269
-2.056693
-2.167795
-2.259131
-2.115928
-1.939815
-1.804057
-1.603455
-1.520064
-1.460672
-1.374451
-1.269615
-1.166882
-1.058186
-1.095091
-1.237991
-1.369917
-1.514349
-1.672802
-1.827376
-1.969774
-2.095437
-2.201227
-2.294005
-2.165262
-1.964964
-1.764669
-1.611778
-1.549336
-1.469902
-1.391896
-1.304774
-1.211308
-1.102684
-0.969973
-1.144035
-1.299623
-1.451791
-1.609661
-1.770241
-1.923783
-2.059132
-2.137937
-2.184516
-2.075877
-1.948669
-1.748216
-1.677923
-1.632291
-1.570384
-1.493426
-1.411477
-1.328355
-1.233352
-1.273947
-1.414727
-1.530095
-1.638656
-1.757497
-1.884064
-2.008171
-2.120907
-2.215799
-2.292631
-2.137811
-1.951206
-1.808086
-1.607483
-1.489409
-1.436154
-1.354681
-1.254438
-1.158145
-1.053916
-1.091929
-1.236677
-1.368514
-1.410599
-1.602636
-1.790234
-1.952858
-2.088990
-2.185719
-2.074513
-1.940224
-1.837509
-1.675809
-1.628179
-1.558582
-1.478098
-1.383756
-1.279887
-1.168619
-1.037576
-0.887997
-1.079435
-1.274571
-1.450482
-1.624740
-1.787405
-1.932165
-2.057420
-2.161068
-2.239624
-2.080415
-1.891948
-1.752045
-1.553402
-1.406594
-1.352840
-1.270509
-1.170933
-1.076365
-0.978111
-1.049502
-1.225619
-1.376238
-1.509411
-1.644107
-1.781248
-1.914606
-2.037387
-2.142423
-2.234346
-2.095405
-1.908846
-1.708583
-1.534816
-1.484390
-1.413903
-1.343889
-1.259425
-1.163020
-1.047875
-0.906414
-1.094343
-1.288556
-1.444267
-1.601531
-1.760470
-1.911996
-2.061793
-2.142679
-1.996857
-1.869203
-1.783283
-1.634728
-1.583183
-1.505799
-1.414297
-1.311296
-1.190885
-1.058066
-0.898763
-1.001617
-1.162482
-1.350258
-1.521135
-1.674948
-1.817257
-1.946720
-2.059563
-2.154281
-2.228778
-2.063029
-1.871653
-1.724662
-1.524059
-1.379811
-1.320954
-1.242700
-1.155207
-1.069541
-0.971173
-1.031364
-1.198209
-1.357604
-1.521680
-1.684527
-1.831672
-1.964796
-2.084289
-2.144364
-2.181746
-2.053085
-1.901591
-1.701077
-1.634708
-1.605637
-1.565394
-1.512585
-1.453871
-1.391377
-1.317893
-1.223687
-1.402148
-1.562122
-1.689789
-1.812677
-1.938062
-2.060475
-2.173656
-2.233689
-2.266281
-2.135134
-1.989402
-1.788940
-1.694850
-1.648226
-1.582794
-1.504972
-1.423279
-1.338695
-1.240406
-1.266083
-1.402329
-1.583338
-1.572261
-1.741123
-1.908810
-2.048552
-2.162914
-2.217942
-2.073423
-1.931319
-1.827065
-1.633210
-1.589249
-1.524054
-1.448305
-1.367722
-1.276877
-1.174507
-1.053795
-0.904660
-1.103928
-1.302762
-1.487030
-1.639087
-1.793807
-1.945667
-2.050896
-2.133235
-2.191246
-2.084788
-1.962032
-1.761463
-1.710268
-1.668585
-1.606270
-1.525264
-1.438359
-1.348818
-1.247415
-1.288842
-1.435431
-1.554268
-1.508446
-1.671449
-1.837160
-1.980174
-2.101236
-2.197586
-2.274217
-2.116974
-1.921232
-1.720680
-1.520077
-1.465370
-1.393831
-1.304515
-1.204895
-1.096534
-0.968961
-1.079129
-1.224368
-1.406565
-1.538270
-1.709327
-1.865892
-2.002156
-2.121299
-2.178534
-2.017369
-1.875137
-1.767581
-1.704740
-1.639982
-1.578412
-1.505080
-1.410014
-1.303073
-1.185320
-1.047038
-1.140518
-1.278982
-1.461746
-1.630896
-1.779431
-1.912423
-2.031994
-2.136992
-2.185027
-2.208501
-2.061211
-1.900063
-1.769397
-1.568793
-1.553092
-1.517607
-1.463369
-1.398577
-1.325534
-1.238387
-1.351445
-1.502751
-1.469722
-1.627482
-1.781425
-1.916080
-2.035861
-2.140951
-2.189522
-2.278716
-2.131414
-1.948171
-1.747666
-1.577481
-1.545625
-1.491395
-1.425481
-1.353288
-1.271535
-1.174031
-1.266188
-1.400132
-1.517337
-1.635180
-1.764918
-1.902587
-2.039282
-2.181217
-2.256050
-2.350122
-2.217268
-2.044062
-1.843527
-1.732756
-1.685267
-1.620354
-1.540321
-1.456800
-1.364237
-1.254627
-1.324739
-1.438671
-1.625098
-1.610629
-1.760578
-1.920897
-2.061920
-2.183771
-2.243623
-2.273228
-2.145012
-2.004255
-1.803665
-1.718928
-1.663220
-1.595376
-1.515077
-1.427931
-1.330012
-1.216022
-1.295130
-1.422561
-1.535288
-1.645324
-1.769387
-1.903990
-2.037340
-2.124532
-2.188595
-2.041500
-1.908545
-1.822755
-1.751065
-1.689248
-1.634699
-1.567810
-1.486829
-1.401174
-1.309614
-1.204041
-1.083363
-1.267356
-1.452653
-1.621865
-1.806600
-1.978654
-2.117151
-2.181391
-2.227220
-2.107284
-1.968683
-1.864674
-1.792451
-1.703069
-1.660272
-1.599317
-1.530525
-1.453511
-1.363467
-1.258272
-1.330211
-1.466446
-1.651576
-1.826244
-1.966838
-2.082763
-2.184849
-2.234615
-2.271164
-2.119405
-1.993892
-1.912117
-1.837124
-1.822420
-1.778672
-1.719697
-1.653187
-1.583750
-1.507000
-1.418053
-1.315531
-1.457216
-1.635427
-1.802961
-1.957475
-2.083647
-2.188442
-2.235486
-2.269797
-2.138646
-2.037044
-1.968045
-1.898295
-1.829646
-1.739219
-1.636055
-1.522456
-1.402506
-1.269747
-1.114556
-1.149874
-1.350366
-1.544495
-1.546793
-1.715517
-1.886581
-2.033050
-2.155380
-2.210308
-2.053833
-1.908808
-1.813933
-1.750099
-1.647707
-1.800000
-1.868526
-1.892207
-1.875941
-1.849284
-1.941940
-1.917057
-1.896557
-1.965792
-2.106620
-2.205776
-2.257886
-2.296920
-2.120810
-1.928586
-1.779618
-1.670824
-1.502218
-1.333248
-1.300313
-1.274318
-1.252402
-1.238720
-1.234033
-1.393905
-1.590608
-1.625191
-1.563577
-1.737217
-1.896281
-2.018771
-2.116803
-2.198188
-2.036635
-1.865669
-1.728617
-1.528003
-1.487912
-1.427486
-1.373473
-1.325126
-1.281819
-1.250505
-1.227738
-1.244384
-1.286633
-1.315772
-1.322121
-1.513944
-1.713795
-1.878385
-1.974437
-2.009588
-1.987037
-2.006641
-2.013053
-1.951104
-1.829373
-1.672678
-1.515290
-1.323076
-1.122475
-0.921871
-0.888000
-1.017898
-1.195027
-1.371566
-1.518093
-1.541393
-1.654402
-1.747076
-1.814055
-1.878687
-1.917536
-1.970101
-2.007614
-1.829382
-1.632196
-1.434705
-1.279314
-1.116642
-1.112488
-1.103412
-1.097624
-1.072041
-1.124415
-1.123322
-1.302058
-1.473635
-1.650932
-1.820067
-1.962293
-1.917393
-1.831746
-1.744127
-1.746189
-1.729880
-1.692533
-1.620658
-1.528660
-1.423443
-1.299899
-1.166670
-1.011352
-0.888000
-0.996228
-1.196825
-1.217342
-1.222279
-1.412316
-1.612902
-1.791042
-1.915922
-1.993123
-2.033443
-1.847317
-1.659007
-1.512002
-1.399763
-1.321678
-1.264001
-1.084952
-0.887998
-0.922823
-0.924992
-1.122981
-1.323202
-1.508695
-1.660562
-1.796224
-1.921686
-2.040895
-2.150038
-2.248849
-2.345055
-2.441216
-2.286759
-2.106335
-1.987645
-1.912223
-1.909000
-1.922154
-1.894558
-1.820678
-1.720415
-1.592834
-1.443704
-1.268924
-1.071987
-0.887994
-0.888402
-1.800000
-1.873374
-1.920686
-1.904381
-1.878445
-1.844985
-1.796083
-1.730258
-1.718058
-1.891971
-1.862405
-1.781827
-1.707872
-1.602604
-1.754737
-1.863898
-1.911161
-1.919155
-1.892383
-1.888504
-1.897591
-1.905731
-1.897085
-1.738260
-1.553818
-1.354125
-1.155590
-0.955777
-0.921525
-1.002784
-1.075280
-1.014194
-0.957373
-1.155757
-1.298413
-1.342762
-1.392635
-1.457403
-1.517284
-1.474111
-1.291389
-1.168693
-1.140170
-0.951846
-0.888000
-0.888000
-0.888000
-0.888000
-0.905768
-0.936301
-0.956092
-1.156697
-1.319275
-1.490742
-1.641096
-1.770748
-1.669160
-1.561796
-1.501608
-1.462801
-1.461219
-1.492743
-1.507087
-1.477245
-1.441924
-1.369522
-1.262239
-1.129942
-0.971278
-0.968085
-1.163281
-1.205007
-1.229801
-1.243501
-1.444105
-1.644583
-1.828673
-1.913475
-1.989170
-1.861487
-1.713771
-1.610398
-1.439220
-1.428471
-1.383542
-1.335778
-1.283970
-1.220798
-1.138688
-1.073066
-1.269021
-1.447856
-1.613577
-1.778725
-1.950663
-2.087313
-2.150236
-2.201033
-2.064929
-1.962108
-1.896356
-1.851055
-1.829864
-1.767409
-1.697848
-1.620255
-1.522874
-1.411371
-1.287587
-1.139793
-0.956363
-1.141408
-1.339183
-1.511172
-1.670456
-1.856312
-2.016652
-2.109383
-2.179054
-2.222537
-2.103077
-1.964905
-1.856900
-1.695546
-1.679395
-1.632468
-1.571842
-1.501700
-1.420720
-1.324619
-1.377598
-1.543626
-1.667081
-1.764247
-1.862569
-1.970170
-2.081508
-2.155361
-2.210538
-2.246047
-2.124239
-1.985423
-1.784902
-1.751043
-1.695692
-1.623877
-1.545408
-1.458383
-1.358579
-1.237524
-1.091230
-1.265745
-1.458400
-1.625880
-1.788816
-1.962996
-2.105520
-2.169319
-2.215306
-2.069059
-1.950566
-1.866835
-1.811277
-1.766095
-1.704284
-1.625265
-1.527824
-1.418139
-1.291640
-1.135540
-1.147784
-1.345560
-1.538459
-1.515731
-1.678016
-1.838343
-1.973530
-2.087485
-2.138261
-2.171497
-2.023523
-1.858484
-1.739441
-1.538837
-1.512635
-1.472624
-1.414891
-1.343896
-1.258994
-1.150429
-1.198606
-1.364840
-1.542781
-1.672455
-1.844863
-1.973982
-2.080379
-2.174931
-2.215273
-2.239258
-2.091527
-1.929005
-1.813203
-1.638717
-1.619398
-1.559631
-1.482019
-1.391242
-1.283378
-1.152890
-1.183925
-1.336563
-1.527562
-1.515598
-1.703506
-1.870035
-2.006157
-2.083050
-2.145739
-1.988386
-1.857525
-1.765041
-1.704670
-1.637719
-1.605995
-1.556391
-1.501234
-1.439310
-1.362429
-1.266848
-1.146394
-1.320415
-1.477751
-1.641475
-1.801031
-1.977673
-2.141759
-2.213841
-2.256588
-2.127834
-2.029301
-1.962748
-1.924681
-1.889200
-1.822483
-1.738140
-1.639715
-1.531823
-1.408662
-1.264658
-1.227279
-1.367622
-1.562179
-1.565137
-1.745237
-1.935728
-2.091636
-2.167115
-2.219347
-2.079274
-1.966537
-1.886069
-1.827599
-1.801537
-1.751637
-1.682180
-1.592360
-1.481181
-1.332727
-1.135408
-0.939119
-1.130743
-1.328145
-1.501722
-1.662604
-1.826029
-2.022147
-2.122077
-2.188640
-2.091073
-2.025435
-2.010544
-2.004628
-1.958810
-1.887086
-1.797578
-1.690035
-1.528913
-1.334075
-1.133483
-0.935007
-1.132525
-1.332083
-1.509530
-1.670546
-1.870935
-2.015708
-2.116748
-2.186421
-2.293355
-2.195413
-2.057946
-1.953283
-1.837961
-1.821916
-1.774751
-1.709038
-1.632327
-1.540882
-1.431381
-1.441283
-1.568737
-1.752415
-1.921142
-2.045038
-2.140773
-2.228184
-2.272194
-2.301103
-2.152061
-2.030236
-1.947219
-1.898016
-1.865787
-1.794143
-1.702096
-1.598566
-1.481052
-1.343115
-1.183827
-1.001921
-1.155956
-1.354688
-1.527724
-1.685605
-1.848476
-1.997636
-2.091962
-2.171873
-2.096197
-2.044143
-2.036923
-2.049516
-2.021219
-1.961053
-1.879308
-1.773882
-1.615168
-1.422669
-1.222077
-1.021510
-1.212006
-1.411527
-1.588692
-1.751614
-1.923486
-2.072048
-2.152008
-2.207310
-2.238889
-2.127362
-2.005590
-1.806886
-1.770807
-1.725518
-1.661619
-1.585742
-1.495592
-1.388516
-1.253441
-1.101883
-1.283383
-1.474197
-1.643092
-1.809676
-1.974034
-2.103451
-2.205367
-2.243630
-2.247463
-2.100680
-1.943570
-1.833377
-1.650718
-1.635252
-1.588807
-1.523795
-1.444257
-1.343644
-1.214453
-1.230002
-1.369454
-1.561243
-1.732715
-1.901809
-2.054330
-2.173473
-2.225604
-2.262313
-2.112518
-1.990420
-1.905882
-1.823521
-1.791432
-1.723985
-1.637994
-1.571353
-1.478235
-1.353903
-1.210476
-1.036137
-1.041992
-1.172162
-1.368155
-1.538094
-1.696931
-1.861103
-2.010488
-2.110041
-2.190283
-2.109888
-2.007025
-1.923681
-1.886271
-1.884757
-1.844621
-1.785866
-1.710130
-1.623343
-1.517530
-1.382245
-1.225196
-1.410556
-1.600256
-1.767636
-1.932774
-2.089198
-2.208726
-2.262647
-2.301607
-2.324764
-2.189148
-2.034187
-1.922058
-1.844397
-1.762914
-1.764591
-1.744030
-1.704204
-1.642419
-1.561891
-1.578746
-1.697223
-1.796911
-1.944164
-2.094955
-2.222912
-2.278990
-2.312276
-2.206840
-2.107915
-2.039577
-2.034350
-2.022511
-1.965626
-1.894415
-1.792108
-1.690721
-1.621079
-1.500762
-1.347865
-1.171600
-0.970600
-1.009382
-1.209875
-1.299244
-1.494826
-1.666484
-1.867082
-2.001161
-2.085643
-2.158377
-2.091110
-2.003922
-1.940954
-1.892425
-1.844517
-1.771339
-1.685807
-1.586274
-1.472904
-1.301155
-1.100555
-0.897636
-0.888000
-1.058599
-1.259199
-1.443982
-1.604715
-1.763637
-1.927673
-2.050235
-2.146018
-2.074461
-1.978065
-1.900717
-1.863768
-1.859678
-1.823826
-1.772794
-1.707510
-1.628714
-1.532610
-1.403566
-1.252092
-1.363597
-1.556471
-1.727947
-1.894775
-2.056304
-2.169598
-2.240590
-2.294944
-2.207226
-2.099466
-2.010708
-1.971659
-1.970736
-1.930645
-1.870989
-1.796660
-1.707571
-1.600709
-1.469665
-1.310270
-1.408095
-1.604471
-1.778465
-1.904084
-2.021345
-2.126264
-2.202589
-2.255142
-2.286103
-2.175959
-2.048005
-1.944594
-1.842245
-1.810163
-1.760884
-1.694030
-1.612131
-1.510087
-1.384097
-1.326511
-1.437956
-1.550770
-1.720631
-1.886054
-2.047128
-2.197117
-2.259991
-2.294175
-2.155356
-2.038796
-1.952692
-1.912106
-1.887797
-1.828224
-1.750499
-1.658377
-1.558191
-1.437828
-1.289882
-1.111173
-1.229253
-1.426860
-1.600496
-1.760934
-1.924872
-2.061462
-2.144485
-2.212584
-2.154135
-2.077868
-2.028590
-2.028631
-1.991370
-1.911903
-1.822680
-1.722079
-1.597609
-1.449663
-1.272762
-1.074342
-1.045043
-1.245588
-1.444031
-1.620851
-1.784866
-1.949363
-2.084273
-2.166124
-2.229234
-2.158832
-2.070909
-1.996039
-1.984725
-1.948407
-1.878862
-1.790339
-1.681866
-1.563277
-1.420131
-1.238666
-1.053666
-1.250894
-1.447719
-1.620152
-1.618765
-1.779857
-1.942051
-2.064099
-2.163700
-2.081507
-1.969502
-1.874379
-1.801119
-1.745306
-1.720799
-1.677327
-1.613520
-1.529280
-1.420653
-1.274857
-1.097639
-1.282632
-1.474140
-1.459463
-1.436278
-1.630743
-1.828724
-1.991221
-2.062351
-2.115824
-1.986545
-1.840884
-1.734447
-1.664366
-1.548066
-1.544155
-1.522527
-1.474805
-1.401805
-1.295576
-1.276917
-1.419818
-1.554203
-1.717242
-1.882734
-2.046101
-2.164070
-2.240238
-2.118504
-2.010929
-1.939049
-1.902573
-1.916968
-1.902545
-1.844655
-1.752371
-1.645374
-1.593606
-1.537114
-1.435757
-1.285757
-1.111457
-0.910476
-1.078689
-1.278280
-1.457533
-1.619190
-1.781793
-1.933230
-2.039554
-2.136085
-2.078458
-1.997285
-1.925641
-1.883767
-1.855781
-1.791991
-1.704220
-1.598847
-1.503286
-1.382196
-1.220565
-1.021537
-0.888000
-1.042369
-1.242931
-1.280712
-1.473830
-1.648757
-1.822390
-1.966048
-2.070276
-1.949852
-1.835536
-1.751588
-1.687439
-1.620223
-1.619479
-1.593835
-1.556489
-1.492577
-1.412918
-1.311787
-1.173080
-1.022201
-1.218845
-1.408328
-1.585294
-1.753749
-1.906437
-2.028163
-2.114880
-2.181295
-2.041716
-1.912246
-1.816958
-1.757041
-1.733716
-1.743941
-1.739212
-1.706362
-1.650944
-1.569210
-1.452193
-1.492456
-1.606032
-1.777912
-1.944417
-2.104453
-2.217477
-2.284983
-2.327722
-2.227406
-2.140553
-2.098053
-2.131360
-2.129897
-2.082533
-2.021273
-1.920948
-1.844350
-1.790110
-1.704597
-1.578761
-1.417892
-1.245542
-1.080820
-1.278025
-1.466708
-1.640434
-1.809660
-1.973639
-2.094397
-2.182193
-2.122673
-2.038374
-1.964069
-1.953028
-1.935211
-1.895322
-1.816984
-1.727358
-1.630572
-1.499338
-1.335390
-1.139770
-0.939184
-1.131946
-1.332539
-1.459864
-1.647899
-1.821515
-1.985231
-2.098780
-2.180021
-2.066110
-1.916587
-1.790433
-1.695887
-1.633811
-1.583691
-1.550727
-1.501502
-1.433798
-1.341062
-1.214671
-1.052949
-1.205501
-1.350745
-1.528109
-1.692896
-1.860305
-2.010321
-2.113684
-2.191638
-2.081205
-1.936113
-1.819002
-1.739878
-1.692819
-1.682014
-1.648891
-1.594509
-1.517000
-1.415051
-1.279960
-1.098140
-1.237019
-1.435404
-1.613586
-1.765031
-1.938149
-2.084846
-2.179737
-2.248629
-2.138045
-1.997126
-1.889086
-1.813184
-1.782267
-1.754183
-1.704891
-1.640176
-1.556394
-1.450759
-1.310812
-1.135674
-1.240841
-1.440956
-1.622902
-1.791369
-1.957802
-2.094636
-2.182781
-2.246900
-2.119347
-1.997936
-1.903214
-1.838228
-1.781488
-1.779647
-1.752590
-1.703491
-1.639462
-1.549528
-1.446122
-1.312913
-1.174006
-1.374444
-1.555795
-1.720459
-1.885462
-2.030908
-2.127283
-2.201650
-2.105752
-2.010741
-1.935571
-1.881000
-1.878814
-1.842945
-1.771679
-1.673988
-1.597398
-1.515533
-1.386961
-1.214741
-1.014142
-0.969779
-1.168297
-1.368617
-1.552023
-1.526523
-1.696552
-1.869980
-2.002624
-2.106129
-2.017900
-1.900209
-1.804284
-1.738510
-1.708133
-1.701710
-1.671584
-1.614833
-1.535801
-1.428097
-1.299756
-1.121023
-0.988438
-1.189038
-1.374682
-1.536824
-1.698413
-1.864841
-2.003829
-2.115899
-2.033913
-1.959359
-1.901635
-1.831514
-1.866148
-1.862215
-1.830364
-1.781616
-1.703342
-1.602887
-1.466304
-1.280135
-1.103329
-1.262157
-1.462744
-1.488550
-1.674648
-1.848184
-2.014789
-2.127585
-2.031811
-1.947426
-1.880462
-1.830340
-1.832950
-1.817730
-1.786600
-1.713266
-1.628814
-1.527384
-1.381299
-1.187834
-0.987235
-0.888000
-1.088414
-1.289013
-1.481254
-1.651300
-1.819678
-1.982965
-2.096463
-2.187772
-2.123593
-2.037359
-1.993342
-1.995054
-1.976383
-1.919062
-1.827732
-1.712432
-1.632429
-1.531522
-1.375116
-1.176690
-0.972941
-0.889356
-1.089921
-1.290522
-1.476377
-1.639915
-1.801136
-1.961587
-2.074554
-2.180372
-2.169731
-2.147064
-2.163231
-2.147336
-2.105755
-2.035886
-1.935489
-1.812091
-1.666287
-1.523985
-1.347197
-1.145408
-1.055347
-1.181544
-1.355044
-1.555624
-1.719288
-1.710177
-1.885213
-2.026322
-2.073480
-2.115018
-2.012227
-1.904648
-1.869224
-1.838396
-1.795006
-1.709288
-1.594774
-1.457110
-1.300940
-1.158437
-1.024254
-0.888000
-0.888203
-0.976879
-0.991666
-1.179269
-1.236591
-1.434038
-1.608126
-1.768090
-1.921932
-2.025500
-2.107734
-1.985524
-1.836013
-1.704243
-1.595157
-1.541503
-1.509457
-1.437881
-1.339334
-1.221291
-1.036460
-0.888000
-0.888000
-0.887998
-0.888000
-1.088599
-1.285852
-1.462952
-1.634574
-1.806140
-1.941900
-2.050117
-1.950462
-1.814870
-1.702732
-1.624532
-1.591306
-1.593181
-1.546255
-1.476278
-1.375980
-1.241882
-1.062330
-0.888000
-0.888000
-1.088212
-1.288807
-1.322105
-1.493181
-1.683682
-1.863531
-2.000753
-2.112972
-2.031321
-1.912785
-1.811824
-1.741812
-1.735625
-1.717431
-1.648341
-1.555599
-1.457133
-1.331994
-1.144421
-0.943822
-0.888000
-0.888000
-1.053660
-1.187382
-1.387987
-1.572719
-1.750533
-1.904791
-2.008717
-1.885081
-1.757810
-1.668836
-1.587381
-1.544612
-1.543950
-1.500917
-1.434204
-1.359751
-1.247921
-1.070725
-0.887999
-0.888000
-0.888001
-1.078611
-1.211506
-1.408469
-1.582200
-1.749676
-1.912583
-2.034289
-1.957972
-1.868743
-1.803167
-1.813355
-1.827179
-1.821195
-1.769305
-1.687227
-1.597607
-1.478397
-1.298295
-1.097699
-0.954012
-0.888570
-1.089128
-1.289016
-1.469046
-1.630114
-1.800503
-1.960865
-2.065697
-2.168972
-2.106425
-2.039899
-2.043332
-2.015568
-1.971234
-1.903111
-1.809993
-1.691785
-1.544769
-1.352931
-1.151261
-0.951520
-1.150452
-1.347482
-1.527455
-1.689881
-1.852828
-2.004012
-2.099796
-2.197356
-2.185085
-2.148134
-2.154207
-2.143487
-2.087202
-2.008740
-1.915279
-1.794902
-1.645272
-1.474339
-1.279837
-1.079257
-1.012932
-1.143537
-1.271159
-1.471711
-1.524314
-1.722466
-1.893161
-2.050511
-2.049435
-2.081320
-1.968877
-1.858808
-1.816966
-1.797751
-1.759675
-1.678715
-1.565020
-1.423975
-1.263583
-1.072801
-0.887998
-0.890293
-0.888000
-1.020339
-1.137191
-1.199090
-1.393754
-1.560524
-1.713889
-1.813195
-1.903009
-1.953159
-2.002234
-1.871114
-1.703373
-1.620279
-1.597440
-1.557559
-1.512236
-1.434484
-1.329139
-1.196981
-1.010746
-0.888000
-0.888000
-0.888000
-1.040661
-1.166528
-1.262337
-1.461231
-1.653041
-1.832239
-1.943950
-2.018080
-1.855991
-1.686485
-1.527313
-1.382094
-1.265217
-1.231143
-1.193687
-1.140245
-1.050452
-0.919362
-0.888000
-0.888000
-0.888001
-1.088603
-1.285971
-1.447118
-1.610996
-1.781687
-1.936750
-2.054778
-1.978626
-1.877839
-1.820344
-1.839796
-1.822755
-1.776290
-1.715906
-1.639701
-1.518133
-1.367930
-1.173705
-0.994598
-1.047142
-1.247738
-1.445065
-1.623188
-1.788373
-1.961250
-2.089084
-2.170460
-2.100085
-2.008118
-1.938490
-1.957321
-1.943501
-1.912216
-1.841559
-1.726766
-1.578225
-1.395703
-1.196961
-0.996360
-0.888000
-1.078661
-1.279234
-1.475543
-1.523251
-1.707852
-1.881487
-2.029028
-2.137975
-2.067175
-1.989222
-1.924300
-1.945404
-1.945371
-1.925933
-1.872667
-1.787310
-1.676125
-1.543030
-1.377076
-1.178087
-0.977495
-0.923896
-1.123140
-1.322869
-1.500762
-1.665122
-1.830487
-1.966141
-2.073107
-2.022715
-1.952606
-1.867170
-1.860588
-1.861852
-1.821037
-1.747149
-1.647439
-1.532067
-1.360279
-1.159682
-0.959083
-0.928123
-1.112639
-1.313235
-1.351808
-1.390356
-1.580421
-1.759991
-1.920614
-2.049412
-1.979028
-1.880422
-1.796963
-1.804943
-1.795940
-1.745847
-1.663381
-1.558097
-1.426252
-1.264125
-1.063527
-0.888000
-0.888174
-0.888000
-1.058758
-1.202589
-1.310983
-1.510424
-1.692380
-1.855676
-1.962968
-1.862735
-1.700438
-1.554936
-1.405622
-1.361103
-1.317305
-1.237581
-1.133770
-1.011198
-0.888000
-0.888000
-0.888000
-0.888000
-0.888000
-1.017872
-1.217738
-1.407569
-1.588728
-1.758501
-1.877526
-1.984530
-1.876076
-1.749737
-1.628705
-1.581259
-1.601468
-1.581161
-1.524162
-1.439053
-1.343420
-1.207883
-1.040484
-0.888000
-0.885114
-1.057259
-1.257854
-1.442009
-1.607030
-1.775658
-1.942159
-2.053357
-2.151840
-2.072794
-1.937636
-1.957185
-1.928396
-1.861292
-1.776182
-1.674398
-1.542210
-1.379161
-1.180687
-0.980088
-0.888000
-1.088545
-1.222901
-1.423506
-1.604477
-1.769595
-1.925179
-2.034856
-2.138535
-2.072154
-1.936054
-1.941908
-1.932203
-1.896311
-1.819955
-1.717824
-1.592121
-1.437466
-1.251414
-1.050823
-0.888253
-0.888938
-1.089511
-1.194840
-1.394197
-1.573375
-1.744540
-1.905827
-2.027026
-2.142838
-2.045807
-1.866359
-1.785918
-1.791103
-1.753082
-1.685397
-1.598565
-1.556308
-1.422875
-1.261809
-1.069717
-0.888000
-0.888000
-0.888306
-0.893350
-0.938059
-1.129600
-1.330199
-1.343293
-1.354457
-1.552803
-1.748580
-1.866154
-1.961612
-2.072918
-1.960526
-1.793586
-1.662186
-1.640152
-1.582958
-1.487740
-1.360284
-1.178829
-0.978229
-0.888000
-0.888000
-1.049167
-1.190340
-1.304679
-1.503832
-1.681994
-1.847751
-1.972150
-2.070171
-1.959460
-1.809551
-1.651623
-1.510178
-1.512324
-1.480242
-1.419328
-1.333624
-1.223030
-1.079895
-0.887999
-0.888000
-0.888000
-0.888000
-1.088603
-1.279426
-1.458386
-1.634276
-1.802679
-1.930557
-2.057357
-1.953126
-1.816147
-1.688404
-1.669111
-1.659431
-1.605896
-1.516940
-1.399747
-1.238737
-1.038137
-0.888000
-0.888000
-1.011363
-1.144832
-1.248549
-1.316822
-1.352690
-1.548919
-1.727893
-1.870016
-1.767828
-1.648515
-1.523352
-1.400234
-1.386748
-1.332558
-1.238520
-1.111758
-0.953617
-0.888000
-0.888000
-0.888000
-1.000278
-1.144700
-1.329881
-1.501114
-1.671125
-1.834703
-1.965599
-2.038137
-2.107537
-2.202334
-2.100405
-1.925425
-1.804174
-1.801688
-1.750440
-1.674853
-1.575076
-1.456607
-1.312569
-1.137061
-1.170158
-1.294769
-1.409792
-1.609282
-1.790472
-1.957753
-2.071617
-2.150490
-2.078534
-1.959381
-1.924379
-1.942101
-1.929619
-1.866035
-1.782980
-1.663013
-1.524811
-1.368734
-1.175672
-0.975071
-0.888000
-0.888000
-0.888000
-1.063561
-1.200498
-1.401102
-1.587757
-1.765527
-1.904322
-2.004073
-1.878335
-1.702982
-1.528515
-1.332423
-1.310296
-1.253210
-1.147278
-1.016961
-0.888000
-0.888000
-0.888000
-0.888000
-1.088601
-1.217646
-1.409668
-1.572617
-1.740013
-1.893009
-2.014232
-2.117243
-2.205868
-2.255147
-1.800000
-1.863596
-1.901067
-1.868569
-1.841902
-1.805330
-1.760421
-1.708280
-1.648292
-1.581300
-1.507611
-1.426258
-1.336316
-1.234864
-1.116520
-0.971683
-0.888000
-0.888000
-0.888000
-0.888000
-0.888000
-0.888000
-0.888000
-0.888000
-0.888000
-0.888000
-0.888000
-0.888000
-0.888000
-0.888000
-0.888000
-1.048279
-1.245318
-1.438169
-1.608611
-1.741403
-1.842192
-1.925502
-1.993368
-2.042383
-2.082807
-2.121054
-2.155039
-2.183243
-2.205163
-2.223685
-2.243157
-2.267023
-2.294880
-2.325940
-2.351615
-2.362862
-2.375935
-2.445380
-1.800000
-1.860832
-1.888508
-1.860571
-1.811846
-1.770805
-1.722287
-1.665605
-1.600576
-1.527197
-1.445518
-1.355387
-1.255576
-1.144210
-1.018358
-0.887999
-0.888015
-0.888016
-0.888000
-0.888008
-0.888009
-0.888009
-0.888008
-0.888000
-0.888000
-0.888000
-0.888064
-0.888000
-0.888000
-0.888000
-0.888000
-1.047315
-1.246474
-1.441142
-1.628335
-1.814516
-1.984990
-2.125133
-2.238873
-2.331582
-2.408340
-2.473995
-2.533489
-2.587543
-2.629679
-2.662672
-2.691857
-1.800000
-1.896727
-1.975087
-1.996816
-2.002074
-2.004990
-1.989143
-1.957116
-1.910266
-1.849074
-1.779324
-1.705216
-1.626718
-1.542545
-1.449441
-1.341512
-1.213437
-1.055861
-0.888000
-0.888000
-0.888000
-0.888000
-0.888000
-0.888001
-0.888000
-0.888010
-0.888014
-0.888009
-0.888004
-0.888000
-0.888000
-1.048041
-1.245597
-1.443382
-1.629604
-1.812430
-1.990405
-2.165349
-2.320795
-2.449300
-2.552893
-2.637038
-2.694409
-2.735817
-2.771921
-2.802285
-2.817955
-1.800000
-1.882862
-1.941143
-1.943815
-1.929360
-1.918135
-1.896679
-1.865409
-1.824066
-1.770771
-1.704409
-1.624756
-1.531392
-1.424476
-1.303606
-1.166114
-1.004458
-0.888000
-0.888000
-0.888000
-0.888000
-0.888000
-0.888000
-0.888000
-0.888000
-0.888000
-0.888002
-0.888039
-0.888043
-0.888000
-0.888000
-1.048047
-1.246647
-1.446642
-1.624658
-1.798880
-1.957115
-1.800000
-1.863572
-1.891906
-1.848141
-1.808277
-1.755964
-1.690562
-1.611128
-1.605608
-1.784592
-1.963971
-1.885880
-1.755427
-1.874730
-1.967973
-1.992640
-1.982478
-1.940063
-1.914633
-1.770004
-1.585688
-1.387506
-1.187322
-1.008335
-0.888004
-0.888000
-0.888000
-0.918728
-0.996880
-1.030096
-0.980975
-0.888000
-0.888000
-0.888000
-0.888000
-0.928120
-1.120471
-1.316364
-1.464721
-1.563247
-1.624785
-1.662999
-1.685547
-1.694571
-1.698055
-1.707185
-1.724332
-1.749506
-1.780515
-1.817501
-1.860338
-1.875408
-1.826072
-1.940428
-2.028458
-2.096517
-2.128170
-2.149056
-2.163392
-2.154759
-2.127176
-2.081865
-1.800000
-1.871159
-1.917081
-1.906330
-1.876832
-1.850850
-1.814792
-1.768548
-1.713264
-1.649394
-1.577698
-1.498305
-1.410017
-1.311001
-1.198046
-1.066033
-0.903031
-0.888000
-0.888000
-0.888000
-0.887997
-0.888000
-0.888000
-0.888005
-0.888008
-0.888009
-0.888008
-0.889897
-0.891696
-0.888000
-0.888000
-1.047782
-1.247049
-1.435779
-1.613542
-1.794602
-1.972684
-2.120282
-2.240819
-2.341334
-2.215400
-2.052496
-1.933751
-1.857411
-1.811651
-1.790087
-1.788634
-1.817261
-2.002947
-1.800000
-1.883550
-1.940966
-1.926321
-1.913762
-1.886510
-1.844897
-1.792177
-1.764324
-1.901729
-2.048167
-2.167664
-2.262136
-2.334325
-2.407759
-2.478677
-2.529499
-2.519386
-2.481354
-2.444700
-2.422557
-2.413293
-2.411818
-2.400385
-2.395988
-2.421241
-2.437352
-2.445487
-2.454903
-2.457365
-2.481036
-2.510899
-2.544033
-2.582161
-2.624262
-2.662032
-2.734949
-1.800000
-1.870142
-1.910928
-1.892082
-1.854911
-1.815593
-1.782521
-1.904976
-1.884133
-1.823478
-1.775850
-1.939480
-2.074025
-2.136511
-2.164628
-2.144949
-2.111495
-1.941137
-1.778961
-1.663633
-1.587467
-1.429860
-1.237660
-1.037059
-0.888000
-0.888000
-0.888000
-0.888000
-0.888000
-0.888000
-0.888000
-0.885903
-0.933151
-0.984950
-1.029951
-1.055071
-1.069112
-1.077977
-1.084520
-1.092000
-1.100009
-1.109641
-1.126639
-1.147904
-1.170947
-1.196822
-1.236307
-1.294046
-1.330811
-1.349333
-1.373491
-1.419824
-1.497914
-1.605535
-1.753661
-1.861521
-1.950342
-2.009424
-2.049438
-2.078174
-2.100179
-2.118112
-2.137563
-1.800000
-1.869833
-1.916350
-1.905132
-1.876202
-1.848231
-1.808181
-1.754644
-1.685281
-1.598191
-1.497856
-1.386817
-1.262897
-1.122673
-0.960843
-0.888001
-0.888000
-0.888000
-0.888000
-0.888000
-0.888000
-0.888000
-0.954406
-1.027526
-1.085265
-1.127987
-1.158252
-1.178546
-1.195115
-1.210546
-1.225049
-1.240846
-1.440669
-1.640433
-1.833488
-2.000985
-2.139821
-2.256536
-2.352152
-2.426695
-2.489141
-2.433426
-2.330572
-2.238733
-2.174881
-2.207716
-2.291146
-2.385732
-2.484810
-2.565931
-2.626894
-2.679973
-2.720035
-2.761659
-2.774263
-2.775562
-2.696727
-2.705958
-2.709124
-2.682826
-1.800000
-1.868927
-1.907715
-1.889870
-1.851029
-1.814516
-1.764586
-1.699779
-1.699095
-1.876415
-2.050724
-2.049848
-1.917558
-1.997558
-2.066530
-2.073842
-2.051702
-2.013664
-1.971925
-1.960776
-1.951731
-1.914023
-1.841446
-1.750065
-1.623726
