0.000101
-0.000556
-0.000733
-0.001107
-0.001647
-0.002283
-0.002828
-0.003357
-0.003986
-0.004287
-0.004247
-0.003996
-0.003795
-0.003983
-0.004439
-0.009208
-0.045958
-0.111083
-0.206310
-0.332441
-0.382962
-0.419059
-0.441143
-0.439443
-0.409967
-0.357826
-0.295507
-0.236922
-0.192547
-0.164973
-0.165939
-0.195966
-0.233444
-0.270173
-0.311649
-0.419799
-0.588717
-0.662931
-0.612895
-0.558553
-0.542754
-0.504224
-0.497677
-0.523536
-0.521420
-0.506242
-0.481451
-0.464778
-0.464003
-0.477257
-0.448709
-0.418610
-0.405605
0.000000
0.036405
0.083304
0.125160
0.158069
0.174973
0.174002
0.155805
0.124147
0.083597
0.038344
-0.007069
-0.047228
-0.076172
-0.092134
-0.095062
-0.086001
-0.079442
-0.100107
-0.152563
-0.238871
-0.353822
-0.434060
-0.452717
-0.438707
-0.393028
-0.325893
-0.240626
-0.142433
-0.041629
0.049331
0.139674
0.208566
0.288487
0.388585
0.445811
0.412798
0.390004
0.329266
0.211789
0.106187
0.013133
-0.062878
-0.134027
-0.199994
-0.251172
-0.296853
-0.336313
-0.389166
-0.473968
-0.581177
-0.736993
-0.862995
0.000000
-0.050054
-0.107445
-0.157090
-0.197013
-0.226830
-0.228560
-0.205039
-0.170021
-0.154566
-0.159493
-0.159211
-0.150867
-0.138863
-0.112503
-0.069430
-0.045838
-0.040467
-0.051018
-0.059782
-0.065439
-0.064641
-0.059466
-0.053568
-0.043299
-0.023788
-0.000920
0.027006
0.054028
0.072900
0.080673
0.080635
0.078865
0.081955
0.085881
0.096495
0.134573
0.164095
0.173816
0.122269
0.053488
0.062237
0.106262
0.109834
0.092529
0.081668
0.117417
0.131980
0.115135
0.121406
0.133811
0.159312
0.181573
0.189830
0.206853
0.212980
0.216248
0.211111
0.192453
0.140753
0.081987
0.095712
0.118036
0.105784
0.068999
0.042237
0.045395
0.048078
0.002081
-0.026020
-0.056501
-0.087085
-0.114727
-0.126055
-0.129303
-0.145148
-0.160021
-0.161034
-0.171812
-0.182049
-0.198912
-0.158127
-0.137144
-0.143837
-0.176457
-0.197985
-0.195684
-0.195274
-0.186176
-0.179198
-0.180839
-0.185818
-0.188135
-0.178497
-0.147775
-0.117826
-0.071116
-0.022615
-0.015116
-0.066279
-0.131269
-0.088270
-0.030023
0.001648
0.009341
0.032735
0.065244
0.098621
0.096961
0.114809
0.135581
0.157790
0.170792
0.181632
0.196678
0.190543
0.190299
0.193941
0.178623
0.134604
0.099174
0.097014
0.116175
0.116103
0.086142
0.064837
0.063524
0.054838
0.022896
0.006921
-0.019221
-0.056000
-0.097559
-0.136402
-0.165913
-0.219450
-0.273875
-0.305632
-0.319622
-0.316160
-0.285126
-0.237927
-0.236796
-0.269477
-0.298323
-0.337914
-0.359073
-0.371058
-0.326102
-0.302911
-0.285304
-0.269174
-0.249979
-0.222271
-0.176961
-0.130852
-0.067102
-0.001333
0.017687
-0.031999
-0.032768
-0.015580
0.026250
0.058342
0.070410
0.094766
0.112240
0.148589
0.155059
0.180412
0.205472
0.230779
0.245908
0.249878
0.243113
0.223633
0.202597
0.195935
0.184067
0.122064
0.086719
0.073274
0.078963
0.074460
0.046934
0.027109
0.056133
0.043828
0.045473
0.030644
0.013031
0.005197
0.016672
0.020955
0.028635
0.015723
0.003041
0.001457
-0.003926
-0.006884
-0.003686
0.029751
0.050864
0.041383
0.010044
-0.005900
-0.005990
0.009059
0.012624
0.017872
0.019767
0.021090
0.025606
0.043030
0.066652
0.083897
0.112576
0.139934
0.145991
0.106965
0.014095
0.048808
0.095050
0.106747
0.091663
0.086253
0.094468
0.094520
0.079989
0.073942
0.074837
0.080655
0.088471
0.093150
0.104384
0.103745
0.112218
0.126320
0.122058
0.075886
0.033353
0.065710
0.088904
0.078119
0.057385
0.038035
0.031769
0.028770
0.006171
-0.021037
-0.055486
-0.092692
-0.127658
-0.152623
-0.159835
-0.171581
-0.173882
-0.157470
-0.161158
-0.180841
-0.210716
-0.166628
-0.133932
-0.118352
-0.129212
-0.128806
-0.112796
-0.094749
-0.082818
-0.070968
-0.064715
-0.061198
-0.054825
-0.040530
-0.013302
0.020022
0.064835
0.102784
0.116394
0.058853
-0.001609
0.039241
0.091726
0.111894
0.106340
0.107542
0.112484
0.137658
0.115905
0.116415
0.122387
0.133526
0.142029
0.144381
0.152024
0.139871
0.135163
0.138152
0.118823
0.087325
0.024965
0.050043
0.077045
0.072621
0.036251
0.007653
0.001066
-0.016283
-0.021114
-0.050596
-0.087528
-0.129653
-0.172999
-0.207615
-0.222717
-0.238484
-0.246536
-0.244030
-0.244414
-0.257162
-0.259222
-0.205403
-0.177920
-0.172125
-0.189533
-0.197929
-0.182092
-0.168178
-0.144055
-0.134982
-0.119604
-0.103330
-0.082129
-0.050622
-0.010535
0.023220
0.068440
0.104955
0.111017
0.061487
0.035069
0.041850
0.077007
0.105511
0.108352
0.118746
0.122219
0.141542
0.157853
0.157561
0.156869
0.163428
0.176394
0.180671
0.186975
0.174995
0.166071
0.160626
0.136568
0.095233
0.054134
0.078680
0.092676
0.073344
0.023749
-0.016164
-0.027938
-0.054503
-0.065117
-0.097729
-0.139820
-0.185738
-0.231375
-0.267778
-0.286548
-0.301525
-0.301846
-0.292960
-0.293784
-0.316933
-0.326243
-0.269383
-0.234915
-0.234599
-0.231467
-0.228825
-0.212243
-0.198008
-0.167469
-0.155109
-0.140500
-0.126498
-0.110107
-0.079955
-0.037956
-0.003298
0.045835
0.087273
0.098815
0.051723
0.021743
0.033556
0.079048
0.106777
0.106573
0.116831
0.121728
0.152783
0.151301
0.155420
0.159685
0.165640
0.166470
0.158315
0.152359
0.127181
0.108118
0.098877
0.073650
0.049788
-0.000632
0.029416
0.050977
0.044354
0.001448
-0.036724
-0.050510
-0.075755
-0.083978
-0.111997
-0.156074
-0.210409
-0.271859
-0.328979
-0.359417
-0.354200
-0.349973
-0.355878
-0.367058
-0.395620
-0.394104
-0.337314
-0.302950
-0.289448
-0.300944
-0.303759
-0.284900
-0.268340
-0.236992
-0.220399
-0.200765
-0.180510
-0.156996
-0.114902
-0.061468
-0.013652
0.049177
0.101332
0.123612
0.078209
0.060928
0.074622
0.098981
0.126864
0.129605
0.137588
0.142737
0.158252
0.169569
0.176532
0.178891
0.182199
0.189811
0.189614
0.188497
0.171040
0.155715
0.146780
0.126842
0.091044
0.049703
0.081582
0.097030
0.076957
0.028050
-0.011017
-0.019258
-0.039787
-0.043002
-0.065185
-0.095379
-0.127912
-0.159030
-0.180324
-0.184083
-0.188720
-0.176996
-0.159052
-0.153790
-0.163600
-0.167749
-0.105960
-0.070704
-0.059225
-0.070558
-0.071607
-0.057042
-0.034411
-0.040569
-0.027809
-0.008990
0.003571
0.019646
0.040512
0.068843
0.090695
0.119691
0.135899
0.123445
0.065821
0.034361
0.040686
0.066575
0.088504
0.077806
0.069452
0.068480
0.071857
0.062577
0.039629
0.014518
-0.001953
-0.010112
-0.017248
-0.019655
-0.048746
-0.083447
-0.102537
-0.107380
-0.082711
-0.046998
-0.018854
-0.034855
-0.065059
-0.091173
-0.129916
-0.146755
-0.141552
-0.120147
-0.120927
-0.110447
-0.096120
-0.077847
-0.056207
-0.023911
0.013198
0.059299
0.101850
0.125561
0.079666
0.020353
0.060902
0.099453
0.115860
0.130928
0.137506
0.139860
0.174266
0.175459
0.180724
0.185446
0.193567
0.199113
0.197476
0.200798
0.196414
0.186620
0.168187
0.122348
0.069110
-0.002240
0.022927
0.039403
0.031276
-0.013128
-0.057430
-0.079146
-0.117692
-0.135583
-0.170554
-0.233124
-0.296185
-0.363547
-0.430389
-0.462678
-0.494085
-0.528066
-0.552309
-0.559954
-0.579436
-0.566969
-0.516036
-0.480888
-0.512036
-0.561161
-0.564403
-0.561238
-0.551809
-0.513266
-0.485121
-0.465697
-0.447336
-0.424071
-0.373386
-0.306730
-0.221840
-0.134097
-0.072179
-0.051087
-0.065477
-0.116132
-0.059367
-0.006224
0.028538
0.071248
0.102460
0.121350
0.136268
0.158503
0.187934
0.203149
0.203091
0.195260
0.202915
0.210353
0.214279
0.219728
0.221335
0.205664
0.174586
0.130457
0.125198
0.148334
0.149820
0.121791
0.103733
0.101807
0.109322
0.087912
0.060427
0.034269
0.017133
0.005120
-0.006284
-0.018910
-0.045616
-0.079652
-0.102132
-0.108075
-0.093287
-0.052558
-0.012060
-0.010416
-0.042044
-0.075201
-0.109921
-0.121136
-0.110452
-0.086441
-0.087352
-0.079272
-0.068925
-0.053458
-0.030107
0.000122
0.025214
0.062856
0.102118
0.110904
0.076794
0.050142
0.052170
0.085109
0.103043
0.097480
0.100723
0.093196
0.102281
0.108290
0.115103
0.117985
0.122139
0.132436
0.129096
0.125949
0.110012
0.097095
0.100545
0.089467
0.057655
0.034528
0.067221
0.085129
0.071504
0.030945
-0.001735
-0.007720
-0.015495
-0.026247
-0.051347
-0.082787
-0.115871
-0.147018
-0.167167
-0.165401
-0.163561
-0.141443
-0.110663
-0.113029
-0.142092
-0.172585
-0.116859
-0.075941
-0.060592
-0.070916
-0.071276
-0.056254
-0.040633
-0.040874
-0.038852
-0.039728
-0.042593
-0.044604
-0.031532
-0.013790
-0.001004
0.022225
0.040264
0.034988
-0.013825
-0.091427
-0.057114
-0.008840
0.015931
0.011306
0.011817
0.014877
0.023985
0.019337
-0.004473
-0.019487
-0.025486
-0.025567
-0.017981
-0.002602
0.012629
0.033321
0.060343
0.069333
0.037686
0.004171
0.037027
0.056918
0.067447
0.082433
0.084431
0.074492
0.085719
0.106477
0.114285
0.114166
0.114759
0.121378
0.130444
0.138916
0.141056
0.143260
0.142430
0.124419
0.074601
0.024553
0.050782
0.068300
0.065868
0.033967
0.004184
-0.004064
-0.010403
-0.017246
-0.036243
-0.057796
-0.078543
-0.095648
-0.100444
-0.097531
-0.092427
-0.079113
-0.051336
-0.047415
-0.064105
-0.079859
-0.037269
-0.000188
0.016052
0.012742
0.018547
0.026495
0.048239
0.052898
0.046884
0.049804
0.060557
0.074249
0.095152
0.121061
0.139764
0.162450
0.169982
0.148290
0.128529
0.101322
0.094266
0.116015
0.138468
0.125393
0.116050
0.106926
0.114721
0.123307
0.114433
0.099777
0.083623
0.070693
0.061483
0.050113
0.033968
0.025582
0.021748
0.008643
0.004400
0.002081
0.042129
0.055723
0.048225
0.025406
0.013367
0.017464
0.026003
0.019844
0.007803
0.010198
0.022493
0.039383
0.060727
0.090543
0.113549
0.143829
0.168732
0.166259
0.099674
0.072961
0.080240
0.106955
0.107042
0.108797
0.100395
0.087969
0.090093
0.095782
0.085710
0.067073
0.048371
0.036651
0.031244
0.030168
0.028632
0.031595
0.043294
0.033635
0.006505
-0.021247
0.004786
0.027898
0.040536
0.032062
0.022985
0.021416
0.024715
0.007297
-0.015521
-0.036169
-0.049670
-0.058852
-0.056743
-0.049059
-0.035039
-0.011199
0.007828
0.012149
-0.043650
-0.091529
-0.054298
-0.024109
-0.005919
0.014060
0.017366
0.016890
0.026507
0.033188
0.026921
0.014091
0.002707
-0.002216
0.003511
0.010811
0.022671
0.042391
0.059386
0.047395
-0.017874
-0.080910
-0.056629
-0.014036
0.025406
0.031142
0.038849
0.039125
0.053123
0.054279
0.040880
0.032474
0.031618
0.034981
0.033952
0.037127
0.040879
0.051572
0.071283
0.063394
0.012728
-0.030986
-0.004481
0.023654
0.048477
0.041012
0.035922
0.034718
0.042258
0.041350
0.019652
-0.005381
-0.032500
-0.057349
-0.068374
-0.072124
-0.067082
-0.047653
-0.022243
-0.027476
-0.068567
-0.127320
-0.104423
-0.063296
-0.036628
-0.042706
-0.048569
-0.047259
-0.043429
-0.044968
-0.062526
-0.085851
-0.111488
-0.135880
-0.141275
-0.139392
-0.126695
-0.099649
-0.080873
-0.092868
-0.124078
-0.192291
-0.158608
-0.105624
-0.060733
-0.041846
-0.017887
-0.010628
0.001266
0.009921
0.014524
0.021910
0.025358
0.026620
0.015136
0.009803
0.015462
0.031731
0.034211
0.008288
-0.013506
-0.030413
-0.031106
-0.016455
-0.002718
0.008893
0.013715
0.013455
0.020468
0.037991
0.025697
0.011375
0.000759
-0.003295
-0.007796
-0.010435
-0.004520
0.005802
0.017860
0.006378
-0.036420
-0.072868
-0.048884
-0.017655
0.015107
0.016666
0.016904
0.018836
0.027680
0.017607
-0.011200
-0.025023
-0.028889
-0.028290
-0.024404
-0.013611
0.010627
0.036705
0.043670
0.026891
-0.017236
-0.026965
-0.017996
-0.001183
0.009276
0.024728
0.026905
0.022302
0.027314
0.037756
0.018864
0.008220
0.000535
-0.000070
0.003348
0.015914
0.032809
0.060111
0.084549
0.074020
0.001271
-0.065963
-0.046656
-0.003261
0.016101
0.030164
0.031976
0.024945
0.021897
0.032023
0.015377
-0.002849
-0.017891
-0.027756
-0.032873
-0.036213
-0.028005
-0.012777
0.001265
-0.014884
-0.069350
-0.112574
-0.084680
-0.047429
-0.026155
-0.007045
-0.001355
-0.002204
0.008255
0.005012
-0.003821
-0.011604
-0.017345
-0.019656
-0.017487
-0.013603
-0.011968
-0.002926
0.025040
0.025254
-0.014970
-0.076876
-0.051024
-0.014039
0.009004
0.027429
0.030817
0.019702
0.017658
0.035307
0.022227
0.004886
-0.011171
-0.022896
-0.022900
-0.018082
0.000442
0.028217
0.047963
0.030184
-0.013768
-0.081411
-0.059751
-0.017546
0.000388
0.015912
0.018116
0.018405
0.025419
0.028006
-0.000233
-0.016411
-0.029432
-0.039308
-0.041745
-0.039171
-0.017341
0.007794
0.021467
0.000473
-0.029543
-0.077759
-0.054526
-0.017757
-0.002279
0.013772
0.017638
0.016723
0.026352
0.034586
0.014830
0.007704
0.007256
0.010465
0.018941
0.030707
0.042586
0.057539
0.066402
0.040356
-0.038603
-0.106134
-0.081568
-0.039344
-0.019504
0.001388
0.010266
0.008872
0.017611
0.034832
0.027872
0.012397
-0.003445
-0.014776
-0.021997
-0.033064
-0.023819
-0.009383
0.008035
0.000325
-0.041287
-0.072336
-0.041279
-0.001899
0.033318
0.037580
0.044946
0.044395
0.051831
0.069111
0.066755
0.069108
0.078324
0.090330
0.104430
0.122218
0.133596
0.151911
0.165690
0.140753
0.114432
0.087407
0.075015
0.097919
0.122420
0.113219
0.109463
0.100143
0.101673
0.119994
0.118800
0.109033
0.097349
0.088885
0.083915
0.075923
0.060296
0.053152
0.069259
0.060070
0.019303
-0.010876
0.012477
0.040906
0.053510
0.040066
0.028467
0.023364
0.024425
0.015453
0.009345
-0.005688
-0.026267
-0.043382
-0.047909
-0.034795
0.013728
0.067295
0.094730
0.075395
0.027479
-0.049129
-0.027143
0.029948
0.070169
0.087087
0.095883
0.097402
0.110172
0.137618
0.142408
0.143725
0.143197
0.143388
0.145759
0.136009
0.124108
0.133955
0.166297
0.169356
0.155160
0.135728
0.126285
0.148024
0.176118
0.160323
0.146951
0.134297
0.138317
0.155476
0.155416
0.148084
0.144193
0.142599
0.137660
0.133087
0.125560
0.114768
0.114236
0.084973
0.029732
-0.010451
0.009356
0.034612
0.039313
0.040152
0.025892
0.014151
0.009461
0.015791
0.007097
-0.006540
-0.032165
-0.062241
-0.084183
-0.078833
-0.042922
-0.000381
0.027212
0.019919
0.004434
-0.040919
-0.014801
0.018750
0.041496
0.035541
0.027725
0.017332
0.009338
0.017116
-0.002785
-0.017677
-0.024215
-0.022109
-0.011523
0.002923
0.014626
0.029398
0.040953
0.018227
-0.038040
-0.102714
-0.081810
-0.046073
-0.024633
-0.007721
-0.004202
-0.010900
-0.024137
-0.025216
-0.025752
-0.038687
-0.056175
-0.072892
-0.079349
-0.076764
-0.046581
-0.016419
0.000594
-0.009600
-0.032931
-0.041312
-0.015490
0.011818
0.026349
0.034446
0.028872
0.026808
0.026423
0.042475
0.043904
0.039607
0.026982
0.012496
0.004246
0.016451
0.038654
0.076022
0.103369
0.099062
0.053482
-0.027392
-0.012288
0.015299
0.046494
0.046767
0.037827
0.027954
0.012557
0.012344
0.000682
-0.013517
-0.035458
-0.058017
-0.070870
-0.075570
-0.065738
-0.053860
-0.041472
-0.047403
-0.062239
-0.055397
-0.024062
0.002243
0.018127
0.012361
0.010891
-0.002022
0.007367
0.035550
0.044996
0.051691
0.058341
0.068353
0.081988
0.088783
0.090285
0.112461
0.137069
0.128164
0.109235
0.084769
0.069270
0.086026
0.113799
0.099395
0.086507
0.072653
0.068167
0.078731
0.066843
0.044935
0.027311
0.014621
0.001300
-0.016924
-0.023987
-0.039950
-0.055288
-0.078890
-0.086308
-0.060086
-0.028292
-0.015794
-0.020489
-0.041810
-0.053757
-0.061394
-0.052012
-0.021741
-0.029356
-0.021674
-0.010710
0.002737
0.019802
0.051212
0.084520
0.125079
0.161336
0.154245
0.137168
0.112526
0.097518
0.123284
0.156126
0.141623
0.129615
0.120698
0.118698
0.145833
0.146924
0.140524
0.131574
0.124995
0.125330
0.112308
0.114361
0.123130
0.122980
0.084151
0.035346
-0.028930
-0.017332
0.021116
0.019097
0.008027
-0.015290
-0.032027
-0.036370
-0.030128
-0.051585
-0.076612
-0.098789
-0.115182
-0.129706
-0.134912
-0.103669
-0.060130
-0.013180
0.000267
-0.008810
-0.033282
-0.012899
0.024688
0.054280
0.066945
0.063532
0.048888
0.044279
0.062961
0.059869
0.055610
0.037355
0.011851
-0.002582
0.013718
0.029725
0.082773
0.114267
0.106849
0.096238
0.082933
0.067659
0.083787
0.141505
0.124531
0.103963
0.095735
0.086130
0.116159
0.114752
0.106559
0.094718
0.088128
0.100459
0.102877
0.102992
0.113676
0.118385
0.086148
-0.000373
-0.040565
-0.030710
0.013106
0.012388
0.004110
-0.010765
-0.019007
-0.016781
0.000056
-0.000348
0.000498
-0.012866
-0.030007
-0.041587
-0.041629
-0.021359
-0.003482
0.007173
-0.000429
-0.003528
0.022903
0.050970
0.083147
0.076591
0.043188
0.009558
-0.023503
-0.041058
-0.037769
-0.047407
-0.058618
-0.076192
-0.095343
-0.098493
-0.074215
-0.013216
0.059760
0.103502
0.108478
0.113759
0.069570
0.070567
0.083042
0.128918
0.120963
0.109370
0.100725
0.098134
0.123576
0.125856
0.120863
0.111594
0.102622
0.113880
0.122342
0.126236
0.143396
0.159271
0.135935
0.106341
0.078363
0.056888
0.066336
0.082628
0.069021
0.060579
0.056562
0.058840
0.073541
0.054330
0.024074
-0.008534
-0.039638
-0.062375
-0.073079
-0.059494
-0.045945
-0.031781
-0.036835
-0.054066
-0.039860
-0.010977
0.011431
0.019412
0.001825
-0.011658
-0.021752
-0.014684
0.010430
0.013928
0.017682
0.014967
0.008514
0.017904
0.042080
0.060983
0.105437
0.145428
0.138941
0.120484
0.094195
0.078955
0.097038
0.122667
0.109115
0.098877
0.085322
0.085309
0.101147
0.092914
0.074081
0.057237
0.044169
0.035500
0.037167
0.050390
0.047694
0.034179
0.007112
-0.019634
-0.014787
-0.001926
0.005947
-0.000017
-0.028606
-0.053300
-0.073269
-0.079641
-0.064012
-0.069253
-0.075724
-0.079344
-0.079871
-0.078234
-0.060323
-0.002622
0.070686
0.120348
0.125446
0.129925
0.111015
0.098322
0.107962
0.153823
0.148942
0.140525
0.133641
0.140467
0.167997
0.171132
0.168572
0.161610
0.153512
0.157949
0.160816
0.157113
0.176089
0.199837
0.190407
0.165723
0.135006
0.111752
0.125925
0.149892
0.135146
0.126255
0.114632
0.112962
0.127733
0.114693
0.090461
0.068699
0.051345
0.039329
0.035076
0.048128
0.045800
0.035876
0.011982
-0.018391
-0.008214
-0.015077
-0.002670
-0.003470
-0.023877
-0.032553
-0.032128
-0.031452
-0.014112
-0.009268
-0.008723
-0.001481
0.009278
0.020181
0.029227
0.045156
0.068729
0.093979
0.075518
0.006015
-0.028520
-0.027339
0.004333
0.034863
0.038511
0.040830
0.039470
0.030883
0.053848
0.046503
0.026953
0.003942
-0.016204
-0.021342
-0.018805
-0.003636
0.016335
0.049246
0.049643
0.012625
0.009400
0.011133
0.032863
0.048546
0.043937
0.041574
0.040756
0.066177
0.081667
0.066109
0.053329
0.046481
0.046632
0.063405
0.077845
0.098535
0.127159
0.148769
0.127098
0.104040
0.085687
0.066725
0.075187
0.109024
0.107997
0.105237
0.104620
0.115788
0.143948
0.139989
0.120857
0.095655
0.070838
0.049686
0.027344
0.026557
0.041996
0.077409
0.077624
0.035863
0.020501
0.020520
0.037728
0.044565
0.030640
0.019294
0.011878
0.014522
0.020790
-0.009859
-0.050327
-0.092308
-0.129547
-0.127993
-0.095193
-0.041946
0.008356
0.021390
-0.003233
-0.038931
-0.053010
-0.047907
-0.013530
-0.001486
-0.012185
-0.018270
-0.010034
0.002049
0.015789
0.006882
-0.006628
-0.014132
-0.014815
0.003973
0.030128
0.058172
0.094424
0.124704
0.127764
0.111334
0.079462
0.067868
0.085273
0.093755
0.078445
0.067441
0.066511
0.076602
0.086195
0.072344
0.051508
0.036854
0.028362
0.030221
0.032680
0.044970
0.058472
0.081264
0.081047
0.051483
0.052700
0.053581
0.068373
0.079727
0.068675
0.057466
0.055724
0.064007
0.069166
0.055264
0.038431
0.020313
0.004129
0.002858
0.002154
0.030620
0.068207
0.088884
0.075191
0.040981
0.018735
0.014901
0.037757
0.044666
0.023277
0.002664
-0.004071
-0.002124
0.011885
0.002659
-0.016798
-0.040989
-0.061389
-0.050944
-0.036136
0.004101
0.058539
0.079070
0.059521
0.020159
-0.002873
0.000834
0.024999
0.028954
0.020730
0.009125
0.006994
0.011577
0.030529
0.016015
-0.005247
-0.024285
-0.040740
-0.030447
-0.008282
0.019936
0.048803
0.081541
0.085033
0.039687
0.031530
0.031055
0.049126
0.070452
0.065271
0.056469
0.056575
0.067260
0.083178
0.073274
0.052566
0.028281
0.005853
0.004522
0.011885
0.027997
0.066801
0.109969
0.117787
0.111419
0.092794
0.089440
0.106778
0.118745
0.116907
0.117138
0.115284
0.123879
0.152656
0.159108
0.149553
0.142013
0.141542
0.136465
0.125705
0.123217
0.124631
0.130861
0.124166
0.102614
0.086142
0.070230
0.067796
0.058225
0.046164
0.031744
0.041626
0.046572
0.065550
0.063747
0.053472
0.050180
0.053732
0.062305
0.076199
0.097461
0.128821
0.165336
0.171379
0.152741
0.125225
0.106866
0.110893
0.111699
0.098580
0.088383
0.108388
0.114410
0.132640
0.131060
0.126221
0.125502
0.133107
0.142471
0.160903
0.191145
0.230781
0.261038
0.253993
0.218407
0.184170
0.160443
0.160803
0.156933
0.136318
0.116885
0.124646
0.141876
0.137985
0.118767
0.099226
0.086903
0.078519
0.087229
0.090621
0.081464
0.095238
0.119003
0.120567
0.105690
0.000000
0.004994
0.007917
0.009124
0.008969
0.010262
-0.005628
-0.032864
-0.060200
-0.079395
-0.087469
-0.088622
-0.088575
-0.089727
-0.093253
-0.095721
-0.106899
-0.125664
-0.138878
-0.108047
-0.079521
-0.073566
-0.089006
-0.093012
-0.081788
-0.058290
-0.042232
-0.051736
-0.052377
-0.055338
-0.058220
-0.041965
-0.011613
0.016181
0.062272
0.105146
0.120195
0.098719
0.069178
0.066210
0.096407
0.119988
0.110707
0.107109
0.107993
0.133827
0.126309
0.124122
0.067242
0.054119
-0.003204
-0.083325
-0.148087
-0.206034
-0.255544
-0.274224
-0.284657
-0.293834
-0.297677
-0.305149
-0.329535
-0.344679
-0.353096
-0.354406
-0.348743
-0.354977
-0.349167
-0.361222
-0.388166
-0.377971
-0.369801
-0.427553
-0.468011
-0.464556
-0.426905
-0.388225
-0.372591
-0.359588
-0.344045
-0.287376
-0.231776
-0.195077
-0.154868
-0.100398
-0.051830
0.003037
0.037810
0.103186
0.146620
0.170441
0.142130
0.093772
0.086477
0.109531
0.148070
0.173311
0.185190
0.188650
0.127795
0.136677
0.145638
0.149196
0.127400
0.107804
0.095452
0.094445
0.096641
0.087725
0.066570
0.041511
0.029727
0.009154
0.007002
0.018043
0.013295
-0.016947
-0.064022
-0.121190
-0.161126
-0.189370
-0.207469
-0.227688
-0.260169
-0.312391
-0.384098
-0.443401
-0.492217
-0.532828
-0.556566
-0.570661
-0.596035
-0.629239
-0.669638
-0.711997
-0.723314
-0.778404
-0.834605
-0.863000
-0.863000
-0.860846
-0.837389
-0.816310
-0.811977
-0.850753
-0.849780
-0.863000
-0.822846
-0.839313
-0.863000
-0.863000
-0.863000
0.000000
-0.012714
-0.026080
-0.034056
-0.037889
-0.038335
-0.037602
-0.036463
-0.031946
-0.016053
-0.014095
-0.025244
-0.036501
-0.047170
-0.055527
-0.061943
-0.066695
-0.095332
-0.163787
-0.274047
-0.426397
-0.513848
-0.505431
-0.466996
-0.407270
-0.377911
-0.322173
-0.244367
-0.161973
-0.107254
-0.091425
-0.076459
-0.045904
-0.025238
-0.012459
-0.019273
-0.041933
-0.051067
-0.036880
-0.012226
-0.008144
-0.001031
0.003474
0.010736
0.018162
0.023609
0.030474
0.038222
0.046519
0.054060
0.078573
0.078516
0.109577
0.155709
0.152071
0.095330
0.032937
-0.009777
-0.030403
-0.037464
-0.057500
-0.091642
-0.115588
-0.131969
-0.138476
-0.130025
-0.124641
-0.133161
-0.137661
-0.122641
-0.093306
-0.088504
-0.093317
-0.107356
-0.109820
-0.094107
-0.068721
-0.038241
-0.000370
0.051500
0.091193
0.107267
0.103155
0.082234
0.067127
0.071025
0.073123
0.066972
0.064619
0.096757
0.126098
0.140105
0.134822
0.121430
0.113910
0.129976
0.145126
0.155975
0.187279
0.242225
0.293924
0.294676
0.272917
0.207298
0.199894
0.201249
0.207713
0.207733
0.198827
0.201645
0.168350
0.150292
0.163034
0.150875
0.121230
0.094777
0.075630
0.059228
0.057308
0.070764
0.093051
0.122523
0.126242
0.104113
0.070576
0.040993
0.034206
0.022910
0.004776
-0.013791
0.002460
0.015910
0.029306
0.026594
0.023037
0.020180
0.019584
0.035300
0.054159
0.095396
0.149169
0.194674
0.203669
0.185338
0.155415
0.138322
0.139042
0.146393
0.136391
0.129849
0.147439
0.159990
0.161768
0.150581
0.130881
0.120109
0.120213
0.119317
0.120725
0.135797
0.166632
0.193865
0.195179
0.162585
0.119074
0.101471
0.103067
0.094495
0.068606
0.043863
0.041827
0.042002
0.043670
0.022589
0.000500
-0.016979
-0.026574
-0.002502
0.026342
0.060697
0.100719
0.120518
0.110879
0.092779
0.072362
0.056810
0.065492
0.071121
0.058904
0.051004
0.048767
0.038126
0.046556
0.040322
0.024162
0.001167
-0.013223
-0.005909
0.000695
0.015252
0.041181
0.061519
0.049572
0.024604
-0.010176
-0.019487
-0.011010
-0.002791
-0.015561
-0.026671
-0.004725
0.011848
0.032187
0.029958
0.030272
0.033977
0.047545
0.068876
0.092492
0.119219
0.155499
0.181232
0.187718
0.170973
0.153101
0.145138
0.164735
0.190118
0.198476
0.209727
0.188694
0.176058
0.207444
0.227164
0.222309
0.224230
0.226790
0.218594
0.210108
0.218877
0.243823
0.265897
0.244527
0.194914
0.149123
0.123247
0.121869
0.120122
0.097903
0.077096
0.080851
0.083184
0.086342
0.074233
0.047790
0.031569
0.029262
0.052351
0.076498
0.110945
0.155258
0.187832
0.189853
0.166197
0.135767
0.122525
0.119823
0.131743
0.131188
0.133419
0.159213
0.163149
0.173344
0.175614
0.167514
0.151013
0.151177
0.156500
0.170068
0.204001
0.252530
0.287434
0.268867
0.228925
0.193146
0.172724
0.174664
0.185891
0.178074
0.173007
0.152453
0.134130
0.146034
0.133981
0.104759
0.077923
0.052031
0.041880
0.041968
0.074767
0.124569
0.154839
0.142541
0.109335
0.067052
0.040578
0.036456
0.028596
0.018677
0.006912
0.021459
0.028057
0.036608
0.022532
0.014172
0.016742
0.032377
0.062748
0.089950
0.133114
0.191665
0.236446
0.247149
0.228232
0.204021
0.189570
0.196813
0.214349
0.214970
0.220504
0.212659
0.203331
0.218229
0.223895
0.217603
0.203581
0.193402
0.195102
0.212229
0.258860
0.317822
0.356908
0.346548
0.300709
0.260050
0.234297
0.224729
0.224892
0.213579
0.202380
0.207242
0.191471
0.194261
0.178668
0.152314
0.133767
0.125272
0.128554
0.134370
0.138891
0.153849
0.181755
0.183563
0.163598
0.133621
0.118112
0.126059
0.131190
0.117840
0.108706
0.100893
0.099063
0.102371
0.084279
0.052213
0.026210
0.017980
0.034758
0.052750
0.074911
0.103699
0.115339
0.096951
0.068658
0.037000
0.021926
0.028451
0.040902
0.032225
0.021687
0.036783
0.051146
0.073760
0.073893
0.061744
0.056400
0.071682
0.101430
0.134740
0.183555
0.245605
0.283396
0.276639
0.245520
0.185963
0.172703
0.176184
0.188175
0.180992
0.173420
0.170592
0.150047
0.135804
0.147824
0.134474
0.105039
0.069566
0.041058
0.041048
0.067928
0.116609
0.181277
0.220004
0.220653
0.187092
0.157415
0.140125
0.138654
0.148226
0.137971
0.124018
0.079770
0.050207
0.065422
0.054549
0.024529
0.001869
-0.002314
0.002215
0.002833
0.020715
0.055302
0.077804
0.059598
0.037655
0.018374
0.001976
0.000306
-0.000132
-0.004898
-0.011710
0.000786
0.013555
0.039931
0.041706
0.030592
0.034672
0.052783
0.081306
0.135338
0.220957
0.320382
0.372323
0.368765
0.283924
0.273766
0.242627
0.247437
0.252874
0.273881
0.256874
0.233052
0.227511
0.208242
0.223835
0.247830
0.250479
0.256545
0.277009
0.295050
0.296380
0.310380
0.346242
0.374201
0.385425
0.364179
0.273744
0.230132
0.223818
0.216489
0.218403
0.188351
0.169265
0.172415
0.171621
0.152160
0.177161
0.196800
0.194264
0.183622
0.179577
0.170485
0.178803
0.198627
0.217572
0.231012
0.217961
0.185450
0.154603
0.129827
0.124693
0.131782
0.117992
0.089786
0.085679
0.060163
0.078650
0.075980
0.057495
0.033279
0.017383
0.024948
0.061878
0.123741
0.197136
0.249209
0.251020
0.217313
0.181011
0.166074
0.164604
0.177003
0.167692
0.160310
0.116048
0.075090
0.079714
0.084235
0.071750
0.058437
0.040380
0.034809
0.034666
0.047576
0.076613
0.105484
0.102057
0.064850
0.027737
0.001306
-0.001522
0.005751
-0.010089
-0.029277
-0.029134
-0.024309
-0.011585
-0.007466
-0.014800
-0.017429
0.000465
0.029336
0.061817
0.105752
0.167050
0.215395
0.222643
0.192991
0.158796
0.141279
0.146829
0.179932
0.182071
0.179947
0.163043
0.152485
0.173642
0.188632
0.186750
0.177840
0.170980
0.164424
0.184471
0.237982
0.305193
0.353064
0.358936
0.332169
0.261721
0.246555
0.242896
0.246087
0.236565
0.221229
0.203896
0.184842
0.165227
0.173724
0.160492
0.134824
0.105770
0.090078
0.105450
0.144850
0.204285
0.264454
0.291817
0.270550
0.226053
0.184286
0.160821
0.161532
0.175330
0.165539
0.150406
0.118086
0.094057
0.109142
0.104177
0.084351
0.056697
0.035916
0.036799
0.061998
0.107323
0.171404
0.217465
0.208341
0.167803
0.129430
0.109982
0.110172
0.110542
0.087879
0.066010
0.049489
0.033781
0.032168
0.012375
-0.019397
-0.030205
-0.012545
0.010605
0.023661
0.029481
0.044715
0.057228
0.032680
-0.000164
-0.032934
-0.050684
-0.040324
-0.032917
-0.048851
-0.067843
-0.053627
-0.037789
-0.022944
-0.016784
-0.020517
-0.026382
-0.010092
0.020228
0.064572
0.133055
0.225939
0.296735
0.302157
0.292333
0.236040
0.199912
0.239417
0.260886
0.277226
0.257743
0.239123
0.244173
0.208989
0.206517
0.233707
0.265323
0.285355
0.298948
0.296274
0.289841
0.309977
0.360891
0.412358
0.425083
0.398708
0.325760
0.252066
0.260423
0.277566
0.270767
0.252243
0.210936
0.179093
0.172189
0.138660
0.137793
0.136981
0.116316
0.098544
0.094134
0.108794
0.125878
0.146749
0.187584
0.230032
0.241460
0.210315
0.167903
0.142591
0.130553
0.143751
0.148460
0.145587
0.137998
0.085203
0.071536
0.074621
0.067543
0.049671
0.028416
0.013244
0.008850
0.012887
0.032816
0.071703
0.092535
0.080701
0.063134
0.033246
0.023590
0.039665
0.048257
0.046749
0.040285
0.059434
0.083924
0.093123
0.084446
0.071825
0.070387
0.083234
0.118142
0.178919
0.250185
0.313581
0.324497
0.294581
0.214404
0.199874
0.170972
0.179292
0.183224
0.192743
0.169142
0.142278
0.140511
0.100395
0.121138
0.126136
0.118685
0.105829
0.093675
0.088973
0.105952
0.148651
0.202795
0.255298
0.266457
0.232111
0.196282
0.149493
0.150907
0.156719
0.183134
0.164336
0.140250
0.112354
0.081955
0.104156
0.103059
0.091405
0.083797
0.092437
0.098999
0.109559
0.140879
0.188603
0.227304
0.221915
0.196226
0.164181
0.150643
0.151626
0.169385
0.161300
0.144056
0.125555
0.093326
0.095366
0.095962
0.077756
0.050294
0.026775
0.023111
0.042051
0.078829
0.132568
0.176897
0.171511
0.136918
0.104413
0.085102
0.078718
0.091827
0.085498
0.064673
0.045842
0.019838
0.041895
0.045125
0.027526
0.008253
0.008473
0.017493
0.041821
0.078331
0.130716
0.181047
0.197743
0.181388
0.151838
0.134729
0.133662
0.150155
0.146307
0.129360
0.120533
0.083189
0.110054
0.122112
0.116895
0.103831
0.096312
0.106649
0.137987
0.186610
0.240307
0.283219
0.289251
0.265470
0.234008
0.221667
0.223086
0.244239
0.234720
0.243601
0.249730
0.203255
0.200349
0.215947
0.231182
0.240215
0.252405
0.251203
0.267477
0.308002
0.358632
0.391592
0.376733
0.336155
0.261491
0.204444
0.212110
0.220989
0.208302
0.183947
0.140107
0.099663
0.082718
0.070939
0.074978
0.055866
0.028164
0.020029
0.044367
0.062780
0.089094
0.139311
0.205778
0.246395
0.233038
0.198230
0.168397
0.157844
0.172165
0.199776
0.189417
0.194911
0.156991
0.122481
0.135794
0.146644
0.146703
0.142426
0.143927
0.151129
0.176086
0.218281
0.265291
0.289551
0.262688
0.220757
0.153479
0.150625
0.164959
0.180580
0.196366
0.177624
0.167579
0.127841
0.110251
0.116377
0.122807
0.114329
0.124020
0.152329
0.160721
0.155635
0.174125
0.207709
0.216996
0.170008
0.128866
0.100060
0.083938
0.104775
0.129581
0.118704
0.105051
0.101356
0.065852
0.069447
0.088014
0.096392
0.099750
0.123907
0.135061
0.148061
0.178627
0.232156
0.299720
0.325494
0.285494
0.247972
0.199313
0.164832
0.192185
0.219789
0.240347
0.220502
0.193832
0.193084
0.207757
0.214907
0.224516
0.248004
0.271174
0.283659
0.290552
0.295259
0.324875
0.396463
0.478232
0.504179
0.437459
0.387295
0.371997
0.329654
0.329654
0.273923
0.190659
0.145527
0.123363
0.143017
0.158209
0.150619
0.172178
0.261335
0.335439
0.355188
0.381849
0.392252
0.346703
0.320189
0.327551
0.329182
0.314037
0.311331
0.273531
0.241870
0.223531
0.225209
0.253973
0.181802
0.124498
0.108309
0.127741
0.144534
0.163180
0.203219
0.242190
0.274359
0.295565
0.310735
0.263972
0.201392
0.169558
0.174812
0.190088
0.188144
0.175661
0.158879
0.126996
0.123761
0.129269
0.124359
0.105912
0.086499
0.076219
0.076767
0.074467
0.079095
0.072807
0.075940
0.087581
0.089138
0.078968
0.090136
0.115553
0.124175
0.090600
0.047876
0.018862
0.018527
0.031964
0.040573
0.040674
0.030204
0.014578
0.007612
-0.009435
0.003334
0.008388
0.022472
0.079649
0.137383
0.154475
0.164646
0.194599
0.223078
0.212192
0.103490
0.030390
-0.013637
-0.041252
-0.004582
0.026546
0.066780
0.100098
0.087753
0.083789
0.083525
0.109216
0.124616
0.139113
0.194408
0.249518
0.265325
0.220562
0.174406
0.160661
0.177681
0.158546
0.124724
0.115174
0.080018
0.081691
0.119634
0.084096
0.057830
0.059237
0.089573
0.103628
0.115999
0.156476
0.180728
0.204238
0.222937
0.201060
0.140222
0.094857
0.083169
0.086916
0.061317
0.025084
0.008927
-0.020936
0.006709
0.050248
0.099140
0.091348
0.080201
0.044250
0.030705
0.063804
0.100681
0.130207
0.153315
0.173222
0.175049
0.140052
0.136484
0.157376
0.184287
0.154891
0.081842
0.038778
0.031893
0.059509
0.107373
0.111018
0.101840
0.117156
0.112403
0.138386
0.171461
0.206692
0.244314
0.261773
0.256754
0.228879
0.232242
0.277378
0.331843
0.356905
0.310886
0.208055
0.149229
0.186460
0.171417
0.103812
-0.005628
-0.066320
-0.058070
-0.026042
0.005949
0.016506
0.042905
0.175217
0.250180
0.296791
0.345433
0.342928
0.281218
0.237152
0.243569
0.261414
0.285068
0.306757
0.297752
0.267479
0.245741
0.248778
0.088523
-0.024248
-0.055329
-0.042218
-0.017297
0.023429
0.068785
0.096847
0.198801
0.269863
0.340784
0.400722
0.390431
0.333535
0.277151
0.227431
0.162577
0.063515
-0.025804
-0.037882
-0.051653
-0.005777
0.027437
0.062602
0.047425
0.044612
0.070064
0.092737
0.107629
0.128922
0.166288
0.213717
0.275915
0.254884
0.195237
0.146397
0.133486
0.136665
0.116471
0.090157
0.070053
0.084775
0.107204
0.103771
0.097255
0.092680
0.093493
0.080214
0.105904
0.126505
0.136223
0.132615
0.145997
0.155799
0.133498
0.131616
0.152434
0.175400
0.148598
0.099302
0.069956
0.070462
0.097810
0.125401
0.111327
0.092836
0.046424
0.019837
0.055254
0.076410
0.086511
0.091881
0.112348
0.107117
0.078085
0.074488
0.102006
0.129632
0.084067
-0.007671
-0.050836
-0.077392
-0.069108
-0.052776
-0.042731
-0.050440
-0.063164
-0.074978
-0.122509
-0.108802
-0.104085
-0.089183
-0.024398
0.031879
0.052259
0.077411
0.121639
0.173957
0.211859
0.174827
0.088842
0.051141
0.029543
0.055615
0.084410
0.097261
0.091891
0.087600
0.081969
0.105459
0.131699
0.133737
0.149798
0.171799
0.159199
0.100822
0.041710
0.013826
0.025352
0.020986
-0.072721
-0.151935
-0.180450
-0.184154
-0.175953
-0.151382
-0.139858
-0.141601
-0.148089
-0.167417
-0.198377
-0.211299
-0.221285
-0.194491
-0.128924
-0.059668
-0.005543
0.044405
0.117267
0.193992
0.235039
0.219900
0.183731
0.109668
0.110674
0.114375
0.134929
0.159113
0.175820
0.143659
0.124612
0.130733
0.142220
0.149114
0.153559
0.164843
0.173619
0.157860
0.085862
0.009431
-0.042092
-0.078862
-0.111643
-0.142206
-0.167269
-0.185451
-0.155971
-0.085151
-0.085960
-0.084016
-0.068783
-0.040245
-0.001988
0.005640
0.000756
0.038244
0.088480
0.142612
0.128587
0.104382
0.105868
0.132359
0.109749
0.020147
-0.031529
-0.033204
-0.045434
-0.005603
0.037528
0.014498
0.011711
0.031299
0.034787
0.041220
0.055504
0.069051
0.087066
0.139990
0.163905
0.132504
0.105920
0.099742
0.109386
0.096609
0.060865
0.016198
0.007739
0.030455
0.076968
0.078058
0.075064
0.086330
0.078716
0.096456
0.148527
0.165488
0.185973
0.194460
0.147992
0.068631
0.013767
0.007412
0.012566
-0.004479
-0.028529
-0.020047
-0.037124
-0.043367
-0.000232
-0.042666
-0.062104
-0.050872
-0.025085
-0.012112
0.012991
0.050638
0.057208
0.042241
0.061948
0.042611
-0.013147
-0.048500
-0.044698
-0.033365
-0.076762
-0.151809
-0.201246
-0.206440
-0.232649
-0.260457
-0.313421
-0.311681
-0.289351
-0.269637
-0.243798
-0.255968
-0.279330
-0.319536
-0.352102
-0.371537
-0.381753
-0.320248
-0.238204
-0.146265
-0.079867
-0.057966
-0.037831
-0.020311
-0.006222
-0.010455
-0.032863
-0.058049
-0.041212
0.011034
0.063741
0.071290
0.089062
0.105456
0.117791
0.159021
0.177246
0.179741
0.149171
0.126796
0.067290
0.012458
-0.022682
-0.040511
-0.052174
-0.044272
-0.028949
-0.043030
-0.023833
0.003200
0.028861
0.001944
-0.010617
-0.002641
0.007458
0.028787
0.036212
0.040103
0.069277
0.127809
0.169453
0.146270
0.133786
0.140594
0.129734
0.021079
-0.178591
-0.228656
-0.256187
-0.228182
-0.180569
-0.119749
-0.080285
-0.081170
-0.069295
-0.044935
-0.037342
-0.037388
-0.033686
0.019042
0.082667
0.074075
0.024305
-0.014512
-0.016668
-0.000303
-0.006748
-0.065941
-0.094468
-0.115637
-0.096332
-0.086096
-0.118048
-0.151051
-0.186720
-0.228997
-0.272210
-0.326765
-0.358866
-0.355089
-0.302985
-0.253811
-0.231702
-0.222486
-0.220295
-0.232997
-0.263250
-0.328091
-0.431262
-0.455320
-0.355699
-0.270962
-0.212906
-0.155006
-0.091936
-0.033339
0.027128
0.056660
0.065658
0.073026
0.085453
0.043801
-0.004330
-0.009294
0.011382
0.043291
0.039343
0.031756
-0.020469
-0.024091
-0.036547
-0.010428
-0.021519
-0.087536
-0.112511
-0.087838
-0.040730
0.020268
0.072864
0.106629
0.127358
0.166307
0.186191
0.136299
0.063218
0.006264
-0.018773
-0.052642
-0.173534
-0.316886
-0.341299
-0.336460
-0.301364
-0.279242
-0.304107
-0.353558
-0.426290
-0.488526
-0.576843
-0.633920
-0.690288
-0.779158
-0.825304
-0.865180
-0.863248
-0.862903
-0.862998
0.000000
-0.056243
-0.114794
-0.161796
-0.195893
-0.217195
-0.225660
-0.221586
-0.206385
-0.180555
-0.146726
-0.107226
-0.062819
-0.016987
0.024033
0.054791
0.065359
0.054199
0.018407
-0.046546
-0.152729
-0.299859
-0.458912
-0.616361
-0.796203
-0.847290
-0.694899
-0.463275
-0.200425
0.073312
0.351004
0.566730
0.682811
0.725979
0.674199
0.532113
0.296659
0.058619
-0.016289
-0.103239
-0.201866
-0.301012
-0.397856
-0.483770
-0.558651
-0.620901
-0.654869
-0.648175
-0.602622
-0.522217
-0.412894
-0.273768
-0.167897
-0.156062
0.000000
-0.049637
-0.128900
-0.201233
-0.265668
-0.321343
-0.368101
-0.405849
-0.434473
-0.454275
-0.464700
-0.468315
-0.470948
-0.473268
-0.476412
-0.479920
-0.484956
-0.492336
-0.491102
-0.465435
-0.389324
-0.239758
-0.023806
0.207210
0.411661
0.570441
0.658800
0.608573
0.519877
0.392689
0.248427
0.119271
0.045177
0.001922
-0.015022
-0.007329
0.010869
0.019931
0.016758
0.009967
0.004539
-0.002200
-0.010881
-0.019669
-0.024853
-0.023294
0.037740
0.000000
0.033960
0.047713
0.054047
0.057985
0.051992
0.028955
-0.007160
-0.055236
-0.115085
-0.162898
-0.186888
-0.185863
-0.161849
-0.121267
-0.075791
-0.039404
-0.042802
-0.093081
-0.200632
-0.322242
-0.446403
-0.608552
-0.774287
-0.860030
-0.796136
-0.647591
-0.439051
-0.228698
-0.056378
0.022584
0.051829
0.032407
0.028094
0.061743
0.144398
0.143501
-0.010233
-0.239118
-0.524622
-0.766049
-0.863000
-0.863000
-0.857735
-0.814679
-0.686414
-0.543407
0.000000
0.019549
0.046216
0.075864
0.107957
0.142124
0.179098
0.218724
0.260692
0.292772
0.307049
0.304517
0.287137
0.259993
0.228695
0.194914
0.155609
0.113088
0.063293
-0.002235
-0.089983
-0.206622
-0.351957
-0.511101
-0.680969
-0.862545
-0.856119
-0.852405
-0.863000
-0.863000
-0.847567
-0.768305
-0.651679
-0.451477
-0.167902
0.060926
0.284017
0.000000
-0.045770
-0.107355
-0.158833
-0.200024
-0.230555
-0.250258
-0.259125
-0.253920
-0.230074
-0.204363
-0.197398
-0.190619
-0.163696
-0.120317
-0.077724
-0.035609
-0.003967
-0.003891
-0.091951
-0.201040
-0.249728
-0.269893
-0.279315
-0.271658
-0.260519
-0.231527
-0.221346
-0.216759
-0.214428
-0.214767
-0.220013
-0.230419
-0.242600
-0.244129
-0.239468
-0.236267
-0.213105
-0.207296
-0.209384
-0.209803
-0.203404
-0.193277
-0.158034
-0.128268
-0.106914
-0.085689
-0.064668
-0.042781
-0.017607
0.010055
0.035333
0.040000
0.020917
-0.018037
-0.086418
-0.154084
-0.193783
-0.198109
-0.296300
-0.478328
-0.735617
0.000000
-0.021608
-0.040328
-0.059077
-0.078068
-0.096740
-0.114502
-0.131512
-0.142977
-0.146955
-0.141606
-0.127413
-0.107507
-0.084945
-0.063326
-0.046312
-0.044506
-0.079734
-0.150360
-0.255184
-0.385749
-0.441931
-0.497328
-0.537162
-0.547074
-0.517378
-0.449404
-0.358102
-0.268742
-0.196242
-0.144793
-0.123164
-0.130139
-0.142880
-0.163518
-0.184376
-0.213633
-0.282729
-0.351507
-0.405560
-0.437764
-0.454976
-0.450426
-0.408250
-0.342946
-0.248863
-0.110468
0.080926
0.294826
0.000000
0.037898
0.080608
0.118596
0.150183
0.172840
0.187503
0.192474
0.189999
0.178563
0.157986
0.126654
0.093163
0.065784
0.049385
0.044934
0.052302
0.070547
0.100624
0.137595
0.177783
0.213720
0.238527
0.225919
0.155757
0.042247
-0.111262
-0.245279
-0.270211
-0.246509
-0.133860
0.029609
0.227501
0.456858
0.697913
0.862836
0.860230
0.000000
-0.009944
-0.029725
-0.045525
-0.054716
-0.057480
-0.056426
-0.043620
-0.039731
-0.058560
-0.084168
-0.101594
-0.108887
-0.105972
-0.094306
-0.077929
-0.055766
-0.045878
-0.044049
-0.052668
-0.060899
-0.050749
-0.033165
-0.035869
-0.036598
-0.045168
-0.043635
-0.074763
-0.068859
-0.088587
-0.118090
-0.135052
-0.196237
-0.222604
-0.227915
-0.232941
-0.220016
-0.175424
-0.162967
-0.168622
-0.179143
-0.182521
-0.181385
-0.176226
-0.163142
-0.129994
-0.099236
-0.071394
-0.040288
-0.005147
0.027016
0.063545
0.096202
0.124031
0.137018
0.162723
0.191368
0.208330
0.217026
0.220007
0.218952
0.214301
0.211134
0.000000
-0.040914
-0.077901
-0.110787
-0.136800
-0.155236
-0.167105
-0.173226
-0.175374
-0.175778
-0.171044
-0.159814
-0.145020
-0.129034
-0.113187
-0.095157
-0.083022
-0.095494
-0.134706
-0.198213
-0.280839
-0.372204
-0.410930
-0.394350
-0.366566
-0.327715
-0.277417
-0.215172
-0.138901
-0.047532
0.045912
0.146543
0.254491
0.360568
0.440714
0.390907
0.226000
0.001412
-0.246040
-0.520714
-0.802010
-0.811705
-0.641205
-0.410240
-0.136522
0.109544
0.176392
0.121779
0.069427
0.006973
-0.052422
-0.110712
-0.158041
-0.123698
-0.090708
-0.057621
-0.028959
-0.048117
-0.051939
-0.061545
0.000000
-0.035844
-0.083697
-0.125295
-0.157286
-0.178839
-0.191515
-0.196884
-0.193261
-0.173725
-0.158256
-0.162777
-0.171250
-0.168136
-0.154519
-0.148020
-0.150589
-0.188602
-0.261948
-0.405318
-0.586577
-0.678927
-0.687639
-0.665810
-0.657885
