-0.005348
0.043909
0.088420
0.126533
0.166238
0.205899
0.244687
0.282578
0.319556
0.355593
0.390604
0.424644
0.457501
0.489121
0.519399
0.548117
0.575498
0.600943
0.624768
0.646619
0.666232
0.683887
0.699232
0.712184
0.722650
-0.005515
-0.010713
0.067181
0.106951
0.140467
0.176778
0.213999
0.251108
0.288062
0.324780
0.361119
0.397026
0.432413
0.467128
0.501161
0.534360
0.566605
0.597737
0.627660
0.656376
0.683721
0.709431
0.733679
0.756257
0.780485
0.807655
0.838019
1.018867
1.191718
1.349738
1.491719
1.597732
1.665626
1.693190
1.728913
1.801842
1.850110
1.882615
1.893171
1.861046
1.827294
1.722257
1.673509
1.613918
1.325313
0.979784
0.667541
0.452310
0.372543
0.368033
-0.016274
-0.187731
-0.226528
-0.181527
-0.146851
-0.111092
-0.075136
-0.039620
-0.004545
0.030090
0.064254
0.097907
0.130980
0.163432
0.195145
0.226029
0.255969
0.284824
0.312446
0.338631
0.363251
0.385982
0.406625
0.424790
0.442502
0.467981
0.499854
0.567365
-0.000298
0.016362
0.149254
0.165973
0.163710
0.177575
0.205771
0.243915
0.315703
0.302714
0.287546
0.237181
0.232271
0.243490
0.255791
0.267751
0.275759
0.279046
0.289341
0.320794
0.368741
0.516808
0.637513
0.656948
0.636894
0.625110
0.626210
0.679639
0.813914
1.042096
1.423393
1.967175
2.427505
2.771389
2.912731
2.867235
2.821331
2.789081
2.782850
2.796377
2.828200
2.862359
2.877231
2.939379
2.848679
2.841929
2.956975
3.095063
3.246258
3.207016
3.186559
3.183941
3.189039
3.154804
3.056263
2.884485
2.790592
2.760076
2.724949
2.704401
2.635864
2.574981
2.535771
2.584289
2.563463
2.549958
2.577850
2.631431
2.823445
3.004114
3.027659
3.015748
3.001504
2.873985
2.850525
2.876894
2.819640
2.785319
2.764517
2.749884
2.690739
2.644028
2.632948
2.650241
2.640851
2.654526
2.727833
2.855009
3.028621
3.011105
2.980628
2.962136
2.934093
2.860428
2.849353
2.825246
2.768051
2.737872
2.713713
2.697524
2.652941
2.597723
2.556115
2.593030
2.582809
2.573546
2.608101
2.705701
2.889020
3.050030
3.017065
2.992413
2.990150
2.907147
2.894889
2.886837
2.851568
2.829200
2.807375
2.791480
2.763710
2.732928
2.732920
2.749756
2.733013
2.711071
2.765462
2.871301
3.055458
3.233687
3.205867
3.183268
3.157731
3.065576
3.043417
3.006783
2.945034
2.904195
2.880790
2.852470
2.783139
2.677686
2.611186
2.596833
2.560866
2.536999
2.562017
2.565709
2.717519
2.874353
2.856756
2.841504
2.826349
2.816476
2.829539
2.819059
2.756804
2.717107
2.690983
2.673699
2.657987
2.648597
2.651720
2.698995
2.659149
2.629288
2.676961
2.750104
2.953094
3.134383
3.208407
3.193463
3.187866
3.058580
3.046890
3.032816
2.959289
2.932534
2.908795
2.888899
2.823000
2.729300
2.661508
2.620238
2.588181
2.556175
2.590345
2.609671
2.745597
2.749916
2.728871
2.714361
2.704124
2.732887
2.718664
2.713801
2.664160
2.621729
2.581743
2.570715
2.569978
2.575394
2.597976
2.635954
2.611811
2.588832
2.614129
2.693146
2.903116
3.092103
3.242424
3.237484
3.232182
3.082483
3.048552
3.053119
2.981022
2.965226
2.939595
2.926233
2.838355
2.753373
2.773034
2.794291
2.774533
2.808908
2.877641
2.951738
3.116670
3.237490
3.193758
3.180267
3.158698
3.130072
3.113151
3.095691
3.030137
2.982345
2.946087
2.933310
2.882197
2.779674
2.718125
2.709810
2.658569
2.645623
2.677451
2.665707
2.826477
2.984505
2.965208
2.951838
2.944581
2.932970
2.970476
2.930851
2.867966
2.834795
2.804191
2.796448
2.777180
2.745644
2.742740
2.782983
2.689090
2.675987
2.695811
2.808862
2.986167
3.146878
3.125937
3.111036
3.115159
3.051021
3.050227
3.018428
2.967001
2.937840
2.907199
2.894636
2.861178
2.812528
2.769860
2.761978
2.736697
2.700074
2.745058
2.786678
2.945276
3.072230
3.048841
3.029403
3.009007
3.012995
2.992875
2.972854
2.931937
2.902442
2.869127
2.862276
2.863280
2.855499
2.849761
2.865763
2.814020
2.793075
2.828978
2.898834
3.097178
3.269819
3.280435
3.271419
3.276150
3.164915
3.155306
3.122648
3.058634
3.027898
2.994245
2.976150
2.924246
2.855236
2.794785
2.795489
2.773224
2.744328
2.793851
2.854363
3.008543
3.045024
3.020843
3.001723
2.989833
2.996541
2.984877
2.965964
2.909507
2.873149
2.838783
2.832393
2.812119
2.805345
2.818203
2.865138
2.821199
2.799099
2.860276
2.933604
3.141646
3.315257
3.400375
3.384692
3.394669
3.292614
3.278131
3.240041
3.176327
3.146750
3.118064
3.098840
3.032656
2.963201
2.908846
2.897721
2.876826
2.855011
2.900794
2.878206
3.002550
3.107997
3.087610
3.072449
3.062495
3.048091
3.071880
3.065054
3.003491
2.947250
2.903665
2.891840
2.862158
2.845446
2.872835
2.915419
2.894093
2.857727
2.922069
2.963080
3.150186
3.320472
3.426407
3.414989
3.426018
3.321615
3.301201
3.271573
3.205963
3.174919
3.143359
3.120439
3.069982
2.988057
2.935243
2.905147
2.878347
2.841382
2.872219
2.858184
2.979328
3.054960
3.035043
3.021112
3.013045
3.002797
3.036519
3.015342
2.957458
2.895538
2.849724
2.835095
2.789828
2.761135
2.799654
2.835578
2.816856
2.800127
2.852889
2.864648
3.045769
3.230230
3.368273
3.353065
3.348632
3.288940
3.282113
3.255549
3.203270
3.171808
3.133112
3.120499
3.081749
3.029047
2.991960
2.989468
2.932149
2.909743
2.965434
2.998939
3.179806
3.243466
3.222053
3.207350
3.197067
3.174710
3.230639
3.185217
3.104673
3.052809
3.009704
2.998927
2.946260
2.911723
2.947152
2.976936
2.954568
2.950146
3.015159
2.980502
3.156924
3.337428
3.478311
3.470247
3.466915
3.375945
3.364601
3.335018
3.274831
3.240033
3.195621
3.178239
3.132349
3.054222
3.025856
3.008887
2.964894
2.931228
2.964018
2.952180
3.111850
3.170223
3.151595
3.138925
3.125607
3.109460
3.154821
3.108779
3.043448
2.986320
2.937447
2.916550
2.876315
2.826842
2.848930
2.881724
2.864846
2.848651
2.934664
2.944584
3.122428
3.290802
3.416349
3.433328
3.448286
3.387594
3.365576
3.343120
3.272772
3.248090
3.207586
3.194844
3.182897
3.151808
3.138888
3.129951
3.064547
3.071421
3.130081
3.210116
3.398016
3.422311
3.394337
3.383370
3.370995
3.329883
3.388012
3.318131
3.211237
3.146430
3.101897
3.082164
2.996390
2.938883
2.961934
2.989458
2.962148
2.969481
3.032337
3.078364
3.274262
3.433145
3.480356
3.461637
3.447883
3.406233
3.442323
3.412104
3.331782
3.295869
3.257510
3.245296
3.161228
3.095809
3.121960
3.139378
3.087504
3.070233
3.142290
3.216569
3.428743
3.581107
3.543634
3.528655
3.519390
3.473279
3.484762
3.448940
3.353358
3.304392
3.260678
3.247286
3.150317
3.061749
3.064235
3.087549
3.060815
3.055022
3.119855
3.179731
3.362417
3.502035
3.468423
3.454878
3.444259
3.408033
3.466858
3.413549
3.312523
3.262334
3.224981
3.197382
3.156262
3.103252
3.080019
3.137035
3.093151
3.076642
3.078267
3.103975
3.304518
3.462841
3.574939
3.589259
3.613524
3.541766
3.530196
3.490205
3.405789
3.377894
3.334779
3.317857
3.270787
3.214186
3.185404
3.217252
3.187437
3.220195
3.264563
3.265901
3.448981
3.557214
3.529063
3.515264
3.499725
3.466637
3.516307
3.443445
3.348958
3.279547
3.238556
3.216606
3.150298
3.089156
3.090622
3.127295
3.101354
3.091080
3.169277
3.171106
3.361137
3.540609
3.672602
3.663052
3.658620
3.588826
3.582960
3.553283
3.491314
3.442163
3.398196
3.385585
3.346908
3.280490
3.253637
3.286357
3.235964
3.225260
3.276922
3.337173
3.521826
3.660220
3.630005
3.612799
3.600187
3.556792
3.612404
3.567090
3.457562
3.406682
3.367466
3.352372
3.255378
3.191776
3.213553
3.244268
3.216671
3.209804
3.286664
3.266287
3.450969
3.627687
3.750963
3.739572
3.728389
3.692716
3.649995
3.613555
3.526907
3.481445
3.432706
3.411373
3.368907
3.312992
3.282662
3.321776
3.282535
3.247183
3.293839
3.325528
3.519044
3.642839
3.617576
3.604078
3.592935
3.561533
3.613753
3.591855
3.520590
3.474514
3.437292
3.401282
3.304140
3.251107
3.275797
3.311072
3.278700
3.245682
3.305987
3.302599
3.484060
3.651236
3.771841
3.771141
3.782936
3.747727
3.716337
3.680252
3.593192
3.551724
3.508800
3.486829
3.420198
3.359191
3.326693
3.381213
3.346904
3.375488
3.412898
3.411270
3.571369
3.733925
3.701335
3.686047
3.677484
3.647610
3.647624
3.614008
3.514646
3.474802
3.444655
3.409244
3.328672
3.304492
3.336606
3.381092
3.325891
3.277934
3.376055
3.379316
3.563264
3.760278
3.889722
3.877213
3.872721
3.827603
3.795613
3.765143
3.680137
3.636902
3.595159
3.533670
3.455072
3.398041
3.396746
3.455440
3.421334
3.420036
3.497759
3.484725
3.654670
3.829038
3.813130
3.798930
3.789039
3.752561
3.745158
3.706859
3.583318
3.543818
3.502102
3.461470
3.375365
3.350400
3.378985
3.421757
3.394984
3.338655
3.441537
3.471339
3.663036
3.854765
3.896056
3.880112
3.867074
3.823454
3.789440
3.746719
3.636760
3.594622
3.556677
3.490831
3.409960
3.402101
3.428014
3.469311
3.439293
3.418399
3.510704
3.537371
3.735363
3.913184
3.871128
3.856565
3.845548
3.805739
3.798040
3.720278
3.611146
3.571848
3.537469
3.446188
3.357593
3.351638
3.383988
3.425678
3.392031
3.346323
3.449940
3.472751
3.666237
3.857423
3.876670
3.861073
3.858101
3.820229
3.788988
3.751714
3.646249
3.602877
3.569792
3.499162
3.425577
3.431704
3.457968
3.495912
3.469681
3.437068
3.542809
3.539660
3.729479
3.914636
3.925749
3.911797
3.913037
3.870436
3.864030
3.789487
3.684485
3.646304
3.610192
3.530191
3.452284
3.451356
3.474129
3.518829
3.489881
3.427675
3.515232
3.493170
3.679236
3.866802
4.000100
3.994585
3.991620
3.941324
3.910284
3.874230
3.791310
3.748629
3.708896
3.659108
3.571778
3.529464
3.523880
3.586881
3.559506
3.545554
3.627877
3.622250
3.794194
3.967021
3.923399
3.903937
3.904222
3.872421
3.915825
3.799293
3.672815
3.618083
3.578576
3.432582
3.345325
3.368033
3.390754
3.435270
3.384019
3.312874
3.416723
3.480556
3.689806
3.881762
3.999793
3.993482
3.997870
3.945334
3.912579
3.882059
3.772776
3.733247
3.687021
3.627888
3.555046
3.534955
3.525418
3.572156
3.558364
3.496131
3.546425
3.640871
3.830175
3.979237
3.939361
3.915167
3.927480
3.879921
3.924421
3.917243
3.785454
3.715656
3.675961
3.595300
3.502608
3.506594
3.540462
3.582247
3.558826
3.470581
3.568691
3.518435
3.709865
3.901046
4.023093
4.032944
4.054865
3.968798
3.924928
3.879374
3.792017
3.749372
3.701569
3.678152
3.609612
3.578747
3.558409
3.609349
3.588674
3.572184
3.656326
3.651040
3.818962
3.965626
3.941226
3.934254
3.923801
3.878396
3.917744
3.819998
3.719041
3.674449
3.629595
3.497330
3.381617
3.324689
3.317854
3.366911
3.340907
3.281448
3.368036
3.484418
3.690610
3.875857
3.989992
3.968751
3.982493
3.926839
3.977378
3.979535
3.855217
3.816144
3.779580
3.710664
3.597820
3.602972
3.638799
3.671816
3.643857
3.572844
3.660875
3.675839
3.859257
4.057723
4.167570
4.169279
4.171948
4.128976
4.085015
4.054403
4.015056
3.949787
3.891037
3.835936
3.706985
3.601393
3.568073
3.636047
3.591761
3.557856
3.596718
3.565750
3.717007
3.884397
4.001124
3.982952
3.988932
3.953283
4.000813
3.986981
3.942612
3.890022
3.858831
3.810099
3.712747
3.696500
3.726548
3.762270
3.743881
3.650965
3.719835
3.740389
3.933563
4.121516
4.251319
4.248478
4.259166
4.205832
4.198305
4.166748
4.060892
4.002285
3.960622
3.907520
3.818501
3.754233
3.721025
3.785851
3.747665
3.735769
3.783842
3.757875
3.894231
4.080551
4.190788
4.173709
4.164043
4.118606
4.083106
4.053723
4.024461
3.964130
3.932496
3.895424
3.824883
3.777197
3.763502
3.814819
3.790564
3.675974
3.756191
3.800507
3.982947
4.156785
4.113296
4.091012
4.125258
4.083850
4.148896
4.121808
3.979145
3.917836
3.864372
3.712709
3.625650
3.644439
3.662601
3.699443
3.702096
3.609820
3.696345
3.713159
3.916433
4.092821
4.199103
4.178453
4.202057
4.149898
4.207405
4.179415
4.065312
4.016134
3.977202
3.902062
3.806727
3.799149
3.802330
3.851124
3.834980
3.800142
3.893218
3.803904
3.951981
4.150404
4.297117
4.315027
4.322546
4.264963
4.172274
4.115070
4.045150
4.004766
3.964025
3.911617
3.823205
3.824204
3.823158
3.864180
3.865929
3.821629
3.912542
3.928474
4.108375
4.293229
4.350589
4.328441
4.339543
4.295501
4.344873
4.289658
4.149388
4.100420
4.059030
3.895359
3.791714
3.804588
3.809080
3.853142
3.850068
3.745862
3.835474
3.851988
4.052174
4.249587
4.337932
4.318391
4.327865
4.269506
4.289402
4.248236
4.169622
4.129246
4.081964
3.966766
3.863233
3.859096
3.859552
3.892216
3.902744
3.857728
3.954585
3.977445
4.165370
4.333489
4.294649
4.267732
4.289347
4.251271
4.299592
4.261262
4.123774
4.072743
4.015483
3.869459
3.742986
3.742889
3.748769
3.780593
3.781150
3.699043
3.766806
3.828968
4.025758
4.239566
4.373632
4.355064
4.356497
4.291679
4.313068
4.291461
4.251622
4.195219
4.149938
3.989736
3.834292
3.817173
3.824499
3.871432
3.871124
3.831955
3.912591
3.899306
4.087924
4.258299
4.346923
4.327653
4.343854
4.293702
4.316847
4.336963
4.232252
4.179738
4.112808
4.028275
3.882381
3.779624
3.775022
3.822248
3.816332
3.726634
3.811339
3.783198
3.930069
4.146150
4.261996
4.223623
4.249489
4.208602
4.239783
4.239128
4.193217
4.133362
4.101382
3.997102
3.885252
3.878966
3.900506
3.937311
3.922964
3.820499
3.903026
3.931064
4.146035
4.349886
4.434144
4.403996
4.419205
4.353883
4.406312
4.384885
4.291395
4.227566
4.188425
4.076136
3.938894
3.915155
3.926877
3.969426
3.963768
3.862132
3.945517
3.969678
4.183665
4.384508
4.461561
4.423406
4.449447
4.389363
4.451775
4.423968
4.375143
4.311828
4.276404
4.169916
4.029908
3.966269
3.973782
4.000763
4.003611
3.906174
3.985825
4.007422
4.209327
4.401238
4.345737
4.315451
4.348252
4.297293
4.300220
4.278118
4.185495
4.123424
4.081552
3.959362
3.873129
3.866481
3.878043
3.894958
3.894405
3.846222
3.931636
4.004549
4.178792
4.359086
4.452591
4.420253
4.454676
4.425212
4.450929
4.467647
4.398019
4.340227
4.270736
4.151075
4.020645
4.005787
4.027480
4.035319
4.096445
3.945916
4.001843
4.037824
4.236757
4.415806
4.510151
4.483912
4.524005
4.497852
4.487775
4.493823
4.444677
4.392465
4.330685
4.231742
4.108006
4.101851
4.121902
4.111084
4.171041
4.033238
4.097308
4.084063
4.267043
4.438317
4.555719
4.547761
4.582389
4.532945
4.526922
4.513792
4.418739
4.373291
4.319308
4.186630
4.071228
4.082607
4.106477
4.095877
4.147542
3.982433
4.040498
4.134251
4.330385
4.482248
4.527034
4.510255
4.549214
4.530582
4.553120
4.547829
4.440343
4.384618
4.317477
4.156796
4.066553
4.081119
4.106876
4.113072
4.156373
4.104759
4.186020
4.121610
4.272537
4.467696
4.601438
4.592133
4.613729
4.569108
4.513946
4.496076
4.417554
4.369325
4.309082
4.156534
4.031922
4.024670
4.040462
4.041081
4.099610
3.987473
4.045544
4.151690
4.325215
4.482687
4.498142
4.473395
4.498541
4.497619
4.529074
4.541361
4.464505
4.414468
4.352774
4.164918
4.040107
4.062811
4.089972
4.080393
4.136930
4.008331
4.060890
4.135906
4.304504
4.518473
4.656786
4.635411
4.657995
4.602018
4.582913
4.574324
4.532809
4.489189
4.431440
4.260705
4.124734
4.109636
4.126750
4.125106
4.188223
4.060751
4.104410
4.169562
4.364788
4.536941
4.612252
4.589487
4.622236
4.596853
4.610809
4.628745
4.583184
4.536531
4.469725
4.356536
4.214344
4.204528
4.227850
4.216552
4.283674
4.145326
4.193102
4.176239
4.307538
4.511508
4.653220
4.668106
4.706789
4.661064
4.550748
4.553896
4.505817
4.456432
4.408578
4.277131
4.149234
4.139469
4.154132
4.149615
4.191951
4.155322
4.198351
4.274672
4.469181
4.630946
4.574391
4.538633
4.554930
4.535120
4.536171
4.514132
4.389888
4.353898
4.276172
4.109492
3.949911
3.918372
3.955429
3.972503
4.001109
3.939191
3.889602
3.943748
4.110831
4.339123
4.496070
4.450087
4.466877
4.447752
4.470102
4.513157
4.458529
4.418868
4.379577
4.218829
4.095552
4.089428
4.117126
4.135121
4.175531
4.028754
4.039661
4.171100
4.369488
4.575469
4.674716
4.631127
4.650743
4.632484
4.627195
4.693847
4.638021
4.596210
4.514059
4.383586
4.213822
4.148284
4.179830
4.191329
4.221555
4.074952
4.147895
4.150933
4.285589
4.503429
4.639063
4.641322
4.667734
4.617864
4.563753
4.599125
4.539004
4.498775
4.456358
4.414404
4.315128
4.303717
4.324753
4.317226
4.276279
4.222221
4.207740
4.303805
4.520462
4.710887
4.801869
4.760684
4.776085
4.765226
4.752229
4.820382
4.719805
4.674990
4.573651
4.380986
4.229441
4.190104
4.216157
4.214939
4.261189
4.138432
4.201965
4.242160
4.352459
4.545251
4.651033
4.630487
4.663017
4.636148
4.588625
4.608832
4.534798
4.488740
4.448456
4.397662
4.369293
4.387039
4.397870
4.391298
4.431329
4.350749
4.285752
4.343075
4.334449
4.327496
4.398138
4.503528
4.627516
4.674294
4.679313
4.712178
4.512366
4.452446
4.273417
4.138923
4.138041
4.175478
4.207960
4.202522
4.224017
4.159391
4.183462
4.325933
4.472524
4.636147
4.672194
4.630576
4.632366
4.653062
4.646818
4.674996
4.550418
4.502738
4.394705
4.230528
4.068611
4.081910
4.135208
4.130916
4.149227
4.066870
3.942397
4.031544
4.078845
4.195288
4.250442
4.254404
4.266925
4.266344
4.274352
4.290321
4.053039
3.999136
3.964977
3.924888
3.931413
3.962582
3.990708
4.009010
4.048001
4.023668
4.039831
4.176926
4.328126
4.501025
4.594290
4.603591
4.578417
4.606879
4.607692
4.639213
4.466071
4.417435
4.387187
4.227501
4.084147
4.041731
4.091534
4.114390
4.009201
3.749342
3.765906
3.867105
4.110219
4.256462
4.262632
4.259679
4.282035
4.302866
4.344080
4.303172
4.194211
4.148396
4.002102
3.895104
3.873820
3.909639
3.944620
3.975019
3.985321
3.940900
3.938354
3.990372
4.127420
4.292280
4.410245
4.450078
4.453727
4.471490
4.438265
4.470157
4.460713
4.415702
4.348894
4.206049
4.187100
4.210666
4.235823
4.271207
4.247954
4.178934
4.200718
4.307074
4.452087
4.676664
4.794266
4.763892
4.773805
4.770074
4.770813
4.841317
4.802619
4.771843
4.707251
4.513220
4.340289
4.286752
4.311934
4.359788
4.260491
4.181367
4.223899
4.359071
4.536214
4.674314
4.633022
4.609537
4.610415
4.641151
4.640458
4.665462
4.593545
4.544127
4.432778
4.303911
4.253034
4.265909
4.295494
4.317887
4.298866
4.313450
4.320891
4.365452
4.493791
4.659964
4.794749
4.866583
4.920699
4.906883
4.889848
4.931467
4.888349
4.860321
4.807630
4.727100
4.580609
4.525547
4.533342
4.543920
4.512826
4.567913
4.582665
4.654257
4.824640
4.996228
5.029724
4.997596
4.996865
4.999465
5.006822
5.048876
5.006066
4.956265
4.901260
4.711251
4.560809
4.572304
4.601762
4.607261
4.616964
4.601223
4.613688
4.600728
4.711786
4.883454
5.007816
5.002415
5.009502
5.004958
5.021354
5.045126
5.001248
4.961354
4.891343
4.708763
4.575986
4.589859
4.609840
4.607023
4.594921
4.624772
4.626337
4.646851
4.764979
4.956077
5.092015
5.076756
5.088675
5.070566
5.097469
5.100121
5.058039
5.013911
4.955081
4.770109
4.617182
4.629242
4.648571
4.645709
4.635314
4.599803
4.613913
4.626754
4.750319
4.927830
4.975785
4.949719
4.953826
4.966261
4.980691
4.991310
4.946969
4.900064
4.804935
4.625427
4.495746
4.500753
4.500425
4.531442
4.495296
4.509041
4.521883
4.557067
4.702401
4.869591
4.969293
4.962856
4.971246
4.979636
4.992806
5.009923
4.978196
4.940819
4.897745
4.716774
4.578962
4.572735
4.583879
4.617801
4.581996
4.591581
4.565721
4.547410
4.686952
4.856913
4.953251
4.939333
4.939061
4.949195
4.956637
4.994082
4.997010
4.952212
4.845029
4.670144
4.559689
4.545076
4.557449
4.584526
4.574101
4.581713
4.584377
4.590978
4.704577
4.856399
4.998569
5.083023
5.121631
5.092583
5.096917
5.084364
5.053003
5.006382
4.947437
4.771519
4.588006
4.595348
4.621115
4.652637
4.604356
4.593209
4.587113
4.565777
4.642806
4.865763
5.042891
5.020402
5.023998
5.005201
5.009998
5.033433
4.982368
4.948514
4.841367
4.625347
4.465429
4.471085
4.503395
4.545543
4.522255
4.514918
4.523530
4.588758
4.746575
4.945019
5.063511
5.055467
5.061913
5.044658
5.052082
5.080945
5.047913
5.020743
4.964165
4.782090
-0.059724
-0.097702
-0.015695
0.026511
0.061795
0.099713
0.138683
0.177529
0.216265
0.254750
0.293034
0.330991
0.368563
0.405704
0.442305
0.478285
0.513499
0.548001
0.581522
0.617458
0.658403
0.703969
0.753176
0.805922
0.862148
0.924328
1.028381
1.179793
1.331117
1.435649
1.440877
1.459790
1.462605
1.517658
1.464414
1.438383
1.410810
1.385818
1.334086
1.225603
1.259020
1.319566
1.379262
1.406166
1.449103
1.512634
1.494249
1.445969
1.469760
1.472974
1.473691
1.474267
1.472701
1.485651
1.501826
1.514387
1.522359
1.625973
1.620685
1.555974
1.533205
1.523865
1.416527
1.340107
-0.013490
-0.026396
-0.011092
0.037359
0.076516
0.116400
0.156095
0.194655
0.232109
0.268460
0.303714
0.337809
0.370708
0.402308
0.432608
0.461383
0.488527
0.513949
0.537319
0.558819
0.577892
0.594515
0.608531
0.619472
0.627489
-0.005063
-0.007925
0.077433
0.134618
0.171553
0.210684
0.251437
0.292658
0.334217
0.375894
0.410040
0.444157
0.478509
0.512955
0.547316
0.581402
0.615119
0.648254
0.680796
0.712427
0.743223
0.773036
0.801602
0.829034
0.855203
0.879833
0.903081
0.924768
0.944875
0.963362
0.980261
0.995604
-0.006748
-0.016050
0.032157
0.074401
0.111297
0.150015
0.189111
0.227550
0.265300
0.302323
0.338592
0.374044
0.408532
0.442216
0.474755
0.506144
0.536248
