-6.587845
-1.429357
1.385561
1.936855
2.794155
4.064341
4.776244
5.825723
5.981762
7.082107
7.777480
8.335425
9.399165
9.720022
12.265214
12.050049
13.501776
-0.000359
-5.194334
-15.269796
-14.123213
-7.047509
-3.268784
-1.274519
-1.772262
-0.910642
-2.315809
-2.007637
-2.299646
-2.245309
-2.431761
-0.477032
0.822361
7.926711
16.570271
-1.469439
1.709158
2.570530
4.838879
7.061229
-15.535054
-10.116298
-8.727407
-0.528524
0.923048
-4.867597
-7.592589
-7.415640
-3.732432
0.269418
20.077593
-4.812186
12.155478
13.268229
-0.254509
-4.660970
-4.403934
-3.188874
-0.922261
-1.267971
-18.753839
-14.667919
-3.171325
0.536745
2.306976
2.055825
-2.094813
-6.328133
-6.666412
3.760355
8.316274
5.103969
2.798274
-4.954653
-3.993538
-1.418697
-0.548725
0.782707
1.399992
3.254192
4.857123
1.368343
-13.128823
-9.710579
-1.166483
0.944868
-2.844184
-2.992351
-3.402943
0.571830
1.401328
5.497860
6.794602
5.278564
6.598768
7.004652
-0.595321
1.144700
3.393675
3.438866
4.558297
-7.352479
-12.454030
-9.741492
-2.788546
1.937140
-1.493680
-5.321489
-2.377726
0.358907
1.982245
5.364749
7.252424
6.618629
4.275919
-2.620124
-1.318672
0.647041
1.344366
1.847211
3.528835
2.923776
-13.915518
-8.891176
-2.253970
2.600244
1.133218
-1.983072
-4.211360
-4.621939
0.146343
5.574392
7.572617
5.434945
5.050161
4.898097
-4.893579
-0.133263
1.905781
2.021748
3.958543
0.891549
-16.887999
-8.462817
-3.283841
1.659693
1.446819
-1.631329
-2.336343
-1.357341
-0.092928
5.392493
7.145263
4.940224
4.818944
-2.068438
-0.939648
0.176488
1.160571
1.406128
3.252745
3.449151
-13.473473
-8.730996
-1.541744
3.070907
2.524004
-0.802864
-3.666997
-3.089808
0.598086
5.320417
6.874836
4.966488
5.078461
5.187979
-1.469987
0.219183
2.269439
2.552889
4.292633
-1.475446
-17.842337
-8.161766
-3.004394
2.233206
2.700764
-0.741512
-2.837157
-0.610988
0.453357
5.091369
7.017427
4.853941
-2.084426
-1.788932
-0.761993
0.246731
0.958604
1.278864
2.971491
3.302029
-10.880500
-9.725656
-1.724510
3.692779
3.309685
-0.683007
-2.915277
-2.697172
0.869498
5.721411
6.389921
4.528263
4.769112
5.048795
-1.783487
-0.156866
2.352805
2.885058
5.047863
6.534487
-18.708082
-9.194263
-4.955515
0.868066
2.102134
-1.373410
-4.877669
-0.391037
1.612887
5.645814
8.956568
5.613878
5.497462
-1.929711
-1.472874
0.566995
0.852313
1.269682
2.878945
5.994624
-11.374805
-9.373089
-1.488217
4.504795
3.780189
0.184391
-2.818130
-4.698881
-0.733467
6.643735
7.355789
5.043915
4.723131
4.617539
-3.384703
-0.658025
1.352887
2.158299
3.886222
6.192439
-15.832550
-8.517610
-4.089906
1.016554
1.610929
-1.250344
-3.972919
-0.741186
0.549291
4.919642
8.710457
5.376495
5.521864
-2.146039
-1.642575
0.627279
1.304049
1.641989
3.352462
6.290585
-14.414688
-8.567292
-2.293805
4.287699
3.808779
0.013741
-3.517646
-4.792127
-1.911727
5.281305
8.173560
5.715630
5.228297
5.046715
-3.378453
-0.387587
0.889322
1.385834
3.148729
5.813838
-14.854741
-8.597239
-4.581254
0.828473
0.946168
-1.690629
-2.672814
-1.885061
-0.537520
4.006928
7.058420
5.454475
5.524849
5.523147
-3.059546
0.339790
1.881608
1.756957
4.357601
5.391981
-18.098162
-8.635128
-4.636295
2.018517
3.100710
-0.642253
-4.105365
-3.478965
-1.815193
4.349427
6.993572
5.263130
4.586716
-2.367813
-1.955247
-0.092465
0.167721
1.047239
2.618493
5.610295
-8.295501
-10.778230
-3.435211
2.561259
4.046454
0.655937
-3.371524
-1.851420
-0.986887
6.978042
6.717449
4.642059
4.730340
4.854805
-2.138450
0.449436
1.977023
2.819350
4.409057
7.072167
-13.271004
-8.998100
-4.618575
1.766136
3.204704
1.111532
-4.119075
-1.678727
-0.055854
4.471164
8.538960
5.751873
5.988455
6.296788
-2.431572
0.694436
2.100534
2.535947
4.218898
6.204118
-14.528352
-9.007298
-5.479964
1.441953
2.583446
-0.126347
-3.078179
-2.862765
-1.114335
4.640462
6.322711
6.312284
5.986702
5.861292
-2.052325
0.259163
1.019412
1.754297
3.855660
5.845049
-15.332021
-8.524269
-4.832659
1.800343
2.049617
-1.202668
-4.038907
-2.804291
-1.403126
3.435960
7.115548
5.887184
5.972190
6.042759
-2.507402
0.159353
1.669753
2.234868
4.031661
6.235774
-14.485939
-9.009122
-5.746276
1.242312
2.693465
0.046487
-4.383763
-2.403332
-1.569779
4.202515
6.036456
5.347394
4.911797
-4.347108
-3.195646
-0.709438
0.472941
0.708661
3.158509
5.919202
-11.722570
-8.761062
-3.832754
2.717757
3.039440
-0.142354
-3.497635
-2.441773
-1.315619
5.019365
7.460410
5.019704
5.249356
5.434239
-2.453755
0.453798
1.923134
2.768427
4.531395
6.865976
-14.139902
-8.802715
-5.797748
1.184393
2.747969
0.514297
-4.552561
-2.289564
-0.816068
4.356818
6.798962
5.612402
5.477943
0.908854
-2.336788
-0.047970
0.667931
1.320998
3.298230
6.272924
-12.649434
-8.362832
-4.325102
2.441751
2.757166
-0.250182
-3.339278
-3.259742
-1.321464
5.004337
6.982546
5.567156
5.548615
5.571293
-2.851116
0.371377
1.432621
2.045082
4.022165
6.580315
-13.078994
-8.638923
-5.509694
1.306978
2.234215
-0.175769
-3.585269
-2.694464
-1.498830
4.051629
6.953219
5.642818
5.584530
5.588094
-3.253381
0.182509
1.438578
1.970443
3.918307
6.443025
-12.911042
-8.736543
-5.955800
0.818369
2.022270
-0.576079
-3.446968
-2.613417
-1.757869
4.052129
5.803011
5.681891
5.308852
5.086155
-3.134697
0.052829
0.674858
1.665095
3.789777
6.379354
-13.604265
-8.139983
-4.712788
1.935312
2.504108
-0.520921
-4.100049
-2.097197
-1.111924
4.654490
6.690954
4.957333
5.063183
-4.201662
-2.241172
-0.363604
1.684365
1.645577
4.043126
6.429268
-10.400565
-10.786064
-6.579245
0.985341
2.677744
0.185906
-4.353843
-2.499991
-1.431103
4.943280
6.324138
5.036851
4.718636
4.645863
-2.927270
-0.456458
1.014451
1.112084
3.615450
6.106357
-10.021445
-10.919735
-6.031682
1.145447
2.626597
0.056515
-3.684130
-1.562623
-0.521822
4.446093
6.582146
5.109332
5.341528
5.700651
-2.573385
0.010154
2.069553
2.038022
4.437278
6.654107
-11.220950
-10.197251
-6.522518
1.131072
2.631638
0.474460
-3.713269
-2.734237
-1.428706
4.094044
6.716345
6.073534
5.720655
5.819140
-3.272232
0.191457
1.227131
1.839686
3.979481
6.492277
-12.406949
-10.124590
-6.298222
1.149484
2.383315
-0.535489
-4.100284
-3.040828
-1.476671
4.167583
6.440664
5.882565
5.693421
5.799830
-3.679819
-0.232981
1.127321
1.681243
3.624810
6.427575
-10.818112
-10.600895
-6.847874
0.723473
2.154551
-0.703952
-3.861496
-2.984777
-1.921489
4.475635
6.253315
5.790259
5.397168
5.354293
-3.043597
-0.365785
1.248139
1.343459
4.170370
6.492082
-11.633184
-10.652195
-6.536192
1.056658
2.615682
-0.365805
-4.449917
-2.752826
-1.221138
4.368449
6.424672
5.525014
5.333717
5.512109
-3.971140
-0.816827
1.217500
1.141496
3.596189
6.075986
-8.022337
-11.210060
-7.093399
0.428214
2.346881
-0.723061
-3.438435
-4.229598
-0.831502
5.873826
6.373639
5.329719
5.095056
5.232899
-2.015304
-0.131612
1.238575
1.549850
4.300744
6.384328
-11.644046
-10.914933
-6.093290
1.301819
3.027272
0.154467
-4.282707
-2.994805
-1.341985
4.224819
6.674401
5.592082
5.396594
6.067002
-3.645241
-0.745962
1.686849
2.117217
4.608525
6.717458
-11.758388
-9.864077
-7.064778
0.347687
2.099031
-0.412693
-4.225936
-3.128279
-1.030074
3.669157
6.147326
6.303611
5.777182
6.027588
-3.924879
-0.164317
1.120136
1.736741
3.876274
6.584993
-11.263893
-10.307746
-6.919679
0.608825
2.280495
-1.076888
-4.101780
-3.168219
-2.108293
4.547078
5.674529
5.260921
4.718028
1.930884
-3.657388
-0.841846
0.194007
1.120291
3.138693
6.155941
-7.019173
-12.207404
-7.297272
0.306508
2.818721
-0.339860
-3.917901
-2.383742
-0.643006
5.382638
5.560987
4.277031
4.370567
4.750115
-3.053511
-0.721038
1.492512
1.782901
4.345624
6.653022
-9.137125
-11.089976
-7.056415
-0.119518
2.414367
0.038248
-4.112951
-1.912764
-0.369943
5.030175
5.407191
4.703919
4.498270
2.638584
-3.196094
-0.414002
0.536596
1.421324
3.362417
6.340341
-6.700208
-11.719765
-6.809385
0.422620
3.038788
0.506903
-3.445640
-3.015801
-0.509148
5.546494
5.780583
4.536666
4.524633
5.127894
-3.724714
-0.630594
1.737445
2.396414
4.939468
7.107551
-11.427118
-10.391307
-7.313322
-0.787883
2.304677
0.482888
-5.067823
-2.412586
0.404590
5.038635
6.257385
5.037513
4.686555
-4.751903
-2.546777
-0.785802
1.135719
1.230726
3.779503
6.237698
-5.697031
-11.332182
-6.915783
-0.039336
2.596355
-0.441202
-2.895848
-3.568035
-0.637065
6.429623
5.814445
4.745691
4.364953
4.398759
-2.488393
-0.361209
1.288525
1.662978
4.419217
6.896129
-7.615391
-12.152765
-7.441718
-0.428240
2.865367
0.678908
-4.065564
-1.599983
0.087703
5.160509
6.278718
4.383910
4.455617
5.610404
-3.723649
-0.673578
1.728169
2.380435
4.857625
7.151821
-9.857012
-10.500457
-7.148384
-0.395313
2.719537
0.639461
-4.207262
-2.077110
-0.237745
4.697340
5.707462
5.202994
4.796305
5.429819
-3.697339
-0.422676
0.779749
1.628896
3.697232
6.571824
-5.862767
-11.535258
-7.340157
-0.377132
2.690051
-0.161676
-3.234142
-3.892391
-0.176922
6.105722
5.584928
4.537337
4.315629
4.876917
-3.630072
-0.695524
1.575209
1.996694
4.730045
7.024951
-8.155914
-11.375047
-7.745652
-1.355958
2.086063
-0.423656
-3.750337
-1.836684
-0.180261
5.279169
5.821104
4.588841
4.374874
5.210104
-3.076490
-0.692664
1.312252
1.593688
4.347344
6.676409
-6.933717
-11.035178
-7.381444
-0.972245
2.277328
-0.869735
-3.072917
-3.032364
-0.711153
5.597707
5.490891
4.741369
4.428850
5.043808
-3.209718
-0.478381
1.625071
2.059390
4.837060
7.118712
-7.649240
-11.503666
-8.045183
-1.752060
1.882918
-0.901890
-3.633662
-2.244338
-0.360824
5.310546
5.622991
4.579202
4.294951
5.178104
-3.689272
-0.585881
1.625538
2.004548
4.781076
7.065459
-7.616355
-10.970072
-7.732427
-1.562959
2.072404
-0.895748
-3.372577
-2.507058
-0.565563
5.232079
5.549775
4.889219
4.469803
5.393426
-3.529134
-0.447126
1.800203
2.165595
4.942902
6.908973
-8.058064
-10.975252
-8.020195
-2.027142
1.711643
-0.989189
-3.252242
-2.826703
-0.828405
4.645528
5.606658
5.009683
4.448816
5.550328
-3.045528
-0.624705
2.014550
2.695409
5.435174
7.142275
-9.838088
-10.387622
-8.182902
-2.379543
1.981255
-0.417188
-4.527701
-2.661126
0.214973
4.767286
5.678488
5.020504
4.373003
-4.990561
-2.795384
-0.769829
1.759807
2.208856
4.899948
7.207273
-5.707204
-11.218634
-7.639682
-1.129075
2.577306
-0.228186
-3.236740
-3.378823
-0.481105
6.079948
5.596598
4.733730
4.255857
5.353441
-3.017283
-0.607477
2.057942
2.873294
5.647349
6.561373
-10.035246
-10.723575
-8.233817
-2.620610
1.351743
-0.303677
-4.750670
-2.469968
0.138815
4.365178
6.610212
5.064323
4.514544
-5.393192
-2.783123
-0.495218
2.227882
3.087910
5.616151
7.771465
-7.908013
-10.862575
-8.000175
-1.553320
2.184076
0.271668
-3.823712
-3.227025
-0.482140
4.762511
5.498582
5.124837
4.445108
5.766295
-4.612370
-0.677041
2.035046
2.953330
5.478009
7.273646
-8.815343
-10.834776
-8.552656
-2.715236
1.743284
0.024737
-4.535702
-3.295494
0.140061
4.808636
5.557589
4.753761
4.301303
-5.676209
-3.254028
-0.943421
1.933120
2.996023
5.442997
7.826168
-7.474396
-10.939602
-8.007912
-1.948032
2.035046
0.662675
-4.463637
-2.938993
0.297275
5.376139
5.160405
4.360079
4.093967
-5.355114
-3.005231
-0.890697
1.957068
2.960363
5.451250
7.857047
-6.959280
-10.731741
-7.794266
-1.889883
2.009082
0.589664
-3.957662
-2.857640
-0.054289
5.387442
5.351422
4.390825
4.208044
5.018064
-4.085139
-0.709369
2.143219
3.424340
5.825356
8.151412
-8.474014
-10.659720
-8.277801
-2.573037
1.820299
0.936796
-5.214925
-3.120834
0.752458
5.500368
5.611276
4.527357
4.275665
-4.771653
-2.750220
-0.468877
1.724976
3.415505
5.209401
8.064386
-6.454462
-12.513901
-8.507181
-2.580228
1.555011
0.952401
-4.734425
-3.093224
1.247266
5.960792
5.022176
3.943993
3.880339
-4.607417
-2.840528
-0.713961
1.520679
3.204355
4.936085
7.805067
-4.344939
-12.533220
-8.065046
-1.806085
1.958358
1.085098
-3.286171
-2.667402
1.217290
5.832058
4.755367
3.549327
3.790756
5.618522
-3.202028
-0.731578
1.706006
3.894716
5.465410
8.344596
-8.543354
-12.028253
-8.829756
-3.450806
1.084287
0.708865
-5.752464
-3.708163
1.647227
5.362181
4.946835
4.794468
4.866373
-4.372139
-2.466522
-0.069956
2.171265
3.872349
5.543987
8.369378
-4.341081
-12.211008
-8.487399
-1.880119
1.945558
0.636446
-3.400352
-3.399873
0.889004
6.746627
4.396850
3.527890
3.845803
-5.407671
-3.181592
-0.768290
1.635510
3.689083
5.412745
8.369767
-6.608104
-12.391771
-8.809071
-3.119672
0.945251
0.355708
-5.146310
-3.229411
1.487362
5.328765
4.748723
4.296742
4.524240
-4.526744
-2.607229
-0.213136
2.180236
4.075507
5.679970
8.604121
-4.746034
-12.184909
-8.438665
-2.192997
1.496726
0.747536
-3.711153
-3.242669
1.422718
6.426074
4.617993
3.240574
3.813711
-3.868088
-3.235883
-0.805845
1.637246
3.749310
5.359002
8.334272
-5.790445
-12.020942
-8.636181
-2.967772
0.959417
0.267427
-4.636419
-3.500014
1.384763
5.496798
4.150799
3.770753
4.557204
-4.729506
-2.821821
-0.318024
2.166394
4.227566
5.790930
8.737628
-5.064359
-12.069645
-8.695306
-2.784053
1.023927
0.337102
-4.333786
-3.532661
1.444816
6.405492
4.394951
2.983784
4.104485
-5.645996
-3.055288
-0.658763
1.845438
3.889878
5.523229
8.558940
-5.173235
-11.938224
-8.472610
-2.800507
0.990108
0.336131
-4.453683
-3.346354
1.375122
6.170289
4.303336
3.603918
4.318089
-4.537415
-2.639328
-0.149874
2.331768
4.399337
6.020527
9.009102
-4.979710
-12.118402
-8.704842
-2.847637
0.586781
0.126636
-4.315835
-3.338487
1.594275
6.281463
4.455209
3.116548
4.059431
-5.406342
-2.945539
-0.434161
2.130801
4.274830
5.940899
8.897469
-5.336899
-11.825035
-8.584297
-3.077891
0.504521
0.004644
-4.564710
-3.541099
1.544976
6.089925
4.577101
3.125266
4.170726
-5.918298
-3.053992
-0.445030
2.096498
4.311976
5.823105
8.879236
-4.687344
-11.673439
-8.624815
-2.943923
0.530853
-0.070822
-4.301781
-3.625233
1.427651
6.095100
4.086797
2.808829
4.287801
-5.891363
-3.067644
-0.384344
2.256619
4.518282
6.113673
9.130856
-5.333952
-11.720180
-8.828501
-3.476000
0.137073
-0.432315
-4.799307
-3.734560
1.493057
6.058670
4.470472
2.933644
4.310732
-5.106785
-2.888986
-0.286649
2.365193
4.583002
6.112250
9.203397
-4.984199
-11.631105
-8.629505
-3.173041
0.225237
-0.227525
-4.517344
-3.696546
1.281089
6.194756
4.272974
3.119400
4.422831
-4.529073
-2.702746
-0.016992
2.653542
4.981859
6.611799
9.577250
-5.528583
-11.810032
-8.886747
-3.561291
-0.430324
-0.654311
-4.804155
-3.746859
1.502868
5.900504
4.553925
3.037055
4.408796
-4.852254
-2.801258
-0.072272
2.683038
5.047574
6.583339
9.627332
-5.792175
-11.511081
-8.690335
-3.627764
-0.389561
-0.462678
-4.878187
-4.131668
1.470214
5.934879
4.849573
3.020463
4.221052
-5.943058
-3.020558
-0.198024
2.588149
5.031084
6.552566
9.522737
-5.401900
-11.352857
-8.817195
-3.854271
-0.571544
-0.659678
-4.866776
-4.255647
1.375265
5.750447
4.334714
2.917482
4.243973
-5.014726
-2.812085
0.068037
2.888264
5.413637
6.925276
9.842371
-6.112762
-11.354787
-8.811907
-4.228679
-0.889432
-0.865776
-5.233948
-4.510307
1.440818
6.189693
4.897313
2.495784
3.955477
-5.002890
-2.961213
-0.103045
2.709964
5.300428
6.818445
9.838090
-5.877855
-11.222615
-8.523779
-4.047924
-0.766761
-0.624326
-4.997729
-4.432891
1.195256
6.429142
4.522994
2.524911
4.060272
-4.641245
-2.689483
0.268923
3.036510
5.718672
7.293033
10.049390
-5.985959
-11.285562
-8.570518
-4.200696
-1.253111
-1.046851
-5.081723
-4.330211
1.416621
6.482324
4.858046
2.075787
3.758548
-5.034286
-2.964166
-0.073909
2.840925
5.576435
7.207643
9.804959
-6.161228
-10.808965
-8.296247
-4.404935
-1.188102
-0.708516
-5.064420
-4.549730
1.215704
6.822028
5.201109
1.693623
3.425292
-5.209502
-3.131387
-0.225043
2.700189
5.481474
7.100903
10.167850
-5.583684
-10.404920
-8.021677
-4.630091
-1.489726
-1.277554
-4.582022
-4.311023
1.137352
6.593425
4.543906
1.563759
3.778682
-5.060935
-2.910057
0.109594
2.955337
5.737269
7.390350
9.895439
-5.424192
-10.604044
-7.940475
-4.435661
-1.394356
-1.395949
-4.656075
-4.174582
1.054513
7.180148
5.001569
1.277050
3.521041
-5.117271
-3.061881
-0.180643
2.784354
5.593048
7.277761
9.775817
-5.609591
-10.411886
-7.719398
-4.520586
-1.255402
-1.312351
-4.657143
-4.209889
0.857356
7.422576
4.999807
1.780653
3.843987
-4.686302
-2.624676
0.375163
3.224683
6.028168
7.784805
10.203465
-5.513240
-10.708085
-7.841224
-4.335276
-1.677111
-2.135575
-4.515727
-3.722366
1.395283
7.078619
4.882367
1.693393
3.938881
-4.894941
-2.732922
0.250100
3.120916
5.954784
7.784205
10.984352
-5.921351
-10.604269
-7.761133
-4.133902
-1.601989
-1.997563
-4.667485
-3.838075
1.614588
7.254862
5.134345
1.979729
3.827744
-4.944035
-2.725751
0.236858
3.198821
5.866470
7.680302
10.757698
-5.295182
-10.664886
-7.833364
-4.110154
-1.989025
-3.267185
-4.267762
-3.258588
1.852193
6.782212
4.224637
2.515480
4.439182
-4.592227
-2.404660
0.650546
3.363689
6.063517
7.920781
10.422755
-5.350799
-11.168100
-8.177790
-3.805106
-1.897964
-3.452603
-4.488215
-3.029881
2.094312
7.057644
4.554843
2.536925
4.258667
-4.761443
-2.495666
0.507853
3.257143
6.012038
7.906733
10.277700
-5.878604
-11.211557
-8.142148
-3.739429
-2.005210
-3.818916
-4.541885
-3.159964
2.012732
6.872511
4.303832
3.810599
4.748351
-3.926854
-1.948889
1.056426
3.734342
6.302235
8.271605
10.783799
-5.290775
-11.691674
-8.744349
-3.853163
-2.480061
-4.716033
-4.277072
-2.315570
2.445695
6.840405
3.855290
3.548989
4.517866
-4.619385
-2.309647
0.696984
3.495964
5.989109
7.969553
10.402373
-5.720598
-11.607482
-8.516276
-3.631578
-2.560480
-5.074364
-4.094008
-2.459691
2.407232
6.696076
3.839967
3.909434
4.479080
-4.769855
-2.455900
0.676202
3.394501
5.885451
7.903447
10.481657
-4.969486
-11.701981
-8.457710
-3.713005
-2.683056
-5.596660
-3.551385
-1.943735
2.512188
6.441348
2.985752
4.274017
4.526672
-4.452821
-2.107408
0.857471
3.491072
5.834666
7.959239
10.491941
-4.910606
-12.014294
-8.679410
-3.760595
-2.571161
-5.361078
-3.945517
-2.067101
2.769234
7.265609
3.366785
3.734434
4.331328
-4.951263
-2.525697
0.554746
3.309992
5.903806
7.934169
10.411242
-5.822376
-11.957378
-8.332287
-3.815796
-2.803482
-6.234184
-3.281521
-2.168566
2.277157
6.591029
3.000824
4.789665
5.057065
-3.788296
-1.636929
1.315994
3.799013
6.170488
8.331545
10.832518
-4.761455
-12.469987
-8.946316
-4.326241
-2.415043
-6.167617
-3.059858
-1.099721
3.000844
7.287344
2.471772
3.449219
4.111677
-4.898278
-2.553363
0.374117
3.093494
5.633596
7.923135
10.288179
-6.334984
-12.046550
-8.254021
-3.904337
-3.080386
-7.365944
-2.649349
-1.975882
2.767613
7.178035
2.996825
4.301694
4.754485
-4.370793
-2.081672
0.899105
3.457834
5.926093
8.111368
10.523805
-4.753121
-12.203446
-8.543150
-4.354276
-2.487698
-6.900697
-2.006951
-0.555793
2.705603
5.661626
1.244571
4.319804
4.862730
-4.548155
-2.214998
0.890837
3.572104
6.190981
8.473736
11.890030
-7.786345
-11.601167
-8.069023
-4.459941
-4.000438
-9.014342
-2.699817
-2.056110
2.231181
5.749564
2.167517
5.637249
5.724091
-3.935672
-1.574466
1.604553
4.125762
6.842886
9.048903
11.617310
-6.887843
-12.417880
-8.552173
-4.954404
-3.287836
-7.707375
-2.755164
-1.238858
2.101388
5.203198
1.614355
5.858190
6.079070
-3.653740
-1.501572
1.801559
5.218031
7.236648
9.816649
13.612586
-8.858495
-10.648896
-7.958776
-4.366086
-3.133307
-8.319712
-2.437937
-1.352416
1.147173
4.839377
2.948722
5.415862
4.766668
-4.526702
-2.198859
1.136145
4.622407
6.553114
9.044885
12.869726
-9.281144
-10.670735
-6.734564
-4.454670
-0.576742
-6.403071
-3.612646
-2.154263
1.051771
5.106986
1.435135
3.936928
4.060341
-5.410314
-2.854083
0.410801
3.924281
5.747359
8.701777
13.883432
-8.664356
-10.354318
-6.960431
-4.867299
-2.015048
-8.107974
-2.893094
-1.885075
1.340135
5.161668
1.376989
4.448551
4.413654
-4.251674
-2.105658
1.193766
4.537133
6.304268
9.106443
14.336046
-8.569238
-10.555774
-7.134336
-5.055339
-2.244570
-8.256428
-3.158231
-1.789018
1.657870
5.884565
1.726218
4.045370
4.374187
-4.632528
-2.524012
0.989152
4.543456
6.456466
9.360042
14.968120
-8.730202
-9.396188
-7.310743
-4.997710
-2.499186
-8.614796
-4.084641
-2.418999
1.808204
6.229376
2.264663
5.139467
5.145313
-3.507568
-1.505810
1.911694
5.283093
7.203289
10.077559
16.305664
-9.458531
-9.694997
-7.031046
-6.310173
-3.637337
-9.659931
-3.505492
-1.969138
2.080385
5.697948
1.897279
5.028931
5.122477
-4.002078
-1.687015
1.641690
4.993488
6.872490
9.733804
15.176133
-9.233121
-10.202769
-6.750916
-5.663809
-3.039559
-9.139362
-3.236587
-1.703713
1.942229
5.926573
1.851368
4.502807
4.932057
-4.323712
-2.006304
1.466572
5.012245
6.948464
9.801826
15.647407
-9.732661
-9.552880
-6.524154
-6.016237
-3.947662
-9.707849
-3.157267
-1.622841
2.229392
5.281478
1.630653
5.552359
5.260088
-3.878172
-1.519503
1.835592
5.112204
6.973233
9.830548
14.824043
-9.988931
-10.734768
-6.138142
-6.101463
-3.137731
-8.930483
-2.459123
-0.897671
2.080385
6.134423
1.226083
4.052008
4.313707
-4.277421
-2.063187
1.286897
4.694701
6.564619
9.436509
14.304014
-10.078619
-10.650105
-5.921381
-5.416031
-2.693700
-8.644147
-2.092285
-0.772609
1.867840
6.112954
1.017652
4.395231
4.238926
-3.945511
-1.737334
1.556213
4.862721
6.694160
9.644781
15.257966
-10.218711
-11.094213
-5.778790
-6.530307
-3.746324
-9.041299
-1.699325
-0.262843
2.462829
6.020017
0.440637
3.963070
3.850240
-4.333092
-2.141442
1.163555
4.328023
6.092137
9.019300
13.056105
-9.940221
-11.428258
-5.794610
-5.675693
-2.430526
-7.672451
-1.403990
0.241740
2.613172
6.022672
0.251361
3.574179
3.596757
-6.442890
-2.573567
0.791751
4.191155
6.124036
8.981886
14.664131
-10.458233
-11.034027
-5.085597
-6.000514
-3.684402
-8.712420
-1.671442
-0.325889
2.405262
5.206164
0.452907
4.929825
4.390331
-4.131728
-1.813358
1.606602
4.691933
6.642427
9.711054
16.159716
-11.671626
-10.840281
-4.895766
-6.529037
-3.867388
-8.852959
-3.712257
-1.192246
2.346665
5.421577
1.371209
5.397349
4.864112
-4.439388
-2.144356
1.543593
4.836479
6.802035
9.715735
16.209297
-12.351867
-9.678406
-4.607774
-6.543372
-4.739210
-9.373755
-3.245816
-1.171960
1.878202
4.473968
2.147847
6.273646
5.224585
-2.671720
-0.557389
2.474337
4.977648
7.131008
9.913613
13.082500
-11.069779
-9.942808
-4.001418
-6.481818
-5.234871
-9.218347
-3.703025
-1.564087
3.593493
6.130876
2.024158
4.289848
3.769140
-6.885050
-2.610823
0.654167
3.392993
5.626219
8.675967
13.804524
-10.994603
-10.078374
-3.305310
-5.162820
-3.773516
-9.722182
-4.304917
-1.919207
3.193940
5.931535
-0.664291
4.619647
4.285301
-6.991737
-2.510478
0.723808
3.638479
5.816707
8.872215
14.194316
-11.955638
-10.326759
-3.542567
-4.916892
-3.599031
-8.687956
-4.247785
-1.666018
3.588722
5.089315
0.161529
4.857875
4.424247
-5.692716
-1.980455
1.416932
4.043586
6.385684
8.959063
12.214584
-11.533754
-7.548161
-2.489547
-3.352179
-3.302213
-8.096577
-5.698545
-2.923479
3.258175
5.814354
3.011224
2.289088
2.612268
-5.485902
-3.320640
0.561801
2.956175
6.103287
8.498024
15.380308
-12.756464
-9.279019
-3.706361
-3.746678
-2.388427
-8.320602
-3.554583
-0.828926
3.163004
4.391315
0.432693
4.317498
4.388882
-2.073751
-0.401580
3.206291
4.468909
7.502928
9.911263
9.895524
-11.275595
-6.932707
-3.597895
-2.998624
-1.745381
-5.063654
-6.523307
-3.980108
3.572341
6.398011
5.633720
3.706982
3.153046
6.612429
-5.324303
0.299023
3.535734
6.057814
8.944793
7.515568
-12.756291
-4.923427
-1.325844
-2.719127
-4.507827
-7.711866
-6.092153
-5.483728
0.657655
1.780756
4.435715
7.630277
7.385934
14.271850
-2.242440
2.760480
5.039997
6.736833
8.868915
-14.982676
-5.436646
-2.426525
0.720872
-0.095491
-7.772105
-6.209191
-6.137260
-4.582198
0.243525
-0.273251
7.666620
6.739801
4.041870
-2.072493
-0.494375
3.939889
5.219175
7.537445
10.319672
-0.114724
-11.417624
-1.991418
0.712141
0.140521
-3.744951
-4.407985
-6.815357
-7.897712
-0.181767
-0.398013
5.776565
6.153274
6.050499
16.563452
-1.794748
3.080690
4.737921
6.751529
9.029767
-19.565676
-6.389066
0.594399
2.070758
1.782787
-7.872982
-4.152198
-9.158833
-7.943824
-0.167266
-1.186955
8.358782
7.602296
5.942107
0.408799
1.390390
5.495443
6.420695
7.735195
10.221313
-17.453705
-9.383467
-1.520337
2.582576
5.645670
-3.191076
-1.909274
-8.460745
-7.236781
-2.178770
-2.611793
7.010927
7.315200
6.414274
-3.291656
-1.689004
3.026392
4.061567
5.407736
7.536213
-15.921945
-7.963565
-1.801745
1.711321
4.229167
-5.290957
-4.678298
-9.458637
-4.846760
1.582178
-0.457644
5.915630
5.590930
3.813956
-0.461166
0.286884
4.161931
4.919712
7.074055
10.029412
-6.177226
-11.378744
-2.530654
2.267498
3.384769
-3.655636
-1.028172
-7.785377
-6.477491
1.824232
2.274351
4.913026
5.664174
5.920627
-9.889940
-6.971192
1.265644
2.567876
4.623651
8.260102
-7.317098
-10.137807
-2.683000
-0.271030
-0.842624
-5.202548
-6.508580
-8.427200
-5.571211
2.326112
5.456083
5.861385
5.256501
4.492211
-0.711164
0.288925
4.404864
5.355140
6.604172
9.389052
-3.356839
-12.010880
-1.907367
1.417027
2.066302
-4.704285
-2.468280
-8.094362
-7.436651
0.034488
0.443602
5.287179
6.169558
6.304196
-5.364573
-3.460006
2.197510
3.952859
5.734200
9.290096
-7.591821
-10.234051
-1.995344
2.206735
0.792283
-5.794212
-4.100553
-8.918912
-6.867139
2.037740
3.224571
4.759478
5.467628
6.205902
-2.718038
-1.161379
3.106543
4.752165
6.940207
9.838794
-1.286242
-12.555801
-1.411437
1.436856
0.467734
-4.237826
-2.307803
-7.978616
-7.793392
1.024295
2.720934
2.560031
3.347296
6.008130
-5.742197
-3.353094
1.495912
2.887377
5.890652
8.817755
0.080830
-12.912027
-4.509294
-1.760218
-1.873389
-3.698303
-4.903536
-5.638058
-4.375322
2.408228
5.378128
5.715704
6.682094
5.484826
-2.250584
-0.731685
3.998554
5.796916
6.933090
9.526547
-19.361795
-7.139042
0.744679
3.367781
-0.440374
-6.186131
-4.201664
-8.404010
-5.153248
1.466028
2.514763
6.387944
5.256492
6.594542
-2.001880
-0.941996
2.954455
4.492467
6.819085
9.426011
6.405684
-14.852045
-3.571890
-1.386954
-0.592702
-4.497699
-2.674251
-7.003897
-5.948367
1.442329
2.153151
6.819215
6.659129
5.397047
-3.560121
-2.096270
2.645759
4.347927
5.452181
8.165817
-3.552381
-12.727755
-2.919877
0.968785
1.307701
-5.435539
-5.885541
-8.939618
-7.275255
1.042016
1.780513
7.098526
6.665714
5.172370
-1.142030
-0.486497
2.901665
4.532581
7.272320
9.550136
-14.957440
-9.330897
-0.550900
3.352196
4.342432
-2.675305
-2.616749
-7.908175
-5.903264
1.016553
1.884149
5.948694
6.816039
5.684323
-4.667930
-2.861486
1.450570
2.989550
5.889919
8.810671
-1.648399
-12.124578
-2.162104
2.660335
2.059177
-4.647813
-4.630949
-9.642869
-7.811112
2.922487
2.930265
3.980793
4.844655
6.482251
-3.833585
-1.965879
2.803324
4.066740
6.779889
9.724868
-2.601427
-12.825709
-2.324631
0.670658
0.018747
-4.510112
-3.478022
-8.267432
-6.179540
3.370326
3.567547
4.007111
4.541979
7.714395
-4.021248
-0.277709
2.030001
4.739758
7.005805
5.999061
-7.184394
-13.570944
-3.935989
-3.393209
-1.813286
-5.159458
-3.596764
-7.427302
-4.643727
2.990338
3.056259
6.060535
5.995425
5.595367
-2.357147
-1.423672
2.781566
5.395761
7.220440
-8.299396
-12.628231
-10.463535
-0.648548
3.419012
2.608154
-3.515687
-1.127096
-8.679217
-6.509694
-1.104059
4.165128
6.248065
5.642336
6.699413
-4.648031
-1.372756
1.178726
3.990277
6.367009
5.178596
-8.587158
-12.855027
-3.374806
-1.731640
0.192105
-5.460539
-4.068078
-8.443529
-5.938200
2.816075
3.928390
6.276676
6.325002
7.138897
-3.291269
-4.138899
2.156027
4.026523
6.793324
2.681718
-10.516409
-11.313927
0.898915
2.786960
-0.042514
-3.061336
-3.503429
-9.964283
-8.269842
-2.795472
2.954520
3.644142
3.936538
-7.707505
-1.088550
1.491347
3.650659
6.350540
8.654391
-0.427854
-13.545551
-11.726356
-3.217775
-1.829400
-0.312687
-5.597963
-0.514437
-2.287334
-5.267487
-2.162767
3.376598
6.737020
7.513421
3.965285
12.459538
0.541891
4.375196
6.527293
8.938229
-19.162260
-17.427256
-9.612434
-3.913150
-1.499744
-3.511809
-6.188138
-1.646225
-5.332465
-5.369367
-4.246343
1.486395
6.560116
5.851123
-5.006828
1.426241
3.578978
4.844549
6.927026
9.523154
5.804834
-4.538185
-11.944324
-5.781426
-7.914700
-5.431813
-4.226954
-2.964092
-6.900729
-6.349539
-4.419955
0.968022
8.738312
7.068986
5.708383
19.821369
3.954404
7.327020
9.823426
12.929446
-20.146183
-20.062176
-12.420501
1.371386
4.972466
1.532078
-7.288609
-6.101665
-11.204926
-11.487169
-9.839999
2.215951
10.270097
8.661349
8.287155
-5.324847
-3.179905
2.625681
4.943182
7.680061
3.423318
-10.301604
-11.902199
-1.869085
-0.507019
1.655678
-3.944269
-6.607136
-10.030292
-8.075361
-0.386606
3.474571
6.452963
5.618759
6.865111
-1.979021
-4.137913
2.473816
5.195524
8.011415
2.158148
-10.780040
-11.717777
-2.124156
-3.200217
3.190944
-3.323903
-5.219951
-9.759809
-7.165696
0.099376
2.399770
6.572035
7.000108
4.840428
-5.503815
4.333700
1.438591
3.442459
7.130123
-6.688868
-12.539976
-11.386871
-4.767357
-0.989392
4.172397
-3.150860
-5.765871
-9.198101
-4.510199
-0.132694
1.054342
5.778937
6.209084
6.684247
-2.981256
-3.364064
2.391970
4.549692
7.648655
4.939102
-8.543238
-11.246240
-0.790446
-2.174601
1.620566
-4.798604
-7.668539
-9.977115
-7.395129
0.509376
2.512981
6.930033
5.836636
7.624041
-1.633632
-1.613829
3.373356
5.677620
8.779789
-9.654759
-11.101832
-9.967671
-0.327502
-0.808232
4.761980
-2.557862
-6.027759
-8.984809
-8.872217
-2.952145
1.767132
8.372919
7.888891
6.081808
-2.872091
-2.665055
2.663779
4.596648
8.349399
-9.072626
-13.994581
-9.796334
-2.338414
3.084595
5.548489
-3.418846
-7.949492
-9.872092
-9.293451
-2.503902
3.601273
7.097944
6.095656
8.266234
-1.815867
-4.420888
3.248934
5.735575
8.846583
4.267115
-11.302909
-11.649467
-3.157538
-4.431268
2.680937
-3.829221
-6.891173
-8.846678
-7.307377
-2.259092
3.074830
7.490696
7.316672
6.986931
-3.824653
-2.677883
3.258393
5.584403
9.207087
-11.075777
-12.454830
-8.982666
0.207405
1.717946
5.100540
-1.771845
-7.201880
-9.139233
-8.614242
-3.866350
1.976085
8.553352
7.144549
7.408584
-2.482429
8.075790
3.922508
6.170288
9.542068
-14.021338
-13.278897
-10.454146
1.017317
1.717144
4.544338
-2.567745
-9.649432
-11.364099
-10.214520
-3.133671
2.668619
7.554840
6.352417
-1.386884
0.865732
0.917259
4.682214
7.672162
10.377214
-13.657567
-18.439373
-11.382245
-3.169788
5.217393
5.235648
-2.964602
-8.500630
-10.605104
-10.443625
-3.898926
6.521953
7.326234
7.094528
8.020294
-2.840516
-4.392078
2.995553
5.022843
8.963214
-2.730286
-16.342308
-8.786858
-0.792988
1.580438
3.878903
-8.173077
-8.286955
-8.955093
-7.799756
-2.442742
5.475141
9.083849
7.833064
9.209851
-4.503787
-0.322371
3.586786
5.739805
8.841819
-1.072254
-13.422152
-8.052482
-0.310742
2.971533
2.268871
-7.061418
-9.379979
-8.708330
-5.965272
-1.990512
3.861325
10.064178
5.374526
-3.579542
1.489795
3.871902
6.220938
8.981464
11.861689
-17.451017
-14.481168
-8.810857
1.888477
5.582435
5.798572
-2.391196
-8.307629
-11.517060
-14.244945
-4.782489
5.774863
8.194793
7.093505
8.384070
-3.776211
1.489643
3.523873
6.274352
9.964224
0.680253
-16.350338
-10.285568
-3.598751
-2.572239
0.381284
-9.897643
-9.385150
-8.601442
-6.041717
-0.942581
5.898476
8.224764
5.927655
-2.090159
2.307199
3.912186
6.440907
8.910166
12.561156
-11.995529
-16.206360
-8.750293
2.777417
6.352247
6.729598
-0.679341
-5.152882
-10.768085
-14.353183
-4.846286
6.146291
5.303937
6.092409
6.732237
20.063442
0.443524
4.104954
7.045205
10.101813
-18.176878
-19.045744
-13.318089
-0.006147
2.897314
-1.027682
-13.890720
-10.117677
-11.393909
-10.260163
-0.852416
8.311698
10.932889
8.659413
-4.385468
0.471626
3.344681
6.075161
8.252764
11.840853
0.172231
-17.718796
-8.506444
2.782950
2.848851
-1.364667
-9.206944
-8.664230
-9.496737
-7.558116
-0.701222
7.088326
7.809355
6.565990
-8.556535
-0.447172
1.885923
4.788267
7.168967
9.941216
1.592335
-14.592020
-9.202459
-2.497689
3.561973
4.184904
-4.895605
-8.915251
-10.468178
-12.502555
-3.733023
7.310873
10.192985
6.779849
8.124712
2.447611
0.650104
4.098527
7.261513
10.398023
-17.272743
-15.450717
-8.306545
-3.513441
3.040911
1.361232
-12.358206
-10.514270
-10.914576
-10.957798
-1.517669
8.894270
9.360864
7.684394
-3.678346
1.135008
3.821906
6.610413
9.023885
13.471224
-8.692151
-18.919544
-12.407056
-0.198445
4.587987
3.815682
-6.240655
-8.655478
-10.740356
-12.674077
-3.786575
8.606940
8.828375
8.683155
8.817126
-2.515676
-3.572285
3.679667
6.269727
9.909290
-3.695332
-15.947219
-11.580399
-2.107371
1.893497
3.885840
-7.962017
-10.089063
-11.062187
-11.078755
-2.767743
7.066652
8.255135
8.150073
10.567596
-2.507438
-2.334816
3.366164
6.036909
9.372084
3.517927
-9.144920
-11.127358
-3.302037
-3.393511
-0.694861
-7.565536
-11.263097
-9.909254
-6.178845
0.084410
4.196132
6.240571
6.672400
-4.191753
3.035582
4.392111
7.535396
10.909883
14.435884
-20.118797
-20.022331
-15.174384
1.121265
6.200439
4.251212
-4.583031
-6.784827
-12.843231
-16.129370
-10.307999
4.484493
7.594503
6.146131
5.071868
19.932543
2.568683
3.176283
5.712336
8.953193
-17.817490
-16.176481
-8.298555
1.075973
0.373384
-8.585994
-14.423860
-11.717023
-10.427898
-8.826487
0.917716
7.631152
10.013036
-8.493333
0.729057
4.478498
4.844625
8.089846
10.849572
18.845905
2.950250
-12.649495
-9.399498
-2.432383
-3.186489
-4.353263
-7.756527
-8.992188
-10.208452
-11.928052
-1.231615
9.466681
9.942386
7.699270
6.391465
19.891834
0.813721
4.169298
7.491561
11.466960
-11.898627
-18.690325
-8.201569
1.181932
1.373021
-5.089157
-12.977402
-12.926941
-10.907639
-11.170051
-1.269708
9.603775
6.744726
8.290002
-3.383567
2.549607
4.890978
8.210881
9.862311
15.381043
19.335747
-10.846306
-11.384961
-5.654639
-3.424455
-1.130489
-6.372476
-9.817684
-10.348354
-13.412025
-4.862946
8.346158
10.815532
8.093021
6.731784
19.506628
-1.334743
5.092898
7.732551
11.328491
18.473757
-14.170166
-11.840900
-1.819438
-3.530732
-5.078292
-12.371311
-13.806931
-11.068456
-12.140165
-4.150550
10.487323
6.780045
9.424048
-5.824736
3.664710
4.566616
8.778500
11.174115
15.154625
19.272383
-17.551510
-13.383314
-2.467481
0.535420
-2.991579
-7.254194
-9.599668
-10.329599
-13.275455
-5.419531
6.879157
9.762264
7.076990
5.844184
19.636694
-1.751388
5.424759
8.207565
11.126974
-0.002289
-19.060009
-14.315078
-2.861590
1.701702
-6.637348
-11.906257
-13.084848
-11.680016
-12.835630
-6.407231
10.443815
7.534529
7.448100
-5.702551
3.285990
4.067839
7.686038
9.319694
14.295205
19.340687
-1.501649
-11.985044
-5.589918
-6.653902
-5.451357
-6.429871
-10.759533
-11.016564
-13.877351
-3.704689
11.755294
11.899222
10.252839
7.655174
-1.398338
1.005106
6.372186
9.765989
14.405485
19.211897
-15.512207
-9.965390
-3.160294
-6.421592
-11.579863
-14.017199
-14.448994
-10.912710
-9.498257
-0.682410
8.383018
4.676040
12.912041
-3.468015
3.631982
4.645363
8.626740
10.767344
18.893343
19.910164
-14.036222
-7.236781
-3.997591
-3.181565
-5.737960
-11.778771
-13.271087
-10.281386
-10.616283
-3.596239
11.195743
9.584764
12.270103
11.825469
1.451464
2.901905
7.449790
10.244688
15.287456
19.513689
-3.264594
-12.788902
-7.918343
-7.699739
-8.883820
-10.026988
-13.143097
-10.142814
-10.849398
-2.820622
10.241236
7.302366
14.140307
6.986373
0.407713
3.091563
7.780058
10.065292
15.551788
19.446617
-7.402561
-10.777254
-4.987803
-5.251602
-8.697613
-14.604340
-15.710931
-10.957351
-11.182968
-3.697224
11.212567
6.592340
12.972182
12.544954
2.790416
4.513513
8.845845
11.127567
18.837084
19.750151
-4.950856
-12.810646
-7.108757
-5.826077
-6.963429
-12.417923
-15.740108
-11.862831
-12.783231
-3.704351
10.733150
8.402568
14.938054
7.301783
-0.376377
2.511605
7.465555
10.122150
16.017107
19.463728
-6.989127
-8.351471
-6.656254
-5.825774
-13.399420
-18.120350
-17.817686
-11.452667
-8.842157
-1.138980
9.254488
6.393433
15.009314
-1.127497
4.659097
6.201247
9.932918
11.743886
19.171349
19.913185
-7.588142
-12.236753
-5.774565
-4.373572
-12.064538
-15.178460
-14.227817
-10.801922
-11.400230
-7.521921
9.425324
18.847620
19.753965
8.924599
0.330894
3.460349
8.741750
11.366952
17.916203
17.531185
-16.846216
-9.212111
-7.006420
-5.854055
-15.628331
-18.335657
-17.055161
-13.431098
-9.465090
0.957183
7.895778
11.699353
18.913166
-1.423357
4.368482
5.391473
8.916457
10.875079
17.169165
19.897278
-6.134059
-13.947181
-7.511217
-3.940706
-10.044555
-13.783197
-14.598471
-10.430877
-11.976396
-8.696559
13.276431
18.839785
19.936567
8.519835
0.978589
3.380628
8.553452
10.933194
15.817418
19.105740
-17.948801
-10.793378
-7.333079
-6.854880
-16.825275
-18.232603
-17.431616
-13.783317
-9.145352
3.896783
9.235422
10.686803
17.143278
-0.928244
4.292650
5.758248
9.377271
10.812509
15.485135
19.951294
-5.724164
-14.612715
-7.154876
-3.632202
-9.409751
-15.331545
-13.862598
-9.008862
-10.185073
-3.800287
9.438025
18.547249
19.938087
7.073430
0.860014
3.547002
8.176465
11.206440
14.420366
19.395170
-18.917095
-12.253617
-7.029675
-5.900861
-14.759258
-18.415255
-17.361528
-13.310050
-9.027963
2.269067
8.820801
10.844690
17.805111
-2.465341
3.231263
4.828086
7.839019
10.541664
14.747946
19.774666
-3.794458
-15.228271
-9.741933
-3.936315
-3.308344
-10.066647
-13.190422
-9.799261
-11.217323
-7.041264
12.769741
17.654396
19.339546
6.418259
1.556476
4.234719
8.716324
11.931338
15.633658
6.306526
-18.940477
-8.399847
-6.385294
-5.046530
-12.103406
-18.358364
-17.019768
-14.067205
-11.360996
-3.720176
8.106406
13.100306
17.247219
7.853617
1.329322
4.036017
7.526978
10.392482
15.153025
19.653883
-6.786805
-11.210835
-6.693926
-5.262156
-8.427709
-13.969329
-17.781221
-12.399390
-11.362384
-4.322260
11.823653
11.101555
13.001977
7.967644
0.859380
3.661508
7.628563
10.594155
14.072221
19.745729
-8.848388
-11.759037
-6.474267
-5.625910
-10.160960
-17.802721
-17.748028
-12.557786
-9.840882
-1.831565
9.935769
8.473663
12.559505
-4.646429
2.485848
4.551822
7.927529
10.961651
13.810193
19.690285
-6.531135
-15.652454
-6.831391
-2.215262
-4.033010
-11.520220
-17.057938
-11.041372
-10.782630
-5.884523
10.219452
12.048844
18.954573
7.851182
-2.942704
2.058667
5.829280
9.045747
12.329207
19.050339
-10.451205
-12.570955
-5.670162
-4.881592
-6.918970
-17.447674
-17.967422
-13.941467
-12.321025
-4.350540
8.065862
11.245538
18.788210
6.972241
-0.840303
2.545932
5.907914
9.222455
12.286079
19.139206
-13.670516
-11.618518
-5.232865
-3.740967
-2.086042
-14.374212
-16.000179
-12.998666
-12.237886
-7.197687
8.363633
12.420537
17.445732
7.322425
-5.202712
0.269275
3.266106
6.603347
9.952502
17.572847
-3.667733
-12.348884
-5.854794
-2.664976
-2.575266
-12.375630
-16.853088
-11.271798
-10.840306
-7.667142
9.463771
11.106450
14.183724
7.780958
-4.429576
1.211289
4.900090
8.418410
11.602370
18.888105
-11.894156
-10.302484
-5.579942
-4.643211
-2.617436
-16.612379
-18.257402
-15.194908
-12.865605
-7.527157
9.179923
9.772750
9.618272
9.077904
-2.424686
2.033067
5.429105
8.068027
11.186504
19.416353
1.550755
-12.489341
-9.395054
-4.212415
-5.777498
-12.255578
-17.868526
-10.198329
-8.089962
-5.916363
11.043272
9.550732
15.720697
3.584980
-1.360581
3.244323
6.766154
10.257174
13.590164
19.528261
-10.119826
-12.779470
-6.144263
-5.212701
-5.470953
-17.470928
-18.273666
-14.772281
-12.109413
-5.453493
8.729564
12.069304
17.389362
6.970999
-3.527217
1.017435
4.410164
7.873814
11.429980
18.702169
-5.380384
-13.484566
-5.355860
-3.399549
-1.784484
-13.979466
-18.245369
-13.964018
-11.980760
-4.818983
8.480316
10.578752
8.814624
8.585512
-4.061859
1.923846
1.108906
8.802716
11.528710
19.061676
-2.116965
-12.659871
-5.989676
-5.120832
-2.645464
-10.086708
-15.707363
-14.366044
-11.199673
-6.820392
8.970458
8.999389
9.427030
11.932137
-0.957533
4.077714
3.041621
9.578144
12.748574
19.140442
0.059301
-13.892579
-8.858788
-6.566332
-4.220480
-7.322010
-13.199024
-12.834687
-11.612667
-11.532814
6.725113
12.323313
17.525290
7.642348
14.464427
1.242582
-0.349315
8.496513
11.854647
19.051970
-12.498551
-13.674644
-7.652913
-5.645468
-3.766833
-12.160828
-18.337336
-17.062700
-14.077488
-10.634108
6.931007
10.481652
11.296227
10.522411
-2.210041
3.344795
3.769315
9.219419
12.274917
19.332220
-3.844562
-13.324717
-6.643430
-5.781335
-3.443347
-10.768465
-17.203583
-15.570786
-12.334583
-7.347280
9.694642
10.009142
10.895335
9.710494
-1.735831
3.743720
4.163804
9.792933
12.808133
19.448511
-5.936428
-14.126251
-6.676572
-5.444188
-3.146591
-8.878696
-16.329762
-16.242533
-12.846460
-8.545512
9.388183
10.744144
11.204476
9.071263
-3.017696
2.960248
3.898390
9.098901
11.860251
19.009283
-2.836767
-13.700059
-6.724557
-5.468346
-2.575798
-7.008703
-15.231900
-15.886208
-12.801203
-10.935844
8.152807
11.100986
14.217871
7.704697
-2.651864
3.101969
3.473740
9.337372
12.604668
17.488506
-11.654032
-15.658218
-9.262189
-3.183129
-1.509373
-7.582989
-17.624475
-15.848665
-12.852908
-10.107060
6.943635
11.080039
7.923971
7.432331
-4.836362
2.752480
3.944341
8.896740
11.596784
17.221569
20.062740
-16.673101
-9.626012
-5.173649
-3.505986
-11.118591
-15.654788
-14.357432
-10.449041
-6.642167
9.424476
8.581024
6.976006
1.132233
0.052554
5.241639
6.456839
11.719807
14.605221
17.961609
20.063395
-17.704130
-12.791094
-2.852591
-0.626837
-5.987571
-12.410036
-15.832326
-13.681416
-12.675215
2.133148
13.756470
18.265547
8.991548
7.345041
0.593618
2.165245
7.728297
10.826953
19.162823
20.060621
-15.516328
-8.150621
-7.094808
-5.338089
-11.970545
-18.077171
-18.040867
-14.992761
-11.959679
7.932271
9.068162
8.559074
-7.943796
-1.345476
4.404743
5.670567
10.164588
12.513515
15.639846
20.063187
-15.116301
-10.610536
-4.369904
-2.350090
-13.062234
-15.571913
-14.921478
-11.621526
-8.120422
9.688933
11.541064
18.518764
19.715357
0.213015
5.655985
6.593235
12.095207
15.022202
18.292767
-0.005908
-18.777542
-11.234541
-5.099678
-3.598271
-12.000338
-18.474089
-16.847895
-13.420898
-12.589832
3.449181
12.607226
18.602182
20.062727
-0.440629
4.585320
5.336066
10.705105
13.659931
19.641119
20.063038
-17.785204
-8.100422
-5.786519
-3.978363
-10.241197
-15.685825
-17.177578
-13.447598
-12.573808
3.131314
13.362907
19.086973
19.213041
-0.952287
4.360525
4.772178
9.789221
13.632069
19.465374
-0.004323
-18.312374
-9.034405
-4.560048
-2.731915
-6.562829
-12.669016
-18.186539
-14.519380
-13.313234
-7.570688
15.581976
19.207777
11.163961
10.209386
0.347008
1.516919
6.672753
10.080571
16.810719
19.893454
-8.937862
-9.537833
-8.180223
-6.433079
-13.700347
-18.066006
-18.035473
-14.931394
-13.760416
3.056372
11.463058
18.327339
20.060501
0.404162
5.560380
6.707643
11.772797
14.775335
18.194988
-0.001675
-18.317934
-10.483969
-5.269388
-3.502231
-7.914919
-14.565988
-18.104498
-14.449080
-13.398252
-2.977862
13.795109
19.264000
18.120916
-1.907737
3.942296
4.502744
8.713172
12.348309
18.882839
20.061592
-17.084291
-8.539135
-6.888450
-4.931684
-5.852859
-13.198187
-18.498129
-15.073019
-13.959225
-4.718272
13.894005
18.880135
19.574385
-1.969336
4.951630
6.006574
10.607577
14.657542
19.086073
-0.000294
-18.113171
-10.060440
-4.477865
-2.706661
-3.377277
-13.591673
-18.793041
-15.467416
-14.163787
-11.107855
15.099541
18.611925
20.064095
-2.716897
4.422580
4.818118
9.028307
12.975661
18.899202
-0.000680
-13.651505
-8.701121
-7.235079
-4.894958
-5.567497
-13.217628
-18.476833
-15.407446
-14.315456
-9.568702
14.521663
19.131447
20.065083
0.306896
2.598347
4.247475
9.156927
12.240444
18.987179
0.006876
-12.340864
-9.993139
-8.958649
-6.961960
-9.748309
-17.792110
-18.356834
-14.944474
-13.782929
-1.576537
12.040462
18.870855
18.118767
0.165907
5.273191
6.403231
11.079674
14.352416
17.630068
19.993523
-18.290743
-11.129462
-5.028185
-3.512019
-5.784369
-14.136315
-18.582653
-14.767351
-13.549686
-6.876789
14.352534
18.480255
17.045006
-0.787242
4.943656
5.475689
9.793303
13.766016
19.371414
-0.001666
-18.813730
-9.641768
-8.013006
-5.602627
-5.223467
-14.156601
-18.388716
-14.780003
-13.641259
-8.899884
14.526489
19.070766
18.426134
-2.839645
1.390200
3.900043
8.040008
11.560583
18.462423
20.062088
-10.491469
-11.458149
-9.846346
-7.957178
-11.007725
-18.042318
-18.145168
-15.108068
-13.991150
4.972743
9.199436
18.684145
-4.383861
1.866184
6.419483
8.040777
13.142370
18.493366
20.066393
-0.000731
-18.001057
-10.766355
-7.118315
-4.850812
-3.434156
-13.865209
-18.543533
-14.956234
-13.545959
-9.912643
14.830319
18.628105
17.182247
-1.829362
1.862584
4.133808
8.031995
11.610809
17.950628
20.062241
-10.039007
-11.037140
-9.925288
-8.010889
-10.542920
-18.052608
-18.217287
-14.631897
-13.277852
6.184578
7.752731
9.084215
-7.528240
-0.604124
5.085101
7.137511
11.672002
13.869562
17.128237
20.062986
-13.488970
-13.993492
-6.438669
-4.647994
-7.787266
-13.914339
-17.642160
-13.196760
-12.146526
-3.467977
13.881330
19.466494
17.482302
-3.135480
4.088382
6.362875
10.372533
13.470229
20.068045
20.066608
-12.279746
-13.899950
-9.895244
-7.912023
-11.289088
-16.843107
-18.139788
-14.300844
-11.619747
10.118457
6.967106
2.785201
-6.203590
1.348553
6.930134
8.362726
13.394346
16.091389
19.835356
20.063622
-19.315916
-15.186255
-6.089569
-4.510945
-5.168828
-15.644368
-18.105656
-13.733874
-12.336881
-8.280955
15.544576
19.154936
17.046131
6.057029
3.281857
5.444094
9.414909
13.027647
19.116127
0.007807
-13.725274
-11.187854
-10.052562
-8.322769
-9.289410
-18.099783
-18.187071
-14.905219
-13.277768
1.487713
8.409318
6.676926
8.882219
-0.686604
4.897336
7.363674
11.197421
13.378015
16.041216
20.060221
-16.448051
-17.877735
-6.235501
-4.843930
-4.872884
-12.814661
-17.618387
-14.260303
-12.718967
-3.785700
13.412369
13.498224
17.711885
-0.315639
5.559756
7.693201
13.459023
20.067116
20.067909
-0.000361
-11.938482
-14.867624
-10.368445
-8.287318
-5.246357
-15.026129
-18.158194
-16.201294
-14.378070
-8.802253
12.063205
18.264204
17.626038
-0.882779
4.973831
7.188640
12.283399
17.185080
20.060675
20.065985
-12.486306
-14.312212
-10.058762
-8.381740
-5.408085
-16.253695
-18.005159
-15.821980
-14.049514
-6.921547
10.719178
8.473292
18.067049
-2.414347
3.218126
6.229994
9.849961
12.633217
15.315168
19.996176
-7.933792
-16.162415
-7.401416
-6.082382
-8.417193
-14.711281
-17.752224
-13.828500
-12.140907
2.156877
11.142301
9.474937
18.215649
0.541580
5.766171
7.988379
11.829457
14.575548
18.289761
20.063148
-19.852518
-17.993942
-6.075313
-4.862962
-4.549523
-14.654437
-18.432499
-14.593431
-12.500648
-8.885605
14.291192
11.694980
17.531719
-7.231503
3.290110
5.201973
8.102485
12.354985
19.502739
20.061777
-12.197176
-15.428506
-9.174050
-7.499294
-5.651830
-13.837340
-18.256088
-15.893712
-13.752407
-2.480405
10.557737
7.450086
17.921770
-1.264280
4.610061
7.033309
9.553920
13.543689
16.613007
20.060526
-19.359652
-17.906084
-6.289064
-4.757033
-4.458585
-14.242176
-18.483299
-14.907392
-12.709903
-8.914559
13.916187
11.552876
17.404303
-4.894922
4.447412
7.426049
14.045753
16.126976
20.068821
-0.000381
-13.705876
-14.320831
-10.519755
-8.632831
-5.581713
-11.988214
-18.243034
-17.227610
-14.913481
-10.300611
10.127479
7.377973
17.730892
-3.442768
2.720146
6.261556
8.264124
12.356739
15.432051
19.779644
-6.905957
-15.970436
-8.270267
-6.768524
-4.595060
-15.460429
-18.306435
-14.945409
-12.558558
-6.035138
11.925953
10.269492
17.673828
-0.991457
5.127279
7.991201
13.832781
14.855727
20.060686
20.061457
-18.543333
-17.582232
-8.581335
-6.858667
-4.216430
-13.585167
-18.342676
-15.935747
-13.308115
-8.402102
11.763350
9.279154
17.556921
-2.675354
3.730004
6.883965
9.550592
12.949895
16.816158
19.973345
-14.305729
-16.833874
-9.124389
-7.691368
-4.982049
-15.291052
-18.297485
-15.841144
-13.192166
-7.347270
11.335157
9.351138
17.591169
-2.052946
4.213428
7.344902
10.478744
13.125819
16.837980
20.060345
-17.610882
-18.858561
-8.234040
-6.242452
-5.668902
-14.834076
-18.414415
-15.444355
-12.734635
-4.958204
12.131803
10.159414
17.214712
-1.982871
4.589885
7.571399
13.330923
14.010385
17.780233
20.061422
-20.062077
-17.169170
-8.363577
-7.069646
-4.579110
-15.787966
-18.070890
-15.764320
-13.114298
-9.766829
11.466514
9.049502
17.443195
-1.018616
0.593484
5.059346
9.846935
10.938029
13.766991
20.060955
-0.707638
-15.656586
-11.339437
-9.448050
-10.124500
-16.551556
-17.843393
-13.656930
-10.293355
8.423169
6.628764
9.753499
-6.968005
2.160038
7.528335
10.858194
12.453666
20.063574
20.067480
20.068869
0.002429
-14.537162
-11.162049
-8.623952
-5.575851
-10.881686
-18.348562
-16.118361
-13.164749
-12.608348
13.092052
14.404634
16.780233
-5.085454
1.303157
5.967715
7.592626
11.952734
14.778192
19.533392
20.079966
-12.610179
-14.721066
-11.143300
-12.819815
-17.781776
-17.047760
-12.160031
-8.018182
0.827985
5.963169
15.520503
-3.825410
3.444907
8.452354
11.216180
12.792660
16.987186
19.110550
20.187534
-0.001357
-19.461575
-12.905923
-6.522907
-5.578329
-15.576073
-18.193607
-14.732517
-11.659207
-10.220832
9.199228
11.333004
19.315952
-6.777886
-1.433903
4.077657
5.684211
10.700127
13.307715
16.732155
19.847242
-3.692101
-13.181046
-11.296357
-11.331979
-17.409866
-16.800827
-12.159427
-9.580276
-1.816644
8.000235
6.955398
18.452446
0.850266
6.740403
9.595045
10.916606
20.066183
20.072250
20.068041
-0.001624
-10.850439
-14.840716
-11.271304
-8.491406
-13.184935
-18.072622
-16.930428
-13.105231
-10.292919
10.159629
10.091795
18.942705
-2.588870
1.891523
7.273792
8.562221
12.842495
15.405600
20.076733
20.077469
-8.274238
-14.624060
-10.663526
-13.930695
-18.367630
-17.715446
-12.563546
-8.933795
-0.395114
8.382753
8.928929
-3.615188
2.239920
7.271707
10.572887
11.939597
19.971546
20.066080
20.064098
-0.000713
-18.596189
-10.060728
-8.428489
-5.492309
-11.028419
-18.140135
-16.442522
-12.819133
-11.321158
10.230526
11.196266
18.753819
-6.104459
-0.132561
5.579645
7.459176
11.776249
14.590037
17.916410
20.076632
-9.242790
-16.578104
-11.767997
-15.214657
-18.364031
-17.935499
-12.937737
-8.832438
-2.480968
6.868433
9.630099
-6.864227
1.483375
7.127914
10.549735
12.322128
16.160507
18.652351
20.063692
20.066917
-19.285204
-13.709733
-7.016981
-4.454870
-14.824884
-18.158701
-15.562176
-11.960058
-9.105455
5.254130
11.365003
18.743731
-5.134691
-1.534895
4.231462
6.162925
11.081279
14.194756
19.155891
20.075544
-5.965087
-14.814310
-12.448280
-10.421622
-17.289461
-17.422005
-14.319978
-11.157751
-4.963073
6.658748
5.266865
-8.279919
-0.892961
5.240740
9.243318
10.932569
17.388563
20.073977
20.066013
20.072897
-12.605412
-17.577414
-8.298452
-6.199240
-12.925836
-17.396547
-16.951220
-13.246346
-10.268732
8.528370
9.291446
17.950974
-5.782138
1.119493
6.870661
8.439944
13.137308
15.682631
20.065329
20.078846
-6.990156
-17.204266
-12.375922
-9.101322
-17.137016
-17.411942
-14.967212
-11.694458
-5.239034
7.731514
7.651545
18.405735
1.105763
6.820040
9.935634
11.768790
20.065331
20.071556
20.066031
-0.000344
-11.946357
-14.870829
-9.994749
-7.301784
-9.476409
-18.120525
-17.789335
-13.857567
-10.867096
5.486232
8.846455
18.725739
-7.267308
-0.359926
5.661731
7.455663
11.733893
14.428238
17.794292
19.938208
-5.170903
-13.767047
-11.716979
-11.652672
-17.982962
-18.053179
-14.111800
-10.376639
-1.132951
7.760037
5.591050
13.926270
-1.285851
5.221898
9.218586
10.855778
18.248686
20.069769
20.066467
20.075474
-13.169755
-18.129313
-9.992330
-7.925668
-12.028335
-18.343281
-17.390303
-12.944038
-11.347973
9.449066
9.487947
10.244514
6.631456
-1.604551
5.164473
8.107429
12.670621
14.706077
17.668257
19.802725
-6.983893
-17.676723
-14.083600
-13.828899
-18.253065
-18.074425
-14.427246
-10.753455
-3.156158
8.527445
7.279092
17.828148
0.088856
6.620816
9.939915
11.762423
20.064140
20.070776
20.065016
-0.000790
-14.124219
-19.215557
-10.621095
-8.731127
-14.115842
-18.112179
-17.096411
-12.937588
-10.669121
5.489020
9.419012
18.888012
-6.685791
-1.620131
5.304369
7.755525
12.328850
14.614562
17.625416
19.831350
-4.707019
-15.223252
-12.482156
-11.922009
-18.262762
-18.331532
-14.047544
-10.141753
-4.387974
8.519932
5.977404
4.825304
-1.967574
3.678009
7.846873
9.943145
17.803391
20.073357
20.065653
20.076208
-13.063594
-18.242004
-11.194653
-9.686411
-13.142052
-18.101067
-17.836466
-13.979916
-11.039915
4.130387
8.408192
13.626207
3.311329
0.955040
6.365838
8.250569
13.653636
16.253796
20.061241
20.074755
-5.856429
-15.054841
-12.982931
-11.370232
-18.046942
-18.135798
-15.573880
-11.346308
-4.437862
8.834526
6.099340
17.410698
-2.705860
3.514392
8.246345
9.937443
16.127926
20.070807
20.065033
20.178314
-14.428362
-18.215326
-8.527377
-7.226881
-11.386035
-18.448420
-17.980915
-13.909092
-12.767341
6.393674
8.907297
10.625722
3.641575
-1.756697
5.729875
7.751635
12.041510
14.731411
17.842245
19.841301
-8.187671
-18.473623
-14.863585
-12.453402
-18.151741
-18.133940
-15.113184
-10.746256
-4.392118
8.551772
6.874492
17.193602
-0.521790
5.665561
9.487967
12.053349
20.064272
20.066883
20.065039
-0.001218
-15.949660
-19.328501
-9.143261
-7.595625
-8.695664
-18.249596
-18.062105
-13.874210
-12.872714
-2.749708
10.659357
18.271923
18.816078
-3.594124
3.606501
6.432641
11.491777
13.876980
17.099213
20.046822
-5.065272
-16.206017
-13.201249
-8.038814
-15.219299
-17.617887
-16.454042
-12.539158
-11.376204
3.149981
7.319339
3.178508
19.924763
2.516838
7.501047
9.827800
15.946150
20.072340
20.065685
20.148060
-15.056607
-19.584915
-10.960038
-8.926907
-11.523896
-17.944010
-18.074663
-14.417803
-10.855723
0.841105
8.417653
14.053590
-1.428816
-3.275328
4.179896
7.566048
11.792356
14.216937
16.754803
19.934565
-2.180075
-16.450367
-13.232368
-10.768428
-18.158161
-18.199890
-15.092693
-10.835934
-4.210868
9.726905
6.342685
1.528846
7.430234
3.057258
7.897467
10.268888
16.379038
20.070932
20.065697
20.074120
-15.696537
-19.782692
-11.146297
-9.212076
-10.491565
-17.777765
-17.991566
-14.681829
-11.707367
-1.789541
8.580109
13.985224
16.200394
-4.064861
3.432204
6.160919
11.013897
13.387767
16.643816
20.117514
-1.230027
-15.406893
-12.198986
-10.013220
-14.643614
-17.480602
-15.679873
-11.252264
-5.927357
7.382691
6.006896
1.658724
4.018650
2.398364
7.316965
9.724347
14.690123
20.070024
20.066130
20.071669
-12.895298
-19.170828
-9.958989
-8.369377
-8.397064
-17.173347
-18.179558
-14.937874
-12.853591
2.769785
9.252540
18.100735
0.958614
-3.344213
4.028121
7.843983
12.519070
13.843985
17.770247
20.069431
-4.932015
-17.675985
-16.466736
-12.113594
-18.139317
-18.156710
-16.763632
-12.247836
-7.170133
8.965609
5.660583
-0.304467
-4.158596
2.294838
7.409781
10.416861
19.763075
20.062473
20.066513
20.075001
-16.573141
-20.065865
-13.626719
-10.827218
-13.912386
-18.195225
-17.598362
-14.160965
-10.735848
0.569443
7.570916
10.034937
16.524467
-7.458509
2.115949
6.954732
12.917902
13.346849
15.932150
18.699564
6.071973
-11.634179
-13.442092
-11.053243
-18.153139
-18.154028
-15.262535
-10.541099
-6.682607
4.101729
8.207706
3.536146
18.819887
1.518671
6.862229
9.514661
16.384428
20.062891
20.066448
20.072166
-14.822867
-20.070656
-17.247307
-10.711932
-12.724999
-18.219238
-17.664412
-13.788486
-11.626850
-4.248467
7.074861
6.833674
7.101596
-3.851226
3.424737
7.397372
11.849331
14.095058
16.624779
19.797951
2.239486
-15.560641
-11.442953
-9.097908
-13.677893
-18.024511
-16.127481
-11.650950
-9.087222
3.286490
8.951496
4.184971
19.316664
-3.592101
4.971231
8.366228
17.942198
18.420511
20.066319
20.074442
-11.143964
-19.648874
-15.148215
-2.577774
-11.474419
-16.345312
-17.332281
-15.267693
-13.298302
-11.994533
7.097108
5.870626
19.309893
0.200783
6.146589
8.792334
12.025806
16.837627
20.065788
20.064476
-11.068898
-20.062122
-10.332129
-8.613022
-7.450891
-17.193655
-17.880522
-15.636744
-12.777846
-4.782283
10.419605
10.340858
18.820309
-1.571952
3.350389
8.094823
9.693619
14.351863
18.219637
20.067924
20.084641
-8.712598
-15.519630
-5.984048
-14.056649
-17.595150
-17.479322
-14.604119
-12.470890
-2.697687
6.969018
9.085473
19.360056
2.415164
7.342242
10.597127
12.273915
20.065615
20.072142
20.071405
-0.000100
-11.283742
-13.930621
-10.104094
-6.786381
-13.956412
-18.003931
-16.368504
-13.038996
-7.430477
10.719061
10.565742
18.696999
-2.078295
1.777961
7.329760
8.914002
13.291435
15.659354
20.065472
20.080212
-6.997970
-14.777746
-12.454962
-13.638727
-17.792095
-17.658546
-13.996393
-11.016230
0.631391
6.896525
10.485374
-6.038645
2.892180
7.922631
10.886660
12.533133
19.978554
20.068441
20.067482
-0.000019
-11.400030
-13.269566
-10.351247
-7.048387
-13.321005
-17.861900
-16.211926
-12.904329
-7.027903
10.567528
9.609544
19.238430
-6.606965
0.306523
5.464309
7.162088
11.653443
14.421309
18.821795
20.075891
-3.627002
-13.595449
-11.689246
-14.668360
-18.347273
-18.011423
-13.434900
-9.587210
3.817323
6.276545
5.143239
-10.597240
-0.652315
5.478154
9.390728
10.822213
18.504078
20.075281
20.065569
20.075743
-13.316035
-16.984079
-8.535305
-6.434420
-15.397087
-18.085522
-16.281609
-12.585608
-8.341765
10.452506
10.306399
15.501903
5.259053
-1.147090
6.012711
7.539162
12.234093
14.399090
17.893251
19.855965
-4.245413
-15.910772
-11.513755
-14.913312
-18.188049
-17.363546
-12.442653
-10.062119
-0.462292
8.452384
5.252132
18.759146
2.413818
7.445817
10.749022
12.733686
20.066044
20.073862
20.073431
-0.003781
-16.233898
-19.560907
-11.085467
-11.642533
-18.063505
-17.485064
-14.817553
-11.822631
-5.906397
8.322616
7.818850
18.702652
-8.336467
1.257583
6.767019
9.405786
14.166171
15.871881
19.254475
19.892477
-4.373170
-13.225213
-11.835197
-8.527172
-17.521093
-17.326771
-12.616419
-9.653719
-3.366759
9.382064
5.774900
18.901377
-0.724879
5.456380
9.187802
10.567472
19.208910
20.071976
20.235832
0.001094
-15.903239
-16.501379
-10.984230
-10.500698
-18.080490
-17.262115
-16.457367
-12.876177
-7.149668
7.719298
7.444759
13.907647
-5.363592
1.456660
7.336226
9.354751
13.058164
15.265723
17.879885
19.919119
-2.685700
-14.610703
-10.463309
-12.594555
-17.917709
-17.702158
-12.344630
-8.876296
3.045603
10.276909
4.436848
15.375051
-2.642497
5.094355
8.918448
10.781858
20.067648
20.074406
20.072409
-0.004241
-14.311054
-18.953905
-10.991572
-12.001711
-18.177584
-17.531715
-16.077200
-12.688993
-10.874836
7.444987
7.446964
18.613060
-7.154263
1.122810
6.734328
8.924533
13.912842
15.572304
20.061304
20.072096
-1.850405
-12.034419
-10.796659
-9.415746
-18.082508
-18.166466
-13.666991
-10.158425
-2.273687
10.840226
3.602552
18.946806
-2.707499
4.747564
8.549007
9.657741
20.109936
20.070877
20.068142
-0.003047
-11.694425
-16.488289
-11.289293
-9.378428
-16.479744
-18.127182
-17.155624
-13.222070
-9.331721
8.403154
5.480276
1.591154
2.169176
0.366947
6.372830
8.942593
12.906815
14.397574
16.963129
19.863007
-2.604752
-18.017361
-11.422005
-12.968780
-17.955158
-17.996315
-12.315933
-8.085401
0.474064
9.813132
9.465076
18.015404
2.044248
7.613572
10.886962
12.403434
20.065041
20.065725
20.063633
-0.007259
-17.306065
-16.311840
-9.181067
-6.593131
-10.550081
-18.129534
-17.219248
-12.978287
-11.155729
2.030246
10.774232
13.265896
-7.375374
0.356996
5.505699
7.559212
12.629110
14.791889
19.745541
20.071283
-8.881664
-13.699400
-12.506071
-10.102741
-18.089901
-17.862801
-16.723818
-12.685328
-7.996819
8.640433
5.874179
17.120970
-2.341443
3.677508
7.762004
9.978180
16.070301
20.070158
20.066113
20.071581
-12.854972
-17.347433
-8.319533
-6.720539
-10.518204
-17.193039
-17.914301
-13.867975
-13.300879
0.475799
12.193299
17.630213
3.508280
-2.025251
5.110268
7.512950
12.167078
14.763864
19.013004
20.075819
-9.993783
-17.751345
-12.519914
-7.399311
-16.814981
-17.562677
-17.056103
-12.827467
-10.672599
8.135385
7.726339
17.586056
0.443324
6.094248
10.028755
11.810605
19.672009
20.067829
20.065340
-0.052214
-15.080508
-15.485358
-9.061981
-7.115266
-8.114111
-18.423740
-17.887751
-13.520813
-12.954739
-0.833579
11.626676
18.833725
0.205134
-2.570930
3.730249
6.146106
10.316732
13.079967
16.358652
20.041298
-4.855494
-15.651381
-12.003288
-5.788098
-17.501251
-17.620575
-14.594876
-10.826324
-7.429069
7.789267
6.500304
4.925587
0.357927
4.597718
8.711393
10.915718
18.427370
20.071455
20.064739
7.079137
-15.667966
-19.797354
-11.699842
-9.690401
-13.930234
-17.918468
-17.470728
-13.813565
-12.960192
1.590983
8.152944
18.433695
-7.269525
0.699581
6.433989
8.627213
14.154289
20.072290
20.064833
20.071196
-7.840717
-17.041868
-12.664535
-10.867970
-17.035362
-18.090231
-17.297127
-13.274481
-10.619027
5.123687
6.214450
0.239180
-4.856765
1.200817
6.478560
9.088267
14.270303
18.680922
20.065224
20.071352
-10.096977
-17.876150
-11.007745
-9.352352
-11.757690
-17.289873
-18.096258
-14.679752
-12.113843
1.272460
8.576168
12.510695
19.575371
-2.591249
4.602730
7.550884
12.430657
14.796743
18.025461
19.955399
-5.062824
-17.263815
-13.079892
-3.851842
-14.531930
-17.197803
-17.132572
-13.267649
-8.693389
7.748986
5.865585
7.403069
-5.961870
2.948378
8.027413
10.154857
16.054447
20.072063
20.067612
20.075979
-12.821694
-18.553045
-10.682678
-8.729795
-8.246359
-16.242241
-18.350782
-15.162089
-12.453399
1.917308
9.169600
18.795126
-6.614991
-3.613744
3.779763
7.036842
11.261621
13.506847
16.321949
19.983080
-3.721114
-16.900633
-15.676417
-12.115550
-18.080557
-18.086506
-14.631487
-10.296062
-3.887786
8.892280
5.691513
11.023190
-3.041899
3.720165
8.770420
10.924184
20.062695
20.066786
20.064499
20.078928
-14.495266
-18.344271
-12.550063
-10.632539
-12.980296
-18.076052
-17.718752
-13.410931
-11.254635
-3.395965
8.349155
8.967063
20.062679
-4.952453
2.315130
5.422448
9.224766
13.043814
15.872139
19.285480
3.359751
-13.868238
-12.710418
-10.424915
-16.653036
-18.064573
-15.714278
-11.204188
-8.959757
3.957044
6.987019
2.993986
19.729818
1.950303
7.207450
9.854066
15.745242
20.092716
20.068447
20.072208
-10.197969
-18.668884
-13.452652
-10.294962
-8.901826
-15.234267
-18.119461
-16.208729
-13.778997
-2.973742
9.653448
9.927267
19.851818
-7.632481
3.105472
6.997074
10.722869
13.717893
16.827677
20.069088
-4.015978
-17.658066
-14.258291
-11.262905
-15.398383
-17.875689
-17.200371
-12.736879
-8.069777
8.549823
4.929666
2.150807
-6.849871
1.868616
7.240904
10.068777
15.026063
20.062729
20.067650
20.071259
-13.601900
-20.063122
-11.761886
-9.004049
-6.975811
-16.172609
-18.164528
-15.802390
-13.169472
-2.026363
9.716080
17.791136
12.793283
-6.182404
3.729208
7.434858
17.648777
16.608120
20.066296
20.074255
-7.744788
-17.022829
-15.164989
-10.728583
-14.996966
-18.182758
-17.855776
-14.749190
-12.541097
4.154959
4.727558
2.896730
-3.817740
0.144942
5.826033
9.414449
19.577904
20.064644
20.067072
20.067890
-17.213640
-20.068060
-13.863352
-10.118948
-18.186852
-18.006170
-17.614809
-13.776165
-8.922926
6.619774
6.220974
7.582239
-3.914748
-7.751286
1.579484
6.779309
13.305933
12.933437
15.171306
18.320997
9.066883
-10.003367
-12.257370
-10.658272
-17.708761
-18.113667
-15.417276
-9.899219
-3.505850
9.364874
6.885417
5.402963
-5.604561
1.491600
6.594756
9.579509
20.027792
20.065002
20.074636
20.076408
-0.002166
-15.352804
-19.842218
-15.285137
-14.282361
-17.219318
-16.834841
-8.828924
-2.150951
2.892477
3.559748
3.655772
-8.606158
-5.864137
2.764467
7.818434
9.936712
14.132893
16.526731
20.061899
20.074696
0.703124
-15.950972
-11.006993
-15.685629
-18.268650
-16.867308
-11.402793
-6.635811
6.987141
5.930919
4.162921
-10.537786
-4.692603
3.384095
7.780621
9.619429
15.404455
18.679316
20.066582
20.083153
-5.221528
-15.165749
-10.028425
-8.782980
-16.765600
-17.130798
-14.039303
-11.616550
-5.744323
5.395207
5.514256
-7.158016
-3.997739
3.241356
8.126237
9.693800
14.471928
17.588572
20.066095
20.147861
-3.247408
-14.263803
-11.526506
-5.290366
-17.057138
-16.985691
-14.126300
-11.923531
-1.304822
7.515915
7.095200
19.419924
-3.666587
3.131643
8.071545
9.531896
14.479465
17.472185
20.066422
20.080217
-6.108644
-14.707999
-11.628353
-5.144638
-16.760279
-17.050367
-15.186234
-12.612857
-2.768466
7.186109
6.232475
17.970308
-6.106051
3.207525
8.206711
9.679420
15.402427
19.274656
20.067097
20.082516
-5.858940
-14.894536
-12.202850
-9.484391
-16.553680
-17.242935
-15.419968
-12.831273
-4.994307
6.427229
3.265314
18.835621
0.081377
5.925646
9.345239
10.864024
18.416834
20.072008
20.065868
6.518407
-13.491002
-14.235467
-9.697793
-7.001560
-13.222113
-18.102648
-16.876347
-13.404720
-6.722648
9.886432
8.858685
18.843357
-6.681960
-0.467302
6.044083
7.361036
11.302494
13.868955
18.878559
20.072916
-3.605297
-14.058922
-10.314115
-12.491059
-18.100132
-17.976433
-13.612724
-11.028722
3.511659
8.866160
4.542348
17.592892
0.055067
6.118855
9.584177
11.089968
20.065212
20.072897
20.070135
-0.000942
-13.181057
-17.990810
-11.815396
-9.176778
-18.012087
-17.433224
-16.268526
-12.745698
-7.347231
7.970600
7.300525
19.078032
-10.441969
0.360916
6.167121
8.235737
12.422040
14.613214
17.378326
19.916723
-1.158325
-13.309848
-10.766768
-13.052708
-18.217878
-17.521999
-11.882321
-8.880960
-0.028173
9.801719
5.361934
17.211792
-0.285880
5.658635
8.911186
10.506021
19.535084
20.071375
20.064619
0.001846
-12.694035
-17.413530
-11.100171
-8.943755
-16.628294
-17.683159
-16.620413
-13.074913
-8.375177
7.035720
7.359896
18.239655
-3.608073
3.010816
7.592353
8.961065
15.328056
20.071558
20.062372
20.089888
-9.344235
-13.397427
-10.953038
-8.376381
-15.110208
-18.262932
-17.163582
-13.488889
-8.007587
7.811962
8.246215
19.041088
-3.629171
3.281558
7.379328
8.993795
15.955790
20.070730
20.065321
0.050195
-10.731026
-14.575927
-10.348703
-8.051986
-12.745474
-18.408072
-17.757793
-13.963982
-9.485624
7.193707
8.070824
14.270380
-2.759233
-0.850086
5.964387
7.974813
12.282501
14.364826
17.163258
19.838993
-4.071842
-15.717298
-12.122502
-12.709878
-18.169357
-17.963488
-13.565619
-10.474389
2.700662
8.486073
6.311747
17.525723
-0.280686
5.441097
9.713074
11.449186
20.066271
20.074677
20.064272
-0.014639
-17.163826
-15.582172
-11.104924
-11.319557
-18.008078
-17.491358
-15.874434
-11.995481
-7.727348
9.790068
9.733693
10.637055
3.139719
-4.950136
3.520240
7.213210
10.705448
12.976591
15.370888
18.646112
5.207156
-13.538205
-14.973564
-16.637877
-17.565861
-17.006907
-10.595994
-5.694130
1.936976
10.023250
8.075167
10.751551
-2.190320
5.280670
8.236905
13.240546
20.068550
20.079065
20.066511
0.004350
-16.068188
-20.069286
-18.699783
-11.913408
-16.917463
-16.499081
-11.522943
-8.011406
-2.463718
7.557998
6.072368
9.959070
-0.132171
-3.134597
3.907092
6.752112
10.345266
13.555496
16.279514
19.211977
5.943365
-13.092516
-12.599858
-13.343468
-18.246828
-17.952085
-12.059786
-8.460064
-3.994015
6.773336
7.564558
6.315412
-3.367531
4.521925
8.654805
10.157109
16.718884
20.072187
20.064287
20.075882
-12.516079
-19.771761
-11.869762
-9.211642
-14.743883
-17.983408
-17.004398
-13.370862
-10.837850
1.347601
8.656601
17.794945
-5.021644
2.337303
7.075646
8.816076
14.528357
19.494305
20.064217
20.070848
-11.241009
-17.096647
-9.719659
-8.070423
-12.915772
-18.140919
-17.637781
-13.879340
-10.571856
4.962926
8.812486
17.620300
-5.649124
2.805260
7.333880
9.087996
15.158928
20.069897
20.065578
20.073307
-10.882962
-15.751175
-10.431965
-8.355468
-10.333743
-17.358492
-18.368679
-14.878769
-11.862511
2.366840
8.873852
13.966959
7.226074
-2.473207
5.091123
7.586499
11.710734
14.275226
17.194805
19.895432
-4.186990
-15.189566
-12.690400
-4.344405
-15.407228
-17.704466
-16.446079
-12.774180
-6.089650
7.989406
5.546965
17.680326
-1.729435
5.085687
9.291771
11.773142
20.066769
20.076139
20.089783
-0.001807
-18.447863
-18.464146
-10.817449
-13.548991
-18.131498
-18.143398
-15.397799
-11.613259
-7.604023
12.962363
9.280349
5.142928
11.088449
-4.858936
3.161755
7.477662
10.461058
12.993840
15.923664
20.063084
-1.332892
-11.722988
-12.747321
-13.276371
-18.401257
-18.323660
-15.584651
-11.188984
-9.009024
10.430417
9.585573
9.222824
17.659216
2.992599
6.635172
13.316323
20.066366
20.079048
0.014066
0.021654
-19.167501
-20.067945
-18.763628
-14.277238
-8.532134
-4.458980
-4.329623
-3.264385
8.090482
8.531485
5.491332
5.007212
5.074663
7.013164
7.862424
10.157277
11.424624
11.245200
0.007013
-0.000445
-0.072484
0.007095
0.009087
-2.134669
-0.022785
-0.043331
-0.087203
-19.952309
-20.190273
-19.768688
-20.205107
-18.314869
-17.347704
-14.609279
-10.446131
-4.514456
-2.163973
-0.941710
-0.272421
0.011518
-7.275620
-6.992749
-6.949643
8.250816
19.839417
