-1.876120
-1.923065
-1.900690
-1.880385
-1.848350
-1.807748
-1.760164
-1.704482
-1.661201
-1.714329
-1.730684
-1.742106
-1.754362
-1.732577
-1.738882
-1.770224
-1.754235
-1.727065
-1.709039
-1.675478
-1.605175
-1.538467
-1.478032
-1.423971
-1.367153
-1.265308
-1.100488
-0.899817
-0.927465
-1.105218
-1.284164
-1.439433
-1.568552
-1.686455
-1.735133
-1.736462
-1.714870
-1.693073
-1.694805
-1.672858
-1.591501
-1.524798
-1.496142
-1.472995
-1.473393
-1.532227
-1.570022
-1.593164
-1.599283
-1.603603
-1.800020
-1.884485
-1.999316
-2.077438
-2.106669
-2.103492
-2.083161
-2.092353
-2.124975
-2.115774
-2.045056
-2.111868
-2.173993
-2.227997
-2.270231
-2.292994
-2.298944
-2.291060
-2.270223
-2.240210
-2.345554
-2.429119
-2.490960
-2.516285
-2.496619
-2.417973
-2.312533
-2.246984
-2.232854
-2.233226
-2.222472
-2.143108
-2.031458
-1.979755
-1.942104
-1.894598
-1.790700
-1.786801
-1.802062
-1.799529
-1.778491
-1.839912
-1.973524
-2.109926
-2.242409
-2.361570
-2.435848
-2.458066
-2.450850
-2.422192
-2.401627
-2.313839
-2.175609
-2.122533
-2.067535
-2.007907
-1.942142
-1.977628
-1.998287
-2.004777
-1.997521
-2.045056
-2.183427
-2.312875
-2.420692
-2.498884
-2.523795
-2.504667
-2.452539
-2.393339
-2.360340
-2.296945
-2.209130
-2.161178
-2.141837
-2.116688
-2.121011
-2.157146
-2.182659
-2.194399
-2.191003
-2.183871
-2.270962
-2.345147
-2.420687
-2.481688
-2.518043
-2.520745
-2.494027
-2.448597
-2.417783
-2.352938
-2.259932
-2.198658
-2.171032
-2.128675
-2.069867
-2.109692
-2.132181
-2.138493
-2.128264
-2.126796
-2.210568
-2.277426
-2.350424
-2.409196
-2.451635
-2.458204
-2.425923
-2.385115
-2.354519
-2.304327
-2.226395
-2.180267
-2.161492
-2.136250
-2.130517
-2.163376
-2.189050
-2.200735
-2.196194
-2.186601
-2.252169
-2.315980
-2.390149
-2.452103
-2.494489
-2.510164
-2.496552
-2.458646
-2.432924
-2.370953
-2.279302
-2.214044
-2.190586
-2.147697
-2.071507
-2.101486
-2.121428
-2.126810
-2.114741
-2.111479
-2.196853
-2.264921
-2.337935
-2.392280
-2.434628
-2.438801
-2.402188
-2.360058
-2.326575
-2.282498
-2.197339
-2.144215
-2.128979
-2.109579
-2.104602
-2.135823
-2.163142
-2.178609
-2.178250
-2.166761
-2.229707
-2.292660
-2.369179
-2.434929
-2.478784
-2.491167
-2.483387
-2.451069
-2.427017
-2.363671
-2.271147
-2.186923
-2.159353
-2.108622
-2.042307
-2.001545
-2.027074
-2.037888
-2.030138
-2.013190
-2.114266
-2.200180
-2.290870
-2.364615
-2.416847
-2.428516
-2.399253
-2.353722
-2.317912
-2.264672
-2.174944
-2.115471
-2.104180
-2.094975
-2.097496
-2.132836
-2.162581
-2.182992
-2.188605
-2.178929
-2.254814
-2.320702
-2.392305
-2.448577
-2.477914
-2.468868
-2.441897
-2.404591
-2.376663
-2.312872
-2.208013
-2.112441
-2.081258
-2.036060
-1.975161
-1.936409
-1.961938
-1.971231
-1.960888
-1.944931
-2.044671
-2.131578
-2.228893
-2.312751
-2.374526
-2.393257
-2.376707
-2.338673
-2.315212
-2.258951
-2.169341
-2.094771
-2.076229
-2.063253
-2.046268
-2.086958
-2.118246
-2.138301
-2.142453
-2.132533
-2.230540
-2.302042
-2.375412
-2.437173
-2.469827
-2.457028
-2.412352
-2.367941
-2.339712
-2.281824
-2.180539
-2.092326
-2.057157
-2.018549
-1.965851
-1.953277
-1.983370
-2.001044
-2.000546
-1.990715
-2.090496
-2.175996
-2.269696
-2.352042
-2.410622
-2.427031
-2.403190
-2.361063
-2.342146
-2.289518
-2.210454
-2.132366
-2.124232
-2.100356
-2.058873
-2.093052
-2.125402
-2.143639
-2.144308
-2.131968
-2.231766
-2.288593
-2.348524
-2.398966
-2.434361
-2.422365
-2.373734
-2.331769
-2.288934
-2.243566
-2.165152
-2.112566
-2.102111
-2.096270
-2.104392
-2.130590
-2.147428
-2.152395
-2.138741
-2.114264
-2.197149
-2.244883
-2.312176
-2.375965
-2.416792
-2.423662
-2.411760
-2.385640
-2.359793
-2.298954
-2.197353
-2.092833
-2.063335
-2.030279
-1.980005
-1.962031
-1.983157
-1.989766
-1.976316
-1.953616
-2.069424
-2.158306
-2.253949
-2.339131
-2.397790
-2.410227
-2.394216
-2.358952
-2.331025
-2.261785
-2.153126
-2.046746
-2.015080
-1.990471
-1.950796
-1.941340
-1.974418
-1.996292
-2.000088
-1.991692
-2.118559
-2.196798
-2.276277
-2.345357
-2.383647
-2.378177
-2.339501
-2.295996
-2.269941
-2.218548
-2.132853
-2.035742
-2.005002
-1.976484
-1.931984
-1.905614
-1.933686
-1.949380
-1.945404
-1.932383
-2.056621
-2.148394
-2.244016
-2.330088
-2.390149
-2.404202
-2.384985
-2.350040
-2.328693
-2.268565
-2.174792
-2.075490
-2.063163
-2.043391
-2.004452
-2.023052
-2.054846
-2.074483
-2.075867
-2.064678
-2.176045
-2.239869
-2.310874
-2.374206
-2.407911
-2.394768
-2.348225
-2.303871
-2.269609
-2.221456
-2.141832
-2.060908
-2.036283
-2.021378
-1.990084
-2.003551
-2.026174
-2.036168
-2.025942
-2.006833
-2.120125
-2.192413
-2.274942
-2.351410
-2.403526
-2.414051
-2.399387
-2.368369
-2.347850
-2.290323
-2.196966
-2.094064
-2.078844
-2.053931
-2.009394
-2.013003
-2.040836
-2.055174
-2.050319
-2.034368
-2.155241
-2.230062
-2.309466
-2.378199
-2.415687
-2.411864
-2.374598
-2.329375
-2.296901
-2.242878
-2.156918
-2.066621
-2.042592
-2.029896
-2.000374
-2.015064
-2.040375
-2.053071
-2.046096
-2.028222
-2.150201
-2.220587
-2.297601
-2.366261
-2.406014
-2.405224
-2.373443
-2.332179
-2.308653
-2.257774
-2.167684
-2.071574
-2.049413
-2.028041
-1.988622
-1.988195
-2.012402
-2.024833
-2.017617
-2.000293
-2.127870
-2.212048
-2.299170
-2.376428
-2.422215
-2.423233
-2.391796
-2.349016
-2.321615
-2.262426
-2.167670
-2.068388
-2.052947
-2.036825
-2.001954
-2.012488
-2.042415
-2.060843
-2.060204
-2.046899
-2.169333
-2.238193
-2.312933
-2.379852
-2.412064
-2.400687
-2.356074
-2.310328
-2.278358
-2.226588
-2.148712
-2.057434
-2.039812
-2.022678
-1.987274
-1.982401
-2.010485
-2.025318
-2.019228
-2.001577
-2.121097
-2.196829
-2.282369
-2.359995
-2.406561
-2.412474
-2.390000
-2.352263
-2.324688
-2.267503
-2.173569
-2.086167
-2.068833
-2.058640
-2.042203
-2.073026
-2.102256
-2.117514
-2.113974
-2.095196
-2.176970
-2.247680
-2.321075
-2.385738
-2.418211
-2.410264
-2.371159
-2.329635
-2.292813
-2.237262
-2.144839
-2.060843
-2.041088
-2.026766
-2.005701
-2.000347
-2.023636
-2.032670
-2.020534
-1.992350
-2.090055
-2.177336
-2.264894
-2.341471
-2.387472
-2.393868
-2.374916
-2.342084
-2.317589
-2.260293
-2.160781
-2.065802
-2.042350
-2.025702
-1.998107
-2.003996
-2.028618
-2.039874
-2.031656
-2.009446
-2.134329
-2.224314
-2.306202
-2.375167
-2.409917
-2.403616
-2.366961
-2.322269
-2.283451
-2.220281
-2.122151
-2.025347
-2.007135
-1.993881
-1.968185
-1.957074
-1.986714
-2.002530
-1.997741
-1.977506
-2.099209
-2.190532
-2.275277
-2.347792
-2.387634
-2.385151
-2.354953
-2.315650
-2.281571
-2.215544
-2.112946
-2.019973
-2.005091
-1.994326
-1.968838
-1.974308
-2.004019
-2.021195
-2.018512
-2.001010
-2.118045
-2.200200
-2.275620
-2.343035
-2.377812
-2.375167
-2.341612
-2.301835
-2.268478
-2.208792
-2.115208
-2.025334
-2.010364
-2.000863
-1.983806
-1.983900
-2.011731
-2.024423
-2.015957
-1.992008
-2.116534
-2.203844
-2.286999
-2.358233
-2.396585
-2.391535
-2.360424
-2.320275
-2.284553
-2.215805
-2.106078
-2.017674
-2.002151
-1.995997
-1.971211
-1.994438
-2.024848
-2.041377
-2.038416
-2.020373
-2.125643
-2.196455
-2.263081
-2.323468
-2.349867
-2.345541
-2.312272
-2.276102
-2.241664
-2.187658
-2.100932
-2.016057
-2.002271
-1.994014
-1.978892
-1.970738
-1.996191
-2.005687
-1.993014
-1.976528
-2.114848
-2.207450
-2.294652
-2.370558
-2.419287
-2.418292
-2.398845
-2.366070
-2.333681
-2.264815
-2.155931
-2.045980
-2.020205
-1.994866
-1.955069
-1.933844
-1.964593
-1.980226
-1.976130
-1.957329
-2.093627
-2.199324
-2.290463
-2.367543
-2.410313
-2.407365
-2.372200
-2.327471
-2.291920
-2.231251
-2.132896
-2.036196
-2.022408
-2.015631
-1.992184
-2.012987
-2.045433
-2.064251
-2.063108
-2.046360
-2.154740
-2.235307
-2.312971
-2.379969
-2.408713
-2.396213
-2.357576
-2.314636
-2.276658
-2.218104
-2.120571
-2.041382
-2.024758
-2.020458
-2.007880
-2.033901
-2.063220
-2.078358
-2.072410
-2.051089
-2.134318
-2.208606
-2.292298
-2.368082
-2.409939
-2.413489
-2.398716
-2.366540
-2.340030
-2.282404
-2.185186
-2.092180
-2.081082
-2.071568
-2.055206
-2.075163
-2.103784
-2.116473
-2.108504
-2.084918
-2.173515
-2.245672
-2.321525
-2.387260
-2.417231
-2.410605
-2.378721
-2.337909
-2.303444
-2.253892
-2.162125
-2.084429
-2.068104
-2.064443
-2.047068
-2.079719
-2.105846
-2.117548
-2.108379
-2.083003
-2.173221
-2.251571
-2.337003
-2.412980
-2.455826
-2.458115
-2.445798
-2.415598
-2.384278
-2.320704
-2.222826
-2.117245
-2.108510
-2.089259
-2.065884
-2.053022
-2.084650
-2.097490
-2.089156
-2.065489
-2.177010
-2.259687
-2.344042
-2.414878
-2.449477
-2.446795
-2.420404
-2.377408
-2.339799
-2.279115
-2.177025
-2.092758
-2.081240
-2.081405
-2.064714
-2.106571
-2.135680
-2.150546
-2.145074
-2.122403
-2.209095
-2.268711
-2.335259
-2.396443
-2.423280
-2.417602
-2.389045
-2.349328
-2.310956
-2.252738
-2.158088
-2.074481
-2.067656
-2.058809
-2.043309
-2.048357
-2.074007
-2.081620
-2.065794
-2.033145
-2.141687
-2.224167
-2.314084
-2.393210
-2.441375
-2.444449
-2.435318
-2.407644
-2.375612
-2.310732
-2.210423
-2.104495
-2.087569
-2.072320
-2.042537
-2.047924
-2.077729
-2.090592
-2.081737
-2.057224
-2.174954
-2.254693
-2.336660
-2.407401
-2.442272
-2.433494
-2.402042
-2.357817
-2.319161
-2.260436
-2.160142
-2.075848
-2.066026
-2.065048
-2.045115
-2.080689
-2.109275
-2.122363
-2.114638
-2.089624
-2.184556
-2.254276
-2.331286
-2.402090
-2.435334
-2.431299
-2.413310
-2.379442
-2.345221
-2.279232
-2.175503
-2.076934
-2.069634
-2.062325
-2.039142
-2.049910
-2.078853
-2.090435
-2.079195
-2.051819
-2.154752
-2.231514
-2.315498
-2.389050
-2.427273
-2.425047
-2.403142
-2.365799
-2.332383
-2.268947
-2.163039
-2.065751
-2.059001
-2.057706
-2.036233
-2.057846
-2.088967
-2.104592
-2.098490
-2.075249
-2.173846
-2.245282
-2.323379
-2.396045
-2.432164
-2.430158
-2.410663
-2.375053
-2.340403
-2.274494
-2.170418
-2.071926
-2.066961
-2.063155
-2.038232
-2.054588
-2.084073
-2.096467
-2.085946
-2.058823
-2.157981
-2.233721
-2.318410
-2.393980
-2.433322
-2.431825
-2.412234
-2.376266
-2.342630
-2.277821
-2.173655
-2.071313
-2.064426
-2.060276
-2.035275
-2.044443
-2.075330
-2.089858
-2.081809
-2.056623
-2.158602
-2.235917
-2.321623
-2.398372
-2.437451
-2.436351
-2.414277
-2.377537
-2.345856
-2.284627
-2.183023
-2.079111
-2.072758
-2.065358
-2.036258
-2.034534
-2.062820
-2.074620
-2.063783
-2.036197
-2.150991
-2.237149
-2.329505
-2.413088
-2.462549
-2.465653
-2.448401
-2.411689
-2.375934
-2.307906
-2.205297
-2.089010
-2.078870
-2.064736
-2.029767
-2.014239
-2.049869
-2.065192
-2.057890
-2.033767
-2.159863
-2.241843
-2.329641
-2.407625
-2.447619
-2.442525
-2.420000
-2.379303
-2.337672
-2.270059
-2.167694
-2.068631
-2.057483
-2.055956
-2.035023
-2.056096
-2.087699
-2.103130
-2.096673
-2.072113
-2.174974
-2.245742
-2.325186
-2.401365
-2.443900
-2.447242
-2.436976
-2.407723
-2.374335
-2.306612
-2.205579
-2.087573
-2.076237
-2.061646
-2.026576
-2.000592
-2.034377
-2.045305
-2.032268
-2.009875
-2.144049
-2.231046
-2.324865
-2.410296
-2.462718
-2.465439
-2.453459
-2.423269
-2.384004
-2.313846
-2.212445
-2.099963
-2.078460
-2.065829
-2.035366
-2.034109
-2.066275
-2.080665
-2.072864
-2.047549
-2.167559
-2.252825
-2.345661
-2.431581
-2.483505
-2.484313
-2.468075
-2.431850
-2.394453
-2.330925
-2.231924
-2.119274
-2.106131
-2.088905
-2.051326
-2.037941
-2.070899
-2.083937
-2.074410
-2.047188
-2.168810
-2.254775
-2.350000
-2.436269
-2.486350
-2.489038
-2.478923
-2.449815
-2.408061
-2.340803
-2.243158
-2.133304
-2.116724
-2.104818
-2.074234
-2.084581
-2.116480
-2.129343
-2.119544
-2.091266
-2.197365
-2.272438
-2.359497
-2.439357
-2.481489
-2.484102
-2.475283
-2.445451
-2.405128
-2.339561
-2.241308
-2.130881
-2.113676
-2.102330
-2.072047
-2.077499
-2.108172
-2.120336
-2.109261
-2.079753
-2.188726
-2.267144
-2.358981
-2.445015
-2.499083
-2.503112
-2.497362
-2.473080
-2.430920
-2.361096
-2.261429
-2.145995
-2.129920
-2.113416
-2.077826
-2.075559
-2.108532
-2.120400
-2.108919
-2.078908
-2.195791
-2.277303
-2.368564
-2.452173
-2.502579
-2.510219
-2.502853
-2.477149
-2.433390
-2.366596
-2.268712
-2.163476
-2.143087
-2.129091
-2.099179
-2.111023
-2.146554
-2.159622
-2.149779
-2.118695
-2.199895
-2.278519
-2.366203
-2.442950
-2.483817
-2.485812
-2.477282
-2.453743
-2.412634
-2.351563
-2.254924
-2.153511
-2.122536
-2.106618
-2.076460
-2.077073
-2.106889
-2.116754
-2.103658
-2.069477
-2.137210
-2.234359
-2.345226
-2.444452
-2.508068
-2.520729
-2.519914
-2.504213
-2.463084
-2.395633
-2.292145
-2.176186
-2.155634
-2.129854
-2.089238
-2.073567
-2.107151
-2.118038
-2.106224
-2.074113
-2.195217
-2.290594
-2.391738
-2.479601
-2.526443
-2.521163
-2.502936
-2.471372
-2.418564
-2.347247
-2.250578
-2.147606
-2.111590
-2.094907
-2.066796
-2.073468
-2.107452
-2.123268
-2.116954
-2.089264
-2.156382
-2.249434
-2.353660
-2.446773
-2.498907
-2.505342
-2.499243
-2.478491
-2.434155
-2.367902
-2.270776
-2.162574
-2.141302
-2.121645
-2.086767
-2.082071
-2.115566
-2.125358
-2.111624
-2.076426
-2.181691
-2.271698
-2.370893
-2.459865
-2.509314
-2.508801
-2.498041
-2.476667
-2.428442
-2.358417
-2.262249
-2.156499
-2.120884
-2.101804
-2.071086
-2.072325
-2.106279
-2.119902
-2.110945
-2.080598
-2.149208
-2.245491
-2.354300
-2.450602
-2.505117
-2.512627
-2.506818
-2.485317
-2.443165
-2.380982
-2.284285
-2.174423
-2.147970
-2.127219
-2.092264
-2.089121
-2.120460
-2.129431
-2.115288
-2.079370
-2.171241
-2.269040
-2.376068
-2.470232
-2.524531
-2.526656
-2.516443
-2.493761
-2.443725
-2.372264
-2.273999
-2.166716
-2.136235
-2.117083
-2.085533
-2.090915
-2.125395
-2.138135
-2.127848
-2.095631
-2.160766
-2.257638
-2.365230
-2.459441
-2.514655
-2.520365
-2.513194
-2.490933
-2.443524
-2.374786
-2.276735
-2.166844
-2.138063
-2.120267
-2.088900
-2.090564
-2.126035
-2.138470
-2.127045
-2.093098
-2.169013
-2.258956
-2.360101
-2.452594
-2.507912
-2.513505
-2.508540
-2.491484
-2.444864
-2.372081
-2.274725
-2.165836
-2.134835
-2.116981
-2.086143
-2.089898
-2.123564
-2.134342
-2.121397
-2.086003
-2.151419
-2.247135
-2.355284
-2.451524
-2.510371
-2.518330
-2.514284
-2.497043
-2.452041
-2.381005
-2.281415
-2.168708
-2.138146
-2.118953
-2.086591
-2.084326
-2.119146
-2.130645
-2.118293
-2.083436
-2.158779
-2.255265
-2.363538
-2.460181
-2.518698
-2.525419
-2.519379
-2.499127
-2.452971
-2.383962
-2.285596
-2.174796
-2.142088
-2.122814
-2.090943
-2.094613
-2.126209
-2.135451
-2.121050
-2.083881
-2.144753
-2.248300
-2.363072
-2.462382
-2.522437
-2.529800
-2.524654
-2.505965
-2.458332
-2.384185
-2.283034
-2.170580
-2.141497
-2.122127
-2.089709
-2.090281
-2.125121
-2.135769
-2.122286
-2.085861
-2.157701
-2.255855
-2.365299
-2.462355
-2.522651
-2.529962
-2.524951
-2.506751
-2.458878
-2.383458
-2.282281
-2.168306
-2.135878
-2.116986
-2.085515
-2.085840
-2.120954
-2.132268
-2.119234
-2.082884
-2.151951
-2.249443
-2.357704
-2.455454
-2.515856
-2.523902
-2.520924
-2.507541
-2.461754
-2.382742
-2.281813
-2.167797
-2.137193
-2.117608
-2.085052
-2.083770
-2.117023
-2.125588
-2.109739
-2.070692
-2.147005
-2.247289
-2.358107
-2.456880
-2.519594
-2.527836
-2.524733
-2.512065
-2.468062
-2.388766
-2.285690
-2.167970
-2.134133
-2.112550
-2.078862
-2.070628
-2.104494
-2.114840
-2.100795
-2.063724
-2.144765
-2.248218
-2.360913
-2.460847
-2.524266
-2.532824
-2.528965
-2.514104
-2.470792
-2.394610
-2.291993
-2.175949
-2.141698
-2.119747
-2.086012
-2.082740
-2.114030
-2.121647
-2.105040
-2.065151
-2.137237
-2.247519
-2.363508
-2.463413
-2.527246
-2.534709
-2.530285
-2.516865
-2.473654
-2.392496
-2.288697
-2.172457
-2.140000
-2.118072
-2.084352
-2.077777
-2.112674
-2.123552
-2.109802
-2.072333
-2.138252
-2.245192
-2.362015
-2.464233
-2.529372
-2.537867
-2.535165
-2.522365
-2.479253
-2.397980
-2.295082
-2.178033
-2.144231
-2.124475
-2.093192
-2.094963
-2.131106
-2.142921
-2.129694
-2.092096
-2.148981
-2.252112
-2.364821
-2.464813
-2.528930
-2.537534
-2.535757
-2.525184
-2.483288
-2.398752
-2.297228
-2.182640
-2.149522
-2.131188
-2.101193
-2.106915
-2.141271
-2.150925
-2.135256
-2.095000
-2.142680
-2.246413
-2.361770
-2.463197
-2.529282
-2.541143
-2.542489
-2.534051
-2.494589
-2.409983
-2.305902
-2.191448
-2.156649
-2.136600
-2.105730
-2.108214
-2.145310
-2.157786
-2.144766
-2.106877
-2.150924
-2.252761
-2.368237
-2.470412
-2.539255
-2.554832
-2.559503
-2.550910
-2.513119
-2.431323
-2.327661
-2.214097
-2.178243
-2.159433
-2.130270
-2.144352
-2.177791
-2.186408
-2.169414
-2.127166
-2.161481
-2.263565
-2.378430
-2.477627
-2.543777
-2.556319
-2.558903
-2.548469
-2.506946
-2.419575
-2.316905
-2.206578
-2.174056
-2.159091
-2.133242
-2.152882
-2.190180
-2.201929
-2.187537
-2.146852
-2.175838
-2.269145
-2.379500
-2.477267
-2.542022
-2.559800
-2.568152
-2.560445
-2.520103
-2.431299
-2.325423
-2.213937
-2.181290
-2.165655
-2.139148
-2.156288
-2.194798
-2.207195
-2.192795
-2.151835
-2.185563
-2.276278
-2.381298
-2.476031
-2.540456
-2.554420
-2.558820
-2.550138
-2.508431
-2.414153
-2.311422
-2.205660
-2.175672
-2.162565
-2.138067
-2.161580
-2.196557
-2.204608
-2.185721
-2.140378
-2.174800
-2.267622
-2.375086
-2.470695
-2.535188
-2.548656
-2.553711
-2.546659
-2.506917
-2.410794
-2.305174
-2.196902
-2.164251
-2.147152
-2.119134
-2.128882
-2.164275
-2.172734
-2.154437
-2.110325
-2.155142
-2.253677
-2.365737
-2.464874
-2.530227
-2.541038
-2.544914
-2.536478
-2.497787
-2.405210
-2.302203
-2.192910
-2.157849
-2.141002
-2.113502
-2.130184
-2.159883
-2.163053
-2.139893
-2.091458
-2.136409
-2.242397
-2.358659
-2.457684
-2.511535
-2.512076
-2.507969
-2.495771
-2.452743
-2.358000
-2.259750
-2.157093
-2.124768
-2.109212
-2.082729
-2.094347
-2.126714
-2.132111
-2.110958
-2.064560
-2.117978
-2.225401
-2.341356
-2.441482
-2.497067
-2.497881
-2.495114
-2.484447
-2.442927
-2.347541
-2.247682
-2.142442
-2.108659
-2.090031
-2.060956
-2.063188
-2.095750
-2.100920
-2.079504
-2.033371
-2.112371
-2.218695
-2.325377
-2.418998
-2.466455
-2.460136
-2.451301
-2.438934
-2.396888
-2.301980
-2.210548
-2.111405
-2.075631
-2.059118
-2.032381
-2.041742
-2.071044
-2.072724
-2.048235
-1.999454
-2.066106
-2.178975
-2.288894
-2.382336
-2.432067
-2.428149
-2.421542
-2.411631
-2.372579
-2.281203
-2.191204
-2.092095
-2.055721
-2.036083
-2.006770
-2.001648
-2.031130
-2.033605
-2.010077
-1.962576
-2.048321
-2.160357
-2.268021
-2.361677
-2.410253
-2.403102
-2.395062
-2.384762
-2.347990
-2.261328
-2.175656
-2.078746
-2.038591
-2.018008
-1.989002
-1.993952
-2.019052
-2.017402
-1.990517
-1.940765
-2.017298
-2.135351
-2.242253
-2.330751
-2.368859
-2.354727
-2.341633
-2.325413
-2.284200
-2.196371
-2.120467
-2.034683
-1.996637
-1.981444
-1.957618
-1.956361
-1.985898
-1.988819
-1.965718
-1.918797
-1.994673
-2.110651
-2.220528
-2.316135
-2.361531
-2.350397
-2.339892
-2.330337
-2.295516
-2.208705
-2.130784
-2.041143
-2.004265
-1.986325
-1.960269
-1.965308
-1.992780
-1.992886
-1.967415
-1.919713
-2.015661
-2.129645
-2.230560
-2.315016
-2.344712
-2.322366
-2.303863
-2.281875
-2.234059
-2.141859
-2.067661
-1.985222
-1.945852
-1.934865
-1.916517
-1.937981
-1.964111
-1.965124
-1.940683
-1.892189
-1.962027
-2.072963
-2.180134
-2.271813
-2.312356
-2.301540
-2.292121
-2.281175
-2.245823
-2.161143
-2.090122
-2.003030
-1.967801
-1.954498
-1.933133
-1.942457
-1.969528
-1.968779
-1.941956
-1.893038
-1.991578
-2.105266
-2.207291
-2.293804
-2.324774
-2.302283
-2.285007
-2.266562
-2.224481
-2.135817
-2.062379
-1.978829
-1.939434
-1.925543
-1.904150
-1.928669
-1.948920
-1.943619
-1.912425
-1.857782
-1.935808
-2.057071
-2.164694
-2.257086
-2.304770
-2.298298
-2.289204
-2.276770
-2.240371
-2.147934
-2.069285
-1.980722
-1.945221
-1.929966
-1.908362
-1.927322
-1.949069
-1.942766
-1.910052
-1.862095
-1.968887
-2.090051
-2.189792
-2.279116
-2.318353
-2.301597
-2.282171
-2.264218
-2.220740
-2.120349
-2.037657
-1.945134
-1.903937
-1.886968
-1.865251
-1.883738
-1.903517
-1.896351
-1.863097
-1.815845
-1.918437
-2.043133
-2.145489
-2.236752
-2.280159
-2.260477
-2.238702
-2.219962
-2.180845
-2.083433
-2.000933
-1.902030
-1.864247
-1.849998
-1.827560
-1.852070
-1.867045
-1.857444
-1.821863
-1.779145
-1.908808
-2.020063
-2.114124
-2.197891
-2.238312
-2.213185
-2.176055
-2.124705
-2.071776
-1.992729
-1.933460
-1.843734
-1.823135
-1.825663
-1.823773
-1.870957
-1.894641
-1.895409
-1.870438
-1.822735
-1.906512
-2.019981
-2.124547
-2.213557
-2.258391
-2.240993
-2.213763
-2.167234
-2.120775
-2.049566
-1.996668
-1.909425
-1.891911
-1.894544
-1.916616
-1.959912
-1.976363
-1.967526
-1.931839
-1.873793
-1.950881
-2.064300
-2.167956
-2.253591
-2.294903
-2.275715
-2.243501
-2.191976
-2.136233
-2.059471
-2.005563
-1.922628
-1.908255
-1.913939
-1.933298
-1.976959
-1.995643
-1.988315
-1.953523
-1.894846
-1.969136
-2.080943
-2.186084
-2.275117
-2.320663
-2.302555
-2.271604
-2.224431
-2.171675
-2.088503
-2.039761
-1.962869
-1.936513
-1.929951
-1.917797
-1.962486
-1.980950
-1.974132
-1.939896
-1.882587
-1.966837
-2.082109
-2.187912
-2.278729
-2.324888
-2.305588
-2.267081
-2.208654
-2.149790
-2.067415
-2.015828
-1.943227
-1.928212
-1.926928
-1.946170
-1.986321
-1.998263
-1.983949
-1.942132
-1.877889
-1.957029
-2.074513
-2.179918
-2.267569
-2.308765
-2.285812
-2.245674
-2.187602
-2.128246
-2.047543
-1.995524
-1.922233
-1.910389
-1.913856
-1.933801
-1.975892
-1.990856
-1.979362
-1.939792
-1.876839
-1.957049
-2.071920
-2.176533
-2.265702
-2.310939
-2.290007
-2.251474
-2.196629
-2.141582
-2.058340
-2.002361
-1.929440
-1.912053
-1.906163
-1.920284
-1.955983
-1.963282
-1.944360
-1.897669
-1.831228
-1.927338
-2.047457
-2.149285
-2.233009
-2.271356
-2.243382
-2.196370
-2.134109
-2.072861
-1.995101
-1.942431
-1.870823
-1.868084
-1.876969
-1.914605
-1.955341
-1.967891
-1.953588
-1.911091
-1.846039
-1.925635
-2.031801
-2.132968
-2.215437
-2.249312
-2.218266
-2.173271
-2.117736
-2.059359
-1.983046
-1.933309
-1.858824
-1.854302
-1.862888
-1.889556
-1.932509
-1.947232
-1.935000
-1.894287
-1.831404
-1.914102
-2.016708
-2.115602
-2.195135
-2.231453
-2.200646
-2.151582
-2.091622
-2.033141
-1.960000
-1.910052
-1.836961
-1.839709
-1.849007
-1.892901
-1.932515
-1.940235
-1.921289
-1.873969
-1.806744
-1.889567
-1.992421
-2.091532
-2.167940
-2.194856
-2.157823
-2.108052
-2.052224
-1.999617
-1.925687
-1.882396
-1.816115
-1.819497
-1.829689
-1.854983
-1.895406
-1.905952
-1.890653
-1.846481
-1.782131
-1.866561
-1.964100
-2.064405
-2.143839
-2.167608
-2.128412
-2.079057
-2.028069
-1.983355
-1.917429
-1.872180
-1.802482
-1.806894
-1.813623
-1.855047
-1.890452
-1.893065
-1.869253
-1.816599
-1.753392
-1.852165
-1.961640
-2.058376
-2.130223
-2.155506
-2.110312
-2.045840
-1.978285
-1.929415
-1.867823
-1.813839
-1.754087
-1.759229
-1.763355
-1.775671
-1.814214
-1.821162
-1.801742
-1.752218
-1.696944
-1.814128
-1.931438
-2.033350
-2.113727
-2.144511
-2.093538
-2.020545
-1.951901
-1.906944
-1.858106
-1.807301
-1.748519
-1.755993
-1.761668
-1.796842
-1.830674
-1.835604
-1.814078
-1.763486
-1.713643
-1.829269
-1.943345
-2.038769
-2.107345
-2.135012
-2.088359
-2.007597
-1.914520
-1.866480
-1.811551
-1.747011
-1.717958
-1.739320
-1.785723
-1.833214
-1.855078
-1.847417
-1.812938
-1.750822
-1.704404
-1.808159
-1.919560
-2.015886
-2.081852
-2.069653
-1.997155
-1.910849
-1.833152
-1.806482
-1.764249
-1.706980
-1.669210
-1.698482
-1.720160
-1.780863
-1.813425
-1.813210
-1.784833
-1.727342
-1.688696
-1.791686
-1.890555
-1.981222
-2.040632
-2.028764
-1.956811
-1.872491
-1.796391
-1.767534
-1.721045
-1.674549
-1.644104
-1.662741
-1.682886
-1.736039
-1.762043
-1.754515
-1.718832
-1.654588
-1.628731
-1.739520
-1.837700
-1.929443
-1.992954
-1.992964
-1.920177
-1.823883
-1.729070
-1.700901
-1.660060
-1.607191
-1.601586
-1.627148
-1.671270
-1.720673
-1.743920
-1.735765
-1.700219
-1.637982
-1.641463
-1.748992
-1.838048
-1.926085
-1.977791
-1.959768
-1.869305
-1.768314
-1.687336
-1.668252
-1.640237
-1.603799
-1.581085
-1.609294
-1.635289
-1.694971
-1.722759
-1.718317
-1.684407
-1.622042
-1.621090
-1.733640
-1.803889
-1.887306
-1.951444
-1.977793
-1.919362
-1.824735
-1.713382
-1.663742
-1.609589
-1.575602
-1.604386
-1.635416
-1.695255
-1.727893
-1.731479
-1.709060
-1.662719
-1.590126
-1.619681
-1.720726
-1.815685
-1.909763
-1.977416
-1.975577
-1.885122
-1.777472
-1.690240
-1.694562
-1.671565
-1.578279
-1.577559
-1.586904
-1.630083
-1.670424
-1.680621
-1.662810
-1.621170
-1.551121
-1.569943
-1.708269
-1.821148
-1.916065
-1.997370
-2.025185
-1.951707
-1.835627
-1.762938
-1.782051
-1.733949
-1.682612
-1.672810
-1.691503
-1.697280
-1.673607
-1.623089
-1.553849
-1.463244
-1.348132
-1.470891
-1.553232
-1.622357
-1.707528
-1.804259
-1.890175
-1.844551
-1.730461
-1.635730
-1.635580
-1.563671
-1.498165
-1.499460
-1.448224
-1.485960
-1.494988
-1.474966
-1.430348
-1.363243
-1.265603
-1.420038
-1.529593
-1.648594
-1.756180
-1.853721
-1.881309
-1.785070
-1.650074
-1.597994
-1.631972
-1.570526
-1.528265
-1.513998
-1.511809
-1.499213
-1.462858
-1.398492
-1.318158
-1.216407
-1.091905
-1.244597
-1.367443
-1.484038
-1.594704
-1.700392
-1.804181
-1.759809
-1.648870
-1.573825
-1.565796
-1.502658
-1.478947
-1.462707
-1.490201
-1.459206
-1.404616
-1.327141
-1.234282
-1.122290
-0.983124
-1.153474
-1.310779
-1.445987
-1.577959
-1.703076
-1.793083
-1.735397
-1.640720
-1.603654
-1.625908
-1.588529
-1.577502
-1.593514
-1.621771
-1.595258
-1.542502
-1.465313
-1.373280
-1.262380
-1.130725
-1.263778
-1.411725
-1.538231
-1.665345
-1.776978
-1.881639
-1.833077
-1.734447
-1.662924
-1.636472
-1.588533
-1.568144
-1.555034
-1.600917
-1.592148
-1.555678
-1.487230
-1.402709
-1.298107
-1.169668
-1.322933
-1.423391
-1.531599
-1.646512
-1.755248
-1.795915
-1.699090
-1.595240
-1.552500
-1.574681
-1.524798
-1.493523
-1.517616
-1.565459
-1.597981
-1.598619
-1.569051
-1.520919
-1.449908
-1.354891
-1.467037
-1.570471
-1.674457
-1.775371
-1.861367
-1.940893
-1.886032
-1.791285
-1.687238
-1.629798
-1.578158
-1.560838
-1.553278
-1.597671
-1.585539
-1.548635
-1.484742
-1.402837
-1.298323
-1.168979
-1.310008
-1.413329
-1.532155
-1.652658
-1.762293
-1.825710
-1.764971
-1.702298
-1.650126
-1.618021
-1.563154
-1.537535
-1.533436
-1.578552
-1.587601
-1.565140
-1.510372
-1.439979
-1.342983
-1.218578
-1.360978
-1.442669
-1.541537
-1.644412
-1.741703
-1.813082
-1.765803
-1.691798
-1.603416
-1.543092
-1.475381
-1.433436
-1.446152
-1.422918
-1.457657
-1.459647
-1.430512
-1.382404
-1.308684
-1.210194
-1.344510
-1.426526
-1.524339
-1.634424
-1.726019
-1.758583
-1.684584
-1.591808
-1.502977
-1.470190
-1.430392
-1.402749
-1.437978
-1.477940
-1.536344
-1.561411
-1.554373
-1.524902
-1.471890
-1.393275
-1.448382
-1.592317
-1.726629
-1.845595
-1.936244
-2.003942
-1.952183
-1.870123
-1.771164
-1.696541
-1.661140
-1.666669
-1.692749
-1.708017
-1.673183
-1.617296
-1.533410
-1.430847
-1.302711
-1.146440
-1.284893
-1.369017
-1.463865
-1.572597
-1.679064
-1.783351
-1.787512
-1.751396
-1.668101
-1.563699
-1.483285
-1.462103
-1.485989
-1.493545
-1.519225
-1.512327
-1.469879
-1.405698
-1.316148
-1.200175
-1.318266
-1.389931
-1.477667
-1.583549
-1.695577
-1.793772
-1.759660
-1.692500
-1.624830
-1.576444
-1.509563
-1.488109
-1.466431
-1.522415
-1.519634
-1.486102
-1.423957
-1.339171
-1.226911
-1.086739
-1.222469
-1.336953
-1.452093
-1.572955
-1.687551
-1.791928
-1.772818
-1.708667
-1.638226
-1.595524
-1.541540
-1.530284
-1.514010
-1.558978
-1.543618
-1.499985
-1.428373
-1.333942
-1.211462
-1.057857
-1.208320
-1.295424
-1.403251
-1.524880
-1.646450
-1.727544
-1.695251
-1.652370
-1.604929
-1.559611
-1.494366
-1.464709
-1.471969
-1.468828
-1.484123
-1.467020
-1.416707
-1.349748
-1.256755
-1.135190
-1.268658
-1.351587
-1.462162
-1.578861
-1.687331
-1.751325
-1.707601
-1.647317
-1.569640
-1.496891
-1.438782
-1.413405
-1.437444
-1.458722
-1.495081
-1.493862
-1.456445
-1.402388
-1.319644
-1.206463
-1.336430
-1.402481
-1.486010
-1.582971
-1.681855
-1.730898
-1.688555
-1.606655
-1.502834
-1.428148
-1.374081
-1.355585
-1.382084
-1.389013
-1.443979
-1.462269
-1.450829
-1.415353
-1.354199
-1.293581
-1.407672
-1.486707
-1.576357
-1.675246
-1.773069
-1.850328
-1.824750
-1.759561
-1.663447
-1.574613
-1.522328
-1.522604
-1.527966
-1.575467
-1.563314
-1.523066
-1.456555
-1.364730
-1.245520
-1.152501
-1.281871
-1.333480
-1.409449
-1.511551
-1.623388
-1.697415
-1.676320
-1.623369
-1.551188
-1.491805
-1.426775
-1.400533
-1.414519
-1.404812
-1.435996
-1.428675
-1.393029
-1.333770
-1.245048
-1.165905
-1.300741
-1.376080
-1.480345
-1.588721
-1.694976
-1.751848
-1.695846
-1.615597
-1.538209
-1.480713
-1.431548
-1.422264
-1.424932
-1.371768
-1.380604
-1.363371
-1.324393
-1.262067
-1.163662
-1.085699
-1.200584
-1.250013
-1.336872
-1.441046
-1.560611
-1.669460
-1.679307
-1.623408
-1.507972
-1.429313
-1.408225
-1.404070
-1.385494
-1.404920
-1.421282
-1.404110
-1.359820
-1.286251
-1.184216
-1.091677
-1.247889
-1.444746
-1.613208
-1.740518
-1.843139
-1.877033
-1.839552
-1.779234
-1.767898
-1.748974
-1.674415
-1.607453
-1.520788
-1.515857
-1.456331
-1.377853
-1.285541
-1.164304
-1.008338
-0.929533
-1.079017
-1.126348
-1.226379
-1.347922
-1.484257
-1.575000
-1.579949
-1.528274
-1.434810
-1.376048
-1.345400
-1.334563
-1.326277
-1.143871
-1.076680
-1.102297
-1.087657
-1.049619
-0.976070
-0.916432
-1.113034
-1.291073
-1.444200
-1.588883
-1.708036
-1.751437
-1.709271
-1.655964
-1.654742
-1.633111
-1.566788
-1.512697
-1.416318
-1.421373
-1.365278
-1.288476
-1.187903
-1.055930
-0.888040
-0.928959
-1.091187
-1.202645
-1.307570
-1.438011
-1.569590
-1.639405
-1.611249
-1.549566
-1.502532
-1.439447
-1.384462
-1.369514
-1.374724
-1.370797
-1.371868
-1.335572
-1.274942
-1.189959
-1.075228
-0.988736
-1.116514
-1.179782
-1.264089
-1.388173
-1.525503
-1.632027
-1.586579
-1.481847
-1.439759
-1.405585
-1.334902
-1.317421
-1.320974
-1.357192
-1.360450
-1.326060
-1.266389
-1.185810
-1.074636
-0.988210
-1.125651
-1.220087
-1.330440
-1.475186
-1.622707
-1.700138
-1.634599
-1.527754
-1.501538
-1.489943
-1.452078
-1.447238
-1.474759
-1.527991
-1.519200
-1.475593
-1.403839
-1.306772
-1.176459
-1.062712
-1.197111
-1.257657
-1.338418
-1.451175
-1.574410
-1.651242
-1.615667
-1.541266
-1.484857
-1.425659
-1.369598
-1.374263
-1.378346
-1.335384
-1.342623
-1.312472
-1.256633
-1.170065
-1.049573
-0.955858
-1.092906
-1.183635
-1.293445
-1.422514
-1.546412
-1.612729
-1.546664
-1.443927
-1.412654
-1.373892
-1.324627
-1.324172
-1.299498
-1.345764
-1.335816
-1.290036
-1.219482
-1.119557
-0.979557
-0.925108
-1.069270
-1.168082
-1.274861
-1.423754
-1.565573
-1.641308
-1.585231
-1.484973
-1.454972
-1.438418
-1.385918
-1.378479
-1.358164
-1.400027
-1.375621
-1.315953
-1.230724
-1.116314
-0.965641
-0.927673
-1.085080
-1.182516
-1.283655
-1.410881
-1.540621
-1.625902
-1.580994
-1.494193
-1.458506
-1.414332
-1.350680
-1.333001
-1.332014
-1.353324
-1.352878
-1.313864
-1.246626
-1.148444
-1.009373
-0.928132
-1.088039
-1.174392
-1.276232
-1.405013
-1.528524
-1.578318
-1.503144
-1.421885
-1.417475
-1.391371
-1.356810
-1.354177
-1.330997
-1.283633
-1.284270
-1.250835
-1.190171
-1.098728
-0.962133
-0.928332
-1.069905
-1.145033
-1.243178
-1.382295
-1.519998
-1.580185
-1.520147
-1.436135
-1.394654
-1.345053
-1.299672
-1.313718
-1.251735
-1.301406
-1.281846
-1.231968
-1.161295
-1.062560
-0.922628
-0.921656
-1.081936
-1.199936
-1.316015
-1.463219
-1.600059
-1.685290
-1.616743
-1.484406
-1.442600
-1.437659
-1.405765
-1.408700
-1.415109
-1.431231
-1.385692
-1.307385
-1.199411
-1.062872
-0.887996
-0.926537
-1.092462
-1.193241
-1.306271
-1.450221
-1.596971
-1.678664
-1.626528
-1.545886
-1.529419
-1.517184
-1.477219
-1.457265
-1.403583
-1.438969
-1.410184
-1.350226
-1.261430
-1.140549
-0.984679
-0.960585
-1.144939
-1.286207
-1.381936
-1.505515
-1.636427
-1.665286
-1.603236
-1.539355
-1.527780
-1.494161
-1.471797
-1.458983
-1.365198
-1.406418
-1.380255
-1.325928
-1.246091
-1.130396
-0.969935
-0.958928
-1.104607
-1.180859
-1.280898
-1.403795
-1.541226
-1.604528
-1.536092
-1.427409
-1.386669
-1.354971
-1.323105
-1.311093
-1.220283
-1.237765
-1.188281
-1.114048
-1.013680
-0.887937
-0.888000
-0.946812
-1.082369
-1.202909
-1.297145
-1.440472
-1.582677
-1.615651
-1.551597
-1.486341
-1.493114
-1.475095
-1.457720
-1.437932
-1.350802
-1.402180
-1.386874
-1.338506
-1.258960
-1.143727
-0.989220
-0.956002
-1.135993
-1.263160
-1.360174
-1.481456
-1.638938
-1.699547
-1.632167
-1.542830
-1.513351
-1.482365
-1.430537
-1.412433
-1.375912
-1.373462
-1.314415
-1.231591
-1.115071
-0.945412
-0.888000
-0.954638
-1.052694
-1.098882
-1.190070
-1.347613
-1.497896
-1.557454
-1.505528
-1.485529
-1.531960
-1.540870
-1.513133
-1.474138
-1.348749
-1.314801
-1.277999
-1.214984
-1.126070
-1.000996
-0.887993
-0.966000
-1.151895
-1.349825
-1.479152
-1.614657
-1.759975
-1.815966
-1.765121
-1.704827
-1.685770
-1.651305
-1.613701
-1.598014
-1.565076
-1.561206
-1.502070
-1.415460
-1.305651
-1.165972
-0.987906
-0.966463
-1.116424
-1.181983
-1.281070
-1.415848
-1.586644
-1.693500
-1.662167
-1.577107
-1.510665
-1.478482
-1.435373
-1.416210
-1.338589
-1.359479
-1.332489
-1.269452
-1.176729
-1.042606
-0.888000
-0.964709
-1.084351
-1.153518
-1.226984
-1.353968
-1.490814
-1.539197
-1.472505
-1.414492
-1.446504
-1.458144
-1.441365
-1.418307
-1.293530
-1.218585
-1.198703
-1.149608
-1.070417
-0.945713
-0.888000
-0.969384
-1.148690
-1.291018
-1.398826
-1.540321
-1.691363
-1.754846
-1.684404
-1.599081
-1.575162
-1.546545
-1.496570
-1.475351
-1.427809
-1.433340
-1.376021
-1.285992
-1.168656
-1.020030
-0.888000
-0.928194
-1.079533
-1.157781
-1.253561
-1.406850
-1.568416
-1.658664
-1.617491
-1.552650
-1.529367
-1.507420
-1.505844
-1.476768
-1.403688
-1.412755
-1.392910
-1.334154
-1.243625
-1.116307
-0.944379
-0.928658
-1.086441
-1.178573
-1.254757
-1.375471
-1.518808
-1.592345
-1.540149
-1.477330
-1.459660
-1.408527
-1.366494
-1.375997
-1.350415
-1.280997
-1.294342
-1.280002
-1.234013
-1.152066
-1.026157
-0.904412
-1.057109
-1.158703
-1.256473
-1.419854
-1.605653
-1.723441
-1.652948
-1.544318
-1.514667
-1.511858
-1.476916
-1.441994
-1.344313
-1.346393
-1.283838
-1.191190
-1.069558
-0.908261
-0.888000
-0.928220
-1.065505
-1.145357
-1.238314
-1.385967
-1.567236
-1.663563
-1.655136
-1.667507
-1.731275
-1.745131
-1.673070
-1.583599
-1.463690
-1.433302
-1.379452
-1.296352
-1.191256
-1.048155
-0.887999
-0.928565
-1.098342
-1.230416
-1.328121
-1.436947
-1.568357
-1.651184
-1.628936
-1.580370
-1.545194
-1.468857
-1.404211
-1.346315
-1.191561
-1.226105
-1.178073
-1.097612
-0.989819
-0.889038
-0.888000
-0.928513
-1.097932
-1.215765
-1.284743
-1.401791
-1.554285
-1.654330
-1.625977
-1.609840
-1.658235
-1.684949
-1.633141
-1.554475
-1.459635
-1.324574
-1.290492
-1.218334
-1.119916
-0.978594
-0.888000
-0.928307
-1.089332
-1.211931
-1.291130
-1.399748
-1.566553
-1.668920
-1.650677
-1.602717
-1.563303
-1.495757
-1.451590
-1.410251
-1.328851
-1.304371
-1.281665
-1.217587
-1.117934
-0.978682
-0.888000
-0.888000
-1.064064
-1.182260
-1.253854
-1.374148
-1.530917
-1.643803
-1.610297
-1.575930
-1.599005
-1.592412
-1.576099
-1.529162
-1.441123
-1.311646
-1.305690
-1.257607
-1.170094
-1.045274
-0.887326
-0.889143
-1.078590
-1.224891
-1.313283
-1.413159
-1.575207
-1.676600
-1.643528
-1.594530
-1.576346
-1.548690
-1.519623
-1.477907
-1.392403
-1.228019
-1.218281
-1.160999
-1.058282
-0.914957
-0.888000
-0.888000
-1.079471
-1.217959
-1.324094
-1.439856
-1.612852
-1.732185
-1.751320
-1.744452
-1.781457
-1.797265
-1.713439
-1.605665
-1.517429
-1.339150
-1.304145
-1.246347
-1.151500
-1.021077
-0.888000
-0.888000
-1.039928
-1.147764
-1.210216
-1.327597
-1.498321
-1.635959
-1.642771
-1.598331
-1.526965
-1.447075
-1.398061
-1.367802
-1.307997
-1.223831
-1.221525
-1.174842
-1.085859
-0.957076
-0.888000
-0.888000
-1.050668
-1.156530
-1.217640
-1.321644
-1.470460
-1.592252
-1.559493
-1.553421
-1.589334
-1.604215
-1.610943
-1.557090
-1.461403
-1.281709
-1.217560
-1.201996
-1.149701
-1.060616
-0.922994
-0.888000
-1.087929
-1.224560
-1.320642
-1.439823
-1.616520
-1.745578
-1.739928
-1.708143
-1.680164
-1.645527
-1.625223
-1.562755
-1.526897
-1.447049
-1.411406
-1.339101
-1.226085
-1.083108
-0.895195
-0.888000
-1.058845
-1.159670
-1.220720
-1.327109
-1.491228
-1.623873
-1.623381
-1.612121
-1.621811
-1.581343
-1.558740
-1.563290
-1.460136
-1.304847
-1.310009
-1.259020
-1.175036
-1.055467
-0.886449
-0.888000
-1.039469
-1.189452
-1.304615
-1.432034
-1.595270
-1.733342
-1.730830
-1.709751
-1.709687
-1.680748
-1.655584
-1.590493
-1.480338
-1.398015
-1.377517
-1.313882
-1.213060
-1.077944
-0.894391
-0.888000
-1.035673
-1.185899
-1.297554
-1.417125
-1.584999
-1.713618
-1.704815
-1.677194
-1.668586
-1.618571
-1.581749
-1.557868
-1.403445
-1.365229
-1.337797
-1.267725
-1.156609
-1.012872
-0.888000
-0.888000
-1.028975
-1.177532
-1.295393
-1.428428
-1.597425
-1.744750
-1.752842
-1.747391
-1.759418
-1.757972
-1.719746
-1.663525
-1.604461
-1.482042
-1.366974
-1.338910
-1.270420
-1.174963
-1.032847
-0.888000
-1.037511
-1.181364
-1.278536
-1.402597
-1.577097
-1.725541
-1.742562
-1.718958
-1.699237
-1.673216
-1.633661
-1.554091
-1.460012
-1.392685
-1.289385
-1.257993
-1.187685
-1.072661
-0.899243
-0.888000
-1.044795
-1.237092
-1.360298
-1.457657
-1.607770
-1.751152
-1.798597
-1.829377
-1.863860
-1.910226
-1.857714
-1.812323
-1.721742
-1.609980
-1.480846
-1.455041
-1.406740
-1.343155
-1.239666
-1.093818
-1.157794
-1.269100
-1.321200
-1.419654
-1.580697
-1.732441
-1.787071
-1.794487
-1.797330
-1.770117
-1.718998
-1.630490
-1.452663
-1.447787
-1.430600
-1.367139
-1.265904
-1.126033
-0.936319
-0.889507
-1.051967
-1.253232
-1.382738
-1.481878
-1.630797
-1.786035
-1.842475
-1.884369
-1.937764
-1.981980
-1.935082
-1.864017
-1.798508
-1.699762
-1.593230
-1.563753
-1.529290
-1.467787
-1.370078
-1.232381
-1.216817
-1.330351
-1.391683
-1.484603
-1.641464
-1.797658
-1.854010
-1.861727
-1.874186
-1.847763
-1.776152
-1.706477
-1.531557
-1.574561
-1.556926
-1.489750
-1.389438
-1.255538
-1.076640
-0.887997
-1.008490
-1.193884
-1.298487
-1.402654
-1.579815
-1.751136
-1.827866
-1.862490
-1.893506
-1.943559
-1.896163
-1.830307
-1.758262
-1.646403
-1.531464
-1.421393
-1.398437
-1.344921
-1.252679
-1.125374
-1.116094
-1.233276
-1.284512
-1.373288
-1.527727
-1.694560
-1.765299
-1.784080
-1.801084
-1.750196
-1.654806
-1.582474
-1.447451
-1.492199
-1.455606
-1.377218
-1.259905
-1.107499
-0.913232
-0.888000
-0.987488
-1.120358
-1.194071
-1.291210
-1.447349
-1.597944
-1.654476
-1.689419
-1.725864
-1.755991
-1.722448
-1.649649
-1.551908
-1.499187
-1.439992
-1.238689
-1.136060
-1.094299
-1.007494
-0.887758
-1.006231
-1.190849
-1.330798
-1.413236
-1.524414
-1.654164
-1.683586
-1.700709
-1.718189
-1.686977
-1.649685
-1.580944
-1.404234
-1.387276
-1.399914
-1.354145
-1.271171
-1.155769
-0.988584
-0.888000
-0.983155
-1.124214
-1.223908
-1.335153
-1.497291
-1.660925
-1.707034
-1.718246
-1.741803
-1.742692
-1.700991
-1.628049
-1.521916
-1.451086
-1.355091
-1.349644
-1.307351
-1.229386
-1.107643
-0.941545
-0.980477
-1.138751
-1.249660
-1.367443
-1.548613
-1.726346
-1.787923
-1.787670
-1.805461
-1.784338
-1.705295
-1.628915
-1.466437
-1.524728
-1.505062
-1.431578
-1.320333
-1.176448
-0.989864
-0.888000
-0.979019
-1.084249
-1.191626
-1.299794
-1.468343
-1.636483
-1.727099
-1.759984
-1.806488
-1.860318
-1.840291
-1.733298
-1.629983
-1.579606
-1.502247
-1.473802
-1.410881
-1.317010
-1.182013
-0.997073
-0.936445
-1.048890
-1.176072
-1.283462
-1.435832
-1.618215
-1.718663
-1.744712
-1.769728
-1.775281
-1.775545
-1.676930
-1.553268
-1.453382
-1.461672
-1.414831
-1.332815
-1.220400
-1.062804
-0.887999
-0.948588
-1.014855
-1.094772
-1.190680
-1.333394
-1.520203
-1.626970
-1.658369
-1.699312
-1.709945
-1.691562
-1.662104
-1.558373
-1.399551
-1.427404
-1.387202
-1.307710
-1.198816
-1.043780
-0.888000
-0.946166
-1.023201
-1.135359
-1.243611
-1.407668
-1.603468
-1.704943
-1.738957
-1.789609
-1.816595
-1.771681
-1.679793
-1.545573
-1.431378
-1.427413
-1.397855
-1.330518
-1.236683
-1.098551
-0.901666
-0.941520
-1.026345
-1.105237
-1.216776
-1.388301
-1.576701
-1.685569
-1.734639
-1.772913
-1.724435
-1.647737
-1.605748
-1.511687
-1.529605
-1.553458
-1.503652
-1.418222
-1.294841
-1.125365
-0.923831
-0.944868
-1.083748
-1.223655
-1.341958
-1.486371
-1.650684
-1.739820
-1.758610
-1.778897
-1.794977
-1.744663
-1.659203
-1.537214
-1.463694
-1.420012
-1.406317
-1.352023
-1.263495
-1.133138
-0.941490
-0.954139
-1.077282
-1.188075
-1.273870
-1.409970
-1.603557
-1.730065
-1.762803
-1.810630
-1.829858
-1.787027
-1.702538
-1.594506
-1.582762
-1.590000
-1.533643
-1.437047
-1.305360
-1.132457
-0.930994
-0.942751
-1.028654
-1.127736
-1.234398
-1.357445
-1.545238
-1.672357
-1.701937
-1.739297
-1.748184
-1.712153
-1.657121
-1.512169
-1.442815
-1.465563
-1.424578
-1.344809
-1.238222
-1.086537
-0.888000
-0.912815
-0.966488
-1.051818
-1.146019
-1.290546
-1.475317
-1.631918
-1.687278
-1.715660
-1.665903
-1.599347
-1.568941
-1.483746
-1.393949
-1.418044
-1.378551
-1.299586
-1.190090
-1.034058
-0.888000
-0.916848
-1.002624
-1.087782
-1.155537
-1.300828
-1.493910
-1.638391
-1.674621
-1.729566
-1.763834
-1.744709
-1.664207
-1.558161
-1.477893
-1.418800
-1.397163
-1.328519
-1.232280
-1.094809
-0.898700
-0.907885
-0.982321
-1.077916
-1.166990
-1.295069
-1.485253
-1.651469
-1.714947
-1.761277
-1.749327
-1.702536
-1.636273
-1.506071
-1.450560
-1.472154
-1.437382
-1.358242
-1.248570
-1.096237
-0.896089
-0.911129
-0.987468
-1.080269
-1.175293
-1.303859
-1.490483
-1.653161
-1.705062
-1.739359
-1.731079
-1.693378
-1.645175
-1.526126
-1.463142
-1.423614
-1.392518
-1.316260
-1.211132
-1.062329
-0.887999
-0.912784
-0.969102
-1.052347
-1.141410
-1.268207
-1.457287
-1.626186
-1.680463
-1.721648
-1.715203
-1.666737
-1.637519
-1.551299
-1.411179
-1.442107
-1.404073
-1.325493
-1.218546
-1.066424
-0.887999
-0.913797
-0.968372
-1.042436
-1.125564
-1.265354
-1.460064
-1.643460
-1.706487
-1.752711
-1.754487
-1.721334
-1.673948
-1.558775
-1.443898
-1.429675
-1.402251
-1.333683
-1.234994
-1.093944
-0.896311
-0.916356
-0.999288
-1.062240
-1.152564
-1.321017
-1.509985
-1.701993
-1.763906
-1.817425
-1.812494
-1.755369
-1.676265
-1.592994
-1.580400
-1.606627
-1.561882
-1.479483
-1.348503
-1.186830
-0.987857
-0.888000
-0.966704
-1.061425
-1.151402
-1.275508
-1.474636
-1.665234
-1.704071
-1.735085
-1.749570
-1.692592
-1.615154
-1.524375
-1.338769
-1.329077
-1.288290
-1.216645
-1.090218
-0.922048
-0.888000
-0.888000
-0.975420
-1.045218
-1.107930
-1.230173
-1.419020
-1.609036
-1.684299
-1.765394
-1.815751
-1.798603
-1.699063
-1.599133
-1.532585
-1.489064
-1.492555
-1.453395
-1.373288
-1.263523
-1.102301
-0.902645
-0.986485
-1.082476
-1.185577
-1.323580
-1.520687
-1.720722
-1.786798
-1.843852
-1.859903
-1.796484
-1.711614
-1.621722
-1.653052
-1.597065
-1.552744
-1.473057
-1.339137
-1.176272
-0.975696
-0.888000
-1.025393
-1.133294
-1.225405
-1.347144
-1.538521
-1.714108
-1.785323
-1.818948
-1.870343
-1.882402
-1.789228
-1.700214
-1.735848
-1.573728
-1.526755
-1.491256
-1.408190
-1.298399
-1.130364
-0.928891
-1.003862
-1.095490
-1.165053
-1.271925
-1.471886
-1.673323
-1.776081
-1.841101
-1.904659
-1.915265
-1.831828
-1.759426
-1.595301
-1.622361
-1.582721
-1.507351
-1.382427
-1.227454
-1.030167
-0.888000
-0.977132
-1.038991
-1.118840
-1.207424
-1.405825
-1.606566
-1.706657
-1.745499
-1.804494
-1.862251
-1.784071
-1.677521
-1.562838
-1.404429
-1.384558
-1.324601
-1.214958
-1.072280
-0.887996
-0.888000
-0.963026
-1.035763
-1.072457
-1.140212
-1.321479
-1.520729
-1.622730
-1.701167
-1.778769
-1.786315
-1.760280
-1.681748
-1.503941
-1.500731
-1.507656
-1.460327
-1.371373
-1.249867
-1.071601
-0.887998
-0.972668
-1.095390
-1.191947
-1.308241
-1.505942
-1.699042
-1.783096
-1.810351
-1.848426
-1.877258
-1.788019
-1.702724
-1.650391
-1.506068
-1.484939
-1.422518
-1.325136
-1.194803
-1.011320
-0.888000
-0.915241
-0.985978
-1.066908
-1.148706
-1.328565
-1.530748
-1.628496
-1.674980
-1.735690
-1.772152
-1.710398
-1.626364
-1.459735
-1.432292
-1.401075
-1.326964
-1.211147
-1.057569
-0.888000
-0.888000
-0.924617
-1.011024
-1.079718
-1.177362
-1.375303
-1.576730
-1.698083
-1.750978
-1.811915
-1.864855
-1.763634
-1.658722
-1.571115
-1.416348
-1.407297
-1.350791
-1.255922
-1.126833
-0.941308
-0.888000
-0.922509
-1.001206
-1.054308
-1.124995
-1.320542
-1.522316
-1.631579
-1.682410
-1.747455
-1.788786
-1.731029
-1.639061
-1.459663
-1.421930
-1.394046
-1.321616
-1.203872
-1.045091
-0.888000
-0.888000
-0.936491
-1.032353
-1.100046
-1.175119
-1.336045
-1.536182
-1.644237
-1.711778
-1.789956
-1.822896
-1.764652
-1.684499
-1.598066
-1.523350
-1.519174
-1.461911
-1.363571
-1.232277
-1.047108
-0.888000
-0.972107
-1.082820
-1.166305
-1.255563
-1.436943
-1.633417
-1.742287
-1.772405
-1.814557
-1.872555
-1.787495
-1.696265
-1.609922
-1.490453
-1.466112
-1.398895
-1.293831
-1.154946
-0.964387
-0.888000
-0.915387
-0.993370
-1.068923
-1.136417
-1.305738
-1.508459
-1.632506
-1.685095
-1.750389
-1.815791
-1.763148
-1.664702
-1.504241
-1.422113
-1.400873
-1.327700
-1.216158
-1.065724
-0.887998
-0.888000
-0.921349
-1.020248
-1.098576
-1.176782
-1.323656
-1.524611
-1.641238
-1.707011
-1.787393
-1.820737
-1.774961
-1.713850
-1.548323
-1.592486
-1.562588
-1.480628
-1.362258
-1.210616
-1.016168
-0.888000
-0.961545
-1.072803
-1.168666
-1.265681
-1.455671
-1.652724
-1.762143
-1.770494
-1.791337
-1.853447
-1.795060
-1.690573
-1.586152
-1.467489
-1.375754
-1.318632
-1.224850
-1.097492
-0.916712
-0.888000
-0.922011
-1.015981
-1.075760
-1.152021
-1.292765
-1.494596
-1.635482
-1.731644
-1.821681
-1.872478
-1.802542
-1.738487
-1.619715
-1.654568
-1.620689
-1.538173
-1.421151
-1.274019
-1.082448
-0.887997
-0.946704
-1.051805
-1.156959
-1.263882
-1.442134
-1.643362
-1.752915
-1.777886
-1.808849
-1.821802
-1.727730
-1.630901
-1.535848
-1.392029
-1.370244
-1.296556
-1.181944
-1.030654
-0.888000
-0.888000
-0.943651
-1.051007
-1.127088
-1.195945
-1.342461
-1.544428
-1.672694
-1.732465
-1.793925
-1.822573
-1.746240
-1.678344
-1.533377
-1.565318
-1.523444
-1.434494
-1.310724
-1.154462
-0.955615
-0.888000
-0.986168
-1.115665
-1.207711
-1.293429
-1.465085
-1.661884
-1.763769
-1.768667
-1.783543
-1.818830
-1.734891
-1.630069
-1.530655
-1.456742
-1.346592
-1.287956
-1.192754
-1.060427
-0.887997
-0.888000
-0.947409
-1.040848
-1.099718
-1.158850
-1.309296
-1.511011
-1.665899
-1.748964
-1.830035
-1.905949
-1.829142
-1.748167
-1.655364
-1.639789
-1.620592
-1.550095
-1.442485
-1.307140
-1.125564
-0.924171
-0.938885
-1.100114
-1.240985
-1.332538
-1.496915
-1.689545
-1.790372
-1.806401
-1.829801
-1.851568
-1.769337
-1.692415
-1.566710
-1.527093
-1.461519
-1.356438
-1.211979
-1.032127
-0.888000
-0.888000
-0.943989
-1.075405
-1.179443
-1.242200
-1.405248
-1.599793
-1.731742
-1.742074
-1.770481
-1.832064
-1.806402
-1.698554
-1.570442
-1.504614
-1.416010
-1.350542
-1.244667
-1.102838
-0.913128
-0.888000
-0.928824
-1.049753
-1.143368
-1.232267
-1.401185
-1.601789
-1.727585
-1.760949
-1.804791
-1.866783
-1.823650
-1.731573
-1.617500
-1.569252
-1.515666
-1.447729
-1.343955
-1.205592
-1.020414
-0.888000
-0.926261
-1.048550
-1.149359
-1.241590
-1.398993
-1.601273
-1.735880
-1.775666
-1.818828
-1.852932
-1.787169
-1.708849
-1.602661
-1.566548
-1.537355
-1.454704
-1.337390
-1.186518
-0.992135
-0.888000
-0.938484
-1.089079
-1.199498
-1.275326
-1.413322
-1.610143
-1.766870
-1.784509
-1.795304
-1.871364
-1.838350
-1.744230
-1.643038
-1.487196
-1.455187
-1.371394
-1.252982
-1.097074
-0.899190
-0.888000
-0.902443
-0.992309
-1.059274
-1.127561
-1.249020
-1.451435
-1.614739
-1.659977
-1.717230
-1.796155
-1.780688
-1.700880
-1.581502
-1.505998
-1.480158
-1.400292
-1.289879
-1.145245
-0.954139
-0.888000
-0.923486
-1.051971
-1.150579
-1.229818
-1.368280
-1.570257
-1.729386
-1.751721
-1.764542
-1.821747
-1.798591
-1.713515
-1.582049
-1.488358
-1.447096
-1.356972
-1.231237
-1.073254
-0.887997
-0.888000
-0.903319
-1.001587
-1.055393
-1.128694
-1.260791
-1.462607
-1.653407
-1.729792
-1.790946
-1.896083
-1.887899
-1.799334
-1.667217
-1.566354
-1.536643
-1.459852
-1.347836
-1.205241
-1.018245
-0.888000
-0.902126
-1.020901
-1.125195
-1.222601
-1.374901
-1.577833
-1.744727
-1.785043
-1.810397
-1.856972
-1.817321
-1.734481
-1.624537
-1.533617
-1.501338
-1.415254
-1.293797
-1.141742
-0.945193
-0.888000
-0.905531
-1.044705
-1.118534
-1.196491
-1.330461
-1.532897
-1.719949
-1.766722
-1.789632
-1.867359
-1.862400
-1.770575
-1.644994
-1.509019
-1.476502
-1.389151
-1.267641
-1.112801
-0.915217
-0.888000
-0.899584
-1.020284
-1.116221
-1.197308
-1.340003
-1.543026
-1.728218
-1.768889
-1.789918
-1.850624
-1.845135
-1.753259
-1.639895
-1.495256
-1.472190
-1.388869
-1.270262
-1.120856
-0.925968
-0.888000
-0.907570
-1.044290
-1.137412
-1.215592
-1.347920
-1.550470
-1.732412
-1.769491
-1.783117
-1.842249
-1.846626
-1.763201
-1.636882
-1.537911
-1.501021
-1.410454
-1.286591
-1.133365
-0.938253
-0.888000
-0.912783
-1.030503
-1.106107
-1.188324
-1.297528
-1.499223
-1.697550
-1.761689
-1.793440
-1.888975
-1.897664
-1.805062
-1.693050
-1.558729
-1.481628
-1.412165
-1.307267
-1.167272
-0.983037
-0.888000
-0.905103
-1.028824
-1.091375
-1.160132
-1.282299
-1.483815
-1.664637
-1.738412
-1.791965
-1.830652
-1.764214
-1.707898
-1.584498
-1.625946
-1.597178
-1.516418
-1.407623
-1.266473
-1.075808
-0.887997
-0.931391
-1.118553
-1.260858
-1.335201
-1.462564
-1.655054
-1.808494
-1.829637
-1.808994
-1.841332
-1.802048
-1.701341
-1.583599
-1.560486
-1.364303
-1.279897
-1.184680
-1.032664
-0.887966
-0.888000
-0.888183
-1.044169
-1.136119
-1.224911
-1.339017
-1.538787
-1.720349
-1.829670
-1.895764
-1.958293
-1.919280
-1.890714
-1.872053
-1.885096
-1.840273
-1.752107
-1.641676
-1.487332
-1.299152
-1.097685
-0.896635
-1.097261
-1.275226
-1.451915
-1.637498
-1.837002
-2.015388
-2.087187
-2.079235
-2.047958
-1.951851
-1.873244
-1.827840
-1.666611
-1.619383
-1.521411
-1.397950
-1.219376
-1.017952
-0.888000
-0.895528
-1.085443
-1.163310
-1.261527
-1.397360
-1.595879
-1.785721
-1.898656
-1.980263
-2.046120
-2.012191
-1.976227
-1.946797
-1.957876
-1.907888
-1.813830
-1.698155
-1.537544
-1.351803
-1.150353
-0.949132
-1.133617
-1.283520
-1.392055
-1.511575
-1.706292
-1.900567
-1.968637
-1.991691
-2.038956
-2.030565
-1.936069
-1.813974
-1.733174
-1.626686
-1.542869
-1.425150
-1.257117
-1.061437
-0.887999
-0.895882
-1.060712
-1.134850
-1.215535
-1.343251
-1.544418
-1.734366
-1.854114
-1.929549
-1.998294
-1.950859
-1.910254
-1.843575
-1.858613
-1.811228
-1.720429
-1.603736
-1.448219
-1.257934
-1.056585
-0.888000
-1.092316
-1.275340
-1.377606
-1.501599
-1.696524
-1.883471
-1.941353
-1.932230
-1.964747
-1.955786
-1.866442
-1.756810
-1.659113
-1.554211
-1.470969
-1.355955
-1.186404
-0.990680
-0.888000
-0.893401
-1.065918
-1.126373
-1.200175
-1.323905
-1.521835
-1.713263
-1.851274
-1.938463
-2.014628
-1.972387
-1.938958
-1.901573
-1.920596
-1.877477
-1.790471
-1.675273
-1.522472
-1.341330
-1.139960
-0.938910
-1.057883
-1.236229
-1.405370
-1.578761
-1.779460
-1.965692
-2.039800
-2.034818
-2.012210
-1.963392
-1.881896
-1.798110
-1.680350
-1.605508
-1.521095
-1.403566
-1.243716
-1.052106
-0.888000
-0.888000
-1.022679
-1.085296
-1.175999
-1.303138
-1.499046
-1.694755
-1.824890
-1.913099
-1.997565
-1.963643
-1.923012
-1.825433
-1.867241
-1.842519
-1.767789
-1.663690
-1.523796
-1.357112
-1.156704
-0.955367
-1.056461
-1.226015
-1.325776
-1.442844
-1.644442
-1.841630
-1.902037
-1.918324
-1.955416
-1.953711
-1.852639
-1.732334
-1.583926
-1.497314
-1.415872
-1.299887
-1.137779
-0.941656
-0.888000
-0.888429
-0.998397
-1.057194
-1.138170
-1.264080
-1.462412
-1.660375
-1.788775
-1.856438
-1.924014
-1.886049
-1.839813
-1.736426
-1.765998
-1.732282
-1.649668
-1.540067
-1.398172
-1.224595
-1.023345
-0.888512
-1.051180
-1.227840
-1.337862
-1.446658
-1.646893
-1.845288
-1.922876
-1.934748
-1.974702
-2.002192
-1.912078
-1.799256
-1.643514
-1.571973
-1.500376
-1.392386
-1.240828
-1.054837
-0.888000
-0.890860
-1.014648
-1.091577
-1.176469
-1.296056
-1.493097
-1.691911
-1.843054
-1.936664
-2.012076
-1.975267
-1.945233
-1.893477
-1.916905
-1.877528
-1.791449
-1.676669
-1.529673
-1.355580
-1.154226
-0.952929
-1.057279
-1.213416
-1.308607
-1.416118
-1.616511
-1.818144
-1.908635
-1.943287
-1.994178
-2.015726
-1.916495
-1.790938
-1.639627
-1.516784
-1.447703
-1.328323
-1.171786
-0.976708
-0.888000
-0.891918
-1.018964
-1.151102
-1.265585
-1.360066
-1.542956
-1.736301
-1.847520
-1.903908
-1.962979
-1.935100
-1.898436
-1.836517
-1.874932
-1.848828
-1.768478
-1.659828
-1.521603
-1.355206
-1.155363
-0.954184
-1.013657
-1.195519
-1.337226
-1.483780
-1.685206
-1.884879
-1.984536
-2.037845
-2.087587
-2.072166
-1.990033
-1.898512
-1.861835
-1.741307
-1.683227
-1.574624
-1.428770
-1.251402
-1.048822
-0.888000
-1.011753
-1.157324
-1.280482
-1.406739
-1.600404
-1.799737
-1.942112
-2.040045
-2.113257
-2.064679
-2.028355
-1.989252
-2.011317
-1.972045
-1.881621
-1.762709
-1.610982
-1.434935
-1.233841
-1.032640
-1.062063
-1.244368
-1.370744
-1.473837
-1.639366
-1.840029
-1.933669
-1.975652
-2.030317
-2.061264
-1.979594
-1.875867
-1.787340
-1.678438
-1.623376
-1.517075
-1.371695
-1.193631
-0.990342
-0.889506
-1.011535
-1.145562
-1.255785
-1.377253
-1.575320
-1.776604
-1.895787
-1.959722
-2.012197
-2.007243
-1.958978
-1.823529
-1.855272
-1.819500
-1.733190
-1.615884
-1.467461
-1.292880
-1.091648
-0.890450
-1.008916
-1.182774
-1.279189
-1.380959
-1.558021
-1.756112
-1.842658
-1.873134
-1.922439
-1.965107
-1.869526
-1.748598
-1.638048
-1.479553
-1.407770
-1.303777
-1.159357
-0.973005
-0.888000
-0.889376
-1.009123
-1.130609
-1.236535
-1.337439
-1.525652
-1.726482
-1.839539
-1.907262
-1.973377
-1.959520
-1.916548
-1.835921
-1.873959
-1.845385
-1.765902
-1.652972
-1.513750
-1.345708
-1.145336
-0.944118
-0.973213
-1.165879
-1.328199
-1.479226
-1.672657
-1.865907
-1.951816
-1.976204
-2.003733
-2.025129
-1.938637
-1.838307
-1.811494
-1.633591
-1.560921
-1.456774
-1.314683
-1.138213
-0.933626
-0.888603
-0.976595
-1.118819
-1.243124
-1.354672
-1.529516
-1.730978
-1.857383
-1.943280
-2.016913
-2.009670
-1.963393
-1.882111
-1.876164
-1.862340
-1.789608
-1.681022
-1.540805
-1.373197
-1.174392
-0.972890
-0.966201
-1.142564
-1.249372
-1.375449
-1.564089
-1.766582
-1.878876
-1.944879
-2.003067
-2.042929
-1.959868
-1.860783
-1.749499
-1.670535
-1.630723
-1.534619
-1.401258
-1.235471
-1.034800
-0.888429
-0.971053
-1.115548
-1.225879
-1.331108
-1.517508
-1.718967
-1.854236
-1.931512
-1.989383
-1.972882
-1.921746
-1.848879
-1.854795
-1.846642
-1.778257
-1.675396
-1.543022
-1.383889
-1.186816
-0.985430
-0.972204
-1.157955
-1.310062
-1.431146
-1.600311
-1.802543
-1.911619
-1.974232
-2.026694
-2.051559
-1.971626
-1.882742
-1.779059
-1.731853
-1.691911
-1.596261
-1.460307
-1.295353
-1.095991
-0.894627
-0.967392
-1.125668
-1.235475
-1.343200
-1.510869
-1.712893
-1.854709
-1.944355
-2.013305
-2.012751
-1.958974
-1.865027
-1.835118
-1.822647
-1.751822
-1.643223
-1.502326
-1.334935
-1.135044
-0.933686
-0.965030
-1.137074
-1.237689
-1.338374
-1.519577
-1.722700
-1.855609
-1.912803
-1.951007
-1.983852
-1.890010
-1.786091
-1.674536
-1.551199
-1.518416
-1.422471
-1.293191
-1.124415
-0.923067
-0.888079
-0.937218
-1.077121
-1.195927
-1.277133
-1.438523
-1.639835
-1.787411
-1.862521
-1.901159
-1.923940
-1.872766
-1.832109
-1.786560
-1.807530
-1.763346
-1.679278
-1.566840
-1.429060
-1.246159
-1.044639
-0.929759
-1.118251
-1.300977
-1.438252
-1.623775
-1.825992
-1.957627
-2.041620
-2.091157
-2.104589
-2.035005
-1.966145
-1.866104
-1.839501
-1.803687
-1.712028
-1.587194
-1.424595
-1.230393
-1.029367
-0.929475
-1.127696
-1.288686
-1.411049
-1.569876
-1.767011
-1.935827
-2.062621
-2.132255
-2.133094
-2.096462
-2.023713
-2.077905
-2.071312
-2.006864
-1.900035
-1.764073
-1.608076
-1.419913
-1.218600
-1.084890
-1.278782
-1.384237
-1.527827
-1.691670
-1.892264
-2.048876
-2.124434
-2.159741
-2.170131
-2.090801
-2.003807
-1.881847
-1.857224
-1.812130
-1.715889
-1.589422
-1.425901
-1.231296
-1.029988
-0.929584
-1.118724
-1.255560
-1.380039
-1.554311
-1.756382
-1.904510
-1.997266
-2.060190
-2.077382
-2.013001
-1.942406
-1.835178
-1.835927
-1.774379
-1.669407
-1.533618
-1.366066
-1.168879
-0.967289
-0.928632
-1.112369
-1.186561
-1.289186
-1.443504
-1.645543
-1.820561
-1.913468
-1.979072
-2.009427
-1.937641
-1.850404
-1.731861
-1.737168
-1.680961
-1.576749
-1.442535
-1.275706
-1.077696
-0.887996
-0.929874
-1.103806
-1.185011
-1.282969
-1.437275
-1.639801
-1.813740
-1.897204
-1.943151
-1.989482
-1.923209
-1.825475
-1.710868
-1.609517
-1.584112
-1.494704
-1.367208
-1.209974
-1.015577
-0.888000
-0.890414
-1.044606
-1.118880
-1.203288
-1.338476
-1.539429
-1.719253
-1.837580
-1.905422
-1.950164
-1.889586
-1.832564
-1.732837
-1.742887
-1.693395
-1.598231
-1.480387
-1.321713
-1.129902
-0.928222
-0.890115
-1.083372
-1.232040
-1.326319
-1.450415
-1.652174
-1.829758
-1.889686
-1.896053
-1.928315
-1.899543
-1.797146
-1.675912
-1.549927
-1.479452
-1.391586
-1.271606
-1.101519
-0.900365
-0.888000
-0.896530
-1.058975
-1.151682
-1.230662
-1.343830
-1.542656
-1.721549
-1.844576
-1.904345
-1.956059
-1.904278
-1.859635
-1.786842
-1.806950
-1.765024
-1.679853
-1.574748
-1.432981
-1.255262
-1.053878
-0.888000
-1.092045
-1.272130
-1.389915
-1.523573
-1.722127
-1.905463
-1.969611
-1.963770
-1.992535
-1.947255
-1.860853
-1.751172
-1.652943
-1.591677
-1.508086
-1.390660
-1.222216
-1.027811
-0.888000
-0.895311
-1.061422
-1.130981
-1.204500
-1.316238
-1.512898
-1.695904
-1.843885
-1.933996
-2.005842
-1.966337
-1.926732
-1.854059
-1.882958
-1.848318
-1.768296
-1.663311
-1.522934
-1.352639
-1.151205
-0.949847
-1.128006
-1.287795
-1.380975
-1.488365
-1.688958
-1.881107
-1.940761
-1.965407
-2.006177
-1.931091
-1.831139
-1.727756
-1.596399
-1.538948
-1.461944
-1.351084
-1.186864
-0.991382
-0.888000
-0.897480
-1.079430
-1.188315
-1.273553
-1.361284
-1.543854
-1.725337
-1.855119
-1.931076
-1.984179
-1.933059
-1.899539
-1.854728
-1.902387
-1.883417
-1.807850
-1.708316
-1.574244
-1.415199
-1.216926
-1.015687
-1.207697
-1.369649
-1.508087
-1.662011
-1.861750
-2.041061
-2.127451
-2.164361
-2.178033
-2.092198
-2.016275
-1.944314
-1.894642
-1.869682
-1.784888
-1.666309
-1.506860
-1.320243
-1.117751
-0.917989
-1.047977
-1.230801
-1.373912
-1.541842
-1.741167
-1.920013
-2.055034
-2.135036
-2.163696
-2.113343
-2.068807
-2.023635
-2.034874
-1.985687
-1.891897
-1.773011
-1.614487
-1.434533
-1.233255
-1.031929
-1.131494
-1.251787
-1.348893
-1.478384
-1.660385
-1.860859
-1.966954
-2.020830
-2.087333
-2.090465
-2.005212
-1.891237
-1.750774
-1.660004
-1.591509
-1.480646
-1.326186
-1.140111
-0.937693
-0.891236
-1.052346
-1.212686
-1.334588
-1.456901
-1.650999
-1.832284
-1.968048
-2.027563
-2.041673
-1.984639
-1.952872
-1.920894
-1.950348
-1.919060
-1.836200
-1.727284
-1.589723
-1.425310
-1.226347
-1.024938
-1.137012
-1.297816
-1.380095
-1.489954
-1.673035
-1.872827
-1.972000
-2.024735
-2.083016
-2.033228
-1.943608
-1.841436
-1.793894
-1.673574
-1.617400
-1.517093
-1.370434
-1.192385
-0.990545
-0.889944
-1.048889
-1.221535
-1.344792
-1.489808
-1.685424
-1.874707
-2.000231
-2.065361
-2.092377
-2.035145
-1.994370
-1.938779
-1.953800
-1.908474
-1.815040
-1.694865
-1.540987
-1.361899
-1.160833
-0.959470
-1.071396
-1.201371
-1.288318
-1.386528
-1.558949
-1.760313
-1.895520
-1.959242
-2.028946
-2.069047
-1.977565
-1.847223
-1.709127
-1.593781
-1.528708
-1.420614
-1.271732
-1.088921
-0.887999
-0.889661
-1.041734
-1.167412
-1.280602
-1.421880
-1.616163
-1.808042
-1.929296
-1.982584
-2.011537
-1.950899
-1.914307
-1.874615
-1.899187
-1.863609
-1.778244
-1.665692
-1.527076
-1.360222
-1.159686
-0.958481
-1.013909
-1.201024
-1.366330
-1.515604
-1.705796
-1.901897
-1.990496
-2.005352
-2.023482
-2.030873
-1.936101
-1.823500
-1.733548
-1.608528
-1.533584
-1.418893
-1.268370
-1.081277
-0.887996
-0.888825
-1.011526
-1.134907
-1.240240
-1.358642
-1.556270
-1.757569
-1.860485
-1.921948
-1.989001
-2.019136
-1.960722
-1.870554
-1.789989
-1.773524
-1.701034
-1.592727
-1.453063
-1.284134
-1.083322
-0.887997
-1.005684
-1.178677
-1.275027
-1.382990
-1.566955
-1.761639
-1.826928
-1.838091
-1.884667
-1.929421
-1.826216
-1.697842
-1.559862
-1.382049
-1.321976
-1.207917
-1.050408
-0.887978
-0.888000
-0.888000
-1.009431
-1.142394
-1.243997
-1.339523
-1.535123
-1.735062
-1.817477
-1.855347
-1.905311
-1.902307
-1.845006
-1.729439
-1.737108
-1.714453
-1.639490
-1.531778
-1.394562
-1.224986
-1.023877
-0.888000
-1.013052
-1.191362
-1.326685
-1.430842
-1.611853
-1.811725
-1.900435
-1.917505
-1.950966
-2.000684
-1.909864
-1.799485
-1.675225
-1.547629
-1.491585
-1.392033
-1.252846
-1.075471
-0.887997
-0.889561
-0.990738
-1.088735
-1.174085
-1.250202
-1.428674
-1.629972
-1.773281
-1.868569
-1.953916
-1.944281
-1.916133
-1.870787
-1.913886
-1.892991
-1.815726
-1.707475
-1.569512
-1.405385
-1.206717
-1.005189
-1.040861
-1.220842
-1.360813
-1.493209
-1.690551
-1.892555
-2.001585
-2.069098
-2.120385
-2.117959
-2.053527
-1.986507
-1.890436
-1.879646
-1.807784
-1.692427
-1.544316
-1.365243
-1.162162
-0.961270
-0.967589
-1.155099
-1.275774
-1.389528
-1.588757
-1.790332
-1.915431
-2.004474
-2.072359
-2.093797
-2.039964
-1.957610
-1.892468
-1.875138
-1.800197
-1.686914
-1.539270
-1.366852
-1.166695
-0.965377
-0.943215
-1.081616
-1.206522
-1.320674
-1.514584
-1.717614
-1.842051
-1.898098
-1.948309
-1.994336
-1.926810
-1.845829
-1.745532
-1.678610
-1.625461
-1.521725
-1.385484
-1.217924
-1.016447
-0.888000
-0.942869
-1.036971
-1.141212
-1.238623
-1.411016
-1.613338
-1.748566
-1.814559
-1.865602
-1.856762
-1.796079
-1.731512
-1.634014
-1.645887
-1.593730
-1.497892
-1.371903
-1.216166
-1.019446
-0.888000
-0.958386
-1.078436
-1.183003
-1.276138
-1.477711
-1.680487
-1.807828
-1.868844
-1.903762
-1.916599
-1.820141
-1.720136
-1.612735
-1.499606
-1.464715
-1.370275
-1.243435
-1.080363
-0.887996
-0.888161
-0.962052
-1.093989
-1.185403
-1.250576
-1.412075
-1.613340
-1.761178
-1.842163
-1.891681
-1.899499
-1.865434
-1.836379
-1.852789
-1.865207
-1.814505
-1.724839
-1.607327
-1.463634
-1.276560
-1.075162
-1.030874
-1.221254
-1.385437
-1.550169
-1.743830
-1.945610
-2.076090
-2.151889
-2.179159
-2.137027
-2.077840
-2.037294
-1.978419
-1.972059
-1.905969
-1.796744
-1.651817
-1.480761
-1.280020
-1.078777
-1.021753
-1.190907
-1.274879
-1.374087
-1.527536
-1.729789
-1.889236
-1.979602
-2.052216
-2.086165
-2.041481
-1.978349
-1.898064
-1.893042
-1.829304
-1.723919
-1.586681
-1.420664
-1.224567
-1.023264
-0.924773
-1.093660
-1.199957
-1.315376
-1.499567
-1.702863
-1.864800
-1.924426
-1.949667
-1.990063
-1.925902
-1.835906
-1.718619
-1.639240
-1.583170
-1.475685
-1.340710
-1.164687
-0.960500
-0.888000
-0.910692
-1.001025
-1.088704
-1.175135
-1.332248
-1.534256
-1.703530
-1.789865
-1.844145
-1.870165
-1.815773
-1.770194
-1.684396
-1.701786
-1.653763
-1.563165
-1.445767
-1.296258
-1.103806
-0.902253
-0.930906
-1.097391
-1.226592
-1.320880
-1.493671
-1.696951
-1.844742
-1.901212
-1.922778
-1.939427
-1.851159
-1.764370
-1.673540
-1.570142
-1.542987
-1.451713
-1.326466
-1.163975
-0.967760
-0.888000
-0.929651
-1.071889
-1.172169
-1.242095
-1.366793
-1.567916
-1.737434
-1.854811
-1.907663
-1.929756
-1.888883
-1.841098
-1.831406
-1.836346
-1.780529
-1.687948
-1.568702
-1.422693
-1.240174
-1.038526
-0.928881
-1.104978
-1.222417
-1.328587
-1.518751
-1.721612
-1.870701
-1.984876
-2.073777
-2.096782
-2.020845
-1.940974
-1.846015
-1.775130
-1.764757
-1.692986
-1.587593
-1.445831
-1.269053
-1.067975
-0.937820
-1.131530
-1.253290
-1.327685
-1.455885
-1.653901
-1.831196
-1.971574
-2.036897
-2.038980
-2.010038
-1.994146
-2.030010
-2.062672
-2.035891
-1.959076
-1.854758
-1.726271
-1.563355
-1.362318
-1.221673
-1.413767
-1.534747
-1.657130
-1.851935
-2.053116
-2.182260
-2.250981
-2.287702
-2.240934
-2.185157
-2.149545
-2.121295
-2.129692
-2.086256
-1.994143
-1.878312
-1.715272
-1.529036
-1.327876
-1.129295
-1.286533
-1.403678
-1.508164
-1.663654
-1.864796
-2.034190
-2.136890
-2.197278
-2.196546
-2.150536
-2.113738
-2.095609
-2.110121
-2.068168
-1.985378
-1.874142
-1.725560
-1.553675
-1.352253
-1.151216
-1.292135
-1.413344
-1.513622
-1.627898
-1.829199
-2.010306
-2.091146
-2.140379
-2.169306
-2.121075
-2.066154
-1.992850
-2.011612
-1.975862
-1.891892
-1.786383
-1.637394
-1.469235
-1.268432
-1.067221
-1.178139
-1.294493
-1.401235
-1.496229
-1.697656
-1.893835
-1.973955
-2.011408
-2.055673
-1.993246
-1.922126
-1.802995
-1.776300
-1.745606
-1.662614
-1.557117
-1.407403
-1.234125
-1.032606
-0.888000
-1.057102
-1.135429
-1.217182
-1.319334
-1.520750
-1.711390
-1.834491
-1.907107
-1.971105
-1.905463
-1.836828
-1.716635
-1.709808
-1.684975
-1.607005
-1.505735
-1.363888
-1.194599
-0.993227
-0.888000
-1.055795
-1.134380
-1.216515
-1.321616
-1.522716
-1.716399
-1.837139
-1.902375
-1.953591
-1.887060
-1.818719
-1.675224
-1.706711
-1.669842
-1.581040
-1.470683
-1.317931
-1.135596
-0.933953
-0.888000
-1.050943
-1.141233
-1.223274
-1.370139
-1.573491
-1.765241
-1.864170
-1.914452
-1.963839
-1.929983
-1.838742
-1.736081
-1.603806
-1.577777
-1.498263
-1.388670
-1.233136
-1.048659
-0.888000
-0.892927
-1.039666
-1.099603
-1.164104
-1.254755
-1.450638
-1.637406
-1.781884
-1.866819
-1.944960
-1.905167
-1.876560
-1.833881
-1.869712
-1.840920
-1.757673
-1.650195
-1.512526
-1.346351
-1.145985
-0.944461
-1.061331
-1.206040
-1.340725
-1.491354
-1.693353
-1.882132
-1.994624
-2.067688
-2.129871
-2.050582
-1.970755
-1.886566
-1.805434
-1.798516
-1.734110
-1.630519
-1.486097
-1.312775
-1.112036
-0.912552
-1.041711
-1.183319
-1.281108
-1.424047
-1.622297
-1.810883
-1.952856
-2.036928
-2.079521
-2.038114
-2.012079
-1.987284
-2.010091
-1.972934
-1.886057
-1.770603
-1.623318
-1.448996
-1.248966
-1.047623
-1.153951
-1.268398
-1.371832
-1.498256
-1.696277
-1.895783
-2.001118
-2.060594
-2.120658
-2.115001
-2.029009
-1.923444
-1.783873
-1.760093
-1.688482
-1.578665
-1.428116
-1.249077
-1.046856
-0.888000
-1.036156
-1.136356
-1.240439
-1.380782
-1.583298
-1.783587
-1.879854
-1.932692
-1.994029
-2.022849
-1.955300
-1.859308
-1.728803
-1.706292
-1.623677
-1.510384
-1.355463
-1.172056
-0.969554
-0.888000
-0.994090
-1.083862
-1.182940
-1.279396
-1.481504
-1.683291
-1.780411
-1.830657
-1.901604
-1.961886
-1.874951
-1.756396
-1.610520
-1.499466
-1.433662
-1.327192
-1.181538
-0.996936
-0.888000
-0.889599
-1.009749
-1.093526
-1.162121
-1.254983
-1.447983
-1.643146
-1.774962
-1.840276
-1.894794
-1.832022
-1.794178
-1.737502
-1.787717
-1.769973
-1.693794
-1.592268
-1.457257
-1.294115
-1.093912
-0.892521
-1.051099
-1.207920
-1.317367
-1.453840
-1.655831
-1.850887
-1.957663
-2.046010
-2.122439
-2.068663
-1.982194
-1.885745
-1.759516
-1.724790
-1.669971
-1.574150
-1.437703
-1.272624
-1.074210
-0.887997
-1.013202
-1.209347
-1.351485
-1.467384
-1.633721
-1.809312
-1.971780
-2.075935
-2.119138
-2.082560
-2.071031
-2.093370
-2.145975
-2.139861
-2.080748
-1.986886
-1.864874
-1.719084
-1.536027
-1.334780
-1.354638
-1.548251
-1.711279
-1.891888
-2.086902
-2.230204
-2.298143
-2.318452
-2.319308
-2.259980
-2.219549
-2.166507
-2.192201
-2.157277
-2.074189
-1.957789
-1.805560
-1.627855
-1.426812
-1.227108
-1.238246
-1.393033
-1.487717
-1.617738
-1.806535
-2.005805
-2.116501
-2.182954
-2.229576
-2.185636
-2.154421
-2.124380
-2.147131
-2.110508
-2.023602
-1.906174
-1.753154
-1.581467
-1.383562
-1.182321
-1.203995
-1.345588
-1.444843
-1.556097
-1.750202
-1.951951
-2.041303
-2.085799
-2.132733
-2.136628
-2.058199
-1.960671
-1.826209
-1.811138
-1.730671
-1.615573
-1.465789
-1.287846
-1.084875
-0.887998
-1.004863
-1.126920
-1.231158
-1.347729
-1.549261
-1.751395
-1.859993
-1.918398
-1.975462
-2.021179
-1.945104
-1.846417
-1.732313
-1.672522
-1.606363
-1.499500
-1.357747
-1.185591
-0.983631
-0.888000
-0.976798
-1.069674
-1.172042
-1.264343
-1.466039
-1.668634
-1.781592
-1.824840
-1.876006
-1.945354
-1.860116
-1.752960
-1.637016
-1.531791
-1.475877
-1.373868
-1.239515
-1.068703
-0.887999
-0.888000
-0.970250
-1.046622
-1.131385
-1.210725
-1.396668
-1.598126
-1.736209
-1.798198
-1.848365
-1.807184
-1.748033
-1.678881
-1.654002
-1.657874
-1.600243
-1.506310
-1.382615
-1.226313
-1.028182
-0.888000
-1.004935
-1.140970
-1.228098
-1.340703
-1.542434
-1.743292
-1.862399
-1.966314
-2.051305
-2.036468
-1.924714
-1.806506
-1.673899
-1.527506
-1.501177
-1.409596
-1.281688
-1.116968
-0.917254
-0.892319
-0.987147
-1.189315
-1.352256
-1.494760
-1.642447
-1.810750
-1.964089
-2.068005
-2.096331
-2.031936
-2.001891
-2.010018
-2.064503
-2.062637
-2.009003
-1.916823
-1.800490
-1.661631
-1.487925
-1.286562
-1.229317
-1.431197
-1.609079
-1.792568
-1.965763
-2.127906
-2.236535
-2.283592
-2.320652
-2.366301
-2.375674
-2.380681
-2.343307
-2.261282
-2.144081
-2.009442
-2.006927
-1.964828
-1.841706
-1.688758
-1.517868
-1.324861
-1.113413
-0.900341
-0.895159
-0.895590
-0.894134
-0.892398
-0.890705
-0.895708
-0.923857
-0.982761
-1.034878
-1.068220
-1.078643
-1.058570
-1.102278
-1.285869
-1.418912
-1.517416
-1.591157
-1.652430
-1.707348
-1.762648
-1.818341
-1.878009
-1.936614
-1.996340
-2.050781
-2.076578
-2.086540
-2.083800
-2.054658
-2.004746
-1.936846
