0.000114
0.000513
0.000382
0.000254
0.000080
0.000223
0.006251
0.010278
0.011176
0.005379
-0.003341
-0.011608
-0.019701
-0.025965
-0.032543
-0.035126
-0.026754
-0.012257
0.008592
0.027518
0.039327
0.031684
0.019471
0.010162
0.008581
0.017211
0.039744
0.065455
0.091851
0.116142
0.143182
0.157504
0.154718
0.127527
0.113760
0.098648
0.085471
0.083765
0.084807
0.084879
0.094262
0.090160
0.080243
0.069099
0.064699
0.076105
0.090691
0.105741
0.124408
0.144741
0.137335
0.159310
0.156171
0.137200
0.109315
0.049754
0.007947
-0.021838
-0.037688
-0.038935
-0.020718
0.019107
0.011180
-0.027470
-0.089012
-0.144244
-0.173734
-0.177148
-0.175224
-0.183483
-0.179959
-0.166304
-0.153977
-0.145252
-0.161237
-0.203647
-0.225951
-0.211380
-0.176952
-0.141984
-0.106397
-0.075420
-0.046077
-0.037681
-0.051554
-0.063156
-0.054167
-0.038375
-0.026644
0.002530
0.037921
0.060864
0.083343
0.107187
0.112695
0.102823
0.086253
0.069212
0.058464
0.064819
0.080421
0.096666
0.105593
0.099355
0.081393
0.069646
0.075327
0.086766
0.101405
0.113469
0.120330
0.118883
0.107124
0.092767
0.062472
0.028109
-0.013074
-0.062310
-0.104867
-0.118533
-0.113397
-0.101363
-0.083378
-0.086086
-0.108808
-0.130963
-0.135408
-0.129496
-0.115779
-0.096932
-0.085724
-0.080348
-0.070399
-0.060645
-0.065718
-0.081182
-0.098084
-0.122985
-0.147542
-0.147260
-0.124605
-0.098769
-0.082408
-0.090496
-0.111373
-0.124337
-0.121437
-0.106002
-0.090754
-0.065283
-0.045413
-0.038256
-0.041095
-0.045355
-0.068270
-0.095968
-0.130418
-0.177345
-0.216155
-0.217559
-0.192480
-0.167601
-0.143958
-0.145477
-0.170099
-0.189361
-0.186399
-0.171991
-0.157748
-0.133461
-0.115849
-0.105045
-0.091057
-0.078139
-0.081838
-0.096139
-0.111280
-0.130966
-0.150252
-0.145756
-0.117539
-0.093357
-0.074675
-0.085408
-0.106357
-0.115020
-0.106611
-0.094365
-0.075924
-0.046605
-0.025099
-0.017358
-0.025273
-0.036393
-0.065339
-0.098983
-0.141125
-0.196509
-0.241495
-0.245182
-0.220770
-0.197768
-0.176930
-0.173952
-0.199415
-0.217994
-0.216442
-0.205726
-0.199411
-0.176014
-0.160154
-0.151557
-0.136126
-0.121521
-0.121334
-0.130109
-0.139238
-0.150760
-0.163766
-0.155990
-0.122975
-0.090139
-0.069830
-0.078597
-0.096964
-0.101765
-0.087752
-0.066343
-0.040033
-0.004687
0.023144
0.036197
0.024697
0.011715
-0.020156
-0.058131
-0.102172
-0.157367
-0.209239
-0.225176
-0.209476
-0.188183
-0.165772
-0.161199
-0.187062
-0.214210
-0.222182
-0.220022
-0.215400
-0.192395
-0.181058
-0.184129
-0.178861
-0.173740
-0.181554
-0.195660
-0.207835
-0.223306
-0.239318
-0.233219
-0.203112
-0.167064
-0.137351
-0.134639
-0.148657
-0.155045
-0.144747
-0.119907
-0.095868
-0.059063
-0.021588
-0.001561
-0.001327
-0.000879
-0.017962
-0.049085
-0.081014
-0.120069
-0.159467
-0.171191
-0.156914
-0.135334
-0.111376
-0.108845
-0.132398
-0.158633
-0.166610
-0.161562
-0.154058
-0.134586
-0.120245
-0.116919
-0.110531
-0.103021
-0.108645
-0.124506
-0.141649
-0.165826
-0.191602
-0.194749
-0.175702
-0.150931
-0.125714
-0.122259
-0.137107
-0.150595
-0.150892
-0.134517
-0.115153
-0.085722
-0.054258
-0.030806
-0.017870
-0.005958
-0.009056
-0.025863
-0.046499
-0.073953
-0.103660
-0.106210
-0.084349
-0.060503
-0.035127
-0.036619
-0.058448
-0.080577
-0.092915
-0.095444
-0.087834
-0.069789
-0.056471
-0.052346
-0.057376
-0.066991
-0.094290
-0.124735
-0.164586
-0.223781
-0.277775
-0.287478
-0.258078
-0.226312
-0.202841
-0.192791
-0.215762
-0.242659
-0.256203
-0.242725
-0.236222
-0.210938
-0.188016
-0.183591
-0.179197
-0.173763
-0.184572
-0.205212
-0.217658
-0.240543
-0.261732
-0.259702
-0.231060
-0.193542
-0.163791
-0.158496
-0.174824
-0.186810
-0.181044
-0.150495
-0.124882
-0.090045
-0.052856
-0.031599
-0.027459
-0.019882
-0.027773
-0.052062
-0.075541
-0.102335
-0.130807
-0.138977
-0.126276
-0.106098
-0.085645
-0.083353
-0.102629
-0.125515
-0.134982
-0.125553
-0.113384
-0.093614
-0.074602
-0.063280
-0.058685
-0.054466
-0.063327
-0.085523
-0.108981
-0.140917
-0.172873
-0.173201
-0.147904
-0.119268
-0.092728
-0.086992
-0.102254
-0.120383
-0.127608
-0.111952
-0.095710
-0.069918
-0.042463
-0.026069
-0.023651
-0.017237
-0.024002
-0.046266
-0.067422
-0.094664
-0.125493
-0.135638
-0.124571
-0.104525
-0.083966
-0.082376
-0.101926
-0.124866
-0.137929
-0.127559
-0.122006
-0.104497
-0.086235
-0.077326
-0.074252
-0.074018
-0.088571
-0.114459
-0.139222
-0.181487
-0.223250
-0.226169
-0.198151
-0.166212
-0.139330
-0.131757
-0.150989
-0.174134
-0.184286
-0.167955
-0.154387
-0.128573
-0.100717
-0.087150
-0.082384
-0.072152
-0.076588
-0.095300
-0.113549
-0.137478
-0.164496
-0.169793
-0.152157
-0.125387
-0.101194
-0.098441
-0.116710
-0.135990
-0.142172
-0.123344
-0.109573
-0.085902
-0.061152
-0.046496
-0.044235
-0.042400
-0.055296
-0.081842
-0.107898
-0.145893
-0.185463
-0.192342
-0.171416
-0.144422
-0.119141
-0.113501
-0.133519
-0.158226
-0.170550
-0.157696
-0.144786
-0.122719
-0.099928
-0.086933
-0.080873
-0.072880
-0.079814
-0.100886
-0.118389
-0.147565
-0.179672
-0.184837
-0.165703
-0.139658
-0.115193
-0.110092
-0.126968
-0.147100
-0.155159
-0.137977
-0.121548
-0.096343
-0.069119
-0.051964
-0.045509
-0.037084
-0.042419
-0.062354
-0.082324
-0.110282
-0.143084
-0.153164
-0.141767
-0.121888
-0.101031
-0.097573
-0.116630
-0.140547
-0.154549
-0.144537
-0.135026
-0.114393
-0.092691
-0.079182
-0.069912
-0.063506
-0.072245
-0.094189
-0.118558
-0.156071
-0.194273
-0.194011
-0.164421
-0.131760
-0.103080
-0.096438
-0.114206
-0.136028
-0.146801
-0.131346
-0.119879
-0.099024
-0.074897
-0.060535
-0.056674
-0.050880
-0.060410
-0.083289
-0.105543
-0.137843
-0.177467
-0.198159
-0.188435
-0.165598
-0.142589
-0.134733
-0.151304
-0.176219
-0.190328
-0.179023
-0.172282
-0.153501
-0.129914
-0.117832
-0.108230
-0.104811
-0.116165
-0.139380
-0.160497
-0.195171
-0.235625
-0.245995
-0.222044
-0.188583
-0.161864
-0.150073
-0.163836
-0.185125
-0.194902
-0.177104
-0.163188
-0.140069
-0.108391
-0.087089
-0.077736
-0.071475
-0.079552
-0.102200
-0.123570
-0.150026
-0.183140
-0.198182
-0.184458
-0.158592
-0.134342
-0.126569
-0.140404
-0.161395
-0.170844
-0.155164
-0.140827
-0.118086
-0.090169
-0.072102
-0.067201
-0.065396
-0.075047
-0.098581
-0.122443
-0.152896
-0.190234
-0.202906
-0.184716
-0.155465
-0.129383
-0.120186
-0.132820
-0.153795
-0.165435
-0.152158
-0.138856
-0.118074
-0.091518
-0.073516
-0.068471
-0.066026
-0.075661
-0.099522
-0.122347
-0.151073
-0.188671
-0.206860
-0.196156
-0.172174
-0.149151
-0.140717
-0.154169
-0.176722
-0.189973
-0.178525
-0.166315
-0.144589
-0.117864
-0.101308
-0.094438
-0.092126
-0.101508
-0.123649
-0.146430
-0.178033
-0.217229
-0.228608
-0.207499
-0.174870
-0.147204
-0.136488
-0.148904
-0.169683
-0.180575
-0.164552
-0.152341
-0.131479
-0.102439
-0.083564
-0.080234
-0.079897
-0.091120
-0.115805
-0.125194
-0.152316
-0.192470
-0.215378
-0.210655
-0.191711
-0.173434
-0.165613
-0.179921
-0.204623
-0.220128
-0.212343
-0.198318
-0.179522
-0.157339
-0.143324
-0.133882
-0.130866
-0.141742
-0.164109
-0.183334
-0.214727
-0.253899
-0.259560
-0.229098
-0.189779
-0.158517
-0.145172
-0.156220
-0.175062
-0.183899
-0.164788
-0.148938
-0.125313
-0.093661
-0.073185
-0.070837
-0.067741
-0.073520
-0.094292
-0.111451
-0.132399
-0.160687
-0.174029
-0.160821
-0.134099
-0.109701
-0.102919
-0.114943
-0.133524
-0.141232
-0.123951
-0.105616
-0.081557
-0.053734
-0.033099
-0.026243
-0.023239
-0.031189
-0.054876
-0.078268
-0.108354
-0.148365
-0.166592
-0.156935
-0.134973
-0.112549
-0.104979
-0.119662
-0.144908
-0.162557
-0.156866
-0.152172
-0.137253
-0.115655
-0.103624
-0.096547
-0.096263
-0.107769
-0.130791
-0.151718
-0.187429
-0.233256
-0.248912
-0.231322
-0.201851
-0.178710
-0.166700
-0.180074
-0.203865
-0.218072
-0.205010
-0.192449
-0.170951
-0.143290
-0.125296
-0.113498
-0.106774
-0.113228
-0.131595
-0.139829
-0.163827
-0.199733
-0.216678
-0.202702
-0.175350
-0.150749
-0.141750
-0.157945
-0.181479
-0.193683
-0.178181
-0.167663
-0.147256
-0.120281
-0.102541
-0.091649
-0.089457
-0.101506
-0.126274
-0.149582
-0.186143
-0.231896
-0.247133
-0.226982
-0.196824
-0.173457
-0.160976
-0.175878
-0.200659
-0.214564
-0.202123
-0.186444
-0.163217
-0.135190
-0.117012
-0.105284
-0.097899
-0.101829
-0.118950
-0.133250
-0.153924
-0.184218
-0.197042
-0.178076
-0.145597
-0.117553
-0.110167
-0.125717
-0.145279
-0.152024
-0.130497
-0.112621
-0.088869
-0.061075
-0.041014
-0.036029
-0.036074
-0.048655
-0.077130
-0.102532
-0.139839
-0.187633
-0.213233
-0.208051
-0.189450
-0.172958
-0.164007
-0.180701
-0.208263
-0.226292
-0.220455
-0.209461
-0.191032
-0.169494
-0.158262
-0.147034
-0.145006
-0.156621
-0.178749
-0.196494
-0.228797
-0.267926
-0.274543
-0.245871
-0.206544
-0.177009
-0.163257
-0.176790
-0.197569
-0.206537
-0.184309
-0.166969
-0.142173
-0.107643
-0.084814
-0.078062
-0.074162
-0.081746
-0.105482
-0.122078
-0.145686
-0.178103
-0.193893
-0.178881
-0.149820
-0.123945
-0.116239
-0.132446
-0.154710
-0.164882
-0.146694
-0.131997
-0.109604
-0.081645
-0.062388
-0.056381
-0.056794
-0.068790
-0.097107
-0.120149
-0.155188
-0.201881
-0.223710
-0.213028
-0.189836
-0.170407
-0.160212
-0.175207
-0.200889
-0.217431
-0.208920
-0.193781
-0.174508
-0.151701
-0.136896
-0.125474
-0.121436
-0.128718
-0.148374
-0.164435
-0.189073
-0.226092
-0.243211
-0.228604
-0.199196
-0.173914
-0.164150
-0.179498
-0.201563
-0.212492
-0.193420
-0.177093
-0.153080
-0.120585
-0.096717
-0.084854
-0.079938
-0.087919
-0.111326
-0.133726
-0.164859
-0.207519
-0.229295
-0.220138
-0.196777
-0.176139
-0.166976
-0.182967
-0.207643
-0.222618
-0.210655
-0.194599
-0.170848
-0.142481
-0.122729
-0.108984
-0.103006
-0.108697
-0.128615
-0.147380
-0.175761
-0.216003
-0.236553
-0.226296
-0.200777
-0.177637
-0.167995
-0.183436
-0.206238
-0.218594
-0.201580
-0.184917
-0.160851
-0.128756
-0.103933
-0.089156
-0.082548
-0.088416
-0.109742
-0.131016
-0.159976
-0.200053
-0.220938
-0.211662
-0.187706
-0.165589
-0.156176
-0.171592
-0.194674
-0.207908
-0.192771
-0.175854
-0.151821
-0.121694
-0.098013
-0.082010
-0.074506
-0.079221
-0.099894
-0.123556
-0.151533
-0.189168
-0.208349
-0.198585
-0.175474
-0.153849
-0.144624
-0.158914
-0.180321
-0.192184
-0.175735
-0.156295
-0.130522
-0.100008
-0.074655
-0.059545
-0.050988
-0.052503
-0.071720
-0.093853
-0.119263
-0.152154
-0.168248
-0.156138
-0.130633
-0.107058
-0.099500
-0.113580
-0.133574
-0.144033
-0.127596
-0.111263
-0.089353
-0.064099
-0.044469
-0.039505
-0.041281
-0.052719
-0.080707
-0.106727
-0.142677
-0.187942
-0.213942
-0.209943
-0.190175
-0.171631
-0.161919
-0.176556
-0.200365
-0.215211
-0.203894
-0.187024
-0.164680
-0.139094
-0.122156
-0.111950
-0.108188
-0.112539
-0.131471
-0.148038
-0.170513
-0.201673
-0.216383
-0.200431
-0.169412
-0.142473
-0.133474
-0.147046
-0.164219
-0.169224
-0.144761
-0.121038
-0.092048
-0.058960
-0.034624
-0.030541
-0.029143
-0.037213
-0.064333
-0.089193
-0.120406
-0.158397
-0.179400
-0.171377
-0.147876
-0.124756
-0.115635
-0.130306
-0.152226
-0.163247
-0.146365
-0.126532
-0.102146
-0.075232
-0.054121
-0.042216
-0.036009
-0.037903
-0.059089
-0.073719
-0.095525
-0.127460
-0.143814
-0.132166
-0.107763
-0.084744
-0.076246
-0.089756
-0.109667
-0.120230
-0.104259
-0.086455
-0.065152
-0.042633
-0.024555
-0.019941
-0.019678
-0.027109
-0.053233
-0.074961
-0.104350
-0.141933
-0.163077
-0.154244
-0.130359
-0.107204
-0.097864
-0.113389
-0.135805
-0.147187
-0.130588
-0.113929
-0.092950
-0.069412
-0.051592
-0.042333
-0.039446
-0.045924
-0.069703
-0.089888
-0.119081
-0.157179
-0.177706
-0.167598
-0.142661
-0.119556
-0.109750
-0.125112
-0.147401
-0.158710
-0.141567
-0.122277
-0.099136
-0.073035
-0.052183
-0.040595
-0.033154
-0.034497
-0.056879
-0.075428
-0.100295
-0.133537
-0.151260
-0.138241
-0.110773
-0.085431
-0.076721
-0.092088
-0.112848
-0.121857
-0.101643
-0.081503
-0.058531
-0.035098
-0.016756
-0.010512
-0.009927
-0.017735
-0.043831
-0.068476
-0.099671
-0.139922
-0.167153
-0.157246
-0.130081
-0.103542
-0.089589
-0.103037
-0.125771
-0.137285
-0.123442
-0.108294
-0.089229
-0.065659
-0.047921
-0.039460
-0.041098
-0.052058
-0.078044
-0.101324
-0.132430
-0.173741
-0.201394
-0.191228
-0.164081
-0.139282
-0.123778
-0.135134
-0.155945
-0.165115
-0.147613
-0.124344
-0.101324
-0.072865
-0.047265
-0.028010
-0.016347
-0.014383
-0.034812
-0.051031
-0.070197
-0.097363
-0.117330
-0.104641
-0.076118
-0.046903
-0.035339
-0.049033
-0.068812
-0.075568
-0.058806
-0.037613
-0.013284
0.009403
0.028565
0.034016
0.030750
0.018938
-0.010705
-0.038738
-0.071697
-0.114221
-0.143456
-0.137748
-0.116514
-0.095404
-0.081740
-0.092538
-0.115983
-0.130323
-0.120574
-0.103688
-0.087859
-0.067641
-0.051390
-0.035971
-0.028350
-0.029875
-0.049741
-0.066183
-0.088120
-0.121041
-0.144317
-0.132292
-0.103679
-0.075818
-0.061717
-0.074065
-0.094485
-0.102924
-0.087291
-0.068165
-0.046608
-0.022548
-0.002130
0.005416
0.004012
-0.005508
-0.031861
-0.056133
-0.085415
-0.124114
-0.151976
-0.145078
-0.121617
-0.098257
-0.084207
-0.095696
-0.117845
-0.129147
-0.115119
-0.095244
-0.076729
-0.054220
-0.035134
-0.018141
-0.009237
-0.010713
-0.032129
-0.050579
-0.072827
-0.106105
-0.129884
-0.119554
-0.093877
-0.068299
-0.054286
-0.066094
-0.086612
-0.095517
-0.080644
-0.060393
-0.039383
-0.016488
0.003843
0.016016
0.018743
0.012937
-0.012877
-0.035870
-0.062709
-0.098661
-0.125287
-0.118960
-0.096770
-0.073873
-0.060646
-0.072565
-0.094726
-0.106298
-0.093151
-0.075130
-0.057610
-0.037050
-0.019487
-0.003719
0.002262
-0.002170
-0.025917
-0.047656
-0.074300
-0.111288
-0.138168
-0.130586
-0.106563
-0.082659
-0.069051
-0.081319
-0.103164
-0.114084
-0.100182
-0.081324
-0.062789
-0.041032
-0.022517
-0.010206
-0.007516
-0.012762
-0.035886
-0.058135
-0.085724
-0.122488
-0.149859
-0.143555
-0.119970
-0.095498
-0.081455
-0.093725
-0.115372
-0.124953
-0.109467
-0.088080
-0.067978
-0.044580
-0.024268
-0.008518
-0.002694
-0.006284
-0.029992
-0.051991
-0.078001
-0.112774
-0.138975
-0.132697
-0.109304
-0.084486
-0.070908
-0.083387
-0.104631
-0.113876
-0.098265
-0.076342
-0.055210
-0.032033
-0.011342
0.004895
0.011518
0.008651
-0.016192
-0.038490
-0.064061
-0.099536
-0.126688
-0.121916
-0.101032
-0.078489
-0.065114
-0.076570
-0.097425
-0.106831
-0.092288
-0.070795
-0.050928
-0.028988
-0.009375
0.006944
0.013501
0.010447
-0.014276
-0.036339
-0.060647
-0.094066
-0.120278
-0.116095
-0.094923
-0.071129
-0.058203
-0.070642
-0.091827
-0.101424
-0.086935
-0.065941
-0.045636
-0.024075
-0.004736
0.010601
0.015581
0.011320
-0.013504
-0.037551
-0.065073
-0.100832
-0.128767
-0.125952
-0.105615
-0.082603
-0.069558
-0.081893
-0.103163
-0.112712
-0.097868
-0.075845
-0.055430
-0.033675
-0.014784
-0.001072
0.002675
-0.001050
-0.025191
-0.048673
-0.075731
-0.109511
-0.136490
-0.133422
-0.111747
-0.086243
-0.072767
-0.085417
-0.105772
-0.113005
-0.096244
-0.072082
-0.048713
-0.025189
-0.004737
0.008530
0.011820
0.007128
-0.018479
-0.043207
-0.070079
-0.102983
-0.129315
-0.126117
-0.104073
-0.077831
-0.064454
-0.076868
-0.096538
-0.103096
-0.085838
-0.060334
-0.035775
-0.012710
0.007498
0.020511
0.024664
0.020854
-0.006825
-0.031468
-0.057105
-0.089524
-0.115494
-0.112414
-0.091480
-0.066476
-0.053134
-0.064635
-0.083450
-0.089506
-0.073098
-0.047989
-0.023885
-0.001959
0.016620
0.027980
0.029075
0.022322
-0.005935
-0.032297
-0.059179
-0.090761
-0.115824
-0.111896
-0.089173
-0.061942
-0.049275
-0.061729
-0.080960
-0.087313
-0.070548
-0.044845
-0.020805
0.000237
0.017922
0.029505
0.030933
0.023541
-0.006152
-0.033079
-0.061217
-0.094723
-0.121388
-0.118566
-0.096058
-0.068827
-0.056101
-0.069272
-0.089087
-0.095656
-0.079069
-0.053460
-0.029225
-0.008026
0.008640
0.019411
0.019204
0.011021
-0.017705
-0.044673
-0.073737
-0.107669
-0.134367
-0.131014
-0.106976
-0.077923
-0.064878
-0.078301
-0.097780
-0.103173
-0.085369
-0.058727
-0.033167
-0.010756
0.007121
0.019571
0.021029
0.012920
-0.018362
-0.044943
-0.072590
-0.105186
-0.130978
-0.126862
-0.101218
-0.070905
-0.058604
-0.072188
-0.090992
-0.095648
-0.077210
-0.049391
-0.021864
0.000299
0.017342
0.030374
0.033447
0.025851
-0.006148
-0.033232
-0.061547
-0.095313
-0.121514
-0.117814
-0.093001
-0.063951
-0.051890
-0.065365
-0.083545
-0.087530
-0.070773
-0.046033
-0.017726
0.004343
0.020583
0.032945
0.033529
0.021994
-0.010514
-0.039054
-0.068836
-0.104162
-0.131636
-0.128895
-0.103928
-0.074465
-0.062279
-0.076801
-0.096430
-0.102014
-0.084195
-0.060187
-0.033381
-0.011651
0.004994
0.019826
0.024319
0.016279
-0.016069
-0.042875
-0.071765
-0.106867
-0.134154
-0.130746
-0.104173
-0.073931
-0.062279
-0.077140
-0.096188
-0.101077
-0.082642
-0.058538
-0.030469
-0.008896
0.005731
0.015563
0.014269
0.002112
-0.030101
-0.058583
-0.089972
-0.126457
-0.154579
-0.151315
-0.124001
-0.092282
-0.079833
-0.094654
-0.113590
-0.117293
-0.096800
-0.073424
-0.045449
-0.021850
-0.004995
0.006326
0.005640
-0.006532
-0.038109
-0.065078
-0.094214
-0.128698
-0.155423
-0.151344
-0.122929
-0.089968
-0.077757
-0.092316
-0.110398
-0.112795
-0.091350
-0.065465
-0.036414
-0.012445
0.004208
0.014127
0.012749
0.000590
-0.031424
-0.059532
-0.089333
-0.125055
-0.152820
-0.149792
-0.124044
-0.092961
-0.079959
-0.093806
-0.111867
-0.114191
-0.093795
-0.070615
-0.042667
-0.018240
-0.001392
0.007988
0.004091
-0.010081
-0.042894
-0.070699
-0.099803
-0.134291
-0.161448
-0.158286
-0.133015
-0.102564
-0.088854
-0.101879
-0.120599
-0.124255
-0.103508
-0.080494
-0.054997
-0.030651
-0.012941
-0.002492
-0.004070
-0.015136
-0.044738
-0.070517
-0.097607
-0.130741
-0.157247
-0.153775
-0.128422
-0.097557
-0.084122
-0.096689
-0.114653
-0.117469
-0.096898
-0.073806
-0.048245
-0.023821
-0.007654
-0.003594
-0.011139
-0.025475
-0.055542
-0.083590
-0.113902
-0.148958
-0.176796
-0.174948
-0.151959
-0.122079
-0.107443
-0.119031
-0.137714
-0.141548
-0.120993
-0.098702
-0.075545
-0.049390
-0.030145
-0.020313
-0.023524
-0.034146
-0.062333
-0.086927
-0.113067
-0.145204
-0.170799
-0.167639
-0.144171
-0.114330
-0.099895
-0.110641
-0.128022
-0.130621
-0.110855
-0.089474
-0.064824
-0.038220
-0.018381
-0.009087
-0.013127
-0.024466
-0.053289
-0.078154
-0.103931
-0.136915
-0.163201
-0.161505
-0.140733
-0.113197
-0.098456
-0.108509
-0.125538
-0.128175
-0.110991
-0.092704
-0.069145
-0.043172
-0.025539
-0.018812
-0.027269
-0.041901
-0.073364
-0.099743
-0.128325
-0.164493
-0.189912
-0.183515
-0.158358
-0.129120
-0.112975
-0.121597
-0.138267
-0.141493
-0.122473
-0.101717
-0.080053
-0.053243
-0.033478
-0.023834
-0.028084
-0.039889
-0.068453
-0.091303
-0.115136
-0.146501
-0.170663
-0.166980
-0.143602
-0.113668
-0.098928
-0.109005
-0.125704
-0.128068
-0.110520
-0.091937
-0.067435
-0.040672
-0.023735
-0.019693
-0.030986
-0.048551
-0.080413
-0.107459
-0.137744
-0.177576
-0.205759
-0.202057
-0.179737
-0.151921
-0.136215
-0.145576
-0.163582
-0.169117
-0.151687
-0.132660
-0.112938
-0.085321
-0.064949
-0.054614
-0.057666
-0.067441
-0.094779
-0.116044
-0.139958
-0.173877
-0.197727
-0.189739
-0.162048
-0.129424
-0.113515
-0.123171
-0.139260
-0.140965
-0.123597
-0.105956
-0.080668
-0.052251
-0.033669
-0.028556
-0.038986
-0.056632
-0.087085
-0.112451
-0.140648
-0.179758
-0.207962
-0.204877
-0.183231
-0.155773
-0.140504
-0.150261
-0.167598
-0.171935
-0.155830
-0.137497
-0.113784
-0.081019
-0.056265
-0.042680
-0.045218
-0.053716
-0.079116
-0.099870
-0.123187
-0.156544
-0.178759
-0.170789
-0.142998
-0.109228
-0.096082
-0.106841
-0.122796
-0.124445
-0.108570
-0.091979
-0.066036
-0.036571
-0.015976
-0.008997
-0.020758
-0.038151
-0.068364
-0.093586
-0.120310
-0.156050
-0.181286
-0.176918
-0.152944
-0.120527
-0.106125
-0.116639
-0.132714
-0.135476
-0.120911
-0.104284
-0.078511
-0.048338
-0.027490
-0.020940
-0.032604
-0.049689
-0.080510
-0.105777
-0.133795
-0.168494
-0.188264
-0.183527
-0.160364
-0.129086
-0.119778
-0.132544
-0.147252
-0.146507
-0.127787
-0.107951
-0.076894
-0.046736
-0.028925
-0.026205
-0.037762
-0.053028
-0.086762
-0.116240
-0.147756
-0.183967
-0.201613
-0.196849
-0.176866
-0.148644
-0.139921
-0.155131
-0.171086
-0.173438
-0.154803
-0.134302
-0.106283
-0.075490
-0.054369
-0.044469
-0.048513
-0.057163
-0.085233
-0.109700
-0.137562
-0.172546
-0.189344
-0.183056
-0.162690
-0.134505
-0.126276
-0.143040
-0.160657
-0.164258
-0.145658
-0.127456
-0.100127
-0.070796
-0.051067
-0.046115
-0.056787
-0.070241
-0.102821
-0.131526
-0.162795
-0.199934
-0.217502
-0.210220
-0.188356
-0.157798
-0.149375
-0.166656
-0.184586
-0.188316
-0.163754
-0.144158
-0.117514
-0.086666
-0.063424
-0.052977
-0.057823
-0.067381
-0.097991
-0.122737
-0.148399
-0.178156
-0.190855
-0.178283
-0.151294
-0.120409
-0.113719
-0.129050
-0.144343
-0.144002
-0.117885
-0.095275
-0.067710
-0.040067
-0.022447
-0.020208
-0.034662
-0.053512
-0.089287
-0.119758
-0.150596
-0.182314
-0.193625
-0.180046
-0.151062
-0.116695
-0.110622
-0.128176
-0.144263
-0.145736
-0.124320
-0.104161
-0.075555
-0.047081
-0.028694
-0.026438
-0.041107
-0.059485
-0.097143
-0.128163
-0.159609
-0.194759
-0.209705
-0.200182
-0.175673
-0.143013
-0.136041
-0.153902
-0.170767
-0.173423
-0.148371
-0.128197
-0.100948
-0.071182
-0.049546
-0.041530
-0.049584
-0.062726
-0.095223
-0.122683
-0.150600
-0.181411
-0.193442
-0.180980
-0.153444
-0.119857
-0.114057
-0.131177
-0.145520
-0.144301
-0.122590
-0.101592
-0.071406
-0.042643
-0.026834
-0.026993
-0.045647
-0.066953
-0.106911
-0.140530
-0.175323
-0.214963
-0.232453
-0.226683
-0.205871
-0.173203
-0.166461
-0.185823
-0.202557
-0.205437
-0.183389
-0.164066
-0.134714
-0.103827
-0.083754
-0.078133
-0.087521
-0.099945
-0.133029
-0.160956
-0.191716
-0.230759
-0.249921
-0.244553
-0.223587
-0.191210
-0.183778
-0.202308
-0.217966
-0.218891
-0.195401
-0.174690
-0.143423
-0.110795
-0.090384
-0.087178
-0.099294
-0.112768
-0.146289
-0.176852
-0.210888
-0.252345
-0.271624
-0.266843
-0.246298
-0.212443
-0.204915
-0.225009
-0.240966
-0.242058
-0.221576
-0.200757
-0.167388
-0.133503
-0.112887
-0.109276
-0.121370
-0.134020
-0.166954
-0.196330
-0.229978
-0.273627
-0.295682
-0.294047
-0.276487
-0.246187
-0.237202
-0.255164
-0.269677
-0.269627
-0.247584
-0.223549
-0.187894
-0.151250
-0.125997
-0.118288
-0.126264
-0.135846
-0.166513
-0.193633
-0.223622
-0.264458
-0.284006
-0.280786
-0.261180
-0.228620
-0.220858
-0.239839
-0.253346
-0.251014
-0.227409
-0.202025
-0.164823
-0.128416
-0.105943
-0.101683
-0.115854
-0.130913
-0.166777
-0.198140
-0.233517
-0.274552
-0.283815
-0.269339
-0.240887
-0.202469
-0.194755
-0.212499
-0.223187
-0.218380
-0.192348
-0.166856
-0.130836
-0.092271
-0.067310
-0.061868
-0.075069
-0.091513
-0.129569
-0.159482
-0.189545
-0.225034
-0.233211
-0.222902
-0.197305
-0.161108
-0.156526
-0.174968
-0.187165
-0.184366
-0.166417
-0.143006
-0.106948
-0.072001
-0.053357
-0.054824
-0.073827
-0.095978
-0.137474
-0.174338
-0.218366
-0.259982
-0.268598
-0.258369
-0.231407
-0.194981
-0.193157
-0.215713
-0.233323
-0.236568
-0.233690
-0.218910
-0.190694
-0.163317
-0.149656
-0.143558
-0.154040
-0.168059
-0.199243
-0.223666
-0.256322
-0.295709
-0.305697
-0.295067
-0.269661
-0.233904
-0.229579
-0.251708
-0.269963
-0.274376
-0.266715
-0.244662
-0.212071
-0.180423
-0.161697
-0.152797
-0.163863
-0.177291
-0.208252
-0.229485
-0.261660
-0.302154
-0.312374
-0.301376
-0.275939
-0.240438
-0.236849
-0.258000
-0.273510
-0.273583
-0.265638
-0.238660
-0.204159
-0.172155
-0.152423
-0.143017
-0.151856
-0.165876
-0.198104
-0.222857
-0.258064
-0.290866
-0.296391
-0.287497
-0.262448
-0.232461
-0.236757
-0.260191
-0.279273
-0.283965
-0.279018
-0.253376
-0.223861
-0.201647
-0.191302
-0.182271
-0.183976
-0.191032
-0.213583
-0.228369
-0.266358
-0.304282
-0.312171
-0.302696
-0.281875
-0.251272
-0.251278
-0.275330
-0.293285
-0.296046
-0.288328
-0.262937
-0.226525
-0.195213
-0.177860
-0.173360
-0.184006
-0.201927
-0.234993
-0.262731
-0.304975
-0.332250
-0.333753
-0.320530
-0.290467
-0.261327
-0.267590
-0.293263
-0.310656
-0.315724
-0.298286
-0.271885
-0.247595
-0.227889
-0.219768
-0.210028
-0.209200
-0.213493
-0.234892
-0.245831
-0.278529
-0.299745
-0.296008
-0.277369
-0.247660
-0.219931
-0.227420
-0.246248
-0.254317
-0.244333
-0.214918
-0.182660
-0.146932
-0.113079
-0.089032
-0.064748
-0.054499
-0.055910
-0.082577
-0.106320
-0.136103
-0.144774
-0.140599
-0.135068
-0.115948
-0.120453
-0.137363
-0.151427
-0.150821
-0.141632
-0.135425
-0.122051
-0.109059
-0.097824
-0.088648
-0.086930
-0.092352
-0.103916
-0.139573
-0.176060
-0.204609
-0.206266
-0.192630
-0.176131
-0.151248
-0.132328
-0.143333
-0.159460
-0.160714
-0.147194
-0.121666
-0.098209
-0.071886
-0.045596
-0.022294
-0.005694
-0.000807
-0.008475
-0.046747
-0.078375
-0.093983
-0.098525
-0.094285
-0.084856
-0.063662
-0.070663
-0.090787
-0.098565
-0.085231
-0.078433
-0.077259
-0.062637
-0.043873
-0.026948
-0.018957
-0.028267
-0.048013
-0.075268
-0.117019
-0.157531
-0.194121
-0.206679
-0.204896
-0.197786
-0.171096
-0.167846
-0.180466
-0.178518
-0.168800
-0.166181
-0.166315
-0.148766
-0.129498
-0.110680
-0.095838
-0.093044
-0.096543
-0.111307
-0.150137
-0.187678
-0.221093
-0.236510
-0.237351
-0.231050
-0.204947
-0.204882
-0.218284
-0.218628
-0.213094
-0.208353
-0.206455
-0.188194
-0.169960
-0.159470
-0.152713
-0.148709
-0.153033
-0.171663
-0.208267
-0.248238
-0.285342
-0.294618
-0.279931
-0.251077
-0.214315
-0.197124
-0.208647
-0.216643
-0.211135
-0.206157
-0.198415
-0.178148
-0.154152
-0.128596
-0.114359
-0.107543
-0.108067
-0.119403
-0.154104
-0.172610
-0.191223
-0.193397
-0.185041
-0.167967
-0.138226
-0.128047
-0.143419
-0.156450
-0.156068
-0.146195
-0.132848
-0.115642
-0.098902
-0.087397
-0.078399
-0.071426
-0.077881
-0.097479
-0.126885
-0.152997
-0.176870
-0.177821
-0.163246
-0.143112
-0.117929
-0.099844
-0.112296
-0.122244
-0.123933
-0.128522
-0.133243
-0.125044
-0.110476
-0.089719
-0.072497
-0.064232
-0.065999
-0.081668
-0.115302
-0.140615
-0.162253
-0.162658
-0.146434
-0.123799
-0.094953
-0.081872
-0.096729
-0.109930
-0.110488
-0.110147
-0.113993
-0.109602
-0.095925
-0.081064
-0.068511
-0.058297
-0.062138
-0.078699
-0.106513
-0.124559
-0.144990
-0.145526
-0.127705
-0.106022
-0.082535
-0.062092
-0.076363
-0.096609
-0.107604
-0.114613
-0.123510
-0.124464
-0.115429
-0.101904
-0.089515
-0.074945
-0.073292
-0.084720
-0.107289
-0.117837
-0.122802
-0.106974
-0.080364
-0.052964
-0.024604
-0.002236
-0.016479
-0.040293
-0.054310
-0.061008
-0.059302
-0.053715
-0.046272
-0.040598
-0.034911
-0.024066
-0.028436
-0.048976
-0.078249
-0.096045
-0.109446
-0.099173
-0.074698
-0.047182
-0.013796
-0.016774
-0.034283
-0.046752
-0.061179
-0.083502
-0.109354
-0.118695
-0.120068
-0.117719
-0.120062
-0.124615
-0.135499
-0.157904
-0.180262
-0.202090
-0.224222
-0.217440
-0.190389
-0.158907
-0.139503
-0.116658
-0.130131
-0.150348
-0.160679
-0.167834
-0.173599
-0.166934
-0.156625
-0.138762
-0.126332
-0.121035
-0.123321
-0.134521
-0.156480
-0.170334
-0.186212
-0.181597
-0.161840
-0.140227
-0.118080
-0.105589
-0.122274
-0.135029
-0.137668
-0.142181
-0.146691
-0.140308
-0.125634
-0.106126
-0.093626
-0.095087
-0.103047
-0.123513
-0.149137
-0.174342
-0.200638
-0.204723
-0.188167
-0.167172
-0.131376
-0.118763
-0.135576
-0.148813
-0.155993
-0.166476
-0.177012
-0.172913
-0.160514
-0.141266
-0.128383
-0.120689
-0.120160
-0.130627
-0.156230
-0.171007
-0.185047
-0.178281
-0.155141
-0.127716
-0.101331
-0.082062
-0.095307
-0.116318
-0.119326
-0.120396
-0.122298
-0.119396
-0.107040
-0.088486
-0.071107
-0.055807
-0.054666
-0.067216
-0.090457
-0.102122
-0.115234
-0.106533
-0.082091
-0.057449
-0.032113
-0.011976
-0.028190
-0.052923
-0.069302
-0.080889
-0.096233
-0.105618
-0.102589
-0.094889
-0.088721
-0.080061
-0.080408
-0.091424
-0.103304
-0.107885
-0.108663
-0.088575
-0.057057
-0.029314
-0.013123
0.002299
-0.015857
-0.040164
-0.057948
-0.069636
-0.076885
-0.078824
-0.080542
-0.083305
-0.075424
-0.072038
-0.079692
-0.098823
-0.119285
-0.138305
-0.156869
-0.152578
-0.130534
-0.105067
-0.077302
-0.066553
-0.085302
-0.103945
-0.118492
-0.138532
-0.157004
-0.163032
-0.161121
-0.154001
-0.151594
-0.147507
-0.147160
-0.157795
-0.173055
-0.179721
-0.181541
-0.161011
-0.126318
-0.094289
-0.073482
-0.058768
-0.075218
-0.095609
-0.098973
-0.094575
-0.089131
-0.081493
-0.070149
-0.056668
-0.038248
-0.029275
-0.031767
-0.048418
-0.073314
-0.088127
-0.107413
-0.114502
-0.106494
-0.096345
-0.075919
-0.067395
-0.092162
-0.113769
-0.128732
-0.149742
-0.171880
-0.189136
-0.184366
-0.170922
-0.165568
-0.157161
-0.145740
-0.136798
-0.118130
-0.110754
-0.100186
-0.067638
-0.022942
0.015089
0.052826
0.064970
0.051479
0.043504
0.053620
0.067033
0.073996
0.086546
0.113594
0.146270
0.196476
0.251627
0.281556
0.283764
0.256807
0.237323
0.222471
0.217199
0.226676
0.241839
0.248863
0.224399
0.188804
0.170203
0.152431
0.113078
0.059897
0.023721
0.006989
-0.000847
-0.010236
-0.011911
-0.015587
-0.019298
-0.007347
-0.006126
-0.010951
0.002475
0.027569
0.043871
0.035888
0.030653
0.011754
0.000004
-0.009734
-0.010523
-0.007762
-0.002548
0.004621
0.019517
0.042906
0.055615
0.062962
0.056451
0.028376
0.005404
-0.011915
-0.015958
-0.002741
0.028345
0.047184
0.030986
0.002830
-0.002562
-0.001026
-0.012098
-0.026039
-0.023853
-0.014244
-0.005545
-0.006004
-0.024457
-0.044822
-0.076954
-0.125317
-0.171873
-0.216506
-0.238168
-0.244675
-0.245081
-0.230775
-0.226753
-0.245689
-0.259260
-0.260912
-0.256770
-0.249925
-0.240822
-0.226234
-0.217247
-0.223654
-0.247928
-0.257628
-0.276012
-0.305711
-0.336643
-0.369557
-0.389540
-0.391787
-0.381695
-0.349885
-0.338436
-0.354256
-0.358968
-0.352961
-0.331707
-0.307929
-0.281916
-0.253654
-0.232220
-0.224859
-0.234379
-0.234624
-0.242844
-0.274342
-0.307539
-0.337382
-0.359564
-0.362446
-0.351639
-0.323260
-0.314100
-0.327257
-0.332387
-0.329013
-0.309719
-0.286324
-0.257723
-0.229930
-0.203021
-0.185648
-0.188890
-0.181106
-0.182082
-0.205230
-0.230594
-0.261785
-0.280040
-0.281150
-0.273697
-0.252318
-0.242364
-0.259733
-0.270299
-0.267653
-0.254875
-0.237371
-0.218884
-0.195792
-0.172992
-0.160838
-0.160205
-0.155800
-0.167622
-0.188544
-0.207360
-0.236798
-0.261100
-0.267604
-0.264094
-0.242057
-0.241439
-0.261087
-0.263805
-0.262396
-0.253437
-0.242428
-0.228326
-0.203457
-0.180658
-0.168343
-0.170740
-0.170124
-0.181989
-0.210550
-0.236528
-0.264769
-0.284390
-0.285627
-0.278040
-0.258442
-0.261242
-0.279356
-0.282062
-0.275963
-0.263524
-0.246974
-0.227257
-0.201016
-0.182814
-0.178223
-0.191316
-0.188969
-0.199874
-0.225123
-0.251805
-0.282481
-0.300286
-0.301790
-0.293324
-0.263678
-0.254314
-0.272481
-0.280164
-0.277169
-0.261160
-0.239592
-0.214758
-0.186599
-0.158289
-0.138503
-0.133882
-0.125550
-0.130042
-0.153116
-0.174350
-0.204360
-0.228867
-0.235869
-0.231498
-0.210311
-0.213146
-0.230810
-0.238358
-0.229740
-0.212342
-0.194887
-0.183208
-0.162812
-0.140546
-0.123040
-0.114694
-0.105606
-0.110030
-0.133238
-0.157294
-0.192956
-0.223922
-0.235515
-0.235967
-0.217796
-0.221362
-0.240411
-0.244248
-0.241730
-0.233999
-0.228360
-0.223382
-0.207180
-0.196627
-0.189138
-0.197808
-0.194159
-0.211275
-0.231413
-0.256286
-0.286143
-0.303380
-0.302849
-0.294770
-0.270739
-0.270603
-0.280626
-0.283570
-0.276115
-0.265595
-0.248753
-0.228409
-0.200211
-0.178052
-0.166744
-0.171602
-0.164079
-0.170562
-0.195525
-0.219812
-0.243184
-0.253752
-0.246630
-0.230587
-0.210127
-0.215760
-0.233973
-0.227732
-0.207904
-0.178330
-0.149524
-0.117077
-0.088588
-0.059126
-0.033199
-0.038356
-0.029430
-0.037015
-0.069228
-0.102910
-0.141041
-0.170261
-0.182855
-0.181496
-0.160630
-0.164011
-0.191901
-0.204033
-0.205937
-0.199560
-0.195922
-0.187680
-0.166210
-0.150210
-0.138917
-0.133326
-0.130883
-0.149203
-0.158567
-0.173068
-0.196831
-0.211579
-0.211837
-0.202408
-0.188955
-0.198377
-0.211694
-0.205156
-0.192565
-0.183933
-0.170418
-0.151334
-0.120775
-0.094377
-0.078548
-0.080695
-0.065328
-0.067626
-0.095260
-0.127510
-0.161746
-0.184135
-0.191587
-0.189227
-0.172141
-0.178760
-0.201905
-0.206361
-0.199648
-0.189044
-0.175552
-0.151771
-0.135562
-0.119861
-0.107870
-0.123561
-0.123890
-0.148861
-0.167269
-0.193827
-0.231588
-0.262001
-0.270429
-0.262866
-0.241577
-0.246241
-0.260767
-0.260544
-0.260862
-0.257482
-0.239593
-0.219525
-0.191666
-0.168586
-0.150060
-0.128993
-0.107891
-0.100223
-0.113512
-0.122187
-0.129662
-0.130011
-0.117159
-0.095806
-0.085094
-0.106088
-0.126527
-0.120380
-0.083329
-0.051713
-0.032950
-0.001434
0.023734
0.046317
0.056580
0.020842
-0.002152
-0.048924
-0.090787
-0.133855
-0.169801
-0.187477
-0.188283
-0.175616
-0.151463
-0.174866
-0.199467
-0.201354
-0.196462
-0.192615
-0.189602
-0.175492
-0.155079
-0.147090
-0.149534
-0.174434
-0.180069
-0.205919
-0.234974
-0.269826
-0.301288
-0.315118
-0.311795
-0.300097
-0.278122
-0.278157
-0.296487
-0.297520
-0.281834
-0.252902
-0.220536
-0.189017
-0.152626
-0.127901
-0.111310
-0.113904
-0.094865
-0.088396
-0.103717
-0.121310
-0.140681
-0.153605
-0.152542
-0.148218
-0.150423
-0.165007
-0.181736
-0.183978
-0.153667
-0.128330
-0.113218
-0.081491
-0.063937
-0.040167
-0.023712
-0.040379
-0.043479
-0.072814
-0.098641
-0.129147
-0.165007
-0.190351
-0.199130
-0.196310
-0.172680
-0.178687
-0.197112
-0.197642
-0.189816
-0.182618
-0.174442
-0.159626
-0.134749
-0.114649
-0.105623
-0.116453
-0.115968
-0.126075
-0.160572
-0.194521
-0.229881
-0.254389
-0.261092
-0.255711
-0.239098
-0.238645
-0.258363
-0.257991
-0.242845
-0.217721
-0.191940
-0.165349
-0.134768
-0.109776
-0.095862
-0.113991
-0.104678
-0.104078
-0.132532
-0.163436
-0.205370
-0.243939
-0.266708
-0.279219
-0.260648
-0.255543
-0.272434
-0.280509
-0.277039
-0.257686
-0.237814
-0.227051
-0.213440
-0.187339
-0.166414
-0.158104
-0.136089
-0.137142
-0.143319
-0.154242
-0.171599
-0.184253
-0.175577
-0.150568
-0.121139
-0.114737
-0.127169
-0.118068
-0.107392
-0.103919
-0.095656
-0.076797
-0.044250
-0.008987
0.020153
0.053794
0.086424
0.105018
0.090018
0.066860
0.047607
0.034702
0.036354
0.045969
0.034396
-0.006220
-0.040925
-0.047933
-0.030145
-0.028656
-0.032757
-0.027308
-0.020254
-0.023655
-0.038196
-0.082463
-0.109003
-0.123645
-0.102016
-0.109255
-0.125229
-0.132110
-0.126582
-0.111702
-0.091132
-0.112023
-0.137005
-0.131571
-0.107785
-0.103665
-0.091135
-0.068365
-0.036292
-0.008662
0.008361
-0.002491
0.016647
0.032757
0.020934
-0.005876
-0.031592
-0.050351
-0.053692
-0.046448
-0.044241
-0.083051
-0.112270
-0.119684
-0.091860
-0.063690
-0.045794
-0.028483
-0.007762
0.003273
-0.000056
-0.038985
-0.055605
-0.090783
-0.095756
-0.114811
-0.149494
-0.176235
-0.181380
-0.168568
-0.143581
-0.151577
-0.174947
-0.181762
-0.167234
-0.145927
-0.125054
-0.101669
-0.069913
-0.039793
-0.024954
-0.039429
-0.024487
-0.006736
-0.010221
-0.038137
-0.075289
-0.107255
-0.121971
-0.121954
-0.110241
-0.123085
-0.152777
-0.163512
-0.140004
-0.114083
-0.087538
-0.063651
-0.043182
-0.019283
-0.007950
-0.038219
-0.049436
-0.075667
-0.074633
-0.076290
-0.093655
-0.110068
-0.106849
-0.088960
-0.064290
-0.069688
-0.093345
-0.102012
-0.071970
-0.038498
-0.011739
0.016669
0.053761
0.090841
0.113884
0.120626
0.137828
0.157083
0.136381
0.108065
0.079565
0.058674
0.049070
0.057314
0.049605
0.010464
-0.027100
-0.045532
-0.029753
-0.015446
-0.011545
-0.002148
0.011769
0.011500
-0.007854
-0.059132
-0.079949
-0.110905
-0.122641
-0.145720
-0.187401
-0.213132
-0.219841
-0.221083
-0.204676
-0.205372
-0.224817
-0.236641
-0.222336
-0.205993
-0.176535
-0.152566
-0.130090
-0.112252
-0.108799
-0.134710
-0.124828
-0.107457
-0.052451
-0.074259
-0.095062
-0.111518
-0.111840
-0.092867
-0.071172
-0.086588
-0.110313
-0.113317
-0.094854
-0.064035
-0.065075
-0.038944
-0.013787
-0.006395
0.003956
-0.024625
-0.036590
-0.071990
-0.069647
-0.076438
-0.095261
-0.105110
-0.096105
-0.067177
-0.039098
-0.072678
-0.105837
-0.118342
-0.102997
-0.086042
-0.076704
-0.065834
-0.046142
-0.032781
-0.033771
-0.067493
-0.078014
-0.089519
-0.107328
-0.126069
-0.156205
-0.179365
-0.183648
-0.165341
-0.127136
-0.125283
-0.143544
-0.156081
-0.128337
-0.095478
-0.081480
-0.060086
-0.027502
0.004695
0.028512
0.014109
0.004708
0.009750
-0.012157
-0.034846
-0.065623
-0.095800
-0.106179
-0.085581
-0.048323
-0.047713
-0.077198
-0.091021
-0.073439
-0.055865
-0.043463
-0.029866
-0.005056
0.016210
0.026941
-0.002040
-0.023415
-0.038910
-0.075599
-0.088495
-0.118202
-0.146651
-0.155654
-0.127570
-0.079029
-0.071459
-0.098312
-0.107739
-0.089146
-0.068534
-0.051055
-0.032585
-0.001681
0.031347
0.054135
0.042336
0.031671
0.038809
0.029223
0.005752
-0.021875
-0.046023
-0.050923
-0.025594
0.013872
-0.000110
-0.032657
-0.049688
-0.050634
-0.034914
-0.032184
-0.028526
-0.013218
-0.007841
-0.013328
-0.050552
-0.072972
-0.104769
-0.095708
-0.094359
-0.109259
-0.109320
-0.094779
-0.062950
-0.019996
-0.022204
-0.050456
-0.061714
-0.046388
-0.013547
0.009883
0.041019
0.077215
0.102707
0.109067
0.069707
0.035569
0.032131
0.065255
0.053408
0.038902
0.029199
0.036600
0.062865
0.091435
0.079544
0.048174
0.034802
0.036768
0.039239
0.035963
0.037506
0.037066
0.028299
0.009547
-0.053534
-0.099519
-0.146728
-0.145277
-0.155235
-0.182744
-0.195999
-0.187225
-0.149532
-0.095205
-0.078541
-0.108532
-0.126933
-0.077964
-0.040026
-0.016569
0.009316
0.052553
0.087489
0.106410
0.076413
0.041460
0.036787
0.088238
0.090191
0.091035
0.090677
0.102092
0.129265
0.132624
0.121111
0.091871
0.075229
0.072385
0.071976
0.061791
0.046102
0.034250
0.015397
-0.007082
-0.069697
-0.111650
-0.150203
-0.146022
-0.145340
-0.168341
-0.176103
-0.161877
-0.127352
-0.079528
-0.063274
-0.098347
-0.120681
-0.078210
-0.054940
-0.047178
-0.043396
-0.022087
0.002991
0.014095
-0.020427
-0.053774
-0.053377
-0.011519
0.014188
0.029075
0.053418
0.082954
0.121442
0.148269
0.142704
0.113075
0.096662
0.094348
0.089975
0.075199
0.065414
0.058203
0.037292
0.005589
-0.071614
-0.127045
-0.153392
-0.141123
-0.135504
-0.154162
-0.170046
-0.164846
-0.142699
-0.105563
-0.086602
-0.120327
-0.134596
-0.104887
-0.108069
-0.110502
-0.103825
-0.082232
-0.055032
-0.041196
-0.058958
-0.065142
-0.046641
0.000185
0.034881
0.050204
0.067143
0.093470
0.137816
0.183601
0.179717
0.141540
0.131043
0.137404
0.156646
0.166059
0.170615
0.175439
0.170985
0.163081
0.108690
0.048365
0.020492
0.024580
0.040182
0.031552
0.016555
0.017077
0.033768
0.060353
0.069481
0.026577
-0.003484
0.016771
0.026259
0.021578
0.012996
0.015411
0.026243
0.029444
-0.002131
-0.027041
-0.031712
-0.010148
0.019671
0.027647
0.034656
0.051797
0.082924
0.125744
0.121732
0.074050
0.049876
0.036578
0.045815
0.044126
0.034796
0.028872
0.022008
0.005045
-0.041713
-0.082215
-0.119190
-0.111729
-0.098570
-0.109780
-0.116118
-0.106933
-0.080626
-0.038838
-0.024600
-0.063073
-0.084910
-0.077823
-0.064140
-0.061943
-0.063126
-0.052285
-0.038564
-0.036455
-0.032630
-0.067598
-0.075147
-0.083420
-0.069640
-0.066579
-0.057884
-0.041631
-0.006638
0.037975
0.054257
0.010103
-0.013117
-0.017422
0.005104
0.005473
-0.001112
-0.004782
-0.004320
-0.014423
-0.028547
-0.076263
-0.096588
-0.071061
-0.033891
-0.023618
-0.015713
0.002515
0.031338
0.051830
0.062353
0.016178
-0.009143
-0.010424
0.006388
-0.003058
-0.017383
-0.028219
-0.028304
-0.039631
-0.048883
-0.085329
-0.093334
-0.109063
-0.092463
-0.089541
-0.093321
-0.084091
-0.061809
-0.038718
-0.020101
-0.049640
-0.070488
-0.047161
-0.030647
-0.027475
-0.034172
-0.036451
-0.017284
-0.005602
0.010872
0.003027
0.013881
0.008574
0.031357
0.042071
0.053047
0.070601
0.099116
0.125824
0.129590
0.081017
0.053257
0.038992
0.049706
0.044680
0.022425
0.003146
0.000306
-0.019576
-0.035367
-0.063706
-0.068641
-0.051958
-0.016759
-0.007422
-0.010954
-0.004652
0.010538
0.019297
0.028293
-0.007251
-0.044228
-0.058850
-0.041800
-0.044361
-0.057106
-0.066967
-0.058939
-0.063870
-0.065472
-0.095460
-0.101882
-0.052671
-0.009542
0.013024
0.032347
0.060106
0.097560
0.142862
0.155981
0.106813
0.081080
0.067115
0.085637
0.089990
0.078379
0.067696
0.062641
0.048120
0.036505
-0.014433
-0.036496
-0.055012
-0.031803
-0.030845
-0.028256
-0.008155
0.025661
0.066593
0.087079
0.038753
0.013721
0.016659
0.029152
0.027945
0.022160
0.019577
0.024445
0.020571
0.018531
-0.022057
-0.039983
-0.056459
-0.033187
-0.024489
-0.025450
-0.014984
0.009414
0.041404
0.062663
0.010802
-0.024959
-0.035758
-0.038534
-0.049206
-0.074536
-0.096354
-0.094674
-0.106851
-0.117648
-0.143620
-0.135420
-0.111616
-0.065690
-0.051314
-0.055636
-0.052095
-0.027521
-0.002927
0.014881
-0.022598
-0.049784
-0.045445
-0.051948
-0.066262
-0.080781
-0.094624
-0.082067
-0.075515
-0.064040
-0.073532
-0.049901
-0.037931
-0.012147
0.003486
0.013374
0.028878
0.055095
0.083125
0.101582
0.049326
0.020978
0.007623
0.023167
0.033932
0.022637
0.005371
0.009491
0.000841
-0.005932
-0.040044
-0.047987
-0.031867
0.015613
0.032090
0.036890
0.052563
0.078036
0.096580
0.113532
0.058045
0.023343
0.011432
0.010581
0.009909
-0.008672
-0.030644
-0.033064
-0.044425
-0.052416
-0.087475
-0.094162
-0.067895
-0.016341
0.006552
0.018365
0.039366
0.070168
0.093807
0.113194
0.059702
0.027523
0.015513
0.020039
0.017198
-0.001201
-0.024195
-0.026535
-0.038429
-0.048606
-0.084665
-0.090358
-0.094804
-0.056954
-0.045383
-0.048678
-0.042529
-0.018400
0.011367
0.032204
-0.000501
-0.030960
-0.030723
-0.035346
-0.046546
-0.064583
-0.084515
-0.075869
-0.077959
-0.076989
-0.099629
-0.090346
-0.078124
-0.030542
-0.012679
-0.005581
0.009811
0.041545
0.066767
0.089275
0.049298
0.019144
0.007877
0.007391
0.007772
-0.010444
-0.035367
-0.038355
-0.053312
-0.066272
-0.097713
-0.099206
-0.066640
-0.029937
-0.009315
-0.008329
-0.001176
0.021128
0.035723
0.058624
0.017053
-0.023524
-0.039929
-0.050660
-0.062900
-0.091845
-0.122624
-0.134511
-0.152941
-0.169398
-0.207502
-0.215959
-0.194506
-0.150520
-0.132764
-0.129163
-0.112690
-0.077804
-0.040451
-0.002676
-0.013998
-0.040792
-0.043345
-0.035727
-0.041589
-0.046049
-0.047976
-0.034274
-0.024989
-0.020295
-0.037806
-0.021012
-0.003014
0.046308
0.056257
0.050731
0.049432
0.060832
0.071557
0.086612
0.045078
0.009682
-0.017677
-0.019083
-0.017518
-0.033794
-0.066388
-0.074020
-0.092219
-0.113023
-0.154984
-0.171713
-0.167301
-0.136280
-0.131684
-0.140485
-0.127150
-0.095594
-0.065197
-0.035725
-0.069750
-0.107058
-0.097974
-0.091093
-0.086648
-0.093849
-0.099687
-0.094033
-0.096519
-0.102430
-0.153462
-0.188830
-0.180888
-0.151973
-0.147391
-0.146265
-0.128013
-0.089474
-0.024368
0.018298
0.000796
-0.028357
-0.039681
-0.028027
-0.024093
-0.035021
-0.040267
-0.034038
-0.042311
-0.063375
-0.120019
-0.146271
-0.151946
-0.130010
-0.132805
-0.148423
-0.143866
-0.121970
-0.089154
-0.061363
-0.087104
-0.113013
-0.125558
-0.114699
-0.113830
-0.128259
-0.132052
-0.125310
-0.133321
-0.149258
-0.196326
-0.207523
-0.178978
-0.143384
-0.135434
-0.139904
-0.130893
-0.106852
-0.073158
-0.046216
-0.068575
-0.091533
-0.100615
-0.075451
-0.063318
-0.057381
-0.053656
-0.035156
-0.022267
-0.027535
-0.061313
-0.057761
-0.052598
-0.013852
-0.018511
-0.043173
-0.062840
-0.068380
-0.056112
-0.033328
-0.037179
-0.067922
-0.092021
-0.083763
-0.075051
-0.077669
-0.089934
-0.084972
-0.084613
-0.091554
-0.141359
-0.166359
-0.162517
-0.135716
-0.124780
-0.128855
-0.116263
-0.086236
-0.036528
0.005860
-0.008639
-0.035599
-0.052060
-0.041792
-0.046692
-0.060497
-0.077967
-0.078823
-0.086987
-0.108307
-0.158879
-0.159215
-0.134086
-0.103010
-0.086321
-0.091722
-0.099100
-0.089836
-0.065585
-0.035888
-0.045048
-0.074024
-0.095594
-0.091712
-0.097275
-0.106014
-0.113374
-0.101642
-0.092649
-0.093971
-0.124323
-0.122838
-0.129951
-0.102063
-0.085591
-0.092220
-0.090191
-0.074905
-0.035384
-0.001345
-0.019539
-0.046080
-0.058350
-0.042885
-0.032721
-0.035715
-0.043525
-0.035496
-0.029309
-0.043117
-0.083608
-0.092584
-0.107855
-0.094504
-0.090901
-0.111678
-0.126949
-0.123026
-0.091961
-0.055453
-0.061882
-0.094288
-0.110126
-0.097089
-0.095809
-0.095852
-0.090977
-0.073426
-0.055017
-0.050603
-0.076559
-0.077614
-0.062711
-0.025283
-0.020110
-0.037621
-0.056316
-0.058839
-0.032299
0.003745
-0.008822
-0.038430
-0.061993
-0.055422
-0.044146
-0.051901
-0.064668
-0.060225
-0.060146
-0.070664
-0.123915
-0.144391
-0.133516
-0.111513
-0.105930
-0.119193
-0.119102
-0.101044
-0.059590
-0.015333
-0.028578
-0.055873
-0.073800
-0.063816
-0.066043
-0.078227
-0.090215
-0.086967
-0.090690
-0.110326
-0.159749
-0.148585
-0.097582
-0.063729
-0.047704
-0.053539
-0.059460
-0.048071
-0.019979
0.011938
0.004648
-0.023135
-0.044598
-0.035854
-0.036787
-0.046749
-0.055657
-0.047708
-0.038269
-0.042208
-0.078500
-0.083039
-0.065242
-0.035118
-0.027666
-0.045514
-0.069951
-0.082236
-0.070585
-0.041211
-0.041068
-0.080261
-0.095899
-0.101525
-0.104230
-0.114380
-0.131580
-0.134179
-0.140239
-0.145510
-0.191728
-0.169132
-0.144538
-0.105077
-0.077354
-0.072261
-0.073920
-0.099111
-0.102240
-0.088798
-0.106615
-0.126310
-0.125299
-0.107934
-0.080258
-0.063665
-0.050299
-0.027352
-0.006664
-0.009440
-0.047551
-0.044242
-0.021810
-0.005326
0.012312
0.003287
-0.012210
-0.014729
-0.000518
0.024120
0.014662
-0.022046
-0.044803
-0.058335
-0.069629
-0.093707
-0.127611
-0.140676
-0.157841
-0.172128
-0.212456
-0.159658
-0.127398
-0.078158
-0.042264
-0.034284
-0.026372
-0.000696
0.027117
0.051470
0.044789
0.010358
-0.011587
-0.002455
-0.005175
-0.019942
-0.034083
-0.031258
-0.026614
-0.030074
-0.064901
-0.025705
0.023573
0.044369
0.051898
0.032201
0.002413
-0.015685
-0.015072
0.001456
-0.004225
-0.050981
-0.070306
-0.085259
-0.101139
-0.118465
-0.149887
-0.167918
-0.190187
-0.201944
-0.238100
-0.157187
-0.130538
-0.086138
-0.057023
-0.050744
-0.037369
-0.013205
0.015079
0.047301
0.039676
0.011166
-0.004778
0.002411
0.012786
0.006684
0.000270
0.004845
0.010924
-0.002451
-0.046441
-0.028935
0.004590
0.006393
0.015320
-0.002113
-0.021889
-0.029732
-0.009729
0.029103
0.013407
-0.025253
-0.058904
-0.068081
-0.075546
-0.095157
-0.127430
-0.142328
-0.160657
-0.187068
-0.240381
-0.176584
-0.170616
-0.145708
-0.125759
-0.129847
-0.129727
-0.125470
-0.106243
-0.079464
-0.077250
-0.117392
-0.140028
-0.110251
-0.122371
-0.139233
-0.150581
-0.151902
-0.150080
-0.159965
-0.201196
-0.167499
-0.088573
-0.061504
-0.040845
-0.046102
-0.082123
-0.174712
-0.231268
-0.238561
-0.237839
-0.257168
-0.257239
-0.229991
-0.182287
-0.159470
-0.130564
-0.099067
-0.078679
-0.085407
-0.137547
-0.134655
-0.129524
-0.104200
-0.084128
-0.090152
-0.111525
-0.161358
-0.174469
-0.138166
-0.142647
-0.171805
-0.187793
-0.178109
-0.154015
-0.151010
-0.142699
-0.127578
-0.117712
-0.130676
-0.170329
-0.119584
-0.082866
-0.059107
-0.038773
-0.043786
-0.059644
-0.071844
-0.062866
-0.038445
-0.036050
-0.077991
-0.110648
-0.116373
-0.126876
-0.150320
-0.174491
-0.186045
-0.200099
-0.218387
-0.247275
-0.185032
-0.134865
-0.105992
-0.081232
-0.081719
-0.077373
-0.059658
-0.032977
0.003469
0.007380
-0.023424
-0.045422
-0.042563
-0.048717
-0.071806
-0.094032
-0.105303
-0.122061
-0.148782
-0.186642
-0.142973
-0.114944
-0.100527
-0.072787
-0.077003
-0.089762
-0.093411
-0.073562
-0.038009
-0.026353
-0.065048
-0.093529
-0.102825
-0.111191
-0.127659
-0.156806
-0.173184
-0.183671
-0.199671
-0.238810
-0.182922
-0.126373
-0.089329
-0.057291
-0.053061
-0.056694
-0.053309
-0.030678
-0.001431
0.013265
-0.020153
-0.040837
-0.038018
-0.049409
-0.072906
-0.105750
-0.117269
-0.121461
-0.137971
-0.164759
-0.132876
-0.111759
-0.091209
-0.058023
-0.055067
-0.068610
-0.115662
-0.146066
-0.147851
-0.160927
-0.190334
-0.204878
-0.191881
-0.169685
-0.159469
-0.157293
-0.144919
-0.127794
-0.127699
-0.155676
-0.112602
-0.062955
-0.030217
0.002851
0.009806
0.005382
0.003042
0.017015
0.034895
0.038946
-0.000630
-0.031069
-0.037147
-0.046160
-0.070241
-0.103169
-0.118460
-0.124108
-0.137648
-0.161342
-0.121448
-0.053522
-0.027848
-0.000713
0.000796
-0.011049
-0.026893
-0.030735
-0.023246
-0.024554
-0.059868
-0.081424
-0.077090
-0.077646
-0.089477
-0.113939
-0.125474
-0.129479
-0.141660
-0.170342
-0.129276
-0.060038
-0.026828
0.007422
0.016116
0.013003
0.010088
0.022191
0.040350
0.041709
0.004486
-0.024152
-0.029288
-0.031300
-0.046934
-0.078593
-0.098851
-0.108150
-0.124626
-0.152046
-0.116559
-0.058045
-0.033930
-0.008596
-0.010389
-0.026375
-0.039058
-0.027312
-0.004471
0.012403
-0.022414
-0.048721
-0.052521
-0.064792
-0.083089
-0.126741
-0.160408
-0.179011
-0.200133
-0.223766
-0.204272
-0.140166
-0.100146
-0.057122
-0.039231
-0.019420
0.015052
0.044855
0.071760
0.070632
0.039943
0.020622
0.017413
0.030808
0.018909
-0.004062
-0.021429
-0.028267
-0.045600
-0.083896
-0.065835
-0.037065
-0.038775
-0.012359
-0.015139
-0.037112
-0.051573
-0.058485
-0.065033
-0.054965
-0.091903
-0.120568
-0.134776
-0.150476
-0.161183
-0.183996
-0.206391
-0.234618
-0.248439
-0.294367
-0.278725
-0.259958
-0.208108
-0.153320
-0.113492
-0.092684
-0.103845
-0.113635
-0.080107
-0.067716
-0.105084
-0.108950
-0.079385
-0.039374
-0.011451
0.009751
0.027399
0.056728
0.051999
0.009298
-0.004324
0.017170
0.017611
0.026468
0.020789
-0.017705
-0.045998
-0.066184
-0.099234
-0.113419
-0.151949
-0.153261
-0.159150
-0.182944
-0.175376
-0.176836
-0.203833
-0.243332
-0.283063
-0.335730
-0.372603
-0.364936
-0.321451
-0.265141
-0.221797
-0.163575
-0.091612
-0.008457
0.074205
0.107092
0.074870
0.061230
0.099649
0.109532
0.095559
0.073555
0.057350
0.053300
0.022674
-0.029431
-0.084979
-0.098806
-0.095710
-0.079815
-0.077662
-0.095313
-0.101514
-0.094811
-0.092146
-0.090937
-0.117827
-0.129667
-0.116176
-0.129430
-0.124545
-0.133005
-0.140708
-0.156618
-0.173140
-0.200410
-0.150743
-0.121339
-0.067805
-0.015094
0.016829
0.012255
-0.049277
-0.125709
-0.175983
-0.184852
-0.218015
-0.221023
-0.192526
-0.131104
-0.083715
-0.055782
-0.018780
0.019654
0.013493
-0.017061
-0.064996
-0.069818
-0.091952
-0.092500
-0.111556
-0.156683
-0.188789
-0.202513
-0.197301
-0.175565
-0.201352
-0.214900
-0.201302
-0.223171
-0.219156
-0.223449
-0.232215
-0.247900
-0.270823
-0.301960
-0.262393
-0.244522
-0.195339
-0.143151
-0.109088
-0.084721
-0.077764
-0.071406
-0.040689
-0.037776
-0.083547
-0.093476
-0.052571
-0.016103
0.011273
0.023242
0.032026
0.052119
0.036365
-0.002880
-0.052170
-0.071286
-0.062836
-0.065417
-0.073166
-0.107926
-0.142259
-0.163250
-0.169227
-0.160323
-0.180821
-0.197479
-0.185469
-0.210244
-0.207055
-0.199794
-0.216657
-0.242188
-0.276034
-0.318124
-0.324009
-0.325677
-0.284482
-0.231625
-0.187277
-0.135645
-0.070273
-0.003116
0.067262
0.104021
0.076952
0.052294
0.076314
0.090511
0.083069
0.060745
0.037976
0.024324
0.009742
-0.040172
-0.093968
-0.100133
-0.059836
-0.023151
0.007665
0.016087
0.024095
0.042493
0.054067
0.051054
0.020613
-0.002435
-0.007674
-0.023020
-0.038563
-0.065309
-0.102175
-0.132533
-0.157664
-0.186563
-0.160136
-0.133716
-0.067227
-0.001451
0.048893
0.066571
0.011098
-0.095033
-0.181723
-0.228428
-0.274977
-0.292429
-0.256088
-0.200410
-0.162237
-0.130596
-0.094381
-0.051953
-0.021624
-0.026451
-0.051597
-0.035884
0.010606
0.027731
0.033418
0.006382
-0.012104
-0.017108
-0.027632
-0.026384
-0.049274
-0.069522
-0.069191
-0.080646
-0.092949
-0.113324
-0.145292
-0.165153
-0.182820
-0.198862
-0.141389
-0.117449
-0.065621
-0.014556
0.022995
0.026429
-0.040147
-0.137637
-0.192437
-0.211225
-0.245997
-0.255633
-0.219544
-0.160994
-0.116343
-0.082535
-0.040250
0.002899
0.027302
0.009192
-0.017616
-0.011637
-0.039112
-0.031002
-0.030129
-0.057202
-0.077118
-0.075816
-0.063901
-0.050786
-0.068045
-0.082376
-0.073284
-0.084034
-0.092163
-0.109297
-0.136712
-0.156109
-0.166926
-0.180468
-0.127671
-0.102549
-0.034381
0.032808
0.089452
0.120990
0.087797
0.005407
-0.053408
-0.080764
-0.118853
-0.141313
-0.117619
-0.053212
0.001395
0.036909
0.078277
0.121935
0.141505
0.125637
0.098737
0.068626
0.026834
-0.010041
-0.029876
-0.082961
-0.138985
-0.174149
-0.197540
-0.202287
-0.204299
-0.215027
-0.199001
-0.186906
-0.178789
-0.171778
-0.190376
-0.202040
-0.211615
-0.209481
-0.154044
-0.144029
-0.094564
-0.039413
0.007676
0.037167
0.019190
-0.035345
-0.046342
-0.039453
-0.065632
-0.096616
-0.085728
-0.033368
0.018061
0.041076
0.063750
0.091186
0.100049
0.071089
0.023344
-0.009843
-0.066777
-0.100541
-0.118026
-0.166016
-0.207541
-0.225873
-0.218694
-0.191431
-0.193895
-0.206438
-0.187304
-0.170918
-0.170607
-0.166870
-0.177333
-0.184699
-0.192797
-0.199935
-0.222026
-0.171143
-0.129508
-0.075171
-0.029955
-0.007366
-0.038814
-0.107512
-0.143008
-0.144557
-0.169927
-0.196000
-0.183351
-0.131984
-0.077387
-0.046617
-0.017141
0.018398
0.032165
0.009501
-0.030177
-0.050378
-0.053457
-0.052402
-0.053994
-0.084489
-0.120706
-0.146573
-0.143999
-0.120618
-0.130939
-0.149854
-0.142321
-0.141179
-0.155536
-0.163378
-0.185901
-0.198478
-0.210834
-0.222129
-0.267428
-0.259996
-0.208002
-0.145628
-0.092802
-0.060035
-0.059823
-0.095984
-0.094018
-0.064182
-0.094077
-0.125217
-0.113916
-0.065420
-0.019325
0.006695
0.036827
0.070538
0.087589
0.070892
0.039835
0.017303
-0.025184
-0.059084
-0.083259
-0.139608
-0.195174
-0.231354
-0.247097
-0.240974
-0.242012
-0.259921
-0.243327
-0.239179
-0.238992
-0.220270
-0.222129
-0.234968
-0.257799
-0.273481
-0.267456
-0.283817
-0.244131
-0.189944
-0.137038
-0.092182
-0.070519
-0.098013
-0.088325
-0.057254
-0.080806
-0.122280
-0.116047
-0.076732
-0.033757
-0.013677
0.005154
0.025796
0.038228
0.007921
-0.037067
-0.070516
-0.139689
-0.158549
-0.157703
-0.183152
-0.203783
-0.202730
-0.175538
-0.132505
-0.128448
-0.152717
-0.150543
-0.125697
-0.142511
-0.141239
-0.148801
-0.152016
-0.149304
-0.150366
-0.163396
-0.096332
-0.053961
-0.005847
0.038570
0.062773
0.036563
-0.043651
-0.093332
-0.107854
-0.143883
-0.183917
-0.178849
-0.130972
-0.075358
-0.040239
-0.018268
0.009788
0.033954
0.026822
-0.005933
-0.022160
-0.046513
-0.069295
-0.067839
-0.098143
-0.131180
-0.143758
-0.139604
-0.122716
-0.117838
-0.143329
-0.134654
-0.114311
-0.130425
-0.129623
-0.156811
-0.175223
-0.185503
-0.183066
-0.192881
-0.129916
-0.097533
-0.046072
0.001131
0.028214
0.004004
-0.071618
-0.115530
-0.125538
-0.155176
-0.193923
-0.193347
-0.147980
-0.095959
-0.060802
-0.040145
-0.014424
0.008537
-0.007337
-0.045300
-0.077522
-0.129250
-0.138781
-0.127572
-0.145278
-0.159421
-0.151779
-0.125266
-0.085594
-0.081539
-0.107746
-0.113408
-0.106244
-0.117682
-0.118619
-0.135565
-0.150496
-0.158203
-0.160044
-0.167252
-0.095362
-0.050089
0.011472
0.068490
0.103045
0.098707
0.033677
-0.015559
-0.035586
-0.075643
-0.115742
-0.109415
-0.064456
-0.009827
0.020449
0.040366
0.060584
0.082140
0.070664
0.043948
0.026375
0.022387
-0.004790
0.003824
-0.014817
-0.053100
-0.074927
-0.088219
-0.109789
-0.111809
-0.128247
-0.123719
-0.107039
-0.122766
-0.123204
-0.151837
-0.179283
-0.197455
-0.187259
-0.189855
-0.134582
-0.087767
-0.021435
0.047633
0.103561
0.111746
0.066663
0.033005
0.013601
-0.008740
-0.045751
-0.045333
0.016558
0.062759
0.090577
0.109783
0.133862
0.152514
0.146278
0.116021
0.065383
0.008222
-0.028946
-0.018857
-0.027330
-0.044737
-0.041916
-0.021419
-0.006382
-0.008810
-0.030715
-0.029919
-0.011426
0.001368
-0.009645
-0.049518
-0.089864
-0.105425
-0.097697
-0.105764
-0.039147
0.005731
0.055525
0.106084
0.136465
0.132885
0.076192
0.023220
-0.021394
-0.051349
-0.092726
-0.105256
-0.057493
-0.028923
-0.013311
-0.007258
0.004310
0.021136
0.009305
-0.025710
-0.095315
-0.151598
-0.152305
-0.126698
-0.126381
-0.126736
-0.106853
-0.070051
-0.019360
-0.012427
-0.051269
-0.055279
-0.037804
-0.043017
-0.046092
-0.064659
-0.080817
-0.086019
-0.082260
-0.084361
-0.003651
0.029040
0.030653
0.050472
0.046358
-0.002166
-0.116706
-0.227873
-0.293838
-0.302053
-0.339788
-0.333157
-0.311807
-0.287389
-0.251949
-0.220426
-0.184369
-0.141293
-0.126937
-0.131818
-0.094015
-0.088911
-0.050167
-0.008527
0.008550
0.015416
-0.004661
-0.002226
0.035959
0.026150
-0.020214
-0.038402
-0.018476
0.016691
0.036081
0.031322
0.029095
0.040573
0.044432
0.018130
-0.020041
-0.016078
-0.018386
-0.013312
-0.022427
-0.061233
-0.091714
-0.113442
-0.117936
-0.107902
-0.135371
-0.144427
-0.135988
-0.147762
-0.137911
-0.142674
-0.155842
-0.164534
-0.169402
-0.183895
-0.120142
-0.103720
-0.057771
-0.012230
0.019734
0.010431
-0.059051
-0.126847
-0.142217
-0.147087
-0.178235
-0.175980
-0.135999
-0.076734
-0.035738
-0.006380
0.023819
0.059705
0.059364
0.038627
0.008371
0.009635
-0.003077
0.009840
0.009959
-0.015996
-0.031727
-0.037099
-0.044569
-0.044222
-0.073841
-0.086672
-0.077470
-0.095210
-0.100758
-0.127433
-0.156403
-0.182887
-0.201665
-0.229207
-0.207998
-0.185964
-0.135443
-0.083229
-0.045124
-0.029719
-0.044593
-0.068468
-0.066152
-0.072717
-0.109889
-0.112254
-0.083613
-0.035084
0.008087
0.027024
0.039933
0.060835
0.058302
0.026764
-0.011316
-0.018601
-0.018216
0.008655
0.025523
0.016889
0.018292
0.031949
0.033116
0.031827
0.004827
-0.010567
-0.006024
-0.026050
-0.038674
-0.074685
-0.122650
-0.156114
-0.168551
-0.188360
-0.163669
-0.115508
-0.038272
0.040267
0.100879
0.126448
0.084565
0.015806
-0.037865
-0.066900
-0.110153
-0.113816
-0.079918
-0.017168
0.024841
0.055410
0.093167
0.139396
0.155763
0.139782
0.109990
0.091793
0.043860
0.019170
-0.009260
-0.066012
-0.106408
-0.133544
-0.160668
-0.160468
-0.167402
-0.172078
-0.160863
-0.149643
-0.132424
-0.138185
-0.163258
-0.162614
-0.148402
-0.129845
-0.057671
-0.021846
0.016661
0.059756
0.099710
0.120903
0.096196
0.065905
0.067408
0.068384
0.036000
0.004870
0.040295
0.074654
0.090966
0.088600
0.086680
0.095960
0.083091
0.043086
-0.022697
-0.069655
-0.118097
-0.120443
-0.118493
-0.138273
-0.145779
-0.128609
-0.087861
-0.063723
-0.091817
-0.098128
-0.075762
-0.072376
-0.069928
-0.085060
-0.099208
-0.108981
-0.108853
-0.119472
-0.167463
-0.139938
-0.093999
-0.039328
0.003678
0.034158
0.043797
0.051355
0.088947
0.106655
0.075147
0.054400
0.058785
0.097810
0.126645
0.130968
0.139560
0.151870
0.143924
0.109728
0.057180
0.046616
0.038670
0.039390
0.036444
0.001485
-0.026539
-0.034315
-0.039745
-0.039035
-0.056039
-0.064219
-0.053514
-0.041894
-0.053179
-0.084148
-0.134779
-0.159077
-0.161008
-0.156356
-0.196687
-0.148492
-0.101709
-0.044227
-0.000111
0.021257
0.006326
-0.008215
0.023623
0.058323
0.037414
0.011883
0.015351
0.047458
0.069900
0.078275
0.092359
0.113573
0.102408
0.066690
-0.011406
-0.067323
-0.106730
-0.103186
-0.105428
-0.134484
-0.152162
-0.149575
-0.128043
-0.102109
-0.119936
-0.126601
-0.108855
-0.095740
-0.100108
-0.114259
-0.135124
-0.137749
-0.130284
-0.126191
-0.168656
-0.111718
-0.073472
-0.025194
0.007802
0.016380
-0.005300
-0.030962
-0.011409
0.020401
-0.000964
-0.021610
-0.018496
0.022302
0.052312
0.061183
0.077680
0.101156
0.096277
0.067236
0.021234
0.000070
0.014556
0.001323
-0.011216
-0.056937
-0.108559
-0.137807
-0.157995
-0.167313
-0.182963
-0.200071
-0.190107
-0.178127
-0.169333
-0.168800
-0.207299
-0.234239
-0.255279
-0.270731
-0.225590
-0.218290
-0.183965
-0.141067
-0.105290
-0.073861
-0.049299
-0.048246
-0.015315
0.009084
-0.021637
-0.053432
-0.024034
0.003852
0.019383
0.024350
0.030524
0.035646
0.031338
-0.015178
-0.064635
-0.102900
-0.125819
-0.114120
-0.107075
-0.123889
-0.140875
-0.138856
-0.096881
-0.049629
-0.060812
-0.094708
-0.104801
-0.113936
-0.123168
-0.133554
-0.163011
-0.186723
-0.213030
-0.238487
-0.239926
-0.227668
-0.175404
-0.117493
-0.069577
-0.039312
-0.049477
-0.115369
-0.158156
-0.165890
-0.201655
-0.229022
-0.209850
-0.153562
-0.103781
-0.066712
-0.030297
0.010979
0.039228
0.028345
-0.003326
-0.012395
-0.036350
-0.063314
-0.079840
-0.125296
-0.168490
-0.194732
-0.193012
-0.162001
-0.160726
-0.184577
-0.185190
-0.196216
-0.213044
-0.219865
-0.229774
-0.227690
-0.242384
-0.254896
-0.215491
-0.194496
-0.145760
-0.092417
-0.047580
-0.018714
-0.025483
-0.068873
-0.074449
-0.064379
-0.099174
-0.123444
-0.105372
-0.057852
-0.008322
0.018777
0.050247
0.082557
0.100834
0.074337
0.038537
0.020991
0.006734
-0.021521
-0.031014
-0.069348
-0.115447
-0.142686
-0.152955
-0.149730
-0.152986
-0.165509
-0.160515
-0.139966
-0.143861
-0.139465
-0.159865
-0.168511
-0.176087
-0.168201
-0.174329
-0.116990
-0.085455
-0.038422
0.005657
0.032286
0.016204
-0.044421
-0.076631
-0.093005
-0.126953
-0.166750
-0.150710
-0.082324
-0.042827
-0.020500
-0.005915
0.020383
0.031399
0.013815
-0.031592
-0.094275
-0.144606
-0.145071
-0.133703
-0.147059
-0.187725
-0.266414
-0.300142
-0.284429
-0.285087
-0.315539
-0.295330
-0.268112
-0.256817
-0.236961
-0.221114
-0.206584
-0.190581
-0.186313
-0.211002
-0.150493
-0.121514
-0.071635
-0.023883
0.000408
-0.003304
-0.058859
-0.102596
-0.121723
-0.154960
-0.191766
-0.188181
-0.149845
-0.115810
-0.101163
-0.094273
-0.080262
-0.061459
-0.052638
-0.077738
-0.083504
-0.100816
-0.085050
-0.053566
-0.052503
-0.052071
-0.027628
0.009341
0.050587
0.052274
0.013940
0.005021
0.008258
-0.007684
-0.023839
-0.062494
-0.087957
-0.095806
-0.090830
-0.108445
-0.045541
0.005070
0.069019
0.128229
0.159285
0.114720
0.000545
-0.096563
-0.142496
-0.178719
-0.211274
-0.190289
-0.127043
-0.061011
-0.021815
0.015021
0.054262
0.088685
0.085872
0.062691
0.055229
0.041173
0.018178
0.026456
-0.000892
-0.040839
-0.058346
-0.061049
-0.069633
-0.076596
-0.098961
-0.108646
-0.107584
-0.098854
-0.098243
-0.133396
-0.173946
-0.202169
-0.206226
-0.239158
-0.247227
-0.203138
-0.143469
-0.085079
-0.044619
-0.022691
-0.026478
-0.018470
-0.012966
-0.036025
-0.071647
-0.037892
-0.010223
0.006050
0.014334
0.010276
0.013888
0.026389
0.006600
-0.033860
-0.068456
-0.112004
-0.108676
-0.083316
-0.084374
-0.081800
-0.062372
-0.026154
0.007016
0.008841
-0.024825
-0.032887
-0.021566
-0.038346
-0.055532
-0.079235
-0.100708
-0.109947
-0.111768
-0.120198
-0.051012
-0.025841
0.017072
0.057818
0.075613
0.042047
-0.069132
-0.184555
-0.266678
-0.297765
-0.335414
-0.321313
-0.265179
-0.212165
-0.175723
-0.144067
-0.110731
-0.074826
-0.056281
-0.074314
-0.089347
-0.053083
-0.054117
-0.025423
-0.024269
-0.036092
-0.032290
-0.017004
-0.004215
0.003415
-0.026159
-0.041101
-0.033147
-0.051300
-0.063882
-0.098168
-0.129870
-0.153596
-0.153870
-0.173611
-0.127455
-0.081372
-0.014086
0.052812
0.097956
0.097020
0.023358
-0.043445
-0.076637
-0.109765
-0.151025
-0.143202
-0.091697
-0.027276
0.011384
0.037187
0.065321
0.098966
0.101148
0.079786
0.061890
0.058807
0.039712
0.058496
0.053771
0.006223
-0.077676
-0.170978
-0.255336
-0.265932
-0.275680
-0.241098
-0.204290
-0.211101
-0.191515
-0.186177
-0.184632
-0.159558
-0.126326
-0.105324
-0.036253
0.016273
0.096819
0.193619
0.271298
0.296889
0.244496
0.201753
0.156221
0.121228
0.082846
0.079196
0.114917
0.158661
0.183434
0.193384
0.209378
0.214923
0.200501
0.157556
0.095458
0.058198
0.051811
0.081920
0.092677
0.080392
0.093193
0.125152
0.142433
0.125972
0.113796
0.107614
0.109532
0.117839
0.098341
0.045923
-0.010676
-0.034343
-0.026669
-0.057366
-0.013567
0.032860
0.107909
0.198393
0.273760
0.281440
0.211229
0.126703
0.051356
0.007139
-0.043702
-0.025088
0.003018
0.030447
0.046968
0.054825
0.074229
0.100433
0.084069
0.039522
-0.009180
-0.002043
0.005027
0.049909
0.089861
0.098811
0.123048
0.166164
0.180876
0.154585
0.133145
0.139216
0.154977
0.136081
0.111262
0.061275
0.010283
-0.003603
0.005946
-0.026273
-0.000529
0.028318
0.078714
0.145034
0.194872
0.216348
0.232278
0.230187
0.193734
0.144772
0.094759
0.085359
0.086053
0.079883
0.061431
0.024105
-0.007469
-0.019959
-0.030070
-0.046837
-0.001918
0.002945
0.054285
0.122166
0.174367
0.195662
0.221268
0.231098
0.210836
0.175126
0.125472
0.106694
0.111930
0.123238
0.115236
0.078043
0.038479
0.028361
0.031847
0.019816
-0.001261
0.034364
0.051286
0.099873
0.131638
0.134643
0.148569
0.165019
0.167374
0.156951
0.107451
0.082677
0.083317
0.086932
0.072555
0.031917
-0.013928
-0.028080
-0.030722
-0.034356
0.008539
0.055278
0.075535
0.117498
0.142632
0.125611
0.085361
0.024988
-0.045886
-0.075712
-0.118943
-0.126302
-0.114156
-0.099061
-0.090435
-0.099625
-0.115096
-0.107078
-0.098102
-0.095451
-0.052436
-0.008342
0.049419
0.109219
0.151909
0.161193
0.110414
0.044777
-0.001673
-0.038407
-0.082887
-0.089258
-0.058385
-0.004192
0.029608
0.041677
0.051736
0.079479
0.084480
0.058768
0.036458
0.050982
0.015669
0.020925
0.017758
-0.020640
-0.045827
-0.056785
-0.078715
-0.084803
-0.097570
-0.103905
-0.095600
-0.082175
-0.071503
-0.097598
-0.144315
-0.156860
-0.139284
-0.117664
-0.070569
-0.014361
0.031979
0.089084
0.140807
0.159764
0.125780
0.080654
0.064584
0.050078
0.018245
-0.002022
0.013745
0.060128
0.091304
0.097413
0.106769
0.123637
0.107622
0.065167
0.007049
-0.005647
-0.035949
-0.027483
-0.021400
-0.045348
-0.060166
-0.052089
-0.035983
-0.026517
-0.045884
-0.053633
-0.039156
-0.024201
-0.041719
-0.071897
-0.108576
-0.123420
-0.119347
-0.117781
-0.100651
-0.050469
-0.007171
0.040611
0.074872
0.083887
0.046343
-0.015385
-0.055247
-0.082159
-0.122333
-0.143868
-0.130637
-0.088284
-0.054658
-0.044563
-0.035883
-0.020277
-0.021214
-0.049268
-0.102290
-0.106007
-0.082665
-0.048474
-0.028568
-0.031190
-0.056021
-0.102806
-0.120626
-0.119252
-0.153754
-0.177161
-0.156313
-0.125709
-0.112967
-0.115365
-0.115275
-0.100022
-0.089033
-0.089655
-0.124127
-0.105637
-0.058675
-0.002400
0.040160
0.056805
0.034272
-0.017341
-0.047969
-0.047548
-0.083480
-0.098747
-0.079285
-0.024988
0.008875
0.024782
0.044797
0.076036
0.097652
0.081999
0.057522
0.058215
0.022615
0.015187
0.010147
-0.035366
-0.070392
-0.085511
-0.099656
-0.097728
-0.101755
-0.113601
-0.106728
-0.097082
-0.092494
-0.106162
-0.145992
-0.157346
-0.144601
-0.125959
-0.082284
-0.032420
0.034583
0.117720
0.196454
0.243305
0.233442
0.210441
0.215865
0.216131
0.186189
0.170241
0.189319
0.249055
0.283749
0.302862
0.329226
0.362511
0.359081
0.323230
0.264800
0.192306
0.111533
0.058898
0.045512
0.000220
-0.046869
-0.068525
-0.076417
-0.090523
-0.096379
-0.090042
-0.079699
-0.067013
-0.049220
-0.055653
-0.089524
-0.119210
-0.131393
-0.120130
-0.154220
-0.113931
-0.081057
-0.015375
0.067425
0.131627
0.127258
0.074005
0.026489
-0.010282
-0.045411
-0.053985
-0.005990
0.020682
0.037160
0.046702
0.061769
0.086428
0.100195
0.073344
0.032618
-0.001955
-0.070193
-0.086517
-0.078379
-0.091557
-0.094066
-0.073810
-0.039004
-0.017072
-0.029878
-0.042875
-0.026295
-0.004903
-0.015545
-0.038192
-0.066684
-0.081667
-0.079433
-0.074021
-0.094754
-0.045846
-0.013971
0.025870
0.055708
0.062867
0.029517
-0.045942
-0.102566
-0.142940
-0.183713
-0.218604
-0.210119
-0.153502
-0.126340
-0.111997
-0.103001
-0.082984
-0.065585
-0.074236
-0.128434
-0.115580
-0.094031
-0.059923
-0.036120
-0.033003
-0.042120
-0.075633
-0.077043
-0.056826
-0.085702
-0.122635
-0.123179
-0.096742
-0.082760
-0.086693
-0.092646
-0.086205
-0.082413
-0.088046
-0.131729
-0.095556
-0.058936
-0.012944
0.021976
0.031124
0.000708
-0.075759
-0.133609
-0.148484
-0.186379
-0.215207
-0.200060
-0.152811
-0.115566
-0.096643
-0.083976
-0.060795
-0.039062
-0.031762
-0.060870
-0.055936
-0.064745
-0.052361
-0.032670
-0.047546
-0.059302
-0.049317
-0.033120
-0.008880
-0.008010
-0.034605
-0.034622
-0.025783
-0.042716
-0.058943
-0.091676
-0.104105
-0.098245
-0.078220
-0.085267
-0.039753
0.027964
0.118377
0.216466
0.294646
0.309854
0.268755
0.258377
0.237763
0.191604
0.160894
0.174721
0.235558
0.304302
0.360692
0.406263
0.457808
0.470764
0.459786
0.412451
0.318921
0.211757
0.140663
0.119722
0.076787
0.018238
-0.021635
-0.048000
-0.086385
-0.109313
-0.114141
-0.103336
-0.085406
-0.071799
-0.091457
-0.130147
-0.151998
-0.151136
-0.122191
-0.119964
-0.064014
-0.006976
0.037708
0.114535
0.177055
0.183954
0.137650
0.103556
0.067196
0.033541
0.023119
0.054111
0.085019
0.100961
0.112482
0.128003
0.122849
0.123812
0.125516
0.122789
0.104382
0.079360
0.047098
0.017217
-0.020483
-0.080438
-0.174330
-0.281683
-0.355543
-0.385389
-0.445476
-0.471378
-0.352294
-0.218280
-0.038247
0.202946
0.459067
0.560674
0.698750
0.799354
0.863000
0.863002
0.863000
0.862989
0.863339
0.863000
0.863000
0.863055
0.862926
0.862422
0.862274
0.769946
0.786785
