0.004767
-0.183120
-0.158211
-0.011641
0.010137
0.016922
0.006481
0.027427
0.032840
0.034382
0.036575
1.915893
2.903632
0.314709
1.271144
1.501956
0.014638
-0.469888
-0.188085
0.016404
-0.012350
-1.626921
-2.345118
-0.968977
2.103706
2.600240
2.688145
1.393879
0.527810
0.043316
-0.324073
0.598954
1.948836
1.483830
1.432746
-0.912789
-1.956388
-0.831379
1.807276
3.023051
3.563684
-1.306907
-3.054456
-0.934337
1.264933
0.133663
0.175624
-0.618728
-1.268036
-1.408551
-0.376265
-0.453886
1.354403
2.702212
2.215104
0.338365
-1.152104
-1.038109
2.503648
3.928923
2.463687
0.923370
-2.055553
-1.677277
1.769714
-0.301972
-0.498490
-1.228131
-1.545691
-1.546836
-1.772880
0.599496
2.725030
1.106273
0.804264
-1.341058
-3.095953
-2.374238
0.703040
2.108650
1.888815
-0.719388
-2.901342
-1.059524
1.026863
-0.614808
-0.347189
-0.680171
-1.194021
-1.564635
-1.573932
1.130404
2.736121
0.704211
0.265648
-1.916007
-3.284462
-2.238496
1.314789
2.734067
3.273505
-0.275949
-2.278941
-0.525788
1.242753
-0.024068
0.307892
0.034161
-0.288313
-0.460023
-0.667206
1.092458
2.764449
0.946231
0.674809
-1.625154
-3.088796
-1.926226
1.387656
2.906099
3.660362
-0.509424
-2.545244
-0.891624
0.989808
-0.222960
-0.010738
-0.337678
-0.666401
-0.950546
-0.977985
0.759846
2.785558
1.074100
0.831507
-1.520474
-3.094337
-2.014760
1.452003
2.947004
3.691195
-0.330302
-2.374701
-0.769087
0.851110
-0.129640
0.144077
-0.167732
-0.415234
-0.586409
-0.855122
1.278101
3.054639
1.022782
0.690940
-1.599025
-3.218798
-2.052801
1.194411
2.738015
2.877917
-0.451915
-2.508271
-0.961780
0.955037
-0.249445
-0.070069
-0.519065
-0.867971
-1.123557
-1.130056
0.722127
2.804138
1.112256
0.850220
-1.528773
-3.114841
-2.128381
1.323452
2.843001
3.616325
-0.271951
-2.317184
-0.767304
0.924487
-0.157109
0.092064
-0.280193
-0.549235
-0.784504
-0.883966
1.031414
2.900982
1.037732
0.748877
-1.574956
-3.203894
-2.113249
1.216416
2.819993
3.569274
-0.187827
-2.115003
-0.771040
1.376513
-0.113792
0.105602
-0.495556
-0.893638
-1.086233
-1.153897
0.847368
2.884911
1.079326
0.705751
-1.732620
-3.362369
-2.334776
1.130460
2.685438
3.523865
-0.261576
-2.323468
-0.789480
0.901464
-0.186229
0.044480
-0.381162
-0.700443
-0.987225
-0.999375
0.945487
2.887517
1.063921
0.740913
-1.644714
-3.295174
-2.233083
1.198809
2.795129
3.627938
-0.273039
-2.351469
-0.738260
0.984892
-0.179522
0.037911
-0.402859
-0.740138
-1.022225
-1.086609
0.998661
2.963952
1.160851
0.725084
-1.584140
-3.301398
-2.220443
1.186034
2.763805
3.637711
-0.193944
-2.221748
-0.705397
1.196760
-0.102238
0.050091
-0.467441
-0.895694
-1.083710
-1.064071
0.689456
2.886066
1.196316
0.868641
-1.576955
-3.242367
-2.279661
1.238546
2.828054
3.661591
-0.129196
-2.192535
-0.930206
0.929569
-0.302914
-0.144657
-0.646924
-1.037776
-1.142940
-1.079191
0.788772
2.963028
1.234358
0.839708
-1.589621
-3.264796
-2.205272
1.318260
2.932981
3.767995
0.039582
-1.922352
-0.845143
1.210840
-0.145943
0.002156
-0.659024
-1.139799
-1.205531
-1.144324
0.775065
2.992648
1.270859
0.816521
-1.683952
-3.350235
-2.314485
1.250232
2.840107
3.727555
-0.084491
-2.133420
-0.745112
0.927209
-0.245220
-0.080208
-0.608366
-0.997969
-1.107511
-1.028959
0.781996
2.980540
1.261407
0.859464
-1.629409
-3.297075
-2.265425
1.295388
2.905503
3.776545
-0.098065
-2.151053
-0.736464
0.940627
-0.258492
-0.090768
-0.635083
-1.039570
-1.117147
-1.103570
0.898530
3.038015
1.331003
0.827040
-1.557277
-3.291251
-2.229010
1.250836
2.880053
3.777970
-0.077320
-2.076034
-0.799191
1.192147
-0.199157
-0.132672
-0.688829
-1.228634
-1.254236
-1.130189
0.581477
2.991546
1.352195
0.912782
-1.584826
-3.256273
-2.305773
1.336897
3.001593
3.806693
-0.079621
-2.061929
-0.724184
1.080237
-0.176439
-0.053639
-0.618696
-1.079931
-1.168140
-1.038742
0.776704
3.036745
1.303591
0.833203
-1.706601
-3.404280
-2.371102
1.295539
2.967826
3.854834
0.093669
-1.844707
-0.712728
1.217430
-0.052329
0.051203
-0.602714
-1.197888
-1.229951
-1.098323
0.855398
3.100035
1.320784
0.799626
-1.804289
-3.524189
-2.492761
1.167787
2.835565
3.787933
-0.008386
-2.037931
-0.667025
1.033890
-0.175130
-0.079528
-0.654940
-1.190920
-1.202306
-1.053966
0.796695
3.088539
1.324830
0.818459
-1.748214
-3.464304
-2.453495
1.213904
2.896939
3.801198
-0.025552
-2.034275
-0.626237
1.088883
-0.186751
-0.095116
-0.643671
-1.182136
-1.188833
-1.094095
0.923604
3.134899
1.374229
0.768180
-1.801962
-3.512603
-2.478927
1.220286
2.934475
3.828173
0.000840
-2.010696
-0.555952
1.153492
0.009030
0.082039
-0.515355
-1.080648
-1.140738
-0.977704
0.781667
3.092308
1.358985
0.856581
-1.752057
-3.523132
-2.519990
1.171136
2.885084
3.815809
-0.004890
-2.013665
-0.599619
1.158252
-0.118449
-0.047305
-0.606272
-1.208542
-1.213367
-1.020308
0.844856
3.139104
1.337578
0.784341
-1.826877
-3.569876
-2.558095
1.175585
2.907459
3.848481
0.175866
-1.733084
-0.318605
1.480470
0.147842
0.211634
-0.465388
-1.157280
-1.219832
-1.060993
0.988103
3.187854
1.273973
0.667290
-1.999996
-3.768803
-2.745436
0.992440
2.718783
3.766865
0.034060
-1.963260
-0.520905
1.226024
-0.034705
-0.009151
-0.568304
-1.209083
-1.219868
-1.018414
0.895969
3.199622
1.299905
0.682813
-1.978835
-3.677453
-2.723257
1.062102
2.841228
3.793029
0.083506
-1.918767
-0.434443
1.335101
-0.026631
-0.000935
-0.526520
-1.162230
-1.166124
-1.005353
1.074845
3.300721
1.339585
0.631818
-2.051488
-3.803923
-2.767223
1.071442
2.890547
3.869359
0.092792
-1.901889
-0.103098
1.356308
0.206449
0.194270
-0.395608
-1.068105
-1.104156
-0.879712
0.995783
3.242799
1.319360
0.690756
-2.049141
-3.843403
-2.875718
0.940417
2.751970
3.784298
0.120952
-1.891303
-0.399931
1.340239
-0.021737
-0.032297
-0.544424
-1.169442
-1.170093
-0.910987
1.089943
3.324866
1.295389
0.588927
-2.145344
-3.894861
-2.910052
0.963950
2.798777
3.844342
0.437285
-1.531397
-0.279221
1.648010
0.253594
0.172095
-0.419811
-1.110314
-1.169537
-0.914588
1.459674
3.425786
1.212290
0.446528
-2.333152
-4.138699
-3.091699
0.781622
2.605877
3.754943
0.205719
-1.804742
-0.252558
1.404950
0.100297
0.022619
-0.487731
-1.141928
-1.143026
-0.853807
1.499056
3.383905
1.212979
0.445163
-2.325062
-4.094824
-3.107200
0.807582
2.684426
3.751020
0.302405
-1.732134
-0.099331
1.570626
0.139370
0.059950
-0.430066
-1.080836
-1.067615
-0.840807
1.820785
3.589324
1.226601
0.416402
-2.408125
-4.221835
-3.158772
0.784385
2.694158
3.811732
0.313285
-1.699498
-0.057231
1.504039
0.291192
0.126753
-0.400289
-1.085905
-1.111781
-0.773142
1.649300
3.500731
1.232767
0.440129
-2.414914
-4.271114
-3.281829
0.656158
2.557886
3.700564
0.385063
-1.678625
0.031519
1.610445
0.166681
0.036899
-0.436825
-1.078955
-1.050806
-0.723647
1.767695
3.574064
1.197188
0.350480
-2.517266
-4.350834
-3.342201
0.628340
2.547743
3.763577
0.687558
-1.330950
-0.300951
1.823896
0.347458
0.109173
-0.409182
-1.079124
-1.121771
-0.788657
1.829008
3.727599
1.169527
0.246428
-2.668710
-4.536764
-3.484618
0.503404
2.420576
3.659920
0.505378
-1.566285
0.146501
1.696333
0.272326
0.096884
-0.371098
-1.032504
-1.018196
-0.657549
1.828649
3.674200
1.163758
0.260540
-2.643683
-4.572139
-3.520696
0.482299
2.427017
3.657278
0.540839
-1.553291
0.150657
1.775951
0.283720
0.075096
-0.371284
-1.016481
-0.991169
-0.655811
2.075707
3.903735
1.195880
0.287801
-2.704218
-4.621316
-3.528770
0.502355
2.493031
3.719363
0.573804
-1.498037
-0.419018
1.601894
0.278548
-0.090655
-0.473646
-1.118893
-1.098002
-0.635640
1.950911
3.795755
1.251844
0.293052
-2.701205
-4.638801
-3.603843
0.479565
2.477078
3.689629
0.794306
-1.328117
0.231223
1.977339
0.441950
0.154093
-0.295654
-0.950787
-0.977551
-0.582065
1.912969
3.903892
1.181864
0.218034
-2.791396
-4.773162
-3.740425
0.289965
2.283806
3.652851
1.079593
-1.004887
-0.519014
1.975266
0.387506
-0.009952
-0.425743
-1.070203
-1.103226
-0.666107
2.085800
4.087459
1.166679
0.097465
-2.967924
-4.945999
-3.834910
0.235136
2.244824
3.595420
0.821837
-1.306744
0.139782
1.883549
0.355699
0.017177
-0.348319
-0.988272
-1.016672
-0.549003
2.049588
3.998128
1.149725
0.116426
-2.922972
-5.007902
-3.901070
0.175474
2.200909
3.558020
0.840921
-1.313342
0.396364
2.132039
0.502465
0.190241
-0.221629
-0.909722
-0.947424
-0.541269
2.248038
4.141289
1.183382
0.199681
-2.954749
-5.005538
-3.905767
0.185873
2.274596
3.626410
1.900270
-1.174447
-2.017022
1.734222
0.133498
-0.401520
-0.676934
-1.248778
-1.188483
-0.582087
1.449466
4.077156
2.272422
0.836065
-2.358828
-4.949245
-3.715208
0.306337
2.383035
3.849760
2.361179
-0.773676
-2.270130
1.800645
0.191254
-0.485870
-0.670531
-1.173526
-1.043628
-0.113956
1.577478
4.024076
1.673844
0.922798
-2.202746
-4.882017
-3.746582
0.326934
2.427900
3.979607
2.582545
-0.514250
-1.862429
2.142263
0.531516
-0.172449
-0.465522
-1.108010
-0.963920
-0.106032
1.654984
4.365999
2.313479
0.823239
-2.446802
-5.333804
-4.100146
0.022577
2.206962
3.817484
2.553918
-0.558202
-1.949860
1.909174
0.095860
-0.523774
-0.688641
-1.270324
-1.216298
-0.389471
1.517934
4.397289
2.168836
0.598580
-2.744382
-5.520256
-4.339790
-0.227692
1.926470
3.545427
2.502361
-0.669325
-2.172105
1.959257
0.039992
-0.695070
-0.777275
-1.274914
-1.111994
-0.138738
2.033059
4.638131
1.710631
0.633889
-2.448105
-5.475595
-4.267812
0.028925
2.310836
3.873303
2.617839
-0.534437
-1.986560
2.065588
0.303559
-0.578589
-0.683797
-1.248669
-1.141435
-0.164160
1.821614
4.483447
1.718048
0.577662
-2.567723
-5.705635
-4.631071
-0.225811
2.075202
3.764598
2.642764
-0.597142
-2.028216
2.173878
0.201456
-0.743728
-0.726121
-1.242309
-1.078023
-0.041172
2.118695
4.627810
1.813370
0.468091
-2.776105
-5.922158
-4.824992
-0.248710
2.171106
3.964527
3.258784
-0.082097
-1.484673
2.426863
0.653347
-0.405718
-0.511674
-0.946771
-0.718354
0.407997
2.362256
5.032323
1.881727
0.708842
-2.776333
-6.183685
-4.944101
-0.321154
2.176695
4.045367
2.850436
-0.336681
-1.881402
2.196687
0.151407
-0.796172
-0.750652
-1.356340
-1.243440
-0.272905
2.078921
5.002588
2.384758
0.274547
-3.411566
-6.522366
-5.480198
-0.759931
1.694790
3.511423
3.095375
-0.372596
-1.821080
2.098290
0.190794
-0.702177
-0.658928
-1.288610
-1.163377
-0.094805
2.498697
5.198294
2.718986
0.376530
-3.242720
-6.360801
-5.249292
-0.523867
2.034403
3.890697
3.345591
-0.099072
-1.674139
2.469214
0.438638
-0.636490
-0.560298
-1.212843
-1.085846
-0.000869
2.272981
4.981914
2.007616
0.412916
-3.259107
-6.506148
-5.554461
-0.689460
1.904407
3.741914
3.174863
-0.307893
-1.797751
2.190140
0.159934
-0.763463
-0.628753
-1.342294
-1.264436
-0.222477
2.353702
5.039992
2.654316
0.261220
-3.549567
-6.598883
-5.605281
-0.856518
1.745669
3.844298
3.743728
0.158987
-1.393257
2.851077
0.864473
-0.344381
-0.374290
-0.842485
-0.582507
0.639452
2.754459
5.225665
2.091046
0.701145
-2.994979
-6.500911
-5.387375
-0.518204
2.181961
4.196076
3.463708
0.054800
-1.431858
2.335200
0.133863
-1.039130
-0.745412
-1.330488
-1.161901
-0.122321
2.388843
5.447268
2.803829
0.316058
-3.510137
-6.927619
-5.957478
-1.093289
1.551727
3.579884
3.308969
-0.162181
-1.673331
2.461229
0.264023
-0.906267
-0.548350
-1.173633
-1.069930
-0.038865
2.848179
5.574865
2.209099
0.174538
-3.640557
-6.942518
-5.993734
-0.930031
1.875999
3.871890
4.020485
0.243612
-1.271230
3.026567
0.776281
-0.550044
-0.182056
-0.886830
-0.748014
0.348305
2.659806
5.467832
2.230333
0.348566
-3.589391
-7.172039
-6.314025
-1.182388
1.672488
3.783662
3.407546
-0.186440
-1.638660
2.380571
0.151022
-1.002982
-0.565154
-1.267777
-1.253884
-0.281932
2.632817
5.558760
3.036738
0.037694
-4.038797
-7.319648
-6.468614
-1.463499
1.369079
3.614338
4.372563
0.395704
-1.042160
3.056974
1.029759
-0.238278
-0.054165
-0.540409
-0.301007
0.881596
2.974159
5.647319
2.373969
0.727268
-3.310553
-6.868857
-5.852433
-0.945034
1.875871
4.138996
3.517862
0.091847
-1.368156
2.533722
-0.053884
-1.291120
-0.738861
-1.373004
-1.298132
-0.299208
2.567359
5.825669
2.998881
0.075520
-3.933208
-7.370908
-6.483132
-1.587748
1.189369
3.304255
4.073288
0.232658
-1.277912
2.954443
0.431984
-0.812742
-0.146894
-0.787582
-0.692317
0.374136
3.075996
5.861392
2.406339
0.327472
-3.619276
-7.052789
-6.157042
-1.193548
1.759562
3.809807
4.143720
0.412804
-0.981819
2.931928
0.456807
-0.948517
-0.359812
-0.939795
-0.820560
0.255018
2.687807
5.756668
3.171036
0.380052
-3.648104
-7.107763
-6.290969
-1.446861
1.355399
3.486049
3.945639
0.267180
-1.267977
3.353681
0.417633
-0.813080
-0.138427
-0.726936
-0.742038
0.227351
2.664196
5.852521
3.050335
0.213332
-3.949995
-7.242653
-6.368388
-1.659802
1.150582
3.325670
4.139732
0.478401
-0.980480
3.449732
0.746255
-0.534006
-0.039224
-0.519060
-0.358789
0.682506
2.805471
5.953265
3.185639
0.599246
-3.607720
-7.045090
-6.066369
-1.431701
1.328381
3.386302
3.601102
0.211731
-1.187475
3.030781
0.178854
-1.012642
-0.389882
-0.925520
-0.893256
-0.013446
2.394305
5.822402
2.962973
0.427204
-3.400929
-6.963243
-6.288257
-1.374428
1.341844
3.150593
4.409078
0.836013
-1.521678
2.629250
0.033039
-1.744461
-1.343837
-1.898248
-1.950962
-1.218778
1.296942
5.880496
2.995381
0.008518
-3.569129
-6.963768
-6.789036
-1.513541
1.385293
2.707947
3.846421
0.757402
-1.141197
3.593676
1.127474
-0.743660
-0.020401
-0.699729
-0.896272
-0.110448
1.855680
5.525353
3.088164
0.481995
-2.930719
-6.644031
-6.531418
-1.322365
1.615322
2.980259
4.192889
0.750011
-1.237182
3.652623
0.948286
-0.975509
-0.344511
-0.989602
-1.100582
-0.368591
1.783866
5.728343
3.243753
0.371671
-3.079168
-6.940542
-6.929735
-1.544960
1.509010
2.907897
3.819160
1.011599
-0.943898
3.840008
1.424475
-0.476092
0.042263
-0.587364
-0.630783
0.126405
1.926742
6.047929
3.391309
0.818877
-2.766285
-6.884398
-6.833801
-1.597953
1.356752
2.826811
3.688145
0.787781
-1.291697
3.309964
0.814077
-1.252349
-0.679447
-1.236038
-1.304532
-0.693168
1.396978
6.021231
3.467560
0.351522
-3.135599
-7.051960
-7.125318
-1.895372
1.136225
2.454470
3.622248
0.653011
-1.312459
3.499725
0.967815
-1.056873
-0.273501
-0.787377
-0.968435
-0.310618
2.058996
6.106157
3.456198
0.354054
-3.280772
-6.933033
-6.988103
-1.623282
1.420170
2.793754
4.122781
1.309371
-0.680258
4.115490
1.617347
-0.490966
0.208415
-0.345671
-0.385181
0.334546
1.859083
6.028579
3.560970
0.889660
-2.545829
-6.924037
-6.976036
-1.854776
1.097246
2.687058
4.589642
0.639816
-1.419892
3.310240
0.715151
-1.399381
-0.748109
-1.229329
-1.436032
-0.941004
1.404827
6.326115
3.700111
0.174005
-3.375662
-7.288390
-7.452599
-2.264149
0.957677
2.425876
3.913648
1.496588
-0.494801
4.240640
1.928939
-0.164639
0.483668
0.173050
0.206705
1.024259
2.180622
6.257425
3.728587
1.295865
-2.451100
-6.833732
-6.832363
-1.818717
1.130419
2.824769
4.284722
0.793860
-1.308063
3.044577
0.742387
-1.378351
-0.895148
-1.338399
-1.453292
-1.045456
0.859442
6.417806
3.743887
0.478520
-2.990543
-7.163064
-7.393100
-2.467016
0.496234
2.008432
3.686463
0.729807
-1.280727
3.454217
1.042449
-1.130137
-0.113053
-0.441358
-0.607793
-0.026379
2.082458
6.485873
3.650676
0.496631
-2.943602
-6.984529
-7.030405
-1.936154
1.164791
2.687434
4.038135
1.098571
-0.811686
3.781570
1.532227
-0.682381
-0.022065
-0.441432
-0.572071
-0.089380
1.320145
6.187743
3.774487
0.913651
-2.452880
-6.861163
-7.193460
-2.284442
0.766829
2.322319
4.444846
0.626634
-1.300436
3.196944
0.964613
-1.184497
-0.401867
-0.740160
-0.972451
-0.591615
1.314065
6.410228
3.723154
0.518113
-2.916601
-6.998555
-7.240601
-2.342259
0.769622
2.330086
3.972496
1.064934
-0.831433
3.813073
1.688427
-0.473087
0.442055
0.150320
0.093551
0.687804
1.835231
6.318653
3.839741
1.301747
-1.934870
-6.720831
-6.838068
-2.039562
0.905411
2.574982
4.413886
0.916331
-1.104736
2.884101
0.811096
-1.347198
-0.830519
-1.123688
-1.216487
-0.939719
0.626543
6.181285
3.899275
1.038980
-2.213335
-6.690149
-7.017429
-2.331784
0.467558
1.938935
4.429384
0.768097
-1.249540
3.192314
1.047588
-1.186427
-0.265366
-0.469835
-0.555169
-0.096208
1.696444
6.353905
3.765702
0.964923
-2.181750
-6.793538
-6.782761
-1.922888
0.956106
2.513548
4.083088
0.890449
-0.992660
3.033804
1.062709
-1.263504
-0.656809
-1.013787
-1.225347
-0.990309
0.756990
6.347472
3.935733
1.008786
-2.294571
-6.729558
-6.991860
-2.075438
0.744507
2.104080
4.305013
0.774109
-1.233375
3.463342
1.225959
-1.072016
-0.151075
-0.459775
-0.690995
-0.392767
1.288181
6.457513
3.873583
0.920092
-2.442667
-6.849082
-7.018419
-1.975171
0.945276
2.448640
4.627946
0.937162
-0.942933
3.558429
1.508845
-0.753920
0.034642
-0.345797
-0.541420
-0.308420
1.091864
6.187412
4.045939
1.661869
-1.765053
-6.637540
-6.753510
-1.919489
0.705028
2.162566
4.765581
0.928587
-1.276686
3.251449
1.100678
-1.279976
-0.614137
-0.936186
-1.094237
-0.965016
0.518724
6.050828
4.101524
1.615741
-1.992705
-6.511796
-6.809445
-1.926883
0.624535
1.942956
4.732606
0.855485
-1.364012
3.169404
1.026515
-1.347093
-0.537389
-0.835200
-1.003136
-0.849559
1.015188
6.127922
4.103356
1.540643
-1.962336
-6.751824
-6.805171
-1.692350
0.929203
2.255186
4.624938
0.905877
-1.139042
3.403197
1.325056
-1.118042
-0.458359
-0.918429
-1.264495
-1.367257
0.181256
6.129372
4.243037
1.710217
-1.987191
-6.416983
-6.729949
-1.739529
0.737487
1.907496
5.117486
0.892844
-1.409042
3.447396
1.170528
-1.289543
-0.354828
-0.634766
-0.826514
-0.680885
0.794462
6.138674
4.201299
1.764415
-1.743971
-6.535442
-6.654878
-1.596243
0.892564
2.230233
4.868367
1.034544
-1.203814
3.507587
1.473638
-0.938902
-0.186115
-0.601563
-0.781484
-0.745122
0.464218
5.726281
4.498837
2.510300
-0.999276
-6.375615
-6.494722
-1.624278
0.570872
1.950878
4.264671
0.816525
-1.715055
3.023877
0.848269
-1.687710
-1.004089
-1.396018
-1.636293
-1.759166
-0.030462
5.805776
4.696514
2.069553
-1.526390
-6.573237
-6.820742
-2.053969
0.494565
1.651831
4.708924
0.467607
-0.813905
4.097408
1.140958
-0.783091
0.412139
0.166095
-0.297558
-0.131477
2.620848
6.152878
3.442506
2.172447
-1.866141
-6.941040
-5.819114
-1.325601
1.148719
2.549798
4.068364
0.881146
-1.044108
3.405775
0.551543
-1.474865
-0.935414
-1.338671
-2.221723
-2.925454
0.706763
5.253549
4.990755
2.806313
-0.340765
-5.423509
-5.246465
-1.279714
0.703801
1.795680
3.582927
0.460502
-1.457634
2.758052
-0.061447
-1.965563
-0.787199
-1.286752
-2.121606
-1.927191
1.210280
5.460345
4.204342
2.252526
-1.708077
-6.273995
-5.230942
-1.195895
0.874763
2.104781
4.451353
0.974198
-0.794705
3.501838
0.910678
-0.915086
-0.020442
-1.111768
-1.211709
-0.686896
1.579935
5.292661
3.587177
1.396809
-2.620580
-6.980584
-5.793190
-1.628568
0.467975
1.738534
3.686493
0.389458
-1.107609
3.515951
0.730788
-1.080580
-0.157622
-1.251522
-1.515761
-1.287286
1.395459
5.644155
3.512990
1.531836
-1.889335
-6.263183
-5.380538
-1.297583
0.798790
1.754769
3.846778
0.354675
-1.066777
3.673898
0.890943
-0.975124
-0.252725
-1.236524
-1.269587
-0.936569
1.713166
5.684551
3.292759
1.145288
-2.535748
-6.486307
-5.432418
-1.216825
0.978614
1.907390
4.131487
0.485876
-0.724656
4.079154
1.499630
-0.430731
0.035322
-1.079447
-1.511016
-1.285754
1.678431
5.835419
2.853721
1.510285
-2.478888
-6.973936
-5.864703
-1.616377
0.448593
1.945364
3.380430
0.095553
-1.332453
2.881705
0.662091
-1.188151
-1.370925
-2.626465
-3.557620
-5.446581
-0.270824
5.445601
4.251620
3.556422
0.021315
-4.409278
-4.099382
-0.082011
-0.006205
-0.233946
-0.332990
-0.137572
-0.006441
0.107467
0.163287
0.219069
0.264101
0.305063
0.322240
0.323381
0.317986
0.283394
0.295151
3.372354
2.894079
-0.080625
1.427922
0.523395
-0.606917
-1.349180
-1.117511
-0.724856
-0.292345
-1.238031
-1.323359
-0.990817
3.457350
4.304387
3.843126
2.355433
-0.003316
-1.660406
-1.562234
0.834715
3.008571
1.504993
1.188983
-1.100771
-2.270184
-1.129018
2.051344
3.780276
3.920481
1.819876
-0.351533
0.207924
2.491664
1.362583
-0.139922
-0.557314
-2.350607
-2.987128
-3.973852
0.833244
4.199290
2.211570
1.035172
-2.039510
-4.710996
-3.348278
0.795033
2.033429
2.287523
1.124449
-0.777046
0.194805
3.338996
1.724593
0.002240
-0.462567
-2.012865
-2.563952
-3.775172
0.782254
4.378624
2.006425
1.112400
-1.967234
-4.555495
-3.637149
0.958036
2.318001
2.279944
1.231125
-0.748908
0.348710
3.297897
1.551117
-0.043503
-0.413866
-1.830872
-2.177363
-4.736319
0.934565
4.514512
2.070696
1.290694
-1.926192
-4.658837
-3.720145
1.082436
2.527035
2.552103
1.822247
-0.287790
0.757106
3.637944
1.973874
0.332663
-0.201852
-1.727109
-2.108674
-4.109170
1.603386
5.160949
2.189712
1.224984
-2.351756
-5.456959
-4.232409
0.316148
1.839030
2.419926
1.642406
-0.428719
0.418618
3.489437
1.597023
-0.330811
-0.446665
-1.822992
-2.075800
-4.877974
1.608082
5.349408
2.285260
1.250516
-2.517717
-5.656741
-4.559200
0.101412
1.696434
2.340001
1.646746
-0.504952
0.337661
3.514750
1.547925
-0.275936
-0.369183
-1.691854
-1.798270
-4.685459
2.183444
5.659368
2.242830
0.976026
-2.659952
-5.902242
-4.410235
0.190100
1.900678
2.622170
2.140503
-0.151804
0.752242
4.360203
2.054582
-0.147101
-0.333046
-1.628359
-1.912074
-4.846762
2.374047
6.258780
2.481818
1.015430
-3.084613
-6.421717
-5.249375
-0.389538
1.611781
2.445421
2.103311
-0.218858
0.491567
3.489020
1.468439
-0.768923
-0.456566
-1.565570
-1.806827
-4.728045
2.362975
6.257009
2.574097
1.156819
-2.821740
-6.370967
-5.075521
0.137819
2.125438
2.947484
2.606536
0.243034
0.891814
3.876959
1.888468
-0.333458
-0.274695
-1.541888
-1.699594
-4.620944
2.807514
6.351474
2.865537
1.471197
-2.944187
-6.967304
-5.452339
-0.772322
1.079378
2.737019
2.766355
0.233660
0.701958
4.080939
1.570221
-0.934012
-1.074374
-1.427072
-1.986976
-4.927499
2.795668
6.510312
3.269840
2.071189
-2.343612
-7.233084
-5.493102
-0.572804
1.103308
2.965308
4.401494
0.566335
-1.124016
3.892387
1.243323
-1.527933
-1.703509
-3.049261
-4.584892
-8.335571
-0.495291
4.939363
4.950012
5.052478
0.770477
-4.647038
-3.407938
1.139663
2.156515
3.542659
4.721183
0.761699
-1.251308
3.754211
1.140848
-1.717871
-2.113151
-3.575656
-5.492674
-9.594723
-0.910455
5.028015
4.942658
4.523778
0.234155
-4.840243
-3.885309
1.078838
2.034518
3.676063
5.715867
0.981715
-0.833743
4.540981
1.432118
-1.276849
-1.519171
-3.071443
-4.886739
-8.870217
-0.044508
5.798295
4.653867
3.518749
-0.605955
-5.678777
-4.504296
1.104281
2.372181
4.036299
5.990090
1.340158
-0.407424
4.865786
1.703039
-0.944025
-1.298481
-2.926927
-4.727664
-8.650866
0.528011
6.258743
5.160822
3.332566
-1.353351
-6.464084
-5.139744
0.438987
1.742106
3.764410
6.084966
1.342824
-0.540410
4.492432
1.377242
-1.202658
-1.340597
-3.090509
-5.114559
-9.021425
0.776385
6.722192
5.097359
2.600967
-2.391854
-6.877923
-5.552618
0.464000
1.908087
3.954044
6.408490
1.784874
-0.051895
4.003458
1.537874
-0.791640
-0.623638
-2.500039
-5.360925
-8.154469
1.317835
6.904438
5.119510
2.745027
-2.503628
-7.160546
-5.640266
0.221556
1.896801
4.161123
6.726453
1.996662
-0.069319
4.936145
1.687500
-0.717613
-0.583493
-2.307795
-5.123042
-8.239823
1.252445
6.914477
5.761284
3.338698
-2.385803
-6.975262
-5.919630
-0.508055
1.401851
3.722267
6.502834
1.485715
-0.712193
4.183490
0.901431
-1.716503
-1.549968
-3.400241
-6.600581
-9.541368
0.878119
7.036772
5.789591
2.237851
-3.115838
-7.154479
-6.191941
0.222632
1.987985
4.071644
6.817886
2.936093
0.825195
5.692806
2.385055
0.389965
1.153417
-0.108669
-1.282991
-4.555532
2.150458
6.144018
5.879160
2.941493
-1.633564
-6.442620
-4.494547
0.331413
1.771696
3.735040
6.253047
1.932498
-3.039802
2.785589
-1.365902
-3.648337
-4.215919
-5.582752
-8.453496
-12.447123
-0.911633
5.771618
7.020574
3.712452
-1.353112
-6.128472
-6.412174
-0.784969
0.402559
2.256377
5.243078
2.868385
0.747601
6.044782
1.822842
-0.215621
1.659018
0.516810
0.254549
-0.494207
3.499114
6.516626
5.388760
2.858185
-1.803727
-6.902334
-4.390480
0.452319
1.883107
3.583815
5.848291
1.827695
-3.147763
2.905039
-0.668166
-3.253820
-3.825698
-4.897926
-7.472449
-11.664072
-1.422334
4.865998
5.769078
4.642999
0.457757
-4.652742
-4.968437
-0.041689
0.762109
2.523659
5.510129
0.871181
-0.990713
3.927268
0.736172
-1.639923
-0.736161
-1.598275
-2.749394
-6.022857
1.470375
6.352427
4.997078
4.542995
-1.162702
-5.857806
-4.304106
0.761326
2.181064
3.609793
6.497514
1.899647
-0.781963
3.777123
0.737631
-2.425604
-2.798691
-3.938844
-5.850114
-10.099381
-0.855510
5.132606
6.206264
5.329021
0.416689
-4.195409
-4.089272
0.510339
1.496494
3.031882
5.599548
0.945710
-1.103860
3.370388
0.851148
-1.730945
-1.666629
-2.712707
-4.322131
-8.302294
-0.001207
5.519106
5.169526
4.947471
0.225642
-4.980448
-4.218504
0.630067
1.899294
3.280450
6.096012
1.179933
-0.721118
3.120539
0.928167
-2.010456
-2.350567
-3.889198
-6.094113
-10.103429
-0.986479
5.120307
5.133657
4.991320
0.936911
-4.433184
-3.965361
1.162588
2.310724
3.679072
5.658559
1.369176
-0.318237
4.096671
1.717834
-1.098750
-1.460219
-2.965768
-4.993868
-9.180915
-0.435138
5.381529
5.153473
5.119298
0.220776
-4.842273
-4.222837
0.624807
1.984685
3.399755
5.845662
0.935697
-0.935123
3.314331
0.848528
-2.160219
-2.443623
-4.002440
-6.424731
-10.714625
-0.870928
5.532808
5.103351
4.277100
-0.082385
-4.722054
-4.283097
1.298512
2.784761
3.874106
6.036037
1.285558
-0.282958
3.539395
1.373130
-1.189118
-1.224399
-2.632415
-4.300334
-7.899749
0.335008
5.814175
4.844664
4.913592
-0.578938
-5.085583
-4.074634
1.018250
2.375935
3.600487
5.984761
1.113925
-0.808285
2.627153
0.744895
-2.161375
-2.432157
-3.936269
-6.236396
-10.455890
-1.158587
5.131897
5.380703
5.505552
1.274257
-3.786620
-3.738352
1.048378
2.370784
3.646731
5.710857
0.970950
-0.828380
3.056619
0.973558
-1.816738
-1.957193
-3.418881
-5.483001
-9.490416
-0.509387
5.397302
5.002186
4.975121
0.377177
-4.375038
-3.819625
1.270448
2.575243
3.688771
5.899350
1.400937
-0.269301
3.398522
1.536895
-1.433121
-1.840352
-3.276620
-5.295806
-9.538726
-0.905984
5.026660
5.380378
5.792752
1.270432
-3.931974
-3.762012
0.942622
2.198626
3.463401
5.221791
1.084323
-0.864606
2.656581
0.629724
-2.227092
-2.542900
-3.968236
-6.411490
-10.840539
-1.570815
4.726603
5.278924
5.454796
1.378049
-3.663867
-3.643106
1.319349
2.705436
3.552166
6.032949
1.172554
-0.552567
2.843125
1.061563
-1.524799
-1.658558
-2.987039
-4.640641
-8.621063
-0.529350
5.008576
4.954210
5.584312
0.782478
-4.099706
-3.664890
0.981786
2.269203
3.243476
5.494515
1.004030
-0.924732
2.345777
0.618913
-2.157477
-2.403052
-4.350351
-6.085235
-10.419777
-1.691524
4.441269
5.152254
5.844840
1.759761
-3.162869
-3.200931
1.236301
2.467218
3.415383
5.410518
0.945423
-0.848023
3.040050
1.324166
-1.562942
-1.786005
-3.869391
-5.417374
-9.666004
-1.177475
4.671315
4.888303
5.415943
1.203566
-3.677540
-3.556461
1.066349
2.412474
3.297266
5.265948
0.884014
-0.806653
2.367954
1.207724
-1.938135
-2.417031
-4.122759
-6.130070
-10.452466
-1.748069
4.464348
5.156573
5.590405
1.844297
-3.093955
-3.024315
1.607063
2.878585
3.520899
5.415342
0.906916
-0.765562
2.739596
1.472638
-1.719068
-2.167796
-4.034063
-5.959098
-10.399347
-1.796761
4.345029
5.159009
5.653009
1.985709
-2.993516
-3.010911
1.668731
3.002757
3.561878
5.930110
1.271837
-0.416537
2.605771
1.715290
-1.557042
-2.031713
-4.151209
-5.591529
-9.963078
-1.655259
4.277100
5.249217
6.107320
2.171198
-3.212145
-3.432681
1.063198
2.331302
3.255691
4.914512
0.863724
-0.958583
2.124973
0.851953
-2.184337
-2.567566
-4.518084
-6.526398
-10.995213
-2.077678
4.283237
5.117296
5.562444
2.138982
-2.929604
-3.132300
1.471267
2.817452
3.463254
5.482241
0.879180
-0.726834
2.553913
1.169412
-1.746083
-2.064664
-4.187440
-5.581838
-9.768033
-1.427947
4.684393
4.733314
5.053144
1.358433
-3.375916
-3.170399
1.463657
2.959781
3.489343
5.722288
1.158686
-0.322030
2.742123
1.912229
-1.444106
-1.962835
-2.907943
-4.318359
-8.414975
-0.598629
4.791247
4.738145
4.809075
1.045654
-4.156057
-4.072782
0.503638
2.022768
3.016201
5.132024
0.774877
-0.792949
2.490134
1.564381
-1.886724
-2.204964
-3.184735
-4.877892
-9.295036
-0.871686
4.828204
4.763527
4.655010
1.240770
-4.029831
-3.954666
0.817922
2.616192
3.168057
5.509765
0.989416
-0.502593
2.685050
1.389926
-1.735183
-1.906148
-1.672282
-3.856242
-7.973235
-0.067155
5.097052
4.126495
3.797911
-0.114241
-5.121356
-4.678194
0.127333
1.759454
2.732573
5.631132
0.866060
-0.486375
2.867523
2.155966
-1.359683
-1.729542
-1.786210
-4.174264
-7.891514
0.263972
5.529654
4.288155
3.403804
-0.109775
-5.398383
-4.993244
-0.068565
1.880941
2.773035
5.373156
0.682431
-0.609769
2.907548
1.695157
-1.627659
-1.913887
-1.969755
-4.619141
-8.791412
-0.333875
5.306243
3.964396
3.387167
0.175214
-4.919246
-4.400765
0.517000
2.607265
3.147142
5.696546
0.951517
-0.230962
3.058583
2.193345
-1.210837
-0.680018
-1.846181
-3.900199
-7.788533
0.090333
5.178029
3.863534
3.161088
-0.128766
-5.321568
-4.831832
0.009987
1.991293
2.690938
4.791097
0.390537
-0.812729
2.912732
1.824282
-1.792692
-0.777085
-2.035946
-4.466550
-8.650172
-0.322081
5.193187
3.842509
2.957817
0.290182
-4.878102
-4.581381
0.522185
2.758386
3.145837
5.827858
0.939962
-0.084951
3.623858
3.174419
-0.591892
0.179163
-1.468835
-3.394810
-7.511708
-0.009923
4.651831
3.615776
3.107861
0.055488
-4.932984
-4.799275
-0.276453
1.735091
2.321953
5.046336
0.311122
-0.815492
3.162442
2.679493
-1.539872
-0.541439
-1.972804
-4.472373
-8.482852
-0.328401
4.882295
4.007366
3.242513
0.581905
-4.765569
-5.061064
0.228190
2.052397
2.621246
5.337469
0.742507
-0.708718
4.059574
3.548089
0.334440
-0.304672
-1.862491
-4.477228
-7.622896
-2.282775
4.534537
4.204752
3.528883
1.059337
-4.961116
-5.180660
0.082682
2.011135
2.743167
3.986729
1.281560
-0.140509
4.005579
3.975808
0.031824
-1.500547
-1.177449
-4.565765
-8.498791
-2.264577
4.449194
4.482930
4.519218
1.467030
-4.629589
-5.008419
-0.244262
1.581062
2.973902
5.541460
1.139501
-0.558740
2.737225
2.931576
-1.398085
-2.197576
-3.700482
-5.818089
-10.691829
-3.862472
3.786493
4.860164
5.740701
2.911420
-2.615267
-3.499915
1.045503
2.788243
3.615400
5.444608
1.477824
-0.404011
2.318690
2.466065
-1.715457
-2.059765
-4.017970
-5.369383
-10.043056
-3.778420
3.711505
4.908590
6.226709
2.686673
-2.593983
-3.055495
1.034047
2.759846
3.461893
4.168527
1.555510
-0.462623
1.818679
1.956768
-1.807677
-1.994295
-1.696309
-4.103059
-8.294764
-2.346012
4.462685
4.752641
4.747728
1.448087
-4.097004
-4.351149
-0.299666
1.632088
2.769085
4.596314
1.132730
-0.695293
2.180374
1.826586
-1.755103
-1.427580
-1.711429
-4.259919
-8.236080
-2.087565
4.908865
4.269936
4.209336
0.713896
-4.518076
-4.364994
0.037413
2.017065
3.001680
3.882332
1.215758
-0.595019
2.647719
3.089615
-1.070610
-0.777912
-1.472163
-4.216652
-8.507901
-2.175874
4.783100
4.396844
3.873616
0.926887
-4.494341
-4.639503
-0.271191
1.815855
2.956101
4.022257
1.299471
-0.431523
2.667841
3.257413
-0.926151
-1.304172
-1.394471
-4.395017
-8.628581
-2.248565
4.778501
4.580700
3.956270
1.371592
-4.383035
-4.710225
-0.348860
2.065293
3.051738
4.141364
1.564802
-0.183317
2.288537
2.319577
-1.455582
-1.271472
-1.575266
-3.902926
-8.077839
-1.956326
4.806492
4.249698
4.136626
0.831381
-4.656424
-4.584721
-0.535207
1.749138
2.802989
3.907981
1.345864
-0.518865
2.633393
2.626277
-1.185377
-0.206023
-1.443525
-3.959486
-7.732061
-2.004493
4.584682
4.235100
3.974809
1.161187
-4.144364
-4.398209
-0.442471
1.659912
2.663273
3.619015
1.049984
-0.726413
2.270274
2.903329
-1.304665
-0.512355
-1.853835
-4.061438
-7.945890
-2.235367
4.465711
4.266415
3.975949
1.441039
-4.088460
-4.446966
-0.653846
1.862303
2.565019
3.563547
1.135866
-0.517118
2.213092
2.565879
-1.389102
-0.417789
-1.770326
-3.827621
-7.802521
-2.163680
4.372317
4.042513
3.749908
1.424670
-4.107516
-4.428788
-0.592634
1.953792
2.650941
3.652299
1.028232
-0.632061
2.219207
2.311728
-1.603900
-0.436066
-1.840764
-3.810209
-7.658738
-2.309596
4.098432
3.937663
3.877763
1.479733
-3.744942
-4.179695
-0.205819
2.090842
2.677853
3.462087
1.271235
-0.401486
2.143955
3.123871
-0.925984
-0.203444
-1.915713
-3.550720
-6.430605
-2.194385
3.997711
4.066947
3.932281
1.920323
-3.790232
-4.498643
-0.910858
1.706350
2.400241
3.296988
0.970717
-0.630705
2.062137
2.613574
-1.287747
-0.355064
-2.041740
-3.764638
-6.654388
-2.408958
3.812790
4.072651
3.940223
1.915916
-3.656451
-4.374102
-0.835070
1.684053
2.372452
3.261250
0.773444
-0.821291
2.405978
2.017225
-1.715847
-0.771474
-2.355415
-3.998154
-6.878571
-2.650944
3.813697
3.769417
3.733630
1.909503
-3.365468
-4.098665
-0.302818
2.449180
3.422500
3.352107
1.224931
-0.326408
3.103214
2.903066
-0.737430
-0.074778
-1.984259
-3.609694
-6.574290
-2.539285
3.503102
3.824965
3.781168
2.358086
-3.265951
-4.436083
-0.806564
1.960065
2.778959
3.257950
0.702965
-0.806247
2.503610
2.190684
-1.596113
-0.598317
-2.217095
-4.013233
-7.013760
-2.792531
3.557370
3.896620
3.817252
2.456268
-3.099583
-4.269199
-0.453333
2.360332
3.171511
3.278969
1.263232
-0.181470
3.011782
3.042262
-0.761843
0.064005
-2.066433
-3.645266
-6.297114
-2.545788
3.147680
3.867518
4.005171
2.418457
-3.113820
-4.240653
-0.855340
1.789088
2.729807
3.003711
1.041958
-0.590804
2.458638
2.414297
-1.153479
-0.511663
-2.323280
-4.152059
-7.028845
-2.875034
3.294153
3.792195
3.901372
2.789278
-2.874284
-4.480396
-1.075655
1.615795
2.513255
3.137493
1.002651
-0.512231
2.864015
2.558531
-0.977363
-0.388232
-2.393855
-3.953167
-6.970976
-2.683868
3.520461
3.841999
3.677393
2.228089
-3.160176
-4.532064
-0.846117
2.175576
3.249991
3.143755
1.030592
-0.581811
3.028740
2.950624
-0.896608
-0.316906
-1.977841
-4.110604
-7.058165
-2.823161
3.494898
4.062063
3.806206
2.662837
-2.849611
-4.457670
-1.040233
1.772379
2.566095
3.218079
0.985072
-0.403574
2.957102
2.662371
-0.867262
-0.292521
-2.022688
-3.913173
-7.012906
-2.671174
3.542443
4.031888
3.624305
2.295111
-3.207816
-4.550282
-0.989731
1.964461
2.918561
3.133012
1.565023
-0.290817
2.859293
2.951508
-0.669014
-0.100577
-1.909967
-3.744329
-6.488249
-5.647107
2.329361
3.631235
4.311795
2.874695
-2.444814
-4.049236
-0.965885
1.758302
2.600875
3.105454
1.160353
-0.855418
1.579899
3.387355
-0.771973
0.002148
-1.939659
-3.827804
-6.168534
-5.614466
1.972133
3.570595
4.580337
3.263047
-1.959109
-3.737660
-0.756997
1.836963
2.560736
3.121451
1.019642
-0.998807
1.392667
2.946046
-0.948118
-0.336893
-2.316717
-3.988122
-6.434098
-5.736652
2.094748
3.805175
4.292486
2.968830
-1.978348
-3.885418
-0.848122
2.083339
2.964537
3.168527
1.988466
-0.621210
1.889511
3.708419
-0.144978
0.289514
-1.785107
-3.627407
-5.694245
-5.368407
1.943125
3.648179
4.628124
3.082639
-2.065863
-3.848304
-1.084460
1.562934
2.281877
2.981531
1.916757
-0.757036
1.162717
2.062998
-1.075295
-0.894871
-2.471749
-4.004254
-6.870551
-5.940374
2.135493
3.629952
4.131824
3.144223
-1.970241
-4.145736
-0.946768
1.962488
2.867919
3.168205
2.179883
-0.530119
2.299240
4.141870
-0.152873
0.383945
-1.758188
-3.651394
-5.656144
-5.323807
1.970678
3.597605
4.414960
3.455266
-1.845463
-3.843317
-1.084779
1.783354
2.445898
3.125747
2.499393
-0.450608
1.204619
2.088377
-0.927018
-0.772359
-2.558017
-4.151759
-6.657715
-6.643642
1.893236
3.527213
4.445863
3.475814
-1.662648
-3.980956
-1.231129
1.452891
2.281734
3.092052
2.312530
-0.721447
1.836839
3.497004
-0.558857
-0.113463
-2.209986
-3.886497
-5.984913
-6.225862
2.124750
3.927609
4.288242
3.280945
-1.727629
-3.960068
-1.069159
1.958335
2.634531
3.118755
2.546582
-0.502711
1.457717
2.785426
-0.769240
-0.338337
-2.333135
-4.011865
-5.963460
-6.472878
1.623875
3.680687
4.681757
3.496173
-1.511922
-3.660103
-0.991085
1.625459
2.240857
2.933989
2.285527
-0.776767
1.176867
3.316444
-0.751578
0.081618
-2.178748
-3.873804
-5.206080
-6.273592
1.299179
3.692163
4.920196
3.554728
-1.514672
-3.338884
-0.821392
1.560585
1.972500
2.391521
2.795503
-0.283523
2.356102
1.563996
-0.898295
-0.543806
-2.639253
-4.203031
-6.448740
-3.869412
2.170737
3.760685
3.995990
2.985641
-1.956964
-3.909761
-0.790296
2.004595
2.623327
2.722058
2.244951
-0.819804
2.203837
2.028939
-1.510498
-0.894076
-2.617377
-4.400869
-6.840775
-3.990699
2.429525
3.850474
4.044889
3.189887
-1.770725
-3.905489
-0.561365
2.200420
2.721117
2.906421
2.206355
-0.544918
2.670330
2.235000
-1.139434
-0.724549
-2.761482
-4.498906
-7.262282
-3.796190
2.961403
3.541124
3.512306
2.707083
-2.094040
-3.885244
-0.120177
3.170301
3.535045
3.024230
2.435274
0.339104
3.988869
4.508337
1.156167
1.070014
-1.909461
-3.944435
-5.394057
-3.178020
2.348816
3.693322
4.600784
3.220754
-2.362670
-4.228061
-1.221745
1.237167
2.119495
2.392471
2.307311
-0.957484
1.863048
1.098475
-1.889656
-1.265730
-3.205565
-4.672647
-7.146016
-4.217040
1.973834
3.668675
4.374015
2.940502
-2.154541
-3.948707
-0.512163
2.239602
2.685359
2.676230
2.841225
-0.424340
3.179221
3.665851
-0.081298
0.521387
-2.179465
-4.055482
-5.343881
-3.659501
1.917231
3.881618
4.627577
3.377818
-1.722287
-3.634813
-0.546735
1.944218
2.370289
2.430645
2.711731
-0.717555
2.395507
1.389110
-0.292634
-0.684981
-3.230665
-4.839787
-7.380341
-4.622392
1.208831
3.581315
4.953129
3.493158
-1.843187
-3.641268
-0.233112
2.337117
2.672243
2.595968
2.101719
-1.194021
2.576178
2.669018
-0.824273
-0.351452
-2.952481
-4.673456
-6.242205
-4.220650
1.976139
3.723448
4.299331
3.414889
-1.596092
-3.537249
-0.067201
2.626319
2.592470
2.552863
2.592433
-0.670944
3.481966
3.181234
0.833087
0.403196
-2.630263
-4.621714
-6.393867
-4.205052
1.663785
3.608468
4.536613
3.168669
-1.931431
-3.673703
-0.278974
2.179143
2.390678
2.479088
2.595083
-1.014271
2.907528
2.653345
0.145565
0.027609
-2.860981
-4.832742
-6.366108
-4.353553
1.479376
3.638699
4.924523
3.492728
-1.769118
-3.743075
-0.253877
2.002385
2.299948
2.372128
2.581328
-0.831140
2.954036
2.659165
0.200608
-0.049913
-2.824435
-4.682916
-6.264261
-4.192592
1.802001
3.655553
4.549850
2.961816
-2.058990
-3.747325
-0.223912
2.310037
2.474701
2.489402
2.682762
-0.831867
3.124317
3.220722
0.525877
0.214351
-2.951834
-4.751724
-5.895277
-4.186425
1.532452
3.723962
5.186287
3.329285
-1.862805
-3.590867
-0.367082
1.801330
2.351981
2.291368
2.569704
-1.079180
2.584639
2.440382
0.288633
-0.148427
-3.209559
-5.001592
-6.377619
-4.348601
1.728878
3.579881
4.696077
2.939764
-1.928195
-3.658513
-0.182603
2.252201
2.469712
2.360037
2.488797
-1.222496
2.951071
3.240640
0.403576
-1.362995
-2.756816
-5.276244
-6.608941
-4.506784
1.271299
3.705214
6.041412
4.253135
-0.977727
-2.824983
0.416019
2.530837
2.596601
2.297997
2.292876
-1.685470
1.871553
0.469364
-1.274529
-1.964054
-4.669242
-6.828966
-9.649964
-6.213787
0.777045
3.715444
6.574023
4.919829
-0.325121
0.035032
0.035692
0.086505
-0.006920
-0.085270
-0.124057
-0.113172
-0.072211
-0.019407
0.047533
0.174787
0.285983
0.398003
0.480110
0.507659
0.521519
0.552620
0.603308
0.597093
0.591858
0.576813
0.471928
-0.798406
-1.063018
-1.479235
-1.975392
-2.514197
-2.921111
-3.115230
-3.348751
-3.468324
-3.407259
-3.191186
-2.920956
-2.581510
-2.327843
-2.063034
-1.942506
-1.966525
-1.438221
-1.068875
-0.274450
0.940100
3.534149
0.039039
0.858199
0.334153
-0.047838
-0.385010
-0.604079
-0.706565
-0.746784
-0.865228
-0.939895
-0.927656
-0.813772
-0.641329
-0.420513
-0.168326
0.090066
0.341547
0.524595
0.689085
0.782324
0.858826
0.864030
0.828653
0.740473
0.627508
0.541039
0.280476
0.196982
0.044129
-0.298425
-1.774810
-2.661518
-3.205153
-3.882113
-4.652860
-5.300437
-5.854568
-6.209520
-6.340290
-6.092950
-5.483550
-4.451766
-2.467883
-0.305708
1.281234
0.140376
-0.712821
-0.890263
-0.473560
-0.201882
-0.028770
0.087819
0.175635
0.273894
0.356351
0.409032
0.436604
0.434392
0.399462
0.319620
0.260999
0.209981
0.184930
0.148324
0.099472
0.064643
0.034897
0.011283
-0.033171
-0.079106
-0.109342
0.007446
-1.475245
-1.729160
-1.912168
-2.075965
-2.309034
-2.451947
-2.548008
-2.656387
-2.714551
-1.668709
-1.483436
-1.351490
-1.217093
-0.945455
-0.417639
0.236990
0.662460
-0.065691
-0.457265
-0.652966
-0.325416
-0.204142
-0.123288
-0.071980
-0.027170
0.012543
0.027402
0.031612
0.043338
0.052239
0.080968
0.097762
3.056808
1.630075
1.845072
2.712721
0.943911
0.339127
0.166433
0.139085
0.182737
0.136598
0.208232
0.269084
0.032901
-0.580824
-0.787215
0.118016
-20.218962
-23.161465
-7.754898
-3.710978
3.733934
4.681428
3.398502
2.773101
2.972503
3.676150
3.793359
2.692767
0.383838
-1.789005
-3.885620
-4.016368
-2.212063
-0.552561
0.520794
1.188115
1.107867
0.907980
0.522379
-2.074562
-7.170406
-13.142051
-15.025069
-13.366117
-9.074468
-0.088178
5.835773
8.233754
0.681735
4.339252
3.897755
3.206863
2.477816
1.782727
1.215502
0.756483
0.373277
0.009706
-0.342093
-0.624767
-0.906444
-1.162404
-1.349975
-1.472091
-1.568821
-1.611560
-1.657476
-1.639452
-1.602230
-1.564992
-1.558309
-1.641300
-3.530272
-4.186295
-4.648260
-4.626725
-4.277584
-3.355510
-2.502825
-1.461895
-0.616773
-0.127325
0.255914
0.436430
0.283070
-0.221470
-0.799777
-0.290459
0.412405
1.339547
2.318742
3.226497
3.835114
-0.108042
2.530268
1.759705
1.118071
0.434279
-0.027950
-0.329148
-0.504209
-0.586477
-0.671377
-0.729286
-0.953038
-1.066154
-0.947141
-0.715846
-0.441910
-0.190082
0.030828
0.207756
0.363194
0.465949
0.468327
0.461470
0.430572
0.398999
0.418768
0.440690
0.473320
0.200645
-0.095815
-0.391633
-1.842808
-2.086365
-2.614375
-3.136662
-3.398588
-3.512902
-3.376391
-3.028446
-2.471896
-1.837556
-1.309526
-1.001005
-0.967617
-1.162824
-0.012955
-0.646308
-0.735680
-0.284823
0.035791
0.221024
0.361284
0.421569
0.437189
0.425036
0.394273
0.355282
0.339174
0.297261
0.241463
0.178862
0.153049
0.128870
0.106954
0.091023
0.081700
0.043012
0.030222
-1.255105
-1.855151
-2.312036
-2.692595
-2.857072
-2.978879
-2.760903
-2.614635
-2.452871
-2.323345
-2.281188
-2.259024
-2.196125
-2.074020
-1.721799
-0.846659
0.463853
1.820054
3.556959
5.638989
1.211956
2.839080
-0.052522
-4.031368
-4.249135
-4.405413
-3.924441
-3.174828
-2.223690
-1.230762
-0.564928
-0.176157
0.199987
0.563315
0.965700
1.240122
-2.016098
1.527644
1.289441
3.557512
5.122698
3.743718
4.066778
1.149092
1.965435
4.753957
5.328904
3.209821
-22.609066
-19.497559
-13.798659
-10.326334
-9.499778
-12.186391
-2.983767
-1.904356
-1.112409
-1.476487
-2.089387
-1.587802
-2.138629
-1.367010
-1.380120
-1.032540
-0.609934
-0.811700
-1.246674
0.250590
-0.090292
-0.202496
-0.189020
1.476204
2.850653
2.255185
1.797130
1.368986
0.953145
0.647392
0.405434
0.201814
0.049722
-0.064921
-0.159218
-0.241590
-0.311309
-0.386904
-0.446047
-0.516654
4.360981
2.456206
-0.552544
0.578836
0.898142
-0.404958
-0.483313
-0.363894
-0.664840
-0.925320
-1.749877
-1.636946
-2.074533
-27.721087
-9.332952
-7.756087
2.762443
5.191657
4.010390
3.150302
2.455300
1.538514
1.204311
1.339287
0.676471
-1.242260
-3.503345
-4.917015
-5.079875
-4.622771
-3.942366
-3.131610
-2.543515
-2.681071
-2.697974
-2.599812
-2.663822
-2.638860
-1.511411
-0.718267
1.312685
0.288339
-1.102901
-0.397365
0.219399
-0.763330
0.141107
0.521643
0.315278
0.408311
0.367227
0.284625
0.223837
0.206044
0.174562
0.175377
0.169838
0.127529
0.086367
0.025517
-0.059168
-0.126840
-0.187755
-0.210072
-0.220448
-0.239785
-0.245169
-0.271230
-0.287613
-0.303098
-0.310518
-0.329902
-1.757381
-2.194188
-2.527958
-2.811439
-3.030586
-3.109119
-3.095875
-3.082642
-3.113977
-3.161674
-3.321495
-1.712565
-1.381631
-0.605820
0.356306
1.060418
1.312707
1.308654
1.278710
0.046506
2.743786
2.476135
1.868162
1.335128
0.819673
0.414749
0.131680
-0.086626
-0.249741
-0.343771
-0.408542
-0.453702
-0.516189
-0.565623
-0.592575
-0.617667
-0.596385
-0.606058
-0.581744
-0.583986
-0.580156
-0.591835
-0.580306
-0.587014
-0.548068
-1.835926
-2.156671
-2.373919
-2.697237
-2.806798
-3.088957
-3.091900
-3.061678
-2.985842
-2.855437
-2.701833
-2.500468
-2.370026
-0.688468
-0.414633
-0.181804
-0.110014
-0.217078
-0.454103
0.033517
-0.157090
-0.290703
-0.027803
0.099245
0.154027
0.195805
0.222813
0.221601
0.212029
0.177148
0.134058
0.101966
0.060087
0.019951
2.895907
1.996494
0.675920
2.839527
0.972220
0.195081
0.152775
0.085920
-0.072718
-0.257005
-0.096793
0.096609
0.136882
0.283301
-0.493963
-1.816033
-1.030362
-26.522238
-27.942963
-19.949343
-25.645676
-3.423802
4.581892
12.314521
8.620769
-1.785908
-2.013807
-2.228854
-6.392029
-22.904245
-0.278845
-0.055037
-0.269582
-0.662942
-0.419765
-0.297519
-0.250715
-0.202692
-0.180007
-0.172248
-0.163384
-0.150276
-0.131598
-0.100339
-0.090402
-0.065424
-0.037580
3.303200
4.105479
1.037265
1.317134
0.771920
0.313462
0.751800
0.929209
0.977800
-0.259085
-0.662595
-2.485232
-28.280529
-10.714430
-12.559046
-2.349690
8.301479
4.565552
1.432746
-0.353915
3.694391
3.627052
4.438960
5.428257
2.746414
-3.411829
-2.933631
-3.069440
-2.460009
-3.765535
-1.191019
0.235849
0.322208
1.529676
2.140663
2.313911
2.443165
2.537807
2.710061
3.049069
2.021849
1.539179
1.025084
2.326679
4.391531
3.576133
2.756448
1.840661
0.973921
0.272075
-0.252587
-0.643378
-0.898549
-1.032751
-1.123581
-1.238534
-1.411784
-1.631416
-1.770653
-1.842466
-1.902269
-1.956739
-2.026067
-2.066472
-2.125625
-2.201457
-2.206512
-2.168398
-2.066587
-1.837695
-1.171387
-0.447188
-0.261409
3.726293
4.062077
4.646489
5.091951
6.059593
7.180126
10.327524
11.701435
12.710999
13.469888
14.071134
-0.129620
1.630041
1.157506
0.093540
-0.638668
-1.237517
-1.507161
-1.585036
-1.504391
-1.314693
-1.092303
-0.845859
-0.586304
-0.378889
-0.224373
-0.093821
0.046216
0.179160
0.268619
0.288670
0.240632
0.236626
0.268564
0.247333
0.048099
-0.806017
-1.198098
-2.031344
-3.042511
-3.917882
-4.561137
-4.922758
-4.820561
-4.185801
-3.048913
-1.992687
0.045743
1.809205
3.632546
4.799551
1.778241
-1.636990
-4.361659
-5.656367
-4.090493
0.382070
0.290550
4.376819
3.903433
2.961704
2.090790
1.297308
0.706010
0.275714
-0.015482
-0.225684
-0.410230
-0.587224
-0.738062
-0.904658
-1.016097
3.616222
0.900334
-0.337576
0.406955
-0.074891
-1.238896
-1.988203
-2.443634
-2.906748
-3.174906
-9.860716
-13.697578
-12.100424
-9.094422
-10.658689
-1.530988
15.472583
13.311757
10.072763
9.133443
8.080799
6.875230
6.031401
4.441262
-0.817794
-0.397984
-0.001306
1.552802
2.203938
1.063238
-0.721987
-5.060378
-8.428468
-1.817246
2.749755
7.616557
13.475279
18.415747
16.272499
6.303931
2.003726
-2.843795
-8.344768
-14.018344
-22.026274
-30.100698
-30.071091
1.663912
1.851607
-0.794780
-3.858540
-6.195477
-7.105774
-8.204422
-8.019548
-5.651290
-2.424112
-0.173614
5.841723
3.793327
0.694734
5.813255
4.318025
4.027440
2.920964
2.188161
2.183322
2.707041
2.955155
2.480256
2.003329
1.569595
1.297567
0.891479
-0.143897
2.325194
-1.538832
-0.711808
-2.926206
2.538371
4.798952
4.952497
0.703210
2.873491
1.764710
1.054872
0.419030
-0.128137
-0.464322
-0.650362
-0.704767
-0.666871
-0.580263
-0.464793
-0.324690
-0.198351
-0.054715
0.080588
0.218436
1.627801
3.897972
-0.919961
2.067993
2.261372
0.875424
-0.252367
-0.787992
-0.896293
-1.082044
-0.637564
-5.898053
-9.333430
-5.515697
-8.301488
-8.165964
-8.021652
-3.655262
-7.942658
-5.144936
-7.419076
-5.442548
3.214199
11.925533
16.241678
17.130505
13.402776
8.274284
5.191570
3.860290
-0.031303
-1.285948
-1.417732
-0.902368
-0.502732
-0.266072
-0.105400
0.013498
0.106736
0.165895
2.539110
2.898339
1.449099
1.812315
1.707470
0.927914
1.009119
1.542272
1.582591
2.470569
-2.015579
-3.654768
-0.210367
0.985308
0.576061
0.676941
0.171291
-0.636763
-0.936023
-1.146062
0.655182
7.109853
3.489670
2.379133
1.226198
3.466071
2.214312
1.325708
3.706593
3.947481
4.025480
2.794586
1.824395
1.495109
1.072589
1.031681
0.763408
0.489659
-4.070660
0.938400
-1.888728
1.216141
-2.460037
0.173790
-2.868535
-0.031012
-3.439417
-1.003380
-1.232059
-1.760622
-2.038289
-1.964464
-1.912567
-2.173400
-2.486800
-6.574230
-1.881618
-0.306032
2.348913
2.286605
2.066550
9.890724
3.036891
-9.648615
-10.421285
-8.732063
-9.778074
-12.671653
-4.217349
-11.173965
-11.891323
-8.963387
-13.027067
-14.456081
-11.282596
-10.245460
0.000000
-0.000001
0.000964
0.003775
0.002907
0.002341
0.001777
0.001334
0.000865
-0.341784
0.000213
0.000166
0.000105
-4.119558
-2.203193
-2.479821
-2.426015
-2.354357
-2.296453
-2.193242
-2.052215
-1.888345
-1.772976
2.255919
3.738283
2.629691
1.753473
1.933190
1.651026
2.324796
3.371352
3.591201
3.356360
-1.003646
-2.212160
-0.167449
2.064029
2.252883
2.894263
2.325138
1.912583
2.152577
2.133019
1.558971
3.236949
2.004256
2.174759
0.792123
-0.201298
0.671854
1.758734
1.896857
0.164517
-2.707371
-4.142760
-1.539974
-0.149677
-0.603967
0.022855
-0.789919
-1.053944
-1.485436
-1.879445
1.154326
3.288899
1.272045
0.726064
-1.298388
-2.335548
-1.312912
0.056549
0.456647
0.447335
-2.694858
-4.445811
-1.123577
-0.593085
-0.753600
0.135681
-0.537984
-0.447244
0.052464
-0.429738
1.683091
3.234949
1.284975
0.454391
-1.354368
-1.962940
-0.639402
1.319399
1.482344
1.139179
-2.133910
-3.922157
-0.704440
0.311956
-0.087658
0.831042
0.348791
0.419495
0.817473
0.064383
1.322020
3.123715
1.395442
1.199545
-0.549519
-1.346009
-0.277756
1.513543
1.506063
0.634846
-2.358123
-4.142528
-0.849071
0.327738
-0.151444
0.737506
0.356028
0.367212
0.551252
-0.258085
1.338832
3.196238
1.453122
1.248031
-0.467950
-1.377883
-0.401619
1.192373
1.338006
0.283724
-2.606666
-4.395559
-1.010117
0.202683
-0.187797
0.717879
0.365745
0.363441
0.612192
-0.069644
1.748636
3.298522
1.445189
1.216983
-0.374054
-1.279101
-0.380801
1.088348
1.269370
0.127462
-2.669913
-4.391299
-1.100392
0.213384
-0.084973
0.832117
0.494033
0.518399
0.797673
0.340362
2.212192
3.350906
1.539508
1.347817
-0.016970
-0.960683
-0.202869
1.047896
1.286052
-0.281382
-2.869965
-4.340151
-1.507647
0.013280
-0.383627
0.441474
0.066181
0.070710
0.086866
-0.337865
1.892987
3.223239
1.494820
1.312281
-0.104063
-1.051079
-0.387842
0.698955
1.015801
-0.512708
-3.099608
-4.771635
-1.435015
-0.003447
-0.353860
0.565714
0.239852
0.204375
0.484230
0.130609
2.238791
3.258073
1.517046
1.300772
-0.022683
-0.894080
-0.225023
0.941183
1.226600
-0.470557
-3.001390
-4.636805
-1.417225
0.161121
-0.184475
0.736449
0.505223
0.461888
0.668452
0.465106
2.079201
3.252001
1.670992
1.594525
0.313948
-0.604127
-0.110329
0.909830
1.257131
-0.529213
-2.906502
-4.579446
-1.997540
0.162698
-0.289583
0.612671
0.282261
0.346624
0.300260
0.061586
1.913474
3.158189
1.637692
1.569864
0.310739
-0.593080
-0.156862
0.735681
1.138459
-0.868833
-3.168019
-4.852847
-2.201384
0.046014
-0.413112
0.535194
0.250780
0.250476
0.348891
0.171303
1.990712
3.146588
1.653733
1.546351
0.317978
-0.527020
-0.125415
0.818188
1.264687
-0.860391
-3.115833
-4.829185
-2.198552
0.073604
-0.422417
0.509994
0.294367
0.248268
0.370679
0.243725
1.931073
3.151107
1.727433
1.589714
0.440070
-0.458989
-0.085655
0.861624
1.355876
-0.969634
-3.166267
-4.888883
-2.291261
0.167592
-0.319997
0.651157
0.484881
0.412728
0.557102
0.520712
1.912007
3.143232
1.748793
1.705110
0.556126
-0.255217
0.007330
0.852627
1.343658
-1.052688
-3.132234
-4.886015
-2.514402
0.160933
-0.305484
0.694058
0.508923
0.451378
0.515865
0.528772
1.773375
3.103184
1.756303
1.800628
0.269056
0.021735
0.160536
0.896771
1.349740
-1.084772
-3.055931
-4.911047
-2.943077
0.055957
-0.355210
0.644158
0.468762
0.348252
0.307072
0.302949
1.604121
3.058218
1.831792
1.860983
0.148715
0.186544
0.262768
0.945453
1.338239
-1.002522
-2.966973
-4.796515
-3.159812
0.126226
-0.257092
0.751631
0.565580
0.422443
0.313527
0.221582
1.519624
3.008671
1.832204
1.928700
-0.065588
0.386413
0.383023
0.941588
1.282331
-0.990586
-3.041541
-4.750717
-3.476923
0.074197
-0.291708
0.725895
0.535221
0.274003
0.017843
-0.161069
1.280320
2.930604
1.896827
1.911764
0.020576
0.475059
0.389991
1.038005
1.256239
-0.947162
-2.934721
-4.740332
-3.383105
0.110239
-0.197029
0.783853
0.626531
0.337735
0.056491
-0.151981
1.280364
2.904801
1.867815
1.878379
-0.029569
0.524108
0.414880
0.986157
1.255673
-1.006939
-3.003950
-4.786493
-3.445496
0.067081
-0.236999
0.763798
0.629894
0.298676
-0.006647
-0.237052
1.237675
2.882594
1.871917
1.829504
0.046499
0.500818
0.391232
0.956265
1.269247
-0.992159
-3.035501
-4.826640
-3.363424
0.016929
-0.287823
0.694971
0.595063
0.233022
-0.070891
-0.286260
1.229638
2.891302
1.706143
1.786284
0.185547
0.419465
0.339238
0.953200
1.306543
-1.085377
-3.081299
-4.908077
-3.216233
-0.100789
-0.423561
0.538805
0.514972
0.101138
-0.178746
-0.354521
1.202937
2.917979
1.820943
1.768947
0.423801
0.327816
0.270532
0.883074
1.341328
-1.267346
-3.174150
-5.045534
-3.043447
-0.143449
-0.626179
0.303414
0.299013
-0.149493
-0.442925
-0.588481
1.155856
2.920166
1.807109
1.608109
0.810368
-0.043274
0.009170
0.865638
1.446496
-1.055406
-3.299646
-5.282348
-2.408852
0.129996
-0.409840
0.595776
0.670564
0.361909
0.172740
0.094692
1.575938
2.980368
1.761176
1.637667
0.705922
-0.102225
-0.004762
0.879984
1.551744
-1.305399
-3.288661
-5.284023
-2.654634
0.183845
-0.466691
0.569468
0.647859
0.265862
0.028441
-0.058056
1.442212
2.918541
1.736542
1.596535
0.752699
-0.138002
-0.036312
0.831668
1.535421
-1.219287
-3.342827
-5.259259
-2.637703
0.214937
-0.424276
0.644363
0.737693
0.391843
0.141444
0.071960
1.517424
2.926302
1.732066
1.641951
0.734343
-0.059335
-0.009410
0.839742
1.509815
-1.298799
-3.246572
-5.282234
-2.660882
0.201666
-0.441425
0.607606
0.731355
0.358329
0.109707
-0.020537
1.427459
2.896234
1.719817
1.627934
0.754512
0.001249
0.010471
0.805477
1.466033
-1.149802
-3.259276
-5.255886
-2.612194
0.282232
-0.329084
0.771358
0.895658
0.517702
0.273754
0.176684
1.490808
2.881682
1.608966
1.640412
0.448584
0.118006
0.123198
0.881019
1.505623
-1.221585
-3.210442
-5.188021
-3.158337
0.081933
-0.665160
0.338877
0.452663
-0.012590
-0.381954
-0.533887
1.169150
2.835597
1.728530
1.592893
0.841249
0.009379
-0.013040
0.757970
1.406611
-1.660394
-3.270814
-5.334613
-2.613207
0.275709
-0.446686
0.609190
0.783463
0.332992
0.042267
-0.081887
