0.939079
0.973261
0.995710
1.023468
1.055535
1.090676
1.129252
1.173133
1.224279
1.282699
1.347812
1.414104
1.469094
1.509671
1.533080
1.549065
1.559945
1.565881
1.567026
1.562380
1.551270
1.536316
1.530816
1.511113
1.579274
1.683231
1.749086
1.717009
1.582757
1.407898
1.238526
1.083585
0.955158
0.867980
0.853029
0.919779
0.982187
1.049251
1.113922
1.169897
1.216341
1.253766
1.277132
1.287012
1.363297
1.449117
1.476491
1.436751
1.339265
1.214158
1.064356
0.901649
0.715607
0.562753
0.404696
0.246796
0.139229
0.181620
0.246953
0.311403
0.373093
0.426437
0.466128
0.505149
0.680463
0.818875
0.876801
0.891489
0.888427
0.865117
0.813582
0.736357
0.663833
0.611662
0.572922
0.569659
0.616153
0.677170
0.737796
0.793439
0.843813
0.885925
0.914431
0.932827
1.038272
1.154740
1.218327
1.219483
1.173045
1.099631
1.002102
0.893993
0.798997
0.734656
0.694989
0.690054
0.734925
0.792519
0.846075
0.893010
0.934937
0.971052
0.997741
1.014627
1.106958
1.217128
1.276309
1.274277
1.222549
1.141969
1.037034
0.921583
0.819604
0.748702
0.708674
0.715778
0.767254
0.822741
0.876389
0.924378
0.966692
1.002635
1.027251
1.040748
1.128266
1.230651
1.283898
1.276878
1.221022
1.136003
1.028080
0.909285
0.803937
0.731535
0.686504
0.679737
0.723012
0.783059
0.839935
0.890759
0.936265
0.975574
1.003714
1.020955
1.100811
1.199064
1.254799
1.252033
1.200987
1.120372
1.016304
0.904676
0.805724
0.736455
0.702527
0.714689
0.769019
0.827544
0.884063
0.934617
0.979312
1.016904
1.042673
1.056647
1.141305
1.238414
1.288698
1.279369
1.221567
1.134630
1.025568
0.905265
0.798333
0.725324
0.681219
0.672952
0.715365
0.777590
0.836941
0.890308
0.938273
0.979772
1.009732
1.028396
1.109528
1.207297
1.262767
1.259272
1.207130
1.125499
1.020321
0.903204
0.798570
0.726627
0.687157
0.692860
0.746816
0.805215
0.862278
0.913914
0.960321
1.000609
1.030101
1.047964
1.139230
1.240365
1.290699
1.279942
1.220937
1.133672
1.024364
0.903734
0.796546
0.724001
0.684579
0.680138
0.724825
0.789580
0.851232
0.906623
0.956363
0.999218
1.030036
1.048760
1.127528
1.222081
1.276148
1.271571
1.217690
1.133895
1.027278
0.908594
0.802691
0.730617
0.690241
0.689060
0.740615
0.803193
0.863470
0.917865
0.966571
1.008435
1.038298
1.055917
1.134495
1.228300
1.281853
1.276890
1.222079
1.137140
1.030685
0.916376
0.814969
0.746022
0.710892
0.718669
0.775352
0.835919
0.894617
0.947414
0.994225
1.034184
1.062460
1.078511
1.158293
1.251532
1.302537
1.294455
1.234925
1.144929
1.034059
0.912516
0.804119
0.730927
0.688204
0.681078
0.726155
0.791736
0.854390
0.910867
0.961682
1.005799
1.038237
1.058244
1.136489
1.228637
1.281754
1.276539
1.221626
1.137420
1.031572
0.913586
0.807531
0.736270
0.696080
0.696269
0.750972
0.814584
0.875896
0.931235
0.981185
1.024873
1.057907
1.078187
1.159211
1.252910
1.303921
1.295050
1.235585
1.147269
1.038117
0.917649
0.809836
0.737904
0.699061
0.694735
0.740473
0.808138
0.872665
0.930781
0.982967
1.028164
1.061422
1.081636
1.152892
1.240191
1.292911
1.288380
1.232973
1.147161
1.039747
0.919924
0.812191
0.740122
0.699471
0.693496
0.737403
0.804720
0.869129
0.927307
0.979605
1.024975
1.058528
1.079186
1.150312
1.237317
1.290128
1.286040
1.231311
1.146353
1.040705
0.926453
0.824223
0.755771
0.719443
0.727517
0.787203
0.850769
0.912479
0.968089
1.017421
1.059679
1.090166
1.107859
1.180472
1.267789
1.318220
1.311153
1.251150
1.159892
1.048691
0.926391
0.816740
0.744192
0.701544
0.693266
0.738233
0.807032
0.872714
0.931928
0.985209
1.031438
1.065981
1.088077
1.159246
1.246804
1.300731
1.297489
1.242113
1.155969
1.049135
0.930494
0.823022
0.751668
0.711805
0.707342
0.753172
0.821494
0.886831
0.945781
0.999014
1.045671
1.081667
1.104214
1.177166
1.264216
1.315057
1.307924
1.248394
1.158724
1.049236
0.928427
0.819186
0.746955
0.707428
0.701661
0.746522
0.817113
0.884675
0.945738
1.000582
1.048115
1.083657
1.105946
1.170509
1.252440
1.304372
1.300681
1.244708
1.157307
1.049280
0.928672
0.819292
0.747228
0.705881
0.697023
0.740537
0.811139
0.878819
0.940047
0.995132
1.042887
1.078717
1.101597
1.168185
1.251865
1.305080
1.302720
1.247972
1.161752
1.055728
0.941057
0.837485
0.769357
0.732835
0.733715
0.784910
0.855403
0.922536
0.982610
1.036095
1.082155
1.116592
1.138110
1.196156
1.274165
1.325345
1.321506
1.262745
1.170797
1.059494
0.936668
0.824835
0.751038
0.708448
0.699636
0.743843
0.815785
0.884759
0.947209
1.003371
1.052127
1.088938
1.112770
1.176002
1.256643
1.309254
1.307178
1.251854
1.164345
1.056863
0.937031
0.827409
0.755639
0.714862
0.707305
0.752113
0.823821
0.892587
0.954758
1.010976
1.060272
1.098795
1.123938
1.192661
1.276144
1.327256
1.322138
1.262546
1.171137
1.060688
0.938988
0.827953
0.755479
0.717081
0.711465
0.756584
0.830369
0.901070
0.965021
1.022335
1.071825
1.108999
1.132735
1.192750
1.270746
1.321978
1.319366
1.262758
1.173045
1.063399
0.941151
0.829120
0.756555
0.715100
0.703182
0.743731
0.817185
0.887775
0.951794
1.009350
1.059294
1.097188
1.122099
1.185680
1.266522
1.319451
1.318415
1.263393
1.175299
1.068132
0.952278
0.846315
0.777682
0.741592
0.741764
0.793373
0.866190
0.935591
0.997762
1.052988
1.100392
1.135998
1.158852
1.211583
1.285635
1.336007
1.333353
1.273980
1.179487
1.066775
0.942762
0.828037
0.753488
0.711164
0.700295
0.741939
0.816606
0.888516
0.953813
1.012526
1.063432
1.102202
1.127864
1.187550
1.265075
1.316910
1.315886
1.260495
1.171315
1.062750
0.941998
0.829933
0.757975
0.717431
0.707671
0.749802
0.824230
0.895788
0.960652
1.019256
1.070818
1.111553
1.138806
1.203255
1.283759
1.334277
1.330470
1.271042
1.177715
1.065972
0.943239
0.829386
0.756570
0.718462
0.711531
0.755240
0.831642
0.904888
0.971260
1.030697
1.081944
1.120744
1.146133
1.201776
1.276289
1.326706
1.325450
1.269210
1.177861
1.067135
0.944169
0.829112
0.755885
0.715115
0.701829
0.740462
0.816056
0.888847
0.955026
1.014452
1.066000
1.105479
1.132021
1.191420
1.268261
1.319601
1.319234
1.263995
1.173806
1.065198
0.948066
0.838800
0.768995
0.733095
0.732536
0.783269
0.858702
0.930669
0.995329
1.052781
1.102060
1.139420
1.163971
1.214071
1.285233
1.333626
1.331327
1.272106
1.176248
1.062524
0.937795
0.820545
0.745710
0.704127
0.691014
0.729876
0.806874
0.881060
0.948611
1.009309
1.062014
1.102554
1.130161
1.187343
1.262250
1.312909
1.312956
1.257889
1.167164
1.057609
0.936205
0.821483
0.748822
0.709231
0.698401
0.738854
0.815781
0.889876
0.957217
1.017973
1.071442
1.114004
1.142971
1.204909
1.283122
1.331847
1.328502
1.269144
1.173795
1.060429
0.936468
0.820257
0.747181
0.709187
0.700071
0.741179
0.819808
0.895243
0.963739
1.025108
1.078101
1.118714
1.146095
1.200490
1.273381
1.322486
1.322083
1.265941
1.172726
1.060769
0.937025
0.819795
0.745966
0.706143
0.693889
0.734779
0.812317
0.886948
0.954856
1.015695
1.068334
1.108761
1.136326
1.192068
1.266091
1.315455
1.315537
1.260047
1.167437
1.056886
0.938123
0.826405
0.755705
0.719599
0.719131
0.770222
0.847983
0.922068
0.988786
1.048026
1.098855
1.137725
1.163845
1.212573
1.282980
1.329647
1.328079
1.269967
1.173225
1.058403
0.933115
0.814013
0.739208
0.697713
0.684611
0.724470
0.803198
0.878903
0.947807
1.009594
1.063410
1.105442
1.134767
1.190189
1.263331
1.311006
1.310356
1.253894
1.159376
1.046695
0.922749
0.805068
0.730950
0.691499
0.680013
0.719531
0.798941
0.875427
0.945191
1.008175
1.063862
1.108895
1.140211
1.200730
1.277366
1.324393
1.321804
1.262738
1.165145
1.049562
0.923915
0.805327
0.731674
0.694347
0.686100
0.727969
0.809084
0.886717
0.957323
1.020574
1.075243
1.117522
1.146549
1.199993
1.271227
1.317624
1.317120
1.260836
1.165221
1.051054
0.925837
0.806530
0.732055
0.692719
0.683011
0.731459
0.810750
0.886749
0.955870
1.017654
1.070989
1.112270
1.140989
1.194356
1.266745
1.313505
1.313572
1.256976
1.160248
1.046064
0.924402
0.809768
0.737717
0.701958
0.703547
0.756670
0.836507
0.912270
0.980466
1.041066
1.092482
1.132201
1.154373
1.210084
1.287472
1.332153
1.328579
1.267884
1.166636
1.048077
0.920307
0.797302
0.719690
0.674441
0.672363
0.738411
0.812770
0.886412
0.953972
1.013979
1.065207
1.104773
1.125305
1.189478
1.275805
1.321249
1.317254
1.256218
1.154970
1.038121
0.913173
0.792188
0.716408
0.675790
0.678789
0.750510
0.824961
0.898059
0.964684
1.024114
1.075583
1.116706
1.139788
1.206358
1.297973
1.344468
1.337957
1.269673
1.159049
1.034620
0.904572
0.781227
0.704374
0.667227
0.678121
0.750915
0.826797
0.901563
0.969757
1.030200
1.081561
1.121058
1.141677
1.206139
1.288402
1.331181
1.324346
1.257221
1.147452
1.023208
0.892905
0.768973
0.691605
0.651726
0.652768
0.723406
0.797804
0.871355
0.938718
0.998465
1.049282
1.088645
1.109056
1.177598
1.267164
1.311835
1.306742
1.244383
1.140741
1.022579
0.900338
0.783189
0.710396
0.673129
0.682055
0.754759
0.828245
0.899475
0.963682
1.019968
1.067307
1.104104
1.121987
1.187721
1.276099
1.317660
1.310535
1.246069
1.139203
1.018101
0.891513
0.769307
0.692634
0.651254
0.648037
0.719776
0.792809
0.864501
0.929733
0.987185
1.035885
1.073996
1.092945
1.162618
1.256035
1.300217
1.295349
1.234527
1.131500
1.013486
0.889446
0.768649
0.692959
0.649983
0.645796
0.716190
0.787550
0.857593
0.921222
0.977486
1.025982
1.066023
1.088312
1.157661
1.257513
1.304179
1.299086
1.235538
1.128229
1.006070
0.878605
0.755313
0.677943
0.638653
0.644222
0.718090
0.792898
0.865974
0.932239
0.990556
1.039803
1.078076
1.097120
1.165068
1.254044
1.294623
1.287396
1.223956
1.116900
0.995051
0.868332
0.745881
0.668397
0.624960
0.612810
0.662994
0.740038
0.814859
0.883012
0.943291
0.994827
1.036350
1.058547
1.123009
1.210527
1.254836
1.254707
1.201166
1.104059
0.990947
0.873009
0.756705
0.681705
0.635626
0.634110
0.702007
0.770593
0.838677
0.900401
0.954087
0.999213
1.035554
1.053095
1.122636
1.213899
1.255208
1.252383
1.196146
1.095354
0.979029
0.856668
0.736220
0.659027
0.613227
0.600157
0.655135
0.732840
0.807586
0.875196
0.934792
0.985762
1.027200
1.049369
1.115028
1.199958
1.242795
1.243742
1.192831
1.097381
0.985000
0.865935
0.747227
0.669558
0.618537
0.605891
0.672635
0.740468
0.808810
0.871349
0.926148
0.972657
1.011633
1.032622
1.107294
1.209122
1.254870
1.254191
1.199286
1.098833
0.981987
0.859134
0.737937
0.660144
0.615838
0.617513
0.690662
0.763900
0.835491
0.900275
0.956917
1.005036
1.043984
1.063735
1.133398
1.224342
1.264660
1.260065
1.202227
1.098233
0.977306
0.850693
0.726429
0.645643
0.598810
0.587338
0.655638
0.728524
0.800628
0.866394
0.923984
0.972431
1.011085
1.030403
1.102285
1.196261
1.238649
1.238229
1.186373
1.088822
0.974666
0.856311
0.738976
0.663003
0.616182
0.611762
0.680195
0.747260
0.813678
0.873315
0.924690
0.967666
1.003638
1.021139
1.096981
1.193525
1.235087
1.233782
1.180759
1.080524
0.963012
0.839223
0.717023
0.637347
0.591002
0.577558
0.635557
0.713947
0.789254
0.857234
0.916967
0.967753
1.009236
1.031266
1.099385
1.184926
1.224837
1.225278
1.175730
1.079454
0.965402
0.845483
0.725777
0.645908
0.593229
0.571886
0.619743
0.693828
0.766097
0.831895
0.889718
0.938950
0.981595
1.006225
1.079960
1.176447
1.219891
1.222634
1.174577
1.077638
0.961860
0.839354
0.717697
0.637342
0.591361
0.594374
0.668879
0.743404
0.816651
0.882979
0.940980
0.989973
1.029537
1.049807
1.123161
1.211588
1.248403
1.244171
1.189343
1.085987
0.964170
0.837510
0.713442
0.631638
0.584076
0.569640
0.633755
0.707563
0.780253
0.846390
0.904097
0.952491
0.992359
1.012980
1.090764
1.182924
1.222315
1.223716
1.176985
1.080874
0.965204
0.844753
0.724974
0.645972
0.598374
0.596737
0.670292
0.742108
0.812011
0.874785
0.929128
0.974550
1.012531
1.031595
1.107908
1.199037
1.235540
1.232686
1.181455
1.080409
0.959542
0.832554
0.707558
0.624020
0.575134
0.567299
0.640833
0.714247
0.787899
0.854552
0.912714
0.961624
1.002062
1.023050
1.105400
1.194083
1.229849
1.227375
1.175147
1.071188
0.948049
0.820228
0.696640
0.615888
0.570544
0.565649
0.639460
0.714945
0.789258
0.856643
0.915893
0.966217
1.008954
1.033312
1.116075
1.209124
1.245506
1.240669
1.184683
1.076390
0.949288
0.818211
0.692719
0.611239
0.568908
0.577317
0.657511
0.737759
0.815822
0.886552
0.948666
1.001048
1.043249
1.065957
1.142603
1.226344
1.258906
1.251854
1.194619
1.084681
0.955689
0.822860
0.696411
0.614524
0.568353
0.567992
0.629592
0.693995
0.763333
0.825286
0.878994
0.923912
0.959708
0.978947
1.056374
1.169109
1.205802
1.193698
1.134031
1.028625
0.907908
0.788589
0.673967
0.598588
0.548210
0.532559
0.594862
0.656056
0.719475
0.775859
0.824091
0.863698
0.896839
0.913299
0.994237
1.115141
1.163123
1.164585
1.115289
1.016477
0.899432
0.782927
0.669999
0.594933
0.541067
0.534425
0.594558
0.654680
0.717829
0.773145
0.820151
0.858899
0.891677
0.907713
0.996573
1.123245
1.171586
1.167579
1.112728
1.010660
0.891465
0.773519
0.659457
0.582930
0.526530
0.515464
0.577720
0.639137
0.703693
0.760478
0.809313
0.850268
0.886022
0.906188
0.996066
1.123491
1.172343
1.166709
1.107638
0.999377
0.874144
0.751890
0.636022
0.560078
0.507299
0.509691
0.571819
0.634734
0.702362
0.761716
0.812399
0.854807
0.891573
0.911100
1.000490
1.122128
1.164171
1.153627
1.093867
0.987041
0.863908
0.742664
0.627138
0.550225
0.496644
0.483185
0.547710
0.611401
0.678213
0.737396
0.788149
0.830419
0.866697
0.885895
0.975965
1.096542
1.143116
1.140510
1.088887
0.988669
0.870822
0.757030
0.645662
0.571671
0.517348
0.516053
0.577660
0.637769
0.700014
0.754191
0.799732
0.836768
0.870365
0.888422
0.982239
1.108632
1.155997
1.150360
1.094920
0.988911
0.863310
0.738722
0.620962
0.543181
0.490780
0.489923
0.558960
0.626962
0.697296
0.759581
0.813041
0.857980
0.896418
0.917371
1.008865
1.127555
1.167333
1.155498
1.096650
0.989995
0.866165
0.744656
0.628816
0.550744
0.497405
0.478458
0.545621
0.611011
0.679578
0.740003
0.792028
0.835669
0.875068
0.899362
0.993628
1.117824
1.162965
1.155790
1.098828
0.989045
0.858654
0.729757
0.609619
0.530960
0.480794
0.493226
0.567602
0.641645
0.718988
0.787198
0.846442
0.896993
0.939817
0.964759
1.054560
1.170101
1.203757
1.182832
1.115130
0.998020
0.864229
0.731591
0.609454
0.527277
0.476374
0.459333
0.531257
0.601599
0.675981
0.742148
0.799398
0.847807
0.889574
0.914081
1.003720
1.117352
1.155635
1.147704
1.095899
0.992947
0.869762
0.749652
0.635068
0.559124
0.509217
0.513103
0.583701
0.652056
0.721339
0.782306
0.834149
0.877121
0.915141
0.936332
1.026611
1.143426
1.181463
1.167582
1.108411
0.997140
0.865438
0.734050
0.612411
0.530581
0.479800
0.470019
0.549949
0.627276
0.707219
0.777238
0.838530
0.890753
0.935231
0.961457
1.048880
1.157492
1.191833
1.177674
1.119718
1.009809
0.879822
0.751218
0.631104
0.549556
0.498310
0.486795
0.562032
0.635478
0.712513
0.780465
0.839525
0.889885
0.933654
0.960845
1.049465
1.163644
1.199982
1.185887
1.125839
1.010923
0.874210
0.739315
0.615731
0.533158
0.486549
0.498269
0.580588
0.661909
0.743525
0.816657
0.880922
0.936027
0.982652
1.011042
1.097782
1.208765
1.238450
1.214001
1.144756
1.023233
0.882897
0.742624
0.614526
0.526657
0.476647
0.466052
0.546958
0.626085
0.709097
0.782632
0.847123
0.902395
0.949400
0.978351
1.066595
1.176893
1.207005
1.188753
1.127527
1.013645
0.879537
0.748576
0.627627
0.546880
0.501845
0.512394
0.592689
0.670546
0.749877
0.818720
0.877974
0.927934
0.969970
0.993990
1.080762
1.195501
1.225215
1.203010
1.137451
1.019894
0.882792
0.746359
0.620768
0.536513
0.487171
0.475708
0.555257
0.632533
0.712714
0.783949
0.845496
0.897697
0.941829
0.967713
1.057745
1.171100
1.200476
1.181553
1.118950
1.003339
0.868177
0.735466
0.613342
0.533579
0.488420
0.486461
0.569148
0.648885
0.730880
0.802337
0.864578
0.917728
0.962980
0.990427
1.079386
1.195742
1.225410
1.203440
1.134033
1.010096
0.867826
0.728108
0.602044
0.520156
0.476454
0.487062
0.568547
0.648768
0.731709
0.805556
0.869358
0.923640
0.969075
0.996242
1.088467
1.206341
1.229524
1.200068
1.125355
0.998853
0.855958
0.714498
0.587059
0.504271
0.459946
0.458197
0.542476
0.624598
0.710663
0.786658
0.852522
0.908815
0.956192
0.984682
1.076689
1.193228
1.216618
1.190237
1.118601
0.994979
0.855179
0.719625
0.596735
0.518116
0.477622
0.489591
0.574935
0.656147
0.738826
0.810261
0.871361
0.922749
0.965629
0.989763
1.080502
1.195546
1.216066
1.188145
1.115187
0.989580
0.848427
0.709189
0.584294
0.504217
0.460065
0.456813
0.539516
0.619721
0.702979
0.777138
0.841083
0.895440
0.941119
0.968103
1.063121
1.182578
1.203167
1.176314
1.103464
0.978245
0.837343
0.699459
0.575544
0.498542
0.459849
0.469837
0.556899
0.640727
0.726741
0.802020
0.867336
0.923315
0.970643
0.999845
1.094252
1.215763
1.235200
1.203941
1.122973
0.987853
0.838927
0.694752
0.566772
0.487701
0.450527
0.468659
0.552994
0.635934
0.722809
0.800273
0.866267
0.922310
0.967718
0.995447
1.092130
1.215870
1.229815
1.193373
1.109489
0.974930
0.828255
0.685189
0.558533
0.480390
0.444760
0.444394
0.537218
0.634642
0.727765
0.811899
0.886955
0.951594
1.007171
1.040666
1.144008
1.232059
1.245418
1.223432
1.152537
1.019887
0.870289
0.726743
0.600970
0.524207
0.499468
0.542313
0.638190
0.731191
0.820449
0.900126
0.969920
1.028166
1.074466
1.102103
1.207201
1.299310
1.301300
1.260905
1.173057
1.025182
0.864441
0.715726
0.585759
0.495854
0.458640
0.479473
0.583205
0.683683
0.781168
0.870251
0.950228
1.018518
1.073397
1.109277
1.208433
1.292422
1.293228
1.257639
1.175550
1.032181
0.875158
0.727059
0.597384
0.517428
0.493075
0.529265
0.630981
0.728944
0.822239
0.905979
0.980275
1.043428
1.095361
1.129698
1.225959
1.314932
1.319122
1.286465
1.204144
1.055030
0.893007
0.740840
0.608074
0.526959
0.502547
0.527762
0.616026
0.719312
0.815880
0.902321
0.978556
1.042204
1.091847
1.120759
1.217275
1.302246
1.304938
1.272786
1.193623
1.050751
0.895003
0.744018
0.612586
0.533045
0.508433
0.530424
0.624566
0.726700
0.823020
0.909116
0.985259
1.048892
1.099057
1.128302
1.227508
1.315917
1.320257
1.286852
1.204379
1.058760
0.902640
0.754506
0.625853
0.549318
0.526581
0.559277
0.661461
0.760858
0.853296
0.934624
1.005281
1.063641
1.109949
1.135381
1.236346
1.326872
1.330582
1.290360
1.166895
0.990428
0.820845
0.679485
0.557621
0.475601
0.466901
0.510204
0.616597
0.727932
0.832518
0.925004
1.006079
1.073491
1.124327
1.151980
1.247645
1.328891
1.343392
1.303430
1.197719
1.040197
0.878521
0.735124
0.610138
0.521738
0.502060
0.536498
0.638994
0.741265
0.843060
0.906070
0.934502
0.958224
0.965355
0.980786
1.005660
1.040101
1.084184
1.137861
1.201135
1.273669
1.354468
1.441200
1.532689
1.628759
1.723071
1.803538
1.870317
1.919602
1.953066
1.967051
1.957478
1.926967
1.878623
1.814756
1.741483
1.672510
1.616769
1.681560
1.769223
1.812271
1.769867
1.631333
1.405320
1.168850
0.981939
0.851858
0.766347
0.778409
0.883695
0.999343
1.113324
1.213711
1.294716
1.359601
1.410865
1.449096
1.476310
1.556688
1.643480
1.648850
1.585819
1.433655
1.228380
1.035245
0.864325
0.720127
0.635267
0.636527
0.695119
0.805120
0.918905
1.025057
1.117626
1.196451
1.260773
1.305800
1.340043
1.425884
1.514440
1.524796
1.469439
1.333967
1.150002
0.973540
0.811742
0.677217
0.599791
0.597580
0.632487
0.725193
0.845729
0.959210
1.060296
1.148109
1.221865
1.275393
1.316194
1.402665
1.489621
1.502488
1.448507
1.315386
1.136282
0.963211
0.806213
0.675152
0.599328
0.592705
0.626882
0.719067
0.834913
0.944185
1.041605
1.126480
1.198428
1.252950
1.296273
1.383755
1.473151
1.487657
1.435295
1.299504
1.114645
0.937321
0.783376
0.651427
0.574442
0.571254
0.620594
0.724228
0.838917
0.946898
1.042731
1.125558
1.194236
1.243129
1.281043
1.366023
1.449543
1.458676
1.405656
1.271859
1.089389
0.913162
0.761592
0.629873
0.552996
0.544397
0.578281
0.670732
0.788055
0.898983
0.998545
1.085544
1.158601
1.211646
1.253125
1.336266
1.417732
1.431289
1.384981
1.257452
1.079319
0.906921
0.761518
0.638483
0.569332
0.570866
0.633338
0.741805
0.845698
0.942188
1.025899
1.096688
1.153684
1.193267
1.225509
1.321731
1.410930
1.417108
1.361095
1.225971
1.041433
0.864231
0.718061
0.591499
0.520125
0.512295
0.549105
0.640885
0.758625
0.868568
0.966337
1.051495
1.122670
1.174522
1.215769
1.301082
1.382465
1.394273
1.348486
1.225625
1.051435
0.879991
0.736652
0.611820
0.540137
0.530696
0.571208
0.669028
0.780903
0.886046
0.978992
1.059646
1.126757
1.175987
1.216223
1.303078
1.386196
1.395817
1.346973
1.217183
1.033690
0.860537
0.719608
0.596543
0.520771
0.512959
0.563626
0.672534
0.777980
0.877939
0.964927
1.039357
1.099985
1.142906
1.178289
1.271751
1.355283
1.358449
1.305231
1.175787
0.994260
0.824594
0.686213
0.563545
0.488357
0.477517
0.518898
0.632229
0.741518
0.845460
0.935689
1.013471
1.076558
1.121895
1.143273
1.256409
1.347586
1.350411
1.298339
1.171966
0.993344
0.825065
0.689753
0.577552
0.500561
0.488717
0.547530
0.655048
0.758141
0.859605
0.947511
1.021900
1.081966
1.124285
1.144394
1.261892
1.353780
1.352552
1.297145
1.166824
0.987584
0.819288
0.684110
0.567885
0.489736
0.473881
0.512646
0.618981
0.719066
0.815799
0.898909
0.968771
1.025093
1.066592
1.084218
1.199094
1.289007
1.295409
1.253796
1.140762
0.973794
0.812379
0.681712
0.566892
0.493623
0.477388
0.512177
0.614120
0.709295
0.800064
0.877100
0.941300
0.992593
1.032717
1.050750
1.167703
1.258125
1.264271
1.226195
1.116048
0.954315
0.798028
0.672935
0.561934
0.486853
0.461589
0.491411
0.592166
0.685697
0.775782
0.852300
0.915599
0.965279
1.004003
1.019526
1.138071
1.224207
1.223759
1.188931
1.085042
0.930829
0.779603
0.657537
0.543210
0.472328
0.445134
0.457415
0.530339
0.632024
0.730896
0.815587
0.886433
0.943488
0.989668
1.012467
1.123009
1.200849
1.201067
1.178846
1.084801
0.935489
0.788487
0.670402
0.562178
0.488697
0.454632
0.479780
0.573887
0.662612
0.748494
0.820930
0.879992
0.925394
0.960742
0.974584
1.097628
1.181818
1.171593
1.141480
1.040327
0.892655
0.749037
0.632322
0.521193
0.447988
0.409702
0.432041
0.530280
0.620812
0.707996
0.782202
0.843378
0.891323
0.929468
0.945003
1.070910
1.153830
1.137887
1.105278
1.006427
0.865351
0.728194
0.615915
0.505288
0.440333
0.403126
0.404279
0.484190
0.581522
0.675723
0.756810
0.824909
0.879788
0.925569
0.951430
1.080047
1.165309
1.158828
1.139876
1.041564
0.891551
0.746493
0.631921
0.529582
0.450423
0.411043
0.472255
0.573931
0.670357
0.764283
0.847686
0.918504
0.975261
1.016769
1.061617
1.212663
1.289841
1.234239
1.151627
1.013901
0.852561
0.705097
0.589032
0.472736
0.382409
0.328471
0.309257
0.340965
0.437819
0.532130
0.615596
0.685986
0.743665
0.793649
0.824888
0.968523
1.064303
1.066018
1.061886
0.983014
0.849364
0.710593
0.597872
0.501262
0.437329
0.414557
0.495820
0.601676
0.702805
0.801767
0.889488
0.962574
1.021139
1.064198
1.107343
1.258492
1.352443
1.299560
1.211046
1.059283
0.882828
0.724004
0.600282
0.487130
0.391763
0.341728
0.332995
0.404842
0.514138
0.620600
0.715235
0.797739
0.867486
0.925888
0.959699
1.089928
1.174589
1.162636
1.133982
1.036419
0.890269
0.746921
0.632329
0.531475
0.466814
0.452114
0.515074
0.621864
0.721427
0.817185
0.899312
0.967668
1.023607
1.069589
1.091418
1.218881
1.309794
1.279851
1.214109
1.079757
0.911029
0.754874
0.631554
0.525132
0.441803
0.404677
0.438066
0.554687
0.662574
0.767317
0.859267
0.937957
1.002354
1.051606
1.076038
1.204910
1.294278
1.277582
1.227720
1.105269
0.938347
0.780910
0.656684
0.552419
0.476115
0.453846
0.499506
0.615178
0.723461
0.828374
0.918869
0.994602
1.055823
1.101651
1.123487
1.249927
1.343163
1.330826
1.277271
1.146615
0.970313
0.805844
0.678224
0.574585
0.492134
0.459559
0.491790
0.604177
0.708259
0.808542
0.894464
0.965635
1.022524
1.066831
1.087241
1.214019
1.308157
1.298692
1.253072
1.130049
0.958867
0.797366
0.670798
0.565888
0.484710
0.454419
0.492705
0.607238
0.713436
0.816587
0.905217
0.978307
1.036894
1.080479
1.099786
1.229286
1.320630
1.299083
1.242327
1.112404
0.942342
0.782926
0.658058
0.550368
0.474866
0.444323
0.461961
0.565851
0.678799
0.787763
0.881801
0.960442
1.024735
1.075771
1.102263
1.223082
1.309179
1.303714
1.271580
1.160486
0.991062
0.828542
0.702061
0.598321
0.515504
0.480717
0.531483
0.648205
0.758643
0.867128
0.960708
1.037767
1.099403
1.145097
1.166689
1.285922
1.369823
1.344751
1.287580
1.154200
0.977113
0.812105
0.682520
0.575660
0.489867
0.451065
0.475466
0.592282
0.701876
0.808922
0.901834
0.979329
1.041972
1.088650
1.110452
1.236176
1.326650
1.310886
1.264479
1.138122
0.964387
0.801856
0.677391
0.577068
0.497005
0.463430
0.503506
0.618304
0.724936
0.827483
0.915214
0.987269
1.044771
1.089541
1.110405
1.239108
1.334639
1.318848
1.269922
1.141271
0.965792
0.801809
0.674232
0.571108
0.486796
0.451717
0.488197
0.608066
0.719946
0.830139
0.925833
1.004537
1.067931
1.114349
1.136693
1.268101
1.359640
1.330665
1.270953
1.134390
0.957474
0.793864
0.667300
0.563692
0.481522
0.446021
0.471276
0.587246
0.704269
0.817376
0.914962
0.997886
1.065868
1.117919
1.145557
1.268771
1.353456
1.334678
1.289933
1.164321
0.987315
0.822704
0.696685
0.596638
0.512556
0.476557
0.522604
0.646213
0.762545
0.876725
0.975105
1.057315
1.123402
1.172117
1.196311
1.321032
1.406833
1.375057
1.315395
1.173018
0.987671
0.818994
0.688722
0.584525
0.498188
0.460761
0.490653
0.610840
0.722860
0.832468
0.927602
1.006170
1.069489
1.116748
1.139179
1.268671
1.364744
1.342079
1.288952
1.152687
0.969835
0.803041
0.677064
0.579350
0.498165
0.465541
0.506817
0.628510
0.741210
0.850827
0.945082
1.021691
1.082756
1.127788
1.148103
1.276856
1.374581
1.355600
1.303637
1.167880
0.984843
0.815894
0.686341
0.584630
0.503209
0.471265
0.509180
0.631308
0.744772
0.854352
0.948840
1.025973
1.087476
1.132758
1.153057
1.281030
1.379822
1.360754
1.309084
1.172161
0.987315
0.817097
0.686531
0.584168
0.501999
0.469983
0.507789
0.631149
0.745311
0.855760
0.951002
1.028208
1.090334
1.137481
1.160812
1.285069
1.379408
1.361041
1.310566
1.171249
0.984143
0.814491
0.686171
0.587368
0.501075
0.465755
0.502041
0.628681
0.746575
0.861412
0.960818
1.042945
1.108598
1.156199
1.178700
1.308927
1.402246
1.373630
1.317367
1.176541
0.990142
0.819791
0.689878
0.588076
0.504344
0.468224
0.494366
0.619481
0.737700
0.851893
0.949768
1.031146
1.096208
1.144130
1.166415
1.296499
1.390950
1.372694
1.327105
1.192124
1.004003
0.832090
0.703943
0.605720
0.522367
0.486500
0.523296
0.646570
0.761519
0.872549
0.967181
1.043223
1.103241
1.149094
1.170023
1.295026
1.391183
1.374817
1.328379
1.190513
0.999750
0.826251
0.694643
0.593322
0.509710
0.472838
0.503924
0.631764
0.749512
0.862137
0.958826
1.037942
1.100443
1.146033
1.166216
1.293567
1.391830
1.370375
1.318986
1.179399
0.990481
0.818141
0.687042
0.586118
0.504845
0.469564
0.493879
0.610772
0.737955
0.855780
0.958464
1.046011
1.117100
1.170732
1.198757
1.329375
1.417696
1.390127
1.341624
1.202436
1.009580
0.836126
0.707971
0.610254
0.530321
0.492734
0.523930
0.650079
0.768994
0.883038
0.979738
1.057185
1.117629
1.163460
1.183529
1.307840
1.406257
1.393861
1.347273
1.206705
1.010843
0.833330
0.699358
0.597116
0.518664
0.483455
0.508374
0.620820
0.748677
0.866799
0.968832
1.054995
1.123516
1.174045
1.197472
1.328779
1.424784
1.407351
1.361104
1.220376
1.023012
0.844965
0.714283
0.616086
0.538254
0.503100
0.527596
0.641205
0.767930
0.885481
0.986488
1.070788
1.137347
1.188574
1.213028
1.341560
1.437914
1.422228
1.378801
1.238980
1.036959
0.855083
0.720358
0.618660
0.540305
0.504754
0.530341
0.640196
0.769414
0.889314
0.992199
1.078488
1.146607
1.196625
1.219167
1.348074
1.445436
1.424290
1.376604
1.235371
1.036161
0.855066
0.719985
0.617403
0.542655
0.513318
0.542046
0.657412
0.784542
0.902813
1.003108
1.085860
1.150692
1.200392
1.223607
1.342066
1.436332
1.427471
1.390233
1.247703
1.037495
0.849918
0.716049
0.618810
0.545139
0.514716
0.563075
0.696648
0.820149
0.937474
1.035759
1.112218
1.170100
1.211403
1.226373
1.339390
1.436185
1.427797
1.382242
1.232986
1.024535
0.838307
0.700605
0.599029
0.521931
0.491524
0.528284
0.658904
0.779678
0.891672
0.985987
1.060925
1.118329
1.158563
1.173654
1.267375
1.379490
1.399483
1.362052
1.222029
1.014609
0.824200
0.686465
0.592988
0.514677
0.479723
0.514235
0.644009
0.762768
0.873997
0.967605
1.038039
1.091988
1.130961
1.145247
1.245167
1.361438
1.389283
1.355078
1.217881
1.014954
0.826204
0.687885
0.590471
0.508993
0.467639
0.488577
0.620264
0.740749
0.856541
0.956729
1.032855
1.090196
1.130484
1.145532
1.247909
1.363868
1.368970
1.327306
1.194135
1.001684
0.820834
0.685371
0.586398
0.499990
0.453856
0.463215
0.593333
0.713970
0.829539
0.929433
1.006873
1.068283
1.113608
1.134650
1.239031
1.350202
1.342086
1.303765
1.179971
0.995165
0.818582
0.688973
0.595184
0.507865
0.458605
0.469066
0.595657
0.718336
0.837732
0.938750
1.019056
1.083464
1.132288
1.156632
1.264574
1.374387
1.352948
1.311561
1.184887
0.998225
0.822134
0.691008
0.593974
0.508076
0.456036
0.460737
0.573423
0.698306
0.815574
0.917580
1.003720
1.073404
1.126292
1.152864
1.267072
1.380676
1.358873
1.318427
1.193557
1.006678
0.829566
0.701790
0.608878
0.529062
0.479363
0.489912
0.615338
0.734257
0.849070
0.945901
1.019345
1.076121
1.117714
1.134791
1.243444
1.363114
1.359950
1.323662
1.197266
1.007330
0.823498
0.689955
0.595170
0.517391
0.472489
0.486572
0.618165
0.739168
0.852768
0.948503
1.022078
1.078871
1.120306
1.136823
1.245313
1.365799
1.370674
1.335271
1.207561
1.014621
0.828376
0.692435
0.595888
0.516204
0.469543
0.481322
0.594002
0.723161
0.844211
0.948491
1.035262
1.105115
1.158443
1.185982
1.296378
1.405383
1.391841
1.355617
1.227527
1.031173
0.846100
0.714269
0.620095
0.540266
0.487803
0.492205
0.572475
0.696142
0.819341
0.926884
1.017211
1.090221
1.146949
1.177021
1.291590
1.407787
1.385973
1.344673
1.214353
1.019922
0.838247
0.706523
0.609864
0.533667
0.483545
0.498995
0.634588
0.760654
0.878115
0.975716
1.052613
1.112278
1.155800
1.174236
1.282818
1.402543
1.397379
1.360236
1.229141
1.028379
0.836299
0.699515
0.605808
0.523766
0.472166
0.484509
0.597415
0.729991
0.854801
0.961797
1.050028
1.120406
1.173799
1.200548
1.312463
1.426335
1.416224
1.380156
1.247230
1.042499
0.851036
0.714549
0.618083
0.540565
0.490303
0.502375
0.608836
0.742753
0.871331
0.982559
1.075049
1.148707
1.204395
1.232802
1.343895
1.456002
1.437711
1.400304
1.264170
1.056904
0.864572
0.726139
0.626719
0.549056
0.497625
0.510651
0.647128
0.777217
0.896846
0.996410
1.076374
1.138608
1.184960
1.207306
1.310989
1.423345
1.426463
1.394089
1.261297
1.052093
0.853232
0.710275
0.614936
0.534279
0.482833
0.499299
0.592416
0.729876
0.865266
0.983319
1.082382
1.162199
1.223362
1.256299
1.364755
1.474235
1.459223
1.422105
1.281207
1.065112
0.868204
0.726768
0.627838
0.549021
0.495955
0.510852
0.609302
0.747314
0.882374
0.999592
1.097677
1.176194
1.235877
1.267339
1.377849
1.485748
1.474200
1.438410
1.296226
1.078663
0.880765
0.739760
0.643423
0.561103
0.505388
0.521358
0.591877
0.727998
0.866082
0.986546
1.087055
1.167374
1.229649
1.264493
1.376673
1.486283
1.483938
1.454466
1.319424
1.099439
0.894863
0.747312
0.645021
0.563705
0.507579
0.526934
0.610352
0.750519
0.891550
1.015086
1.118260
1.200682
1.263553
1.297388
1.406445
1.512437
1.501939
1.466403
1.324709
1.103531
0.899856
0.752137
0.649067
0.566203
0.509403
0.527644
0.606879
0.745822
0.885945
1.008571
1.110799
1.192572
1.255522
1.291455
1.397906
1.500954
1.496059
1.467148
1.330392
1.106666
0.898331
0.748668
0.648757
0.566550
0.508671
0.521357
0.585833
0.726387
0.870988
0.998401
1.105565
1.192131
1.259367
1.298101
1.407586
1.512990
1.509651
1.473818
1.332001
1.108292
0.903192
0.752940
0.647394
0.560136
0.498389
0.515154
0.591827
0.733422
0.875497
0.999766
1.104115
1.187836
1.251539
1.287176
1.396780
1.505146
1.513256
1.482964
1.340582
1.113406
0.903614
0.753746
0.654802
0.567889
0.507036
0.519019
0.574892
0.714368
0.857471
0.982719
1.087191
1.170183
1.233860
1.269628
1.381875
1.493598
1.494311
1.457465
1.317061
1.097816
0.893381
0.744491
0.641774
0.558002
0.497617
0.512587
0.589697
0.733343
0.875810
0.999788
1.102558
1.184182
1.245371
1.278873
1.391125
1.500367
1.507293
1.476546
1.342458
1.119954
0.909655
0.757171
0.653916
0.568322
0.506443
0.516150
0.575008
0.716620
0.861113
0.987566
1.093130
1.177646
1.241343
1.279778
1.371279
1.476610
1.475891
1.446234
1.314917
1.096894
0.892188
0.744324
0.645657
0.562527
0.500859
0.503707
0.572038
0.706212
0.857723
0.991960
1.105432
1.197990
1.268638
1.310300
1.393252
1.513199
1.511036
1.484196
1.354262
1.130991
0.917731
0.762958
0.660323
0.574579
0.508823
0.510371
0.579109
0.714463
0.865823
1.000046
1.113711
1.206634
1.277916
1.320491
1.403578
1.521327
1.521715
1.493093
1.355484
1.129889
0.917861
0.766209
0.669109
0.582040
0.513392
0.508286
0.563026
0.693931
0.844503
0.977549
1.089886
1.181210
1.251316
1.295434
1.382824
1.503852
1.503687
1.476121
1.346265
1.124581
0.912444
0.758896
0.658122
0.573975
0.506378
0.501492
0.570794
0.708154
0.861751
0.997900
1.113109
1.207379
1.280269
1.325791
1.411150
1.521816
1.533822
1.503605
1.375596
1.150960
0.936823
0.780302
0.674652
0.581517
0.509617
0.506515
0.551881
0.681161
0.831570
0.964903
1.077541
1.169187
1.238512
1.282255
1.369183
1.493065
1.498604
1.473042
1.347206
1.126357
0.909687
0.753162
0.654443
0.570769
0.504686
0.498178
0.569194
0.709465
0.867608
1.008734
1.128034
1.225728
1.300764
1.348020
1.431336
1.536677
1.546878
1.516156
1.385244
1.159773
0.943538
0.784711
0.677397
0.584724
0.508120
0.497405
0.540337
0.669515
0.821406
0.956777
1.071667
1.166043
1.237155
1.281312
1.368921
1.493013
1.503501
1.477777
1.345038
1.123178
0.908569
0.754000
0.656680
0.574024
0.506889
0.498376
0.563044
0.701909
0.859230
0.998704
1.116078
1.211403
1.282773
1.327208
1.408952
1.516900
1.518089
1.491622
1.359914
1.134079
0.919509
0.764302
0.661911
0.573456
0.502636
0.494175
0.555731
0.693042
0.850328
0.990441
1.109130
1.206493
1.279676
1.325040
1.408191
1.520725
1.509981
1.487033
1.359557
1.133786
0.915554
0.758088
0.656146
0.571890
0.504130
0.498067
0.558090
0.709034
0.867922
1.009191
1.128318
1.225736
1.301332
1.349792
1.458262
1.537361
1.532174
1.503103
1.366735
1.138234
0.926198
0.772987
0.670508
0.581053
0.509928
0.501739
0.546236
0.693774
0.848500
0.982984
1.093881
1.181368
1.246499
1.284465
1.392482
1.493783
1.496698
1.464799
1.325999
1.104131
0.896716
0.745812
0.642481
0.556368
0.489901
0.499378
0.565399
0.719636
0.875462
1.010147
1.120354
1.205868
1.267451
1.301387
1.408913
1.507304
1.528357
1.506876
1.368438
1.137382
0.920123
0.765636
0.667251
0.583232
0.514925
0.513949
0.565128
0.715140
0.868161
0.999391
1.105777
1.187519
1.246147
1.280886
1.396301
1.501629
1.504057
1.479959
1.342042
1.109851
0.892109
0.734478
0.629427
0.547678
0.481660
0.477962
0.540336
0.696374
0.859391
1.001928
1.120741
1.217192
1.289448
1.332550
1.434310
1.511785
1.513147
1.489905
1.354293
1.126888
0.915513
0.762111
0.658177
0.566470
0.493103
0.488951
0.527228
0.674576
0.831301
0.967992
1.081147
1.171608
1.239717
1.281401
1.389876
1.485003
1.466296
1.442498
1.307688
1.084592
0.874132
0.723451
0.626087
0.545076
0.483645
0.482348
0.555300
0.714257
0.878108
1.020596
1.137472
1.230797
1.300584
1.343145
1.449333
1.523976
1.536830
1.528421
1.402538
1.170569
0.948731
0.784633
0.672730
0.576469
0.491520
0.480445
0.514859
0.663867
0.823899
0.963856
1.080619
1.173616
1.243492
1.285129
1.395307
1.488535
1.482736
1.455943
1.311034
1.083138
0.873707
0.725293
0.630232
0.544865
0.481103
0.487472
0.564773
0.725877
0.887823
1.025761
1.137320
1.223238
1.286247
1.323717
1.427703
1.510042
1.520742
1.507072
1.370461
1.136095
0.913900
0.753742
0.649095
0.558054
0.489966
0.489953
0.557503
0.717657
0.880598
1.020327
1.134394
1.223760
1.289750
1.329019
1.439906
1.523158
1.525125
1.509768
1.369547
1.133137
0.912449
0.753196
0.647144
0.554004
0.481981
0.484879
0.549234
0.707422
0.867419
1.004117
1.115748
1.203446
1.268885
1.308345
1.415551
1.496082
1.492653
1.472809
1.333451
1.103243
0.888633
0.736136
0.638607
0.553063
0.486387
0.483690
0.549171
0.707988
0.870685
1.010326
1.122864
1.210911
1.275870
1.314371
1.426836
1.512679
1.503018
1.484273
1.342294
1.106007
0.889330
0.734488
0.632093
0.542471
0.472539
0.472473
0.538558
0.698363
0.861821
1.002520
1.118055
1.209716
1.277695
1.318407
1.432091
1.514673
1.514079
1.500615
1.354895
1.118888
0.900724
0.746478
0.648805
0.561551
0.496975
0.489976
0.550136
0.706899
0.866964
1.002983
1.112486
1.197017
1.259243
1.295842
1.409570
1.499192
1.485013
1.409498
1.239184
1.024484
0.829761
0.690411
0.596963
0.509674
0.443514
0.449182
0.554418
0.720815
0.889051
1.033812
1.150717
1.241048
1.307308
1.342228
1.445164
1.507027
1.533532
1.494381
1.325178
1.089371
0.887814
0.745466
0.647185
0.556309
0.473008
0.465151
0.905985
0.939860
0.961143
0.960519
0.966469
0.979306
0.999453
1.027313
1.063258
1.107466
1.160006
1.220862
1.289709
1.366045
1.448126
1.533303
1.617948
1.698341
1.770274
1.829018
1.871155
1.895229
1.900744
1.886105
1.853003
1.802504
1.734582
1.649062
1.549680
1.477752
1.417640
1.347620
1.267115
1.176762
1.078630
0.975087
0.870139
0.769726
0.675421
0.587148
0.507138
0.440005
0.380856
0.323725
0.269510
0.905820
0.915996
0.915119
0.899480
0.889817
0.888345
0.895046
0.910055
0.933600
0.965544
1.005221
1.051954
1.104949
1.163366
1.226402
1.293134
1.362166
1.431412
1.498530
1.560932
1.615935
1.660545
1.691760
1.707273
1.705775
1.686625
1.648992
1.591749
1.515453
1.426501
1.335381
1.270859
1.226801
1.178049
1.124037
1.064423
0.999337
0.928416
0.853226
0.775974
0.699787
0.626996
0.555300
0.478942
0.400941
0.906072
0.932598
0.952893
0.960649
0.973943
0.995863
1.026521
1.066054
1.114704
1.172694
1.240125
1.316589
1.400719
1.490971
1.585079
1.679857
1.771219
1.854859
1.927070
1.985054
2.026957
2.051960
2.060014
2.051543
2.026807
1.985712
1.927256
1.849537
1.749977
1.633984
1.510338
1.407271
1.335825
1.262453
1.187228
1.110458
1.031702
0.951066
0.870778
0.792405
0.718012
0.649932
0.589711
0.536781
0.906133
0.935281
0.964721
0.982048
1.005875
1.039330
1.082682
1.136111
1.199164
1.269879
1.346313
1.427250
1.513604
1.605339
1.701230
1.789005
1.862558
1.918785
1.953285
1.968171
1.962473
1.937606
1.895461
1.838162
1.767770
1.689039
1.606337
1.518097
1.478148
1.439255
1.399976
1.358467
1.322935
1.305931
1.322333
1.355559
1.394846
1.430546
1.433931
1.410367
1.383521
1.366294
1.342523
1.289717
1.219731
1.144383
1.072468
1.007877
0.950509
0.906048
0.870403
0.827596
0.779583
0.730295
0.681041
0.628627
0.578781
0.537795
0.498421
0.450156
0.395668
0.384369
0.427233
0.906593
0.940425
0.973536
0.994118
1.019510
1.053003
1.095574
1.147760
1.209486
1.280328
1.359501
1.445966
1.537882
1.632373
1.724980
1.810934
1.886267
1.948235
1.995140
2.025897
2.039677
2.036213
2.015905
1.979226
1.925421
1.853485
1.762630
1.655385
1.536932
1.427549
1.348861
1.266076
1.180766
1.095213
1.010032
0.926632
0.846158
0.769881
0.698905
0.634421
0.577205
0.526262
0.477503
0.427121
0.372910
0.905845
0.923853
0.910449
0.902531
0.901079
0.907682
0.922478
0.945544
0.976960
1.016767
1.065047
1.117065
1.168745
1.222072
1.278668
1.338596
1.401021
1.464404
1.526649
1.585449
1.638217
1.681898
1.713472
1.730735
1.732452
1.717957
1.686561
1.636907
1.567162
1.478366
1.382856
1.284704
1.234490
1.179599
1.116699
1.044549
0.964918
0.879994
0.792630
0.706199
0.624027
0.548409
0.480292
0.419481
0.374568
0.906046
0.932086
0.950029
0.954978
0.967671
0.990029
1.021978
1.063437
1.114250
1.174294
1.243215
1.320757
1.405580
1.495757
1.587646
1.676095
1.756378
1.824631
1.877505
1.912633
1.928841
1.926027
1.904937
1.866582
1.810074
1.735255
1.643565
1.540652
1.429265
1.363948
1.292972
1.213522
1.126039
1.032055
0.933669
0.832429
0.729508
0.628042
0.532159
0.440867
0.350708
0.262635
0.174817
0.077717
-0.031958
0.905106
0.904040
0.879644
0.840797
0.810976
0.790407
0.778593
0.774889
0.778822
0.789943
0.807789
0.832015
0.862258
0.897658
0.936565
0.975832
1.005757
1.018225
1.024151
1.027900
1.014259
0.990535
0.962359
0.933972
0.905235
0.874200
0.851969
0.861290
0.888416
0.941135
0.968861
0.959687
0.905397
0.831476
0.753204
0.669583
0.585998
0.509379
0.440027
0.372133
0.304932
0.235776
0.160425
0.080893
-0.003242
-0.125765
-0.254286
-0.355889
-0.399421
0.903398
0.916596
0.930626
0.930236
0.936403
0.950661
0.973191
1.004172
1.043732
1.091912
1.148653
1.213753
1.286842
1.367226
1.454025
1.545749
1.641090
1.731772
1.805893
1.866532
1.909272
1.930367
1.927692
1.897991
1.842784
1.765252
1.677243
1.586824
1.489141
1.387039
1.336331
1.290296
1.271691
1.291252
1.336874
1.381446
1.402484
1.401860
1.373850
1.368868
1.327535
1.254264
1.157757
1.064368
0.985471
0.920940
0.876912
0.850176
0.825691
0.788854
0.744354
0.700237
0.660189
0.622777
0.585059
0.543853
0.496298
0.481334
0.529343
0.554860
0.549158
0.512013
0.444220
0.906393
0.934889
0.962434
0.977803
0.998026
1.026781
1.064438
1.111363
1.167841
1.230802
1.296851
1.365019
1.435350
1.507513
1.580303
1.651790
1.719478
1.780500
1.831849
1.870777
1.895257
1.904336
1.897908
1.876118
1.838767
1.784865
1.712520
1.618686
1.510252
1.393803
1.305445
1.233761
1.157331
1.076612
0.992776
0.907945
0.824283
0.743422
0.669008
0.598323
0.524910
0.443662
0.397746
0.361005
0.325264
0.905886
0.924653
0.930862
0.922862
0.920863
0.926921
0.941192
0.963897
0.995179
1.035015
1.083312
1.139824
1.204216
1.275813
1.353912
1.437379
1.524697
1.611786
1.692875
1.762979
1.818935
1.858985
1.882236
1.888258
1.876733
1.846768
1.796563
1.722335
1.625200
1.516294
1.402418
1.339191
1.272158
1.200022
1.122434
1.039803
0.953628
0.866345
0.779652
0.696051
0.619324
0.551015
0.491337
0.439659
0.394010
0.905995
0.932192
0.957635
0.970812
0.990569
1.019707
1.058472
1.107036
1.165422
1.233046
1.308212
1.389543
1.476890
1.570004
1.667946
1.761487
1.838595
1.900353
1.938581
1.956405
1.954306
1.932963
1.893905
1.839492
1.772214
1.695610
1.612636
1.522658
1.479477
1.436546
1.394132
1.355254
1.316333
1.282525
1.281156
1.286737
1.325792
1.357596
1.414915
1.470711
1.513377
1.534829
1.544212
1.522684
1.461950
1.470281
0.906224
0.938411
0.965055
0.973640
0.990215
1.014960
1.048145
1.090245
1.141514
1.202111
1.272061
1.350399
1.435381
1.525783
1.621035
1.720444
1.818610
1.900568
1.967571
2.015507
2.045040
2.049491
2.024271
1.969111
1.884781
1.783988
1.679283
1.568819
1.460310
1.368542
1.343682
1.351509
1.377480
1.399781
1.392410
1.354741
1.293821
1.229770
1.183925
1.149861
1.116454
1.080590
1.038007
0.984357
0.931716
0.879707
0.840534
0.850102
0.878245
0.884358
0.854105
0.824211
0.797513
0.758000
0.709462
0.649997
0.581305
0.498815
0.406867
0.907379
0.949703
0.996471
1.046044
1.096036
1.145547
1.193099
1.237309
1.282906
1.335156
1.393703
1.457957
1.526882
1.599398
1.673145
1.745327
1.813670
1.876099
1.930896
1.976694
2.012553
2.037712
2.051393
2.052426
2.039455
2.011033
1.965658
1.901362
1.817467
1.716949
1.608846
1.547881
1.486014
1.418483
1.347275
1.272383
1.195398
1.119218
1.041540
0.960773
0.875357
0.905409
0.909222
0.900333
0.876124
0.859137
0.850945
0.851287
0.860083
0.877249
0.902634
0.936010
0.977075
1.025371
1.080067
1.139984
1.203565
1.268945
1.334036
1.396236
1.452209
1.497963
1.530260
1.546968
1.546449
1.526588
1.487877
1.429243
1.355319
1.284386
1.265469
1.247034
1.214376
1.161329
1.086069
0.990413
0.884732
0.768312
0.632323
0.477498
0.319672
0.168010
0.021068
-0.122010
-0.262111
-0.400626
-0.446062
0.906257
0.934529
0.953238
0.958455
0.969593
0.989234
1.017809
1.055546
1.102510
1.158222
1.221628
1.292128
1.369644
1.453444
1.542635
1.623968
1.694168
1.753122
1.796402
1.827626
1.846310
1.852049
1.846305
1.824895
1.786882
1.769211
1.761836
1.781278
1.834981
1.897864
1.909460
1.896658
1.909850
1.919153
1.954609
1.992074
2.018429
2.033897
2.042306
2.033593
2.031327
2.028567
2.022444
2.015166
2.009284
2.003316
2.062298
2.064711
2.013898
1.959308
1.904988
1.854191
1.798008
1.758099
1.736071
1.722887
1.715306
1.726951
1.779285
1.837352
1.872805
1.892930
0.906558
0.935604
0.957631
0.963123
0.976465
0.997114
1.023549
1.054680
1.088680
1.123244
1.155419
1.180390
1.198467
1.202318
1.195919
1.177525
1.149327
1.113322
1.065642
1.007750
0.942003
0.866338
0.777389
0.678965
0.634665
0.585797
0.495574
0.286125
-0.014652
-0.187853
-0.293822
-0.384941
-0.523600
-0.505851
-0.459409
0.905775
0.932816
0.950368
0.944280
0.944594
0.951578
0.965591
0.987026
1.016307
1.053826
1.099759
1.154140
1.216870
1.287584
1.365701
1.450054
1.539463
1.630615
1.710968
1.774957
1.816591
1.842746
1.853106
1.843355
1.813183
1.766257
1.703586
1.628197
1.578522
1.539459
1.536911
1.526216
1.507055
1.494581
1.487446
1.470816
1.445276
1.409047
1.370268
1.332005
1.291992
1.246366
1.195899
1.184337
1.158623
1.114843
1.056282
0.905684
0.934337
0.965098
0.983462
1.008325
1.038537
1.073044
1.113694
1.162687
1.218622
1.274417
1.322804
1.358978
1.385081
1.408551
1.428652
1.444639
1.455138
1.458837
1.455643
1.447046
1.434766
1.414775
1.457736
1.527192
1.569017
1.544847
1.444004
1.306327
1.160260
1.016558
1.027683
1.036081
1.014520
0.992255
0.979038
0.957957
0.917861
0.860336
0.796918
0.761769
0.781979
0.803721
0.829002
0.853453
0.864502
0.867126
0.867231
0.924442
0.936592
1.013038
1.019563
1.074619
1.087842
1.159752
1.141483
1.169218
1.239804
1.285375
1.292221
1.264304
1.196804
1.087504
0.944362
0.774561
0.592281
0.435650
0.509810
0.720148
1.024189
1.266524
1.329232
1.282792
1.208388
1.180421
1.138477
1.051156
0.892664
0.668480
0.677299
0.691364
0.664814
0.592173
0.547236
0.501826
0.448955
0.374789
0.280474
0.168497
0.033556
-0.120780
-0.284424
-0.456657
-0.523587
-0.523583
-0.523583
-0.523566
-0.517860
-0.511601
0.905733
0.933389
0.953562
0.955748
0.966937
0.986404
1.013782
1.049384
1.093677
1.146221
1.204158
1.259034
1.300673
1.331281
1.360682
1.389934
1.416454
1.437377
1.450533
1.456909
1.459664
1.465094
1.456064
1.502851
1.588112
1.634485
1.593682
1.464393
1.303460
1.138402
0.974173
0.830643
0.736383
0.729365
0.763346
0.800611
0.843383
0.887172
0.927046
0.959734
0.982550
0.995593
1.014829
1.107230
1.199042
1.233931
1.206329
1.136292
1.038770
0.916852
0.784894
0.670401
0.592342
0.547179
0.568964
0.615775
0.672945
0.730325
0.784155
0.832482
0.870912
0.897600
0.924705
1.000586
1.098491
1.166185
1.173106
1.129112
1.056660
0.952088
0.831192
0.728256
0.659540
0.618637
0.656744
0.702763
0.755577
0.808557
0.857484
0.900596
0.934440
0.957120
0.976040
1.070563
1.176643
1.241287
1.241493
1.187290
1.102123
0.985530
0.854646
0.743624
0.666613
0.623121
0.661407
0.706437
0.757967
0.809584
0.857049
0.898550
0.930578
0.951051
0.973308
1.079102
1.187129
1.246066
1.240113
1.181766
1.092867
0.974581
0.843154
0.728976
0.648366
0.605479
0.644499
0.690102
0.742029
0.793749
0.841272
0.883034
0.915440
0.936115
0.959884
1.065818
1.175203
1.234842
1.229310
1.172243
1.084532
0.967158
0.835794
0.720150
0.638723
0.606891
0.646957
0.690701
0.740703
0.790586
0.836285
0.876268
0.906908
0.926098
0.951359
1.062749
1.174650
1.233062
1.226117
1.168951
1.080878
0.963655
0.831648
0.712661
0.629480
0.614780
0.653576
0.696288
0.744999
0.793429
0.837655
0.875919
0.904040
0.921019
0.946897
1.068853
1.182603
1.235147
1.223220
1.164767
1.075162
0.956118
0.823142
0.702708
0.618462
0.603279
0.642722
0.686284
0.736016
0.785448
0.830584
0.869857
0.899286
0.917048
0.945088
1.069961
1.187328
1.244989
1.236658
1.179476
1.092361
0.975401
0.842803
0.721619
0.635798
0.623372
0.662498
0.705450
0.754157
0.802108
0.845520
0.883083
0.911026
0.927520
0.953405
1.082158
1.200520
1.254968
1.244529
1.185970
1.095676
0.975905
0.840512
0.715442
0.625835
0.622547
0.659348
0.700423
0.747341
0.793811
0.836068
0.872715
0.899951
0.915927
0.940141
1.077239
1.198848
1.251964
1.240698
1.182957
1.090751
0.967455
0.829110
0.700743
0.610819
0.610725
0.649574
0.692659
0.741341
0.789107
0.832450
0.870052
0.897984
0.914296
0.939845
1.082777
1.206939
1.260796
1.250601
1.194196
1.104212
0.982784
0.844856
0.716277
0.624914
0.630276
0.666888
0.707792
0.754344
0.800157
0.841718
0.877749
0.904276
0.919184
0.945581
1.092565
1.217596
1.271005
1.260855
1.203765
1.112604
0.990015
0.850722
0.719913
0.625454
0.623094
0.660915
0.702601
0.749766
0.795817
0.837389
0.873464
0.900106
0.915121
0.938554
1.087531
1.214882
1.270293
1.262557
1.207087
1.116398
0.994094
0.854021
0.721258
0.625325
0.631900
0.668064
0.708491
0.754432
0.799490
0.840448
0.876054
0.902197
0.916913
0.941649
1.096839
1.226229
1.280661
1.272536
1.216268
1.122429
0.996426
0.852717
0.716425
0.619771
0.638509
0.673449
0.713139
0.758176
0.802431
0.843000
0.878522
0.904643
0.919881
0.945956
1.103665
1.234086
1.288909
1.281783
1.225507
1.129363
1.000832
0.855531
0.718184
0.624975
0.642506
0.677832
0.717761
0.762955
0.807034
0.847252
0.882424
0.908160
0.923451
0.948974
1.110968
1.243109
1.298327
1.292744
1.236859
1.138006
1.005081
0.855997
0.715872
0.624343
0.639703
0.675175
0.715468
0.760936
0.805223
0.845773
0.880964
0.905906
0.920658
0.943929
1.114184
1.249614
1.305585
1.301283
1.245658
1.145289
1.011491
0.862897
0.723985
0.633354
0.648475
0.683428
0.722955
0.767590
0.810996
0.850726
0.885473
0.910466
0.925137
0.949586
1.116595
1.251222
1.308270
1.305400
1.250435
1.149847
1.015849
0.866954
0.727745
0.637256
0.651825
0.686273
0.725326
0.769408
0.812307
0.851674
0.886165
0.911004
0.925619
0.949976
1.116371
1.251342
1.309450
1.307395
1.252811
1.152907
1.019935
0.872026
0.733590
0.643993
0.658510
0.692686
0.731328
0.774873
0.817122
0.855813
0.889661
0.914109
0.928444
0.954423
1.117329
1.250588
1.309193
1.307797
1.254009
1.155913
1.025243
0.879263
0.741759
0.651356
0.665357
0.699152
0.737285
0.780307
0.821997
0.860055
0.893305
0.917377
0.931241
0.960523
1.118322
1.249192
1.308032
1.306705
1.253253
1.157950
1.031539
0.889188
0.753745
0.660611
0.675519
0.708077
0.745074
0.787081
0.828047
0.865502
0.898119
0.921482
0.934451
0.964782
1.122118
1.252748
1.312182
1.310120
1.256338
1.164184
1.042356
0.904112
0.771275
0.673205
0.673637
0.706826
0.743470
0.785257
0.825918
0.862554
0.894404
0.918249
0.931224
0.958601
1.108403
1.237485
1.299955
1.300369
1.248744
1.159607
1.041090
0.905067
0.771767
0.668834
0.667078
0.698935
0.734645
0.775916
0.816676
0.853815
0.886168
0.909887
0.922307
0.945720
1.103585
1.237238
1.300247
1.299823
1.246722
1.156489
1.037720
0.902278
0.769556
0.666786
0.657944
0.691402
0.727970
0.769606
0.810122
0.846671
0.878471
0.902243
0.915223
0.939055
1.095689
1.228793
1.292539
1.293466
1.242139
1.153324
1.035719
0.900814
0.767811
0.664510
0.663230
0.694994
0.730303
0.770826
0.810621
0.846774
0.878289
0.901578
0.914062
0.937738
1.095506
1.229056
1.292830
1.293906
1.242255
1.153006
1.035321
0.900674
0.768117
0.665678
0.665785
0.697365
0.732412
0.772451
0.811623
0.847191
0.878204
0.901847
0.915274
0.939079
1.092850
1.225262
1.290061
1.292533
1.241949
1.152369
1.033681
0.897477
0.763224
0.661216
0.665329
0.697076
0.732486
0.772699
0.811820
0.847389
0.878352
0.900895
0.913180
0.937589
1.102991
1.237732
1.299919
1.300469
1.248711
1.158709
1.039918
0.904519
0.771949
0.670673
0.668960
0.700627
0.735527
0.775245
0.813938
0.848803
0.879153
0.902067
0.914626
0.938751
1.091451
1.223168
1.289339
1.293762
1.245106
1.158469
1.043268
