0.000000
0.932796
0.955392
0.936296
0.943211
0.904988
0.908343
0.889612
0.854713
0.855992
0.839421
0.834021
1.410291
-6.692334
2.105338
3.160923
2.094046
1.060178
1.083180
0.568510
0.174906
-0.279909
0.900166
0.674568
-3.368362
0.000000
1.442848
1.131667
1.432060
1.789595
3.598498
3.945362
-3.232491
-7.749928
2.800832
3.216251
1.492877
-2.840925
0.187759
1.649396
2.445908
0.650664
-1.627368
1.120652
-3.236305
0.000000
0.429009
1.904124
3.593704
6.092021
6.347899
3.578127
-12.131299
-8.134628
2.062943
1.359404
-0.199036
0.310688
1.208676
2.753328
4.514354
3.571698
-2.402647
-3.541015
-5.099290
0.000000
1.134345
1.941291
2.647700
2.902862
3.396752
2.031810
-0.245648
-8.308633
3.067160
2.192624
-0.464688
-2.909733
-0.165683
2.132583
2.927244
1.694903
-1.754205
-1.896638
-5.389842
0.000000
1.137999
2.336827
1.390827
0.867214
2.820950
4.517261
-3.475797
-7.546693
3.197476
1.101732
-0.682171
-2.772125
0.001666
2.014906
2.574427
1.627246
-0.884381
0.266782
-4.411611
0.000000
1.164807
3.132542
1.521404
1.148151
2.199043
3.681082
-4.293408
-7.960692
3.373412
2.752526
-0.022419
-2.725430
0.009960
1.878887
2.909914
1.452547
-1.681731
0.306811
-3.316862
0.000000
1.070955
2.882212
1.487727
0.818000
3.399279
4.833698
-4.566260
-8.085552
3.449514
1.999294
-0.278678
-2.633669
0.048682
1.968734
2.940869
1.612451
-1.711414
0.104518
-2.596297
0.000000
1.149903
3.069383
1.597612
1.111340
2.139083
3.119164
-1.679057
-7.982309
3.258294
2.351013
-0.039104
-2.741771
-0.014034
1.883399
2.916549
1.549471
-1.909922
0.126233
-2.895470
0.000000
1.025934
2.758378
1.467239
1.210316
3.857051
4.866052
-4.327925
-8.133934
3.342373
2.150587
-0.351283
-2.628733
0.032298
1.941260
2.934035
1.714323
-1.703353
0.178089
-2.604340
0.000000
1.073375
3.197597
1.581214
0.970960
2.858378
3.686002
-3.718012
-8.100863
3.323562
2.637760
-0.206175
-2.665422
-0.003653
1.890041
2.835799
1.637009
-1.753712
-0.174503
-3.593735
0.000000
1.031986
2.921330
1.417972
1.836795
4.287827
4.730775
-4.010072
-8.067577
3.207033
2.057817
-0.405938
-2.697682
-0.036902
1.942105
2.932969
1.759920
-1.750113
0.203557
-2.574176
0.000000
0.997228
3.025645
1.481540
0.832950
3.453082
4.156111
-4.234501
-8.068664
3.250341
2.141158
-0.332139
-2.623986
0.051672
1.877259
2.952749
1.679709
-1.794406
0.189197
-2.614180
0.000000
0.999094
3.100373
1.477601
1.031932
3.758220
4.507561
-3.386768
-8.020084
3.130534
2.236371
-0.154311
-2.634945
-0.063287
1.758863
2.862736
1.709939
-1.706047
0.605512
-2.708647
0.000000
0.871929
2.865282
1.377272
1.748916
4.228333
4.883137
-4.415005
-8.176744
3.205367
2.277105
-0.299899
-2.571655
0.018767
1.854367
2.938948
1.803976
-1.738595
1.221817
-2.173630
0.000000
0.912866
3.193798
1.530159
1.955019
4.457679
4.997423
-4.522795
-8.086718
3.218884
2.146263
-0.314422
-2.566377
0.036223
1.814756
2.807940
1.739375
-1.660607
2.142152
-2.569402
0.000000
0.856557
3.161701
1.443143
2.701729
5.107917
5.255517
-4.350272
-8.083229
3.117919
2.113929
-0.359336
-2.587041
0.020215
1.816432
2.918221
1.837556
-1.723835
1.789688
-1.863060
0.000000
0.860862
3.141092
1.445867
1.960135
4.435396
4.986790
-4.586553
-8.135289
3.153319
2.183469
-0.315485
-2.525119
0.094889
1.792574
2.945220
1.807206
-1.747982
1.875162
-1.846005
0.000000
0.860034
3.120252
1.472775
2.073870
4.564815
5.079316
-4.056816
-8.063058
3.034060
2.319602
-0.130097
-2.513191
0.015320
1.641210
2.847197
1.778579
-1.685122
1.427921
-2.166421
0.000000
0.633779
3.184310
1.280228
2.846107
5.286402
5.520420
-4.716680
-8.156995
3.080688
2.308480
-0.250516
-2.463389
0.049916
1.748785
2.914340
1.771868
-1.578513
1.245145
-1.793169
0.000000
0.635407
3.309539
1.423988
2.277604
4.714108
5.009393
-4.680714
-8.101939
3.071673
2.176060
-0.292880
-2.560539
0.016783
1.735302
2.818742
1.787271
-1.611927
0.696719
-1.944950
0.000000
0.682824
3.504044
1.368073
2.972918
5.185868
4.907590
-4.383981
-8.028063
2.941702
2.216378
-0.381188
-2.544846
0.033456
1.698586
2.925617
1.907930
-1.695591
1.419386
-1.600781
0.000000
0.631956
3.444566
1.381137
2.787730
5.038735
4.931005
-4.617900
-8.080483
2.955097
2.278654
-0.327733
-2.465294
0.088592
1.679790
2.922142
1.869959
-1.624436
1.601994
-1.726749
0.000000
0.599246
3.603126
1.347585
2.641315
5.043180
5.173326
-4.377042
-8.068966
2.869054
2.244290
-0.198806
-2.521427
-0.000977
1.589428
2.846762
1.871387
-1.589926
0.846130
-1.217587
0.000000
0.513358
3.384537
1.311216
2.620285
4.956829
4.616817
-4.672476
-8.049470
2.857389
2.345994
-0.275557
-2.440774
0.087214
1.627492
2.931134
1.880017
-1.647241
0.996057
-1.437213
0.000000
0.483960
3.574590
1.496250
2.857725
5.138813
4.740785
-4.670341
-8.064840
2.848954
2.269320
-0.316296
-2.458229
0.058551
1.623094
2.802338
1.832533
-1.484173
1.990180
-1.724417
0.000000
0.429895
3.818848
1.724846
3.284095
5.270168
4.347135
-4.252950
-8.070805
2.723648
2.272696
-0.380415
-2.489764
0.026093
1.586855
2.931339
1.959626
-1.632076
0.957926
-1.374274
0.000000
0.357193
3.789558
1.681450
3.127258
5.070514
4.632531
-4.573157
-8.058149
2.723819
2.421880
-0.320144
-2.432291
0.044305
1.586386
2.934935
1.948915
-1.476548
1.108160
-1.526960
0.000000
0.211003
3.779818
1.665495
2.964964
4.964760
4.678327
-4.080693
-8.066902
2.654064
2.321470
-0.238258
-2.464540
-0.016898
1.497817
2.884187
1.916544
-1.497908
2.049599
-0.911303
0.000000
0.181553
3.482439
1.303324
2.748892
4.643097
4.060749
-4.716781
-8.014528
2.582668
2.482953
-0.303414
-2.444271
0.026264
1.546530
2.960831
1.994724
-1.522078
0.645622
-1.245945
0.000000
0.142936
4.002638
1.920744
3.155455
5.121234
4.191308
-4.725005
-8.071287
2.579747
2.389341
-0.350996
-2.438942
0.012915
1.548487
2.834652
2.058295
-1.346974
1.251814
-1.461069
0.000000
0.066921
4.204774
2.214791
3.656840
5.076858
3.743232
-3.922369
-8.109428
2.461566
2.337163
-0.412931
-2.430541
0.005461
1.515826
2.967069
2.088789
-1.497151
0.769415
-1.063967
0.000000
0.007543
3.984410
1.961549
3.238133
4.960981
3.827694
-4.836609
-8.077625
2.432238
2.444355
-0.355749
-2.400159
0.004220
1.517345
2.975540
2.161689
-1.367256
1.398248
-1.216892
0.000000
-0.047828
4.069016
1.911390
3.096955
4.835176
3.796491
-3.062503
-8.161800
2.375702
2.432733
-0.311087
-2.385100
0.006481
1.452877
2.945990
2.130114
-1.433737
1.370803
-0.640559
0.000000
-0.170258
3.937278
1.930796
3.214874
4.760081
3.353942
-4.128145
-8.035202
2.261476
2.481999
-0.372069
-2.404336
-0.018700
1.504933
3.000211
2.236076
-1.349504
1.786800
-1.014952
0.000000
-0.169585
4.171822
2.113102
3.236472
4.794322
3.368584
-4.110337
-8.106854
2.261078
2.442422
-0.394993
-2.407493
-0.023822
1.495548
2.880052
2.306826
-1.249936
-0.192652
-1.199411
0.000000
-0.363084
4.589282
2.922734
4.202287
5.150891
3.053072
-3.041037
-8.139698
2.131740
2.366855
-0.456198
-2.358330
-0.018940
1.480254
2.993080
2.340916
-1.300634
1.725323
-0.840487
0.000000
-0.297956
4.215448
2.194112
3.367826
4.704734
2.929738
-3.665830
-8.110868
2.097449
2.341822
-0.393342
-2.333444
-0.016433
1.473325
3.006349
2.373123
-1.249645
1.786907
-0.990827
0.000000
-0.370941
4.271714
2.283661
3.422356
4.741546
3.053205
-1.881920
-8.252935
2.076033
2.448985
-0.314859
-2.283754
0.011543
1.421950
2.964899
2.327207
-1.297655
-1.617780
-0.323866
0.000000
-0.477822
4.461217
2.763418
3.933050
4.905765
3.084719
-3.856362
-8.049110
1.984132
2.357580
-0.404789
-2.322118
-0.051251
1.479535
3.035237
2.614314
-1.137958
1.366383
-0.568452
0.000000
-0.477330
4.749815
2.849256
3.931726
4.728265
2.312156
-2.367296
-8.127054
1.938616
2.448231
-0.408425
-2.320006
-0.029740
1.478499
2.916816
2.780823
-1.194241
-2.495414
-0.649680
0.000000
-0.639836
5.081991
3.704481
4.852869
5.339978
2.496103
-1.921563
-8.183342
1.798071
2.274803
-0.496658
-2.255952
0.000064
1.479113
3.037173
2.613875
-1.196489
0.847841
-0.572816
0.000000
-0.545062
4.589548
2.870334
3.946076
4.715105
2.235953
-2.427544
-8.136228
1.741534
2.140855
-0.424820
-2.216892
0.004282
1.456955
3.008326
2.660241
-1.074704
1.777217
-0.651800
0.000000
-0.564751
4.649375
2.950883
4.081247
4.728825
2.180490
-1.573991
-8.255200
1.710556
2.422479
-0.249166
-2.142244
0.026839
1.411499
2.963416
2.633149
-0.756403
-1.329670
0.114330
0.000000
-0.611980
4.967701
3.356211
4.557988
5.217274
3.061953
-3.446724
-9.342026
1.212705
1.995072
-0.080132
-1.815025
0.208096
1.455790
3.025190
3.049073
-0.615053
-2.082540
-0.981221
0.000000
-0.693026
3.941491
1.965467
2.947978
4.272236
2.802210
-3.451423
-9.888244
1.273784
2.108130
0.064655
-1.868236
0.029875
1.515181
2.967793
3.018727
-0.582188
-2.772296
-1.331695
0.000000
-0.989090
3.729364
1.980949
2.959868
3.884098
1.593890
-1.649890
-9.422950
0.781420
2.136286
-0.039457
-1.840678
0.105758
1.600871
3.148345
3.377306
-0.822048
-2.882090
-1.545673
0.000000
-0.936528
3.534305
1.756105
2.530566
3.547378
1.295060
-1.650229
-9.023898
0.627291
1.767449
-0.290083
-1.924519
0.073576
1.573789
3.029743
3.310990
-0.452374
-1.962522
-1.816803
0.000000
-0.962606
3.948930
1.924523
2.810203
3.965663
2.579113
-1.614557
-9.675188
0.869606
2.223203
-0.135997
-1.800377
-0.016581
1.494500
3.066093
3.334816
-0.364839
-1.809355
-0.983717
0.000000
-1.128650
3.443895
1.636356
2.378861
3.490522
1.778636
-2.139498
-9.131826
0.684556
2.023310
-0.327730
-1.997134
-0.183483
1.533677
3.110840
3.489199
-0.156666
-1.576861
-1.683814
0.000000
-1.272806
3.848295
1.826527
2.427330
3.483530
2.127207
-3.626456
-9.100248
0.756254
1.992967
-0.391955
-2.071138
-0.290688
1.509861
3.057112
3.715562
0.224250
-1.441841
-1.047137
0.000000
-1.393641
4.005095
1.910032
2.529849
3.522813
1.707948
-2.129907
-9.428349
0.725598
2.136721
-0.323889
-1.914366
-0.193629
1.633072
3.347026
3.719295
-0.361160
-1.772173
-1.033702
0.000000
-1.324416
3.391613
1.439483
1.761972
2.727439
0.836976
-1.635864
-8.373411
0.198885
0.979752
-0.682120
-2.263058
-0.397970
1.543641
3.113622
3.921016
0.282897
-1.198627
-1.198031
0.000000
-1.234285
3.699473
1.203979
1.539944
2.790513
1.479980
-1.654426
-8.518196
0.281067
1.841264
-0.532599
-2.051343
-0.217254
1.424055
3.049509
3.949839
0.446658
-1.048317
-1.062015
0.000000
-1.376557
3.383772
1.036147
1.593022
2.669846
1.068338
-2.485502
-8.554308
0.358451
1.028209
-0.665066
-2.309926
-0.511878
1.492290
3.124924
3.884305
0.457198
-0.933385
-0.931926
0.000000
-1.409641
3.693379
1.023404
1.211134
2.250655
0.895106
-3.748877
-8.016171
0.148562
1.444448
-0.814610
-2.329886
-0.346467
1.345687
2.865445
3.878743
1.017043
-0.537282
-1.600604
0.000000
-1.537691
4.017238
1.307952
1.895028
3.033147
1.458027
-3.295089
-9.197149
0.435676
2.115952
-0.327035
-1.952740
-0.269297
1.564647
3.303977
4.206053
0.219153
-1.360471
-0.775282
0.000000
-1.634095
3.626631
1.549966
1.682192
2.419572
0.447968
-1.816139
-8.064508
-0.132863
1.391907
-0.887764
-2.303056
-0.397258
1.514927
3.108698
4.059358
0.676853
-0.666679
-1.989374
0.000000
-1.540547
3.641200
0.919202
1.176467
1.930304
0.952605
-1.778285
-8.457066
-0.028163
1.612379
-0.793760
-2.163810
-0.551003
1.377679
3.061405
4.136898
1.106640
-0.364927
-1.577850
0.000000
-1.634926
3.172523
0.639021
0.942168
1.849527
0.209197
-1.794294
-8.416370
0.000867
0.994071
-0.722092
-2.426002
-0.659168
1.473827
3.179401
3.951777
0.707052
-0.597972
-1.111270
0.000000
-1.615195
3.549868
0.583709
0.613092
1.351693
-0.118853
-2.803260
-7.449233
-0.350058
0.543170
-1.071690
-2.551847
-0.603993
1.310268
2.756649
3.755307
1.595294
-0.013778
-1.256680
0.000000
-1.564652
4.128907
1.067886
1.364193
2.314136
0.534242
-1.751016
-9.070789
0.100854
1.956215
-0.363059
-1.940235
-0.183072
1.552167
3.181658
4.341340
0.360517
-1.090513
-1.531982
0.000000
-1.725517
3.812326
1.190837
1.219740
1.718933
-0.105411
-1.760839
-7.642782
-0.615624
1.061394
-1.141706
-2.419769
-0.450831
1.427736
2.903205
4.031629
1.422071
-0.061500
-3.300553
0.000000
-1.631187
3.887871
0.883522
0.901770
1.681070
0.165306
-1.637682
-8.550902
-0.312213
1.785205
-0.586960
-2.124093
-0.366883
1.377193
2.955816
4.302677
1.184230
-0.390130
-1.771109
0.000000
-1.753957
3.819864
1.213696
1.418695
1.856602
-0.360414
-1.776673
-7.990423
-0.539558
1.558149
-0.641224
-2.207929
-0.289656
1.458818
2.891359
4.391331
1.195322
-0.409249
-4.354950
0.000000
-1.715138
3.833958
0.755723
0.827030
1.441244
-0.630741
-1.632026
-7.796590
-0.696381
1.270078
-0.761599
-2.209874
-0.183890
1.483156
2.686462
4.192512
1.409649
-0.411001
-3.936022
0.000000
-1.719614
4.079040
1.332253
1.726830
2.246156
-0.586876
-1.524066
-8.293872
-0.633271
1.482748
-0.385966
-1.836529
0.090646
1.640748
2.872716
4.299546
0.732600
-1.059970
-3.675582
0.000000
-1.687388
3.718374
1.185731
1.578633
1.801608
-0.951775
-0.950575
-7.702975
-1.308115
1.871393
-0.498093
-2.219135
0.149964
1.928992
2.924506
4.739702
2.007502
-1.912873
-7.185108
0.000000
-1.609118
3.392995
1.084423
1.383518
1.602110
0.684434
-0.320996
-8.008698
-4.218301
0.152544
-0.820177
-2.359230
-0.737167
1.654662
2.588249
3.475800
2.742219
0.519233
-7.165436
0.000000
-1.752404
3.771009
0.730559
0.705354
1.145793
0.420355
-3.571571
-8.712549
-3.253193
1.416546
-0.050877
-2.278099
-0.587575
1.675668
2.700970
3.789955
2.724392
0.108276
-8.159209
0.000000
-1.769136
3.811879
1.025996
1.068985
1.267350
0.573058
-3.267547
-8.453820
-3.895726
0.493492
-0.171322
-2.550553
-0.844627
1.687564
2.633305
3.636189
2.964605
0.322291
-7.229061
0.000000
-1.796054
3.950255
1.085220
1.221161
1.362850
-0.047239
-1.615023
-8.771628
-3.684621
1.435237
0.103817
-2.319594
-0.543669
1.869795
2.810084
4.013326
2.603250
-0.587436
-7.348107
0.000000
-1.794760
3.570006
1.053908
1.212763
1.248394
-0.382488
-1.109353
-7.976841
-4.568647
0.235689
-0.356039
-2.683685
-0.765704
1.753972
2.656791
3.628875
2.896825
0.416917
-7.940093
0.000000
-1.778096
3.896497
1.184333
0.878558
0.853722
0.024096
-2.277966
-8.588045
-4.552261
0.886145
-0.273236
-2.324989
-0.781190
1.744416
2.643617
3.714447
3.273436
0.534180
-7.627166
0.000000
-1.807146
3.882549
1.101525
1.353327
1.464456
-0.494305
-1.370669
-9.073614
-3.879137
1.617269
0.199855
-2.268706
-0.474684
1.890925
2.809719
4.064172
2.485480
-0.580813
-7.462185
0.000000
-1.810790
3.534379
1.136583
0.922393
0.842743
-0.840439
-0.816111
-7.772632
-5.138515
-0.017739
-0.523774
-2.673752
-0.903533
1.680971
2.483724
3.492232
3.589988
0.773425
-7.032167
0.000000
-1.782336
4.087546
1.694282
1.812233
1.811435
-0.768297
-1.227646
-10.026159
-4.139687
1.614113
0.535204
-1.998656
-0.207275
2.045023
2.923097
4.410586
2.256771
-1.631828
-6.413743
0.000000
-1.812472
3.169322
1.204574
1.475469
1.196346
-1.732903
1.890016
-7.854252
-5.554615
0.075692
-0.365365
-2.527659
-0.623004
1.864165
2.518282
3.631966
2.923072
0.158060
-7.170260
0.000000
-1.746606
3.867650
1.356935
1.081461
1.015268
-0.657403
-0.678228
-9.066685
-5.139769
0.986114
-0.097528
-2.155175
-0.532372
1.876228
2.655927
3.907589
3.085846
-0.188910
-6.130118
0.000000
-1.807971
3.176537
1.095580
1.350581
1.154074
-1.751064
0.344479
-8.951835
-5.032694
0.573523
0.245932
-2.245790
-0.544283
1.882257
2.652326
3.951370
2.610401
-0.593707
-5.894329
0.000000
-1.796895
3.451932
1.301008
1.220578
0.861975
-1.653310
0.465971
-8.543337
-5.523085
-0.030904
-0.083505
-2.297452
-0.574515
1.775944
2.400909
3.664376
3.127505
-0.005571
-5.237817
0.000000
-1.780451
3.806351
1.623291
1.792079
1.750665
-1.452606
-0.406313
-10.055801
-4.893899
1.642199
0.558318
-1.707929
-0.047075
2.096807
2.831117
4.396053
2.398408
-1.797522
-5.498120
0.000000
-1.795645
3.013905
1.746551
2.195970
1.471326
-2.394190
2.000907
-8.774525
-5.859352
0.235850
0.150996
-2.093399
-0.244649
2.005913
2.561257
3.806191
2.707776
-0.759615
-5.970239
0.000000
-1.742405
3.512488
1.657584
1.951614
1.491357
-1.479062
0.580239
-9.633974
-5.296867
1.191440
0.162085
-1.745117
-0.137673
2.026117
2.715017
4.118715
2.552671
-1.060218
-4.942935
0.000000
-1.815620
3.016617
1.407450
1.723687
1.361903
-2.297328
1.411444
-8.764548
-5.464795
-0.008820
0.087359
-2.116850
-0.312017
1.959162
2.609854
3.776151
2.766053
-0.390133
-6.276444
0.000000
-1.774063
3.271704
1.321419
1.492666
1.117502
-2.213220
0.438195
-9.283458
-5.063195
0.208501
0.194205
-2.065307
-0.348577
1.911839
2.626592
3.925982
2.795785
-0.679258
-4.901796
0.000000
-1.779191
3.038248
1.356370
1.777935
1.338006
-2.966722
1.254563
-9.624948
-5.068941
1.098842
0.378986
-1.548184
0.179592
2.113687
2.776286
4.144464
2.524467
-1.572643
-5.906205
0.000000
-1.785667
2.751029
1.736199
2.054325
1.220368
-3.388383
2.032282
-9.338648
-5.306304
0.223207
0.347255
-1.815120
0.029378
2.142820
2.755961
3.943276
2.571382
-1.297380
-5.998034
0.000000
-1.775113
2.941367
1.628532
1.973678
1.248105
-3.000701
1.814203
-9.491184
-5.117642
-0.027892
0.251416
-1.897833
-0.140471
2.079744
2.816183
4.047617
2.559590
-1.066293
-5.283327
0.000000
-1.813870
2.332591
0.964627
1.417534
0.767292
-4.141093
2.391443
-9.123193
-5.103716
-0.083592
0.335583
-1.803317
0.033801
2.109134
2.764945
3.865868
2.698680
-1.054916
-6.299358
0.000000
-1.743320
3.071935
1.982647
2.156691
1.492815
-3.480455
1.651784
-9.937735
-4.967667
0.230258
0.424958
-1.779912
0.068381
2.157142
2.817760
4.054619
2.585809
-1.435976
-5.133652
0.000000
-1.718176
2.637671
1.752023
2.305324
1.315308
-4.568139
2.215081
-9.961943
-5.242606
1.209731
0.457108
-1.349950
0.471825
2.451787
3.003730
4.625505
1.977775
-2.275913
-6.295990
0.000000
-1.742364
2.410672
1.949418
2.320707
1.155925
-4.158424
2.385705
-9.298882
-5.034416
-0.208636
0.037910
-1.699410
-0.300734
1.806134
2.556784
3.616508
2.013818
-0.164806
-2.899387
0.000000
-1.685539
3.768402
2.041700
2.264793
1.391642
-5.160824
0.699256
-9.573665
-2.091217
1.453655
-0.317533
-0.907021
1.030408
2.116301
3.038462
5.012052
0.957212
-1.893531
-3.401894
0.000000
-1.775303
2.526585
2.853284
3.528403
1.849272
-4.556346
2.455025
-8.903105
-3.459187
1.444633
0.340967
-0.914482
0.894073
2.179540
2.814879
4.430463
0.468775
-2.268975
-4.089787
0.000000
-1.731902
4.228714
4.009913
4.434025
3.005979
-5.076143
2.854701
-9.021530
-2.362701
0.616479
-0.494333
-0.845818
1.123116
2.031921
2.500831
4.458661
1.360746
-1.592298
-2.828389
0.000000
-1.751495
3.754249
4.446874
5.520311
3.568805
-5.083674
3.060619
-8.766670
-2.259309
0.177024
-0.547073
-1.057199
1.059391
1.953002
2.424967
4.351123
0.982113
-1.220577
-3.201813
0.000000
-1.736458
3.959173
4.404176
5.234678
3.138776
-5.046180
3.080859
-9.191139
-2.426621
0.663646
0.081692
-0.875353
1.062225
1.819172
2.302509
4.118154
1.186033
-1.312101
-3.969193
0.000000
-2.622796
4.106978
4.826408
5.867883
3.407165
-4.743811
3.173948
-9.139375
-2.362291
0.309186
-0.053054
-0.965805
0.980266
1.751210
2.272997
3.990675
1.538172
-1.040520
-2.708548
0.000000
-2.380785
3.610550
6.124599
7.488548
3.064706
-1.849850
3.237805
-9.101357
-2.827641
0.670212
-0.026616
-1.384480
1.203484
1.560489
2.255527
3.920040
1.030133
-1.020339
-1.977611
0.000000
-3.094644
3.582977
4.765148
5.012581
1.876493
-2.149459
3.257528
-9.376396
-2.277931
0.832473
0.348759
-1.525161
0.986805
1.658223
0.000000
0.652167
0.939309
0.945909
0.950672
0.918308
0.927457
0.903133
0.861111
0.872674
0.878337
0.823629
0.753018
0.710661
0.744771
1.385702
-2.124425
3.101379
2.202952
1.182869
0.078826
-0.713798
-0.567941
-0.522303
-0.556493
-0.529342
-0.075801
-2.776355
0.000000
0.848178
0.996281
1.095249
5.059344
6.605855
2.292558
1.735342
-7.714972
0.805179
2.244023
2.393861
-2.112603
0.690843
1.214352
1.939740
2.225441
-0.580262
-2.116988
-2.524626
0.000000
-2.465244
4.797904
10.934112
9.359954
3.570745
-1.435364
3.455833
-8.355975
-0.497866
0.995841
0.535639
-1.415015
1.126134
1.409943
1.516660
2.094508
0.238587
-0.785643
-4.251483
0.000000
-2.160222
5.062835
10.266641
9.628870
3.576048
-1.416114
3.483819
-8.590561
-0.195125
0.862559
0.251241
-1.902418
1.045317
1.630721
1.781133
2.055318
0.490929
-0.721647
-3.435448
0.000000
-2.293471
5.582354
9.576710
9.157805
3.117421
-1.673688
3.481646
-8.738729
-0.292501
0.878296
0.270235
-1.734166
1.039934
1.651698
1.863405
2.361454
0.568375
-0.553732
-2.226930
0.000000
-2.547260
5.725887
10.122145
9.665730
3.007159
-1.538479
3.390573
-8.807858
-0.644064
0.895269
0.272440
-1.696281
1.120659
1.540849
1.934569
2.762248
0.355771
-0.508689
-1.858104
0.000000
-2.951619
4.979303
9.061152
8.563411
1.983344
-1.624608
3.391129
-8.739616
-0.929065
0.909804
-0.110176
-1.779703
1.019338
1.514855
1.972586
2.756219
0.536465
-0.267627
-1.682874
0.000000
-2.803214
5.368165
8.261683
7.520882
2.183106
-1.659906
3.350568
-8.953518
-1.231204
0.945255
0.081522
-1.430818
1.487078
1.565553
1.988028
3.121992
0.713087
0.031597
-3.377413
0.000000
-3.589642
4.097719
7.323088
7.132964
1.282198
-1.770276
3.284821
-8.803011
-1.439939
0.895019
-0.403821
-1.946289
1.063349
1.536747
2.230158
3.408474
0.755423
-0.065815
0.336030
0.000000
-3.639810
4.775764
6.736860
6.701536
1.881392
-1.796524
3.283420
-8.961433
-1.451992
0.519153
-0.534060
-1.864397
1.125182
1.679408
2.365801
3.625762
0.698668
-0.012427
2.054559
0.000000
-3.989877
4.338505
6.982412
6.744463
1.172088
-1.862541
3.215182
-8.892220
-1.721430
0.713915
-0.765150
-1.634787
1.505129
1.669716
2.390846
3.617275
0.615252
0.001866
-0.377461
0.000000
-4.282648
3.601255
5.852439
5.353583
0.324149
-1.934350
3.194767
-9.537128
-1.902308
-0.474284
-1.123065
-1.067077
1.667115
1.902770
2.703910
4.232151
1.152437
-1.051338
-1.150536
0.000000
-5.523454
2.490739
3.722870
2.273293
-1.837779
-1.965620
3.119390
-9.907096
-2.187026
-0.937103
-0.254148
-0.892684
1.648516
2.347834
2.944761
3.954105
0.568781
-1.678182
-1.586057
0.000000
-6.237144
1.168235
2.086074
0.974306
-3.382712
-1.994853
3.120803
-8.768807
-2.933818
-1.348117
-1.530726
-0.974859
1.233328
2.286458
2.979831
3.917564
1.375302
-0.668485
-1.705851
0.000000
-7.457075
0.544373
0.358856
-0.444762
-3.953632
-2.087690
3.081259
-8.413425
-2.974032
-1.589059
-1.871408
-0.777912
1.116482
2.339487
3.179638
4.154905
1.628510
-0.472093
-0.803640
0.000000
-7.416409
-0.595216
-0.873878
-1.666457
-5.354990
-2.181638
3.028188
-8.125809
-2.849347
-2.681036
-2.039913
-0.645366
1.365493
2.345174
3.115644
3.987731
1.850730
-0.194386
-1.296203
0.000000
-7.798570
-1.109869
-1.912884
-3.334211
-6.340076
-2.243765
3.009670
-7.798417
-3.106236
-3.664009
-2.384236
-0.949477
0.553668
2.097449
3.061874
3.805686
2.611946
0.336865
1.977006
0.000000
-7.081652
-1.112306
-2.468679
-4.104268
-6.488464
-2.250212
3.025678
-8.254334
-2.222006
-3.343270
-2.327071
-0.754108
1.472896
2.370910
3.161622
3.945185
2.293363
0.321264
-1.483435
0.000000
-6.930351
-2.234605
-2.650600
-4.271186
-7.885546
-2.325280
3.036552
-8.370166
-2.994329
-2.396890
-1.990396
-0.615602
1.980920
2.412995
3.373213
4.025009
1.783718
-0.116872
-2.755497
0.000000
-7.434460
-2.375718
-3.308280
-4.981696
-7.864629
-2.359928
2.982464
-7.978332
-3.437090
-3.948591
-2.687907
-0.949247
0.812451
2.102041
2.896033
3.553019
3.133626
0.946515
1.820859
0.000000
-6.564008
-0.848148
-1.381253
-2.552746
-6.174681
-2.258917
1.635128
-10.978953
-1.423766
-0.602898
-1.192070
0.007307
3.182943
4.093748
4.964992
6.970471
-0.122766
-7.184074
-1.891881
0.000000
-6.145911
-0.931951
-0.298864
-3.245918
-7.298683
-2.261781
2.984884
-7.372566
-4.937733
-3.059409
-2.299254
-2.123417
0.603422
2.341676
2.638482
2.153519
2.472218
1.804057
-1.392715
0.000000
-5.209838
2.384090
1.857681
0.363203
-2.884780
-2.077744
0.786180
-10.606015
-0.541450
1.358499
-0.230362
-0.078437
3.250133
3.916573
4.862492
6.814532
-0.224088
-7.125506
-0.898685
0.000000
-4.283712
0.782238
2.332849
-0.992813
-6.546226
-2.138875
3.059637
-7.369649
-5.304304
-2.150837
-1.667040
-1.810361
0.917405
2.513004
2.859387
3.248615
1.536208
0.201256
1.324628
0.000000
-6.263649
2.651378
2.531037
0.535540
-3.592654
-2.168299
2.817320
-10.001344
-1.722866
-0.049531
-0.809767
-0.386081
2.314360
2.756636
3.757951
4.593549
1.247873
-2.224260
-2.492498
0.000000
-6.419880
0.745817
2.464669
0.305732
-5.263483
-2.137357
3.086663
-8.997528
-2.849057
-1.536422
-1.272092
-1.137489
1.920789
2.494814
2.951174
3.909030
0.874938
-0.957478
-0.087252
0.000000
-6.342762
1.792046
2.819075
0.750435
-4.399982
-2.124979
3.060104
-9.431446
-2.399689
-1.756902
-0.864301
-0.737663
1.927775
2.401912
3.157728
4.206779
0.982858
-1.165207
-0.532185
0.000000
-7.132398
1.130113
1.989929
-0.103483
-4.621613
-2.113299
3.109445
-8.832025
-2.574295
-1.862068
-1.230833
-1.046293
1.508928
2.433931
3.145199
3.870679
1.393252
-0.575948
0.147664
0.000000
-7.025838
0.291680
1.063049
-0.586818
-5.347505
-2.174099
3.085365
-9.105429
-2.217592
-2.090214
-1.123878
-1.018332
2.111164
2.558218
3.318288
4.126975
0.658337
-1.088645
-1.287200
0.000000
-7.470414
0.537680
1.134978
-1.014188
-5.845334
-2.191005
3.082141
-8.360115
-2.911306
-2.843401
-1.597492
-1.212019
1.037883
2.163305
3.016518
3.917003
1.498632
-0.286470
4.496727
0.000000
-6.925444
1.578666
1.471780
0.141968
-4.088106
-2.156698
3.035161
-9.670280
-1.013269
-2.866680
-0.980997
-1.114058
2.040013
2.599382
3.268113
4.316517
0.422818
-1.274393
0.645220
0.000000
-7.024517
1.174283
2.262479
0.048284
-5.070030
-2.160363
3.094069
-9.088289
-2.324995
-1.482353
-1.036469
-1.202929
1.927742
2.395338
3.118962
3.953340
0.727159
-0.895558
0.992193
0.000000
-6.868665
1.552546
2.105955
0.071960
-4.858921
-2.131767
3.094536
-9.042799
-1.988423
-2.387408
-0.830780
-1.033580
1.756893
2.492713
3.220180
3.958672
1.138319
-0.796143
0.214632
0.000000
-6.953274
0.859748
2.134517
0.328575
-5.102869
-2.159815
3.098932
-9.324548
-1.773459
-1.409496
-0.627078
-1.355965
1.990471
2.696616
3.382887
4.524691
0.393777
-1.468456
-1.415807
0.000000
-6.176377
1.447746
2.772511
0.176199
-5.685521
-2.104530
3.112976
-8.693600
-2.391534
-2.092488
-0.891075
-1.364196
1.550795
2.330328
3.175556
4.024236
0.803936
-1.047463
1.543916
0.000000
-6.341873
2.034063
3.168396
1.151241
-4.163966
-2.094193
3.060173
-9.386307
-0.942467
-1.858767
-0.394505
-1.213215
2.150649
2.605023
3.167747
4.262812
0.219299
-1.595300
-0.723366
0.000000
-5.750808
2.258990
4.341931
2.162933
-4.460901
-2.039309
3.141499
-9.055140
-1.818087
-1.261087
-0.632220
-1.270485
2.172820
2.536063
3.096977
3.968807
0.484512
-1.206356
0.001861
0.000000
-5.625176
2.552980
4.480107
2.286820
-4.594120
-1.977147
3.122304
-8.976735
-1.755488
-1.728292
-0.110690
-1.250257
1.807805
2.437916
3.099050
3.865671
0.472818
-1.181309
-4.313441
0.000000
-6.166400
2.217579
4.055798
1.640418
-4.466274
-2.004658
3.127110
-8.920280
-1.690026
-1.751014
-0.528399
-1.348358
2.047915
2.551104
3.185158
3.885159
0.527104
-1.175696
-2.763105
0.000000
-6.415315
2.078752
4.266327
1.784357
-4.781116
-2.010692
3.125975
-8.983768
-1.822120
-1.538012
-0.430344
-1.346560
2.064866
2.603321
3.383564
3.998520
0.718758
-1.287963
-3.663522
0.000000
-6.333902
1.988392
4.534253
2.466322
-4.574358
-1.990021
3.086329
-8.995835
-1.367536
-1.056397
-0.115118
-1.751450
1.829205
2.627301
3.189745
4.219309
0.173820
-1.524087
-4.380146
0.000000
-5.871041
2.465362
4.364761
1.893808
-4.845101
-1.974416
3.133856
-8.608382
-1.801806
-1.591002
-0.370939
-1.511690
1.745131
2.331675
3.057405
3.828019
0.625194
-1.109678
-3.539688
0.000000
-6.029228
2.883664
4.964942
2.615377
-3.878907
-1.950365
3.130629
-8.661744
-1.374053
-1.866652
-0.015316
-1.259464
1.788974
2.324962
3.074538
3.667040
0.884478
-1.025388
-3.585466
0.000000
-5.794261
2.606285
5.420401
3.734023
-3.498412
-1.996508
3.144903
-8.716497
-1.281024
-0.852807
0.032569
-1.560501
1.709714
2.244380
2.987872
3.859462
0.577551
-1.155016
-4.097931
0.000000
-5.816345
3.231112
5.828080
3.481797
-4.118412
-1.961255
3.145310
-8.625038
-1.834552
-1.733075
0.254712
-1.539322
1.094316
1.932688
3.042055
3.918491
0.815105
-1.216668
-2.936653
0.000000
-5.216019
3.500124
6.294463
3.991970
-3.430080
-1.910462
3.133525
-8.219860
-0.919165
-1.416595
-0.134055
-1.645178
1.597136
1.989407
2.681168
3.235284
1.059389
-0.744148
-4.053142
0.000000
-5.441510
3.750220
7.599942
5.824326
-2.102529
-1.928286
3.160250
-8.524770
-1.546578
-1.450386
0.430221
-1.596177
0.775587
1.524670
2.576392
3.477168
1.115212
-0.830538
-4.218934
0.000000
-5.271354
3.832592
7.509251
4.606871
-3.251131
-1.850988
3.198083
-8.161647
-1.482692
-2.119491
0.599481
-1.358323
0.602430
1.516618
2.572964
3.471774
1.415381
-0.842404
-5.488972
0.000000
-4.296237
3.990512
8.651896
6.805717
-2.255382
-1.829668
3.222235
-8.240614
-1.240537
-1.658626
0.570879
-1.635048
0.760449
1.491268
2.469727
3.272825
0.979289
-0.993392
-3.938623
0.000000
-4.764584
4.670606
9.064539
6.627685
-2.999180
-1.745771
3.273453
-7.012032
-1.662087
-1.485273
0.712606
-1.542332
0.730582
1.356932
2.430435
3.212093
1.563269
-0.941385
-0.680192
0.000000
-3.311771
4.596196
10.340080
8.084579
-2.223675
-1.676589
3.285487
-7.015004
-0.605475
-0.370887
1.487658
-1.849703
1.141942
1.625606
2.524196
2.973050
0.775996
-1.192197
-3.202864
0.000000
-5.104470
5.326109
10.781728
8.005980
-1.789179
-1.671847
3.273811
-7.747857
-1.724388
0.410587
1.596164
-2.144878
0.401610
1.625972
2.813986
3.070313
2.102610
-1.525826
1.504563
0.000000
-4.659580
5.005200
11.312201
9.451922
-3.008417
-1.564053
3.190588
-10.235949
-4.103364
-0.856879
1.881626
-1.486911
-0.368977
1.754613
3.259354
3.083158
2.551644
-0.982623
-3.590355
0.000000
-4.629276
2.488999
7.215159
6.112853
-3.214157
-1.857631
3.135931
-10.229001
-2.395729
-0.563664
1.359641
-1.944933
0.362327
2.176100
3.325496
3.702724
1.727338
-1.656110
-4.625566
0.000000
-5.302954
2.668360
5.764305
3.564205
-5.611098
-1.911697
3.111967
-10.425693
-4.441214
-0.727586
0.906461
-2.261667
0.716972
2.708078
3.926227
3.888180
1.515348
-2.095482
-4.764661
0.000000
-4.537202
3.368163
5.330373
2.971903
-5.340817
-1.878352
3.094371
-9.281467
-1.616639
-1.255875
0.959972
-2.320551
0.691537
2.842897
3.863820
3.887987
1.623343
-2.320982
-5.151578
0.000000
-2.794285
3.627534
6.188486
4.061789
-4.325863
-2.009282
3.194229
-8.940615
-3.352764
-1.164610
0.865999
-1.821991
0.138756
1.968895
3.165389
3.620176
1.771003
-1.859809
-4.471130
0.000000
-2.259374
4.451890
6.875504
4.591197
-2.550973
-1.907310
3.239258
-8.075881
-0.909216
-0.729845
1.620933
-2.137166
0.048268
1.929948
3.030867
3.218097
1.960616
-1.543139
-3.361979
0.000000
-2.343928
4.483112
8.269499
6.214507
-4.094536
-1.859294
3.255414
-8.575293
-3.159598
-0.800288
1.658560
-2.039403
-0.103539
1.877356
3.112937
3.343855
2.214010
-1.488513
-4.254980
0.000000
-2.732244
4.033520
8.128637
6.095854
-4.109954
-1.899650
3.206962
-9.013833
-3.686157
-1.054324
1.432189
-1.558344
-0.603958
1.464299
3.055386
3.678659
2.430550
-1.726061
-7.522289
0.000000
-1.505450
4.288558
7.644896
5.590726
-3.308915
-1.879873
3.225361
-8.071054
-0.132222
-0.665117
1.688977
-1.863607
-0.793713
1.360795
2.763599
3.334640
2.305833
-1.635192
-3.209628
0.000000
-1.680297
4.780227
8.622178
5.788712
-1.911347
-1.887700
3.309715
-8.515841
-2.132166
-0.362870
2.256325
-2.350512
-0.351469
1.757643
3.086849
3.280890
1.908277
-1.906405
-3.227457
0.000000
-1.578364
5.285809
10.813030
8.317915
-1.830985
-1.840613
3.315810
-8.364665
-2.618478
-0.157426
2.547279
-1.285992
-1.436849
0.979202
2.774257
3.208843
2.309161
-1.780746
-7.634481
0.000000
-1.620724
5.209042
10.499720
7.957131
-1.949222
-1.737403
3.311032
-7.845559
-2.079646
-0.386691
2.530746
-1.747121
-1.363786
0.986908
2.706593
3.274275
2.385489
-1.905960
-7.463247
0.000000
-1.776309
5.536304
10.641209
8.084459
-1.839420
-1.761794
3.356736
-8.005536
-1.963002
-0.276035
2.434142
-2.402003
-0.758756
1.470573
3.010273
3.080090
2.339760
-1.786237
-7.244553
0.000000
-1.717133
5.850765
12.655420
10.716021
-1.723306
-1.759571
3.307048
-8.408988
-2.449352
0.222226
3.039800
-1.452178
-2.053134
0.760478
2.790357
3.176598
2.507421
-2.062275
-6.954457
0.000000
-1.816664
5.788127
12.272558
9.217900
-1.688746
-1.716093
3.304170
-8.113417
-1.965548
-0.134088
2.756022
-1.914567
-1.871989
0.843600
2.769006
3.129817
2.315804
-2.074387
-7.064157
0.000000
-1.823410
6.433338
13.260177
9.822799
-1.642254
-1.660672
3.346626
-7.673930
-1.945402
0.119258
2.856830
-1.612216
-2.150613
0.500868
2.664477
3.024109
3.293880
-1.637468
-6.783752
0.000000
-1.856386
6.197978
13.923043
10.918067
-1.694762
-1.698131
3.363786
-7.881850
-1.945092
0.338296
3.184126
-2.054354
-2.312470
0.630098
2.906574
3.219448
2.613714
-2.161949
-6.754678
0.000000
-1.712106
6.834410
14.170436
10.518612
-1.627560
-1.653944
3.345390
-7.817977
-2.307237
0.318487
2.840633
-2.007316
-2.192430
0.629597
2.900213
3.129401
3.080324
-1.777942
-6.090327
0.000000
-1.838193
6.718466
14.687640
11.633535
-1.489982
-1.649370
3.314140
-8.190428
-1.992656
0.623481
3.572596
-1.553801
-2.551692
0.486333
2.925744
3.125224
2.995746
-2.104740
-6.270944
0.000000
-1.930238
6.660064
14.598937
11.217300
-1.351506
-1.749242
3.323161
-7.965545
-2.847278
0.615550
2.976674
-2.140654
-2.537811
0.664934
2.985709
3.159235
3.141886
-1.889038
-6.790971
0.000000
-1.628642
6.531616
14.918238
12.378057
-1.570259
-1.657251
3.286898
-9.374186
-2.106502
1.012248
3.642097
-1.876770
-3.104785
0.382033
3.062191
3.145030
3.294192
-1.851830
-6.958678
0.000000
-1.833750
6.634793
14.362657
10.662584
-1.453932
-1.725660
3.321288
-8.166179
-3.123343
0.687101
3.136537
-2.003771
-2.722834
0.545316
3.042459
3.202619
3.233684
-1.858738
-6.847652
0.000000
-1.728165
6.463176
13.887459
11.524494
-1.730531
-1.706944
3.301677
-7.587543
-2.263371
0.457044
3.391111
-1.919895
-2.657383
0.430894
2.935385
3.177198
3.805485
-1.465387
-6.471253
0.000000
-1.935118
6.724599
13.308016
10.946441
-1.456165
-1.716069
3.277455
-7.250028
-3.226156
0.885042
2.833341
-0.978554
-3.102282
0.472250
2.942031
3.229539
3.495471
-3.387382
-3.321609
0.000000
-1.947505
6.534701
13.683667
10.744390
-1.320553
-1.735313
3.341207
-8.157444
-3.260118
1.075531
2.978052
-0.948706
-3.056419
0.383252
2.980851
3.274404
3.317760
-3.652243
-3.662257
0.000000
-1.960267
6.890931
14.209547
11.036561
-1.296521
-1.731779
3.333843
-7.485873
-3.370423
1.219809
3.065864
-1.029754
-3.750769
0.124132
3.013705
3.315812
3.532938
-3.065328
-3.354597
0.000000
-1.563045
6.536694
13.276243
10.543112
-1.037948
-1.792639
3.341064
-8.475764
-1.565484
1.175080
3.294701
-0.974251
-3.455364
0.144210
3.048167
3.434783
3.330595
-3.585394
-3.596321
0.000000
-1.710924
7.149070
14.915391
12.550816
-1.305743
-1.815919
3.313924
-6.605861
-4.525238
1.194251
2.974192
-1.443526
-3.512859
0.193262
3.069617
3.176832
3.514647
-2.867477
-3.048564
0.000000
-1.886590
7.133890
14.413785
11.392475
-1.093418
-1.691783
3.304579
-8.814752
-2.117544
1.639126
3.726768
-1.004141
-3.870141
-0.227019
3.301563
3.721452
3.477813
-3.600069
-3.569221
0.000000
-1.357618
7.088151
14.855729
11.981601
-0.966366
-1.859988
3.296513
-7.154042
-4.412375
1.350102
3.095713
-1.457262
-3.792231
-0.007163
3.264700
3.293648
3.411145
-3.160690
-3.362988
0.000000
-1.855894
7.195418
15.131996
12.134487
-0.920863
-1.755655
3.286859
-8.607123
-2.099352
1.847739
3.547463
-1.281975
-4.268327
-0.327297
3.442734
3.646798
3.437022
-3.443915
-3.382610
0.000000
-1.038890
7.950697
15.355794
11.550284
-0.644911
-1.812089
3.305564
-8.290192
-1.959495
1.496265
3.172040
-1.214601
-3.957227
-0.139367
3.364045
3.513011
3.154500
-3.619167
-3.543708
0.000000
-0.765360
7.533010
15.373801
10.722569
-0.444176
-1.776383
3.338342
-9.203368
-0.743843
1.465655
3.845674
-1.930837
-3.646437
-0.118703
3.363300
3.219136
2.573421
-1.995048
-3.893503
0.000000
-0.244049
8.828685
16.845362
12.420393
-0.633641
-1.807215
3.307127
-7.365337
-1.458982
1.291953
3.652968
-2.696010
-3.897698
0.134254
3.773823
3.583697
2.673245
-2.116156
-5.740264
0.000000
-1.073345
9.206460
16.554363
11.495401
-0.723765
-1.799457
3.342909
-7.846173
-2.510185
1.460556
3.142150
-3.039475
-3.674588
0.157794
3.703006
3.420093
2.874259
-1.953042
-5.772451
0.000000
-1.817707
9.039278
17.261318
13.550253
-1.400239
-1.678407
3.290411
-8.748205
-1.215549
1.770133
3.494758
-2.888210
-4.181481
0.227408
3.952059
3.137582
2.957170
-0.986632
-4.871138
0.000000
-0.193541
7.963044
16.481741
11.839164
-0.641854
-1.805822
3.314168
-9.223477
-0.926278
1.741755
3.879742
-2.496806
-3.405640
0.229105
4.002822
4.284133
2.568788
-2.919806
-4.450526
0.000000
-1.242980
8.383835
16.237738
11.584834
-0.944300
-1.837045
3.289685
-8.521317
0.158908
1.343717
3.358700
-2.980464
-3.925627
0.155214
3.833639
3.075545
2.842222
-1.715259
-4.384494
0.000000
-0.194706
9.445794
16.786667
10.052132
-0.382747
-1.786625
3.331000
-8.823967
-0.281306
1.726500
3.805327
-2.595869
-3.792684
0.161450
4.127941
4.032832
2.785014
-2.559668
-3.476713
0.000000
-0.082635
7.567071
13.924279
10.560290
-1.054246
-1.907386
3.288249
-8.309179
2.276178
1.938298
3.358880
-2.967337
-4.167365
0.089807
3.941998
3.435963
2.484643
-2.366156
-4.465199
0.000000
-0.536916
10.327349
17.687008
10.611777
-0.272365
-1.765682
3.299660
-8.283259
-1.196124
2.341148
3.331399
-3.104189
-4.107617
0.124762
4.349009
3.495309
2.803418
-2.099114
-3.068969
0.000000
-0.012120
9.237288
17.043018
10.715438
-0.728359
-1.836937
3.296210
-7.530473
1.822381
1.760900
3.469474
-3.023009
-3.867263
0.277742
4.166957
3.670125
2.753245
-2.592304
-3.169809
0.000000
-0.091205
9.590100
17.348244
10.113714
-0.701950
-1.869717
3.314926
-7.734666
0.878495
1.867864
3.488326
-3.130287
-3.610418
0.213697
4.243949
3.486809
2.757277
-2.505477
-3.626354
0.000000
-0.279801
10.438725
18.406462
10.934028
-0.719222
-1.833386
3.265918
-7.648851
3.008328
1.814224
3.221023
-3.228738
-4.022632
0.352457
4.367473
3.424511
2.833256
-2.602470
-3.434309
0.000000
0.177971
9.577114
17.088470
8.793722
-0.558205
-1.882104
3.318455
-8.097109
2.121686
1.722244
3.306697
-2.979003
-3.789065
0.364542
4.346473
3.732264
2.779157
-2.894582
-3.512998
0.000000
0.058448
10.060767
17.207653
10.294085
-0.491257
-1.884694
3.301996
-7.515265
3.487714
1.941335
2.984046
-3.452494
-4.139059
0.420552
4.492683
3.258406
2.815955
-2.741682
-3.919273
0.000000
0.305234
10.312263
17.162933
5.274580
-0.997957
-1.817658
3.304286
-7.639164
2.314930
2.048968
3.211124
-3.806015
-2.926584
1.938654
4.656216
3.631303
2.242763
-3.964664
-5.294788
0.000000
-1.830998
7.104661
12.068000
6.496211
-1.700539
-1.801998
3.344596
-7.081058
4.468414
2.125443
2.663131
0.000000
0.975690
0.994718
0.973047
0.985986
0.978488
0.971369
0.992780
0.950902
1.021411
0.975617
0.940269
0.940049
0.903000
0.918329
0.910247
0.854650
0.835131
0.779896
0.883254
0.726373
0.855919
0.820134
0.796780
0.705589
0.750207
0.772022
0.714735
0.664812
0.620018
0.573458
0.523186
0.448600
0.398283
0.323474
0.215566
0.066746
-0.133531
-0.359902
-0.515433
-0.631601
-0.890425
-1.455386
-1.609876
-1.601933
-2.323072
1.011000
1.069445
1.066748
1.087406
1.084656
1.097665
1.122778
1.119058
1.138100
1.120124
1.127431
1.095441
1.058849
1.035388
0.972357
0.994104
0.991821
0.865068
0.909584
0.845112
0.742140
0.701267
0.723330
0.714199
0.681907
0.538441
0.493887
0.414643
0.364177
0.349060
0.312428
0.219102
0.159823
0.143597
0.117198
0.146499
0.197333
0.320318
0.392332
0.453222
0.783975
0.895745
0.898611
0.762886
2.435476
0.915452
0.931465
0.936050
0.934762
0.915519
0.883078
0.879312
0.875794
0.867601
0.840532
0.797601
0.812498
0.731241
0.692919
0.667407
0.611797
0.578502
0.621676
0.580172
0.588625
0.556629
0.615982
0.474949
0.616420
0.606721
0.585927
0.656106
0.767021
0.691817
0.772370
0.742007
0.634403
0.682571
0.606999
0.567093
0.383911
0.359693
0.224579
0.221495
0.137900
0.069923
0.030537
-0.060613
-0.132615
0.961057
0.964710
0.966559
0.948603
0.936115
0.936537
0.929608
0.850986
0.886797
0.832481
0.851765
0.782977
0.808844
0.688112
4.331096
-1.612986
2.822524
1.361055
-0.099925
-0.122803
0.167994
0.208231
-0.119819
0.276544
0.897588
1.398196
0.753899
1.350536
1.070009
6.220001
2.658038
60.000000
9.111763
19.686092
5.164245
0.000000
-0.223246
0.842062
-0.571779
-0.279530
-0.329701
-0.421881
-1.385326
-2.475173
-2.564793
-2.416211
-2.227303
-2.067847
-1.874686
-1.464748
-0.492346
2.893367
7.190752
12.830075
15.007827
12.814487
8.582189
3.916239
1.869557
2.080998
1.941605
1.986493
25.235964
0.901847
0.844404
0.810623
0.808200
0.762707
0.739173
0.660353
0.644053
0.643064
0.585252
0.533854
0.501360
0.526275
0.485453
0.449229
0.398819
0.369622
0.461180
0.376008
0.429127
0.455836
0.455729
0.551879
0.548700
0.711714
0.792504
1.026115
0.964072
0.993199
0.957263
0.828223
0.768552
0.418513
0.127048
0.053198
0.070688
0.159199
0.019045
-0.181861
-0.320476
-0.417525
-0.488385
-0.504198
-0.533727
-0.883680
0.980886
1.015605
1.044457
1.043806
1.066347
1.049256
1.046890
1.053290
1.038592
1.073061
1.051726
0.981408
1.003126
0.992766
0.902621
0.963815
0.889151
0.901231
0.888469
0.801998
0.780900
0.772772
0.720930
0.696272
0.674732
0.676111
0.632979
0.662040
0.557603
0.477107
0.515243
0.497926
0.496321
0.391844
0.447493
0.513429
0.581828
0.707480
0.821908
0.929342
0.980681
1.021389
1.026399
1.019009
1.925108
0.941354
0.952787
0.920164
0.909078
0.936970
0.897146
0.866920
0.845366
0.858750
0.811675
0.764885
0.775871
0.724490
0.750016
0.717978
0.674287
0.636299
0.600978
0.680799
0.647520
0.640884
0.700047
0.712423
0.766293
0.755560
0.806640
0.747230
0.731852
0.643640
0.589804
0.505554
0.387599
0.277188
0.181936
0.014823
-0.139762
-0.324492
-0.513554
-0.767391
-1.307972
-1.582703
-1.743853
-1.331697
-0.963117
-0.896214
1.033163
1.106199
1.167801
1.204183
1.249803
1.270106
1.316754
1.361306
1.352517
1.382267
1.386531
1.411962
1.384119
1.990022
-9.180290
-0.163365
1.888971
2.258766
5.439387
-1.883295
-3.442588
-2.335999
0.511181
4.029605
11.609530
13.078211
46.630245
33.768028
19.417515
-6.889199
26.987728
0.000000
-12.842709
-13.114995
-11.931791
-14.856834
-19.440928
-18.943979
-17.851768
-7.685863
-1.600298
-1.919712
-1.045656
-0.113812
-0.188848
-1.079175
-1.153193
-1.173588
2.385742
0.932546
0.918407
0.930996
0.924812
0.899382
0.897273
0.873820
0.825878
0.816412
0.755762
0.758023
0.755407
0.710091
0.692947
0.643748
0.581735
2.647144
-0.797623
2.019267
1.039444
-0.407228
-0.705256
-0.010566
-0.006037
0.040835
0.033472
2.866069
-1.348710
10.868915
12.431697
60.000000
37.342148
12.743426
0.000000
-5.356160
1.701321
2.334406
1.183397
0.543340
0.396234
-0.590956
-1.907821
-2.281866
-2.229239
-2.124880
-2.017465
-1.900090
-0.833646
1.409277
3.684352
4.613658
5.322599
6.000126
7.041950
7.862223
7.740505
4.479874
5.285370
5.942832
4.595806
0.731113
1.227084
0.369953
0.916581
0.938322
0.901117
0.901116
0.873082
0.883084
0.854648
0.853433
0.807805
0.791697
0.768623
0.739075
0.736771
0.693627
0.645562
0.589671
0.632359
0.564993
0.623646
0.560330
0.615815
0.536579
0.567914
0.653192
0.614609
0.688083
0.692357
0.643793
0.668837
0.628981
0.586431
0.534352
0.499294
0.414217
0.374148
0.333381
0.324552
0.313437
0.309778
0.306423
0.255190
0.112042
0.089665
0.045147
-1.510903
0.967251
0.961416
0.974124
0.950393
0.946050
0.956030
0.959555
0.953469
0.930975
0.896863
0.857087
0.894583
0.840010
0.837777
0.743712
0.732240
0.703246
0.705703
0.626078
0.641193
0.556728
0.557650
0.636035
0.535195
0.631747
0.616943
0.608288
0.650373
0.569959
0.636146
0.636554
0.609597
0.607238
0.553602
0.501563
0.514424
0.493561
0.516773
0.497157
0.551839
0.619778
0.681776
0.724131
0.733302
0.749673
0.959871
0.948041
0.957861
0.930307
0.909378
0.905531
0.896797
0.849321
0.862209
0.874511
0.742650
0.734229
0.706697
0.735412
3.118849
-2.961614
2.850095
1.460464
-0.232222
-0.460175
-0.076959
0.188052
-0.351664
0.163639
0.806926
1.226399
1.194026
0.868627
-0.090593
1.645466
10.914074
5.253022
18.356167
18.350517
12.104508
10.395006
60.000000
39.129589
22.942545
60.000000
27.561993
31.500200
27.213751
27.747541
0.000000
0.000092
0.978809
0.977858
0.993198
0.984591
0.963814
0.950050
0.920250
0.959744
0.934088
0.884271
0.901671
0.845425
0.814259
0.832502
0.756253
1.358600
-3.391282
3.014290
2.454996
1.407228
-0.131986
0.150737
0.447164
-0.439494
1.282045
-1.133733
8.406148
55.056290
9.882698
28.049973
2.757496
0.000000
-36.087872
-14.872910
1.376954
2.285716
3.125697
3.114326
2.996040
2.690776
1.276761
1.123782
0.767543
0.517745
0.195492
0.229683
0.157528
-0.018587
-0.047581
-0.163006
-0.661919
-1.766296
-1.921794
-1.849304
-0.782196
0.256786
1.868069
3.401722
-0.072662
0.898131
0.891247
0.902940
0.861489
0.880816
0.836782
0.823584
0.800433
0.784536
0.755955
0.748163
0.734826
0.674058
0.679500
0.676292
0.700595
0.682844
0.699601
0.683911
0.660549
0.749769
0.793199
0.744366
0.848666
0.865293
1.026561
1.187322
1.874013
2.427753
1.667598
1.435279
1.326715
1.279376
1.383856
2.452428
2.621910
2.713692
2.846001
3.040775
3.232998
1.663783
1.038320
1.083414
1.082829
1.102025
1.093178
1.146278
1.160988
1.151893
1.122003
1.122668
1.173609
1.131040
1.142169
1.106537
1.032674
1.019345
0.903525
0.944436
0.876092
0.807150
0.722469
0.724451
0.614666
0.589248
0.646126
0.552550
0.461778
0.385814
0.346444
0.338808
0.312977
0.343602
0.477581
0.526164
0.321678
-0.091891
0.241599
2.286520
2.611340
2.791208
2.740489
2.294948
1.266850
0.428613
0.263738
3.129612
0.988275
0.912416
0.906218
0.901363
0.905514
0.855256
0.830115
0.828800
0.778362
0.814018
0.809227
0.794365
0.715237
0.710063
7.760834
-3.188984
2.271326
2.434850
1.465904
0.334666
0.257437
-0.609664
-1.387217
17.585567
59.929489
28.195250
-1.912308
-8.413554
-4.354897
60.000000
-0.187504
-0.334105
-1.574474
0.597012
1.227985
0.925858
0.233011
0.000000
-0.783472
-0.487319
-0.039500
0.360957
0.638571
-0.892585
-15.283825
-12.740894
-3.479748
-2.289046
-5.568628
-5.616898
-4.015243
-0.328898
1.097803
4.660361
8.705336
11.365325
11.669229
10.214742
10.196778
12.706768
15.055846
13.438020
0.926552
0.902299
0.901724
0.946413
1.025562
1.149399
1.285197
1.482817
1.551500
1.664193
-18.507563
-0.681998
0.679077
3.041847
4.246943
0.841432
-1.101558
-1.522427
-0.443362
0.444401
1.147707
1.237910
2.524305
2.988528
3.562687
13.505658
-7.828503
-5.522950
-2.306226
5.518188
5.237155
0.329828
-6.670401
-1.260804
0.000000
1.072368
1.133744
1.161994
1.145759
1.166822
1.167667
1.196748
1.185530
1.256891
1.215874
1.282298
1.239539
1.287506
1.184686
1.322436
1.245928
2.114778
-3.987100
2.712290
3.158753
2.216919
0.508457
-0.884650
-1.015763
-1.611266
-1.296061
25.608772
-3.759735
-10.212204
-0.289562
3.206305
-0.982732
34.681633
-48.925930
36.129166
60.000000
60.000000
40.109730
1.532335
0.000000
-2.307300
-2.464371
-2.946025
-1.673345
-1.478937
-1.210039
-0.940901
1.003829
0.981240
0.988291
0.935168
0.971086
0.968587
0.945239
0.906953
0.950981
1.504591
-5.952848
3.386898
2.915233
1.207213
1.136831
1.773485
1.278393
1.459330
2.779093
-1.156738
-1.174387
-0.882031
0.000000
1.133828
1.089543
1.129565
1.117655
1.211243
1.279979
0.005650
-5.060420
-3.067362
-2.204421
-7.999600
-1.361895
7.716262
3.751116
0.265764
0.382044
1.575003
0.470264
-0.029121
-0.005867
-0.287848
0.533760
0.519575
-4.751989
-0.872044
2.414773
-2.325899
1.504302
-2.089012
0.420017
-2.311342
0.668534
-0.543362
-2.323249
-2.029006
-1.431995
-1.299202
-1.469491
1.691968
3.141805
14.169966
5.881889
2.738709
-4.959196
-2.704665
-0.544577
2.828703
2.502816
15.348272
4.833158
2.455756
1.764138
-2.740636
-1.952573
-0.545551
-4.705503
-6.388610
-3.656444
-1.799584
0.903320
1.392517
-1.945825
3.191010
5.500295
2.135305
-0.464127
0.151857
-1.746012
-2.669886
-2.391924
-1.102188
-1.351384
1.873059
-2.429038
-1.210455
0.000000
1.175603
1.193480
1.175565
1.184813
1.206995
1.220227
1.192589
1.221571
1.351975
2.017068
-6.020190
3.348572
2.105102
0.991758
1.027639
1.679432
1.403933
1.238348
3.867069
0.139834
0.729935
-1.846177
0.000000
2.472728
1.829632
2.729040
3.281537
2.744642
2.593962
1.434428
-7.100731
3.193141
4.684778
1.130236
0.213746
1.704720
1.602300
1.594274
-0.723446
-4.746861
-7.656388
-2.778491
0.000000
3.312656
2.412027
2.901414
2.083784
3.013918
1.637100
2.575965
-6.523628
2.816887
1.767027
-1.272686
-1.969491
1.560689
1.842265
1.714676
2.091264
-1.743838
-7.369344
-4.252978
0.000000
3.055283
1.169886
3.172398
3.722465
2.694006
2.308489
-1.215687
-6.150880
3.006228
1.900062
-1.001699
-1.659378
0.947072
1.797930
1.900454
2.816122
-1.546050
-5.334590
-4.177530
0.000000
3.605378
2.169295
3.520980
3.798517
2.709613
2.434784
-0.623879
-6.663840
3.726409
3.003582
-0.445909
-1.325685
0.679138
1.780347
1.976900
2.073814
-2.357688
-5.242521
-3.461378
0.000000
3.757921
3.036392
3.756997
3.503544
2.528573
2.336333
1.116928
-6.597242
3.568468
3.156153
-0.373561
-1.417552
0.889185
1.750952
1.978877
1.619178
-2.678921
-5.759322
-3.577660
0.000000
3.626758
3.155545
3.717235
3.710921
2.821950
2.736265
2.123824
-6.747434
3.780623
3.453793
-0.183731
-1.198748
0.984847
1.666072
1.942861
1.211510
-3.042917
-5.729694
-3.382129
0.000000
3.469882
3.341986
3.716515
3.858300
3.303557
3.349859
2.593715
-6.899435
4.243376
4.057049
0.254440
-0.719822
1.192119
1.499957
1.594595
0.363218
-3.762772
-7.067162
-3.466443
0.000000
3.346514
3.519863
3.808726
3.779335
3.187220
3.336525
2.867443
-6.759450
4.068275
3.666051
0.013446
-1.056586
1.302273
1.427841
1.803501
0.459035
-3.469324
-7.243012
-4.134630
0.000000
3.264853
3.473001
3.575214
3.906893
3.599444
3.661095
2.778879
-6.824066
4.311306
4.008899
0.213174
-0.884292
1.200155
1.417267
1.833282
0.379585
-3.655561
-6.916434
-3.658579
0.000000
3.114030
3.824462
3.479712
3.908588
3.878344
3.971260
2.905890
-7.042374
4.737838
4.479811
0.607657
-0.479640
1.281891
1.193562
1.720273
-0.095487
-4.368505
-7.844788
-3.578639
0.000000
3.041316
3.762250
3.719850
3.959079
3.808003
3.975886
3.061861
-7.021188
4.645188
4.341374
0.533230
-0.582281
1.433916
1.130474
1.671133
-0.323228
-4.477506
-8.542299
-4.015314
0.000000
2.988420
3.762948
3.590412
3.904557
3.943956
3.986399
3.066884
-7.038679
4.891395
4.338005
0.572319
-0.565530
1.312443
1.043289
1.620727
-0.284853
-4.425960
-8.298077
-3.811671
0.000000
2.871626
3.862657
3.485167
3.842418
3.981897
3.967153
3.041950
-7.051569
4.732217
4.599180
0.684544
-0.600474
1.309349
1.011487
1.605796
-0.402474
-4.563602
-8.434933
-3.752814
0.000000
2.767106
3.886941
3.422246
3.769460
3.980088
3.868741
3.070699
-7.202330
5.008524
4.774200
0.944244
-0.262871
1.348351
0.859920
1.539136
-0.669945
-5.011852
-8.717370
-3.332828
0.000000
2.761573
3.906278
3.490707
3.797868
3.983255
3.814769
3.144147
-7.380077
5.015975
4.849497
1.004395
0.047891
1.488673
0.757031
1.430829
-0.867490
-5.473992
-9.469049
-2.972085
0.000000
2.732156
3.918427
3.565852
3.830094
3.990133
3.796560
3.213737
-7.356246
4.931360
5.022565
0.970371
0.063143
1.335140
0.645529
1.489800
-0.739389
-5.626479
-9.662305
-2.583371
0.000000
2.695039
3.921760
3.590199
3.831015
3.974424
3.748436
3.248327
-7.470984
4.976679
5.311109
0.995922
0.276288
1.438294
0.435895
1.027269
-0.837333
-5.812967
-10.496559
-2.641381
0.000000
2.712692
3.943205
3.673393
3.889380
4.019104
3.822325
3.338811
-7.326357
4.750996
5.294097
0.993179
0.183792
1.071208
0.353198
1.453991
-0.631050
-5.755364
-10.289381
-2.610434
0.000000
2.657976
3.938603
3.671457
3.879164
4.007567
3.792943
3.360201
-7.338192
4.755088
5.401829
1.036554
0.307615
1.223189
0.257895
1.297778
-0.739442
-5.809031
-10.468399
-2.726985
0.000000
2.631874
3.944613
3.671925
3.876248
4.012521
3.800145
3.400008
-7.247993
4.696838
5.355340
1.052306
0.281469
1.212465
0.244530
1.166205
-0.717853
-5.702812
-10.305125
-2.865829
0.000000
2.576853
3.929739
3.621846
3.818409
3.975465
3.756474
3.404279
-7.409728
4.758365
5.234215
1.061379
0.223421
1.237088
0.282690
1.167408
-0.730438
-5.563511
-10.024771
-3.043970
0.000000
2.530488
3.889432
3.482003
3.701141
3.896017
3.690892
3.396784
-7.098415
4.815329
4.958500
1.084335
0.141633
1.221117
0.352067
1.224232
-0.749496
-5.295863
-9.916407
-3.718088
0.000000
2.487849
3.850497
3.385365
3.591399
3.865882
3.747151
3.356167
-6.860783
4.727556
4.674986
0.926880
-0.527629
0.803905
0.674285
1.096292
-0.273564
-4.561887
-8.269293
-3.931115
0.000000
2.448859
3.738660
3.159866
3.329341
3.651874
3.541566
3.217474
-6.926316
4.955920
4.918278
1.164062
-0.284071
1.123613
0.602337
1.127255
-0.595501
-4.803827
-8.388227
-3.865499
0.000000
2.384462
3.746469
3.143460
3.332957
3.638111
3.559593
3.272191
-6.785563
4.545380
5.075431
1.119887
-0.399157
1.108244
0.608917
0.988657
-0.523028
-4.748057
-8.179330
-3.971407
0.000000
2.400213
3.713682
3.094830
3.295019
3.601521
3.484541
3.253326
-6.825968
4.796198
4.976512
1.222531
-0.235832
1.125857
0.502825
0.980542
-0.621715
-4.855436
-8.325459
-3.817956
0.000000
2.398439
3.727010
3.125477
3.274298
3.557019
3.470832
3.306836
-6.837792
4.728909
5.033513
1.285985
-0.137586
1.147921
0.403977
0.818413
-0.554544
-4.949566
-8.456409
-3.762171
0.000000
2.356475
3.743769
3.157765
3.306727
3.563058
3.404230
3.321259
-6.991833
4.661593
5.254327
1.296172
0.099518
1.246378
0.276229
0.958233
-0.769411
-5.193655
-9.209093
-3.551215
0.000000
2.318058
3.742568
3.200302
3.327445
3.626785
3.545253
3.380018
-6.652559
4.460048
4.823792
1.134091
-0.363932
0.796917
0.474764
0.865816
-0.338625
-4.585307
-8.262182
-4.190442
0.000000
2.333470
3.677433
3.056891
3.198073
3.500911
