0.009819
-0.003069
0.000571
0.007020
0.007580
0.003763
0.000390
-0.005021
-0.012498
-0.015766
-0.015162
-0.012499
-0.008997
-0.011230
-0.007846
-0.007579
-0.006980
-0.003991
-0.001883
0.005616
-0.001210
-0.011193
2.167536
8.102381
12.255356
15.534933
20.632780
-14.796593
5.705543
1.768628
1.665380
2.985610
3.608285
0.001423
-0.000557
0.008493
0.023899
-0.070948
0.160662
0.000000
-3.940780
-3.601230
-3.270275
-2.695500
-1.878023
-1.173838
-0.621048
-0.216359
0.016107
0.301450
0.656776
0.892673
0.980584
0.993919
0.978992
0.935881
0.885131
0.822499
0.759944
0.707614
0.665187
0.652071
0.632915
0.588903
0.541197
0.504608
0.480252
0.461473
0.444284
0.429012
0.140972
-0.934911
-1.687325
5.506698
12.693194
13.873239
14.109702
18.033489
24.021049
0.061945
-0.003851
0.004374
-0.001119
-0.003302
0.000000
2.190764
2.011472
0.454277
-0.170547
-0.216803
-0.242901
-0.193251
-0.137555
-0.087013
-0.046108
-0.022050
0.013666
0.031806
0.053691
0.057279
0.017172
-0.037774
-0.110681
-0.214882
-0.335778
-0.413802
-0.375974
-0.251051
-0.125924
-0.044577
-0.000164
0.006202
-0.691410
-2.055524
8.103389
11.811889
14.028438
17.044975
22.343098
-1.107140
-0.539979
0.022711
-0.060196
0.013921
0.002529
0.010532
0.005612
-0.062339
-0.134463
-0.138489
-0.143521
0.415373
0.000000
-3.876805
-3.206486
-2.587306
-2.064103
-1.255295
-0.685822
-0.250802
0.046135
0.281857
0.541129
0.766562
0.922216
1.008476
1.035693
1.028017
0.979330
0.912048
0.829534
0.765629
0.710470
0.679314
0.619069
0.518238
0.363903
0.269426
0.267479
0.294708
0.304705
0.288735
0.267781
-0.228218
-1.203532
0.075613
10.930649
13.978314
14.277094
15.092194
20.693714
-0.300524
0.084084
0.008015
0.002941
-0.000125
-0.001842
0.000000
2.085969
1.954473
0.372282
-0.221138
-0.228794
-0.272118
-0.202180
-0.122760
-0.054062
0.002727
0.043032
0.074545
0.095770
0.096067
0.092997
0.042832
-0.028400
-0.119961
-0.239999
-0.350989
-0.397985
-0.332265
-0.207717
-0.097450
-0.026184
0.006035
-0.381762
-1.299194
1.654137
9.589802
12.827212
14.930810
19.179083
24.184793
-6.927549
2.019280
0.009328
0.007452
0.001237
0.021534
0.061283
-0.001473
0.001783
0.001065
0.002798
-0.172360
-0.060573
0.000000
-2.997811
-1.984341
-1.424785
-0.899323
-0.398773
-0.123203
0.079555
0.209261
0.345633
0.475289
0.579490
0.634327
0.658011
0.655391
0.632255
0.583770
0.516877
0.452230
0.392820
0.341887
0.300341
0.263893
0.213162
0.127783
0.029721
0.154593
0.340698
0.400780
0.345657
-0.275852
-0.385409
3.309117
11.686667
13.951612
14.058322
16.210379
22.094805
-0.087156
-2.853866
0.007004
0.002497
-0.000641
-0.001050
-0.000618
-0.000150
0.000000
3.179751
2.826222
1.433851
0.561889
0.112786
-0.125337
-0.307193
-0.417206
-0.399556
-0.360452
-0.308441
-0.211624
-0.097451
-0.002513
0.048802
0.066868
0.054906
0.016728
-0.019166
-0.049964
-0.081768
-0.104670
-0.109653
-0.100536
-0.075197
-0.060498
-0.163873
-0.249862
-0.246160
-0.127932
-0.208094
-0.530474
2.397469
11.281479
13.624985
13.710223
14.357159
22.732075
0.006325
0.283205
0.005177
0.000606
-0.002233
-0.002666
-0.002488
0.000921
0.309462
-0.007730
-0.006673
0.000000
-4.005558
-3.625243
-3.393274
-2.875351
-1.453022
-0.195830
0.897931
1.722632
2.098095
1.982506
1.755630
1.635909
1.590492
1.528890
1.436757
1.296782
1.116780
0.899033
0.635325
0.353491
0.089709
-0.133376
-0.294496
-0.361299
-0.372191
-0.323848
-0.590275
-0.476474
6.891212
11.866666
14.198616
16.657097
21.792910
0.239774
-0.053217
0.020083
0.007591
0.003231
0.003211
0.004107
-0.000164
0.004617
0.002729
0.007101
0.000000
-7.348182
-6.172493
-5.542944
-4.825142
-3.679760
-2.624733
-1.734123
-1.065323
-0.452512
0.312363
1.170897
1.834034
2.230703
2.384237
2.394812
2.316649
2.168128
2.001448
1.817867
1.606927
1.360794
1.089381
0.832243
0.671597
0.591580
3.142847
8.769965
12.732327
14.721586
18.677553
24.614595
0.087999
-2.793716
0.011811
-0.004914
0.059862
0.000000
2.889702
2.322277
0.705377
-0.482993
-0.769622
-0.615100
-0.440052
-0.350169
-0.320332
-0.326499
-0.353597
-0.377148
-0.387364
-0.387374
-0.384401
-0.380000
-0.375878
-0.329754
-0.236406
-0.141411
-0.079345
-0.054904
-0.046055
-0.043621
-0.360088
4.947439
10.451112
12.791656
16.162910
22.179506
26.408152
0.808999
0.003452
-0.001660
-0.170886
-0.000104
0.000720
0.000907
0.003132
-0.003261
0.008176
0.000000
-1.302405
-1.663732
-1.029088
-0.582937
-0.314724
-0.298477
-0.269916
-0.203036
0.000314
0.177013
0.285535
0.337212
0.338473
0.318877
0.276454
0.208659
0.167055
0.127598
0.088449
0.056099
0.027749
-0.020003
-0.079021
-0.140533
-0.211494
-0.229928
-0.184618
-0.034134
0.344966
-0.436600
-0.437951
4.493545
11.755946
13.841605
15.232862
18.313185
24.084967
-0.725816
0.005462
0.006900
0.001310
-0.002325
0.000020
0.000000
2.411275
2.178583
0.542002
-0.084872
-0.241111
-0.384785
-0.309443
-0.214093
-0.153811
-0.123494
-0.105732
-0.094226
-0.076087
-0.074273
-0.075073
-0.089130
-0.117414
-0.164091
-0.220147
-0.263574
-0.274323
-0.228955
-0.149944
-0.082188
-0.042232
-0.024110
-0.217870
-0.865413
-0.585168
9.027281
12.194988
13.927985
16.588251
21.831696
-4.060695
-2.331495
0.013049
0.009327
0.005194
0.000765
0.007826
0.002530
0.003248
0.002289
0.002003
-0.014011
0.000000
-4.007938
-3.085507
-2.268288
-1.717074
-0.901731
-0.371990
0.057764
0.263232
0.436476
0.619201
0.767046
0.873438
0.934434
0.960203
0.963332
0.978116
0.941016
0.878084
0.790716
0.687718
0.566645
0.423704
0.265467
0.116367
0.009366
-0.037446
-0.024989
0.009591
-0.811113
-1.386495
9.061078
12.629578
14.362394
17.134012
23.145691
0.001216
1.282264
0.017710
0.003918
-0.000802
-0.000554
-0.000216
-0.000315
0.000383
0.001561
0.000000
-2.659533
-1.908342
-1.650666
-1.119081
-0.456273
-0.002802
0.316116
0.528108
0.573159
0.555357
0.560210
0.585784
0.612434
0.637916
0.642815
0.618075
0.573307
0.503133
0.435804
0.379193
0.328963
0.273247
0.202784
0.102882
0.018230
0.092287
0.209228
0.251981
0.221631
0.183395
-0.122359
-0.672604
1.671587
10.973120
13.630680
13.959921
15.163883
20.655088
-0.308392
0.002986
0.006237
0.003000
0.000100
-0.000766
-0.000325
-0.000340
0.000000
3.463696
3.140130
1.796987
0.922455
0.312522
-0.036535
-0.303396
-0.472725
-0.451318
-0.401598
-0.360943
-0.318336
-0.243463
-0.150605
-0.075437
-0.035241
-0.023804
-0.036166
-0.065567
-0.099427
-0.141835
-0.182428
-0.179208
-0.139836
-0.071695
-0.028283
-0.019217
-0.045436
-0.213710
-0.181516
-0.479945
-0.488271
3.611434
11.269025
13.383121
14.321368
15.622965
24.735962
-0.246708
-0.499144
0.013630
0.005469
0.004461
-0.000354
0.000775
0.004735
0.000133
0.003099
-0.019232
-0.061914
0.000000
-5.152905
-4.104830
-4.061480
-3.655337
-2.729000
-1.537829
-0.597849
0.136572
0.639964
0.919497
1.190885
1.433548
1.627968
1.758509
1.810527
1.777954
1.687901
1.555421
1.390769
1.219772
1.050380
0.910752
0.773520
0.538552
0.316841
0.264229
0.388771
0.490040
0.352493
-0.328130
-0.247408
5.491429
12.207582
14.330756
15.176664
19.240677
27.618025
0.229131
0.008527
0.005486
0.000989
-0.001138
-0.003275
-0.001390
-0.001649
-0.000951
0.000000
1.085435
1.449555
0.488760
0.057035
-0.069296
-0.149419
-0.110152
-0.045951
0.003307
0.045495
0.069643
0.086822
0.090873
0.095778
0.077399
0.044747
-0.008644
-0.077419
-0.149322
-0.211247
-0.234975
-0.206586
-0.150622
-0.101739
-0.064986
-0.051977
-0.603163
-0.980103
4.580590
10.819195
13.457223
15.698695
20.473610
25.061792
-2.937298
0.007860
0.008586
0.035532
0.000892
-0.000052
0.004194
0.005129
0.003675
-0.109930
-0.130532
0.000000
-4.337852
-3.464066
-3.180870
-2.725203
-2.047895
-1.466451
-0.990148
-0.654300
-0.178376
0.396890
0.848804
1.107707
1.221786
1.238762
1.201082
1.135602
1.040604
0.945225
0.843267
0.737993
0.629443
0.517229
0.394327
0.232385
0.081144
0.029742
0.073960
0.349520
-0.283724
-0.536031
4.171933
11.775466
14.205448
15.843739
20.840773
25.769840
0.171814
-0.213806
-0.000400
-0.033956
-0.026043
-0.135219
0.000000
3.116637
2.887564
1.567278
0.669310
0.156045
-0.095643
-0.302461
-0.334000
-0.301672
-0.262415
-0.229384
-0.189968
-0.144050
-0.089651
-0.033830
0.006656
0.005726
-0.021846
-0.072790
-0.148082
-0.260194
-0.376499
-0.441398
-0.379339
-0.245668
-0.125994
-0.060179
-0.013981
-0.145939
-0.805418
-2.264612
8.397921
12.064574
13.748591
16.045219
20.655552
0.076045
-4.571705
0.017042
0.011498
0.005195
0.006810
0.005673
0.000036
0.009003
0.002846
-0.000140
0.002706
0.005218
-0.002631
0.000000
-3.406041
-2.983573
-2.471024
-1.951378
-1.376369
-0.864590
-0.397189
-0.040045
0.276704
0.562335
0.789636
0.953406
1.060399
1.109086
1.129537
1.101532
1.020550
0.905442
0.763300
0.598041
0.409123
0.215933
0.029333
-0.117649
-0.205105
-0.208713
-0.149092
-1.215450
4.540296
11.261496
13.803386
15.825315
20.969662
28.684818
-0.136939
0.005594
-0.001063
-0.002579
-0.001522
0.012987
0.000000
3.107618
2.831450
1.357300
0.486985
0.014460
-0.300299
-0.441157
-0.370447
-0.292240
-0.243514
-0.222817
-0.211641
-0.205134
-0.207543
-0.222766
-0.247519
-0.276530
-0.322583
-0.387391
-0.471161
-0.502248
-0.417005
-0.265132
-0.132259
-0.050016
-0.002123
0.010912
-0.292659
-1.376316
4.864275
10.513339
13.227293
16.011150
20.695921
24.792313
-0.023697
0.006608
0.004543
-0.001764
-0.006592
-0.002121
0.004116
-0.002013
0.017598
0.000689
0.000755
0.001961
1.459624
-0.000201
-0.107008
0.011434
0.007392
0.012910
0.004011
-0.000009
0.001390
0.025092
0.002215
-1.675580
4.074091
-0.004022
0.002331
0.000899
0.000000
-1.299473
-1.594065
-0.814400
0.071678
0.613555
0.666373
0.630705
0.593621
0.566755
0.512064
0.438271
0.348588
0.248731
0.153187
0.046924
-0.056163
-0.144450
-0.194450
-0.210739
-0.207933
-0.205573
-0.198356
-0.196841
3.756550
9.356703
12.183547
15.417927
20.413286
25.543358
-1.436880
-0.329176
-0.104923
-0.020454
-0.012655
0.144188
0.056003
0.002734
0.000358
-0.080015
-0.041256
0.000000
-4.563766
-3.258292
-2.833137
-2.198444
-1.246131
-0.523719
0.034262
0.460516
0.589910
0.676753
0.771146
0.854561
0.897184
0.904210
0.871650
0.818810
0.751517
0.689574
0.631964
0.566120
0.486106
0.375370
0.244876
0.110555
0.021784
-0.010116
-0.016217
-0.041471
-0.586276
-0.934614
1.591473
10.654892
13.527354
14.945064
19.530338
25.327124
0.049746
0.006641
-0.000273
-0.002042
-0.003494
-0.022949
-0.012820
0.000000
3.105745
2.828216
1.518111
0.628508
0.119224
-0.224505
-0.474896
-0.511624
-0.409561
-0.314163
-0.247782
-0.193508
-0.140627
-0.085653
-0.038583
-0.028327
-0.032987
-0.064242
-0.113623
-0.185129
-0.276760
-0.365075
-0.383542
-0.300339
-0.181387
-0.096128
-0.051993
-0.018913
-0.201883
-0.969959
0.167982
9.312524
12.302098
14.319143
17.166130
22.301872
-0.023910
2.233692
0.010915
0.011443
0.005092
0.000466
-0.000489
0.001201
0.005865
0.004511
0.002627
0.000825
-0.233569
0.000000
-1.755285
-1.847422
-1.179790
-0.739779
-0.436769
-0.229834
-0.017959
0.185072
0.358419
0.490050
0.600589
0.691973
0.729637
0.722668
0.676557
0.587504
0.479887
0.356565
0.216437
0.081284
-0.035606
-0.123869
-0.184375
-0.217965
-0.229810
-0.216119
-0.802109
4.163235
10.717502
13.267248
16.345486
22.241982
26.645798
0.373219
-0.089429
-0.001342
-0.001245
-0.000120
-0.001660
-0.000516
-0.000466
-0.000286
0.003032
0.000000
-1.621524
-0.876643
-0.740952
-0.413694
-0.178812
0.048450
0.215422
0.323532
0.313994
0.304364
0.313299
0.325924
0.318775
0.307709
0.287426
0.251648
0.232452
0.213958
0.175147
0.126137
0.072731
0.013370
-0.053805
-0.121643
-0.170299
-0.175097
-0.137921
-0.092725
-0.063301
-0.817897
-2.172021
6.811027
11.942273
13.696460
16.295668
21.765757
2.157661
0.547678
0.022177
0.039114
-0.000823
-0.004167
-0.000624
-0.000261
-0.000323
-0.000570
0.000000
-1.686899
-1.110681
-0.897377
-0.510133
-0.228902
0.167090
0.421259
0.585870
0.591897
0.470976
0.383371
0.342503
0.331097
0.320887
0.314456
0.308061
0.291126
0.275926
0.230004
0.178482
0.113905
0.054499
-0.006815
-0.075175
-0.129908
-0.140656
-0.110579
-0.069293
-0.044794
-0.351076
-1.097662
-0.828473
7.446123
12.246041
14.018938
16.496569
21.790363
-0.005367
-0.639004
0.020625
0.009124
0.002508
0.002577
-0.001143
0.000911
0.000668
0.002082
0.000000
-3.464334
-2.456944
-2.148239
-1.650342
-0.867174
-0.267291
0.180231
0.407467
0.520754
0.635774
0.746059
0.828405
0.888874
0.943050
0.959732
0.937685
0.873485
0.782502
0.679133
0.556414
0.411057
0.257883
0.116550
0.009573
-0.051486
-0.064470
-0.038236
-0.400859
-1.345735
1.560724
10.077230
12.998237
15.157861
19.332891
25.110657
-2.090486
0.022150
0.002844
-0.001767
-0.005044
-0.001926
-0.001595
-0.000864
0.000359
0.002362
0.007410
0.000000
3.782822
2.667911
1.570110
0.679020
-0.029271
-0.748121
-1.212673
-1.526147
-1.721712
-1.753817
-1.618932
-1.286584
-0.692317
-0.161216
0.176602
0.352563
0.418528
0.402261
0.343516
0.276121
0.215451
0.163265
0.133054
0.131931
0.104731
0.018867
-0.028506
-0.012916
0.017361
0.034635
0.034679
0.025953
-0.041236
-0.617991
-0.729502
1.939899
11.215440
13.573536
13.678284
16.186504
22.155973
-0.001625
0.123544
0.010693
0.004036
-0.000251
-0.003576
-0.002392
-0.001949
-0.001527
0.000000
2.301076
2.132769
0.792824
0.129503
-0.072278
-0.218512
-0.292259
-0.248683
-0.185760
-0.132962
-0.092937
-0.051278
-0.015739
0.002382
0.016181
0.001560
-0.022481
-0.077207
-0.157665
-0.255591
-0.327701
-0.310218
-0.217520
-0.114748
-0.044312
-0.008864
0.004986
-0.180983
-1.090621
3.136063
10.082689
12.953552
15.159533
19.205454
23.950052
-3.439969
0.006508
0.024233
0.006834
-0.008123
-0.003422
0.002959
0.000193
0.000469
0.009944
0.002263
0.002844
-0.361219
-0.012178
0.260298
0.016483
0.005395
0.010045
0.000508
0.000080
0.002903
0.001464
-0.159269
-2.084656
-1.641780
-2.759494
-9.197685
0.000000
-4.403494
-4.066258
-3.323080
-2.028247
-1.366319
-0.516064
0.336981
0.954918
1.258683
1.321593
1.254971
1.136453
1.004436
0.895145
0.777860
0.650820
0.507127
0.369791
0.244465
0.152624
0.090242
0.043525
4.275914
9.699256
12.986242
16.128750
22.663528
27.036303
-0.000772
0.007329
0.001089
0.001987
0.004017
0.015280
0.000000
1.899320
1.382606
0.378099
-0.091306
-0.377387
-0.721760
-0.535529
-0.322162
-0.217912
-0.196131
-0.228033
-0.281864
-0.294846
-0.305639
-0.306595
-0.291716
-0.256566
-0.195157
-0.128698
-0.083527
-0.077201
-0.088049
-0.105931
-0.117889
-0.122112
-0.853961
-1.606666
7.684367
12.180973
15.222569
20.659145
25.734375
-0.047178
0.002432
0.000832
0.010769
0.004331
0.019524
-0.049354
-0.102615
0.377782
0.160610
0.081852
0.000000
-1.874918
-0.874832
-0.801515
-0.495306
-0.158247
0.166436
0.393738
0.509653
0.456202
0.421144
0.421693
0.439534
0.457280
0.459938
0.444357
0.420637
0.370808
0.308636
0.238438
0.145021
0.055193
-0.039988
-0.126467
-0.190581
-0.220640
-0.200125
-0.144840
-0.080873
-0.489478
-1.009238
2.315108
10.391863
13.112574
15.467752
19.892374
25.401783
-0.007200
-0.410761
-0.000284
-0.000897
-0.002669
-0.004353
-0.000608
-0.001040
-0.000964
0.782252
0.003342
0.000000
5.137515
4.763732
3.592432
2.656971
1.744059
0.519316
-0.365911
-1.104912
-1.700670
-2.112601
-2.318178
-2.322216
-2.113123
-1.438523
-0.648574
-0.118486
-0.065776
-0.236532
-0.358218
-0.348277
-0.209399
-0.075800
-0.090256
-0.191657
-0.228861
-0.194309
-0.156156
-0.126106
-0.125027
-0.119109
-0.112300
-0.102120
-0.089691
-0.079810
-0.072282
-0.094792
-0.356128
-0.710002
2.366217
11.376931
13.655257
14.114785
17.005774
26.974361
0.001522
0.141370
0.007554
0.002907
-0.001914
-0.001349
-0.002970
-0.002144
-0.003236
0.000270
-0.001480
-0.002599
0.000000
-0.404417
0.056435
-0.151450
-0.196980
-0.114150
-0.071680
0.003127
0.084225
0.152200
0.215996
0.256275
0.282666
0.295705
0.286540
0.239695
0.185983
0.120742
0.057175
-0.003312
-0.052135
-0.086266
-0.102120
-0.106633
-0.101267
-0.103155
-0.093523
-0.856875
-2.399266
7.735579
11.999757
14.843350
19.317617
24.827122
-0.023542
-0.000018
0.002404
-0.352942
-0.002037
0.000095
-0.000907
-0.000597
0.000944
-0.000329
-0.120177
-0.106031
-0.058166
0.000000
0.896386
0.272000
-0.325532
-0.446057
-0.407292
-0.535484
-0.584891
-0.459349
-0.237386
-0.062307
0.069872
0.147844
0.203339
0.233433
0.249440
0.226535
0.182680
0.129932
0.071422
0.019228
-0.026750
-0.063938
-0.100717
-0.124658
-0.142550
-0.146691
-0.144099
-0.497770
-0.876446
-1.631493
8.535910
12.271380
14.683094
18.511053
24.352297
-1.040846
0.000241
-0.466063
-0.000809
-0.001663
-0.000529
-0.000618
-0.000128
-0.106694
0.082827
0.061480
-0.010872
-0.012796
0.000000
-2.026339
-1.693721
-1.434962
-0.951468
-0.391008
0.167794
0.536454
0.788485
0.889468
0.765106
0.610080
0.514289
0.463980
0.432201
0.412038
0.375359
0.331507
0.277036
0.202010
0.120404
0.041137
-0.028312
-0.100768
-0.167417
-0.213256
-0.233613
-0.230816
-0.191679
-0.132528
-0.016353
-0.470092
-1.421425
1.225921
10.525517
13.411989
15.217013
18.364344
24.303129
-0.172763
0.027948
0.005078
-0.000708
-0.002745
-0.004375
-0.001198
-0.049657
-0.017662
0.000000
1.750529
2.025845
0.796223
0.130281
-0.121815
-0.346806
-0.467431
-0.330901
-0.182797
-0.070215
0.003794
0.046190
0.070314
0.068043
0.037346
-0.001157
-0.045486
-0.096954
-0.156928
-0.204208
-0.218008
-0.191066
-0.146054
-0.104004
-0.073524
-0.068300
-0.369718
-1.156326
2.387343
9.694789
12.869151
15.323090
20.218170
25.089514
-0.848997
0.001633
-0.079841
-0.002868
-0.000350
-0.000401
-0.000919
-0.000656
-0.000388
-0.000439
0.001956
-0.129114
0.189779
-0.003978
-0.109209
-0.104854
0.000000
0.098037
-0.361045
-0.349567
-0.278672
-0.471939
-0.599122
-0.653393
-0.662426
-0.640942
-0.530527
-0.329556
-0.106288
0.052400
0.127974
0.135858
0.078678
0.019799
-0.009796
-0.022825
-0.020629
0.000312
0.015827
0.013341
-0.015612
-0.050799
-0.098348
-0.148223
-0.133415
0.102220
0.438214
0.551937
0.000741
-1.276498
-1.032614
9.801041
13.263738
14.727636
18.223101
24.512316
-0.008792
0.451433
-0.001161
-0.016390
-0.019593
-0.028799
-0.014627
0.000000
3.199323
2.930168
1.717257
0.814320
0.179270
-0.281652
-0.606276
-0.654190
-0.502920
-0.359523
-0.266610
-0.196633
-0.141957
-0.104562
-0.091475
-0.093243
-0.111432
-0.161779
-0.224485
-0.314842
-0.399985
-0.411544
-0.329455
-0.201719
-0.095660
-0.018049
0.009080
0.015125
-0.157234
-0.480586
8.185150
11.782067
13.748803
16.884604
21.569277
-0.000054
0.359234
0.006468
0.014927
0.010492
-0.008694
0.005229
-0.001312
0.004293
-0.001861
0.000094
0.002853
0.001971
0.004270
0.003463
-0.166242
0.003306
0.008355
0.015324
-0.000716
0.000034
0.001936
-0.010386
-0.085910
-3.938505
3.560172
6.184752
-0.008132
-0.002115
-0.021722
-0.257281
0.000000
-1.214626
-1.054023
-0.551409
0.070076
0.320944
0.286642
0.231750
0.209946
0.197100
0.186869
0.172162
0.149098
0.130051
0.113775
0.105720
0.086382
0.054975
0.025526
0.006105
-0.017458
-0.025707
-0.031638
-0.035611
1.951570
7.697053
12.658735
16.453024
21.539692
3.559717
4.072564
2.421640
3.663229
4.407427
-0.005171
0.009008
0.009367
0.001643
0.008326
0.000770
-0.113629
-0.110985
-0.094695
-0.035183
-0.008183
0.000000
-4.800240
-4.139473
-3.960849
-3.506821
-2.806254
-1.352496
-0.230348
0.708675
1.422813
1.754601
1.635061
1.451080
1.357183
1.308792
1.260096
1.198058
1.097691
0.985525
0.870511
0.715094
0.560624
0.408566
0.248116
0.095073
-0.043052
-0.100075
-0.086178
-0.039472
0.012970
-0.593692
2.079540
10.203567
13.237370
15.865787
21.575134
26.823387
0.653911
-0.186936
-0.000737
-0.040547
-0.022887
-0.000777
-0.001148
-0.000467
0.000806
0.000000
3.444348
3.291301
1.984683
1.132825
0.390535
-0.509566
-1.044612
-1.413242
-1.492727
-1.316673
-0.958705
-0.636855
-0.398381
-0.229923
-0.097319
0.032874
0.119617
0.154858
0.161358
0.139084
0.106881
0.070782
0.053182
0.050176
0.076045
0.110505
0.144726
0.170635
0.187456
0.204497
0.052146
-0.450358
-0.785095
4.558263
10.893912
13.121855
14.959785
18.211782
23.785492
-0.002918
-0.209621
0.006480
0.007108
0.003841
0.000632
0.008536
0.001588
0.003373
0.003096
0.000159
-0.480074
0.000000
-2.639814
-2.218039
-1.845385
-1.423945
-0.724998
-0.178724
0.244868
0.472493
0.728587
0.982803
1.127922
1.158976
1.101047
0.983674
0.826141
0.644917
0.462503
0.281751
0.116610
-0.015868
-0.115783
-0.185745
-0.230491
-0.259479
-0.261096
-0.884618
7.208614
11.383457
14.390532
18.984596
25.560450
-0.069997
0.000052
0.653505
-0.037360
-0.002196
0.003281
-0.125594
-0.226070
0.000414
-0.150295
0.009427
0.000000
4.512155
4.032779
2.864034
1.947382
1.140773
-0.002210
-0.757610
-1.352660
-1.735817
-1.869303
-1.795803
-1.545108
-1.126981
-0.730892
-0.341141
-0.056646
0.116784
0.189435
0.186951
0.122407
0.041961
-0.031116
-0.086098
-0.101230
-0.081829
-0.022850
0.079752
-0.071791
-0.296670
-0.362859
-0.293049
-0.205860
-0.167236
-0.155212
-0.214331
-0.858095
2.150554
10.803721
13.466175
13.925967
16.671101
22.895510
0.007973
0.228385
0.011887
0.006690
0.002223
-0.000732
-0.002270
-0.001024
-0.000777
-0.001412
0.001647
0.001665
0.000988
0.000336
-0.000729
0.000000
-2.743426
-2.197037
-2.222106
-1.842281
-1.197760
-0.192426
0.567938
1.147068
1.352912
1.173133
1.072907
1.056671
1.045021
0.985174
0.881943
0.744730
0.582385
0.402515
0.227509
0.057443
-0.085171
-0.194461
-0.271829
-0.324101
-0.347762
-0.348190
-0.541029
-0.629012
8.425650
12.147680
14.885598
19.811029
26.100876
-0.003881
0.005890
-0.243901
0.000177
-0.012361
-0.011881
0.000740
-0.000284
-0.000302
0.133258
0.002165
0.000000
0.270251
-0.216434
-0.522372
-0.471272
-0.306263
-0.319154
-0.302332
-0.158214
-0.011370
0.097706
0.166111
0.224023
0.256632
0.251263
0.236385
0.199963
0.149467
0.092380
0.043869
-0.001764
-0.045061
-0.079359
-0.110069
-0.135537
-0.151360
-0.147791
-0.133347
-0.635095
-2.137639
7.825771
11.744902
14.180126
17.844315
24.229752
-0.328576
-0.000444
-0.213980
-0.001159
-0.087989
-0.000168
-0.000002
0.000701
0.068923
0.030599
0.965801
0.000000
2.129056
2.119554
1.155266
0.436736
-0.018796
-0.587606
-0.910635
-0.930063
-0.640690
-0.398009
-0.250967
-0.180885
-0.138339
-0.117826
-0.120579
-0.113127
-0.109331
-0.104181
-0.102399
-0.092662
-0.073911
-0.055906
-0.042253
-0.033070
-0.023842
-0.029110
-0.029539
-0.471010
-0.889851
7.839222
11.750641
14.429355
18.825293
24.312750
-0.000709
-0.004191
0.006550
-0.369308
-0.000555
-0.001910
-0.002208
-0.001668
0.006215
-0.106969
-0.120129
0.109069
0.208024
0.003078
-0.059439
-0.094319
-0.096370
0.000000
0.547515
0.024477
-0.129994
-0.172465
-0.453918
-0.684650
-0.815392
-0.782859
-0.569785
-0.306201
-0.125216
-0.030775
0.008317
0.007944
-0.027669
-0.057844
-0.076940
-0.082626
-0.091422
-0.081666
-0.059081
-0.038636
-0.054978
-0.089193
-0.124250
-0.152744
-0.154290
-0.133857
-0.451481
-1.853311
7.844286
11.740002
14.155500
18.160730
24.947567
-0.148108
0.002952
1.467502
-0.152528
-0.017407
0.031487
-0.033609
-0.050787
0.000000
-0.341798
-0.202787
-0.497102
-0.385465
-0.278839
-0.278450
-0.246291
-0.148701
-0.029753
0.063808
0.122169
0.159693
0.170715
0.173225
0.170718
0.153761
0.131617
0.110008
0.078631
0.056964
0.021774
-0.023790
-0.067552
-0.105243
-0.125498
-0.136242
-0.130618
-0.552071
-1.049863
8.074405
11.667943
14.084209
17.910662
24.521433
-0.001350
-0.000835
0.149646
-0.000213
-0.000003
-0.014606
-0.050493
-0.026111
-0.046169
-0.012164
0.000000
-4.448492
-3.404181
-3.279252
-2.734971
-2.078018
-0.904885
0.010700
0.746933
1.138709
1.120660
1.122495
1.168586
1.208788
1.185941
1.124589
1.035126
0.911062
0.761397
0.609668
0.464925
0.305245
0.137346
-0.009758
-0.122280
-0.189021
-0.207328
0.592568
-1.025175
8.586478
12.473278
16.317949
22.263937
27.353178
6.773562
-0.012370
-0.000975
0.000168
0.124109
0.217041
-0.127056
0.000302
0.000000
1.154505
1.563142
0.610272
0.178344
-0.057033
-0.311158
-0.454247
-0.336223
-0.208339
-0.128113
-0.077894
-0.051493
-0.040174
-0.040306
-0.038208
-0.048216
-0.068807
-0.072432
-0.062220
-0.053116
-0.040989
-0.035312
-0.026683
-0.032298
-0.035561
-0.036378
-0.999303
7.222510
10.928569
13.901386
18.246119
24.387749
-0.269672
-0.000296
0.005383
-1.442605
0.001571
-0.024489
-0.000159
0.000422
-0.124191
-0.129422
-0.099375
-0.256774
0.000000
1.277493
1.493350
0.808421
0.299832
-0.039109
-0.470119
-0.700662
-0.729346
-0.492516
-0.278848
-0.145547
-0.079209
-0.034613
-0.014914
-0.004730
-0.018629
-0.029329
-0.037371
-0.043905
-0.050596
-0.052473
-0.054087
-0.056232
-0.062481
-0.063327
-0.064417
-0.067355
-0.331580
-1.233635
7.553137
11.250472
13.732746
17.160746
23.524628
-0.006123
1.799051
0.066999
-0.000593
-0.000600
-0.023745
0.066000
-0.102009
-0.110354
-0.116008
0.257318
0.000000
-2.654734
-1.792559
-1.737826
-1.153353
-0.567601
0.058155
0.496590
0.733837
0.644186
0.562171
0.549021
0.575469
0.600385
0.614571
0.587529
0.519751
0.426413
0.324857
0.232934
0.141544
0.055910
-0.036493
-0.120611
-0.174708
-0.212018
-0.214987
-0.213505
-0.656021
8.409952
12.284130
15.508199
20.966944
26.652313
-0.004936
0.001237
0.357273
-0.081851
0.000106
0.000562
-0.000961
0.000207
0.001201
0.000000
-2.454959
-1.399352
-1.306743
-0.760036
-0.324191
0.225614
0.602829
0.746497
0.636349
0.562667
0.544301
0.562191
0.567035
0.520914
0.438108
0.328039
0.238454
0.157409
0.081197
0.005286
-0.063730
-0.130120
-0.184473
-0.214449
-0.227096
-0.220018
-0.833190
-1.788686
7.838768
12.233874
15.741556
21.495720
26.584850
2.196243
7.535668
-0.012497
-0.003105
0.001000
0.050975
0.037368
0.105014
0.128622
0.019610
0.000000
3.737525
3.404247
2.148488
1.174568
0.323840
-0.862343
-1.589050
-2.071883
-2.246452
-2.169130
-1.933396
-1.536652
-0.961954
-0.473471
-0.091904
0.191602
0.368964
0.450433
0.448733
0.381151
0.298998
0.231747
0.173993
0.140466
0.131152
0.148176
0.183266
0.230126
0.256187
0.252611
0.222998
0.030084
-0.012012
-0.616087
-0.583057
9.192077
12.520990
13.799932
15.958479
21.760612
1.970557
-0.258751
0.013121
0.006741
0.002551
0.000852
0.000014
-0.000644
0.000389
0.004185
0.001124
0.000043
0.000000
3.010916
1.853896
1.011403
0.136200
-0.318018
-1.010159
-1.379636
-1.457939
-1.239092
-0.771896
-0.374732
-0.099124
0.103850
0.265683
0.351653
0.378987
0.360586
0.306104
0.225981
0.145118
0.067057
0.001780
-0.041755
-0.065420
-0.075412
-0.082019
-0.085888
-0.085205
-0.133708
-0.293387
0.434995
8.770740
12.363838
14.874024
18.962383
24.053564
-0.002273
0.002846
0.033598
0.008068
-0.002407
-0.006995
0.000352
-0.001922
0.007476
-0.001584
0.001224
0.001586
-0.084700
0.005866
-0.014845
-0.096993
-0.093502
0.005924
0.000285
0.010588
-0.002290
0.001562
-0.646246
0.002930
-1.779263
3.269243
-0.303814
-0.011656
-0.010495
-0.006591
-0.010613
-0.014003
-0.013768
0.196239
0.000000
-0.285972
-0.562018
-0.618749
-0.415256
-0.054187
0.069153
0.154627
0.203642
0.216432
0.205692
0.175869
0.138805
0.102814
0.062364
0.024000
-0.004374
-0.025546
-0.032223
-0.040951
-0.045620
-0.052550
-0.058061
-0.061063
5.752746
10.721000
14.767530
20.226412
25.068893
4.946793
4.392042
4.850886
-0.001550
0.009790
0.007157
0.006555
0.012206
0.005035
0.001975
0.006422
-0.127059
-0.123534
0.251478
-0.007314
0.000000
-3.897326
-3.207778
-3.270464
-2.837270
-2.212974
-0.592369
0.639497
1.633485
2.299405
2.524441
2.295881
1.729887
1.311595
1.082855
0.963382
0.863722
0.734722
0.581890
0.419655
0.242248
0.082488
-0.069308
-0.199220
-0.286554
-0.353551
-0.394873
-0.407845
-0.408197
-0.376781
-1.337773
7.948586
11.928517
14.771454
19.190676
25.705568
-0.010395
0.000368
-0.137000
-0.008070
-0.007046
0.017532
-0.050492
0.054781
0.065564
-0.031670
0.000000
0.062115
0.539979
-0.126254
-0.226437
-0.221677
-0.256461
-0.248163
-0.130428
-0.009574
0.079533
0.140442
0.168075
0.157340
0.129000
0.099820
0.068664
0.039584
0.016367
-0.005142
-0.031651
-0.063928
-0.098231
-0.112100
-0.120745
-0.125061
-1.029241
5.537894
10.399724
13.803039
18.573921
25.349541
7.193304
0.000091
0.005835
1.059270
0.155121
0.135139
-0.041530
-0.090575
0.016350
0.291089
0.000000
-2.337464
-1.304500
-1.163458
-0.684368
-0.299970
0.100087
0.408054
0.445215
0.489717
0.556810
0.639578
0.666869
0.636716
0.566844
0.468454
0.365085
0.265171
0.173264
0.086072
-0.005495
-0.088979
-0.155543
-0.193848
-0.217750
-0.226425
2.136351
8.849008
12.219921
16.098114
22.545837
27.353815
-0.001585
0.001620
1.044119
0.234347
0.164409
0.064569
-0.012895
-0.014618
0.000000
0.684179
0.664002
0.128424
-0.088325
-0.203751
-0.450650
-0.558058
-0.569658
-0.364321
-0.172021
-0.045841
0.039123
0.088924
0.110825
0.110778
0.097114
0.069813
0.044329
0.020565
0.002595
-0.014727
-0.034286
-0.049199
-0.068409
-0.081709
-0.088962
-0.098825
-0.391695
-1.059885
7.529134
11.246482
14.024598
18.295980
24.581656
-4.566054
0.000491
0.004218
-0.446479
-0.012121
0.006365
-0.046874
-0.112238
-0.111059
0.007646
0.451902
0.000000
-0.122341
0.372532
-0.265624
-0.298618
-0.250825
-0.198329
-0.137831
-0.043783
0.049054
0.142993
0.208598
0.248728
0.250690
0.228505
0.183384
0.126465
0.070672
0.018853
-0.019407
-0.045968
-0.064958
-0.087056
-0.100161
-0.110419
-0.121292
-0.120324
-0.998179
7.314450
11.791507
15.352502
21.095745
26.037531
8.812057
-0.000039
0.004096
0.000313
0.006956
0.001106
-0.083417
-0.106222
-0.125858
0.355476
0.029400
0.000000
-2.032401
-1.054912
-1.043331
-0.659112
-0.314372
0.270652
0.656578
0.866267
0.732872
0.613339
0.570963
0.566213
0.556242
0.502296
0.413139
0.304218
0.193700
0.088106
-0.012011
-0.089354
-0.147198
-0.197255
-0.230256
-0.257691
-0.273222
-0.275998
-0.578036
0.260017
8.617537
12.833431
16.451004
22.707722
1.955038
4.238458
7.209370
-0.001365
-0.000322
-0.000339
0.024006
-0.020473
-0.048022
0.411540
-0.012390
0.000000
2.855707
2.841307
1.485554
0.573005
-0.047633
-0.895257
-1.446525
-1.724827
-1.661531
-1.304391
-0.805369
-0.412234
-0.130902
0.080334
0.225706
0.285717
0.307002
0.285712
0.255436
0.203535
0.161083
0.133726
0.105428
0.089932
0.076183
0.062185
0.053826
0.045862
0.033118
-0.029087
-1.630282
7.590971
11.840838
14.320243
18.373125
23.406595
0.017857
-0.006685
0.001626
0.000429
-0.132718
-0.000194
-0.002108
0.003563
-0.003192
0.009249
-0.000594
0.353283
0.165766
-0.057366
-0.005207
-0.072390
-0.072971
0.045950
0.010206
0.018715
-0.000222
-0.000001
0.001864
0.000936
-2.399125
-2.365138
2.514815
-0.009003
-0.007707
-0.021256
-0.017706
-0.017709
-0.014424
-0.014217
-0.009425
-0.006763
0.000000
-1.009025
-1.024436
-1.013248
-0.548308
-0.127130
-0.034901
0.120694
0.278552
0.379404
0.413578
0.412437
0.376651
0.329043
0.274910
0.227643
0.176873
0.117129
0.051439
0.005996
-0.033743
-0.054386
-0.065701
-0.079845
1.971532
7.701874
13.251555
17.478439
22.772448
-1.609494
6.217499
5.282195
5.304490
5.332447
0.010752
0.008241
0.003893
0.016176
0.016682
0.000529
0.002807
0.002782
-0.536454
-0.158296
-0.005856
0.000000
-1.667213
-1.191090
-1.618408
-1.134029
-0.617549
-0.025549
0.361292
0.631424
0.573784
0.484505
0.467394
0.489333
0.516962
0.516049
0.474993
0.409956
0.313321
0.215147
0.127708
0.044900
-0.030801
-0.096743
-0.157037
-0.201512
-0.230177
-0.243519
-0.234229
-0.714786
7.588263
11.875373
15.427537
21.262087
26.539150
4.022975
0.000555
0.004391
0.004492
0.188540
0.015175
-0.043582
-0.100848
0.339676
0.195466
0.000000
-1.618722
-0.955704
-1.381070
-0.908001
-0.441327
0.070801
0.396819
0.436621
0.413019
0.422703
0.487025
0.533694
0.537887
0.499275
0.430327
0.350585
0.259517
0.169520
0.091182
0.017158
-0.046559
-0.103009
-0.141600
-0.168514
-0.186764
-0.183961
-0.671099
7.714948
12.825069
16.922173
22.934628
-7.526952
4.201264
7.948578
8.306896
0.003619
-0.002637
0.002076
0.000081
0.351333
-0.134245
-0.073740
0.815853
0.000000
0.562635
0.998567
0.370054
0.072918
-0.098859
-0.256252
-0.325118
-0.286839
-0.170431
-0.065636
0.016734
0.082652
0.099293
0.096574
0.085558
0.059616
0.024205
-0.003793
-0.026596
-0.043935
-0.048572
-0.050189
-0.054035
-0.052434
-0.062694
-0.075091
-1.070647
6.968298
10.768878
14.117982
18.987234
25.136114
-0.008886
0.000923
0.002857
0.006405
-0.419658
-0.000539
-0.068913
-0.126391
-0.121567
-0.064581
-0.113806
0.000000
-1.098410
-0.400241
-1.128027
-0.840907
-0.494622
-0.148079
0.108356
0.236336
0.353948
0.478750
0.542231
0.552001
0.493267
0.404539
0.306470
0.213534
0.123376
0.044566
-0.028541
-0.090675
-0.147105
-0.187710
-0.207915
-0.222096
-0.220393
-0.190153
7.965560
13.219656
17.663176
23.821621
-3.079274
9.895199
5.026999
-0.015454
0.000304
0.000845
0.002052
0.003492
0.001393
-0.095645
-0.009384
0.000000
3.363426
3.022037
2.140929
1.173107
0.311488
-1.010761
-1.798357
-2.158807
-2.080212
-1.601137
-1.000406
-0.554507
-0.267538
-0.082261
0.007985
0.051083
0.061766
0.053214
0.048890
0.053262
0.049340
0.036598
0.017741
0.003090
-0.014163
-0.024120
-0.021247
-0.233739
-1.109232
7.254327
10.987461
13.930363
18.483133
24.508692
-0.007154
0.001472
0.004103
0.292806
0.000552
-0.034660
-0.001523
-0.000112
0.001419
-0.122579
-0.131551
0.820135
-0.144482
0.000000
3.503865
3.013915
2.116739
1.143268
0.248500
-1.029323
-1.775476
-2.091805
-2.028408
-1.637895
-1.040482
-0.600237
-0.327062
-0.162850
-0.046823
-0.004729
-0.002498
-0.008189
-0.007878
-0.008782
-0.011615
-0.009493
-0.012564
-0.021145
-0.038787
-0.053428
-0.056162
-0.056853
-0.765046
-2.021650
7.742896
11.892819
14.689382
19.456482
25.841585
-0.000059
0.093143
-0.000249
-0.030279
-0.002126
-0.000546
0.021886
-0.001355
0.000155
-0.024699
0.319857
-0.000676
0.000000
-4.432118
-3.169069
-3.252939
-2.737754
-2.094337
-0.523920
0.675476
1.612014
2.219412
2.358177
2.031196
1.542954
1.214726
1.005451
0.847162
0.691514
0.546118
0.386624
0.241001
0.101114
-0.032086
-0.147800
-0.253288
-0.337551
-0.400512
-0.447523
-0.460639
-0.444126
-1.522048
7.859866
12.561271
16.495041
22.465073
27.104355
5.430013
6.996628
-0.002198
0.000833
0.000896
0.134066
0.186906
0.155026
0.035651
0.001880
-0.002831
0.000000
-2.547533
-1.734765
-1.969779
-1.366268
-0.750060
0.120303
0.697509
1.042657
0.996875
0.859375
0.791806
0.750677
0.693873
0.618421
0.500702
0.373557
0.251016
0.155823
0.063170
-0.022741
-0.099421
-0.170676
-0.220859
-0.264038
-0.280864
-0.289270
-1.342934
7.328660
12.791742
16.616972
22.587570
26.801159
6.983052
6.599639
-0.006167
0.000255
-0.001271
0.002179
-0.000641
-0.096602
-0.076993
-0.298055
0.000000
4.419314
4.089309
3.395560
2.480245
1.621909
-0.079194
-1.223969
-2.083354
-2.559726
-2.649744
-2.399589
-1.851605
-1.219677
-0.738866
-0.404187
-0.177045
-0.035042
0.045176
0.090578
0.110603
0.117963
0.109857
0.120585
0.133462
0.147933
0.152978
0.165047
0.167680
0.154875
0.134542
-0.092318
-1.204351
7.652563
11.186936
13.286236
16.266354
21.781713
-0.011341
-0.278303
-1.182571
0.007682
0.001090
-0.001155
-0.000501
0.002389
-0.002549
0.003747
-0.000126
0.003364
-0.191663
0.000000
1.340813
0.341357
-0.321949
-0.524003
-0.533222
-0.866614
-0.997297
-0.858843
-0.493151
-0.163142
0.064684
0.212242
0.276010
0.280605
0.238757
0.177315
0.118349
0.074729
0.026497
-0.020927
-0.075006
-0.130109
-0.174764
-0.206295
-0.223441
-0.223261
-1.419224
7.310051
11.580178
15.717761
22.178846
27.231981
5.024470
8.558097
-0.000171
0.000341
0.994781
0.197067
-0.134163
0.001291
0.059398
-0.347202
-0.003127
-0.002279
0.001911
0.000085
0.000000
-2.145526
-1.429853
-1.683277
-1.216944
-0.511816
0.337800
0.917574
1.257940
1.193986
1.018355
0.901599
0.816945
0.725886
0.604528
0.449630
0.284971
0.131561
-0.004987
-0.115571
-0.197319
-0.248453
-0.277143
-0.304290
-0.320840
-0.336962
1.266864
7.864065
11.475001
14.966599
20.644087
26.750242
-0.009406
0.002031
-0.178220
0.249136
-0.030890
0.127421
-0.017536
0.028595
0.025617
0.000000
0.006305
0.659424
0.071488
-0.135007
-0.198330
-0.248240
-0.230443
-0.126529
0.003405
0.123571
0.206029
0.235213
0.221398
0.177952
0.133902
0.078514
0.027592
-0.018128
-0.052394
-0.084201
-0.109448
-0.127497
-0.138674
-0.145514
-0.148973
-1.736970
4.876628
10.066524
14.155617
19.226822
25.442528
6.759418
-0.001553
0.003059
0.003881
0.001411
1.104261
-0.079817
-0.102691
-0.886443
0.348839
0.000000
-2.439834
-1.610872
-2.153455
-1.634928
-1.001214
0.047290
0.771336
1.239802
1.299326
1.071525
0.934676
0.854662
0.783643
0.689140
0.564742
0.416201
0.279304
0.149313
0.033263
-0.059500
-0.128726
-0.178775
-0.217319
-0.253312
-0.272397
-0.282159
0.956794
7.971132
12.331340
16.274157
22.793480
27.285841
-0.009851
0.001687
0.005904
0.007461
-0.000059
-0.081332
-0.100194
-0.061498
0.363065
0.000000
-1.712981
-0.888644
-1.384799
-0.908378
-0.445553
0.266430
0.748619
1.026112
0.935581
0.692067
0.538715
0.482131
0.459435
0.407080
0.331669
0.251366
0.169448
0.083146
0.007469
-0.054480
-0.096634
-0.122002
-0.146387
-0.163621
-0.171718
-0.177838
0.173363
-0.990993
7.629260
12.283839
16.513372
22.640293
25.346180
-0.085567
0.000241
0.003769
0.000183
0.000779
0.000589
-0.085911
-0.111712
-0.129024
0.235017
0.000000
1.133079
1.142668
0.572860
0.162620
-0.122778
-0.423123
-0.659979
-0.661737
-0.443319
-0.248371
-0.112910
-0.024114
0.012188
0.017429
0.000768
-0.010280
-0.017676
-0.027087
-0.036869
-0.040363
-0.041150
-0.049275
-0.064727
-0.075771
-0.086199
-0.091540
-1.661327
6.766558
12.563231
16.605465
22.257984
-12.500519
3.913483
7.607120
8.951310
-0.000346
0.010974
-0.000427
0.001203
0.003705
0.001388
0.021089
-0.150252
-0.300372
-0.000087
0.000000
-0.951305
-0.982301
-1.326185
-0.951657
-0.477717
0.139671
0.576605
0.892692
1.030270
0.881081
0.644036
0.483552
0.395514
0.321610
0.240021
0.150894
0.054353
-0.032183
-0.113826
-0.167075
-0.199299
-0.217778
-0.231756
-0.243319
-0.254311
-0.268194
-0.267986
-0.888981
7.313431
11.462560
15.106033
20.897091
26.818426
-0.056601
0.003901
0.000405
0.259043
0.172660
-0.027090
-0.071309
0.003040
0.105044
0.000000
-2.227425
-1.177087
-1.698756
-1.134575
-0.574563
0.128705
0.550728
0.753363
0.859561
0.896547
0.857374
0.747703
0.599639
0.445506
0.297495
0.160860
0.049753
-0.041623
-0.120705
-0.193287
-0.249187
-0.292101
-0.317021
-0.318842
5.870431
10.317780
15.252504
20.853670
26.211815
6.199435
9.197910
-0.013691
0.000314
-0.000219
0.003113
0.000585
0.003574
-0.050670
0.000000
-2.023860
-0.942748
-1.513966
-1.020854
-0.503622
0.251849
0.880460
1.133991
1.056211
0.910325
0.769763
0.616298
0.449077
0.299018
0.174625
0.066341
-0.017980
-0.088619
-0.142886
-0.187375
-0.229588
-0.258714
-0.284111
-0.303797
1.621852
7.789209
11.486812
15.866450
22.373962
27.341200
-0.016894
0.001102
0.003853
0.010804
-1.022029
0.002758
-0.077867
0.693858
0.000000
-0.294530
-0.005430
-0.570059
-0.490745
-0.351949
-0.141430
-0.037884
0.049708
0.098574
0.153370
0.206891
0.246210
0.254567
0.228715
0.178678
0.119866
0.061605
0.010154
-0.027513
-0.059321
-0.081405
-0.109706
-0.146500
-0.164964
-0.177578
-0.179846
0.064553
7.645080
12.188137
16.532539
22.937325
20.115589
2.122431
0.001660
0.004512
0.005644
-0.000263
0.001561
-0.100962
-0.106675
-0.108471
0.437935
0.000000
-1.790646
-0.874852
-1.576092
-1.129736
-0.608040
0.135471
0.725191
1.068340
0.989520
0.857778
0.763323
0.665074
0.550974
0.418539
0.286378
0.163645
0.053878
-0.036317
-0.104369
-0.162864
-0.203062
-0.236743
-0.270583
-0.298528
-0.313930
3.166509
8.611205
12.629194
16.755836
23.444811
27.567705
-0.034619
0.001657
0.008901
0.004748
-0.081813
-0.076022
-0.090339
0.169903
0.000000
-1.351697
-0.909685
-1.453431
-1.097750
-0.636451
0.056668
0.480743
0.778720
0.785590
0.617923
0.508155
0.466854
0.436343
0.376658
0.308826
0.235925
0.147368
0.064869
-0.009591
-0.073742
-0.126019
-0.170048
-0.209258
-0.254387
-0.279935
-0.285519
1.684479
7.920097
11.507300
15.563299
22.100466
27.348301
-0.009933
0.004231
0.007482
0.006935
-0.007158
-0.048270
-0.080002
0.445915
0.000000
-1.043177
-0.638358
-1.210731
-1.008408
-0.621028
-0.017476
0.347132
0.602593
0.640027
0.513143
0.426384
0.388851
0.364136
0.317896
0.257661
0.175990
0.100385
0.040759
-0.015542
-0.064276
-0.105909
-0.137229
-0.178696
-0.216687
-0.239812
-0.257489
-0.260066
2.179451
8.831148
13.962270
18.646345
24.655571
1.620465
6.148960
7.725771
0.005088
0.009410
0.000337
0.002260
0.000556
-0.124603
-0.078969
0.047270
0.000000
-0.135706
0.525852
-0.176078
-0.290940
-0.275244
-0.200378
-0.103544
-0.017831
0.077942
0.178656
0.246757
0.267096
0.250244
0.197097
0.129414
0.073255
0.025567
-0.028169
-0.070358
-0.097710
-0.118207
-0.137446
-0.161770
-0.175564
-0.177690
4.583999
9.362214
13.153381
17.599598
24.443855
6.383719
-0.200639
0.003318
0.007246
-0.909198
0.033245
-0.025550
-0.073025
0.221936
0.251880
0.000000
0.208028
0.570964
0.055236
-0.059070
-0.135160
-0.074247
-0.062326
-0.043954
-0.023091
0.003215
0.044531
0.085043
0.129512
0.143874
0.134375
0.107197
0.073421
0.041715
0.008956
-0.023610
-0.046676
-0.054003
-0.051931
-0.049327
-0.051213
-0.052273
-0.058167
-1.320054
6.550321
10.823830
15.054594
20.626829
25.959364
-0.028211
0.000508
0.003977
-0.001162
0.003833
-0.053726
0.000015
0.001110
-0.115197
0.001809
0.329402
0.000000
0.336498
0.696335
-0.045840
-0.275620
-0.324286
-0.414986
-0.449799
-0.416736
-0.214251
-0.012498
0.145712
0.231976
0.244888
0.210171
0.160887
0.107640
0.052908
0.003634
-0.043827
-0.090395
-0.130684
-0.158461
-0.195311
-0.209683
-0.223955
1.230004
5.987684
10.447371
14.710436
20.401461
26.342682
-0.027628
0.001621
0.005713
0.003347
0.001441
-0.077320
-0.087118
-0.087430
0.402666
0.000000
-1.162373
-0.423977
-0.967192
-0.681380
-0.370324
0.175528
0.618353
0.904812
0.956485
0.698311
0.484544
0.357058
0.275698
0.211113
0.141943
0.069421
0.017244
-0.034349
-0.075868
-0.103712
-0.118621
-0.125190
-0.128554
-0.138137
-0.151586
-0.159575
-0.167131
-1.185451
7.232890
12.963161
17.235983
23.058966
-14.897377
10.018953
5.284784
-0.003163
-0.000051
-0.001859
0.002250
0.001192
0.002288
-0.900222
0.018848
0.154908
-0.000018
0.000128
-0.023915
0.000000
-2.264443
-1.283239
-1.960408
-1.550680
-0.975999
0.307021
1.352830
2.054475
2.381660
2.311206
1.886984
1.267339
0.803371
0.499757
0.274654
0.116206
-0.027924
-0.127814
-0.222709
-0.304226
-0.364838
-0.398361
-0.412342
-0.418483
-0.433380
-0.448165
-0.471342
-0.493920
-0.044545
7.354306
11.741730
15.126897
20.787451
26.400757
-0.007920
-0.000915
0.006159
0.009080
0.021144
0.000356
0.002345
0.255100
-0.559624
-0.725272
-0.223914
0.000000
2.281223
2.079975
1.541279
0.914992
0.252292
-0.505061
-1.038500
-1.105423
-0.853896
-0.632326
-0.476840
-0.373789
-0.295569
-0.230995
-0.180839
-0.145147
-0.110590
-0.079370
-0.051075
-0.022923
0.003324
0.029415
0.044896
0.053614
0.049641
0.741904
7.099492
10.767724
15.008916
20.957592
26.138456
-0.007318
0.000402
0.007175
-0.000462
0.005341
-0.000191
0.016687
-0.090676
-0.112713
-0.010124
0.381449
0.110307
0.000000
3.153215
2.945338
2.265502
1.338622
0.515411
-0.598761
-1.474014
-2.041285
-2.253121
-2.162065
-1.851140
-1.338628
-0.790651
-0.333346
0.018034
0.264347
0.409298
0.469713
0.453459
0.404917
0.362200
0.306068
0.259954
0.227968
0.210769
0.195215
0.194244
0.192131
0.179880
0.163028
0.016148
-2.015797
7.116805
11.064949
13.987442
18.431028
24.092567
-3.472473
-0.002837
0.002278
0.000942
-0.003237
-0.002339
-0.002275
-0.001582
-0.002811
0.006494
-0.000106
0.099757
-0.107485
0.149595
-0.007387
-0.216436
-0.038692
-0.050600
0.002292
0.007040
0.000887
-0.000025
0.003692
0.001651
-0.253986
-2.299706
12.792549
-0.100815
-1.960448
-0.237116
-1.854386
0.119094
0.541445
1.051407
1.521256
0.442076
0.751670
0.987648
0.000000
-2.728511
-2.067560
-2.312511
-2.112264
-1.270230
-0.985070
-0.116680
0.579253
0.983655
1.141429
1.146506
1.072574
0.956671
0.824634
0.674050
0.510686
0.323832
0.138317
-0.014243
-0.125239
-0.212249
-0.261956
-0.279217
7.665081
13.508179
17.449196
21.925470
-5.914301
-2.648655
-1.004971
1.708343
7.076842
6.979971
4.665274
3.621825
4.647235
0.003749
0.002305
0.004873
0.002949
0.004173
0.000598
-0.024398
-0.263252
-0.149063
0.000000
-2.388231
-1.527253
-2.115161
-1.744433
-1.174325
-0.114962
0.619614
1.167982
1.334564
1.133353
0.983231
0.874028
0.788966
0.671992
0.528706
0.367188
0.219385
0.079532
-0.038813
-0.135351
-0.220072
-0.301427
-0.371751
-0.429321
-0.472534
-0.511827
4.734150
10.116963
15.444893
20.566875
25.630636
1.302412
9.451754
5.315796
-0.000238
0.001290
0.001985
0.002167
0.003101
-0.044281
-0.164589
0.132243
0.000000
2.935026
2.466112
2.003174
1.192682
0.420667
-0.583469
-1.457414
-1.986093
-2.111315
-1.838812
-1.219938
-0.714571
-0.374335
-0.156256
-0.039051
0.018699
0.056326
0.083273
0.089957
0.101266
0.101273
0.096092
0.083730
0.074797
0.077746
0.070113
0.062316
-0.505182
-0.134944
7.556028
11.856313
16.369488
22.358013
26.620705
-0.009985
0.000689
0.003630
-0.000262
0.006081
0.013231
0.000075
-0.106774
-0.110946
-0.090272
0.199719
0.003588
0.000000
4.606836
4.529701
3.801261
2.822342
1.906427
0.041901
-1.360065
-2.425897
-3.106178
-3.393819
-3.382865
-3.108496
-2.517421
-1.772798
-0.960203
-0.275703
0.164392
0.393519
0.470559
0.459147
0.418459
0.366877
0.336287
0.311373
0.283531
0.272231
0.263735
0.269470
0.269520
0.259335
0.176989
-0.302150
4.116305
9.671738
12.590377
15.720648
21.126215
25.995205
-5.295427
0.007236
-0.362150
-0.001044
-0.001289
0.000104
0.000554
-0.003034
0.007328
0.000064
0.002370
0.133089
0.005633
0.005207
-0.035218
-0.113154
-0.103956
0.005477
0.007482
0.000348
-0.001205
0.000105
0.001208
0.000857
-0.298597
-1.657140
-11.133925
9.832806
-0.315428
0.001244
-0.003972
0.016748
0.000000
-0.288283
-0.948355
-1.206059
-1.514516
-1.014755
-0.331982
0.266005
0.626109
0.779078
0.775823
0.681350
0.531144
0.369521
0.220867
0.091777
-0.019885
-0.100521
-0.165856
-0.226872
-0.271109
-0.310501
-0.329472
8.417350
13.533108
17.900286
22.998287
-2.974499
-2.490447
-0.834705
6.276009
8.451758
7.270308
3.749807
-0.013581
0.003635
0.001152
-0.115676
0.003107
0.005263
0.002629
0.002686
-0.026462
-0.000587
-0.000372
-0.010172
-0.094382
0.000000
-2.458674
-1.755889
-2.339445
-1.897568
-1.337759
-0.073489
0.966102
1.701476
2.092318
2.086139
1.648038
1.150262
0.804520
0.569769
0.382703
0.226343
0.077840
-0.039469
-0.142798
-0.235006
-0.306720
-0.347863
-0.388998
-0.429808
-0.479049
-0.520247
-0.552018
1.595879
8.087425
13.039129
17.037880
23.426743
-6.824031
4.160377
7.745116
0.003731
0.002627
0.000787
0.006672
0.001895
-0.059150
0.002822
0.000000
-1.377238
-0.821791
-1.393758
-1.521912
-0.983517
-0.194662
0.318748
0.599818
0.634744
0.655234
0.654742
0.625752
0.549697
0.440445
0.321832
0.211986
0.122772
0.040713
-0.035859
-0.105416
-0.160993
-0.215212
-0.261374
-0.287918
-0.300367
4.637291
9.556098
15.149142
20.363836
25.564558
5.231497
5.660279
8.481763
0.000192
-0.000984
0.003226
0.004618
0.002904
0.000603
-0.081795
0.174495
0.000000
1.899101
2.075816
1.439919
0.951353
0.347083
-0.363384
-1.025449
-1.355932
-1.178530
-0.831110
-0.532536
-0.321136
-0.177730
-0.078811
-0.012224
0.027776
0.044823
0.052045
0.049769
0.044138
0.047359
0.046176
0.043397
0.045552
0.046091
1.692739
7.259049
10.663248
15.157751
21.099554
26.315033
-0.090271
0.000396
0.006057
-0.000148
0.000137
0.016067
-0.015362
-0.106601
0.358042
0.315197
0.373846
0.000000
2.597530
2.717207
1.994137
1.049305
0.266115
-0.656572
-1.637368
-2.197040
-2.334639
-2.105666
-1.501910
-0.794508
-0.192334
0.222545
0.434653
0.503395
0.490140
0.417330
0.334043
0.257863
0.195797
0.135177
0.086817
0.066475
0.047141
0.027286
0.018356
0.018705
-1.595398
6.718796
11.319702
15.863192
21.449867
26.123716
0.000039
0.000434
0.002177
0.000610
0.003024
-0.000909
0.000103
-0.100650
-0.115407
-0.112606
-0.639718
0.038852
0.000000
4.696885
4.356825
3.697961
2.757370
1.935294
0.205719
-1.176906
-2.224032
-2.905076
-3.199723
-3.185664
-2.883524
-2.217523
-1.458900
-0.748306
-0.225309
0.089349
0.250985
0.303802
0.312297
0.296249
0.285767
0.270268
0.252380
0.244620
0.254189
0.261268
0.256912
0.245058
0.222686
0.032182
-0.689162
7.481731
10.988035
13.864225
18.482571
24.192026
0.006678
0.000404
0.006178
-0.192773
-0.000105
0.001253
-0.003851
-0.004031
-0.002112
0.005796
-0.335705
0.250091
0.007381
0.107337
-0.011543
-0.042149
-0.094003
-0.094877
0.006971
-0.001231
-0.000598
-0.000031
0.000489
0.001128
-0.000003
-2.538599
-6.154119
-1.525512
8.091088
7.604318
-0.258748
-0.099214
0.404361
0.787265
0.945550
0.308303
0.709911
0.602178
0.918472
0.485718
-0.364031
-1.776341
0.000000
-2.885195
-1.234224
-1.764804
-1.582239
-0.782024
-0.085769
0.289984
0.504769
0.657295
0.765485
0.828143
0.864084
0.823064
0.747821
0.669743
0.587251
0.494778
0.371145
0.224948
0.082815
-0.031454
-0.110297
-0.169086
-0.203435
2.442285
9.779043
14.471294
18.866993
23.562878
-0.818079
0.082421
2.989224
4.791219
5.676520
0.040199
0.000870
0.001824
0.008842
0.001343
0.003622
0.000557
0.018671
0.001840
0.071305
0.001049
-0.191083
-0.139995
-0.005489
0.000000
1.249823
1.204236
0.585556
0.165220
-0.131587
-0.632222
-0.971904
-0.838701
-0.562847
-0.344856
-0.195854
-0.100721
-0.049040
-0.024980
-0.019837
-0.019356
-0.021403
-0.032139
-0.052045
-0.076006
-0.112720
-0.147333
-0.185653
-0.213573
1.859443
7.748965
13.084282
17.445192
23.562820
-7.375255
4.357945
7.850037
-0.000375
-0.000852
0.001563
0.005908
0.002492
0.000042
0.002656
-0.030804
-3.114614
0.000000
4.057615
3.659629
3.045343
2.227986
1.386655
-0.195816
-1.717440
-2.776451
-3.350170
-3.495201
-3.174725
-2.471891
-1.671913
-0.802001
-0.099580
0.319405
0.514954
0.569939
0.535036
0.473919
0.409449
0.333683
0.262244
0.212280
0.176206
0.152998
0.150470
0.143820
-0.803703
6.430162
10.357600
14.747054
19.650148
25.452833
-6.356667
0.000277
0.005984
0.006535
-0.351437
-0.000291
0.005449
-0.100298
0.037603
-0.391591
-0.585738
0.000000
1.871288
2.016965
1.401093
0.989666
0.375915
-0.330018
-0.966156
-1.300862
-1.134743
-0.796003
-0.518848
-0.321900
-0.197810
-0.117051
-0.065594
-0.027936
0.000549
0.013999
0.011823
0.018046
0.014547
0.011248
0.009593
0.011306
0.010280
-0.008594
5.375858
9.567008
14.023739
18.744061
24.618443
-0.069374
-0.002015
0.006287
0.008827
0.001011
0.007284
0.017095
-0.090171
-0.112179
0.515507
0.368864
0.000000
-1.477836
-0.787503
-1.438690
-1.533188
-0.998986
-0.107346
0.965267
1.595549
1.961044
1.972264
1.564102
0.992287
0.543204
0.222253
0.006716
-0.129160
-0.215655
-0.265595
-0.296587
-0.305843
-0.307348
-0.292424
-0.276359
-0.272931
-0.275515
-0.294887
-0.298830
-0.333855
6.600917
10.869782
15.378813
20.931532
26.172228
-0.015470
0.000563
0.006911
0.007458
0.005393
-1.199972
0.000114
0.001991
-0.071491
0.374226
0.000000
-1.970388
-1.149648
-1.675425
-1.771082
-1.122952
-0.125625
0.895191
1.541312
1.820436
1.612033
1.178874
0.816311
0.549038
0.345824
0.187132
0.067766
-0.034106
-0.111192
-0.158866
-0.189631
-0.209203
-0.232541
-0.248347
-0.274889
-0.296219
-0.325818
3.276350
8.682908
14.406270
18.933214
24.400728
-4.814341
9.518394
6.148515
-0.021769
0.000330
0.004496
0.002807
0.005942
0.002890
1.502192
-0.233354
0.288522
0.199453
0.000000
-3.453372
-2.411681
-3.019748
-2.836672
-2.234551
-0.766437
0.999784
2.413599
3.362179
3.453599
2.892638
2.192040
1.453076
0.824511
0.342023
0.001469
-0.239683
-0.396873
-0.487703
-0.522323
-0.524648
-0.516951
-0.519248
-0.547231
-0.595909
-0.624018
5.848614
12.970752
16.970121
22.345463
26.175701
4.549810
5.299927
-0.011345
-0.000424
0.001806
0.006547
0.003472
0.000331
0.003857
0.026803
0.004955
-0.253175
-0.273426
-0.354859
0.000000
0.649678
1.058695
0.409629
0.103353
-0.145727
-0.245037
-0.388742
-0.292991
-0.154471
-0.044640
0.025255
0.051516
0.057258
0.032098
-0.000308
-0.022450
-0.038231
-0.058291
-0.077103
-0.092469
-0.110126
-0.130560
-0.144858
-0.164634
-0.172093
6.736946
11.833666
16.107664
22.349283
-10.233631
9.044920
5.668159
-0.001430
-0.001100
-0.001064
0.000059
0.003162
0.002438
-0.002235
-0.151906
0.000617
0.348335
-0.319474
-0.662569
0.000000
1.091396
1.436787
0.734454
0.276284
-0.086703
-0.356744
-0.678347
-0.798953
-0.566148
-0.306814
-0.094445
0.029011
0.084248
0.097330
0.083278
0.053357
0.018461
-0.012307
-0.040373
-0.069594
-0.094741
-0.114405
-0.139214
-0.160697
-0.164686
4.513708
9.313039
14.793741
20.143911
25.223543
6.437090
10.862678
4.911350
-0.002253
-0.001672
-0.000905
0.001696
0.003455
0.002304
0.000167
0.214468
0.001556
0.504367
0.047871
0.000000
1.007471
1.380995
0.646519
0.129906
-0.186125
-0.388590
-0.700374
-0.845081
-0.763013
-0.456582
-0.163161
0.056119
0.169607
0.199719
0.172115
0.133439
0.093561
0.048362
-0.003490
-0.050125
-0.090715
-0.120913
-0.147398
-0.171675
-0.191295
-0.199773
6.706957
11.059167
15.741694
22.139862
26.850061
7.447261
6.693835
0.000208
-0.001261
-0.000280
0.005529
0.001198
-0.096120
-0.011684
0.654474
0.000000
5.460048
5.118516
4.483397
3.922225
3.102770
1.449234
-0.432947
-1.883879
-3.053361
-3.835969
-4.225908
-4.248685
-3.811165
-3.039601
-2.171280
-1.177249
-0.321173
0.230364
0.504933
0.591730
0.601770
0.587824
0.553656
0.534407
0.511240
0.517483
0.516316
0.512472
0.501987
0.468022
0.121425
-0.546756
7.245944
11.119201
14.798505
18.977001
23.942339
0.015293
-0.009726
0.003527
-0.001159
0.261026
-0.013768
0.019663
0.005181
0.007503
-0.003561
0.009487
0.011489
0.309037
0.004617
0.002366
-0.001772
0.019784
-0.071886
0.009708
0.017937
0.000190
-0.000941
-0.000011
0.000784
0.000613
-0.902917
3.967629
-10.160870
9.574544
7.654075
-0.891481
-3.402711
-5.290906
-0.755696
-1.111031
0.590297
-1.007245
1.084555
-0.108357
0.328507
0.398603
0.483071
0.571594
0.466912
0.556983
0.660104
0.000000
-8.194091
-7.027431
-7.391248
-6.576620
-5.687360
-4.736634
-2.533706
-0.645978
1.026403
2.422684
3.359056
3.509880
3.223428
2.966157
2.778624
2.550294
2.305696
2.062741
1.816978
1.552715
1.248618
0.879057
0.485091
0.089092
-0.241522
-0.510626
7.100595
15.576299
17.445686
18.621319
21.318857
-2.993981
1.040051
4.665630
4.987010
5.187013
5.483415
-6.532711
-3.549248
1.620460
1.209991
0.754964
4.635844
3.961162
0.084324
0.147940
0.068530
0.104649
0.012139
-0.022747
0.018811
0.056060
0.003331
0.001356
0.042955
0.076969
-0.000334
-0.000000
0.075766
0.012173
-0.118766
-0.145592
-16.715256
-13.277032
-10.568827
-7.764098
-9.025837
-5.762461
-6.286048
-5.986603
-5.005689
-3.964753
-3.178255
-2.584778
-1.948111
-1.455479
-0.821794
-0.252983
0.252822
0.283800
0.582296
0.962565
0.000000
-1.356415
-0.073580
-0.312783
-0.343322
-0.238229
0.046461
0.220063
0.312809
0.393249
0.439398
0.451145
0.427211
0.362281
0.286764
0.205832
0.129987
0.070040
0.013656
-0.028616
-0.057763
-0.077622
-0.100136
-0.110734
-0.120599
2.077415
9.467618
14.173288
18.856030
23.588987
2.987646
-0.047478
2.620116
4.912682
5.567288
3.269515
-0.008313
-0.001367
0.001437
0.001548
0.001184
0.010693
0.000957
0.003400
0.003240
0.002633
-0.002408
0.002465
0.002114
0.358458
-0.072973
-0.004064
0.002936
0.008481
0.011313
-0.000039
-0.000018
0.001583
0.000722
0.000000
-0.703287
-13.061255
9.184218
-0.480143
0.049514
0.015067
0.019190
-0.109182
-0.061217
-0.008499
-0.013929
-0.489375
-0.027453
-0.001888
0.000000
-18.798693
-19.363972
-12.677755
-6.246064
-6.787601
-4.989185
-3.064958
-2.572037
-1.931307
-1.157368
-0.094475
1.253431
2.935925
4.683215
6.130075
7.082257
7.859521
9.049685
10.914059
13.628525
14.543173
12.416854
9.330991
8.098340
7.493413
7.258766
7.045068
6.813921
6.545547
6.066314
6.983764
7.412743
0.001838
-0.001612
-0.003122
0.000000
0.804879
1.008134
0.668410
0.650286
0.348891
0.239757
-0.053909
-0.231940
-0.306844
-0.319571
-0.295818
-0.264760
-0.218374
-0.172654
-0.126663
-0.083803
-0.048246
-0.014085
0.019027
0.042627
0.066470
0.085475
0.090671
1.921853
7.332797
12.227926
16.267925
22.317883
26.325012
-0.034024
0.004176
0.004199
-0.000510
-0.000535
0.000950
0.011963
0.000914
-0.115007
-0.109241
-0.116466
0.096856
0.000000
3.867573
3.524151
2.850930
1.940302
1.095837
-0.462353
-2.223410
-3.381932
-3.966959
-4.155756
-3.812138
-3.072995
-2.130942
-0.996579
0.154912
0.934625
1.251554
1.257221
1.091227
0.868624
0.656226
0.473016
0.311905
0.199618
0.131918
0.070110
0.039625
0.029263
4.563911
9.278696
14.666070
18.746618
24.433821
27.271994
-0.001662
0.006747
0.007347
0.006714
0.013708
-0.055720
-0.095633
-0.100359
0.454373
0.340244
0.000000
1.892538
2.148165
1.552209
1.296059
0.633241
-0.173852
-1.256332
-1.852894
-2.159736
-1.977795
-1.372314
-0.690430
-0.128181
0.229796
0.402473
0.453422
0.424579
0.357621
0.284180
0.218684
0.165701
0.128454
0.103287
0.092641
0.094380
0.093729
0.099687
4.481126
9.087509
13.498332
18.210859
24.261423
6.955716
-0.000671
0.008834
0.004339
0.009458
0.011065
-0.663151
-0.098771
-0.099442
-0.050084
0.219301
0.000000
0.796232
1.380159
0.707047
0.497435
0.192484
-0.127043
-0.562872
-0.819663
-0.931317
-0.915387
-0.581433
-0.220033
0.054329
0.220925
0.284031
0.270835
0.224188
0.163778
0.100690
0.049187
0.011421
-0.015231
-0.039243
-0.051677
-0.063562
-0.072955
-0.073931
5.535955
9.960131
15.453392
20.690989
25.484583
4.895713
7.397822
0.002846
0.011236
0.004983
0.002632
0.000457
0.001378
0.003721
-0.109769
-0.038857
0.015574
0.000000
3.871019
3.504165
2.858206
2.379203
1.526551
0.095213
-1.712439
-2.927831
-3.631026
-3.891646
-3.610803
-2.878124
-2.005341
-0.984756
-0.036655
0.572760
0.844768
0.885791
0.812001
0.669495
0.526410
0.404482
0.307309
0.231023
0.177124
0.151332
0.143611
0.161933
4.466983
8.987459
12.897230
18.068026
24.040241
27.242071
-0.007683
0.009634
0.004482
-0.000725
0.005798
0.017531
0.000259
-0.101185
0.450870
0.370609
0.000000
-1.073242
-0.477341
-1.089908
-1.272053
-0.854887
-0.277785
0.507957
1.098145
1.447628
1.614138
1.434842
0.941939
0.497767
0.171182
-0.042814
-0.182888
-0.257480
-0.289114
-0.297885
-0.284066
-0.281723
-0.274773
-0.266847
-0.272810
-0.291398
-0.318791
-0.356991
-0.371042
5.723495
10.828666
16.046146
21.407297
25.940830
7.413422
8.604759
-0.019486
-0.000816
0.004417
0.000257
0.002113
-0.000484
0.002029
-0.026492
-0.187105
0.084748
0.000000
3.513616
3.037203
2.564234
2.340189
1.537840
0.427387
-1.294917
-2.393715
-3.105098
-3.364072
-3.155927
-2.482355
-1.713100
-0.881784
-0.221227
0.184006
0.392398
0.460074
0.449759
0.409200
0.367168
0.321383
0.281267
0.260666
0.238429
0.219717
0.209871
0.212772
3.310506
8.234077
11.860602
16.529770
22.268982
26.623613
-0.005999
0.003712
0.007757
0.003558
-0.000106
-0.000221
-0.000073
0.000034
0.281930
-0.092636
-0.109831
0.000000
-0.538785
0.296037
-0.441159
-0.752046
-0.593575
-0.154408
0.286672
0.590414
0.789147
0.678336
0.512724
0.345079
0.199883
0.076675
-0.017053
-0.079618
-0.123839
-0.154596
-0.182349
-0.207743
-0.226902
-0.257521
-0.301431
-0.342399
-0.384903
1.753563
7.852731
14.913152
19.483549
24.029743
-4.717159
3.102534
5.320467
8.940163
-0.000830
0.001243
0.008564
0.003226
0.001844
0.003597
0.000637
0.003214
0.001286
-0.072680
-0.148174
-0.119292
0.000000
1.956621
1.844576
1.219168
0.834367
0.247059
-0.410322
-1.164254
-1.351676
-1.065379
-0.748090
-0.496446
-0.323280
-0.203346
-0.124378
-0.072995
-0.040385
-0.029931
-0.022451
-0.027072
-0.033055
-0.042967
-0.061281
-0.073048
-0.085689
-0.087860
6.528173
12.855886
16.703505
21.928385
18.889063
9.260338
-0.000522
0.007064
0.003960
0.011036
0.007655
0.015264
0.001782
0.002876
0.001703
-0.000863
0.002183
-0.203444
0.026695
0.003995
0.000000
-2.649143
-1.815177
-2.386367
-2.591729
-1.990539
-0.865730
0.901858
2.243061
3.170422
3.422991
3.011081
2.265459
1.436395
0.649284
0.084760
-0.292358
-0.509561
-0.624906
-0.661573
-0.646871
-0.604265
-0.558075
-0.537156
-0.544935
-0.585061
-0.636307
1.572188
7.985456
15.016593
19.765188
24.313301
-0.116648
7.521187
9.026785
-0.002199
0.003460
0.000320
0.003874
0.035927
-0.001751
0.000323
0.003485
0.000135
0.002393
0.002019
-0.004866
-0.288276
0.004401
0.386877
0.000000
-1.185526
-0.623230
-1.224286
-1.604688
-1.128816
-0.320024
0.302824
0.737992
0.809615
0.801914
0.769126
0.706259
0.597575
0.458670
0.310881
0.165852
0.038583
-0.065928
-0.144784
-0.215422
-0.275991
-0.345930
-0.408580
-0.477471
-0.527185
4.762860
12.875595
16.943510
21.448967
24.971582
-0.306402
4.574544
5.935047
7.787804
0.000644
0.003131
0.001348
0.002957
0.003906
0.034843
0.004194
0.002064
0.003972
0.001079
0.841019
-0.126633
-0.004063
0.000000
-0.705894
-0.242468
-0.857919
-1.128244
-0.813529
-0.352974
0.004330
0.237287
0.420591
0.523675
0.531456
0.486756
0.395739
0.293477
0.193864
0.097564
0.012270
-0.052262
-0.116594
-0.174026
-0.238088
-0.282184
-0.324068
-0.351323
3.477483
11.489199
15.902976
20.279860
24.427742
-1.577192
4.139797
5.257006
5.563138
-0.000510
0.001511
0.008153
0.002846
0.002393
0.004106
0.000511
0.004389
0.002041
0.004145
0.000828
-1.256531
0.695710
0.004966
0.000000
-0.001392
0.301374
-0.298255
-0.574519
-0.491628
-0.367190
-0.317505
-0.131518
0.045291
0.160715
0.215774
0.206009
0.176637
0.130988
0.077809
0.026524
-0.020486
-0.059542
-0.106050
-0.154484
-0.191597
-0.223614
-0.255868
-0.273270
5.859699
13.162143
17.203836
22.008118
25.449297
1.452496
4.424913
4.407475
5.002066
0.001459
0.000921
0.001531
0.004971
0.000841
0.011840
-0.000056
0.003971
0.001640
0.002732
-0.166684
-0.005415
0.000000
1.387976
1.392953
0.793466
0.420998
0.024853
-0.392863
-0.767039
-0.694491
-0.541711
-0.399509
-0.306795
-0.238009
-0.176634
-0.135694
-0.107727
-0.087342
-0.071926
-0.072022
-0.078347
-0.092865
-0.103112
-0.117115
-0.133734
-0.150860
5.692368
12.409923
16.336432
21.423628
25.407406
-1.315817
8.162292
8.698202
-0.001394
0.008334
-0.000867
0.001993
0.005457
0.002448
0.001017
0.006572
0.012716
1.856990
-0.063962
-0.009146
-0.099553
0.000000
1.076826
1.404608
0.703592
0.313975
-0.047957
-0.314564
-0.823175
-1.063812
-0.904201
-0.543031
-0.215170
0.008479
0.125810
0.166551
0.162916
0.129117
0.072530
0.020843
-0.029778
-0.067150
-0.104642
-0.137759
-0.174742
-0.202282
-0.217482
3.336905
8.571463
15.051947
19.862688
24.455227
3.425059
3.612141
4.754819
5.009523
-0.000819
-0.000951
0.001933
0.004222
0.002458
0.001225
0.007394
0.000715
0.003085
0.059459
-0.130891
0.287635
0.000000
0.950728
1.178074
0.525504
0.147868
-0.127522
-0.395868
-0.666617
-0.557191
-0.385771
-0.239135
-0.151629
-0.097094
-0.057767
-0.042657
-0.040577
-0.041461
-0.048907
-0.065240
-0.086937
-0.110739
-0.134835
-0.167275
-0.197012
-0.213943
5.814888
12.605378
16.793840
21.894993
25.539343
0.979671
4.602419
4.588019
0.052697
-0.001803
0.000239
0.002364
0.003170
0.003289
-0.000402
0.004088
0.001544
0.003774
0.001891
-0.149963
-2.232153
0.003075
0.000000
-0.155560
0.217389
-0.391684
-0.692462
-0.587987
-0.296773
-0.140423
-0.012795
0.109668
0.230656
0.303488
0.310068
0.264757
0.194706
0.126984
0.058038
-0.007970
-0.067265
-0.116753
-0.167180
-0.214271
-0.260292
-0.299107
-0.333030
-0.369133
7.109002
13.969892
19.039234
23.733057
-6.583395
5.557013
10.177242
12.499392
-0.000665
-0.001955
0.002005
0.055087
0.010480
0.000252
0.002575
0.000484
0.003980
0.005326
-0.000317
0.003136
0.000921
-0.236847
-0.077788
-0.082433
-0.047410
0.000000
-0.123474
0.096374
-0.493543
-0.849597
-0.704702
-0.389525
-0.113207
0.100668
0.256167
0.364213
0.339353
0.318036
0.298838
0.254355
0.197488
0.121563
0.045684
-0.021805
-0.080826
-0.135850
-0.182653
-0.220190
-0.268942
-0.316112
-0.370210
-0.425025
-0.467623
4.660804
13.246974
16.877920
20.692825
24.200459
2.606528
2.316504
3.706043
4.838877
-0.015035
-0.003703
-0.001236
0.002845
0.002496
0.002996
-0.347653
0.015554
0.002745
0.002455
0.000753
0.004195
-0.160306
-0.000210
0.003112
0.000000
1.251875
1.286711
0.659472
0.284685
-0.061690
-0.345939
-0.923811
-1.060983
-0.791951
-0.495978
-0.267887
-0.115452
-0.031923
0.016494
0.032393
0.021502
0.004592
-0.015347
-0.043521
-0.075892
-0.106775
-0.137321
-0.161057
-0.185071
-0.199296
6.771644
14.107955
18.471376
22.799290
-8.972664
1.334864
5.361157
6.252283
6.772328
0.001702
0.024941
0.002399
0.002816
0.003247
0.000248
0.004015
0.001752
0.003026
0.001108
-0.027771
-0.165233
0.006343
-0.012556
-0.084378
0.000000
1.007913
0.993676
0.358940
-0.030200
-0.251856
-0.403626
-0.888254
-1.103459
-0.878376
-0.511827
-0.201461
-0.005009
0.105303
0.146499
0.145689
0.115437
0.072638
0.016274
-0.045889
-0.102641
-0.151747
-0.196004
-0.238685
-0.267485
-0.300315
3.409161
11.871001
16.063852
19.872152
23.853609
3.858609
1.859959
3.285856
4.532621
0.005276
0.000237
0.009739
0.001992
0.006351
0.000886
0.010293
0.015532
0.003602
0.002453
0.002790
0.001789
0.004198
0.042754
0.005836
-0.031328
0.000000
1.095860
1.123540
0.502814
0.157655
-0.111812
-0.349572
-0.797942
-0.759405
-0.553929
-0.358986
-0.222996
-0.132459
-0.077584
-0.052426
-0.035436
-0.030507
-0.042055
-0.058085
-0.079103
-0.102052
-0.135620
-0.172307
-0.199929
-0.219699
3.518379
11.032367
15.527947
20.091648
24.415981
-1.632832
4.263365
5.608343
5.702118
-0.002647
-0.001873
0.001132
0.006618
0.003131
-0.462577
0.003983
0.004333
0.003972
0.002059
-0.135162
0.001205
-0.194149
0.004989
-0.002840
0.000000
1.861009
1.685241
1.091060
0.705327
0.181223
-0.362711
-1.198660
-1.426259
-1.128412
-0.790610
-0.541289
-0.363919
-0.239004
-0.152279
-0.089077
-0.052148
-0.027056
-0.026536
-0.036482
-0.054631
-0.070587
-0.100397
-0.124193
-0.134629
2.059866
7.878477
14.368977
19.404146
24.084288
-5.892965
5.900429
10.499445
12.147861
-0.000633
0.005201
0.000036
0.044468
-0.000309
0.003988
-0.000032
0.003303
-0.000541
0.002352
-0.003024
0.002813
0.003181
-0.192607
-0.108272
-0.047771
0.000000
-0.119540
0.042925
-0.590869
-0.964354
-0.790578
-0.455956
-0.306827
-0.171813
0.027084
0.205298
0.334791
0.381918
0.363562
0.294738
0.201835
0.106957
0.013739
-0.059473
-0.122669
-0.189880
-0.257810
-0.325505
-0.391890
-0.441738
-0.487770
7.486311
13.788741
18.130999
22.426340
-8.694650
3.137331
6.506123
8.528677
4.693906
-0.000469
0.001968
-0.405945
-0.017744
0.002146
0.011840
0.001468
0.003877
0.002028
-0.019010
0.003727
-0.025950
0.000398
0.002969
-0.176597
-0.054300
-0.028344
-0.009566
0.002288
0.019999
-0.003544
-0.000541
0.002269
0.002040
0.000803
-0.004858
-1.843163
3.194631
-0.115904
-1.881495
-6.446727
-10.031200
-13.032542
0.000000
0.407987
-0.354900
-0.492609
-0.602311
-0.418116
-0.293380
-0.237597
-0.158039
-0.125174
-0.103131
-0.084607
-0.065414
-0.054668
-0.043241
-0.022273
-0.001137
0.013089
0.010899
-0.009569
-0.041519
-0.079907
-0.118417
-0.143889
-0.169241
2.729974
10.840190
15.000106
18.616072
22.711531
-8.082830
0.976164
1.523143
6.557512
7.059240
6.395392
-0.033258
-0.001429
-0.000304
0.000987
0.001180
0.005000
0.002103
0.005575
0.002141
0.006490
0.001254
0.002965
0.005116
0.002136
-0.084731
0.008803
0.008706
-0.006113
0.058453
0.012105
-0.000012
0.001408
0.000569
0.002241
-0.070022
-7.100362
7.032337
0.114475
-0.857380
1.495309
0.829680
-0.426154
-0.740145
0.782509
-0.531246
-0.661713
0.172162
1.039426
-0.639763
-1.883590
0.737757
-2.130985
-4.207815
0.050852
1.396119
0.000000
-5.238438
-4.767185
-4.798728
-4.452513
-3.369796
-2.495928
-1.361786
-0.351668
0.757122
1.579936
2.028971
2.128414
2.021845
1.876242
1.726670
1.546978
1.345021
1.099728
0.810163
0.505554
0.209590
-0.054316
-0.267836
-0.404754
9.000292
15.046779
16.657885
18.503645
-2.346066
-1.029517
1.262266
1.397063
6.448784
7.940553
7.126178
-0.191641
3.791512
-0.002695
0.037470
0.029070
-1.652900
