0.000081
0.002282
0.012413
0.015216
0.015015
0.014653
0.014704
0.018235
0.015647
0.007953
0.002298
0.025070
0.047406
0.060237
0.074426
0.059012
0.003049
-0.031706
-0.035352
-0.047290
-0.074637
-0.075052
0.087507
0.301981
0.527702
0.777193
0.863000
0.863000
0.863000
0.829498
0.739041
0.640935
0.565558
0.520045
0.449678
0.361832
0.277723
0.189066
0.077992
-0.079199
-0.242575
-0.323317
-0.362818
-0.425753
-0.508722
-0.527721
-0.451674
-0.335547
-0.216543
-0.112836
-0.093036
-0.181025
-0.303353
-0.341014
-0.301188
-0.258082
-0.224921
-0.198938
-0.174791
-0.120128
-0.063062
-0.004816
0.061897
0.126572
0.181189
0.216573
0.231383
0.231556
0.263132
0.305929
0.332668
0.370899
0.430551
0.485787
0.532719
0.580777
0.631257
0.690548
0.755169
0.863018
0.863000
0.856551
0.825438
0.766736
0.712790
0.673214
0.656675
0.661732
0.691085
0.743756
0.801067
0.863000
0.863000
0.863000
0.863000
0.863000
0.863000
0.863000
0.862091
0.856463
0.853198
0.862501
0.853269
0.797847
0.748577
0.764909
0.781661
0.802141
0.809292
0.808106
0.824278
0.863000
0.863000
0.863000
0.863000
0.862079
0.863000
0.863000
0.863000
0.863000
0.862938
0.861561
0.854501
0.811132
0.714756
0.659605
0.677909
0.758720
0.826380
0.863000
0.857044
0.812640
0.739572
0.665147
0.612336
0.579221
0.538989
0.487956
0.443466
0.404219
0.373177
0.331928
0.294949
0.271508
0.253161
0.232772
0.215022
0.200894
0.181901
0.188251
0.191062
0.190690
0.183574
0.167517
0.149793
0.134043
0.116496
0.106400
0.081869
0.071853
0.075637
0.059412
0.044989
0.047110
0.050274
0.045878
0.038648
0.048987
0.047399
0.049328
0.057457
0.058600
0.053351
0.055792
0.067678
0.062475
0.056769
0.052437
0.035633
0.030359
0.033172
0.017734
0.004456
0.005215
0.006518
0.004559
0.003964
0.017186
0.012034
0.014014
0.026267
0.040971
0.038506
0.037040
0.049107
0.044164
0.034017
0.023228
0.002402
-0.002481
-0.000902
-0.014534
-0.026758
-0.027187
-0.026736
-0.029553
-0.028843
-0.014897
-0.028652
-0.024953
-0.007090
0.013529
0.016229
0.025276
0.034720
0.034261
0.029821
0.023624
0.003461
-0.006546
-0.006913
-0.022350
-0.036978
-0.039147
-0.042309
-0.047526
-0.048557
-0.041695
-0.061174
-0.058221
-0.039164
-0.013944
-0.007365
0.004203
0.010925
0.010217
0.006477
-0.000303
-0.023071
-0.030012
-0.030562
-0.047050
-0.061578
-0.062823
-0.065453
-0.070735
-0.072179
-0.060572
-0.078796
-0.076221
-0.057673
-0.035504
-0.029121
-0.018204
-0.011148
-0.017451
-0.022824
-0.028466
-0.050333
-0.059262
-0.062084
-0.078116
-0.090979
-0.090017
-0.092354
-0.098060
-0.099947
-0.086275
-0.099425
-0.095323
-0.076020
-0.050944
-0.049587
-0.042107
-0.040003
-0.046144
-0.048551
-0.051858
-0.072073
-0.077973
-0.078198
-0.091854
-0.101228
-0.097155
-0.097846
-0.102886
-0.105037
-0.091954
-0.109286
-0.106131
-0.086098
-0.064575
-0.059559
-0.049180
-0.045842
-0.053406
-0.055208
-0.058625
-0.079181
-0.087119
-0.090601
-0.105458
-0.115621
-0.112507
-0.114264
-0.120509
-0.123753
-0.110456
-0.115622
-0.109617
-0.090427
-0.066811
-0.070280
-0.067494
-0.068027
-0.076658
-0.077681
-0.077869
-0.095174
-0.097236
-0.093824
-0.104017
-0.108445
-0.099554
-0.097556
-0.101626
-0.102478
-0.088606
-0.101717
-0.097366
-0.077766
-0.063950
-0.059939
-0.048632
-0.041103
-0.052169
-0.056491
-0.061534
-0.082418
-0.091414
-0.094418
-0.108488
-0.117911
-0.114798
-0.116087
-0.121033
-0.122139
-0.107176
-0.115934
-0.110674
-0.092023
-0.063508
-0.063542
-0.060797
-0.060458
-0.066778
-0.067676
-0.066768
-0.083027
-0.084778
-0.080323
-0.089692
-0.093756
-0.085186
-0.083806
-0.087910
-0.088787
-0.077185
-0.097480
-0.094367
-0.073525
-0.057400
-0.048317
-0.032817
-0.020957
-0.028329
-0.032017
-0.037032
-0.057579
-0.067809
-0.071438
-0.086195
-0.097385
-0.096658
-0.099664
-0.107357
-0.112519
-0.104031
-0.120635
-0.117492
-0.099830
-0.066493
-0.054865
-0.048891
-0.052099
-0.055453
-0.052177
-0.051455
-0.066047
-0.074836
-0.073807
-0.084494
-0.090305
-0.084167
-0.084463
-0.090404
-0.093755
-0.084003
-0.100422
-0.096274
-0.075899
-0.061605
-0.058193
-0.047511
-0.039270
-0.049142
-0.051738
-0.055141
-0.076346
-0.084082
-0.086001
-0.099231
-0.107775
-0.103389
-0.103481
-0.108381
-0.109841
-0.096641
-0.109458
-0.106358
-0.088551
-0.061927
-0.063203
-0.059594
-0.059016
-0.066083
-0.069645
-0.068383
-0.084193
-0.085230
-0.079590
-0.088109
-0.091365
-0.081884
-0.079523
-0.082484
-0.081888
-0.070882
-0.093827
-0.091028
-0.068906
-0.051035
-0.040783
-0.023706
-0.008691
-0.014769
-0.017957
-0.021356
-0.040132
-0.053858
-0.058830
-0.073876
-0.084652
-0.083681
-0.087368
-0.096124
-0.101392
-0.093769
-0.112293
-0.109316
-0.089859
-0.056381
-0.045421
-0.035314
-0.032859
-0.032853
-0.028869
-0.025920
-0.038865
-0.050095
-0.046631
-0.056287
-0.061299
-0.055433
-0.055156
-0.059605
-0.063323
-0.061682
-0.090925
-0.090177
-0.068990
-0.050167
-0.038740
-0.021075
-0.007721
-0.012406
-0.014209
-0.016070
-0.035751
-0.045291
-0.048509
-0.062869
-0.073750
-0.072216
-0.075182
-0.081794
-0.084565
-0.072972
-0.089730
-0.087615
-0.069833
-0.040791
-0.033011
-0.027260
-0.024277
-0.027520
-0.026978
-0.026045
-0.041087
-0.052131
-0.048387
-0.057346
-0.061700
-0.055730
-0.055790
-0.060654
-0.064158
-0.064643
-0.096239
-0.095464
-0.073413
-0.053161
-0.038733
-0.019292
-0.004516
-0.009481
-0.012113
-0.015667
-0.035516
-0.045986
-0.048736
-0.063028
-0.073866
-0.072588
-0.075361
-0.083049
-0.088512
-0.083919
-0.109255
-0.107488
-0.087449
-0.052708
-0.042592
-0.032391
-0.028693
-0.031217
-0.030352
-0.027263
-0.041127
-0.054830
-0.054112
-0.065041
-0.071010
-0.065840
-0.065969
-0.071773
-0.076354
-0.069587
-0.095564
-0.094625
-0.072618
-0.054632
-0.045937
-0.030239
-0.017370
-0.022942
-0.022991
-0.022406
-0.039844
-0.050322
-0.052444
-0.065364
-0.074246
-0.071212
-0.073479
-0.081730
-0.087167
-0.080630
-0.101902
-0.100430
-0.081171
-0.049803
-0.044135
-0.034903
-0.030643
-0.032204
-0.030433
-0.026148
-0.037762
-0.044864
-0.040142
-0.047666
-0.050887
-0.043750
-0.042286
-0.046175
-0.050370
-0.044591
-0.063336
-0.061349
-0.042449
-0.026953
-0.016975
-0.002019
0.015858
0.009510
0.005978
0.003137
-0.014918
-0.027758
-0.031415
-0.045978
-0.057483
-0.057327
-0.061309
-0.070335
-0.076260
-0.071428
-0.093335
-0.090736
-0.070079
-0.036336
-0.024526
-0.012546
-0.005823
-0.003899
0.000696
0.005974
-0.003811
-0.020714
-0.016115
-0.023887
-0.028729
-0.024864
-0.023999
-0.030088
-0.034359
-0.033460
-0.062177
-0.062281
-0.040839
-0.016835
0.003560
0.028458
0.051125
0.057499
0.064353
0.072053
0.063679
0.039621
0.034713
0.019203
0.006700
0.007268
0.003821
-0.007391
-0.015929
-0.018296
-0.040278
-0.039011
-0.019059
0.008625
0.019246
0.035580
0.051528
0.052950
0.053173
0.056409
0.043950
0.022857
0.020033
0.004564
-0.008807
-0.009630
-0.013267
-0.023497
-0.031546
-0.035592
-0.065057
-0.064638
-0.043383
-0.016062
-0.003240
0.014490
0.027698
0.029169
0.029214
0.031646
0.017753
0.001243
-0.001961
-0.017471
-0.029754
-0.028956
-0.032262
-0.042155
-0.050681
-0.051378
-0.077430
-0.077428
-0.057667
-0.033539
-0.027163
-0.013781
-0.001102
-0.004221
-0.006204
-0.003872
-0.019490
-0.032042
-0.033512
-0.046665
-0.055476
-0.051855
-0.053934
-0.063260
-0.070316
-0.066523
-0.093551
-0.093378
-0.072288
-0.050305
-0.041779
-0.026699
-0.012876
-0.016297
-0.016454
-0.012604
-0.026487
-0.040507
-0.042703
-0.055269
-0.062939
-0.058841
-0.060999
-0.070725
-0.077246
-0.071704
-0.093588
-0.092070
-0.070443
-0.052229
-0.041760
-0.024433
-0.005545
-0.008574
-0.008752
-0.005199
-0.016876
-0.034277
-0.039906
-0.054311
-0.064328
-0.062967
-0.066855
-0.077517
-0.084165
-0.077029
-0.093154
-0.091312
-0.069930
-0.052481
-0.041243
-0.022500
-0.002524
-0.000175
0.003452
0.012577
0.007370
-0.009987
-0.011053
-0.022441
-0.029112
-0.025016
-0.025697
-0.034049
-0.041069
-0.036508
-0.055090
-0.054762
-0.033858
-0.015080
0.003743
0.028454
0.052459
0.059642
0.066827
0.075806
0.069581
0.042581
0.032783
0.015305
0.001253
0.000486
-0.005551
-0.019957
-0.031334
-0.037619
-0.062177
-0.061158
-0.037626
-0.004922
0.010393
0.031414
0.051021
0.055447
0.058987
0.064479
0.052484
0.022000
0.009875
-0.009644
-0.026047
-0.031931
-0.040359
-0.055096
-0.067764
-0.070587
-0.094019
-0.093087
-0.070205
-0.051516
-0.033081
-0.007480
0.013039
0.019142
0.023117
0.031501
0.024633
0.003135
-0.002507
-0.017639
-0.027723
-0.026034
-0.029195
-0.040627
-0.053707
-0.053032
-0.069332
-0.069770
-0.049884
-0.029221
-0.009677
0.016159
0.041355
0.050576
0.059291
0.071461
0.068661
0.044768
0.028409
0.009468
-0.004514
-0.008133
-0.016505
-0.036087
-0.055869
-0.070601
-0.084293
-0.083479
-0.063124
-0.039781
-0.027628
-0.011924
0.009830
0.009840
0.009052
0.012142
-0.000700
-0.022914
-0.032793
-0.052939
-0.066607
-0.063147
-0.067018
-0.080213
-0.089789
-0.086762
-0.099385
-0.098438
-0.078601
-0.060166
-0.043138
-0.019470
-0.000192
0.009287
0.018482
0.031557
0.028505
0.005728
-0.010124
-0.027496
-0.036457
-0.035820
-0.040960
-0.058015
-0.076116
-0.077345
-0.075033
-0.074404
-0.064401
-0.051392
-0.036421
-0.019535
0.007763
0.009147
0.002785
0.004197
-0.008088
-0.034928
-0.048325
-0.069640
-0.084849
-0.084389
-0.091909
-0.106509
-0.118447
-0.116128
-0.123868
-0.121906
-0.107739
-0.082912
-0.077572
-0.065320
-0.048165
-0.045648
-0.054619
-0.050864
-0.066184
-0.092335
-0.105684
-0.126076
-0.139433
-0.137363
-0.145655
-0.161073
-0.172396
-0.167850
-0.171486
-0.167779
-0.154453
-0.145794
-0.140755
-0.130378
-0.110205
-0.113483
-0.132598
-0.132055
-0.146547
-0.169948
-0.182767
-0.200470
-0.206297
-0.194966
-0.197165
-0.213607
-0.225186
-0.220095
-0.208948
-0.201868
-0.189474
-0.175312
-0.175415
-0.168742
-0.156551
-0.158630
-0.172840
-0.165828
-0.176220
-0.198829
-0.208591
-0.222464
-0.217062
-0.192524
-0.185007
-0.193086
-0.199868
-0.190968
-0.169083
-0.160122
-0.151819
-0.146633
-0.134487
-0.116647
-0.103202
-0.107072
-0.120236
-0.111330
-0.114665
-0.131315
-0.135817
-0.142223
-0.132084
-0.112119
-0.111705
-0.125905
-0.138568
-0.137815
-0.125408
-0.119094
-0.110219
-0.097234
-0.079021
-0.057699
-0.043164
-0.045525
-0.053312
-0.048574
-0.060122
-0.082972
-0.092924
-0.107176
-0.113835
-0.113973
-0.129469
-0.155992
-0.177492
-0.184983
-0.190364
-0.184553
-0.166768
-0.138185
-0.104264
-0.067185
-0.038194
-0.023197
-0.014561
-0.000449
-0.002441
-0.019925
-0.045603
-0.071939
-0.092265
-0.102924
-0.121476
-0.148318
-0.172861
-0.187246
-0.198381
-0.192740
-0.170827
-0.133606
-0.090741
-0.044180
-0.008313
0.012996
0.027493
0.041765
0.040721
0.025179
-0.011360
-0.043773
-0.067128
-0.082275
-0.102372
-0.129913
-0.155218
-0.169536
-0.184185
-0.181583
-0.162145
-0.127807
-0.089429
-0.047714
-0.013206
0.006740
0.017323
0.030823
0.029620
0.013313
-0.019080
-0.046133
-0.068095
-0.081602
-0.100434
-0.127927
-0.152596
-0.174324
-0.180083
-0.176386
-0.158017
-0.130936
-0.100098
-0.062258
-0.034752
-0.016577
-0.009168
0.006106
0.003942
-0.013267
-0.039663
-0.065232
-0.078622
-0.079083
-0.090303
-0.112639
-0.132610
-0.134671
-0.128475
-0.126730
-0.118164
-0.096232
-0.068856
-0.034678
-0.012367
0.005673
0.015039
0.035916
0.039847
0.026743
-0.008807
-0.031811
-0.039649
-0.040365
-0.053624
-0.078475
-0.104086
-0.120709
-0.122120
-0.122230
-0.109439
-0.080342
-0.045988
-0.007451
0.018946
0.035610
0.042304
0.057346
0.052964
0.032010
-0.004480
-0.031822
-0.054724
-0.070868
-0.093844
-0.127038
-0.158559
-0.177607
-0.179990
-0.177743
-0.161706
-0.133329
-0.100865
-0.067045
-0.034456
-0.019723
-0.014522
0.001464
0.001454
-0.015579
-0.041939
-0.065339
-0.079277
-0.084297
-0.100092
-0.125440
-0.149037
-0.161050
-0.166485
-0.164583
-0.148471
-0.117476
-0.080592
-0.039244
-0.010173
0.011398
0.023627
0.041574
0.040966
0.023975
-0.013768
-0.038742
-0.057234
-0.069280
-0.089089
-0.118733
-0.148008
-0.167038
-0.173044
-0.171482
-0.154375
-0.119460
-0.078550
-0.033425
-0.000938
0.023095
0.038994
0.056588
0.056200
0.040927
0.001064
-0.030012
-0.050289
-0.063757
-0.085001
-0.115458
-0.145405
-0.166405
-0.173571
-0.171479
-0.152789
-0.117849
-0.076723
-0.032542
0.001156
0.024471
0.039967
0.059082
0.059341
0.043417
0.005056
-0.024733
-0.047287
-0.063402
-0.084691
-0.114522
-0.142216
-0.160488
-0.166334
-0.164278
-0.146141
-0.109138
-0.064684
-0.014609
0.020627
0.049294
0.070504
0.089228
0.091774
0.080271
0.043307
0.012459
-0.008236
-0.023169
-0.043508
-0.068844
-0.095637
-0.120936
-0.130605
-0.129475
-0.109337
-0.077464
-0.038274
0.003761
0.035609
0.052257
0.055166
0.066742
0.058997
0.030352
-0.010120
-0.046104
-0.059679
-0.080085
-0.105790
-0.140619
-0.173387
-0.190962
-0.195549
-0.195121
-0.180495
-0.148893
-0.111182
-0.069856
-0.040735
-0.013062
0.002599
0.026866
0.036343
0.028131
-0.002423
-0.024145
-0.037429
-0.046085
-0.062395
-0.088449
-0.114879
-0.132856
-0.133455
-0.132410
-0.119223
-0.085742
-0.041483
0.009863
0.037286
0.071052
0.097368
0.124343
0.134936
0.131089
0.099917
0.071550
0.055170
0.042092
0.021771
-0.003977
-0.031682
-0.056442
-0.065960
-0.070628
-0.057041
-0.033888
-0.003518
0.027896
0.053863
0.058940
0.049980
0.057143
0.045963
0.012066
-0.017871
-0.049677
-0.076673
-0.097850
-0.126775
-0.162991
-0.197211
-0.218429
-0.217734
-0.215574
-0.201352
-0.171357
-0.135030
-0.096915
-0.067112
-0.038996
-0.019711
0.006945
0.017766
0.012752
-0.012128
-0.032151
-0.045123
-0.054940
-0.072055
-0.098551
-0.124647
-0.143005
-0.145409
-0.143100
-0.125654
-0.088327
-0.041143
0.011356
0.046271
0.079125
0.108162
0.135916
0.147337
0.141857
0.115260
0.087595
0.064400
0.050114
0.023960
-0.006849
-0.040346
-0.069754
-0.079990
-0.080684
-0.067885
-0.046425
-0.017162
0.008819
0.040961
0.047170
0.038623
0.041881
0.029135
-0.004472
-0.034130
-0.067699
-0.098424
-0.124257
-0.151933
-0.184134
-0.213833
-0.228810
-0.239880
-0.236480
-0.222241
-0.191056
-0.152370
-0.113708
-0.074484
-0.046055
-0.036653
-0.017571
-0.006764
-0.012849
-0.043033
-0.065214
-0.083244
-0.093918
-0.111885
-0.137980
-0.164208
-0.178365
-0.180873
-0.174504
-0.162174
-0.132092
-0.088548
-0.038737
-0.008093
0.024705
0.042581
0.072876
0.090791
0.091324
0.063916
0.037560
0.025169
0.019296
0.002396
-0.019789
-0.044473
-0.064742
-0.068596
-0.072235
-0.068589
-0.049283
-0.017445
0.015778
0.039533
0.048006
0.035275
0.046375
0.047638
0.027756
-0.004099
-0.029547
-0.045714
-0.054778
-0.077515
-0.106590
-0.138527
-0.161469
-0.166087
-0.167217
-0.162414
-0.138309
-0.101397
-0.064580
-0.042282
-0.020949
-0.011290
0.014069
0.027315
0.022968
-0.001028
-0.025829
-0.037643
-0.048316
-0.071147
-0.100084
-0.127500
-0.147152
-0.155272
-0.152103
-0.138012
-0.100970
-0.044670
0.012494
0.057016
0.101679
0.151262
0.194440
0.222057
0.231711
0.230479
0.226064
0.203844
0.166402
0.132746
0.098638
0.055491
0.017578
0.003744
0.007205
0.021839
0.037861
0.059133
0.077663
0.106139
0.113570
0.100613
0.101478
0.088980
0.050950
0.018344
-0.014588
-0.052862
-0.092393
-0.129799
-0.169391
-0.206854
-0.233867
-0.240507
-0.236883
-0.224537
-0.201115
-0.171715
-0.143631
-0.108491
-0.087630
-0.085466
-0.067449
-0.060973
-0.075593
-0.105503
-0.133230
-0.154527
-0.166214
-0.182112
-0.204255
-0.225221
-0.235619
-0.226901
-0.220975
-0.209494
-0.177421
-0.129440
-0.074988
-0.042647
0.000414
0.036417
0.080008
0.114835
0.135674
0.139085
0.139796
0.133885
0.122316
0.110307
0.088647
0.062957
0.041592
0.040394
0.033501
0.030549
0.041456
0.061926
0.081338
0.098061
0.095068
0.070833
0.067029
0.060339
0.032068
0.001607
-0.024240
-0.045131
-0.065384
-0.096350
-0.138157
-0.181831
-0.215127
-0.215617
-0.215529
-0.213697
-0.203061
-0.183348
-0.160828
-0.140610
-0.119274
-0.109646
-0.085579
-0.069268
-0.070692
-0.092030
-0.099632
-0.101015
-0.099569
-0.109865
-0.128734
-0.149066
-0.164375
-0.164904
-0.160795
-0.149992
-0.117989
-0.068811
-0.017743
0.015851
0.055519
0.096904
0.139274
0.170947
0.184871
0.183197
0.177238
0.163971
0.140163
0.117522
0.087666
0.048490
0.009117
-0.011458
-0.013916
-0.005660
0.009616
0.028782
0.043482
0.064057
0.067397
0.052989
0.057775
0.054162
0.027920
-0.003498
-0.023349
-0.047279
-0.071049
-0.094265
-0.123076
-0.153411
-0.177752
-0.184482
-0.181057
-0.169577
-0.146340
-0.115369
-0.086397
-0.059003
-0.036573
-0.032828
-0.012414
0.000578
-0.007666
-0.038985
-0.067039
-0.095405
-0.114695
-0.134149
-0.155380
-0.174014
-0.183662
-0.179590
-0.174074
-0.161777
-0.126712
-0.074032
-0.020458
0.023093
0.069388
0.110335
0.150077
0.181655
0.198080
0.199755
0.200046
0.185835
0.163510
0.138443
0.107017
0.069973
0.036670
0.031950
0.027482
0.026076
0.037538
0.059387
0.081558
0.102648
0.114955
0.112470
0.121054
0.127637
0.113732
0.072626
0.043736
0.013351
-0.021481
-0.059207
-0.103049
-0.148564
-0.191963
-0.207696
-0.209731
-0.205371
-0.193255
-0.177441
-0.161308
-0.137718
-0.121643
-0.122655
-0.103937
-0.098413
-0.110644
-0.143161
-0.166046
-0.184766
-0.198789
-0.215167
-0.234508
-0.252244
-0.258720
-0.241514
-0.241593
-0.236824
-0.217156
-0.184002
-0.149526
-0.118316
-0.090037
-0.074253
-0.042246
-0.018687
-0.014972
-0.044065
-0.060194
-0.065054
-0.068088
-0.083197
-0.103606
-0.123834
-0.138552
-0.130344
-0.131699
-0.130920
-0.107729
-0.064953
-0.020094
0.012224
0.047699
0.076935
0.113799
0.142272
0.154448
0.148974
0.140900
0.122050
0.100806
0.072716
0.038850
0.004810
-0.027092
-0.031059
-0.035409
-0.035293
-0.019462
0.008216
0.031780
0.064387
0.083853
0.089926
0.104919
0.113388
0.099781
0.063415
0.034150
-0.002633
-0.046696
-0.088581
-0.138102
-0.191021
-0.233621
-0.256023
-0.254158
-0.243590
-0.234889
-0.217938
-0.180711
-0.154112
-0.137164
-0.131491
-0.106632
-0.092835
-0.101369
-0.131684
-0.156964
-0.184412
-0.211645
-0.244138
-0.267422
-0.285375
-0.289081
-0.286174
-0.287153
-0.279961
-0.258196
-0.222358
-0.186364
-0.147253
-0.118978
-0.107927
-0.078520
-0.058226
-0.057147
-0.090334
-0.113524
-0.125528
-0.130931
-0.144591
-0.164465
-0.185064
-0.203283
-0.195138
-0.196540
-0.195777
-0.179430
-0.144559
-0.105817
-0.079666
-0.051922
-0.033784
0.003291
0.033014
0.051118
0.056989
0.060162
0.053645
0.054880
0.041200
0.013951
-0.016770
-0.042852
-0.046113
-0.050675
-0.050289
-0.031960
-0.001437
0.027850
0.054947
0.077039
0.091899
0.116476
0.131781
0.129314
0.098919
0.076083
0.051465
0.020853
-0.012571
-0.054045
-0.098193
-0.141609
-0.148622
-0.148738
-0.141084
-0.136551
-0.131796
-0.108942
-0.087922
-0.074843
-0.069941
-0.047476
-0.040702
-0.052266
-0.084728
-0.101822
-0.120440
-0.141411
-0.162036
-0.193350
-0.231548
-0.263626
-0.266187
-0.269758
-0.260145
-0.249709
-0.235200
-0.213295
-0.188365
-0.171666
-0.160816
-0.137037
-0.129533
-0.138521
-0.164417
-0.183590
-0.196528
-0.205853
-0.224238
-0.242758
-0.259475
-0.267845
-0.262785
-0.263329
-0.253002
-0.230984
-0.200260
-0.172074
-0.141776
-0.122996
-0.113829
-0.086789
-0.071950
-0.077467
-0.111545
-0.132295
-0.146334
-0.154604
-0.171209
-0.195443
-0.220095
-0.241806
-0.239794
-0.246394
-0.242779
-0.227364
-0.201767
-0.173690
-0.148270
-0.128263
-0.119361
-0.087870
-0.072066
-0.070026
-0.092999
-0.110654
-0.113441
-0.105434
-0.116204
-0.137288
-0.159754
-0.177323
-0.172268
-0.179610
-0.179639
-0.156814
-0.119490
-0.083356
-0.058788
-0.031326
-0.008194
0.032540
0.062071
0.072034
0.059439
0.046742
0.036478
0.022961
-0.001357
-0.035052
-0.070802
-0.100133
-0.106149
-0.112491
-0.113026
-0.099205
-0.078355
-0.050121
-0.024332
0.002674
0.018427
0.044842
0.056979
0.046799
0.020232
0.013078
-0.007228
-0.036097
-0.066166
-0.107879
-0.153741
-0.193989
-0.229205
-0.221505
-0.202275
-0.193501
-0.181658
-0.152752
-0.128386
-0.109596
-0.094013
-0.067961
-0.061824
-0.078679
-0.112285
-0.130711
-0.153876
-0.180219
-0.210524
-0.250285
-0.295676
-0.332076
-0.365980
-0.365633
-0.351113
-0.339506
-0.319051
-0.289770
-0.255327
-0.245915
-0.232352
-0.207655
-0.198960
-0.215783
-0.244069
-0.255164
-0.265715
-0.268898
-0.284543
-0.302589
-0.322044
-0.332541
-0.346920
-0.350325
-0.339017
-0.317930
-0.286454
-0.247457
-0.211597
-0.186931
-0.167641
-0.135444
-0.119797
-0.122650
-0.151275
-0.164888
-0.165371
-0.162082
-0.177444
-0.196747
-0.214685
-0.230952
-0.230629
-0.234127
-0.225520
-0.193543
-0.143424
-0.093835
-0.058995
-0.016585
0.025392
0.075210
0.110349
0.128523
0.139102
0.148502
0.136276
0.115056
0.087371
0.052201
0.015912
-0.013813
-0.017407
-0.023205
-0.023917
-0.011157
0.007564
0.028976
0.050991
0.055257
0.047138
0.056075
0.057653
0.039821
0.020643
0.007031
-0.014261
-0.041118
-0.068600
-0.106377
-0.150980
-0.191602
-0.235204
-0.234119
-0.215614
-0.205011
-0.190849
-0.166015
-0.144638
-0.146563
-0.143715
-0.126519
-0.121310
-0.139717
-0.166400
-0.186120
-0.206246
-0.221811
-0.244084
-0.273433
-0.305370
-0.323715
-0.356270
-0.357467
-0.341287
-0.323574
-0.300347
-0.270363
-0.236923
-0.229249
-0.217590
-0.191947
-0.180636
-0.192343
-0.216966
-0.224796
-0.233003
-0.234607
-0.249496
-0.266474
-0.284199
-0.297363
-0.320141
-0.325778
-0.313289
-0.288346
-0.254412
-0.216157
-0.181666
-0.160429
-0.143393
-0.112388
-0.095900
-0.097066
-0.124118
-0.137501
-0.141518
-0.142571
-0.159479
-0.181880
-0.203658
-0.219564
-0.219194
-0.225990
-0.221616
-0.194268
-0.150347
-0.105538
-0.071594
-0.036099
-0.000813
0.041627
0.069913
0.082323
0.084629
0.083647
0.069302
0.058816
0.035083
0.003205
-0.032135
-0.067217
-0.104738
-0.106338
-0.091417
-0.064806
-0.038857
-0.010061
0.016784
0.032007
0.041749
0.061100
0.069174
0.056782
0.027734
0.007705
-0.020597
-0.053441
-0.084324
-0.125840
-0.175474
-0.220528
-0.262650
-0.264079
-0.247797
-0.235942
-0.218759
-0.190909
-0.164817
-0.165399
-0.162729
-0.144645
-0.137712
-0.152767
-0.180361
-0.201740
-0.225034
-0.243860
-0.271711
-0.300920
-0.332957
-0.358321
-0.390769
-0.392473
-0.375376
-0.362587
-0.339062
-0.313167
-0.280115
-0.272221
-0.254909
-0.228865
-0.222568
-0.227927
-0.248778
-0.254375
-0.251580
-0.238374
-0.247149
-0.268451
-0.296090
-0.300126
-0.309664
-0.320817
-0.314818
-0.300808
-0.272237
-0.231705
-0.193645
-0.166215
-0.136315
-0.094635
-0.070662
-0.060044
-0.062798
-0.061050
-0.059178
-0.061604
-0.074676
-0.095575
-0.118464
-0.144099
-0.158698
-0.165072
-0.154918
-0.125622
-0.089669
-0.047352
-0.002420
0.031276
0.058209
0.089494
0.104446
0.099074
0.078366
0.078179
0.062747
0.031887
0.001504
-0.035941
-0.075262
-0.112018
-0.141436
-0.136542
-0.113886
-0.102551
-0.088616
-0.059047
-0.031250
-0.022649
-0.016243
0.003384
0.005986
-0.017595
-0.028708
-0.028366
-0.057893
-0.092605
-0.126408
-0.168251
-0.219673
-0.268264
-0.306197
-0.305251
-0.297847
-0.283504
-0.268966
-0.253195
-0.238018
-0.236242
-0.227751
-0.208300
-0.198299
-0.210042
-0.236955
-0.250569
-0.268897
-0.272287
-0.270519
-0.275553
-0.282385
-0.287478
-0.314036
-0.313122
-0.296737
-0.285666
-0.268463
-0.244519
-0.220329
-0.215992
-0.204823
-0.183466
-0.178626
-0.186796
-0.209237
-0.221158
-0.233744
-0.246346
-0.261119
-0.283709
-0.311721
-0.320308
-0.351874
-0.356189
-0.345624
-0.331082
-0.305469
-0.279628
-0.254873
-0.246841
-0.231614
-0.206030
-0.195520
-0.194408
-0.217922
-0.227729
-0.234409
-0.239084
-0.254170
-0.272136
-0.294563
-0.314146
-0.332057
-0.337970
-0.331129
-0.327918
-0.313481
-0.288798
-0.260474
-0.253642
-0.240001
-0.219054
-0.216252
-0.221525
-0.237775
-0.243896
-0.247373
-0.250137
-0.262483
-0.284592
-0.313065
-0.322101
-0.348810
-0.352974
-0.347303
-0.335591
-0.322465
-0.300207
-0.274781
-0.271267
-0.258850
-0.238696
-0.234362
-0.243124
-0.249591
-0.240203
-0.233381
-0.227129
-0.236809
-0.253287
-0.279038
-0.286214
-0.302013
-0.309312
-0.311871
-0.315052
-0.299619
-0.266060
-0.232400
-0.219377
-0.201709
-0.175485
-0.166130
-0.164698
-0.182482
-0.179559
-0.173186
-0.168038
-0.179604
-0.201475
-0.232551
-0.256556
-0.282747
-0.282692
-0.278319
-0.277586
-0.263709
-0.234419
-0.204090
-0.194242
-0.179305
-0.157479
-0.148542
-0.155104
-0.176459
-0.186426
-0.196643
-0.203724
-0.222159
-0.250705
-0.285944
-0.306671
-0.337950
-0.335140
-0.327222
-0.310836
-0.296510
-0.277866
-0.260014
-0.257998
-0.248583
-0.228194
-0.219539
-0.225958
-0.228410
-0.220135
-0.220854
-0.222881
-0.235703
-0.255155
-0.283720
-0.297291
-0.320893
-0.316786
-0.310144
-0.309451
-0.297406
-0.270870
-0.243745
-0.238128
-0.223938
-0.201450
-0.194019
-0.199522
-0.212945
-0.209466
-0.211073
-0.213878
-0.228223
-0.251259
-0.283330
-0.299460
-0.327820
-0.328394
-0.326502
-0.327262
-0.320639
-0.299243
-0.275963
-0.272377
-0.261551
-0.243156
-0.238037
-0.248289
-0.250992
-0.242587
-0.241335
-0.238065
-0.239669
-0.250454
-0.268330
-0.261961
-0.279425
-0.285217
-0.290183
-0.295500
-0.290646
-0.272235
-0.254629
-0.259178
-0.253710
-0.239204
-0.237834
-0.250922
-0.252449
-0.241892
-0.238584
-0.239943
-0.251162
-0.270612
-0.299850
-0.305866
-0.327666
-0.330867
-0.334315
-0.342095
-0.337750
-0.319354
-0.301965
-0.304116
-0.297085
-0.282198
-0.280650
-0.292701
-0.284406
-0.263076
-0.249826
-0.243560
-0.245868
-0.252531
-0.268320
-0.261097
-0.265090
-0.272841
-0.281719
-0.293235
-0.288657
-0.269153
-0.250324
-0.250735
-0.244705
-0.229217
-0.230949
-0.248513
-0.253297
-0.245236
-0.241963
-0.229301
-0.220737
-0.219759
-0.226294
-0.241989
-0.264645
-0.269702
-0.264614
-0.264485
-0.254414
-0.231896
-0.208650
-0.202020
-0.191585
-0.171545
-0.167642
-0.183660
-0.191303
-0.189007
-0.195236
-0.198108
-0.199055
-0.208372
-0.225255
-0.229490
-0.254716
-0.254300
-0.237585
-0.216765
-0.201282
-0.183984
-0.167521
-0.159165
-0.137480
-0.107263
-0.089949
-0.087234
-0.096606
-0.089399
-0.095862
-0.100773
-0.108266
-0.125308
-0.151819
-0.172585
-0.198494
-0.199613
-0.197249
-0.189154
-0.169915
-0.153521
-0.150788
-0.151359
-0.138495
-0.122784
-0.117552
-0.118898
-0.122517
-0.117180
-0.121030
-0.115432
-0.111761
-0.121394
-0.135828
-0.149381
-0.177551
-0.177594
-0.153675
-0.118489
-0.085198
-0.070100
-0.066582
-0.080558
-0.070486
-0.046774
-0.031338
-0.035439
-0.053487
-0.057515
-0.059096
-0.057163
-0.053986
-0.056034
-0.061875
-0.072191
-0.094929
-0.097086
-0.093247
-0.084295
-0.068675
-0.040445
-0.027302
-0.043022
-0.046726
-0.041366
-0.045194
-0.059910
-0.080887
-0.085343
-0.096003
-0.092521
-0.084868
-0.086020
-0.088299
-0.086937
-0.119451
-0.124776
-0.104471
-0.072669
-0.046460
-0.036907
-0.046333
-0.065044
-0.068826
-0.052592
-0.044410
-0.052370
-0.075870
-0.082743
-0.082999
-0.075755
-0.067431
-0.065766
-0.065832
-0.060040
-0.076698
-0.080493
-0.074882
-0.061534
-0.047723
-0.018994
-0.002661
-0.013210
-0.012320
-0.001486
-0.002648
-0.015009
-0.032704
-0.030611
-0.034832
-0.033182
-0.030787
-0.038697
-0.051516
-0.056144
-0.083286
-0.085029
-0.065343
-0.034540
-0.012017
-0.002428
-0.004763
-0.017573
-0.018998
-0.003188
0.002121
-0.004212
-0.028904
-0.039494
-0.042210
-0.039925
-0.039134
-0.045725
-0.056590
-0.060155
-0.078544
-0.078095
-0.070665
-0.062235
-0.052350
-0.035534
-0.033330
-0.046400
-0.048387
-0.041798
-0.048499
-0.065906
-0.080271
-0.078805
-0.087178
-0.086651
-0.088567
-0.102132
-0.122098
-0.131706
-0.158100
-0.157914
-0.134009
-0.102566
-0.081526
-0.070765
-0.070634
-0.079350
-0.071350
-0.048860
-0.036973
-0.037145
-0.051470
-0.047773
-0.048571
-0.047574
-0.047897
-0.055622
-0.068500
-0.074481
-0.093897
-0.093148
-0.085716
-0.078796
-0.068366
-0.056767
-0.054972
-0.065562
-0.063945
-0.057162
-0.062763
-0.079938
-0.096458
-0.098778
-0.109502
-0.113063
-0.118944
-0.136843
-0.160756
-0.176406
-0.204841
-0.204026
-0.180492
-0.151263
-0.133933
-0.125176
-0.124764
-0.132591
-0.124355
-0.102218
-0.090396
-0.097879
-0.098230
-0.090347
-0.095543
-0.091249
-0.087860
-0.093876
-0.108299
-0.112201
-0.129023
-0.133446
-0.130034
-0.126030
-0.115036
-0.104651
-0.101987
-0.110060
-0.104497
-0.097795
-0.101896
-0.116795
-0.129355
-0.128384
-0.134465
-0.135548
-0.142622
-0.163386
-0.191580
-0.226095
-0.261169
-0.259534
-0.239657
-0.221172
-0.217522
-0.216168
-0.222832
-0.235788
-0.232998
-0.220381
-0.217529
-0.231160
-0.229771
-0.225922
-0.231891
-0.219461
-0.201257
-0.189385
-0.181539
-0.178850
-0.194100
-0.193070
-0.184549
-0.180382
-0.168330
-0.155854
-0.147373
-0.151706
-0.143167
-0.128992
-0.127636
-0.143013
-0.142205
-0.133888
-0.131693
-0.135041
-0.144710
-0.165661
-0.197594
-0.235432
-0.268809
-0.271216
-0.252979
-0.227796
-0.213742
-0.202020
-0.196369
-0.193490
-0.178285
-0.155822
-0.143755
-0.148132
-0.145831
-0.136609
-0.140072
-0.128054
-0.109331
-0.097293
-0.091923
-0.100182
-0.123976
-0.128199
-0.124335
-0.123813
-0.117637
-0.110979
-0.112044
-0.122665
-0.120773
-0.116341
-0.121819
-0.136269
-0.141616
-0.140781
-0.144369
-0.138279
-0.138015
-0.149137
-0.164100
-0.193425
-0.227366
-0.225794
-0.201277
-0.172331
-0.158448
-0.150576
-0.150002
-0.159356
-0.148930
-0.127561
-0.117369
-0.127350
-0.124806
-0.121491
-0.128340
-0.124816
-0.120880
-0.126042
-0.139092
-0.147803
-0.169412
-0.169148
-0.162172
-0.148846
-0.135617
-0.128109
-0.128334
-0.135166
-0.126960
-0.115435
-0.112958
-0.121617
-0.120558
-0.109206
-0.105418
-0.099521
-0.100408
-0.112904
-0.132596
-0.160808
-0.199196
-0.206879
-0.188819
-0.162390
-0.148891
-0.146720
-0.152482
-0.155587
-0.146046
-0.132984
-0.126649
-0.130539
-0.125785
-0.109362
-0.102601
-0.087223
-0.071460
-0.064088
-0.065812
-0.095609
-0.116757
-0.117329
-0.116423
-0.115301
-0.109835
-0.109152
-0.118110
-0.127102
-0.124375
-0.127174
-0.131813
-0.138986
-0.140127
-0.136708
-0.136882
-0.123316
-0.115136
-0.114338
-0.110829
-0.142565
-0.162182
-0.156964
-0.128099
-0.100400
-0.088430
-0.086496
-0.089435
-0.099167
-0.085204
-0.060300
-0.039613
-0.040817
-0.029160
-0.025131
-0.032573
-0.029431
-0.024199
-0.023901
-0.032202
-0.059850
-0.078742
-0.079814
-0.074635
-0.067596
-0.055929
-0.043810
-0.044442
-0.053720
-0.051711
-0.054022
-0.061857
-0.078582
-0.092480
-0.102236
-0.117482
-0.114948
-0.114606
-0.119415
-0.120219
-0.154442
-0.175113
-0.171416
-0.144792
-0.116089
-0.100843
-0.099923
-0.107027
-0.118868
-0.105300
-0.083083
-0.065321
-0.070077
-0.051835
-0.045750
-0.055605
-0.053275
-0.049134
-0.050384
-0.061270
-0.091504
-0.111377
-0.113787
-0.112422
-0.109451
-0.100683
-0.095171
-0.100627
-0.110224
-0.110457
-0.115858
-0.128070
-0.134571
-0.136956
-0.135878
-0.135031
-0.124693
-0.118022
-0.117752
-0.118486
-0.154142
-0.173325
-0.169610
-0.144916
-0.123896
-0.114939
-0.111914
-0.114860
-0.120602
-0.103242
-0.079270
-0.059153
-0.052260
-0.036335
-0.022473
-0.019656
-0.010435
-0.001711
0.000387
-0.007871
-0.037067
-0.063455
-0.072820
-0.071314
-0.067972
-0.060153
-0.056669
-0.068006
-0.083081
-0.090476
-0.100055
-0.109932
-0.108700
-0.101956
-0.100405
-0.100280
-0.075505
-0.056029
-0.046089
-0.020228
-0.006690
-0.010372
-0.007691
0.002460
0.010794
0.012695
0.006772
0.000080
-0.012192
-0.002114
0.020417
0.044896
0.042095
0.055622
0.071193
0.079367
0.091074
0.103490
0.114333
0.120318
0.118565
0.094147
0.090887
0.100706
0.113305
0.138709
0.164950
0.181764
0.177297
0.160344
0.135391
0.098069
0.074770
0.042770
-0.000512
-0.038675
-0.055184
-0.066916
-0.078263
-0.067512
-0.105655
-0.124160
-0.118607
-0.099164
-0.072955
-0.060094
-0.060062
-0.066754
-0.088662
-0.088923
-0.074613
-0.071938
-0.047619
-0.027771
-0.022386
-0.025926
-0.020833
-0.013209
-0.007794
-0.008903
-0.033318
-0.058782
-0.066109
-0.056883
-0.044500
-0.026684
-0.011945
-0.010018
-0.025297
-0.027494
-0.033496
-0.052019
-0.058287
-0.059287
-0.072328
-0.088175
-0.080988
-0.075406
-0.077758
-0.073608
-0.093115
-0.105602
-0.102923
-0.086188
-0.071647
-0.065179
-0.066786
-0.072505
-0.084077
-0.073879
-0.052480
-0.030651
-0.030049
-0.016905
-0.004850
-0.000533
0.011299
0.027239
0.041592
0.050846
0.046632
0.020670
0.016561
0.032834
0.051621
0.076511
0.100957
0.110794
0.107754
0.105834
0.094413
0.068294
0.054998
0.048653
0.028521
0.008973
0.020239
0.034516
0.037542
0.037347
-0.001647
-0.035058
-0.042340
-0.027394
-0.011268
-0.007751
-0.019206
-0.038421
-0.054705
-0.057015
-0.048827
-0.038788
-0.043760
-0.033931
-0.024228
-0.017394
0.001490
0.022175
0.039843
0.050892
0.027604
0.000571
-0.006458
0.003805
0.013937
0.030582
0.047399
0.041665
0.023394
0.016558
0.006926
-0.010334
-0.013987
-0.016265
-0.032235
-0.045738
-0.027670
-0.005678
0.006377
0.025683
0.011213
-0.004264
-0.006318
0.004067
0.012948
0.011567
-0.005076
-0.026919
-0.044771
-0.048677
-0.040000
-0.029810
-0.030878
-0.012838
0.007713
0.025008
0.049563
0.075987
0.100296
0.118931
0.111372
0.073620
0.060854
0.073537
0.083577
0.100399
0.119379
0.119629
0.105180
0.096458
0.081261
0.052731
0.041025
0.033220
0.009505
-0.011149
0.001566
0.017266
0.020900
0.038736
0.018212
0.000660
-0.000535
0.013186
0.025159
0.027580
0.017240
0.000044
-0.020163
-0.025551
-0.016096
-0.004346
-0.005186
0.009659
0.026819
0.040744
0.061690
0.086256
0.110630
0.131099
0.133712
0.094660
0.081793
0.093884
0.104862
0.120437
0.139943
0.143914
0.130942
0.120009
0.100444
0.065550
0.046289
0.032970
0.002202
-0.026749
-0.023601
-0.018923
-0.021627
-0.012477
-0.039148
-0.051706
-0.046489
-0.031226
-0.021979
-0.016629
-0.021435
-0.031142
-0.051486
-0.052022
-0.039156
-0.028531
-0.017926
-0.000061
0.013280
0.019014
0.031346
0.047785
0.064419
0.076430
0.074198
0.031505
0.017746
0.031489
0.042800
0.059117
0.074682
0.077562
0.068103
0.066986
0.053584
0.027720
0.004716
-0.010452
-0.043752
-0.077994
-0.082723
-0.078921
-0.080941
-0.076437
-0.090670
-0.097613
-0.091874
-0.080212
-0.078897
-0.076211
-0.077649
-0.084021
-0.102110
-0.095398
-0.080757
-0.069137
-0.064724
-0.051531
-0.040726
-0.036600
-0.026279
-0.011923
0.003547
0.015579
0.022674
-0.025175
-0.051922
-0.042347
-0.035660
-0.025138
-0.014044
-0.012349
-0.021485
-0.019665
-0.024616
-0.049461
-0.069577
-0.084255
-0.111638
-0.142376
-0.143447
-0.133164
-0.127834
-0.109057
-0.085889
-0.090917
-0.078231
-0.082147
-0.091688
-0.085700
-0.074399
-0.075458
-0.089464
-0.077214
-0.063978
-0.060274
-0.080035
-0.091539
-0.109460
-0.135460
-0.150985
-0.164882
-0.179139
-0.198414
-0.219963
-0.274006
-0.285295
-0.284909
-0.280543
-0.265969
-0.246965
-0.232929
-0.225729
-0.211212
-0.198953
-0.192291
-0.196485
-0.188714
-0.190706
-0.195065
-0.183885
-0.166691
-0.154823
-0.146694
-0.161103
-0.194414
-0.202410
-0.185734
-0.164761
-0.140367
-0.116370
-0.097682
-0.086093
-0.063046
-0.038572
-0.022430
-0.026995
-0.008241
0.007727
0.008843
0.017662
0.027923
0.032065
0.025061
-0.005133
-0.042663
-0.061571
-0.042253
-0.023683
-0.007031
0.010993
0.020128
0.012924
0.015873
0.014239
-0.000827
-0.029286
-0.042549
-0.071744
-0.102923
-0.105148
-0.103734
-0.110310
-0.115406
-0.142808
-0.204802
-0.215832
-0.216443
-0.225247
-0.227120
-0.228223
-0.239384
-0.249509
-0.248921
-0.244534
-0.246261
-0.232658
-0.197002
-0.166069
-0.147093
-0.111692
-0.074540
-0.045234
-0.025187
-0.027869
-0.078398
-0.101779
-0.091056
-0.084512
-0.081736
-0.079920
-0.080352
-0.082383
-0.071625
-0.066652
-0.073393
-0.083263
-0.061966
-0.052097
-0.049608
-0.030260
-0.009309
-0.000702
0.003639
-0.022413
-0.082862
-0.105496
-0.106252
-0.120393
-0.133469
-0.141865
-0.160505
-0.179009
-0.182810
-0.182223
-0.185505
-0.174197
-0.124030
-0.086236
-0.061422
-0.031839
0.000429
0.023394
0.034905
0.024308
-0.042205
-0.069910
-0.062531
-0.064302
-0.071551
-0.078033
-0.089710
-0.094302
-0.093276
-0.085071
-0.085087
-0.085994
-0.071045
-0.066810
-0.067292
-0.053714
-0.029270
-0.011216
0.005434
-0.000450
-0.069581
-0.094068
-0.087476
-0.086939
-0.085110
-0.085202
-0.096914
-0.101930
-0.096273
-0.084064
-0.076445
-0.073683
-0.048975
-0.035398
-0.031131
-0.013671
0.011399
0.029897
0.038602
0.028192
-0.040317
-0.063519
-0.053848
-0.047958
-0.043379
-0.040139
-0.046662
-0.047043
-0.041943
-0.025901
-0.016248
-0.011439
0.008932
0.017889
0.020675
0.035502
0.059381
0.076768
0.085645
0.074204
0.001869
-0.021916
-0.011441
-0.006095
-0.004192
-0.004650
-0.016282
-0.022179
-0.020736
-0.009159
-0.003255
-0.003766
0.011723
0.018489
0.018856
0.033884
0.058254
0.074130
0.079299
0.063040
-0.010754
-0.035910
-0.029360
-0.032494
-0.036701
-0.043685
-0.064070
-0.079009
-0.080444
-0.077160
-0.080995
-0.082967
-0.065681
-0.057103
-0.055712
-0.039769
-0.013758
0.003539
0.011920
-0.000745
-0.074663
-0.100013
-0.095332
-0.102410
-0.109142
-0.117018
-0.139104
-0.154983
-0.155078
-0.152446
-0.155222
-0.159934
-0.137796
-0.122727
-0.117211
-0.098749
-0.069504
-0.051674
-0.041847
-0.052492
-0.125018
-0.159910
-0.154006
-0.156274
-0.161690
-0.164655
-0.180203
-0.190072
-0.189054
-0.182831
-0.180359
-0.173601
-0.114685
-0.072447
-0.042019
-0.009743
0.027841
0.055314
0.071146
0.065869
-0.011077
-0.044713
-0.035319
-0.033477
-0.037704
-0.039389
-0.048685
-0.055331
-0.058869
-0.048632
-0.046482
-0.053793
-0.049212
-0.045940
-0.050153
-0.029389
0.007069
0.033015
0.047311
0.045130
-0.033879
-0.070655
-0.066299
-0.075387
-0.088035
-0.099341
-0.122414
-0.140266
-0.145101
-0.147190
-0.153730
-0.160431
-0.121039
-0.086557
-0.067985
-0.042282
-0.005133
0.019707
0.031616
0.024684
-0.046659
-0.087075
-0.083296
-0.095397
-0.110573
-0.124297
-0.151025
-0.173123
-0.180253
-0.184902
-0.194569
-0.197969
-0.145809
-0.110364
-0.090539
-0.065693
-0.028591
-0.004192
0.008541
0.005484
-0.030197
-0.061378
-0.052933
-0.052492
-0.053478
-0.053296
-0.064535
-0.078900
-0.087119
-0.082122
-0.082763
-0.100111
-0.090473
-0.076481
-0.074520
-0.061594
-0.032734
-0.012775
-0.004915
-0.014513
-0.056175
-0.090553
-0.084621
-0.083545
-0.082899
-0.081214
-0.092479
-0.108612
-0.112921
-0.111637
-0.117269
-0.121377
-0.077605
-0.040762
-0.019347
0.007439
0.045764
0.073297
0.088516
0.082443
0.031047
-0.003129
0.002900
-0.006910
-0.021176
-0.034661
-0.059263
-0.083549
-0.097355
-0.101680
-0.113421
-0.120837
-0.082259
-0.048574
-0.032168
-0.009579
0.025212
0.048765
0.059686
0.048155
0.010717
-0.020742
-0.013348
-0.016848
-0.023525
-0.030897
-0.047911
-0.068515
-0.088838
-0.094093
-0.100183
-0.112650
-0.081331
-0.047437
-0.031756
-0.010430
0.025794
0.054336
0.072733
0.077426
0.039028
-0.004129
-0.000083
-0.001632
-0.009291
-0.015928
-0.027855
-0.041817
-0.060186
-0.065882
-0.075283
-0.095077
-0.052278
-0.017524
-0.002477
0.012187
0.039759
0.059245
0.068448
0.061092
0.014968
-0.026696
-0.021962
-0.027175
-0.035624
-0.043325
-0.058902
-0.079091
-0.104794
-0.112131
-0.123959
-0.148321
-0.106386
-0.065570
-0.047673
-0.029240
-0.000405
0.018224
0.025384
0.010089
-0.030166
-0.063507
-0.058188
-0.060728
-0.067213
-0.070182
-0.077615
-0.090946
-0.118245
-0.120010
-0.128154
-0.151381
-0.105335
-0.076584
-0.068223
-0.060439
-0.042872
-0.033675
-0.033847
-0.042320
-0.077873
-0.114074
-0.108935
-0.111810
-0.115411
-0.115044
-0.118757
-0.132258
-0.159630
-0.160346
-0.167517
-0.188415
-0.165949
-0.142820
-0.140181
-0.136572
-0.121070
-0.113463
-0.113325
-0.118658
-0.145085
-0.176148
-0.166607
-0.159949
-0.151862
-0.139237
-0.127808
-0.131780
-0.149154
-0.137261
-0.137535
-0.156093
-0.098434
-0.087818
-0.092772
-0.096963
-0.091197
-0.092931
-0.101434
-0.115333
-0.146580
-0.178153
-0.169679
-0.160332
-0.149301
-0.135178
-0.123571
-0.130014
-0.152761
-0.143514
-0.141813
-0.156063
-0.090237
-0.061481
-0.044960
-0.036634
-0.024411
-0.024409
-0.037610
-0.047192
-0.069503
-0.098987
-0.094907
-0.093008
-0.088973
-0.082109
-0.074003
-0.078816
-0.102874
-0.097378
-0.099943
-0.111778
-0.030225
-0.013142
-0.000237
0.006877
0.014768
0.013014
0.001766
-0.019607
-0.056368
-0.100407
-0.104580
-0.107478
-0.113924
-0.114225
-0.115285
-0.125351
-0.152574
-0.150226
-0.153999
-0.170649
-0.119793
-0.091113
-0.080448
-0.083636
-0.082328
-0.089778
-0.111005
-0.138267
-0.180877
-0.215341
-0.210779
-0.215147
-0.225349
-0.227437
-0.225593
-0.228708
-0.253414
-0.250166
-0.255796
-0.274604
-0.204677
-0.171383
-0.158902
-0.154944
-0.138561
-0.130265
-0.133039
-0.141883
-0.173286
-0.213002
-0.207542
-0.200495
-0.195590
-0.181032
-0.162525
-0.161446
-0.181756
-0.166390
-0.162411
-0.176477
-0.114588
-0.083979
-0.073713
-0.072200
-0.062597
-0.062508
-0.071529
-0.086426
-0.121680
-0.155497
-0.151720
-0.150231
-0.153716
-0.150165
-0.142812
-0.151810
-0.174079
-0.166048
-0.171110
-0.190333
-0.137483
-0.108200
-0.092563
-0.090014
-0.083607
-0.086564
-0.102554
-0.116923
-0.139990
-0.174924
-0.173328
-0.170389
-0.173217
-0.170558
-0.165467
-0.175491
-0.199350
-0.194100
-0.198390
-0.213385
-0.154574
-0.119205
-0.100006
-0.085767
-0.064612
-0.053321
-0.050559
-0.052381
-0.075268
-0.109063
-0.107370
-0.102779
-0.102406
-0.100576
-0.096221
-0.105607
-0.128668
-0.121232
-0.124827
-0.139772
-0.064686
-0.030604
-0.006278
0.011006
0.027528
0.032617
0.023409
0.010082
-0.027974
-0.068793
-0.068121
-0.067043
-0.074690
-0.079932
-0.086538
-0.096722
-0.123783
-0.126556
-0.134512
-0.159311
-0.110911
-0.071181
-0.048246
-0.039971
-0.029570
-0.027935
-0.038604
-0.048919
-0.080388
-0.125907
-0.132718
-0.132031
-0.145173
-0.154490
-0.157697
-0.159607
-0.184132
-0.192244
-0.197305
-0.216940
-0.141153
-0.103390
-0.088896
-0.084035
-0.068387
-0.059870
-0.061858
-0.068021
-0.100737
-0.147352
-0.149885
-0.144379
-0.149715
-0.147610
-0.136082
-0.137579
-0.161927
-0.150756
-0.147836
-0.159158
-0.086460
-0.063793
-0.067139
-0.076276
-0.072235
-0.077502
-0.095073
-0.107397
-0.144845
-0.189186
-0.193218
-0.188280
-0.193620
-0.196842
-0.192886
-0.188007
-0.220187
-0.217135
-0.207146
-0.216316
-0.118173
-0.090742
-0.089808
-0.092552
-0.081600
-0.079068
-0.086106
-0.101521
-0.143042
-0.190982
-0.191532
-0.178819
-0.175714
-0.165621
-0.146554
-0.140593
-0.165633
-0.146948
-0.130309
-0.127033
-0.061557
-0.029345
-0.013458
-0.010010
-0.004165
-0.003699
-0.013442
-0.023916
-0.057264
-0.104909
-0.111624
-0.104632
-0.107007
-0.109333
-0.107736
-0.105946
-0.135997
-0.136365
-0.127642
-0.132114
-0.065275
-0.015768
0.016360
0.037663
0.061273
0.074497
0.078661
0.065386
0.019336
-0.035927
-0.041470
-0.022846
-0.009381
0.000295
0.011429
0.005530
-0.030813
-0.025868
-0.012842
-0.011369
-0.015474
0.013131
0.022297
0.025175
0.038396
0.045858
0.048854
0.042873
0.003466
-0.046251
-0.056129
-0.047703
-0.047499
-0.049960
-0.054498
-0.056794
-0.093012
-0.099820
-0.092853
-0.095680
-0.033303
0.015924
0.047445
0.064622
0.081654
0.089515
0.085680
0.068941
0.008893
-0.061914
-0.076708
-0.060626
-0.059215
-0.060857
-0.058319
-0.055063
-0.088326
-0.088122
-0.077265
-0.079104
-0.026795
0.032631
0.073791
0.097849
0.114155
0.122095
0.119458
0.084075
0.007007
-0.075466
-0.092324
-0.066634
-0.045164
-0.028014
-0.006871
0.006391
-0.018738
-0.013076
-0.000531
-0.001692
-0.009977
0.003614
-0.013966
-0.023130
-0.025049
-0.031189
-0.045026
-0.058779
-0.095600
-0.163914
-0.186172
-0.173185
-0.161910
-0.150739
-0.134781
-0.119239
-0.125337
-0.117556
-0.108151
-0.115543
-0.131276
-0.117483
-0.124949
-0.143993
-0.152598
-0.158001
-0.172304
-0.188522
-0.233491
-0.270548
-0.280256
-0.256526
-0.228771
-0.184386
-0.128108
-0.119472
-0.122090
-0.071770
-0.029590
-0.003312
-0.004980
0.001328
-0.003133
-0.011365
-0.007042
0.000773
0.002939
-0.005784
-0.048548
-0.105844
-0.109796
-0.091257
-0.085744
-0.077838
-0.059389
-0.043343
-0.060710
-0.049190
-0.028490
-0.020749
-0.020466
-0.008202
-0.004311
-0.014138
-0.019029
-0.026578
-0.045760
-0.057882
-0.064722
-0.123491
-0.141425
-0.133710
-0.138690
-0.143665
-0.136677
-0.124409
-0.151118
-0.135717
-0.110237
-0.103952
-0.033067
0.002387
0.015406
0.015238
0.017137
0.019549
0.009329
-0.013568
-0.065498
-0.122346
-0.131712
-0.121199
-0.124092
-0.120821
-0.101268
-0.085110
-0.107353
-0.089926
-0.066792
-0.062888
-0.073638
-0.039859
-0.024795
-0.019317
-0.009657
-0.004756
-0.016473
-0.058452
-0.130663
-0.242909
-0.284545
-0.247071
-0.193725
-0.136702
-0.073034
-0.047502
-0.035044
-0.010022
0.031871
0.066810
0.091286
0.122437
0.113696
0.099379
0.093691
0.087090
0.070001
0.056254
0.028385
-0.011856
-0.032128
-0.018380
-0.018676
-0.022103
-0.019368
-0.013838
-0.033744
-0.043861
-0.028298
-0.019211
-0.020970
0.002620
0.012972
0.008968
0.008128
0.009399
-0.002287
-0.038275
-0.090952
-0.137839
-0.157592
-0.132778
-0.113298
-0.087938
-0.051172
-0.055172
-0.069965
-0.040683
-0.009907
0.009870
-0.001161
0.031092
0.051881
0.064164
0.074790
0.084687
0.084360
0.063780
0.014718
-0.059196
-0.082477
-0.061052
-0.059292
-0.064942
-0.057236
-0.040403
-0.060902
-0.057059
-0.041908
-0.039530
-0.041818
-0.023203
-0.010520
-0.015371
-0.024519
-0.032080
-0.051734
-0.070761
-0.075662
-0.097441
-0.114050
-0.100534
-0.096913
-0.085403
-0.057012
-0.041810
-0.056032
-0.047114
-0.012638
0.013128
0.028854
0.059596
0.079794
0.094105
0.105263
0.115314
0.115998
0.082672
-0.000813
-0.091160
-0.121644
-0.099705
-0.088955
-0.082965
-0.068392
-0.048802
-0.065855
-0.059894
-0.043754
-0.041496
-0.046848
-0.024029
-0.010986
-0.020752
-0.034064
-0.041565
-0.060958
-0.085378
-0.134961
-0.171095
-0.188178
-0.175752
-0.165554
-0.152423
-0.124208
-0.105710
-0.127903
-0.129829
-0.089587
-0.065795
-0.034264
0.002195
0.032283
0.046753
0.059604
0.067897
0.075292
0.089910
0.093189
0.030590
-0.000890
0.024778
0.045079
0.046875
0.055660
0.077336
0.067155
0.045930
0.057317
0.076590
0.078420
0.105149
0.124462
0.120132
0.108757
0.102849
0.085904
0.067107
0.064311
0.029272
-0.006657
0.010575
0.023764
0.028670
0.039002
0.050067
0.013575
-0.021492
-0.002087
0.011078
0.024437
0.046097
0.062562
0.064791
0.058048
0.052941
0.035564
0.031886
-0.007692
-0.116768
-0.175229
-0.155903
-0.141255
-0.130963
-0.109042
-0.080779
-0.091235
-0.097732
-0.067818
-0.045872
-0.064674
-0.027391
0.009599
0.029124
0.039328
0.049816
0.039537
-0.003669
-0.056299
-0.132324
-0.186428
-0.158471
-0.118859
-0.085987
-0.043912
-0.000027
0.003585
-0.000946
0.032747
0.062859
0.067348
0.087904
0.119086
0.134724
0.142300
0.151823
0.143901
0.090411
-0.011047
-0.146816
-0.207875
-0.180872
-0.150182
-0.125649
-0.090883
-0.052262
-0.055567
-0.054294
-0.018674
0.005564
-0.016059
0.001098
0.017481
0.016045
0.009417
0.007852
-0.008943
-0.054968
-0.079803
-0.110022
-0.134921
-0.119971
-0.110550
-0.104708
-0.087794
-0.072247
-0.096159
-0.110280
-0.072490
-0.049332
-0.023187
0.016294
0.056049
0.088982
0.117438
0.142557
0.164263
0.186743
0.223367
0.187681
0.157053
0.174737
0.177166
0.153913
0.133788
0.131726
0.100658
0.091964
0.093651
0.090548
0.074571
0.112201
0.149343
0.167050
0.177471
0.192052
0.196680
0.174091
0.157040
0.122886
0.091979
0.107036
0.123306
0.119582
0.113487
0.118320
0.079843
0.035118
0.046317
0.054117
0.025701
0.050514
0.091441
0.106407
0.111320
0.110471
0.092925
0.088105
0.128508
0.129386
0.109922
0.127052
0.130687
0.119171
0.110850
0.111497
0.075425
0.031527
0.042210
0.055485
0.042633
0.069250
0.116610
0.147895
0.167443
0.183125
0.184038
0.137868
0.043533
-0.059417
-0.130268
-0.109510
-0.058834
-0.021071
0.022398
0.054850
0.061381
0.056993
0.087719
0.113776
0.134881
0.145117
0.176843
0.198238
0.192543
0.195606
0.224833
0.257107
0.300336
0.332047
0.339255
0.366727
0.371608
0.339476
0.300747
0.261778
0.196892
0.132750
0.129736
0.138563
0.139680
0.210106
0.281388
0.328097
0.357531
0.385002
0.398130
0.390477
0.370235
0.344739
0.325456
0.349669
0.352546
0.317102
0.264811
0.218793
0.170801
0.091372
0.059150
0.013463
-0.038035
-0.029406
-0.022030
-0.048759
-0.076724
-0.078767
-0.076252
-0.030325
0.082585
0.153952
0.212648
0.231507
0.217767
0.180441
0.139342
0.105822
0.063494
0.005384
-0.008518
-0.013943
-0.031939
0.026907
0.102902
0.167111
0.217187
0.264988
0.269096
0.255701
0.213209
0.098563
0.025567
0.047784
0.089159
0.100866
0.109145
0.132326
0.119372
0.061009
0.055892
0.055720
0.007723
0.040769
0.091286
0.120175
0.132922
0.142596
0.140214
0.137186
0.166923
0.215989
0.204791
0.207006
0.201257
0.169328
0.129269
0.105556
0.069845
0.028680
0.003772
-0.026359
-0.055197
-0.016963
0.026894
0.037097
0.050542
0.070056
0.077005
0.124126
0.232203
0.245759
0.206316
0.216196
0.243356
0.245032
0.233359
0.224051
0.203464
0.149543
0.127696
0.124865
0.113077
0.166954
0.230034
0.269583
0.301277
0.327867
0.334270
0.269192
0.185942
0.055108
-0.031555
-0.042749
-0.020525
-0.006726
-0.002547
0.002800
0.001482
-0.052205
-0.072092
-0.094718
-0.142100
-0.129622
-0.107766
-0.117538
-0.142879
-0.155033
-0.160591
-0.111855
0.014511
0.130856
0.163860
0.166686
0.165274
0.133682
0.089490
0.055572
0.006577
-0.067011
-0.082547
-0.088426
-0.062048
0.027392
0.116513
0.195083
0.258867
0.307422
0.304660
0.266016
0.174707
0.013270
-0.094445
-0.095732
-0.051771
-0.013973
0.024213
0.059488
0.082051
0.064298
0.049960
0.050536
0.024765
0.070800
0.137016
0.179333
0.204032
0.233706
0.252863
0.229888
0.224764
0.126805
0.059433
0.066644
0.097116
0.111001
0.116695
0.132709
0.138431
0.125956
0.119327
0.102208
0.065855
0.102022
0.148741
0.175786
0.183417
0.188877
0.174265
0.155025
0.197483
0.175777
0.116322
0.120775
0.144054
0.150347
0.143554
0.137859
0.125992
0.103717
0.098841
0.093593
0.075853
0.119535
0.176769
0.210011
0.226176
0.242452
0.242665
0.201070
0.189063
0.150247
0.091210
0.092977
0.114244
0.121357
0.116550
0.115350
0.113997
0.093624
0.078188
0.062029
0.037142
0.037738
0.075404
0.084939
0.076082
0.068517
0.061772
0.070485
0.158916
0.228907
0.178774
0.163522
0.169087
0.167192
0.153089
0.138199
0.108212
0.046227
0.019104
0.009697
-0.029447
-0.008232
0.041414
0.058598
0.069071
0.092318
0.114081
0.146634
0.248545
0.322528
0.283092
0.279376
0.298084
0.300815
0.284244
0.265377
0.242946
0.188890
0.167432
0.158222
0.134689
0.141255
0.179327
0.191054
0.199601
0.212868
0.223011
0.233899
0.301584
0.313263
0.248904
0.231195
0.250764
0.265089
0.261105
0.250374
0.231776
0.205427
0.186301
0.175419
0.174780
0.205843
0.261610
0.273768
0.264118
0.251908
0.254225
0.236992
0.252442
0.264031
0.199763
0.173993
0.186930
0.197611
0.198225
0.191582
0.178521
0.148604
0.115536
0.077141
0.030184
0.052943
0.104206
0.120633
0.127338
0.131284
0.112509
0.098028
0.164129
0.205066
0.151268
0.136401
0.148070
0.153768
0.150803
0.149492
0.136716
0.090689
0.066554
0.061331
0.036186
0.066520
0.138771
0.182746
0.221149
0.260288
0.273615
0.194445
0.138146
0.008788
-0.096476
-0.115785
-0.074055
-0.016376
0.037904
0.087935
0.121541
0.108358
0.090450
0.107138
0.087666
0.101709
0.161418
0.196423
0.217497
0.238265
0.258307
0.230695
0.240211
0.190506
0.117793
0.101968
0.122595
0.139772
0.150145
0.164143
0.179452
0.172974
0.152923
0.133184
0.094736
0.085540
0.113617
0.104120
0.083682
0.064522
0.049828
0.069464
0.180901
0.282894
0.232570
0.207893
0.219223
0.228226
0.227210
0.223413
0.207873
0.159579
0.118132
0.107622
0.068179
0.073213
0.118772
0.136574
0.152076
0.173003
0.181813
0.172966
0.224056
0.245854
0.174402
0.152447
0.180252
0.206097
0.214675
0.217653
0.216151
0.208136
0.194694
0.200811
0.200655
0.213885
0.246464
0.253821
0.252719
0.252905
0.255920
0.198228
0.175465
0.168611
0.086973
0.052366
0.071374
0.100716
0.126499
0.149250
0.164973
0.164789
0.156361
0.166534
0.164624
0.184816
0.245038
0.266661
0.265242
0.256278
0.257478
0.242387
0.269676
0.303279
0.233706
0.195878
0.203063
0.215573
0.218722
0.213391
0.200148
0.163373
0.119029
0.101483
0.067507
0.091271
0.147082
0.169890
0.178262
0.185352
0.193589
0.157547
0.165178
0.189547
0.116700
0.084405
0.100295
0.123790
0.142680
0.157989
0.151211
0.110203
0.073514
0.077799
0.050182
0.070664
0.139837
0.182113
0.211800
0.242758
0.272350
0.290152
0.353563
0.418136
0.369318
0.342879
0.360306
0.373967
0.368909
0.357376
0.340035
0.286045
0.225542
0.203885
0.166965
0.164424
0.208846
0.225225
0.219422
0.206329
0.211819
0.227028
0.305398
0.382588
0.362401
0.326390
0.324712
0.323249
0.306114
0.281836
0.246491
0.180132
0.124607
0.114888
0.089768
0.112761
0.183820
0.224791
0.260245
0.275066
0.308501
0.353367
0.456729
0.557745
0.522412
0.494537
0.508481
0.514315
0.488108
0.440515
0.390644
0.330696
0.249715
0.197401
0.149030
0.163533
0.214160
0.231186
0.221475
0.197263
0.193801
0.212273
0.297612
0.401159
0.384795
0.347537
0.343708
0.339612
0.308895
0.255273
0.196633
0.122304
0.046039
-0.001536
-0.057198
-0.056444
-0.022817
-0.015796
-0.029511
-0.030045
-0.020137
-0.013267
0.064543
0.176031
0.182625
0.159173
0.167164
0.174185
0.156813
0.126605
0.089132
0.018598
-0.039551
-0.057630
-0.099643
-0.090292
-0.024168
0.025665
0.062060
0.090731
0.123736
0.126093
0.183751
0.272938
0.250312
0.227826
0.250306
0.253010
0.226227
0.187901
0.155262
0.112867
0.064111
0.051026
0.028653
0.020404
0.070317
0.097220
0.112594
0.124805
0.143770
0.155503
0.221528
0.321572
0.319258
0.287329
0.291854
0.292568
0.270823
0.236633
0.198019
0.151771
0.111491
0.095357
0.069009
0.065109
0.116280
0.148973
0.171721
0.198624
0.224082
0.239848
0.286488
0.351279
0.312519
0.279600
0.286253
0.293969
0.285223
0.258146
0.225502
0.185619
0.137956
0.108501
0.070307
0.104918
0.182333
0.241348
0.272352
0.278002
0.279784
0.257136
0.275454
0.323397
0.290758
0.248792
0.258646
0.278366
0.283841
0.278629
0.265419
0.220472
0.162874
0.152742
0.123731
0.098379
0.138724
0.160330
0.176564
0.192410
0.207224
0.171469
0.180087
0.228233
0.162266
0.120612
0.137321
0.165912
0.182603
0.192686
0.198782
0.196733
0.158441
0.151966
0.144770
0.132827
0.184952
0.220440
0.235706
0.246288
0.254650
0.207534
0.149784
0.149170
0.077762
0.024063
0.027184
0.052774
0.078845
0.101711
0.114980
0.101632
0.056581
0.050071
0.029170
0.042321
0.104890
0.151874
0.179228
0.198240
0.219775
0.185979
0.167517
0.194155
0.114023
0.057625
0.068110
0.106041
0.140093
0.162972
0.174044
0.172929
0.135223
0.131663
0.131156
0.116176
0.172284
0.212905
0.235867
0.261453
0.282238
0.232214
0.126743
0.062138
-0.049345
-0.119324
-0.113527
-0.065107
-0.005596
0.048020
0.089961
0.111113
0.075792
0.084138
0.098549
0.095055
0.157494
0.225885
0.269135
0.301216
0.332026
0.328760
0.245255
0.141092
-0.003478
-0.079930
-0.068642
-0.020994
0.030358
0.077436
0.122669
0.145765
0.118408
0.129079
0.128621
0.113001
0.159393
0.208532
0.246200
0.247535
0.253353
0.223166
0.187064
0.188693
0.100798
0.043033
0.051414
0.070427
0.078593
0.084396
0.096869
0.091420
0.058386
0.061783
0.046565
0.067539
0.139707
0.205380
0.241899
0.262784
0.283536
0.259832
0.237611
0.272124
0.246131
0.206150
0.216211
0.227228
0.220057
0.198442
0.176127
0.148507
0.109372
0.092079
0.067228
0.044989
0.089835
0.145871
0.177707
0.193488
0.204082
0.174112
0.151539
0.199677
0.173845
0.130272
0.134466
0.153805
0.158636
0.152471
0.149066
0.134749
0.082900
0.062012
0.038304
0.001467
0.039527
0.086454
0.112050
0.123360
0.131220
0.132598
0.140919
0.206593
0.227855
0.185398
0.184715
0.198071
0.198025
0.191899
0.188552
0.137723
0.081472
0.076902
0.078399
0.044525
0.069380
0.119084
0.142104
0.164052
0.199091
0.232918
0.261615
0.335344
0.349084
0.319091
0.338786
0.362685
0.350328
0.312505
0.274024
0.234863
0.154842
0.111135
0.073633
0.036129
0.067487
0.105386
0.120706
0.109303
0.091881
0.064830
0.054169
0.118752
0.172011
0.139133
0.129027
0.121309
0.090027
0.047819
0.017150
-0.026284
-0.091830
-0.123488
-0.163788
-0.149309
-0.098708
-0.050978
-0.042688
-0.057548
-0.041460
-0.035020
0.017795
0.128694
0.222142
0.223216
0.230942
0.235290
0.214136
0.184532
0.158412
0.123057
0.063582
0.052001
0.042559
0.025939
0.061161
0.130400
0.181401
0.231631
0.279443
0.309850
0.280934
0.181481
0.018389
-0.066862
-0.059623
-0.024605
-0.000775
0.012904
0.025105
0.027358
0.007678
-0.002341
-0.021710
-0.060765
-0.032581
-0.000592
0.006420
-0.005485
-0.007311
-0.009379
0.046899
0.170945
0.258194
0.233961
0.224764
0.222367
0.199683
0.157573
0.115645
0.065963
-0.008357
-0.037255
-0.050871
-0.040964
0.031102
0.107588
0.159425
0.198931
0.237861
0.262889
0.257728
0.305220
0.277962
0.238069
0.229873
0.245418
0.236862
0.200545
0.157883
0.110903
0.050118
-0.001334
-0.038177
-0.069383
-0.040492
0.009290
0.025462
0.024626
0.027603
0.037985
0.057831
0.152940
0.245553
0.256910
0.242547
0.242316
0.232267
0.195141
0.155409
0.091700
0.005569
-0.039644
-0.067649
-0.115834
-0.105470
-0.061864
-0.047696
-0.039469
-0.023039
0.007682
0.037228
0.099846
0.160195
0.141546
0.131610
0.148123
0.146888
0.122982
0.099589
0.064093
0.008530
-0.041846
-0.075190
-0.111633
-0.083933
-0.029298
-0.007570
-0.001818
-0.000098
-0.008961
-0.000482
0.077814
0.165399
0.164290
0.154340
0.155637
0.144066
0.125226
0.115399
0.085246
0.027673
0.007279
0.000181
-0.041605
-0.014230
0.052719
0.093277
0.127591
0.167734
0.204440
0.208084
0.262881
0.237456
0.181105
0.180327
0.206231
0.205403
0.178690
0.145968
0.116854
0.070891
0.031805
0.000706
-0.033338
-0.003654
0.050476
0.076238
0.079039
0.082064
0.074438
0.098601
0.199465
0.292107
0.297495
0.293538
0.302076
0.290998
0.251954
0.209448
0.150826
0.067531
0.028569
0.008512
-0.031929
-0.011029
0.042056
0.066235
0.084293
0.109058
0.141785
0.162039
0.198293
0.246792
0.218390
0.205834
0.210363
0.195535
0.152289
0.104496
0.060222
-0.007251
-0.067191
-0.111192
-0.147905
-0.125237
-0.084594
-0.079453
-0.085565
-0.084147
-0.068078
-0.050523
0.032009
0.125631
0.170478
0.185765
0.192392
0.176242
0.137049
0.105526
0.059687
-0.013517
-0.046856
-0.048471
-0.080379
-0.044485
0.033661
0.097819
0.146304
0.189410
0.232760
0.266400
0.332737
0.321545
0.300110
0.308380
0.344264
0.336402
0.285741
0.224737
0.173551
0.111677
0.055015
0.009127
-0.036600
-0.021836
0.017728
0.017666
0.000990
-0.014806
-0.025213
0.000411
0.092304
0.195112
0.242717
0.252655
0.253933
0.237603
0.190563
0.144790
0.092336
0.011579
-0.035197
-0.051241
-0.089523
-0.069606
0.001033
0.057830
0.095211
0.129994
0.169960
0.201097
0.240242
0.294771
0.305706
0.305576
0.317672
0.288956
0.221811
0.158188
0.108778
0.047334
-0.012676
-0.058867
-0.108637
-0.099128
-0.063444
-0.066757
-0.084098
-0.101779
-0.118480
-0.120721
-0.046788
0.056790
0.134877
0.165195
0.175497
0.149383
0.098541
0.056786
0.010832
-0.071220
-0.117993
-0.134516
-0.134590
-0.065515
0.026366
0.099180
0.159027
0.205365
0.226014
0.238218
0.251819
0.182622
0.134374
0.137370
0.177902
0.187196
0.164979
0.144776
0.123492
0.067165
0.032627
0.023569
-0.006452
-0.024669
0.013289
0.037135
0.045311
0.054968
0.072832
0.076024
0.118214
0.189539
0.188873
0.167797
0.169877
0.164544
0.138381
0.105563
0.069443
0.020318
-0.014064
-0.034809
-0.060010
-0.030384
0.038176
0.069569
0.098479
0.134670
0.172010
0.198571
0.279115
0.365265
0.378327
0.369619
0.385369
0.386331
0.364397
0.332804
0.298502
0.262007
0.208012
0.182996
0.153591
0.148505
0.190675
0.211431
0.209725
0.198732
0.197394
0.192637
0.263495
0.353981
0.311407
0.269974
0.271374
0.270663
0.250961
0.218398
0.180938
0.129210
0.075357
0.043952
0.005474
0.022646
0.071831
0.095297
0.111217
0.127153
0.147533
0.170334
0.261252
0.370555
0.366627
0.331609
0.336665
0.344454
0.333252
0.309133
0.274413
0.233728
0.170180
0.147336
0.114457
0.089826
0.114182
0.116980
0.120010
0.127395
0.137576
0.116475
0.152507
0.206154
0.142257
0.101160
0.116997
0.151088
0.183977
0.215163
0.231116
0.206283
0.169270
0.182395
0.180093
0.177416
0.228543
0.255966
0.273541
0.291864
0.300999
0.261275
0.247168
0.257917
0.177441
0.128593
0.141043
0.169371
0.195143
0.215401
0.229278
0.232608
0.192174
0.179800
0.146867
0.134176
0.174354
0.198100
0.199728
0.188768
0.187088
0.164891
0.188719
0.237060
0.161102
0.118574
0.131006
0.146366
0.148986
0.141595
0.129344
0.106377
0.080113
0.070473
0.041453
0.028016
0.072086
0.101690
0.115357
0.119888
0.131499
0.131751
0.191861
0.276267
0.225759
0.193524
0.209044
0.220615
0.213889
0.200936
0.185634
0.159454
0.119489
0.120692
0.112971
0.107645
0.161402
0.201372
0.231142
0.264232
0.299265
0.299896
0.327726
0.365949
0.302308
0.265239
0.280667
0.294787
0.291748
0.275231
0.256481
0.232623
0.181154
0.164473
0.135154
0.125429
0.168536
0.201337
0.209455
0.199837
0.201399
0.209811
0.282740
0.391030
0.383027
0.336241
0.331411
0.335238
0.319258
0.285338
0.244410
0.188272
0.113262
0.088056
0.058231
0.079698
0.157936
0.218145
0.259215
0.299320
0.336814
0.334316
0.334900
0.363891
0.282690
0.229661
0.239533
0.263623
0.274118
0.269705
0.258820
0.240126
0.175397
0.146653
0.101012
0.080455
0.120886
0.153398
0.156621
0.145002
0.146233
0.146525
0.210556
0.312757
0.299328
0.252515
0.257080
0.272118
0.269491
0.250972
0.226062
0.197113
0.138656
0.119153
0.098112
0.085582
0.142089
0.191606
0.218768
0.237005
0.253825
0.230666
0.206738
0.226644
0.149234
0.102851
0.113919
0.137862
0.148556
0.147660
0.146867
0.140484
0.117683
0.108578
0.091937
0.074089
0.124706
0.177388
0.203098
0.215592
0.220364
0.171901
0.133448
0.150028
0.071091
0.018209
0.026536
0.052744
0.069603
0.080652
0.091802
0.086321
0.048078
0.039400
0.025017
-0.012829
0.019898
0.061796
0.084449
0.104947
0.123869
0.099213
0.081445
0.113984
0.045483
-0.012609
0.000737
0.032008
0.053116
0.070842
0.090313
0.063887
0.030904
0.049284
0.073295
0.044657
0.080343
0.128002
0.156313
0.186289
0.215891
0.220221
0.200488
0.200217
0.177872
0.134712
0.143990
0.158752
0.155247
0.148816
0.150084
0.109200
0.062174
0.062883
0.046466
0.044479
0.102008
0.155941
0.184922
0.200592
0.213745
0.187156
0.188282
0.257873
0.244863
0.195329
0.199475
0.220445
0.221028
0.204049
0.185279
0.158147
0.127574
0.112721
0.093211
0.073243
0.121188
0.181478
0.211622
0.233221
0.252666
0.235125
0.204815
0.226289
0.156119
0.084580
0.082535
0.104738
0.113843
0.108220
0.101086
0.084760
0.048731
0.020119
-0.015247
-0.047798
-0.015190
0.030624
0.050291
0.053760
0.067008
0.080866
0.126470
0.237565
0.259450
0.218892
0.220356
0.243703
0.252747
0.244134
0.228836
0.165704
0.100716
0.087521
0.085054
0.052853
0.089398
0.154567
0.196215
0.235484
0.280678
0.322589
0.361675
0.431466
0.424052
0.386703
0.405916
0.438260
0.434875
0.411338
0.383166
0.308622
0.220708
0.180224
0.121268
0.082011
0.105810
0.136650
0.146855
0.146678
0.152861
0.162256
0.238398
0.357373
0.371674
0.329569
0.333742
0.349264
0.343671
0.316367
0.285309
0.238916
0.168513
0.137488
0.128036
0.114491
0.170535
0.250731
0.303161
0.338669
0.373194
0.379801
0.353148
0.347608
0.321087
0.264623
0.258430
0.270883
0.265123
0.236372
0.202871
0.163419
0.110371
0.070963
0.016650
-0.033900
-0.021835
0.009854
0.011733
0.001510
0.004953
0.019961
0.088125
0.204813
0.276346
0.250268
0.242171
0.247101
0.235095
0.197371
0.155320
0.100290
0.031531
-0.002939
-0.039813
-0.077725
-0.046309
0.010521
0.047986
0.073992
0.104709
0.128760
0.151702
0.234912
0.252672
0.220563
0.225710
0.255080
0.249380
0.220140
0.201516
0.174865
0.117375
0.094186
0.072149
0.029454
0.060340
0.125898
0.158833
0.180543
0.197117
0.164122
0.130225
0.171404
0.143819
0.069272
0.061912
0.094042
0.113715
0.116708
0.117365
0.114652
0.063795
0.049059
0.043423
0.009279
0.001604
0.033172
0.037155
0.037709
0.044170
0.056369
0.067275
0.151667
0.223476
0.174835
0.158408
0.163053
0.154222
0.130228
0.106107
0.083046
0.041888
0.013345
-0.011757
-0.038317
0.002339
0.066015
0.099789
0.129225
0.158413
0.171071
0.165451
0.231820
0.234316
0.172728
0.162388
0.191287
0.209705
0.209185
0.202866
0.187987
0.160654
0.140024
0.123639
0.106187
0.117215
0.150293
0.154100
0.155928
0.158428
0.166721
0.189258
0.269843
0.326394
0.275379
0.251300
0.257555
0.254613
0.234782
0.207766
0.178905
0.131943
0.090308
0.053104
0.018783
0.046009
0.086581
0.093095
0.079010
0.072173
0.078523
0.100061
0.186893
0.251273
0.204350
0.185190
0.196310
0.204982
0.198961
0.189342
0.160547
0.101386
0.076986
0.069135
0.032537
0.053781
0.114676
0.152152
0.185455
0.203104
0.216400
0.222356
0.287236
0.328631
0.272120
0.258551
0.286097
0.307967
0.311664
0.313478
0.320817
0.284002
0.261708
0.266227
0.246382
0.266559
0.308823
0.338091
0.348503
0.343502
0.336374
0.307254
0.298832
0.265367
0.189239
0.162853
0.174535
0.184826
0.188826
0.198021
0.204380
0.168216
0.148309
0.114048
0.067274
0.076732
0.093122
0.089675
0.081976
0.065674
0.034174
0.018342
0.093125
0.173719
0.119284
0.092028
0.097637
0.097368
0.084892
0.074032
0.058522
0.026401
0.002721
-0.010852
-0.050075
-0.024202
0.046494
0.092908
0.128234
0.160540
0.170257
0.149270
0.186781
0.152885
0.066607
0.042312
0.086347
0.134048
0.170724
0.203798
0.226746
0.197636
0.169107
0.173860
0.159332
0.165449
0.225506
0.277247
0.283466
0.281359
0.297650
0.318708
0.372046
0.421077
0.369322
0.352035
0.370950
0.367500
0.344939
0.331903
0.323951
0.273329
0.220044
0.184250
0.130689
0.108716
0.112205
0.094195
0.070517
0.049408
0.040344
0.056921
0.157988
0.251337
0.200965
0.175581
0.182131
0.186236
0.174737
0.157225
0.130001
0.070222
0.036862
0.039407
0.012584
0.041137
0.120749
0.186604
0.233145
0.272349
0.300020
0.305351
0.350061
0.346020
0.271660
0.253567
0.291866
0.332323
0.336928
0.337376
0.335068
0.304735
0.260780
0.250777
0.231426
0.231636
0.257643
0.277763
0.292704
0.284986
0.260870
0.241993
0.265520
0.293820
0.227125
0.190564
0.201188
0.215632
0.221959
0.225962
0.223909
0.175023
0.132908
0.134543
0.111355
0.145000
0.218874
0.258209
0.280616
0.299227
0.314519
0.293699
0.311443
0.344048
0.279614
0.243290
0.253439
0.263162
0.256668
0.239908
0.217364
0.178433
0.135398
0.107408
0.072863
0.091773
0.151874
0.183860
0.197728
0.205591
0.211351
0.135209
0.092707
0.088646
0.000570
-0.049309
-0.035666
-0.002800
0.031925
0.063030
0.072130
0.055976
0.019670
0.018367
-0.006223
0.014187
0.078199
0.114268
0.145766
0.176114
0.202022
0.159215
0.149065
0.169195
0.089353
0.043179
0.060376
0.100111
0.137895
0.170694
0.184623
0.166824
0.125557
0.130379
0.126282
0.128150
0.184826
0.217064
0.238085
0.260175
0.273643
0.242074
0.253383
0.291134
0.225932
0.174970
0.181388
0.204638
0.223597
0.233584
0.232962
0.209009
0.159781
0.148658
0.126163
0.132317
0.186422
0.215336
0.233810
0.251099
0.254540
0.166312
0.124354
0.112180
0.029651
-0.022679
-0.009556
0.034910
0.085484
0.128610
0.155347
0.162857
0.130911
0.134877
0.126518
0.122546
0.175542
0.204924
0.223890
0.228521
0.221375
0.132942
0.089143
0.080762
0.009828
-0.043971
-0.030374
0.022039
0.090997
0.152970
0.212519
0.209504
0.174013
0.178320
0.181270
0.188027
0.253595
0.295336
0.317455
0.334131
0.336246
0.243464
0.127034
-0.007493
-0.131090
-0.203557
-0.197241
-0.143151
-0.057173
0.034523
0.107333
0.144405
0.111570
0.110894
0.093730
0.083944
0.134071
0.162026
0.169249
0.169859
0.187054
0.219824
0.314645
0.416526
0.390040
0.353016
0.362532
0.378706
0.383396
0.379881
0.359740
0.307953
0.238615
0.213466
0.171004
0.134539
0.149965
0.159362
0.157962
0.162606
0.183017
0.213264
0.283405
0.374982
0.360907
0.313559
0.311821
0.330975
0.339857
0.332487
0.320760
0.299404
0.241873
0.227473
0.207469
0.201466
0.230523
0.245661
0.246286
0.254642
0.258445
0.180958
0.149376
0.157205
0.088725
0.026692
0.030953
0.078977
0.139220
0.199491
0.251639
0.252796
0.207623
0.206777
0.202797
0.213936
0.275624
0.324865
0.351799
0.354567
0.337551
0.259924
0.196378
0.165017
0.088517
0.023804
0.023039
0.057929
0.106350
0.156748
0.205668
0.239211
0.200757
0.190417
0.157218
0.131990
0.156198
0.189787
0.203337
0.209817
0.192480
0.122303
0.059919
-0.002209
-0.115293
-0.187100
-0.186078
-0.141521
-0.071839
0.017545
0.094479
0.129911
0.125599
0.140351
0.156236
0.131469
0.181383
0.237738
0.261723
0.278205
0.311918
0.334492
0.360295
0.365367
0.303939
0.252101
0.259666
0.276676
0.296268
0.329704
0.369015
0.395587
0.397871
0.421896
0.455023
0.436603
0.463164
0.483127
0.489260
0.498223
0.495043
0.471703
0.445066
0.392262
0.260608
0.178708
0.180342
0.233221
0.286496
0.333580
0.375195
0.369091
0.344362
0.359153
0.339595
0.339076
0.393473
0.428692
0.438848
0.432914
0.425073
0.376746
0.319421
0.224372
0.106279
0.032535
0.027739
0.064923
0.124527
0.184716
0.237028
0.236051
0.223068
0.246047
0.227931
0.221982
0.271568
0.310971
0.326785
0.333499
0.331622
0.284840
0.237347
0.225809
0.124236
0.037162
0.027261
0.063472
0.112812
0.158914
0.204014
0.232985
0.211624
0.218868
0.233938
0.214914
0.255658
0.310392
0.340442
0.346522
0.350204
0.326179
0.258061
0.188910
0.051980
-0.038412
-0.044052
-0.013887
0.019163
0.048219
0.079759
0.096366
0.071249
0.070786
0.057544
0.033505
0.068753
0.101695
0.110429
0.091824
0.085121
0.076186
0.077158
0.143142
0.191325
0.147882
0.143258
0.152821
0.145705
0.129321
0.120645
0.103044
0.059861
0.065351
0.080089
0.058915
0.110233
0.174864
0.209235
0.232400
0.258191
0.270115
0.274956
0.331683
0.313597
0.256405
0.261005
0.284190
0.283715
0.263776
0.242789
0.221496
0.186734
0.162138
0.134366
0.113830
0.158924
0.214566
0.241756
0.247498
0.248860
0.229567
0.200195
0.234828
0.204550
0.141622
0.138266
0.162002
0.178534
0.182242
0.179010
0.170845
0.122481
0.105110
0.096778
0.069012
0.115997
0.168648
0.196991
0.214152
0.226259
0.214924
0.191096
0.222889
0.201643
0.141411
0.138387
0.168546
0.188989
0.194156
0.196409
0.189074
0.146758
0.138028
0.146907
0.132762
0.185495
0.262952
0.311907
0.350482
0.383949
0.392203
0.319559
0.190761
0.011551
-0.086479
-0.098114
-0.053795
0.006516
0.061287
0.114070
0.143085
0.114989
0.115920
0.115464
0.080603
0.117192
0.163453
0.188392
0.178704
0.170547
0.161811
0.153252
0.213849
0.225077
0.163254
0.156010
0.177358
0.182531
0.168064
0.154276
0.139578
0.113478
0.099696
0.092050
0.074224
0.126191
0.183346
0.221750
0.242964
0.257771
0.266933
0.218644
0.193290
0.156475
0.081498
0.070872
0.092222
0.104469
0.103624
0.106230
0.104854
0.085001
0.065069
0.047984
0.017459
0.049484
0.109361
0.135807
0.150095
0.161205
0.155997
0.169669
0.263064
0.276323
0.214992
0.207463
0.236275
0.255869
0.256309
0.250343
0.238051
0.187356
0.149221
0.128682
0.093258
0.084329
0.109091
0.107675
0.105876
0.111674
0.121185
0.130798
0.210078
0.271344
0.217837
0.196198
0.203076
0.201057
0.182840
0.159924
0.135831
0.097293
0.074068
0.054272
0.026832
0.042795
0.095387
0.117963
0.136749
0.158647
0.162184
0.103813
0.082007
0.033496
-0.048026
-0.065994
-0.025826
0.033604
0.093176
0.152437
0.173427
0.163026
0.166725
0.194322
0.183275
0.229370
0.299167
0.335326
0.366981
0.359739
0.341067
0.334596
0.362315
0.313659
0.216391
0.189255
0.215501
0.247412
0.274641
0.294060
0.308861
0.262839
0.237090
0.218852
0.195845
0.233679
0.297881
0.340482
0.361407
0.370759
0.374906
0.317669
0.224874
0.106033
-0.002016
-0.022777
0.016709
0.062932
0.100430
0.131944
0.145843
0.147240
0.145330
0.134790
0.110108
0.149173
0.199639
0.233523
0.244683
0.248875
0.250327
0.203210
0.171642
0.112594
0.025785
0.003584
0.035894
0.071668
0.100249
0.133250
0.148055
0.118811
0.092383
0.101017
0.060619
0.087337
0.157483
0.193648
0.217162
0.233601
0.235450
0.226390
0.287667
0.299530
0.228076
0.205123
0.224803
0.235367
0.225507
0.207338
0.189450
0.153053
0.115707
0.086872
0.057713
0.049986
0.083250
0.082427
0.078726
0.076244
0.082379
0.096608
0.193396
0.292824
0.253336
0.219837
0.223725
0.226602
0.215807
0.199739
0.169792
0.109291
0.059981
0.042401
0.008482
0.013769
0.058969
0.074953
0.090211
0.112300
0.126875
0.072858
0.068735
0.068133
-0.010193
-0.043642
-0.015627
0.025495
0.062033
0.094700
0.111518
0.087697
0.070104
0.094238
0.103170
0.113022
0.173002
0.206304
0.235946
0.259032
0.282234
0.259060
0.260886
0.280820
0.218954
0.191263
0.206273
0.219300
0.221264
0.217061
0.208368
0.185359
0.166335
0.147604
0.121379
0.139313
0.175672
0.190841
0.185589
0.183034
0.188897
0.184246
0.246350
0.313538
0.280291
0.243197
0.242153
0.240063
0.223061
0.197996
0.164823
0.116889
0.077477
0.057454
0.032119
0.061381
0.132533
0.172099
0.198897
0.228663
0.253656
0.229734
0.215981
0.219734
0.153273
0.129403
0.153137
0.177918
0.191884
0.200031
0.199269
0.162663
0.125756
0.124543
0.093161
0.082416
0.117308
0.122642
0.119262
0.115420
0.120735
0.140145
0.236413
0.345363
0.299327
0.263331
0.263751
0.262210
0.245186
0.219265
0.184695
0.136695
0.077978
0.060378
0.028928
0.047527
0.109695
0.144295
0.171300
0.199110
0.216341
0.161237
0.137450
0.146259
0.059569
0.013164
0.034778
0.075524
0.112063
0.141205
0.159800
0.133543
0.099331
0.115008
0.116866
0.114939
0.171920
0.206591
0.234400
0.261661
0.287623
0.260114
0.251960
0.274446
0.199910
0.154790
0.167249
0.188943
0.202475
0.208646
0.212212
0.194531
0.147398
0.131507
0.101848
0.089394
0.126359
0.137870
0.132587
0.127357
0.134546
0.165648
0.275439
0.395102
0.380640
0.335845
0.338117
0.352641
0.354825
0.348470
0.325655
0.271203
0.210967
0.195165
0.168323
0.181773
0.246641
0.287255
0.316446
0.317407
0.323773
0.312542
0.306437
0.321878
0.252603
0.211054
0.219656
0.232631
0.232513
0.223933
0.211488
0.190784
0.146463
0.123760
0.080724
0.099360
0.163791
0.204063
0.221419
0.230141
0.245609
0.212759
0.233101
0.288464
0.259299
0.224880
0.236230
0.249177
0.248049
0.237281
0.221423
0.199320
0.154557
0.140059
0.119359
0.108454
0.157066
0.178665
0.185374
0.185479
0.193029
0.155172
0.149977
0.193429
0.130854
0.097738
0.114885
0.134929
0.145152
0.151205
0.151820
0.147957
0.113470
0.110604
0.087088
0.070018
0.116218
0.138801
0.152202
0.164378
0.180437
0.178468
0.230480
0.301878
0.255288
0.221352
0.239500
0.270293
0.289033
0.295879
0.301806
0.279001
0.237348
0.232073
0.232732
0.220477
0.248083
0.261801
0.257113
0.262498
0.259526
0.215477
0.177120
0.180517
0.126096
0.071518
0.071930
0.099293
0.128918
0.153392
0.177315
0.185313
0.140019
0.129751
0.123715
0.124069
0.183196
0.229306
0.247360
0.248782
0.255001
0.235095
0.229989
0.264750
0.219228
0.167192
0.166889
0.196933
0.228879
0.253371
0.271929
0.243812
0.192500
0.192618
0.200262
0.168141
0.205243
0.237761
0.255751
0.274112
0.295135
0.273762
0.239888
0.251411
0.177553
0.118972
0.123719
0.155037
0.185665
0.206134
0.223554
0.230676
0.191532
0.185406
0.184918
0.181598
0.240841
0.287465
0.308030
0.315411
0.319384
0.268100
0.162707
0.107742
-0.001536
-0.071455
-0.068147
-0.025181
0.025934
0.072759
0.113135
0.131745
0.098823
0.097704
0.102000
0.095938
0.155503
0.216075
0.246252
0.268042
0.294275
0.301541
0.245637
0.191278
0.070443
0.002724
0.014068
0.051480
0.088515
0.121458
0.152357
0.168866
0.133317
0.135421
0.126929
0.113604
0.160342
0.207927
0.233975
0.248607
0.264397
0.255771
0.200245
0.126538
-0.006438
-0.074360
-0.061549
-0.021902
0.020452
0.064014
0.100818
0.089085
0.073046
0.108134
0.123694
0.136177
0.211533
0.282966
0.327160
0.361679
0.394822
0.397031
0.377757
0.371223
0.309963
0.267045
0.273538
0.276916
0.260321
0.232674
0.208706
0.170431
0.128861
0.079073
0.024632
0.030320
0.067500
0.090168
0.082821
0.069674
0.072709
0.084347
0.162788
0.299525
0.331766
0.323249
0.335626
0.356658
0.370382
0.380468
0.387617
0.382514
0.345609
0.324480
0.314247
0.290443
0.298602
0.309824
0.304947
0.302936
0.264938
0.196305
0.094423
-0.018652
-0.131587
-0.209445
-0.250627
-0.234961
-0.180676
-0.112119
-0.052509
-0.012897
-0.059431
-0.077332
-0.129115
-0.113051
-0.059097
0.008046
0.042860
0.061852
0.086792
0.096014
0.104414
0.157700
0.149425
0.110263
0.120040
0.140229
0.131753
0.110458
0.091696
0.052188
-0.005808
-0.011448
-0.012061
-0.013597
0.053786
0.117859
0.157547
0.188882
0.216095
0.241233
0.257122
0.301150
0.323358
0.308879
0.316470
0.321502
0.295605
0.244575
0.197175
0.148539
0.089283
0.051167
0.008694
-0.022632
0.012828
0.048559
0.059535
0.069149
0.088303
0.096621
0.165899
0.294276
0.313821
0.279270
0.286190
0.307773
0.310028
0.295200
0.279362
0.247483
0.188497
0.159030
0.145621
0.126936
0.131168
0.153181
0.155778
0.159958
0.168216
0.173297
0.195546
0.276826
0.324357
0.284320
0.270598
0.273236
0.259886
0.227284
0.184877
0.142762
0.085763
0.041977
0.007029
-0.027905
-0.001072
0.032121
0.036404
0.030195
0.035585
0.041191
0.111055
0.241623
0.291091
0.261836
0.265174
0.279176
0.274990
0.252750
0.227690
0.191740
0.131869
0.105304
0.091482
0.070094
0.115084
0.192107
0.248867
0.293735
0.327715
0.333190
0.252941
0.125495
-0.064631
-0.186563
-0.219380
-0.178201
-0.117130
-0.058091
0.000755
0.041775
0.016613
0.012741
0.021741
-0.016370
-0.014897
0.001008
0.006695
0.006948
0.019997
0.037744
0.052859
0.135148
0.208821
0.160932
0.147689
0.160520
0.162110
0.151342
0.141624
0.119400
0.067903
0.045590
0.058956
0.046828
0.088012
0.164182
0.203766
0.236366
0.275166
0.309387
0.302264
0.309257
0.318580
0.274307
0.270217
0.283249
0.277476
0.251884
0.226514
0.187913
0.146765
0.093590
0.044215
0.003378
0.017582
0.040193
0.029824
0.010732
0.003596
0.003129
0.075722
0.209261
0.331667
0.327444
0.311843
0.306503
0.286162
0.245100
0.203175
0.147931
0.065511
0.013445
-0.026654
-0.027605
0.024349
0.090043
0.134073
0.162108
0.186513
0.196962
0.200519
0.268259
0.302565
0.266618
0.256128
0.270310
0.261442
0.227014
0.185526
0.145199
0.085353
0.044975
0.008966
-0.027903
-0.038170
-0.011796
-0.009415
-0.007938
-0.001171
0.014209
0.074563
0.211090
0.315258
0.289077
0.274117
0.284504
0.286450
0.269208
0.243910
0.208566
0.147457
0.112843
0.103468
0.076613
0.096659
0.164428
0.204363
0.237204
0.265486
0.276006
0.227834
0.220893
0.206760
0.130609
0.110023
0.138937
0.169858
0.191908
0.210629
0.222494
0.181990
0.159755
0.162396
0.135091
0.148750
0.206668
0.248449
0.273722
0.288220
0.286425
0.235133
0.223953
0.202102
0.109715
0.076381
0.099461
0.134915
0.163856
0.191255
0.194088
0.154057
0.118920
0.126332
0.095717
0.121855
0.190049
0.220864
0.244770
0.273238
0.293170
0.310458
0.378299
0.440601
0.390949
0.360016
0.363913
0.359942
0.337657
0.310433
0.277763
0.212889
0.141914
0.106972
0.064038
0.088758
0.147648
0.173425
0.187092
0.203217
0.216780
0.261143
0.360828
0.451315
0.409541
0.380748
0.394209
0.403378
0.391287
0.365435
0.332479
0.269539
0.199257
0.158011
0.101890
0.067013
0.067726
0.042444
0.021759
0.011425
0.010717
0.057518
0.185087
0.297076
0.251339
0.227670
0.239106
0.249631
0.246003
0.238394
0.219309
0.168380
0.134254
0.138042
0.123422
0.146944
0.213474
0.258517
0.297308
0.322379
0.345314
0.371390
0.432505
0.480368
0.420690
0.395473
0.416799
0.437958
0.439039
0.437233
0.389844
0.335745
0.283208
0.246627
0.198359
0.182289
0.210068
0.209994
0.198990
0.187897
0.201404
0.256502
0.374517
0.476622
0.449327
0.415536
0.412975
0.402264
0.369247
0.321111
0.266572
0.200012
0.143477
0.119757
0.095978
0.129685
0.198189
0.236695
0.260180
0.283976
0.301951
0.275676
0.279366
0.296932
0.223158
0.193181
0.206571
0.216169
0.209716
0.196033
0.175887
0.140254
0.111713
0.097798
0.079161
0.114919
0.188257
0.233173
0.264116
0.297796
0.326978
0.305621
0.314765
0.348386
0.268017
0.220629
0.235416
0.261136
0.276240
0.282607
0.277163
0.266790
0.205437
0.185686
0.156882
0.155966
0.210464
0.244987
0.256126
0.248359
0.240567
0.204722
0.197028
0.222436
0.144817
0.099380
0.109517
0.132396
0.150482
0.168608
0.176165
0.135314
0.092920
0.097583
0.065208
0.081995
0.154629
0.206410
0.249339
0.289274
0.318559
0.284576
0.263147
0.252317
0.159236
0.116474
0.143181
0.183341
0.213018
0.243717
0.268927
0.245724
0.193108
0.187641
0.160756
0.157619
0.185194
0.203331
0.211672
0.209173
0.198276
0.183419
0.197526
0.231834
0.159445
0.118388
0.132881
0.156696
0.175888
0.195820
0.204989
0.171573
0.138547
0.155539
0.148441
0.168751
0.248013
0.304911
0.348932
0.391913
0.436279
0.432918
0.373687
0.302774
0.179759
0.126815
0.146262
0.183169
0.213314
0.236535
0.247981
0.206920
0.153599
0.154991
0.113214
0.127283
0.190263
0.240502
0.272193
0.291686
0.294613
0.225690
0.164506
0.117254
-0.000494
-0.050124
-0.026935
0.013530
0.049559
0.081378
0.100776
0.098998
0.072587
0.076420
0.053522
0.058304
0.126635
0.168868
0.196664
0.215705
0.233127
0.223151
0.253467
0.312429
0.253585
0.216576
0.230413
0.241621
0.234352
0.217123
0.199208
0.167781
0.124009
0.093359
0.064240
0.050303
0.087791
0.106326
0.098917
0.078318
0.071638
0.073817
0.152276
0.273600
0.259140
0.211699
0.205134
0.214542
0.209324
0.189180
0.161851
0.115546
0.054975
0.038148
0.015403
0.023471
0.093143
0.146372
0.179660
0.217391
0.250012
0.235919
0.213188
0.232084
0.150773
0.097933
0.114024
0.148905
0.172507
0.188085
0.199568
0.201771
0.154243
0.146646
0.137652
0.131215
0.186572
0.241837
0.271273
0.295174
0.300466
0.233775
0.122745
0.049404
-0.074991
-0.149274
-0.141577
-0.090834
-0.029430
0.031249
0.088361
0.119412
0.097878
0.108850
0.112417
0.095706
0.142705
0.198363
0.237669
0.243379
0.247469
0.214937
0.166238
0.155512
0.062788
-0.000832
0.004426
0.023848
0.036184
0.044370
0.053540
0.050715
0.035121
0.023780
-0.000406
0.030037
0.105738
0.173268
0.208069
0.219501
0.230301
0.213805
0.161949
0.104262
0.014007
-0.047009
-0.034276
-0.005116
0.014048
0.028753
0.043543
0.013434
-0.017916
-0.004654
-0.029166
-0.032183
0.024717
0.078963
0.109057
0.127149
0.146525
0.124610
0.107951
0.141850
0.108957
0.061171
0.077585
0.099730
0.103400
0.100792
0.106840
0.096643
0.057234
0.060198
0.059412
0.031568
0.074917
0.130907
0.164498
0.199317
0.229838
0.218971
0.143806
0.066560
-0.055045
-0.128997
-0.117035
-0.085117
-0.063822
-0.046856
-0.021254
-0.012864
-0.036632
-0.024119
-0.032292
-0.056839
-0.020005
0.020271
0.035172
0.040937
0.048258
0.008276
0.014995
0.094246
0.091488
0.047664
0.049965
0.076699
0.091493
0.098144
0.105511
0.080467
0.039431
0.038615
0.049191
0.048687
0.122230
0.207337
0.261240
0.304192
0.344682
0.349486
0.308580
0.297320
0.204079
0.134389
0.132432
0.156312
0.166183
0.161832
0.152979
0.135091
0.095598
0.058375
0.012103
-0.024922
-0.001824
0.033471
0.035002
0.022860
0.020550
0.020702
0.091286
0.226324
0.238802
0.187153
0.181481
0.203722
0.211109
0.195537
0.173316
0.127956
0.061093
0.039093
0.020773
-0.016221
0.017587
0.082325
0.132053
0.180855
0.231521
0.282686
0.338291
0.424220
0.396650
0.346254
0.360802
0.391637
0.386553
0.360195
0.336433
0.314376
0.244547
0.201588
0.168204
0.150965
0.197552
0.251172
0.264313
0.260609
0.256007
0.247644
0.250328
0.309800
0.279152
0.217791
0.208119
0.217643
0.212913
0.186588
0.150269
0.108180
0.051906
0.013812
-0.027394
-0.054352
-0.022380
0.012948
0.018735
0.025500
0.045020
0.066850
0.134883
0.263733
0.306458
0.272477
0.275981
0.297072
0.305289
0.298183
0.286060
0.233470
0.170439
0.160111
0.160256
0.131966
0.174663
0.250250
0.306597
0.358306
0.392693
0.400831
0.386509
0.381591
0.298936
0.225735
0.221435
0.255539
0.285572
0.307514
0.319853
0.272617
0.214900
0.191766
0.155305
0.113294
0.135228
0.180040
0.206211
0.218248
0.237782
0.245383
0.221005
0.232618
0.199467
0.128730
0.121002
0.152172
0.185372
0.211746
0.235450
0.209222
0.164080
0.153695
0.168044
0.134389
0.173854
0.250620
0.299784
0.338071
0.369688
0.380920
0.385593
0.430546
0.409948
0.330761
0.313734
0.346560
0.379873
0.398219
0.406494
0.363375
0.301662
0.276303
0.251027
0.223550
0.260514
0.320064
0.343058
0.347818
0.345717
0.327042
0.248791
0.199806
0.110497
0.004178
-0.025498
0.004562
0.048467
0.089427
0.126611
0.134055
0.100979
0.067953
0.042840
0.020394
0.061082
0.122661
0.147301
0.158945
0.171901
0.183096
0.226781
0.344671
0.416721
0.364144
0.344001
0.359449
0.367567
0.359431
0.346145
0.329349
0.275486
0.226931
0.199616
0.158256
0.168993
0.203259
0.210809
0.212121
0.226508
0.209415
0.127287
0.106163
0.069733
-0.010743
-0.032419
0.002009
0.054633
0.104950
0.150288
0.187270
0.186334
0.175834
0.197265
0.205515
0.254647
0.317560
0.345184
0.353439
0.352742
0.357608
0.307267
0.220714
0.091693
-0.005298
-0.041374
-0.020866
0.026154
0.086897
0.156082
0.212150
0.210025
0.207842
0.211098
0.169337
0.163948
0.175532
0.171205
0.160283
0.148373
0.122165
0.105349
0.166186
0.172129
0.101084
0.088234
0.111975
0.133740
0.146473
0.159801
0.168426
0.170005
0.172513
0.184292
0.171598
0.183612
0.211702
0.218372
0.210562
0.203605
0.203682
0.151668
0.142015
0.138243
0.067715
0.049971
0.069755
0.089294
0.104205
0.122464
0.126718
0.092503
0.075255
0.099469
0.075450
0.115962
0.195488
0.236090
0.260525
0.279689
0.297919
0.308084
0.382819
0.452960
0.400521
0.369583
0.367022
0.353655
0.318697
0.273217
0.221897
0.157599
0.098131
0.055417
0.055617
0.105913
0.159607
0.185463
0.191719
0.197707
0.212994
0.257351
0.370303
0.466719
0.448892
0.414546
0.414224
0.407677
0.379549
0.337951
0.280734
0.191823
0.122147
0.081828
0.037155
0.047692
0.092175
0.107846
0.120866
0.139311
0.161426
0.184132
0.261561
0.337046
0.288144
0.253286
0.254037
0.246067
0.215422
0.172874
0.128232
0.066163
0.016808
-0.018396
-0.052569
-0.025155
0.028965
0.055711
0.069868
0.086949
0.108761
0.123347
0.205853
0.290869
0.284931
0.260619
0.266762
0.270257
0.256077
0.233151
0.199894
0.156784
0.112246
0.105026
0.089634
0.088679
0.143007
0.170693
0.198280
0.232043
0.251716
0.226045
0.230165
0.252483
0.191931
0.161916
0.178723
0.197198
0.206716
0.211350
0.209493
0.194847
0.161864
0.138356
0.106592
0.098161
0.135043
0.142889
0.135705
0.126858
0.132527
0.153619
0.247052
0.341902
0.324490
0.284048
0.277083
0.269868
0.248272
0.218240
0.176370
0.121315
0.068345
0.048070
0.020514
0.048247
0.113224
0.150516
0.177995
0.213776
0.239973
0.184141
0.158221
0.149263
0.070733
0.040335
0.068427
0.104073
0.130684
0.150794
0.157438
0.161027
0.143749
0.151529
0.154583
0.174610
0.228568
0.251321
0.257603
0.260882
0.263631
0.228010
0.236660
0.271493
0.200189
0.153291
0.161193
0.181638
0.197047
0.202729
0.203139
0.191341
0.163856
0.145402
0.110357
0.145665
0.220747
0.270673
0.292080
0.291522
0.292489
0.263642
0.246542
0.261403
0.182975
0.138686
0.149088
0.174084
0.191656
0.206240
0.208987
0.167311
0.121185
0.115005
0.073348
0.081554
0.147754
0.184524
0.215964
0.239511
0.254775
0.196331
0.166592
0.169141
0.082612
0.037295
0.062329
0.104685
0.140677
0.172941
0.194753
0.179140
0.143822
0.146350
0.127971
0.108556
0.153594
0.197100
0.227691
0.235635
0.244909
0.234412
0.255994
0.302953
0.241445
0.209556
0.228676
0.245031
0.243267
0.241361
0.245444
0.236400
0.192316
0.167476
0.129002
0.105902
0.139828
0.150671
0.139858
0.123412
0.119868
0.116527
0.187727
0.287766
0.242076
0.207585
0.217423
0.226284
0.221447
0.213449
0.197650
0.166724
0.114767
0.106874
0.082862
0.048452
0.077783
0.096379
0.107378
0.122413
0.145554
0.167699
0.249736
0.345245
0.306244
0.280324
0.301071
0.318072
0.311720
0.292389
0.275678
0.227739
0.178097
0.177567
0.163514
0.153953
0.203393
0.228935
0.240500
0.242403
0.250410
0.248952
0.303624
0.374699
0.316819
0.276782
0.282581
0.292430
0.288674
0.274264
0.247205
0.207679
0.155061
0.149261
0.135764
0.166519
0.245248
0.296710
0.334881
0.371535
0.407872
0.365380
0.288318
0.204559
0.068770
-0.011217
-0.005840
0.051862
0.124601
0.189752
0.241599
0.232642
0.186514
0.180641
0.175841
0.169221
0.191852
0.200180
0.191169
0.188212
0.176559
0.161269
0.205725
0.280583
0.249226
0.194480
0.189702
0.207364
0.224336
0.230999
0.228596
0.211903
0.155580
0.141417
0.118269
0.105888
0.141023
0.168670
0.179241
0.189648
0.213779
0.228367
0.279171
0.358361
0.318983
0.266313
0.265107
0.293542
0.326476
0.338507
0.340248
0.333710
0.288907
0.279729
0.273672
0.258217
0.279663
0.290598
0.287006
0.265665
0.209592
0.056027
-0.058971
-0.148127
-0.257871
-0.336471
-0.346703
-0.301594
-0.209387
-0.098101
0.000921
0.041384
0.045371
0.085021
0.072375
0.068740
0.137499
0.205430
0.247553
0.272627
0.297652
0.270795
0.247714
0.246790
0.189775
0.135162
0.141423
0.174667
0.211810
0.248874
0.285738
0.285489
0.242011
0.226466
0.184920
0.162919
0.196254
0.218828
0.208736
0.201339
0.186683
0.126324
0.073711
0.072004
-0.012243
-0.077636
-0.071015
-0.032516
0.016080
0.072076
0.124552
0.157971
0.149755
0.170295
0.189341
0.182336
0.214921
0.244639
0.248099
0.236571
0.240060
0.225253
0.177399
0.155459
0.055183
-0.009889
-0.002747
0.025799
0.054912
0.086188
0.123148
0.153189
0.132308
0.148600
0.144166
0.132241
0.146402
0.160854
0.158925
0.140907
0.138850
0.123319
0.135566
0.217385
0.199872
0.158986
0.162117
0.185270
0.193079
0.190397
0.190049
0.178793
0.131869
0.129730
0.128487
0.141450
0.216323
0.286261
0.322712
0.342311
0.363889
0.359517
0.341517
0.364865
0.276520
0.205552
0.203419
0.220363
0.226270
0.215022
0.197730
0.176922
0.141948
0.108047
0.074756
0.081399
0.146288
0.207405
0.237105
0.241634
0.242485
0.220489
0.206606
0.268430
0.248392
0.188914
0.182604
0.200402
0.210181
0.205850
0.193145
0.162060
0.097722
0.070034
0.044479
0.005397
0.038008
0.081210
0.096226
0.114741
0.144556
0.167844
0.196804
0.287001
0.313402
0.269310
0.269803
0.296177
0.313639
0.318818
0.319857
0.276869
0.225707
0.223653
0.233097
0.212019
0.258979
0.325954
0.366284
0.407808
0.427042
0.430040
0.430760
0.458888
0.385020
0.310264
0.301020
0.333354
0.367878
0.385765
0.389092
0.330587
0.265723
0.237127
0.189967
0.165388
0.200081
0.252801
0.276033
0.290694
0.310867
0.274950
0.199802
0.155391
0.028822
-0.058706
-0.065788
-0.021608
0.035893
0.089785
0.131827
0.142525
0.109966
0.111027
0.122272
0.097622
0.133941
0.182562
0.204337
0.221699
0.229645
0.224017
0.225729
0.273120
0.304053
0.255464
0.242205
0.254810
0.265075
0.268911
0.272757
0.260285
0.216293
0.201269
0.207565
0.202699
0.256841
0.314196
0.339698
0.348640
0.361383
0.356622
0.294984
0.281479
0.246372
0.174511
0.149043
0.170694
0.197411
0.213410
0.223903
0.212751
0.155080
0.114660
0.091260
0.086276
0.139935
0.202225
0.230718
0.244832
0.261209
0.267022
0.282922
0.351710
0.354298
0.283707
0.260856
0.282499
0.308950
0.323110
0.324543
0.305827
0.248996
0.211966
0.204167
0.192879
0.201854
0.229274
0.232748
0.230775
0.238456
0.230129
0.224145
0.276936
0.281809
0.221038
0.193517
0.199285
0.215517
0.224083
0.226400
0.208672
0.152630
0.114230
0.100883
0.077665
0.099313
0.146858
0.164253
0.177965
0.207614
0.221743
0.218254
0.261688
0.291426
0.230569
0.202173
0.211477
0.224182
0.227559
0.226776
0.203733
0.140885
0.101682
0.090585
0.071140
0.108517
0.166366
0.197154
0.217502
0.249232
0.270869
0.262406
0.310710
0.345115
0.281205
0.254877
0.263710
0.271704
0.263656
0.245177
0.211962
0.168919
0.137631
0.117221
0.112621
0.166665
0.237192
0.274994
0.295128
0.314837
0.322675
0.249273
0.234197
0.218555
0.140232
0.114748
0.134611
0.159115
0.175240
0.183088
0.176564
0.154586
0.130314
0.105961
0.086480
0.129188
0.185532
0.198393
0.196924
0.197612
0.202966
0.206786
0.272909
0.322752
0.265354
0.240598
0.246331
0.246022
0.231220
0.209850
0.181048
0.134642
0.098980
0.064372
0.023989
0.040431
0.087298
0.100023
0.104285
0.118463
0.121647
0.128578
0.214521
0.275710
0.228477
0.208892
0.224069
0.239143
0.243980
0.249891
0.216015
0.157210
0.123225
0.123546
0.081504
0.091776
0.157885
0.213872
0.258699
0.299178
0.321997
0.341979
0.389834
0.395576
0.324108
0.302460
0.328142
0.342913
0.340181
0.335118
0.321342
0.262233
0.208215
0.169940
0.127825
0.113209
0.140840
0.133917
0.119183
0.106906
0.105349
0.137663
0.248787
0.348962
0.299860
0.270298
0.269168
0.264447
0.242450
0.210715
0.169630
0.117014
0.067286
0.045795
0.015811
0.043960
0.106783
0.140093
0.164230
0.191642
0.201266
0.146932
0.135009
0.118514
0.028370
-0.003769
0.025417
0.065725
0.098582
0.124959
0.138034
0.135431
0.122141
0.137052
0.143698
0.160301
0.216141
0.240322
0.263934
0.290538
0.304220
0.236416
0.191916
0.167078
0.086076
0.046115
0.066774
0.104490
0.145089
0.183956
0.213812
0.187035
0.148886
0.149293
0.121822
0.119534
0.156114
0.158593
0.146999
0.136874
0.151684
0.197059
0.304909
0.406048
0.400621
0.364737
0.361147
0.359247
0.343860
0.322559
0.288513
0.222980
0.175697
0.172052
0.160230
0.190397
0.265152
0.308406
0.345747
0.354953
0.385501
0.396704
0.434122
0.454810
0.385004
0.355221
0.375338
0.390647
0.379983
0.352826
0.314140
0.236757
0.189586
0.164222
0.167293
0.225299
0.302243
0.344625
0.355204
0.355967
0.370905
0.379084
0.414793
0.446649
0.453840
0.437164
0.435209
0.424366
0.386998
0.328505
0.268707
0.201834
0.129845
0.081380
0.032733
0.045085
0.093519
0.124431
0.130466
0.123514
0.124458
0.121088
0.180241
0.275667
0.270557
0.242635
0.246916
0.255589
0.239031
0.209418
0.170981
0.096093
0.035774
0.018300
-0.016614
-0.010933
0.049177
0.082671
0.106360
0.123620
0.152232
0.167467
0.233240
0.321694
0.292105
0.263417
0.281589
0.284656
0.259306
0.218466
0.183947
0.137490
0.099830
0.082826
0.054523
0.048971
0.101009
0.133367
0.153483
0.166664
0.184400
0.189168
0.251889
0.342905
0.322675
0.289329
0.297197
0.301402
0.283940
0.253813
0.218972
0.170353
0.111845
0.093991
0.065414
0.090168
0.166031
0.210853
0.243133
0.267847
0.292625
0.275240
0.301629
0.350961
0.286118
0.249531
0.261824
0.272028
0.263974
0.244462
0.219110
0.179975
0.139316
0.110231
0.071094
0.092231
0.150689
0.181791
0.190801
0.184130
0.184976
0.189169
0.266770
0.365347
0.358793
0.315560
0.314759
0.327438
0.325396
0.315846
0.292487
0.234599
0.177697
0.167667
0.166029
0.146654
0.180219
0.195277
0.207167
0.217956
0.232297
0.197337
0.194585
0.231823
0.194172
0.152885
0.158657
0.173049
0.178825
0.172552
0.156180
0.128185
0.093601
0.077880
0.051232
0.083507
0.151331
0.189743
0.203751
0.202595
0.205609
0.166942
0.172751
0.216584
0.188410
0.147042
0.148939
0.160361
0.161320
0.152050
0.129665
0.092416
0.037137
0.025494
-0.004987
0.019367
0.103412
0.179587
0.232908
0.267342
0.306487
0.317150
0.336612
0.373598
0.295169
0.254727
0.271401
0.296259
0.300598
0.284369
0.258401
0.223358
0.159026
0.128451
0.078082
0.089621
0.152032
0.211413
0.241859
0.245980
0.243693
0.204650
0.212182
0.269238
0.230170
0.180840
0.191424
0.218351
0.231574
0.233153
0.226240
0.192488
0.137527
0.132218
0.119846
0.069932
0.096150
0.134471
0.159051
0.191790
0.223027
0.220625
0.206832
0.230662
0.153597
0.107056
0.121828
0.141474
0.145867
0.138480
0.132015
0.117032
0.079499
0.071929
0.063702
0.049523
0.098768
0.149116
0.175469
0.185397
0.195448
0.173792
0.164113
0.218003
0.199159
0.158733
0.166926
0.184850
0.190595
0.185761
0.176344
0.158172
0.111129
0.102911
0.094743
0.072001
0.120275
0.161135
0.182083
0.198137
0.214747
0.202268
0.182201
0.206059
0.131481
0.083676
0.098351
0.123795
0.139813
0.146823
0.148395
0.144790
0.104500
0.099703
0.089920
0.070682
0.117896
0.175129
0.206387
0.224402
0.232718
0.184284
0.139774
0.148959
0.068097
0.015185
0.024894
0.047793
0.060980
0.069803
0.079710
0.076348
0.042547
0.043092
0.039680
0.014185
0.059648
0.113524
0.145860
0.163786
0.177273
0.159074
0.141213
0.162087
0.146934
0.104613
0.110918
0.126258
0.127736
0.128596
0.129490
0.098933
0.055182
0.054770
0.050332
0.015988
0.052362
0.095811
0.120110
0.138246
0.166536
0.183975
0.185697
0.241904
0.230374
0.177709
0.186047
0.212397
0.216642
0.202399
0.189442
0.163469
0.109827
0.091795
0.082911
0.060996
0.105892
0.156146
0.191259
0.214572
0.232812
0.214991
0.181276
0.189686
0.147276
0.086857
0.091197
0.120862
0.141394
0.156507
0.171579
0.138313
0.094500
0.098466
0.114367
0.082947
0.121089
0.180426
0.210422
0.233384
0.261559
0.287626
0.311786
0.374697
0.384894
0.347410
0.349751
0.362549
0.354216
0.322905
0.290142
0.250546
0.191176
0.141354
0.094595
0.059583
0.086480
0.127794
0.139089
0.137243
0.141357
0.124455
0.165487
0.279091
0.277593
0.220872
0.216948
0.237567
0.246672
0.237550
0.220384
0.183298
0.118236
0.086616
0.050867
0.014134
0.041805
0.084434
0.098637
0.110689
0.122266
0.139142
0.162627
0.243295
0.291625
0.249151
0.236460
0.242458
0.237846
0.221698
0.202754
0.172376
0.106999
0.081505
0.065481
0.030834
0.053031
0.091498
0.106676
0.128046
0.154916
0.156534
0.143565
0.185850
0.186662
0.131631
0.128294
0.154637
0.179994
0.195733
0.205462
0.200584
0.161420
0.153622
0.160118
0.147787
0.202195
0.257295
0.285558
0.300421
0.316210
0.294831
0.210217
0.178289
0.086835
0.001118
-0.009747
0.020523
0.057722
0.088044
0.106249
0.116250
0.097890
0.085831
0.085274
0.094931
0.166983
0.253987
0.304570
0.326240
0.347060
0.357563
0.301566
0.265752
0.157288
0.057776
0.039093
0.068697
0.105076
0.134545
0.154563
0.158721
0.139897
0.115606
0.084165
0.049344
0.082064
0.147363
0.182486
0.200252
0.205995
0.188299
0.175413
0.238509
0.277195
0.223480
0.207480
0.225850
0.238954
0.241263
0.240973
0.232830
0.189506
0.150144
0.127281
0.093255
0.088747
0.129651
0.140638
0.147731
0.159049
0.170963
0.179404
0.246029
0.244555
0.178578
0.167022
0.197574
