0.000000
3.312129
6.007266
6.462279
6.773718
2.438810
2.417840
2.363115
3.674718
4.801734
6.534442
1.376219
-1.016816
-0.226713
0.673228
0.605532
0.348448
0.668939
6.355464
5.736592
8.635297
5.445668
1.408556
0.604361
-0.113601
-2.868909
-1.733149
-1.730367
-14.029625
-3.931705
4.757112
-0.125382
1.561531
-0.141467
-2.752473
2.365921
8.666059
2.481602
2.402571
2.159939
1.811640
1.445746
1.334314
19.658527
-5.181267
-2.949898
-0.429546
0.121538
4.431072
-0.194344
-5.782902
13.767511
34.193779
35.549999
32.665020
29.149523
0.000000
10.466042
6.358840
2.192667
10.924368
7.167743
1.752047
-23.769123
-0.243977
-0.234902
-0.881831
-0.501302
1.516501
0.406060
-0.079079
-1.303843
-0.916146
-0.353643
-0.142437
-1.283226
10.685505
0.000000
2.094522
2.285830
2.348713
2.230030
1.200499
13.366294
17.930208
2.957588
1.521744
3.585098
1.959526
0.646851
-0.239332
-1.472155
-1.569144
1.461802
2.121809
3.079386
3.152750
-0.627464
0.000000
2.275814
2.269857
1.820568
0.494952
19.084349
16.795208
17.319803
16.820539
0.121666
-0.375049
-1.610665
-0.620981
-1.743108
-1.683106
0.356853
2.038766
3.378971
0.162647
0.445271
-0.249227
-1.491385
0.000000
2.434679
-0.106464
0.396713
9.271592
8.364355
0.760938
0.125052
0.131786
1.236088
1.566703
0.202242
-0.284380
-0.993208
-1.714305
-1.855381
-0.880187
-1.699002
-1.904447
-1.671309
-0.111889
4.012214
2.166787
2.284218
2.298937
2.287247
5.959200
1.096305
-0.358725
-0.194036
-1.036215
-1.713014
-1.783214
-0.398839
0.445393
-0.218062
-1.371946
-1.030323
-0.885123
33.905453
0.000000
5.176281
2.141881
2.056162
1.096669
3.651930
2.530802
-0.043125
-1.106084
-0.511084
-0.800047
-1.076200
-0.569919
-0.224336
-0.296983
-0.388679
-1.428776
-1.475958
-1.266217
29.911520
0.000000
0.826313
1.488855
1.373210
-0.255113
-0.317952
-0.547884
-0.806076
-0.993233
-0.370970
-0.383064
-1.036973
-0.700579
-0.291934
-0.626733
-0.682586
-1.732671
-1.668301
13.229262
29.420422
0.000000
0.018211
1.270590
1.153672
-0.584605
0.147864
0.571969
-1.321278
-0.494396
-0.154366
-0.310573
-0.891194
-0.530545
-0.059224
-0.139562
-0.559088
-1.692677
-1.901885
-1.325539
20.899193
0.000000
0.626765
1.413792
1.316192
-0.538299
0.217150
1.018327
-2.367601
-0.231202
0.071461
-0.243189
-0.903502
-0.526777
-0.028251
-0.084825
-0.684323
-1.781104
-1.898678
-1.315739
23.976742
0.000000
0.355721
1.402061
1.224181
-0.591060
0.171840
1.069266
-2.315697
-0.266505
0.237294
-0.126703
-0.751959
-0.482657
-0.039734
0.116325
-0.513039
-1.944191
-1.715610
-1.238480
17.502844
0.000000
0.995365
1.557445
1.398419
-0.580267
0.631552
1.244395
-1.120717
-0.556162
0.097546
-0.305940
-0.958055
-0.475392
0.088273
0.352357
-0.627118
-1.687029
-1.738508
-1.254112
17.209084
0.000000
1.317578
1.614285
1.429317
-0.497359
1.256993
1.452439
-1.495783
-0.343369
0.310520
-0.294983
-0.830384
-0.424475
0.048512
0.414892
-0.640491
-1.608668
-1.535124
-1.388730
14.584369
0.000000
1.779565
1.679463
1.521863
-0.517452
0.758743
1.202461
-0.893891
-0.917284
-0.040185
-0.458147
-1.070273
-0.508661
0.139811
0.631757
-0.575388
-1.509493
-1.457609
-1.321205
19.407436
0.000000
1.149914
1.658911
1.456688
-0.338553
0.829309
1.342056
-2.971653
-0.226240
0.378345
-0.193953
-0.629305
-0.400870
-0.047502
0.283856
-0.605021
-1.501296
-1.470841
-1.362332
16.479843
0.000000
1.621287
1.673737
1.482422
-0.516538
-0.339733
0.666479
-0.686907
-0.945399
-0.023185
-0.358969
-1.094407
-0.696067
0.014299
0.494407
-0.407992
-1.530626
-1.539261
-1.255245
18.894184
0.000000
1.329424
1.597304
1.403614
-0.057587
1.464850
1.494143
-3.168742
0.247005
0.558879
-0.088194
-0.570297
-0.283168
0.010932
0.144220
-0.596425
-1.561432
-1.585105
-1.285661
14.768885
0.000000
1.871870
1.644479
1.478917
-0.540298
-0.533239
0.253799
-1.271076
-0.748933
-0.065332
-0.418957
-1.252178
-0.924240
0.044469
0.616419
-0.402050
-1.408536
-1.708537
-1.369741
15.363141
0.000000
2.539799
1.693048
1.554362
0.848400
1.777417
1.590631
-1.795272
-0.028165
0.416335
-0.228571
-0.743853
-0.330687
0.079134
0.491224
-0.656504
-1.429184
-1.377800
-1.249089
21.869791
0.000000
1.618708
1.699674
1.476393
-0.477568
-0.589084
-0.365315
-2.061222
-0.819727
0.049397
-0.159695
-0.922699
-0.450966
0.067047
0.424503
-0.410905
-1.515315
-1.734903
-1.234783
21.269644
0.000000
1.230860
1.584813
1.403947
-0.144336
1.162591
1.431513
-3.460973
0.531837
0.710021
0.026083
-0.403918
-0.278763
-0.072529
0.082146
-0.406533
-1.727754
-1.512016
-1.147595
14.387547
0.000000
2.736481
1.701172
1.589117
-0.498142
0.256917
0.421390
-3.224810
-0.388063
0.065518
-0.278337
-1.102242
-0.780979
-0.037302
0.469322
-0.222018
-1.390890
-1.719461
-1.262337
21.112583
0.000000
2.770319
1.685905
1.598922
1.375839
1.659801
2.204233
-3.249218
0.664680
0.626209
-0.081725
-0.591531
-0.304256
0.041095
0.329545
-0.504873
-1.541562
-1.473998
-1.263216
19.103346
0.000000
2.094960
1.679388
1.506987
-0.495711
-0.549196
-0.315455
-2.574023
-0.740706
-0.195919
-0.332701
-1.091278
-0.823853
-0.083896
0.449667
-0.159717
-1.406224
-1.685260
-1.207906
22.563890
0.000000
2.643465
1.649609
1.516196
0.808146
1.743656
1.337191
-5.122630
1.005518
0.861123
0.130027
-0.443923
-0.263831
-0.011731
0.213004
-0.424764
-1.521675
-1.516530
-1.256381
18.725403
0.000000
2.368731
1.648041
1.489231
-0.524839
-0.581494
-0.177877
-4.239348
0.090969
0.331234
-0.164525
-1.003963
-0.806276
-0.101287
0.608318
-0.113020
-1.332970
-1.644103
-1.125639
20.231077
0.000000
3.594463
1.727380
1.626026
1.477034
2.029654
2.192395
-2.537553
0.434082
0.508470
-0.142712
-0.590448
-0.223451
0.070620
0.461525
-0.489265
-1.351471
-1.367519
-1.062846
17.535446
0.000000
3.152276
1.752281
1.615821
-0.358867
0.018502
0.096782
-3.077069
-0.215298
0.163507
-0.217160
-0.947572
-0.609857
-0.016288
0.529937
-0.210215
-1.328913
-1.572586
-1.127754
22.479120
0.000000
3.060969
1.749656
1.683454
1.423947
1.429275
1.376023
-2.459455
0.470434
0.249929
-0.152553
-0.578254
-0.427934
-0.107390
0.194825
-0.119359
-1.206139
-1.279424
-1.149619
19.237179
0.000000
3.269873
1.765847
1.645940
-0.408382
-0.218441
-0.267868
-4.196132
0.096044
0.379203
0.001987
-0.871867
-0.640065
-0.119869
0.410984
-0.076568
-1.299718
-1.642125
-1.156752
20.448681
0.000000
4.148077
1.835419
1.855753
1.747031
3.638935
2.614283
-3.990018
0.903444
0.610082
0.112547
-0.283155
-0.291293
-0.063607
0.215075
0.037400
-1.463491
-1.294205
-0.912066
23.594536
0.000000
5.294117
1.963438
1.906255
1.789440
3.231544
2.228269
-4.373384
0.642130
0.548303
0.013899
-0.672972
-0.567441
-0.198921
0.060844
-0.055643
-1.739154
-1.583914
-1.019935
21.864422
0.000000
4.014452
1.851593
1.789947
1.565476
1.829172
1.156152
-5.279604
0.889977
0.587091
-0.007957
-0.540775
-0.477666
-0.083198
0.309926
-0.115398
-1.586183
-1.578470
-1.007037
24.453739
0.000000
3.739044
1.809392
1.730441
1.365760
1.457392
0.832719
-3.156883
0.401367
0.173328
-0.213122
-0.721691
-0.601690
-0.027154
0.510635
0.027199
-1.062433
-1.271114
-1.043488
23.667175
0.000000
3.799054
1.828470
1.704273
0.539133
0.820703
0.540335
-2.707408
0.322027
0.337629
-0.103843
-0.536985
-0.454113
-0.087723
0.439455
-0.013346
-1.051669
-1.218868
-0.949803
19.274429
0.000000
4.506104
1.862841
1.783724
1.391588
1.989897
1.140505
-2.521634
0.270264
0.373678
-0.051983
-0.349244
-0.377772
-0.175203
0.281022
0.136523
-0.855241
-1.234676
-0.876835
15.230806
0.000000
5.209863
1.924779
1.888514
1.818784
3.558584
1.873285
-1.925557
-0.129211
0.053759
-0.214552
-0.302846
-0.215075
-0.060731
0.270256
0.124145
-1.332677
-1.306384
-0.882955
15.549752
0.000000
5.215511
1.957716
1.940385
1.816761
4.713785
2.793336
-2.305046
0.281338
0.067993
-0.228824
-0.251575
-0.192238
-0.121413
0.100546
0.073336
-1.473804
-1.331744
-0.935650
2.679860
0.000000
6.545390
2.046982
1.968121
1.882752
3.892119
2.852028
-3.997977
0.604445
0.365599
-0.185565
-0.658897
-0.577683
-0.126012
0.282954
0.052842
-1.613270
-1.523042
-0.974090
23.514061
0.000000
6.765849
2.002684
1.932586
1.935768
4.176530
2.573238
-2.514112
0.577490
0.615439
0.067597
-0.176475
-0.232782
-0.144273
0.284382
0.002721
-1.487492
-1.371068
-0.887194
17.206905
0.000000
5.858795
1.989595
1.953577
1.870327
5.766262
3.138913
-1.863845
0.220963
-0.106462
-0.347688
-0.410160
-0.290384
-0.140848
0.329543
0.219319
-1.194875
-1.133003
-0.798828
-2.953709
0.000000
8.297996
2.147527
2.095651
2.051282
5.119441
3.120243
-1.854217
0.575256
0.006145
-0.419623
-0.531054
-0.612600
-0.324969
0.150467
0.250415
-0.632874
-1.099907
-1.019227
25.450689
0.000000
5.772926
2.002645
1.894723
1.710892
4.418305
3.106190
-1.172313
0.182365
-0.058107
-0.276733
-0.405092
-0.249672
-0.118692
0.527289
-0.045643
-1.350142
-1.127454
-0.753024
-2.689767
0.000000
8.160588
2.140085
2.060123
2.008476
5.692548
3.768857
-2.965527
-0.942455
-1.036140
-0.833331
-0.545211
-0.485994
-0.289598
-0.000420
0.294910
-0.512938
-1.004870
-0.951957
13.296293
0.000000
5.491126
1.996479
1.880384
1.541725
2.059237
1.479612
0.110249
-1.710489
-0.847504
-0.896397
-0.957473
-0.705558
-0.371911
0.656709
0.200184
-0.741927
-1.217661
-0.848280
11.997351
0.000000
5.109943
1.960784
1.811248
1.138748
1.641037
1.357892
0.134350
-1.372448
-0.773685
-0.902900
-0.663177
-0.513324
-0.415628
0.438747
0.528317
-0.305054
-0.961287
-0.851478
10.377194
0.000000
4.949712
2.029524
1.895317
1.139928
1.679060
1.242866
0.121788
-0.960025
-0.846992
-0.780493
-0.809728
-0.494744
-0.352380
0.439849
0.408952
-0.068836
-0.612185
-0.590296
12.856195
0.000000
7.048719
2.133774
2.023411
1.499841
1.953434
1.781040
0.114906
-0.329288
-0.891685
-0.726443
-0.733382
-0.489340
-0.547630
0.392593
-0.196064
-0.235418
-0.466013
-0.563643
-0.969005
0.000000
5.618464
2.101642
1.983145
0.736965
0.933329
1.362996
0.167100
-0.425890
-1.107351
-0.655137
-0.606058
-0.726189
-0.764599
0.348049
-0.201529
-0.509817
-0.697884
-0.824836
10.030726
0.000000
5.808980
1.956712
1.863092
1.872539
3.813753
2.698082
-2.625045
-0.402126
-0.312860
-0.204912
-0.253373
-0.421632
-0.460415
0.373021
0.064334
-0.468192
-1.334382
-1.138882
-1.149130
0.000000
7.847091
2.043548
1.914172
2.019840
5.948218
3.500887
-10.511767
-0.292723
-0.116874
-0.178596
-0.249629
-0.391845
-0.349706
0.318861
0.168744
-0.380372
-1.259562
-1.061837
-1.085199
0.000000
6.845826
2.051748
1.944478
2.039923
5.444856
3.410121
-8.745872
-0.484209
-0.111156
-0.250072
-0.335096
-0.276687
-0.204611
0.387981
0.131098
-0.702091
-1.399485
-1.051275
-1.029202
0.000000
7.602396
2.100523
2.012178
2.054409
4.584502
3.413388
-10.801028
0.425817
-0.442492
-0.520501
-0.447094
-0.460956
-0.484585
0.533678
0.216895
-0.493168
-0.810917
-0.883481
-1.025018
0.000000
9.229807
2.154854
2.056389
1.993528
6.672077
5.740489
-2.143402
-0.696991
-1.217859
-0.723275
-0.596010
-0.427012
-0.428589
0.636906
0.033921
-1.297525
-1.050526
-0.573715
-0.695718
0.000000
8.151121
2.174251
2.099759
2.051292
6.907237
6.832047
-6.663550
0.154428
-0.956198
-0.656782
-0.510613
-0.532302
-0.555962
0.458624
0.028886
-1.388537
-1.179210
-0.692309
-0.842030
0.000000
8.036870
2.100795
2.026410
2.094448
5.602789
3.970634
-10.968904
0.480574
-0.347888
-0.354912
-0.474321
-0.417237
-0.396388
0.191549
0.259273
-0.359133
-0.833476
-0.968723
-0.979197
0.000000
8.364081
2.084702
1.989568
1.983606
5.233437
4.584481
-4.767813
-0.239225
-0.842964
-0.598369
-0.465576
-0.428236
-0.406783
0.591251
0.105220
-0.475218
-1.290353
-0.855966
-0.957500
0.000000
7.702299
2.123568
2.045652
2.086697
6.463021
5.039024
-9.786869
0.269211
-0.507722
-0.404501
-0.356952
-0.376386
-0.346416
0.474701
0.056263
-0.479184
-1.338561
-1.031744
-1.080616
0.000000
7.500682
2.137349
2.054988
2.100849
6.120080
5.108541
-10.603072
0.168657
-0.500495
-0.445779
-0.364050
-0.355288
-0.275048
0.468754
0.144928
-0.468193
-1.410700
-1.009360
-1.051552
0.000000
7.959615
2.144453
2.073293
2.113214
6.962431
4.876453
-10.370360
0.306723
-0.449719
-0.354592
-0.241738
-0.318047
-0.360828
0.369509
0.081931
-0.388937
-1.424396
-1.155507
-1.143510
-0.114148
7.915347
2.164467
2.077177
2.102376
2.015541
5.524409
-9.641324
0.582769
-0.613170
-0.683537
-0.247942
-0.482242
-0.578508
0.352848
0.373717
-0.460169
-1.230795
-0.857487
-0.900883
0.000000
9.122477
2.103845
2.034792
2.100650
6.633650
4.396667
-9.149906
0.062342
-0.705022
-0.531219
-0.542850
-0.405138
-0.336548
0.577848
0.221926
-0.362859
-1.317423
-0.877923
-0.876304
0.000000
9.020267
2.167492
2.095830
2.079049
7.756728
6.050114
-7.462037
0.289595
-1.013411
-0.517531
-0.390984
-0.497092
-0.571211
0.735731
0.138576
-0.370276
-1.093987
-0.826235
-0.947096
0.000000
9.255142
2.224126
2.157129
2.151371
2.085505
3.920747
-5.224992
-0.020018
-1.594481
-1.353658
-0.538517
-0.667798
-0.717465
0.462050
0.947690
-0.021847
-0.835299
-0.328146
-0.864223
0.000000
9.818845
2.166762
2.039621
2.138741
6.203423
4.457160
-12.886771
0.737888
-0.355593
-0.236759
-0.343786
-0.353047
-0.388706
0.338143
0.214246
-0.278401
-0.737716
-1.019432
-1.093020
0.000000
9.768022
2.170564
2.099063
2.099046
8.303978
5.619211
-9.859814
0.463972
-0.823086
-0.473137
-0.245162
-0.386440
-0.516214
0.571686
0.340783
-0.067859
-1.187222
-1.072318
-1.051652
0.000000
8.919086
2.265333
2.191741
2.187738
2.059600
6.020797
-9.706358
0.463692
-0.927599
-0.520990
-0.154662
-0.545250
-0.624825
-0.128907
0.865381
0.300204
-1.233218
-0.694121
-0.991349
0.000000
7.993240
2.137024
2.001377
2.045627
4.330899
3.089993
-34.723919
-0.417830
0.027817
0.199582
-0.064526
-0.256800
-0.306936
-0.144869
0.418368
0.145855
-0.974141
-1.244910
-1.140823
0.000000
9.129807
2.108401
1.940419
1.927270
6.145896
4.136851
-35.549999
-0.033316
-0.779789
-0.528131
-0.505529
-0.474694
-0.637726
0.636183
0.577225
0.432099
-0.844113
-0.496499
-0.625241
0.000000
8.450264
2.279056
2.209829
2.126861
2.080582
1.976355
-28.327991
-0.718644
-1.968369
-1.328853
-0.807893
-0.730127
-0.851713
0.115776
0.845938
0.776132
-0.611992
-0.336063
-0.768559
0.000000
9.032144
2.239382
2.136076
2.092404
5.904931
7.733176
-30.654482
0.115608
-1.081254
-0.432195
-0.410048
-0.561665
-0.656188
0.138107
0.299744
0.066865
-0.713087
-0.438432
-1.062098
0.000000
9.992342
2.229562
2.145984
2.183502
7.840367
5.875016
-27.270096
0.553598
-0.542141
-0.294263
-0.095366
-0.552691
-0.791695
0.393538
0.266896
-0.193209
-0.724699
-1.053344
-1.393310
0.000000
7.558310
1.534913
2.132071
2.164854
2.082904
7.794366
-24.540194
-1.388491
-1.193063
-1.105980
-0.409503
-0.558588
-0.713813
-0.090261
2.045185
0.945644
-1.108788
-0.434476
-0.716784
0.000000
9.887948
2.256134
2.138649
2.078607
6.718483
5.183357
-28.535780
-0.207182
-0.434802
-0.110526
0.027785
-0.212773
-0.544522
-0.634301
0.731799
0.475443
-0.594205
-0.463581
-0.720564
0.000000
10.925147
2.209491
2.080514
8.458864
6.065302
4.963536
-31.696136
0.306477
-0.724637
-0.269661
-0.298705
-0.293561
-0.560963
0.476708
0.497298
0.309254
-0.885356
-0.608636
-0.661162
0.000000
9.977147
2.368563
2.336679
2.279518
2.156482
2.094984
-27.698629
-0.643599
-2.197627
-1.461246
-0.764535
-0.759079
-0.871197
-0.269483
1.286029
1.247144
-0.231988
0.013041
-0.399491
0.000000
11.471718
2.281231
2.146979
2.243511
8.117702
6.178074
-29.961456
0.462057
-0.855673
-0.235063
-0.307349
-0.432778
-0.381454
-0.046741
0.795485
0.221251
-0.253623
-0.273860
-0.761478
0.000000
10.327082
2.239909
2.147259
2.106746
6.784647
5.093694
-28.774086
0.363920
-0.819065
-0.463316
-0.157560
-0.379539
-0.753392
0.358271
0.497041
0.233852
-0.974262
-1.070454
-0.899606
0.000000
9.583360
2.275853
2.313712
2.277125
2.144995
7.690754
-27.178383
0.063049
-1.065448
-0.775341
-0.450667
-0.508796
-0.619771
-0.620755
1.588315
1.258154
-0.494280
-0.276605
-0.639727
0.000000
12.406775
2.328233
2.228257
2.217382
6.483801
5.033971
-28.314981
-0.181253
-0.555150
-0.142538
0.055441
-0.168031
-0.432137
-0.505776
0.666651
0.629207
-0.359470
-0.376121
-0.680630
0.000000
11.119513
2.250160
2.075166
9.509599
5.135822
4.118373
-31.828751
0.688887
-0.720531
-0.773322
-0.189878
-0.340263
-0.742471
-0.013067
1.048386
0.687819
-0.304732
-0.905515
-0.907343
0.000000
10.912412
2.394089
2.348735
2.283679
2.157292
8.361377
-23.718544
0.271181
-1.872603
-1.279604
-0.863783
-0.547636
-0.633200
-0.233911
1.352602
1.269602
-0.186010
-0.322860
-0.427292
0.000000
12.005033
2.279429
2.156863
2.193376
7.272101
5.974074
-24.909658
0.464092
-0.913511
-0.443056
-0.322724
-0.239361
-0.325317
-0.531433
1.035770
0.535993
-0.215793
-0.110898
-0.449258
0.000000
12.928132
2.362149
2.261604
9.327148
7.104540
6.099857
-26.597494
0.091314
-1.157313
-0.440641
-0.029545
-0.217473
-0.463012
-0.526729
0.545048
0.652176
0.054790
-0.068466
-0.529084
0.000000
13.053666
2.303586
2.208509
2.138060
8.219587
6.024032
-26.484571
-0.137110
-1.651103
-0.822404
-0.477588
-0.474097
-0.575610
0.055711
0.680535
0.587743
-0.553662
-0.701892
-0.747723
0.000000
10.619922
2.377515
2.305911
2.293012
8.559363
6.158916
-23.766502
0.060640
-1.605815
-0.701008
-0.216220
-0.415233
-0.595712
-0.644250
1.503516
0.902530
-0.438434
-0.420040
-0.381220
0.000000
9.289454
2.159070
2.065362
2.026453
6.262567
4.699958
-28.226734
-6.142996
-0.655206
-0.288509
-0.125654
-0.316750
-0.981030
-0.134679
1.554385
0.982374
-0.113507
-0.097958
-0.624742
0.000000
12.114299
2.363303
2.277310
9.283408
7.385231
6.427582
-24.156303
-0.051134
-0.852838
-0.483925
-0.035424
0.039901
-0.398880
-0.676861
0.835945
0.982672
-0.026484
-0.041189
-0.411487
0.000000
14.287847
2.419247
2.346883
2.291307
8.473406
6.977098
-21.090725
-0.538874
-1.391508
-0.378955
-0.265574
-0.092891
-0.286240
-0.187998
0.764068
0.249139
0.028178
-0.103818
-0.358182
0.000000
11.481203
2.399189
2.302974
2.183511
7.972742
4.345938
-7.172697
1.020493
-1.630013
-0.742163
-0.796983
-0.724575
-0.531924
0.072718
1.206176
0.778369
0.008332
-0.306124
-0.515303
0.000000
11.059202
2.174766
2.133852
2.235578
7.030543
5.704703
-12.162523
0.421463
-1.264462
-0.797833
-0.444685
-0.132035
-0.930514
-0.216999
1.503916
0.660768
-0.392328
0.378146
0.002002
0.000000
14.069983
2.349372
2.237048
12.335632
7.091452
5.665608
-14.789761
0.320869
-0.927628
-0.283566
0.246497
0.379553
0.046661
0.343738
1.096867
-0.065595
-0.185361
-0.134289
-0.574354
0.000000
11.506482
2.362213
2.268667
8.369101
6.555955
5.594884
-13.697467
0.734306
-0.591949
-0.253021
0.035344
0.021393
-0.632445
-0.492218
0.970049
0.835816
-0.225430
0.184739
-0.087533
0.000000
14.425659
2.415903
2.338331
12.779645
8.115398
6.850196
-12.167633
0.453411
-0.784831
-0.054178
0.210964
0.152588
-0.348999
-0.377615
0.563834
0.517560
-0.239383
0.121787
-0.015499
0.000000
14.668271
2.416638
2.348839
2.228154
8.896656
7.034600
-9.281385
0.351051
-1.378657
-0.253034
-0.238879
-0.429293
-0.528727
0.151452
0.531481
0.295362
-0.044956
-0.173409
-0.516226
0.000000
10.150951
2.268743
2.172659
2.195889
9.572315
5.758107
-8.964083
0.602843
-1.305342
-0.657480
-0.726151
-0.532068
-0.336651
0.445087
1.109558
0.361853
-0.357963
-0.279715
-0.424662
0.000000
11.172498
2.269346
2.151277
8.266366
6.235469
4.794936
-12.864616
-1.438391
0.433117
0.049612
0.024651
0.050335
-0.532073
0.647978
1.416582
0.399410
-0.409303
0.007079
-0.315922
0.000000
12.950933
2.272039
2.134279
2.104031
6.856136
5.067414
-13.989346
-1.370577
0.651566
0.277590
0.232851
0.106675
0.020518
0.733162
1.321465
-0.201290
-0.545691
0.029300
-0.642447
0.000000
11.317904
2.346189
2.223048
7.518206
5.674307
4.673275
-13.865104
0.109740
-0.269034
-0.227939
-0.278858
-0.137330
-0.385920
0.524179
0.679218
0.270264
-0.012022
0.049845
-0.533792
0.000000
12.769667
2.250881
2.115628
9.241005
5.571500
4.435899
-9.614614
0.967861
-1.324510
-0.678178
-0.602512
-0.649676
-0.562475
0.721232
0.655579
0.318929
-0.534371
-0.377316
-0.610444
0.000000
6.413534
2.190336
2.239015
2.277356
8.635412
5.126203
-11.503602
0.607096
-0.992832
-0.159277
-0.491597
-0.610229
-0.886029
-0.201781
1.437734
0.785505
0.004775
0.334941
-0.147208
0.000000
10.175658
2.195276
2.084658
3.050511
4.893863
3.519719
-13.448699
-0.667612
0.635249
0.363049
0.159374
0.150640
-0.253993
0.737626
1.213444
0.103127
-0.360034
0.339502
-0.417419
0.000000
10.829960
2.283934
2.140743
6.616413
4.820493
3.430246
-16.698280
-0.699781
1.107299
0.580759
0.296038
0.007142
-0.317019
0.541608
1.336823
-0.003021
-0.290785
0.190457
-0.521248
0.000000
10.191303
2.320183
2.206214
7.028587
5.010679
4.323221
-12.697334
0.126073
-0.002339
0.044592
-0.344640
-0.249130
-0.619765
0.505418
0.718747
0.476786
0.039311
0.144627
-0.450278
0.000000
12.259642
2.274646
2.152993
10.025473
5.513262
4.503098
-9.885534
0.923889
-1.285482
-0.531435
-0.757545
-0.857473
-0.626358
0.839110
0.742703
0.553088
-0.089607
-0.498724
-0.722507
0.000000
7.115218
1.900610
2.128860
2.192600
5.181123
3.766748
-12.441359
-0.138176
0.910659
0.940216
0.052093
-0.528866
-1.174701
0.215071
1.386141
0.751098
-0.012645
0.025390
-0.370426
0.000000
11.291710
2.196975
2.101166
3.488622
4.801986
3.102313
-13.963531
0.336449
0.704213
0.302633
0.059803
-0.264315
-0.766603
0.763449
1.740763
0.329321
-0.348656
0.397893
-0.372234
0.000000
11.879041
2.345583
2.244208
6.523870
5.007262
3.786119
-5.687942
0.645617
1.139903
0.429815
0.163071
0.068545
-0.231509
0.633067
1.154831
-0.153153
-0.642130
0.112617
-0.085907
0.000000
12.389844
2.318817
2.190071
10.577693
6.202067
5.238337
0.120199
0.201189
-0.966035
-0.589296
-0.417261
0.018649
-0.303431
0.715611
0.298799
0.366932
0.285728
0.211238
-0.479310
0.000000
9.861294
2.150850
2.063927
2.095096
5.849764
4.046632
-6.243501
1.999231
0.000856
-0.036688
-0.910731
-0.856635
-0.444650
0.928173
1.590226
0.510232
-0.341311
-0.119812
-0.539240
0.000000
8.736361
0.449503
0.916560
8.306968
5.012113
3.295451
-8.411650
1.844786
0.524733
-0.005781
-0.348334
-0.299616
-1.193903
0.871485
2.141135
0.752747
-0.133120
0.290231
-0.167686
0.000000
11.403947
2.343637
5.579311
7.025891
5.419751
3.702387
-8.113022
0.935982
0.523987
-0.482649
-0.068897
0.557457
0.444529
1.640765
1.331105
-0.125263
-0.276375
0.308482
-0.486538
0.000000
13.193794
2.358761
10.367665
7.441223
5.727901
3.930655
-7.852391
0.745935
1.145441
0.459978
0.584768
0.627601
0.021271
0.861247
1.008321
-0.414472
-0.254395
0.213132
-0.152279
0.000000
11.045675
2.344766
2.283766
6.287624
4.904489
4.336400
-7.925351
0.062123
1.237864
0.331190
0.218920
0.257513
-0.026564
0.991852
0.944811
-0.048497
-0.235450
0.131357
0.469344
0.000000
13.662741
2.418945
2.347004
8.964024
6.808638
5.489641
-8.901102
0.113491
0.692684
0.289957
0.553499
0.765831
0.034148
0.631891
0.628417
-0.255308
-0.561010
-0.377547
1.035094
0.000000
14.172303
2.443235
2.370478
8.163524
6.250092
4.860677
-9.508729
0.113508
0.858541
0.415220
0.681091
0.846826
0.066345
0.752673
0.397124
-0.185944
-0.431682
0.085757
0.674716
0.000000
12.990756
2.357853
2.260075
8.691919
6.087570
4.962126
-5.026206
0.115483
-0.217106
-0.355125
0.316547
0.513586
0.005542
0.837750
0.504047
0.211965
-0.068146
0.132349
-0.127651
0.000000
11.012830
2.222694
2.078741
7.948717
5.220982
3.409443
-6.877397
1.833181
0.302187
-0.288628
0.041591
0.238568
-0.091358
1.154817
1.001238
0.139614
-0.021185
0.288046
-0.279656
0.000000
10.513895
2.227475
2.134724
4.666498
3.363854
1.783135
-5.264911
0.876060
0.927948
-0.720034
0.268090
0.749883
0.422627
1.332901
1.277816
0.114597
-0.291050
0.304140
0.023435
0.000000
11.566777
2.358396
3.978097
6.192712
4.700336
3.255896
-10.883936
0.112482
0.744846
0.315350
0.542747
0.476773
0.009198
1.257045
0.534503
0.065586
-0.095984
0.268615
-0.137212
0.000000
11.470097
2.297157
2.187106
6.021287
4.599495
3.183374
-7.932794
0.112830
0.584671
-0.120173
0.504801
0.586588
0.052809
0.956239
0.734467
-0.119475
-0.404345
0.180968
1.079832
0.000000
12.948670
2.398572
8.016232
6.677183
5.244811
3.490948
0.114584
-0.277073
-0.130860
-0.129610
0.494987
0.618890
0.020517
1.042267
0.849014
0.017717
-0.308653
0.166398
0.715989
0.000000
12.431394
2.373741
3.246815
6.300783
4.718982
3.044761
0.109872
-1.057974
-0.335276
-0.418314
0.829832
0.852843
0.187647
0.809758
0.616598
0.073858
-0.250237
0.195080
0.568161
0.000000
13.232424
2.374077
5.933454
7.518974
5.721465
3.948546
-0.419765
0.647030
-0.570910
-0.582066
0.413207
0.414570
-0.024088
1.070622
1.080671
0.125563
-0.282880
-0.321078
0.665898
0.000000
12.806390
2.306923
10.849014
7.510637
6.089526
4.483148
-11.671731
2.506882
0.176368
-0.463009
0.057734
0.283665
-0.233114
0.981692
0.983905
0.116621
-0.602144
0.051460
1.269678
0.000000
12.898493
2.347989
10.622482
6.370310
5.109007
3.259660
-8.105096
1.402891
0.684319
-0.175929
-0.138544
0.178058
0.014822
1.078511
0.785745
0.581609
0.406497
0.647004
0.221313
0.000000
10.285188
0.772949
4.031647
5.727046
4.056811
1.323041
-10.049144
1.196062
0.202009
-0.104815
-0.211046
-0.137687
0.117920
1.262936
0.823994
0.206991
-0.031933
0.118325
1.314622
0.000000
14.047310
0.909743
3.566882
8.425034
6.225745
3.011696
-8.387773
0.593461
0.562911
-0.006896
-0.250215
-0.174705
0.181746
1.418295
0.707325
0.886703
0.265926
0.773818
-0.296791
0.000000
11.266805
2.370318
1.763013
4.856494
4.008280
1.054760
-9.622558
1.238611
0.442579
0.066573
-0.304422
-0.386222
-0.389064
1.190912
1.242468
0.083714
-0.032158
0.665674
2.017357
0.000000
12.229781
2.314718
2.850970
6.038874
3.776430
0.245573
-8.348393
-0.207442
-0.075682
-0.482635
-0.473684
-0.257744
0.190922
1.862277
1.078961
0.872347
-0.049850
0.734696
-0.072480
0.000000
10.300163
2.829294
5.093161
4.855177
3.941322
0.586708
-11.000677
0.917897
0.318013
0.133662
-0.236661
-0.472079
-0.570514
1.060365
1.708652
0.387549
0.218305
1.336410
1.403322
0.000000
9.888855
2.203898
2.455250
1.950398
2.192996
-1.278390
-9.290585
0.453398
0.260357
-0.131215
-0.522634
-0.346720
0.153806
1.710717
1.129145
0.854343
0.064002
0.862719
0.216166
0.000000
9.701644
2.644497
2.306771
2.853537
2.647570
-0.476722
-10.298374
1.124759
0.461879
0.241198
-0.286115
-0.589871
-0.279481
1.326574
1.467346
0.392653
0.247188
0.617899
0.996459
0.000000
10.672325
1.437918
6.588155
5.791708
4.113538
1.061360
-8.395634
0.450610
0.081177
-0.465786
-0.569924
-0.071164
0.321951
1.742154
0.798157
0.803281
0.055516
0.834527
0.840027
0.000000
9.372897
1.830295
2.327761
4.235617
2.541394
-0.864379
-10.957150
1.153039
0.440983
0.131569
-0.163446
-0.386456
-0.006242
1.266464
1.229332
0.441371
-0.093184
0.095335
1.440952
0.000000
10.967485
0.673763
5.556190
5.863126
4.160447
1.341361
-8.236565
0.559534
0.209280
-0.390224
-0.279150
0.117215
0.372171
1.493613
0.759001
0.473904
0.003528
0.721031
1.491646
0.000000
10.601760
1.225110
7.595505
5.381875
3.706835
0.280593
-11.567376
0.574172
-0.263558
-0.217257
-0.331382
-0.285841
0.150681
1.439521
1.120980
0.637494
-0.844687
-0.314498
2.225265
0.000000
11.780588
1.230965
3.273178
5.128833
3.400486
0.838913
-8.002558
0.661331
0.350935
-0.234037
0.355123
0.530647
0.417301
1.075006
0.259862
-0.375360
-0.555548
1.189727
17.795208
0.000000
13.861804
0.876714
13.991161
7.075323
5.053372
2.550746
-8.293745
2.039557
0.193699
-0.130623
0.070406
-0.175469
-0.373637
1.170286
1.404168
0.250437
-0.262852
0.055114
17.783621
0.000000
10.266164
1.328158
1.996075
5.431994
4.028757
1.346417
-9.154963
0.957346
0.185636
-0.676654
-0.271999
0.071866
0.292435
1.383056
0.909443
-0.047131
-0.150632
0.548617
2.538699
0.000000
13.274015
0.750331
12.575972
6.929053
5.049006
2.400370
-8.563989
1.896139
0.335519
0.005435
-0.154333
-0.704435
-0.349055
1.240558
1.026007
-0.226448
-0.689432
0.331037
22.166874
0.000000
12.631051
1.922599
5.273944
5.303378
3.587079
0.556294
-8.490829
0.950634
0.429338
-0.414684
-0.432329
-0.061224
0.278551
1.490221
0.704887
0.174638
-0.048711
1.009910
2.422301
0.000000
10.205287
0.753152
5.921719
4.649386
2.869787
-0.920399
-9.786975
0.533888
0.206340
-0.153722
-0.034506
0.116053
0.544024
1.353196
0.843117
0.869369
-0.750466
0.173803
2.285845
0.000000
10.451229
0.552407
2.760098
4.605790
2.942266
-0.284235
-8.612429
1.157557
0.184690
-0.635041
-0.547817
-0.064103
0.516280
1.170277
0.685424
0.089567
-0.252277
0.788462
22.370882
0.000000
12.604774
1.098238
8.879234
7.041345
5.226019
2.365208
-7.816818
1.453134
-0.174912
-0.258075
-0.302319
-0.614385
0.096951
1.068699
0.562557
-0.499320
-0.837468
1.707318
27.717506
0.000000
13.943130
2.151911
7.467170
5.405089
3.197313
-0.545914
-7.769035
1.627797
0.366943
-0.517861
-0.865495
-0.565786
0.099686
1.466946
1.219335
0.420168
0.076261
1.207856
1.286682
0.000000
6.385537
2.605127
6.587107
5.046591
3.632900
0.506828
-8.498699
0.960641
-0.113187
-0.409412
-0.713438
-0.787108
-0.122741
1.273454
1.036434
-0.431555
-0.711032
1.589760
24.783863
0.000000
14.285172
0.901592
8.326780
5.998745
3.638066
0.272923
-7.436222
1.352031
0.261190
-0.562347
-0.922643
-0.567007
0.268347
1.577647
0.761377
0.365892
0.008088
1.148499
1.099066
0.000000
6.106859
2.260930
7.753766
5.253096
4.022061
1.259875
-8.186598
1.114956
-0.049435
-0.500772
-0.719283
-0.776764
0.059363
1.102457
0.754148
-0.438234
-0.699551
16.539673
30.960602
0.000000
12.553326
1.574390
5.839823
3.970167
2.333899
-1.030735
-7.884354
1.939250
0.029186
-0.844182
-0.964148
-0.653146
0.121822
1.478592
1.072207
0.330017
0.148843
1.160242
17.780331
0.000000
8.747874
2.396232
6.398082
6.049981
4.262230
0.956050
-8.383613
1.351117
-0.285410
-0.875977
-0.846436
-0.740654
-0.004375
1.222086
0.681315
-0.980190
-0.664646
28.439411
35.549999
0.000000
8.965197
0.726134
4.094920
1.543807
-1.244602
-5.796834
-8.136115
1.160992
0.188764
-0.779795
-1.097797
-1.148808
-0.192319
1.152583
1.848480
0.305140
0.229063
1.138174
1.229507
0.000000
7.667351
6.307724
2.029432
6.272724
3.824063
1.794293
-8.377876
0.286804
-0.824610
-1.908716
-1.851688
-1.688561
-1.199772
0.664842
2.518435
0.925174
0.573231
2.680663
35.549999
0.000000
1.726388
0.779462
0.205894
-0.239448
-1.831794
-6.112093
-7.684972
1.793971
0.284383
-0.875592
-1.575497
-0.745057
0.268514
1.330006
1.365247
-0.189915
0.132282
3.615239
35.549999
0.000000
3.224911
1.172583
2.530135
5.323397
3.444332
-0.182442
-8.417713
1.722107
-0.159060
-0.867375
-1.038315
-1.020993
-0.419005
1.649545
1.268631
-0.784836
-0.625636
24.895664
35.549999
0.000000
1.520366
0.542764
3.313233
1.179976
-0.853097
-5.568871
-7.328702
1.634269
0.274446
-0.812714
-1.106011
-0.876926
0.092643
0.952224
1.282343
0.121296
0.357165
1.738798
35.549999
0.000000
6.776964
5.696577
2.859086
6.130216
4.169890
1.374195
-8.655822
0.441860
-0.622768
-1.708941
-1.745691
-1.514456
-0.781158
1.044427
1.712922
0.271575
-0.421247
2.976001
35.549999
0.000000
3.735431
2.325686
4.295343
2.026242
-0.020687
-4.463694
-8.332389
1.719140
0.178876
-0.894732
-1.354540
-0.773842
0.320794
1.258642
0.944739
-0.108577
0.510717
1.816914
31.784275
0.000000
7.161420
3.792209
7.728925
5.670591
3.869704
0.650408
-8.960119
1.448246
0.059872
-0.809227
-1.223823
-1.019654
-0.390316
1.253635
0.906677
-0.685407
-0.421781
23.301584
35.549999
0.000000
4.179822
2.581467
4.264231
0.998403
-2.582190
-5.591914
-8.178005
1.830333
0.541894
-0.628260
-1.245615
-0.797431
0.240662
1.073274
0.845480
-0.387897
0.674691
2.130789
35.549999
0.000000
8.804667
5.886186
3.068303
6.476666
4.138244
1.081502
-8.395876
1.485402
0.406446
-1.020112
-1.735952
-1.604667
-0.773335
0.681868
1.268604
-0.174550
-0.142588
3.809329
35.549999
0.000000
4.512092
2.750275
2.712466
0.655111
-2.231807
-5.541782
-8.002878
1.787694
0.452112
-0.649628
-1.263832
-0.769469
0.203566
1.137811
1.164152
-0.272560
0.450502
2.044686
35.549999
0.000000
8.817338
6.270239
2.649694
6.467231
4.158246
1.229806
-8.929375
0.629479
-0.203116
-1.564540
-2.211989
-1.808080
-0.959899
0.781178
1.692038
0.082756
-0.118754
3.198182
35.549999
0.000000
3.692855
2.204588
2.267504
1.321686
-0.844781
-5.639462
-7.357948
1.786872
0.357619
-0.863604
-1.486940
-0.988432
0.117373
0.990266
1.393716
0.028997
0.364204
2.407114
35.549999
0.000000
7.304487
5.321669
2.463096
6.542531
4.182646
-0.017829
-8.762478
0.784425
-0.590555
-1.830488
-2.274699
-1.939899
-1.134230
0.873653
1.534795
-0.022970
-0.459216
2.252973
35.549999
0.000000
2.955018
1.257352
5.989054
2.703685
0.486910
-2.663289
-7.080705
1.828117
0.326786
-0.849837
-1.180267
-1.270277
-0.286368
0.689627
0.957770
0.115054
0.574677
1.890376
35.549999
0.000000
6.437085
5.575659
2.745171
6.826362
4.568838
0.691342
-8.759604
1.312636
-0.546705
-2.080448
-2.187550
-2.087234
-1.329061
0.747442
1.166559
-0.293882
-1.119416
19.705845
35.549999
0.000000
10.854205
0.898636
7.728377
1.365551
-1.194819
-4.201885
-8.494010
1.683058
0.274280
-1.177538
-1.218491
-1.474802
-1.403379
0.337619
1.644551
0.335679
0.518199
1.427330
2.108859
0.000000
5.175796
0.311454
5.633251
5.397510
3.865029
0.507066
-10.539072
-0.365002
-0.113541
-1.118811
-1.360851
-1.774447
-1.055485
0.301988
0.570889
-0.900038
-0.794035
2.776854
35.549999
0.000000
5.019039
1.540783
10.045658
5.341009
3.531882
1.177153
-9.365011
2.791259
-0.059076
-0.601598
-0.585924
-1.176645
-1.001504
0.730957
1.292403
1.086995
-0.144275
0.778603
20.373154
0.000000
8.793398
1.250032
5.924639
5.193432
3.124125
-0.751408
-8.834512
2.975923
0.775455
-0.430006
-1.275850
-1.843019
-1.518351
0.628294
1.098828
0.806682
-0.679333
0.726000
35.549999
0.000000
7.689835
2.068753
3.841555
3.152593
1.257370
-1.141174
-9.877131
1.674251
0.951992
-0.175941
-0.939452
-0.927835
-0.222514
0.595392
-0.001599
-0.629921
-0.229059
2.372824
35.549999
0.000000
11.671653
0.652440
7.836585
5.764414
4.154349
1.180062
-10.788452
3.008387
0.860104
-0.348101
-0.670506
-1.445974
-1.524073
0.430832
0.672595
0.720438
-0.897642
0.712693
35.549999
0.000000
12.355911
1.716889
1.210893
1.761183
0.785952
-1.877795
-13.850826
2.037316
1.132681
-0.284891
-1.006806
-1.444689
-0.992929
0.428274
0.236477
-0.735695
-0.283369
1.963691
35.549999
0.000000
13.369779
0.703642
3.189394
5.587945
2.895331
0.298994
-16.103695
2.421855
0.981440
-0.199631
-0.680551
-1.429460
-1.244095
0.486609
0.519048
-0.835710
-0.618394
0.811477
35.549999
0.000000
13.085488
2.114393
1.652657
3.522535
1.198828
-1.202211
-13.898977
1.304762
1.145124
0.043989
-0.583393
-1.003555
-0.586581
0.561610
0.257873
-0.232680
-0.316328
0.725778
35.549999
0.000000
12.034516
1.910073
3.372439
4.354121
1.886661
-0.563571
-12.927961
1.423779
1.053757
0.009827
-0.670186
-1.116455
-0.780626
0.581011
0.415028
-0.670630
-0.378915
0.557904
35.549999
0.000000
12.622768
2.797175
2.340742
3.824167
1.239924
-1.034842
-13.331406
1.713893
1.063601
0.100388
-0.703876
-1.029350
-0.708982
0.651661
0.448213
-0.457491
-0.446954
0.376082
34.259727
0.000000
13.075538
3.598468
2.343473
3.766431
1.358447
-1.074618
-13.697184
1.002852
1.057978
0.065630
-0.804338
-0.881203
-0.570617
0.703916
0.295961
-0.334000
-0.480973
0.274215
35.549999
0.000000
13.127579
2.685862
1.849387
2.788549
0.524398
-1.819325
-14.267044
1.412205
1.164291
0.040849
-0.685905
-0.837193
-0.563147
0.634932
0.160671
-0.271489
-0.432594
0.365883
34.982529
0.000000
13.007103
1.723021
1.715038
3.221241
1.297038
-0.743003
-10.254678
1.725893
1.383657
-0.137650
-0.821416
-1.068295
-0.873411
0.448944
0.113059
-0.663616
-0.451141
0.614892
35.549999
0.000000
13.360833
1.221829
0.919473
4.961426
1.707982
-0.169857
-14.206674
2.186768
1.503565
0.070908
-0.695187
-1.376858
-1.199455
0.292761
0.615398
-0.739038
-0.589328
0.574544
4.293979
0.000000
14.146210
4.242415
6.641478
4.711607
1.767993
-0.204860
-15.376373
1.618507
1.621969
0.066246
-0.778758
-1.145050
-0.966849
0.479067
0.288127
-0.413124
-0.734690
0.234793
31.527790
0.000000
13.644991
2.382316
1.758986
3.604300
1.141661
-0.374078
-16.477945
1.806413
1.554237
-0.112528
-0.885359
-0.932538
-0.832147
0.516550
0.341868
-0.417314
-0.702162
0.214111
35.549999
0.000000
14.051452
1.790848
1.263449
3.174048
0.773695
-0.811308
-16.897621
1.838484
1.275460
0.123807
-0.413199
-0.844369
-0.806394
0.540942
0.912972
-0.094732
-0.626785
0.686495
4.633478
0.000000
13.802320
4.112068
4.302459
5.229506
3.028607
1.809708
-15.006319
1.596584
0.960755
-0.093350
-0.637321
-0.819949
-0.808491
0.606318
0.722326
-0.212879
-0.687850
0.397448
35.549999
0.000000
14.492989
3.244836
2.185032
4.052542
1.439274
0.165345
-15.177755
1.788537
1.380523
-0.028780
-0.752079
-1.020653
-0.979272
0.476736
0.803809
0.176602
-0.879287
0.040293
35.549999
0.000000
14.441381
3.149525
2.646657
3.677791
1.181201
-0.138930
-14.609717
1.857760
1.129539
0.105277
-0.535724
-0.790501
-0.786445
0.632425
0.989509
0.562043
-0.898413
0.034387
19.187654
0.000000
15.152897
4.501099
6.837445
5.379597
2.455046
1.394527
-33.061325
0.292789
2.020615
0.011307
-0.619211
-1.215797
-1.222672
0.135997
0.845278
0.865051
-0.661540
0.432345
32.610229
0.000000
13.995194
3.483184
2.239653
3.233320
1.067101
-0.103084
-34.281914
-2.070108
1.914257
-0.168969
-0.781721
-1.030971
-1.058119
0.295870
1.052187
1.078312
-1.040886
0.084590
30.143105
0.000000
14.216479
2.663607
3.390586
4.096028
1.745619
1.026804
-34.701057
-1.870358
2.158985
-0.280530
-0.810443
-1.381713
-1.298541
0.131256
1.115129
1.230664
-0.977263
0.186118
2.911148
0.000000
15.219893
4.177204
4.750815
5.351120
2.464611
0.905281
-32.856705
-1.025419
2.011993
-0.386678
-0.886088
-1.167997
-1.069269
0.262668
1.280660
0.929740
-0.960717
0.031449
3.163345
0.000000
15.829128
3.277575
6.899555
6.311427
3.458539
2.058898
-31.518543
-0.614292
2.093029
-0.410748
-0.763110
-1.237041
-1.355522
-0.118700
0.937623
1.463261
-0.173007
0.168276
2.384193
0.000000
14.332664
3.543110
4.159117
5.071613
2.662977
0.882443
-34.204815
-1.000069
1.862803
-0.286952
-0.710973
-1.170799
-1.248232
-0.072225
0.865207
1.463531
-0.462762
0.058102
3.217228
0.000000
13.683542
5.321296
8.590401
2.733995
7.126009
5.292371
-35.549999
-1.054222
1.468700
-0.390300
-0.773376
-0.949924
-1.714484
-0.814679
0.271863
1.344754
0.702943
-0.165063
1.747963
5.265426
0.000000
3.979844
2.541339
3.051971
4.096150
2.919297
0.197977
-6.980110
0.116644
-0.441832
-1.081944
-1.624458
-1.455677
-0.529675
0.639031
0.648501
-0.503957
0.413521
2.331198
35.549999
0.000000
5.678380
3.481693
9.232018
3.806333
3.411661
2.364783
-7.397343
0.050690
-0.546082
-1.160253
-1.008568
-0.908573
-0.405995
0.344118
-0.256613
-0.448106
0.282947
2.466171
35.549999
0.000000
1.363861
1.036057
4.089324
2.478426
1.490409
-0.684038
-7.349273
1.364452
-0.386238
-1.334241
-1.511053
-1.333878
-0.462486
0.692205
0.770329
0.374575
-0.132747
2.165062
35.549999
0.000000
4.088125
1.885211
0.134819
2.983280
2.050187
-0.447661
-7.893108
1.186785
-0.347658
-1.238378
-1.540210
-1.272702
-0.492245
0.472198
0.705325
0.531765
0.370854
2.419857
35.549999
0.000000
8.351635
2.159620
2.902227
5.440091
4.958068
-0.225769
-7.180791
1.179312
-0.147640
-0.888039
-1.124453
-1.058855
-0.498871
0.386490
0.216199
0.057300
0.328112
1.660891
35.549999
0.000000
6.303064
2.225743
0.530641
3.781411
2.204276
-1.485226
-7.604300
1.961668
-0.068705
-0.866367
-1.136430
-1.558402
-0.919063
0.069901
1.161567
0.616165
0.520209
1.920161
18.056849
0.000000
9.432535
3.609186
2.583859
4.518399
3.367773
-1.465728
-5.316552
0.125192
-0.377886
-1.142588
-1.643016
-1.428707
-0.741326
0.326873
0.658450
-0.067678
0.685983
2.248710
35.549999
0.000000
10.219516
4.746571
6.098640
4.415106
3.316445
-0.128533
-8.411564
-0.034424
-0.172411
-1.222245
-1.773382
-1.394265
-0.931940
0.230825
0.701367
0.458322
0.400805
1.587047
4.526976
0.000000
5.321605
1.232467
3.963104
2.314221
1.837733
-0.610862
-7.702751
0.133803
-1.496906
-2.148664
-2.122802
-1.616514
-1.140758
0.255238
1.344496
0.429740
0.394053
1.230913
35.549999
0.000000
2.442791
0.896908
1.246192
-0.228841
-0.115400
-4.212931
-9.270118
0.135523
-0.483566
-1.975950
-1.873228
-1.312819
-0.720059
0.417711
0.725704
0.080051
0.516235
1.619193
4.270861
0.000000
3.820704
0.727377
1.793908
1.342484
1.208001
-0.484425
-8.468625
0.137384
-1.343102
-2.212429
-2.209540
-1.660691
-1.172508
0.273021
1.639231
0.004658
0.151887
1.682193
35.549999
0.000000
10.266307
2.248137
4.991769
7.626472
3.383604
-2.793719
-9.708023
0.138693
0.008883
-1.155029
-1.592959
-1.468204
-0.992523
0.243259
1.154358
-0.109377
0.269460
1.785479
35.549999
0.000000
9.342701
1.922685
5.429577
4.393904
2.484314
-1.182101
-8.829530
0.133129
0.344584
-0.796276
-1.252718
-1.939259
-1.358570
-0.004302
1.744962
0.194422
-0.366029
1.110916
35.549999
0.000000
9.108617
2.748699
2.635877
-0.032650
-0.379503
-6.492023
-7.853474
0.133320
0.224398
-0.907174
-1.641145
-1.331379
-0.788477
0.228344
1.671625
1.059221
0.335282
1.817849
35.549999
0.000000
12.227739
1.728930
5.267158
3.173006
1.430695
-2.749040
-9.785700
0.161722
-0.062123
-1.604107
-2.337049
-1.751565
-1.230057
0.333668
1.691836
0.884396
0.010173
1.701824
35.549999
0.000000
14.539715
6.836460
6.629014
7.377044
0.197734
-2.711168
0.121805
0.160845
-0.099296
-1.344757
-1.861016
-2.245736
-1.614132
-0.348032
2.617470
0.715217
0.044304
1.363777
1.948238
0.000000
13.984093
2.855116
4.468414
3.760005
2.025268
-3.544130
-2.464937
0.145347
0.379412
-1.164465
-2.011058
-1.613828
-1.108244
0.057033
1.046168
0.841819
1.826124
2.116756
1.943293
0.000000
8.840233
0.308564
-0.097200
1.089906
1.750906
-0.353376
-6.264784
0.159014
-0.437126
-2.476099
-2.399127
-1.749468
-1.375469
0.207580
1.973559
1.031372
-0.635439
0.144476
23.081297
0.000000
14.329008
1.618721
-0.042242
-1.917410
-1.198522
-2.747208
0.129739
0.164261
-0.737253
-2.377718
-2.569454
-1.985363
-1.632084
-0.305223
2.733848
3.119421
-0.301051
1.075667
2.176044
0.000000
12.018343
2.866348
4.423280
3.422471
0.350683
-1.515952
0.118551
0.160930
-0.156232
-3.567229
-5.377327
-2.663433
-1.866511
0.188957
1.363865
-0.123730
1.072321
1.922595
35.549999
0.000000
11.693365
0.511149
0.101791
2.106410
1.788169
-0.430866
0.136282
0.157866
-1.189716
-3.963684
-2.900709
-1.864303
-1.617422
0.094234
1.944126
1.895832
-0.251495
0.805144
35.549999
0.000000
11.219468
0.419563
3.356511
1.659890
-0.400273
-2.841723
0.241886
0.195451
0.132845
-1.171221
-2.096832
-2.690452
-2.568855
-1.363338
2.524695
3.142761
-1.238988
0.476947
1.334466
0.000000
14.158390
6.542477
7.355993
1.435495
0.360038
-2.781179
-20.124193
0.165405
0.107956
-1.776737
-2.291035
-1.625926
-1.282475
-0.185080
1.618704
3.921463
-0.059617
1.183229
2.581969
0.000000
12.809248
0.717543
-0.079477
0.715883
0.728540
-0.357297
0.225151
0.269928
0.116368
-3.141696
-2.929765
-1.961533
-1.565310
-0.439677
2.122669
1.721131
-0.809572
0.860227
27.953056
0.000000
15.451884
3.680439
0.642614
0.581159
-0.366489
-1.556518
0.250942
0.189146
0.117877
-3.228480
-4.079107
-2.792322
-2.327966
-1.007595
2.176060
2.703726
0.039902
1.810575
3.598072
0.000000
15.060581
9.246410
9.229489
6.035821
1.298937
-0.418375
-16.622343
0.175720
0.108007
-3.537125
-2.813197
-1.859705
-1.563027
-0.599346
2.507123
2.569930
-0.915137
0.733491
1.633416
0.000000
15.480700
8.999776
1.994340
0.619591
0.346706
-1.262858
-17.714970
0.194612
0.111054
-2.080347
-2.729467
-2.208446
-1.815549
-0.560618
1.668632
1.239801
0.630283
2.086262
2.887258
0.000000
12.145682
4.689049
2.568331
3.488490
2.256789
-0.622944
-15.465020
0.177771
-0.792937
-3.912891
-3.769575
-2.125574
-1.230801
1.025627
1.759389
4.245640
-1.128740
0.924051
33.642693
0.000000
12.217086
9.774511
6.587652
-0.109753
-0.774099
-1.432988
0.214781
0.192913
0.138045
-0.977724
-2.588749
-3.197316
-2.620665
-1.511459
2.707335
3.893660
-0.018010
1.443196
1.918707
0.000000
13.680896
3.825134
1.067358
1.229750
-0.479534
-2.122994
-23.541988
-1.308326
0.131794
-2.026875
-4.889288
-4.239311
-1.883423
0.178910
3.761956
6.205614
-0.819674
0.906282
31.184340
0.000000
9.311547
5.541738
0.746145
-0.728331
-1.773742
-1.598206
-30.065207
0.115745
0.151360
-2.665722
-5.703986
-3.736296
-2.220339
-0.681036
2.143484
3.773906
-0.615271
1.326185
35.549999
0.000000
15.718322
4.486007
1.412927
3.137586
-0.429209
-2.492877
-30.511158
0.110143
0.144656
-1.620241
-2.867743
-2.612036
-2.024753
-1.033637
2.752601
5.738296
-0.889279
0.601532
11.207554
0.000000
13.240993
6.346981
0.852228
1.891954
-0.366027
-0.217726
-28.821682
0.109791
0.151199
-2.127450
-4.835754
-2.737559
-2.122026
-1.020926
2.200223
4.967252
-0.830451
0.775524
16.949808
0.000000
12.409872
2.218772
-0.399288
0.902306
-0.704914
-0.321872
-27.973118
-1.568947
0.130675
-3.418204
-5.189313
-5.904477
-2.230265
-1.008480
3.260514
6.909064
-0.968588
6.620886
30.326206
0.000000
7.353171
10.150437
3.793518
-0.115224
-0.567286
-1.515862
-25.746969
-1.768264
0.129455
-1.217630
-3.924462
-3.354592
-2.360804
-1.825474
1.474515
1.725395
1.081504
2.355242
2.201933
0.000000
10.838276
6.004528
1.173836
0.822219
-1.154686
-2.949084
-21.848501
-2.723586
0.137604
-1.459966
-3.267328
-2.101281
-1.448582
-0.821221
2.595596
7.492349
-0.254459
1.534951
15.435278
22.429682
0.000000
4.171509
4.469295
0.072868
-0.108910
-1.468873
-1.739223
-2.050406
0.148131
-2.085659
-5.530050
-5.325788
-2.555102
-1.049898
2.245546
5.251219
-0.681462
0.749576
13.220398
27.748060
0.000000
6.726727
2.810226
2.927479
-0.516336
-0.240755
0.047039
0.048448
0.162972
-0.657318
-4.540700
-3.251614
-2.273292
-1.767060
2.097241
7.096395
-0.811274
0.358966
1.451744
26.301580
0.000000
6.372992
2.641320
-2.220978
-1.525563
-1.209289
-1.629357
-1.789521
0.143800
-1.256789
-6.400668
-6.631739
-2.636102
-2.053275
2.768844
5.918787
0.045940
1.401026
33.398388
21.720234
0.000000
5.844738
3.800543
-1.073924
-2.630334
-2.470507
-2.830108
-2.146724
0.149754
-0.908529
-5.148674
-4.353300
-2.019310
-1.647671
0.923969
11.667871
1.903920
3.559978
34.694016
22.806366
0.000000
1.249787
4.170434
1.996145
-1.110729
-1.459436
-1.808360
-1.623421
0.134193
-3.381993
-4.534153
-6.056221
-2.480862
-1.223360
1.671371
3.719765
1.700624
2.454111
22.047340
24.632536
0.000000
10.642770
6.838338
-0.128192
-0.320016
-2.733660
-5.821253
0.109668
0.159807
-0.080536
-3.334122
-3.360284
-2.198288
-1.958621
2.693731
3.818219
1.597252
3.211676
23.956703
26.870649
0.000000
13.550328
11.237288
5.423035
-0.422547
-1.012948
-1.720069
-2.755171
0.124026
-2.055212
-4.324610
-5.920790
-2.280834
-2.074010
0.528012
2.071097
3.351523
3.524336
24.682304
24.432547
0.000000
1.316751
-0.389829
-2.846543
-0.998966
-1.434616
-1.684923
-0.894767
0.159277
0.113889
-3.105994
-2.496977
-1.427602
-0.832842
0.451508
4.799222
0.913880
2.738723
24.025194
26.928213
0.000000
8.313340
5.941701
1.664680
-0.413754
-0.214080
-2.685118
-0.488656
0.161743
0.514185
-2.110140
-2.443993
-1.587280
-1.002341
0.690286
7.547077
2.110049
4.543837
35.549999
26.054964
0.000000
9.212297
9.142189
4.586205
-0.466928
-1.380249
-1.794692
-6.875044
0.134333
-2.426406
-4.107865
-6.240740
-2.513357
-2.158192
0.593326
4.700492
1.864694
2.879903
33.219906
22.573151
0.000000
10.019242
4.748636
-0.389721
-0.309048
-1.174750
-4.649808
0.115733
0.174529
0.110194
-2.997099
-3.445620
-2.426339
-1.285540
0.924703
3.380370
3.153372
4.353537
31.515278
29.782030
0.000000
11.670010
10.309414
5.311331
-0.528859
-0.250387
-3.861380
-0.352145
0.159819
0.114970
-2.466753
-2.854647
-1.421282
-1.282803
0.690028
2.934547
3.521534
5.214665
31.422699
25.757006
0.000000
14.973429
9.335550
4.029280
-0.484319
-1.335643
-1.703999
-1.502675
0.154073
0.112923
-3.099779
-3.011450
-1.017456
-0.450684
0.769633
1.727826
2.408060
4.243607
31.369919
25.991310
0.000000
7.256865
5.670275
3.516176
-0.510022
-1.206110
-1.662658
-1.856257
0.155815
0.115046
-2.433322
-2.342600
-1.020992
-0.668018
0.347219
1.773965
3.721348
5.326018
29.189110
29.313902
0.000000
7.386348
3.796897
0.827790
-1.561508
-1.348837
-1.672437
-0.141827
0.136295
0.107244
-2.845720
-4.117174
-1.861521
-0.889112
0.713959
2.126088
2.953228
4.464585
32.158295
26.847712
0.000000
2.176860
0.543930
1.627962
-4.819669
-1.402450
-1.554974
0.109528
0.141423
0.112940
-3.070898
-4.480683
-1.499035
-0.547920
0.012051
4.965509
2.183510
3.959406
29.227268
24.539097
0.000000
1.967681
-0.740583
-2.614555
-2.875244
-1.462142
-1.711704
-10.871901
0.151611
2.455896
0.340622
-0.233985
-0.150226
-0.223745
0.018583
1.129834
3.258089
5.810807
35.549999
27.117805
0.000000
5.350693
1.402293
-2.035018
-0.376537
-3.417142
-1.006807
-1.638245
3.854910
2.361322
0.492476
-1.221447
-0.261739
0.005856
-0.169994
1.674235
4.661880
7.115166
35.549999
26.937016
0.000000
6.809828
5.791580
6.421075
-0.602255
-1.256879
-1.701842
0.119877
0.137655
0.619751
-2.753052
-2.963406
-0.870619
-0.603138
-0.067494
1.971167
2.195630
3.200888
25.200367
25.546993
0.000000
3.093264
0.195005
-1.567621
-0.543692
-2.780198
-5.739364
-2.774852
0.178284
0.797270
-0.058599
-1.777121
-0.927454
-0.569781
0.144752
2.501965
2.012916
3.714643
31.813864
30.308966
0.000000
11.733257
8.112615
3.103150
-0.519709
-0.876519
-1.615180
-0.573376
0.154547
2.376617
-1.087222
-2.224808
-0.971902
-0.702629
-0.288125
1.681493
3.847371
5.902664
35.549999
28.204601
0.000000
4.280587
3.788435
0.460492
-1.092028
-1.315021
-1.620638
0.158328
0.161451
1.840792
-1.934658
-3.530485
-1.134096
-0.289195
0.093390
2.345580
2.784125
4.398104
31.324657
26.163084
0.000000
5.338564
1.740416
3.775040
-0.451607
-0.917882
-1.725565
0.094632
0.179424
0.131659
-0.937241
-2.651751
-0.558508
-0.402011
-0.232268
0.668195
3.928638
4.222404
31.465588
29.082811
0.000000
4.130230
0.759051
-1.949858
-1.904168
-5.305348
-1.572683
0.156539
0.178436
2.579905
0.818531
0.110184
0.115360
0.114084
-0.286650
1.009445
3.347605
5.958941
35.549999
28.527960
0.000000
5.066422
3.429563
2.082915
-0.572751
-4.600760
-1.628257
0.602303
1.202465
2.291607
0.551645
-0.575272
-0.130591
0.030480
-0.319499
0.736868
2.873723
5.452805
35.549999
26.651283
0.000000
2.306804
2.139247
0.787227
-1.941927
-7.324388
-1.567701
0.140770
0.165905
2.128239
0.214437
-0.415218
-0.229742
-0.066159
-0.291788
0.986055
1.980574
4.159120
26.481663
29.310711
0.000000
8.053806
0.905002
0.396982
-3.459323
-6.003662
-1.587349
0.351811
0.309490
1.903629
-1.174449
-1.241522
-0.197741
-0.219176
-0.429155
2.219735
4.277895
4.185745
35.549999
28.184998
0.000000
8.843457
7.771415
5.363078
-0.135655
-1.340832
-1.727837
0.500068
1.014486
2.101352
0.023575
-0.652384
-0.074380
-0.186159
-0.330011
0.783086
1.784218
4.096896
23.557056
29.914122
0.000000
6.498441
2.551791
-5.153092
-5.816593
-1.279942
-1.577373
-13.109089
-3.644705
0.130476
-0.992001
-2.970988
-0.802387
-0.428521
-0.757136
0.642572
3.914153
6.851932
35.549999
28.457699
0.000000
5.301173
8.248692
6.631769
3.270041
-1.247440
-1.588664
-18.484774
-5.138251
0.267941
-1.993622
-3.224617
-4.317490
-1.081489
-0.491576
1.550220
3.383027
5.654147
28.982508
29.149118
0.000000
0.609963
-0.148486
-0.809549
-0.935193
-1.307801
-1.576728
-25.135887
-2.989702
0.120754
-2.637188
-4.215645
-5.380341
-1.624784
-0.870317
2.256334
2.788994
4.292027
26.945675
31.285559
0.000000
10.160469
2.456453
0.643377
0.870577
-1.002551
-1.597447
-24.316975
-2.713392
0.132553
-1.983320
-4.272635
-4.836449
-1.674341
-0.518720
1.502175
2.456698
3.820904
26.921879
33.520885
0.000000
6.940721
2.425314
-0.229678
-1.304240
-1.170710
-1.514583
-15.626951
-3.950871
0.128378
-1.254545
-2.474014
-0.501061
-0.365588
-0.035435
0.529816
2.343214
4.266336
21.971905
33.511700
0.000000
5.540936
0.910487
-0.630690
-3.700960
-5.562369
-1.602728
-13.274993
-1.914293
3.656323
1.711462
-0.740683
-0.189425
0.000139
-0.211832
0.267002
3.247971
6.066137
35.549999
31.336533
0.000000
9.225226
8.799410
8.208742
1.688721
-0.229138
-1.533826
-18.399694
-3.435128
3.084326
1.036636
-1.008472
-0.380919
-0.251900
-0.245429
1.079004
2.448787
2.945071
22.120632
32.426369
0.000000
6.751766
0.119663
-1.666073
-4.193894
-5.555035
-1.609248
-17.939341
-2.851178
0.522514
0.574471
-1.645243
-0.678186
-0.306518
-0.277981
0.279254
5.377500
2.634019
8.506746
31.466511
18.994846
0.000000
1.290709
-1.330532
-0.890463
-3.047158
-1.543305
-1.210034
-3.828059
3.179434
1.662125
-0.321877
-0.421735
-0.107255
0.242791
0.278493
2.222167
3.567951
18.633873
31.730120
22.067303
0.000000
0.937445
-0.264187
-3.995794
-4.611395
-1.792850
-1.439145
-5.207159
0.995537
1.738073
-0.262974
-0.214646
0.011697
-0.067990
0.128061
3.968301
2.449938
3.539886
32.766376
20.665632
0.000000
0.681867
0.170351
-1.391340
-2.203428
-4.431674
-1.331521
-2.755557
1.212763
2.377725
0.471730
-0.059971
0.152906
0.017315
0.627310
2.746188
2.636311
3.992713
35.549999
24.964624
0.000000
7.600159
8.515294
1.339648
-0.342794
0.880666
-0.606038
-2.460057
0.157836
1.089304
-0.397808
-0.301291
0.014272
-0.065837
0.342168
8.717424
2.870054
4.060440
34.390976
22.415293
0.000000
12.438766
8.199266
-0.064251
-0.296279
0.440504
-0.401229
-3.305779
0.144775
-0.458807
-3.813321
-4.718732
-1.749759
-0.707295
1.184054
2.062653
3.317644
24.082315
32.265221
21.874172
0.000000
7.608713
5.328255
1.627615
-0.423628
-1.444688
-1.621164
-6.175203
0.139274
-0.595909
-3.186328
-2.267374
-0.869591
-0.207065
1.055308
2.243674
3.434360
5.104752
27.139492
25.085188
0.000000
8.147231
6.999736
3.195704
-0.516145
-1.689208
-1.496142
-5.594087
0.142978
-0.150000
-3.323998
-2.213409
-0.942498
-0.224502
0.547933
3.342378
2.225257
3.872548
32.874905
23.183947
0.000000
7.936247
6.201040
1.298665
-0.121903
-1.570935
-1.701306
-6.472678
0.143084
-0.136380
-4.145949
-4.976355
-2.186626
-1.180811
1.675467
1.775547
1.971491
3.370711
23.070936
26.454626
0.000000
2.481160
-1.039812
-1.333706
-2.494014
-1.310711
-1.381937
-0.840916
0.159044
0.113957
-4.106492
-5.382991
-2.020065
-1.328371
0.968561
11.108280
2.195172
10.820259
31.751024
24.287811
0.000000
13.605764
9.306125
2.138952
-0.205817
-1.060800
-1.783938
-6.184777
0.134799
-2.131869
-3.867138
-5.771549
-2.286973
-1.638877
-0.160251
2.634352
3.659489
25.072334
32.360882
22.888319
0.000000
1.488267
1.201395
0.372211
-1.123477
-1.521803
-1.780530
-5.835388
0.140223
-1.372388
-4.297098
-5.772892
-2.818024
-1.495831
0.275550
3.009677
1.753380
2.467972
6.099870
27.056328
0.000000
4.671649
-0.256128
-2.326077
-2.590576
-1.708524
-3.560704
0.110757
0.165829
1.071795
-1.251869
-2.324495
-1.227017
-0.550381
0.620758
2.078712
3.973478
5.717873
28.600368
27.025454
0.000000
8.514606
8.048589
5.120003
-0.515885
-1.346646
-1.720764
-11.361444
0.133142
-1.351622
-3.328496
-4.844608
-2.326309
-1.310688
0.972939
1.770084
2.683939
3.636912
35.549999
24.415199
0.000000
3.179061
1.461271
1.734126
-2.525391
-1.209688
-1.739713
-0.321402
0.150369
0.111240
-2.945170
-2.488623
-0.684854
-0.415960
0.494017
1.498055
3.010582
4.954025
30.469355
29.062780
0.000000
5.154985
2.459463
2.877474
-0.636405
-1.328754
-1.647843
-0.117996
0.138791
-0.827630
-2.811575
-4.885728
-2.315292
-1.472228
0.683746
2.575312
3.027711
4.499185
31.600010
27.576147
0.000000
4.279254
1.728878
-1.376038
-1.081472
-1.414605
-1.169193
0.132515
0.145508
-0.787796
-3.642200
-5.903663
-3.183764
-2.585731
-0.518406
2.463576
4.679106
5.994362
26.819809
29.290630
0.000000
6.969990
5.209311
3.967590
-0.383957
-1.166419
-1.645189
0.145783
0.144682
-1.571183
-3.867787
-5.071846
-3.083736
-1.958699
0.755437
2.303530
1.968675
3.209096
22.738178
27.849871
0.000000
7.578223
0.571809
-0.036067
-3.601768
-3.686407
-1.691688
-10.747139
0.163362
0.116283
-3.170997
-4.851465
-2.856447
-1.525283
0.442143
2.231557
3.481583
5.223893
24.771101
29.792044
0.000000
10.883032
8.285754
4.925144
0.336217
-1.180388
-1.546683
0.114372
0.143974
-0.209538
-3.026012
-5.160038
-3.720121
-1.850454
0.025059
3.188653
2.633584
4.210391
35.549999
26.713264
0.000000
5.850091
2.108665
-0.338491
-0.801598
-1.274412
-1.669632
-0.339093
0.145635
-0.327636
-3.036088
-5.191462
-2.598617
-1.852475
-1.157253
2.005008
3.987169
5.884872
35.549999
30.473862
0.000000
3.410453
5.896825
6.181777
0.988164
-1.268544
-1.553231
0.149598
0.160692
-2.126806
-3.922417
-6.059443
-3.411158
-2.353149
-1.494794
3.006218
2.664620
3.797729
23.842445
27.658928
0.000000
7.050019
4.052410
3.437528
-0.118750
-0.804364
-1.628035
0.223515
0.195252
0.125759
-3.254134
-6.035913
-4.737709
-1.968400
-1.393637
2.266051
3.608603
5.726234
30.742838
30.505779
0.000000
6.875478
7.662599
4.198059
-0.232623
-1.125095
-1.516639
0.303454
0.193477
-1.595182
-3.521064
-5.657159
-4.757254
-2.175900
-1.326470
3.261325
3.057225
4.023257
22.812614
28.739336
0.000000
7.815763
7.141718
4.324051
-0.116644
-0.846380
-1.599631
0.165002
0.170100
0.109982
-3.251574
-6.100998
-3.957443
-2.139686
-1.620092
1.958208
4.034872
5.889513
26.726299
29.347290
0.000000
6.832413
7.879810
4.650270
-1.176691
-1.187077
-1.508759
0.379596
0.190845
-1.130245
-3.759369
-6.390128
-4.172804
-2.286490
-1.842977
2.259796
3.139274
3.891205
34.742481
24.387192
0.000000
10.132789
5.940448
0.413605
-0.117716
-0.749621
-1.687880
0.276980
0.194362
0.123827
-1.616817
-5.097385
-2.245536
-1.788119
-0.338201
2.735188
1.580729
3.308697
28.331726
34.527863
0.000000
10.732517
8.343676
4.434634
0.518438
-1.183766
-1.477941
0.419512
0.170711
0.110825
-2.569636
-3.783124
-4.510422
-1.440397
-0.269589
1.576883
2.600832
4.342314
27.537573
31.705172
0.000000
3.922083
0.176050
-3.521511
-4.371890
-6.330704
-1.526678
1.841377
0.169410
0.107592
-2.166721
-3.400466
-1.381018
-0.500200
0.199335
1.056916
8.776296
4.641863
35.549999
29.399883
0.000000
11.155934
6.772643
3.955375
-0.292296
-1.422815
-1.692868
-17.936964
-3.348610
2.395546
-0.742491
-2.782825
-0.685110
-0.191708
-0.067477
0.574757
2.734685
4.854968
31.932928
27.965469
0.000000
1.235401
-0.438944
-2.599948
-0.958314
-1.347063
-1.649142
-15.067331
-0.866381
3.014614
0.754139
-0.635275
-0.115283
-0.095211
-0.392482
1.003380
3.513058
4.074137
3.808372
31.960089
0.000000
2.795599
-1.650770
-3.156744
-6.512527
-8.189763
-1.526817
-19.720198
-3.022306
3.940539
1.457693
-0.407413
-0.418898
-0.318474
-0.381811
1.738241
3.098702
3.180397
22.380802
30.330099
0.000000
4.795914
-1.408192
-3.675582
-6.682424
-6.283673
-1.312626
-17.757530
-3.188023
3.882759
1.779819
-0.144156
-0.352519
-0.298119
-0.477980
0.348270
10.740021
4.114583
29.545259
29.679676
0.000000
9.556409
6.315930
4.407924
-0.102120
-3.176414
-1.538779
-20.651867
-3.376626
0.577679
-0.574804
-1.928934
-0.614317
-0.190136
-0.092126
0.568532
2.362621
4.660747
29.139988
32.998867
0.000000
9.975030
3.421278
2.145460
0.245590
-4.042131
-1.630741
-16.541534
-4.029873
0.365494
-0.900590
-3.023575
-0.930182
-0.690916
-0.192104
0.301547
2.175934
3.581940
4.014440
31.462492
0.000000
7.275309
0.422605
-2.150912
-3.714867
-6.631700
-4.322258
-13.196445
-3.740055
1.143999
0.565742
-1.646755
-0.524101
-0.314495
-0.374991
0.210618
5.464573
4.643977
34.442368
33.070633
0.000000
7.758482
8.239815
7.309643
1.309322
-1.283060
-1.616417
-1.702892
-7.153860
0.154343
-0.608438
-2.630458
-0.419832
-0.271958
0.003540
0.035810
2.164904
3.659927
21.796669
31.380365
21.134638
0.000000
0.903155
-0.093666
-3.356828
-6.354809
-6.867412
-1.374786
-5.419217
0.948153
1.705294
-1.348028
-0.452563
-0.231682
-0.380170
0.370254
5.962083
4.434055
35.249283
32.977886
21.648050
0.000000
7.917146
6.516944
1.719647
-0.999648
-1.629864
-1.694432
-6.124711
0.815226
0.733389
-2.049492
-0.377683
-0.201941
-0.170490
0.444947
2.508898
3.291743
4.428897
34.960075
22.057926
0.000000
4.481198
1.886491
-0.201342
-2.498243
-1.616271
-1.506577
-5.135395
2.501713
1.545256
-0.902245
-1.054260
-0.565730
-0.327467
0.272482
2.314694
4.024783
3.745070
35.549999
22.317680
0.000000
7.213471
5.667984
0.552845
-0.323838
-1.437127
-1.423135
-4.238394
0.429716
1.016623
-1.330339
-1.211330
-0.719585
-0.035374
0.213198
2.349141
2.754593
3.326868
28.606497
22.025011
0.000000
0.787397
-0.425888
0.711420
-1.312477
-4.988329
-1.472250
-3.609271
0.145576
-0.480712
-3.641935
-1.840942
-0.938065
-0.120964
1.001810
2.716766
1.303463
2.441177
20.599091
23.527248
0.000000
3.048646
3.371026
-0.241017
-4.499534
-3.396009
-0.259150
-2.017528
0.151962
-0.440548
-4.790659
-5.153770
-2.276225
-1.418860
1.547901
1.881423
2.720537
9.585697
34.510132
23.483194
0.000000
3.998756
4.822931
2.663120
-0.418089
-1.352103
-1.654302
-2.625593
0.147856
-0.317835
-3.666385
-4.455301
-1.437104
-0.383752
0.844507
1.721056
3.082462
3.741539
29.468340
23.815004
0.000000
3.932256
1.316320
0.245728
-1.358283
-2.712024
-1.701041
-1.263294
0.246082
1.992767
-0.653879
-1.113216
-0.570683
-0.388706
0.250741
1.670985
3.302331
4.609195
29.808355
26.310776
0.000000
3.807807
3.401191
3.864071
-1.047219
-1.470085
-1.646333
-1.190445
0.156031
0.112325
-3.516521
-3.719217
-1.459978
-0.142257
1.257968
1.319531
1.838589
3.337686
22.028837
25.939926
0.000000
4.919269
0.570380
-1.511142
-3.443145
-1.292602
-1.011556
-1.663751
0.161133
0.121127
-4.379215
-2.910061
-1.768086
-0.831920
1.738452
11.705812
0.787331
19.234383
31.368809
19.960829
0.000000
8.078607
4.971052
-0.285066
-1.380771
-1.769348
-1.774847
-5.871058
0.143338
0.021503
-3.519748
-3.093542
-1.075173
-0.327266
0.407576
1.649033
2.347694
3.847364
26.538946
23.299746
0.000000
6.010881
-0.715022
-3.047575
-3.948014
-4.098927
-1.637721
-4.590622
0.300968
1.698727
-2.478323
-1.891970
-0.706228
-0.472087
0.156176
2.001444
4.434147
6.458966
35.549999
25.901838
0.000000
2.954202
7.567930
3.758253
-1.120657
-1.505667
-1.457610
-9.579533
0.136202
-1.338635
-3.256181
-4.902019
-2.151172
-1.212456
0.679513
1.968215
3.455673
4.795848
20.668324
26.500914
0.000000
8.221674
3.475326
0.799841
-0.812586
-1.387708
-1.674809
0.108473
0.161671
0.113804
-3.136687
-5.764696
-2.195151
-1.978576
0.250360
9.066370
1.477589
3.348162
28.947031
22.361490
0.000000
5.918535
4.478296
-0.176597
-0.347325
-1.475739
-1.803878
-9.461429
0.171372
0.119131
-2.283867
-3.526300
-1.193258
-0.733258
0.408832
4.651842
1.592369
3.213213
28.507721
26.987631
0.000000
2.437078
-0.632947
-3.903636
-1.126112
-1.502184
-1.784323
-2.052881
0.138808
0.109041
-2.536723
-4.093412
-1.771559
-0.980646
0.238023
1.376730
3.126635
4.179459
28.456417
25.525097
0.000000
2.172769
0.304761
-1.639846
-6.175120
-1.322824
-1.715705
-9.626101
0.164201
2.436575
0.303354
-0.897444
-0.425080
-0.327102
0.106953
1.573577
2.441591
4.130630
34.203720
26.939642
0.000000
2.774733
-0.855343
-3.430541
-1.146331
-1.498316
-1.587789
-11.483667
3.507685
1.784432
0.754349
-0.613571
-0.299581
-0.342664
-0.449677
1.109012
3.434066
5.903046
35.549999
27.969959
0.000000
2.551592
3.555415
-0.981732
-0.775619
-1.288980
-0.014480
-10.203310
1.239376
1.229630
-2.646823
-3.560177
-0.755755
-0.389121
-0.048885
1.536606
2.500781
4.790256
31.648703
26.936064
0.000000
7.907535
4.776344
3.272848
-2.021238
-1.424440
-1.657397
-2.446962
0.144817
2.148487
-0.574385
-1.265676
-0.542657
-0.550118
-0.382776
6.344640
2.658254
3.737594
31.764969
27.560150
0.000000
11.817782
10.482275
4.219205
-0.335853
3.033207
-0.308219
0.113347
0.155149
0.119877
-2.589830
-4.318885
-2.010437
-0.699295
-0.145076
9.768720
2.865443
19.359604
33.757278
23.131702
0.000000
12.678929
4.356837
2.945164
-0.429998
-1.293657
-1.801808
0.314528
0.191498
0.106176
-3.055281
-4.201949
-2.758234
-1.082073
0.334466
1.737559
2.719234
4.323656
25.430138
26.462931
0.000000
8.860679
2.486317
-0.079431
-0.240098
-3.516405
-1.612275
0.263991
0.199579
0.229546
-0.483098
-4.198160
-2.265681
-1.267779
-0.457642
3.207015
2.057652
2.915523
28.371214
31.808826
0.000000
12.763494
9.081895
6.690092
-0.511484
-0.116110
-1.495872
0.193930
0.245939
2.191925
-0.927661
-5.401608
-2.092335
-1.893993
-0.799350
9.890422
3.470943
4.571059
33.832901
24.317499
0.000000
7.165016
5.542603
2.671626
-0.129353
-1.571164
-1.818041
-0.124747
0.173711
0.923580
-2.252019
-3.636529
-2.100016
-0.522048
0.314130
1.369585
1.806679
3.860490
23.948778
28.064219
0.000000
10.940531
4.971311
1.335462
-0.219434
-2.413244
-1.623671
0.213611
0.190709
4.403114
1.259638
-2.498371
-1.336131
-1.088568
-0.721967
6.597112
4.058578
2.525562
27.206621
27.270149
0.000000
9.893828
8.150416
1.048068
-0.276340
-1.548080
-1.611702
-0.186423
0.151471
2.539911
0.783724
-0.994854
-0.516483
-0.358363
-0.287134
0.909098
1.607860
3.947119
26.564247
27.566126
0.000000
2.967591
1.663564
0.150913
-4.121420
-7.078824
-1.625710
1.317387
2.337181
2.345680
0.492476
-0.294443
-0.164880
-0.047891
-0.203480
0.550665
2.952812
4.989585
34.739914
29.205288
0.000000
3.918491
4.337076
5.177612
-0.896322
-3.972433
-1.282403
-19.480179
-3.324921
3.920845
1.603151
-0.033022
-0.136765
-0.024460
-0.210724
0.175104
2.429424
4.090741
25.389729
29.646276
0.000000
2.017061
-0.711282
-2.741871
-5.961235
-6.701701
-1.568842
-21.344852
-3.276537
2.222675
1.339365
-0.416863
-0.338787
-0.225671
-0.111259
0.653493
4.064926
2.869682
24.559443
30.728298
0.000000
3.599030
-1.183615
-2.755540
-7.000143
-7.955157
-1.503640
-14.832249
-0.156496
3.847135
1.660673
0.122066
0.032314
-0.031280
-0.357640
-0.086379
4.244531
3.969836
27.563866
29.496181
0.000000
1.337239
-1.664256
-3.731069
-6.738125
-6.594180
-7.711286
-18.101036
-2.686721
4.613977
2.033247
0.396171
0.101328
0.110398
-0.180941
0.190778
6.825619
2.914671
10.392200
32.129501
0.000000
2.374040
-0.880665
-2.312773
-3.550727
-7.115137
-1.371374
-20.069281
-2.024887
4.538975
2.222878
0.616474
-0.049384
0.057037
-0.134799
2.521777
8.501262
1.076952
27.801516
31.524767
0.000000
6.438899
2.599571
-0.952865
-0.772271
-0.669637
-1.001167
-27.777067
0.093212
5.296160
2.482404
0.539903
0.024518
-0.099932
0.070545
1.060563
5.943242
1.325402
29.109034
32.702908
0.000000
3.245213
2.048489
-1.911398
-1.896366
-0.973971
-1.485139
-9.191783
1.834459
3.317745
1.392529
-1.457085
-0.634377
-0.462381
-0.555365
1.457825
2.680837
3.935752
32.054958
30.651152
19.582542
0.000000
-1.727194
-2.483536
-1.115386
-1.315428
-1.512249
-1.140442
-6.545568
4.075768
2.199404
-0.191837
0.064549
-0.116560
-0.652217
-0.166456
9.512269
3.082836
27.251114
29.750719
18.768217
0.000000
-1.838510
-3.608084
-6.793433
-7.080883
-1.443109
-0.975425
-3.111217
3.841202
2.743867
0.859599
-0.049671
-0.184403
-0.157327
2.029571
7.459854
1.388438
21.991882
27.616703
17.843874
0.000000
2.976129
1.730307
3.125132
2.777798
1.317384
1.242455
-1.589959
4.977253
2.905576
0.705328
-0.240225
-0.122900
-0.439593
0.012387
13.064479
3.101391
-0.109617
30.309450
19.714148
0.000000
6.580554
5.245656
-0.294004
0.762560
0.649724
0.453671
-0.512162
0.143160
0.627344
-1.488966
-1.332902
-0.937280
-0.023678
1.506150
3.027943
2.998308
11.286163
35.549999
23.332336
0.000000
13.963569
7.124115
0.185276
-0.201029
-0.698832
-1.669993
-1.639017
3.461878
0.114995
-4.473273
-3.474546
-1.801233
-1.304373
2.926195
6.184156
2.023181
4.100848
29.014309
18.856066
0.000000
4.208949
4.225950
-0.533885
-0.240314
-1.368867
0.133274
-2.096293
0.165994
0.116889
-2.355574
-0.236084
-0.098843
-0.180783
2.717134
4.549070
2.105841
28.172676
28.602922
17.818113
0.000000
3.854546
2.797597
-0.486205
0.643944
-0.878708
0.680963
-0.769825
4.602940
1.959806
0.012598
-0.399120
0.057467
-0.021818
0.438139
11.782083
1.366458
22.259775
29.423151
18.090631
0.000000
5.221766
5.918536
-0.458430
2.049439
-0.560624
-0.438884
-1.329127
0.157980
1.626530
-0.014217
0.060415
0.194524
-0.146291
-0.195642
13.114766
2.213675
3.966330
34.749405
22.252691
0.000000
8.615086
9.571446
1.410315
-0.333013
3.793822
1.489411
-1.801165
0.158959
0.116233
-2.416348
-3.948584
-1.323398
-0.109480
0.582808
4.807086
3.598090
28.887850
35.549999
23.656851
0.000000
13.987359
10.776461
3.401538
-0.338857
-1.317814
-1.333512
-8.655325
0.141236
-1.431814
-3.992126
-5.878221
-2.677155
-1.616185
0.788293
3.018115
2.659805
3.718135
35.517487
22.491095
0.000000
5.024704
1.538435
-0.530062
-2.234269
-1.345617
-1.664813
-1.688433
0.153403
0.323389
-2.383332
-1.931023
-0.904754
-0.551422
0.451733
2.273016
4.063007
5.694427
35.549999
25.345278
0.000000
9.430857
6.386779
3.465010
-0.523990
-4.739051
-1.748314
-1.885755
0.146445
1.462170
-1.268728
-1.264238
-0.284585
0.182665
0.267405
2.220160
2.324393
4.001315
33.981823
24.431141
0.000000
7.155495
4.626179
1.834824
-0.322042
-1.511471
-1.703035
-1.509445
0.148470
2.234261
-0.289507
-0.586202
-0.243949
-0.217157
0.087281
1.479465
1.826286
4.156841
29.034281
26.730518
0.000000
8.717385
8.486482
2.510090
-0.392657
0.564515
-2.551862
-0.305575
0.174529
3.342829
0.869911
-0.627461
-0.242347
-0.262151
-0.006107
10.992904
1.849249
4.323999
35.549999
23.182383
0.000000
11.530360
10.436860
1.808409
-0.089975
-0.410947
-1.789435
-5.560913
0.164850
0.119932
-3.041411
-4.528718
-2.386255
-1.124474
0.847615
1.513186
2.758139
4.221903
31.562456
27.156021
0.000000
11.753620
6.261062
3.477399
-0.470664
-0.299793
-1.453323
-7.227840
0.165778
0.118894
-2.505369
-4.244226
-2.050604
-1.158500
0.778790
1.775181
3.719949
4.525915
35.549999
27.163694
0.000000
3.493826
2.606977
1.121032
-0.750585
-6.286999
-1.612230
-7.438192
0.162765
2.297403
-1.291693
-2.121168
-0.455221
-0.099058
-0.001700
3.023703
2.280109
3.563341
32.033298
26.521990
0.000000
2.932647
-1.186850
-3.909698
-1.125646
-1.489307
-1.694394
-2.741684
2.856291
1.442875
-0.342075
-1.126806
-0.280388
-0.092846
-0.107101
1.115290
2.656655
4.452429
28.759663
27.257343
0.000000
1.870578
-0.814907
-3.254172
-2.834691
-4.209000
-4.280007
-1.087731
0.158811
1.464117
0.260885
-0.579611
-0.218419
-0.137058
-0.206564
6.715661
0.774915
2.970682
23.292431
22.336584
0.000000
6.638917
5.615845
0.446667
-0.302475
-0.762327
-1.322244
-7.982856
0.165418
1.546526
-0.168819
-0.252047
-0.213431
-0.395016
-0.555746
7.124478
0.979909
12.928186
33.808048
26.977053
0.000000
8.818837
8.687393
5.973825
-0.477877
-0.244751
3.106491
-6.096686
0.168681
0.116279
-1.911746
-1.527399
-0.292383
-0.123751
0.232408
1.812223
3.167555
4.938862
33.977661
28.345768
0.000000
13.294966
6.351002
5.653896
-0.656720
-0.276018
-3.705203
-7.060867
0.171651
0.668989
-1.571783
-3.085745
-0.967605
-0.571194
0.190915
1.685620
1.890413
3.493845
27.481586
25.451279
0.000000
5.774230
3.299242
1.457438
-0.365484
-1.409114
-1.715780
0.152386
0.183632
2.051191
-1.040623
-2.130531
-0.768142
-0.456167
-0.163582
1.419259
2.880605
5.471940
35.549999
29.365004
0.000000
1.905857
-0.070466
-2.351656
-0.975438
-1.344484
-1.629379
0.066053
3.487239
1.673342
0.181965
-1.500896
-0.469196
-0.259773
-0.129508
1.345425
2.012918
4.171415
28.576035
28.512690
0.000000
2.668969
-1.555369
-2.932724
-5.894284
-6.078163
-1.356649
-0.030011
0.171253
2.172743
0.972752
-0.316780
-0.098097
-0.167868
-0.398856
1.464748
1.028954
2.889744
23.690090
30.909861
0.000000
5.557844
-0.657865
-2.440110
-2.046573
-7.054213
-1.651184
0.716848
0.170995
0.117635
-1.331657
-2.897453
-0.578581
-0.215888
-0.228536
0.801484
3.569850
6.063108
35.549999
27.831717
0.000000
9.836113
6.389573
6.507700
0.041243
-1.363736
-1.686040
0.507564
0.161502
1.370214
-0.383396
-0.613932
-0.098434
-0.097207
-0.011316
0.419635
2.292790
4.349085
26.483702
29.159176
0.000000
3.760099
1.229538
-1.580667
-3.036572
-3.362554
-5.534453
2.565281
0.174461
0.824251
-0.884487
-2.503773
-0.513727
0.019775
-0.142458
2.463038
4.384519
3.936132
35.549999
27.172253
0.000000
3.202180
3.159590
1.085903
-1.092494
-1.452780
-1.738935
0.359284
1.797010
2.208308
0.035435
-1.535320
-0.521505
-0.284646
-0.177068
0.531305
2.553578
4.352575
25.350134
28.673208
0.000000
3.262830
-0.116493
-0.808723
-2.989331
-6.472032
-1.529303
-22.262676
-3.290118
1.145985
1.243441
-0.307293
-0.151051
-0.031550
-0.197393
0.776324
2.595977
2.838237
23.374100
33.009201
0.000000
6.276965
-0.976442
-2.769819
-3.561047
-6.602792
-1.617977
-17.986286
-3.188849
0.173780
0.530869
-1.061319
-0.368513
-0.165295
-0.380745
0.337749
3.298635
5.342971
35.296879
31.912659
0.000000
2.071413
0.624637
-2.404697
-6.197011
-3.452945
-1.563127
-16.157576
-1.355917
3.209564
0.918514
-0.697338
-0.231859
-0.122718
-0.292412
1.284675
2.483936
4.135904
28.516205
29.480000
0.000000
6.673732
2.411457
5.238400
-0.558071
-1.396210
-0.719532
-17.254028
-3.879098
0.132366
-0.669248
-3.125851
-0.745865
-0.301390
-0.385904
-0.217825
5.362038
6.079458
35.549999
29.016363
0.000000
9.526835
7.502683
9.472719
1.590345
-0.436799
-1.145900
-22.678774
-4.549358
0.124128
-1.752961
-3.038194
-1.052042
-0.481337
-0.046934
1.166916
3.434065
4.009109
32.412033
32.099403
0.000000
4.335583
2.945826
0.685439
0.019270
-4.392152
-1.528365
-19.550161
-3.106435
2.982502
0.658148
-1.233288
-0.538230
-0.206753
-0.115504
0.896988
2.894775
3.839122
3.750645
32.309399
0.000000
4.181564
0.855438
-1.184283
-2.642502
-4.688135
-1.596228
-18.362452
-2.882215
4.008423
1.597977
-0.573423
-0.609363
-0.190098
-0.471611
1.859373
5.717468
1.738513
4.281754
31.026077
19.787863
0.000000
1.874903
-0.228144
-3.724610
-6.644522
-1.525340
-1.361471
-2.341814
3.942507
1.873121
0.227905
-0.280463
-0.007865
-0.309724
0.475672
2.827884
3.887859
32.824608
34.307087
21.384932
0.000000
6.095512
4.033669
-0.202868
-1.822226
-1.559778
-1.448260
-3.286660
4.361512
2.090798
0.228416
-0.541451
-0.251074
-0.159771
0.741333
2.226278
2.243272
3.585565
28.802149
21.716986
0.000000
-0.449586
-0.350262
-3.825171
-7.271113
-1.536532
-1.417038
-5.232479
1.897381
2.042869
0.088017
-0.149364
0.108921
-0.206667
-0.140712
7.939591
2.535740
5.319430
34.289272
20.862082
0.000000
7.035645
7.780423
-0.579943
2.086915
-1.034113
-1.398250
-3.528141
0.516191
2.008887
-0.017370
-0.094312
0.085322
-0.020287
0.514658
2.247012
3.010417
17.887928
35.549999
24.954859
0.000000
7.075879
8.554790
2.570670
-0.339091
0.026262
-1.538358
-3.603179
0.154649
0.111668
-2.530726
-0.619219
-0.240675
-0.050271
0.628947
3.921330
3.318911
29.802555
35.549999
22.885450
0.000000
10.854026
9.220763
1.872650
-0.407863
-0.157306
-1.257050
-1.611843
0.150665
0.106930
-3.353239
-2.890766
-1.449700
0.213675
1.293828
1.445633
2.376878
19.882767
31.799173
21.236927
0.000000
6.442442
5.665000
0.156510
-0.408194
-0.068137
-0.051002
-3.106238
0.138545
-0.411251
-3.703645
-5.002677
-1.689478
-1.479719
0.898305
2.162724
5.389369
33.292797
32.441639
24.799803
0.000000
2.180809
0.473751
-0.714767
-6.848170
-1.405579
-1.596701
-1.871717
0.140024
0.404831
-1.066601
-0.655618
-0.467246
-0.202852
0.293377
5.547869
2.642874
4.328953
31.818325
19.299358
0.000000
-1.361050
-0.642347
0.973547
-3.683165
-2.910386
-0.874194
-5.840535
0.175016
4.296081
1.321925
0.240844
0.205465
-0.454246
-0.304944
1.172552
2.923690
35.549999
35.549999
29.635035
0.000000
10.224211
7.518532
8.015885
2.442923
-0.115838
-1.478965
-0.833657
0.149559
-1.037192
-3.451700
-5.367190
-2.564224
-1.608809
0.587855
3.355670
3.090706
4.412975
33.365791
22.406593
0.000000
7.964392
5.637052
1.287051
-0.116737
-1.317414
-1.673064
-4.575860
0.144385
-0.078943
-3.743153
-5.232868
-2.167130
-1.651586
0.646766
2.158101
3.420345
4.376059
35.549999
23.941366
0.000000
1.190249
-0.745340
-2.937956
-1.071966
-1.455862
-1.693024
-0.703161
0.156137
0.110075
-2.583576
-1.059515
-0.534015
-0.378570
0.186053
2.437047
1.892099
3.109143
27.233227
27.990229
0.000000
2.991519
-2.521432
-5.372871
-7.192607
-1.514753
-1.610663
-6.785756
3.267216
1.739777
-1.641251
-2.651127
-0.334061
0.022924
0.136120
1.784709
4.103318
5.854450
35.549999
25.676281
0.000000
2.361262
4.389321
3.195797
-1.347528
-1.485273
-1.695859
-3.504341
0.150445
-0.554763
-3.094546
-2.523596
-0.858777
-0.368171
0.222364
1.804583
2.008920
2.966980
24.065195
25.376982
0.000000
6.904242
2.689686
0.696360
-0.254706
0.438883
-4.667418
-1.979694
0.188184
0.819635
0.071878
-1.174522
-0.615497
-0.470116
0.185227
5.115803
1.673258
3.648329
28.190815
29.152023
0.000000
12.054595
9.899509
2.481528
-0.700575
-1.434573
-1.767357
-1.859440
0.139096
0.110215
-2.995574
-4.321508
-2.079645
-0.926631
0.693473
1.513835
2.312933
3.484899
21.528990
27.889921
0.000000
5.361956
-0.756393
-5.372337
-5.060414
-5.189440
-0.978641
0.134129
0.143826
0.016418
-3.242454
-4.902069
-2.434776
-1.722720
0.410582
1.969088
5.069911
8.510286
35.549999
27.589380
0.000000
2.084796
-0.233596
-2.069722
-0.890846
-1.218571
-1.568671
0.134799
0.136897
-1.380768
-3.022222
-4.139153
-1.033698
-0.364910
0.333236
1.815215
2.743499
19.304512
33.707279
23.611616
0.000000
9.822156
3.199544
-0.638492
-0.937969
-1.502348
-1.776286
-4.912990
0.154475
1.899982
-1.767776
-1.934565
-0.494662
-0.385992
0.128549
1.535221
2.400297
3.944654
28.745115
30.090885
0.000000
0.865122
-1.235105
-5.195122
-1.042222
-1.412326
-1.647999
-11.512129
1.670094
1.564821
-2.130137
-3.216000
-0.494240
-0.192449
-0.168867
1.459969
2.086904
3.852750
26.018223
27.574802
0.000000
3.845757
0.461852
2.612604
-1.205825
-6.988763
-1.616511
-2.899643
0.150695
1.827682
0.268631
-0.245977
-0.062841
-0.143129
-0.130628
3.084097
2.525767
3.446011
31.565187
28.526365
0.000000
10.973057
10.433935
4.723540
-0.372727
-0.228547
-1.627478
0.177500
0.173321
1.101393
-0.903366
-1.113228
-0.297928
-0.138042
-0.120254
1.175764
1.566987
3.639411
23.803755
26.756886
0.000000
3.175138
-1.033005
-2.666433
-5.161472
-1.846097
-1.574263
0.872020
1.870848
2.025434
-1.337658
-0.982000
-0.244148
-0.366213
-0.478642
1.042002
2.601859
4.659538
33.376575
27.642378
0.000000
1.688612
-0.311882
-2.506054
-6.986505
-7.608225
-1.584793
1.465171
3.780268
2.473579
0.387320
-2.622475
-0.315816
0.178948
-0.448542
2.909817
3.571028
4.772688
35.549999
27.504547
0.000000
3.014145
1.127183
-2.660576
-1.171450
-1.521659
-1.652542
0.499927
0.157166
2.147821
-1.817788
-3.238846
-0.857990
-0.524958
-0.243665
1.535345
2.018191
4.231942
27.524948
27.578814
0.000000
8.976673
1.829809
3.086697
-0.373655
-1.240407
-1.419973
0.144029
0.681232
1.717157
-0.713345
-2.344000
-1.214188
-0.909815
-0.123309
6.931138
4.120035
8.615828
32.125072
24.950163
0.000000
6.332215
5.828948
3.222713
-0.118474
-1.586135
-1.673170
0.271001
2.094704
2.130531
-2.035827
-2.949627
-0.592526
-0.366497
-0.335459
0.787197
2.350215
4.936512
30.156944
28.741129
0.000000
5.504807
3.751420
4.989913
-0.771686
-3.853983
-1.592632
1.511014
0.165252
1.355356
-0.639357
-1.323334
-0.473544
-0.277007
-0.434684
0.347146
2.811307
5.106134
31.713619
28.059877
0.000000
2.558091
1.934099
2.310083
-3.968906
-6.242921
-1.659662
-21.078680
-3.141184
3.519051
1.394936
-0.060928
0.010836
0.001390
-0.241405
1.216537
10.890877
4.345931
35.549999
29.545994
0.000000
10.545774
7.262687
5.702960
-0.173554
1.072747
-1.408713
-21.011866
-3.224034
3.177916
0.762138
-1.735022
-0.706096
-0.398020
-0.166789
0.870289
1.877138
3.585782
22.869282
28.520512
0.000000
8.352978
1.685504
2.662370
-0.460027
-2.587991
-2.240581
-23.988729
-1.901249
2.029194
1.408195
-1.294542
-0.971676
-0.817179
-0.471960
5.107807
9.016522
1.934771
27.495697
28.224527
0.000000
12.017653
7.101931
3.365434
-0.265639
0.528903
-1.581600
-19.744209
-3.042822
1.848429
-0.606887
-3.649643
-1.450482
-0.858417
-0.149704
0.836300
1.643355
3.445512
21.850439
30.140282
0.000000
5.794076
0.862593
-0.373302
-0.756425
-2.626897
-2.793323
-15.303773
-3.300187
0.144970
-0.000400
-3.105061
-0.808788
-0.481754
-0.185510
3.222808
9.372844
3.220498
27.822977
26.422855
0.000000
4.349825
10.390040
4.751204
-0.416271
-0.279167
-3.418144
-26.682117
-1.550977
0.134133
-0.233694
-1.544088
-0.627464
-0.262696
0.143579
0.600830
2.406007
3.758331
24.816473
28.940582
0.000000
6.264063
3.261695
0.734282
-0.502655
-3.653242
-1.644012
-16.961380
-3.273920
3.278390
1.056900
-1.070572
-0.740994
-0.517737
-0.233759
1.083695
2.977295
4.836507
34.287209
34.744804
0.000000
6.443079
6.498169
3.224477
0.936226
-1.186328
-1.500041
-11.065374
-0.605174
3.090872
0.816532
-3.016757
-1.077394
-0.482870
-0.070131
0.594479
1.957034
3.648538
4.754621
31.515371
21.996429
0.000000
0.407224
1.319466
-2.350245
-3.732608
-6.095832
-1.034169
-4.779556
0.147606
1.109200
-1.216391
-0.960508
-0.595131
-0.468366
0.353615
14.304983
2.867614
1.692618
30.632360
19.363653
0.000000
6.528601
4.677539
-0.368624
1.658964
0.031367
0.373277
-2.123662
0.150691
1.927710
0.092295
-0.495846
-0.179682
-0.024858
0.274978
11.031775
1.536270
3.185019
31.748312
20.316938
0.000000
8.418413
6.322430
-0.499694
-0.241594
-1.303799
-0.186015
-3.879106
0.147784
-0.069467
-3.443222
-1.752441
-1.101147
-0.200509
0.830652
1.939335
4.317351
35.085396
33.873089
23.552074
0.000000
10.372766
9.446916
3.451535
-0.406952
-0.238852
2.524287
-1.462394
0.150742
-0.466164
-4.074640
-5.456228
-1.844501
-1.149468
1.965677
2.247214
3.136425
24.491652
31.584288
21.169376
0.000000
6.656730
5.694860
0.538354
-0.203084
-1.522026
-1.721062
-3.647919
0.147470
-0.861197
-4.410874
-3.283632
-1.590622
-0.769498
0.845357
6.736120
1.472079
2.636586
22.381815
21.456520
0.000000
2.626257
4.416625
-0.814658
-0.445324
-0.684071
0.908276
-2.070620
0.151208
-0.362691
-3.377238
-2.734568
-1.458694
-0.758317
1.024761
8.041450
2.029846
19.979767
33.779839
21.174208
0.000000
3.275209
4.835032
0.569861
-0.398218
-2.026482
-1.809605
-4.801936
0.144898
-0.509661
-3.750132
-4.601767
-1.370662
0.277949
1.206480
1.322918
2.128892
11.531494
34.199310
21.933325
0.000000
5.081699
0.065669
-1.668029
-2.399530
-5.299656
-1.693221
-0.878104
1.796650
2.443910
-0.501131
-1.361628
-0.754128
-0.450829
0.481184
2.325656
4.053227
5.864606
34.517632
26.247042
0.000000
4.808089
4.215504
2.250113
-1.097791
-1.434060
-1.713573
-1.369317
0.150907
0.370949
-2.621718
-2.140583
-0.265423
0.224153
0.258658
1.548532
2.500051
4.092642
27.024220
24.233095
0.000000
7.225407
1.506198
-1.833365
-1.047546
-1.435181
-1.632118
-0.571967
0.156378
0.426369
-2.219366
-2.144586
-1.396042
-0.996165
-0.319795
6.900271
2.581148
20.461948
35.082058
22.566881
0.000000
8.572918
6.006807
2.217145
-0.151767
-1.566306
-1.736104
-3.075685
1.320066
1.691618
-0.610907
-0.887617
-0.109214
-0.054833
0.054575
1.379367
3.344668
5.385308
35.549999
24.888041
0.000000
0.738711
-0.687199
-2.583607
-1.107092
-1.451948
-1.527119
-4.084652
0.147267
1.007383
-3.206383
-1.568277
-0.763813
-0.162801
0.753473
1.456210
1.761117
3.708051
23.725372
25.180416
0.000000
6.619112
2.689708
-1.070567
-0.977624
-0.510694
-1.362672
-1.100822
0.162345
3.119297
-0.116596
-2.390523
-1.627611
-0.634612
0.663559
10.139916
0.797244
21.244467
33.285484
22.837275
0.000000
8.789421
7.929868
-1.067647
-0.137384
-4.474711
0.255421
-4.152336
0.147911
1.578526
-1.156155
-1.180721
-0.573216
-0.243537
0.565233
1.362251
1.495587
3.594845
25.133457
24.887550
0.000000
7.015106
2.421700
1.077340
-2.411617
-2.033758
-1.451120
-8.057734
0.162968
3.145805
-0.877932
-1.126641
-0.803458
-0.695719
0.453491
9.489994
0.983886
3.986794
33.211494
21.714729
0.000000
5.125332
5.149516
2.757633
-0.331734
-1.227032
1.777375
-6.226728
0.157734
2.511616
0.497116
-0.086668
-0.067704
-0.206415
-0.047179
1.640862
3.031615
25.183899
35.549999
25.383821
0.000000
3.312560
2.090293
-1.058769
-6.179528
-1.401763
-1.645887
-1.195657
3.995805
1.958573
0.194757
-1.228834
-0.325918
-0.322640
-0.381759
2.956806
2.886964
4.839918
35.549999
25.145418
0.000000
3.907650
0.638752
1.128444
-0.871990
-4.799224
-1.416056
-3.874099
0.157251
2.873747
0.890717
-0.456859
-0.157583
-0.165172
-0.078612
2.060764
2.451042
4.611892
35.549999
26.858067
0.000000
6.114013
4.983722
3.843080
-0.395179
0.664174
-1.459379
0.176033
0.179699
2.369766
-0.411421
-0.078712
0.128276
-0.179196
-0.814885
10.611683
2.264060
4.248689
35.124184
24.467766
0.000000
9.715351
5.468377
2.917436
-0.446491
-1.434828
-1.792629
-7.858349
0.160243
0.113431
-2.356110
-3.749634
-1.054178
-0.485436
0.383922
1.255051
2.790163
4.387620
29.855131
28.018564
0.000000
7.248198
4.295637
3.581853
-0.490921
-1.440139
-1.530499
-1.669955
0.146093
0.116322
-2.181744
-2.179983
-0.717547
-0.166100
0.198285
1.258252
2.391343
4.044988
27.145252
26.488726
0.000000
4.893667
2.181655
-0.833879
-3.809789
-5.530773
-1.629423
0.212304
2.631544
2.122122
-1.723698
-2.465910
-0.355244
-0.258409
-0.331425
0.929369
3.654765
5.806950
35.549999
24.851273
0.000000
1.414854
-0.733067
-3.734262
-3.831287
-1.429603
-1.506233
0.725639
3.747166
1.987656
-0.616001
-3.107988
-0.569721
-0.386423
-0.408203
1.536125
2.549115
5.152880
35.549999
26.626715
0.000000
0.672116
-1.933276
-3.830231
-1.111795
-1.454202
-1.611198
-0.427619
2.350401
1.764281
0.007729
-1.073832
-0.272165
-0.204328
-0.388305
0.486578
2.647703
5.090258
33.860477
30.154015
0.000000
2.915795
4.319717
-0.011593
-1.799255
-1.327018
-1.664164
0.221368
0.158726
1.420671
-1.119642
-1.037207
-0.247882
-0.256217
-0.341659
0.743161
1.987546
3.657617
25.767958
31.169968
0.000000
3.143084
-1.141128
-1.922789
-5.507037
-7.707798
-1.585611
1.075046
0.166519
2.636005
0.930786
-0.790222
-0.442351
-0.262300
-0.264986
0.952370
5.216839
5.142814
35.549999
28.699852
0.000000
3.796388
4.403118
3.500684
-0.194339
-1.458956
-1.670361
-0.268186
2.865164
1.784271
0.044180
-0.643250
-0.168479
-0.171132
-0.254511
0.268925
2.086627
4.330432
26.097651
28.563459
0.000000
3.555169
-0.208646
-0.794751
-4.144382
-5.578997
-5.449471
0.119479
0.172054
2.727736
0.865963
-0.422083
-0.218610
-0.093640
-0.344362
0.618683
5.914134
4.089011
35.549999
28.008904
0.000000
4.161991
1.334539
0.302178
-2.251831
-7.812087
-1.536542
-19.377819
-2.652685
3.753429
1.693967
0.130232
0.084782
0.151490
-0.381082
0.639947
3.980015
6.238414
35.549999
29.904303
0.000000
7.229363
8.454790
6.957791
0.240040
1.561436
-0.651338
-18.736820
-3.052811
3.384712
1.270281
-1.440962
-0.616549
-0.286261
-0.166957
0.817038
2.041046
3.643806
24.214344
28.727831
0.000000
5.999527
1.373607
0.398615
-0.658530
-2.962707
-1.542572
-28.274584
-2.058882
0.138261
0.467127
-1.443380
-0.566279
-0.192387
-0.075244
2.769234
4.809912
1.801717
25.401228
32.731014
0.000000
10.379174
10.298424
5.044195
-0.337450
-0.908295
-1.617890
-22.029648
-2.555181
2.366930
0.108346
-3.838579
-1.809775
-1.308946
-0.673669
1.101339
3.371440
4.552665
33.690258
31.644688
0.000000
7.098695
4.492421
0.914854
-0.046087
-1.207310
-1.603880
-17.452124
-3.505549
2.869825
0.427450
-2.017048
-0.654588
-0.479903
-0.123106
0.933967
2.926624
3.694226
4.367267
33.524471
0.000000
8.832188
-0.142437
-2.826836
-5.049131
-1.499186
-1.607129
-15.092149
-3.174503
0.133875
-0.425887
-3.593748
-1.088375
-0.501620
-0.571364
1.117184
4.574313
3.194771
27.019337
30.845507
0.000000
7.995574
6.160892
3.507701
-0.173478
-4.689598
-1.685816
-15.083157
-1.970631
3.494093
1.130533
-0.498808
-0.363923
-0.272408
-0.260427
-0.265805
2.088942
3.955550
17.677174
29.840143
0.000000
4.058697
-0.663891
-3.442827
-5.337226
-4.799149
-7.475560
-4.286077
-2.617836
4.198036
3.728451
1.346869
0.111909
-0.068453
-0.199892
1.783738
10.180626
0.982677
16.297024
28.347458
18.891735
0.000000
-3.158303
-4.164917
-7.661505
-7.003091
-1.428319
-1.234928
-6.531905
4.367880
2.090296
0.383997
0.209279
0.200776
-0.345517
-0.266463
3.117979
3.658443
29.435963
34.068623
20.579096
0.000000
-0.676793
-3.015469
-1.037890
-6.043854
-1.395887
-1.217049
-6.097788
4.748181
2.469553
0.597794
-0.213614
0.011740
-0.362338
-0.207457
14.310835
2.869862
1.374947
31.282642
18.904383
0.000000
-0.458199
2.317571
-2.000079
-3.464743
-4.884489
0.213702
0.114851
4.242187
3.708127
1.971224
1.102549
0.596735
0.018236
1.328559
9.093039
-0.119880
22.374821
34.313084
21.889107
0.000000
7.471679
7.940087
0.540975
3.928487
0.034917
0.808746
-2.221864
4.409548
2.102970
-2.399870
-0.413664
-0.166775
-0.434944
1.624976
11.174300
2.349007
32.411713
29.736036
19.405548
0.000000
5.823619
3.930082
-0.469796
1.744958
0.637810
0.115564
-1.303191
0.143639
1.266659
-1.875368
-1.023515
-0.544503
0.057311
0.144584
5.748872
2.656537
3.904984
33.102879
23.100538
0.000000
3.859933
7.853751
-0.244870
-0.183068
-2.818060
-1.592868
-3.150119
0.153907
0.116741
-2.838494
-1.383608
-0.465413
-0.186482
0.423599
5.795442
4.047969
26.384865
34.584591
25.217659
0.000000
10.650153
9.588752
2.303874
-0.420945
-1.485398
-1.615664
-5.954901
0.142876
-0.207686
-3.229615
-4.802144
-1.744744
-0.607504
1.044411
2.917791
3.185664
4.547334
33.482605
21.485609
0.000000
6.338987
3.515055
0.718892
-0.641172
-4.373352
-1.639969
-2.727019
0.146873
0.767302
-2.620701
-1.747782
-0.472476
-0.173774
0.271754
2.131397
4.767167
13.025557
34.135204
24.176075
0.000000
8.567909
7.473492
4.483418
-0.501720
-1.021511
-1.669542
-4.203974
0.140804
1.294413
-2.388005
-2.124889
-0.510694
0.111800
0.447839
2.079252
2.955201
4.276754
35.549999
23.019346
0.000000
0.692154
-1.044917
-2.456837
-6.029428
-1.482650
-1.557867
-5.766368
0.246347
1.191580
-2.513724
-1.563516
-0.902691
-0.220972
0.564841
1.734368
1.785420
3.843145
24.656155
23.454042
0.000000
4.076992
0.052973
0.472389
-0.950805
-1.100610
-0.599894
-1.695118
0.155370
2.039738
-2.055861
-1.109748
-0.683482
-0.181134
0.921384
11.295063
0.941003
19.842199
32.277645
20.416256
0.000000
5.736856
6.717416
-0.174360
0.197918
-1.925126
0.671287
-1.342676
0.948957
2.567495
0.301243
-0.324112
-0.065424
0.431294
-0.075390
1.848035
2.365530
4.203522
31.727728
25.351038
0.000000
5.294524
6.969405
2.091291
-0.660314
-1.567652
-0.962717
-11.772952
0.129052
0.280777
-1.083857
-0.438313
-0.353598
-0.064284
-0.386197
4.851583
2.203700
4.307369
34.276279
22.359173
0.000000
3.035686
1.822313
-2.117976
-3.057496
-4.644581
-2.831824
-0.595830
2.760908
1.881091
0.101099
-0.387056
0.037551
0.019547
-0.252488
2.064621
3.028199
5.168257
33.936455
23.419025
0.000000
2.825017
2.711950
-0.466219
-4.077282
-1.531446
-1.482052
-8.154478
4.072634
3.706839
1.438945
0.202255
-0.028257
-0.349213
-0.251747
2.373375
2.300980
3.626220
28.356888
26.973732
0.000000
-0.043427
-2.870098
-4.011184
-6.071241
-1.399385
-1.267495
0.117962
4.011097
2.142612
0.476285
-0.555285
-0.217829
-0.395416
-1.058880
1.453102
3.282770
4.170877
26.871258
28.493988
0.000000
-0.049868
-3.248673
-5.319603
-6.544847
-6.859680
-0.661768
-3.217491
3.484066
2.367468
0.163778
-0.075546
-0.107151
-0.309704
-1.009312
1.330434
2.788230
4.690339
33.664486
28.008642
0.000000
0.339499
-2.350269
-3.383518
-7.352652
-8.017105
-1.249534
-1.887501
0.837996
1.998367
0.115818
0.125779
0.110165
-0.133159
-0.651598
0.596784
3.335907
5.354991
35.549999
24.935001
0.000000
1.976273
1.506338
-3.399618
-4.118860
-6.139263
-2.644749
-0.001187
0.136566
2.030007
0.486727
-0.030195
0.019191
0.020975
-0.338245
1.345186
4.627870
6.270594
35.549999
24.566057
0.000000
3.269520
4.759011
5.531769
-0.608603
-1.284899
-1.634060
-1.030702
1.320219
1.154652
-0.318642
-1.484598
-0.296063
-0.141441
-0.166829
1.241999
3.202839
5.491958
30.696955
26.107943
0.000000
2.735604
1.951360
1.717456
-3.985601
-1.483300
-1.614360
0.115177
0.138011
1.535664
-1.405344
-1.975611
-0.823057
-0.314674
0.567630
1.484505
1.465167
3.795708
25.309248
27.374306
0.000000
7.753412
1.661521
2.374784
-0.390119
-0.906856
-1.468353
0.172033
0.182551
0.134121
-1.273982
-4.640642
-1.639238
-0.930417
-0.207356
9.382442
1.655476
4.769463
35.134094
24.735500
0.000000
4.219251
4.915202
2.526370
-0.923415
-1.549569
-1.753755
0.481607
0.154903
1.806795
-0.938295
-3.250672
-0.619430
-0.198142
-0.055543
0.733973
2.580801
4.701644
30.144880
27.599918
0.000000
3.510005
1.335239
1.724862
-1.575896
-5.794441
-1.535924
0.142283
0.169410
1.670280
0.968279
-0.271542
-0.088600
-0.059758
-0.204687
0.581770
2.960598
3.627420
28.504671
28.839725
0.000000
4.079589
-0.919758
-3.275027
-3.153006
-5.942194
-1.600130
0.204004
0.178576
3.433300
1.684830
0.075674
0.030367
-0.040626
-0.287183
2.781796
5.591141
2.949831
35.549999
27.741980
0.000000
3.486568
4.285178
2.614498
-0.119386
-1.494729
-1.680088
-0.217771
2.874706
2.017759
0.031660
-0.306742
-0.016418
-0.227806
-0.462900
0.815960
1.519656
4.204837
25.310055
28.402369
0.000000
5.456952
-1.071544
-4.455840
-2.055202
-7.192908
-1.373059
0.387570
0.155531
0.120068
-1.131262
-3.492628
-1.056481
-0.537916
-0.422511
1.212336
2.659422
25.176727
35.549999
25.732290
0.000000
9.705112
8.083413
6.384823
0.330566
-0.094768
2.138485
0.170137
0.167270
0.025923
-2.295208
-3.461971
-3.819687
-0.993018
0.076947
1.408655
3.622814
5.082582
21.556955
30.125019
0.000000
11.071554
7.560651
6.481936
2.441665
-7.465033
-1.516932
-21.188976
-3.458356
0.131044
-2.314333
-3.986668
-5.234258
-1.533270
-0.586699
2.605528
2.868361
3.966231
29.284037
29.799393
0.000000
10.247634
2.951187
0.931704
-0.113690
-1.126080
-1.630170
-19.812338
-3.211903
0.130315
-1.630490
-4.101087
-3.025501
-1.236328
-0.076153
0.894759
2.166327
4.218703
28.359554
34.498016
0.000000
7.896666
2.048238
-0.179603
-1.299634
-7.097101
-1.572145
-17.104313
-4.189625
0.127929
-1.447896
-3.267894
-1.077486
-0.518094
-0.049323
0.698291
2.429524
4.127826
24.435637
30.183889
0.000000
4.212812
1.199574
-1.630298
-3.381602
-6.408385
-1.632363
-16.779032
-3.506166
1.687698
0.710709
-0.419842
-0.199476
-0.148086
-0.279600
0.392712
2.794108
5.196269
35.549999
30.089252
0.000000
8.061563
7.863227
5.680553
-0.438410
-1.303450
-1.607274
-11.596694
1.340341
3.111692
1.034486
-0.273729
-0.198405
-0.260924
-0.369671
0.730684
2.097951
3.204281
4.327572
34.510391
0.000000
3.354357
-2.862099
-4.881848
-8.104813
-8.261978
-1.432971
-14.213259
-1.904362
3.306089
1.327594
0.062628
0.025534
0.211234
-0.228892
0.029042
2.940831
5.506299
35.549999
31.939960
0.000000
4.190034
8.435895
7.844710
4.917989
-0.385173
-1.044797
-15.525416
-6.464590
0.121403
-0.131821
-0.714272
-0.012099
-0.022001
-0.008657
-0.043997
2.238351
4.008548
25.976810
31.416695
22.214851
0.000000
5.587320
3.977854
-0.133153
-5.463976
-7.589290
-0.822979
-5.498379
0.143033
-0.367124
-2.855446
-4.276680
-0.849773
0.048698
0.742281
5.179155
5.612010
35.549999
30.236719
21.230272
0.000000
9.771361
7.982620
1.923447
-0.408232
-1.296732
-1.375290
-5.379336
0.140418
-0.511672
-3.099112
-0.999260
-0.474000
-0.095809
1.191639
2.481138
2.240582
3.467163
29.210466
22.545450
0.000000
0.560038
1.896363
-0.812505
-4.182393
-1.449726
-1.598728
-5.116286
0.143160
-0.255244
-3.381510
-2.087957
-0.709627
0.002429
0.627787
1.853881
3.554154
14.321264
35.549999
23.157837
0.000000
8.225235
6.573678
2.777272
-1.005281
-1.403803
-1.621254
-6.525940
0.138558
-0.490184
-3.043307
-1.436419
-0.631813
0.219674
0.466173
2.266721
2.970550
3.725388
31.030445
22.176594
0.000000
1.614024
-0.402315
-0.325947
-3.078053
-7.576887
-1.153340
-4.535451
0.142474
0.626692
-2.101673
-1.295586
-0.486463
0.037261
0.554011
5.458776
3.084618
4.850352
33.653214
21.452579
0.000000
7.625709
6.947195
0.063145
-0.305806
-1.414050
-1.659168
-3.887071
0.140329
-0.631168
-3.331579
-1.585590
-0.791960
0.069879
0.564733
1.860120
2.574678
4.028943
31.112982
24.028681
0.000000
7.348564
6.161946
2.127889
-0.302564
-1.434015
-1.713218
-3.434935
0.144881
-0.713936
-4.156336
-4.691107
-1.891303
-0.676482
1.316393
1.691976
2.643416
3.692765
27.367773
24.738556
0.000000
1.902728
-0.174193
1.549890
-2.985242
-1.262866
-1.549495
-2.617738
0.156488
0.110622
-3.626386
-4.835844
-1.774571
-0.986014
1.306237
5.424461
1.815716
3.743521
35.266071
25.200788
0.000000
11.365453
8.626638
1.622252
-0.472932
-3.479477
-2.932927
-1.508024
0.156853
0.112618
-3.585452
-4.635241
-1.807177
-0.484360
1.752566
1.852560
1.897506
3.302004
34.329353
24.041246
0.000000
3.502814
-0.422418
-1.113753
-3.335736
-1.367513
-1.541110
-2.668729
0.149258
0.115364
-3.116472
-4.404842
-1.303974
-0.770288
0.598682
2.296394
4.296918
5.346934
35.549999
24.516951
0.000000
1.889640
1.087456
2.382318
-5.211734
-1.308907
-1.660036
-1.300253
0.146012
1.341814
-1.178993
-0.636047
-0.036157
0.387486
-0.067404
1.645018
2.793267
16.964607
34.347031
23.228643
0.000000
2.654231
-1.723227
-4.629095
-1.285836
-1.599744
-1.671712
-10.540669
3.182742
1.258715
-0.820017
-1.000120
-0.328662
0.028448
-0.051868
1.723965
2.605716
4.250547
29.310854
27.158430
0.000000
1.170192
1.784510
-4.098947
-4.698874
-8.034520
-1.409256
-6.794898
0.141096
0.698519
-1.206772
-0.558729
-0.120295
0.177989
-0.246223
4.374075
2.266092
4.366317
35.050213
21.488708
0.000000
2.289909
0.491829
0.056021
-1.823121
-5.038197
-1.531349
-1.620311
0.150521
2.089970
0.330536
0.075612
0.036485
0.120839
0.209462
1.633069
3.420210
5.582333
35.549999
26.066198
0.000000
6.755243
6.114138
2.879892
-0.562817
-2.013662
-1.617858
-6.999973
0.832508
3.299661
0.608025
-0.176973
0.047994
0.083320
-0.050085
1.796721
4.148415
6.352818
35.549999
26.083923
0.000000
9.493291
6.029572
4.578572
-0.356907
-1.436405
-1.665165
0.119915
0.686970
1.295149
-0.717405
-1.200132
-0.425464
-0.281847
-0.204155
3.582825
2.468701
3.700960
33.984856
27.492159
0.000000
5.356047
-0.062546
-2.649567
-1.017641
-1.457380
-1.665098
-9.805690
1.706411
3.002195
0.498762
