0.267027
0.266591
0.267707
0.270286
0.274217
0.279350
0.285580
0.292845
0.301091
0.310258
0.320275
0.331049
0.342458
0.354294
0.366372
0.378427
0.389050
0.398578
0.407271
0.415084
0.421809
0.427731
0.432927
0.437131
0.440392
0.442305
0.442786
0.442061
0.440692
0.438710
0.436235
0.432603
0.427723
0.421468
0.413726
0.404905
0.395319
0.385045
0.375631
0.368027
0.361778
0.356739
0.352892
0.350289
0.348393
0.346245
0.344576
0.343062
0.341237
0.338876
0.336479
0.333348
0.330670
0.328589
0.327299
0.326021
0.324994
0.323461
0.320507
0.316198
0.310530
0.304333
0.299081
0.294662
0.290204
0.285738
0.281239
0.279025
0.278434
0.278011
0.277602
0.277530
0.278077
0.279440
0.280599
0.280504
0.280059
0.279650
0.278646
0.276184
0.273019
0.269810
0.266559
0.262603
0.257975
0.253831
0.250553
0.250420
0.251623
0.251614
0.250875
0.249793
0.248437
0.246839
0.244768
0.242742
0.241349
0.240709
0.240226
0.239751
0.239145
0.238031
0.237291
0.237460
0.238350
0.240063
0.242321
0.246877
0.252660
0.257867
0.262564
0.266742
0.270309
0.273256
0.275023
0.275695
0.276761
0.278023
0.278835
0.279304
0.279489
0.279224
0.279006
0.278834
0.278451
0.278785
0.279652
0.282570
0.286719
0.290092
0.292803
0.294895
0.296296
0.297025
0.296677
0.295265
0.294295
0.293386
0.291901
0.290266
0.288902
0.287585
0.286694
0.286180
0.285813
0.286317
0.287374
0.290243
0.294258
0.297471
0.300041
0.302000
0.303193
0.303572
0.302870
0.301199
0.299759
0.298077
0.295508
0.292770
0.290505
0.288507
0.287022
0.286274
0.285770
0.285955
0.286847
0.289815
0.293989
0.297323
0.300002
0.302051
0.303356
0.303896
0.303387
0.301861
0.300682
0.299311
0.297270
0.295013
0.293005
0.291062
0.289539
0.288512
0.287742
0.287843
0.288575
0.291331
0.295284
0.298383
0.300827
0.302647
0.303750
0.304140
0.303503
0.301852
0.300606
0.299209
0.297162
0.294926
0.292987
0.291196
0.289856
0.289031
0.288549
0.288995
0.290000
0.292663
0.296418
0.299338
0.301612
0.303267
0.304268
0.304651
0.304046
0.302432
0.301243
0.299998
0.297931
0.295653
0.293641
0.291727
0.290200
0.289271
0.288769
0.289409
0.290539
0.293592
0.298228
0.302123
0.305393
0.308025
0.309877
0.310885
0.310876
0.309851
0.308868
0.307630
0.305818
0.303744
0.301789
0.299922
0.298381
0.297119
0.295995
0.296131
0.296762
0.299335
0.303442
0.306757
0.309444
0.311568
0.312946
0.313483
0.313037
0.311510
0.310157
0.308700
0.306798
0.304771
0.303020
0.301448
0.300168
0.299111
0.298105
0.298285
0.298981
0.301540
0.305531
0.308704
0.311237
0.313188
0.314427
0.314886
0.314358
0.312731
0.311316
0.309845
0.307923
0.305895
0.304106
0.302445
0.301064
0.299880
0.298753
0.298823
0.299431
0.301977
0.305965
0.309134
0.311661
0.313591
0.314778
0.315181
0.314594
0.312949
0.311503
0.309959
0.307945
0.305870
0.304155
0.302610
0.301355
0.300252
0.299188
0.299307
0.299932
0.302369
0.306199
0.309214
0.311598
0.313403
0.314489
0.314789
0.314079
0.312287
0.310716
0.309111
0.307073
0.305034
0.303406
0.301892
0.300622
0.299478
0.298376
0.298468
0.299077
0.301564
0.305485
0.308588
0.311054
0.312930
0.314075
0.314442
0.313798
0.312081
0.310564
0.308992
0.306974
0.304957
0.303375
0.301915
0.300706
0.299572
0.298459
0.298557
0.299143
0.301535
0.305351
0.308359
0.310734
0.312554
0.313642
0.313923
0.313170
0.311355
0.309720
0.308033
0.305889
0.303752
0.302124
0.300703
0.299587
0.298623
0.297726
0.298015
0.298747
0.301126
0.304860
0.307813
0.310143
0.311910
0.312997
0.313343
0.312666
0.310865
0.309276
0.307715
0.305788
0.303891
0.302397
0.300981
0.299808
0.298717
0.297643
0.297774
0.298349
0.300661
0.304428
0.307411
0.309779
0.311554
0.312594
0.312868
0.312123
0.310296
0.308653
0.306982
0.304864
0.302769
0.301172
0.299812
0.298806
0.297923
0.297069
0.297391
0.298111
0.300458
0.304185
0.307153
0.309520
0.311317
0.312403
0.312720
0.312004
0.310178
0.308549
0.306942
0.304895
0.302927
0.301496
0.300183
0.299117
0.298135
0.297147
0.297342
0.297945
0.300182
0.303851
0.306779
0.309099
0.310823
0.311813
0.312044
0.311247
0.309373
0.307695
0.306015
0.303827
0.301697
0.300139
0.298783
0.297739
0.296760
0.295893
0.296305
0.297102
0.299475
0.303229
0.306229
0.308626
0.310469
0.311579
0.311889
0.311146
0.309331
0.307679
0.306013
0.303832
0.301734
0.300261
0.298983
0.297986
0.297146
0.296393
0.296854
0.297661
0.300047
0.303914
0.307080
0.309655
0.311629
0.312863
0.313323
0.312742
0.311094
0.309592
0.308031
0.305938
0.303926
0.302509
0.301231
0.300182
0.299168
0.298179
0.298438
0.299040
0.301246
0.304964
0.308010
0.310464
0.312322
0.313448
0.313812
0.313132
0.311408
0.309819
0.308158
0.305925
0.303763
0.302220
0.300879
0.299830
0.298914
0.298127
0.298592
0.299348
0.301626
0.305363
0.308469
0.310998
0.312925
0.314113
0.314522
0.313876
0.312184
0.310629
0.308997
0.306752
0.304563
0.302965
0.301514
0.300303
0.299230
0.298275
0.298596
0.299218
0.301408
0.305185
0.308338
0.310913
0.312887
0.314133
0.314619
0.314049
0.312461
0.310963
0.309304
0.306994
0.304693
0.302947
0.301381
0.300121
0.299018
0.298104
0.298525
0.299206
0.301367
0.305098
0.308231
0.310786
0.312779
0.314045
0.314517
0.313911
0.312271
0.310722
0.309026
0.306733
0.304525
0.302962
0.301574
0.300433
0.299444
0.298577
0.298981
0.299632
0.301781
0.305582
0.308849
0.311555
0.313662
0.315046
0.315677
0.315236
0.313772
0.312337
0.310585
0.308103
0.305622
0.303682
0.301893
0.300410
0.299204
0.298294
0.298751
0.299424
0.301496
0.305227
0.308411
0.311029
0.313045
0.314343
0.314887
0.314369
0.312786
0.311298
0.309582
0.307269
0.305053
0.303412
0.301891
0.300613
0.299519
0.298544
0.298811
0.299325
0.301382
0.305185
0.308508
0.311300
0.313499
0.314971
0.315696
0.315343
0.313969
0.312577
0.310872
0.308275
0.305667
0.303627
0.301730
0.300146
0.298953
0.298150
0.298743
0.299515
0.301574
0.305235
0.308341
0.310893
0.312836
0.314051
0.314498
0.313893
0.312184
0.310533
0.308698
0.306384
0.304166
0.302499
0.300910
0.299550
0.298394
0.297165
0.297033
0.297215
0.299036
0.302790
0.306190
0.309051
0.311354
0.312929
0.313759
0.313508
0.312195
0.310962
0.309595
0.307281
0.304972
0.303241
0.301637
0.300291
0.299244
0.298461
0.299025
0.299719
0.301605
0.305108
0.308109
0.310568
0.312415
0.313541
0.313901
0.313201
0.311402
0.309590
0.307557
0.304869
0.302238
0.300203
0.298301
0.296679
0.295478
0.294254
0.293987
0.294120
0.296105
0.300072
0.303612
0.306602
0.309002
0.310690
0.311675
0.311607
0.310425
0.309364
0.308275
0.306266
0.304327
0.302898
0.301463
0.300160
0.299049
0.298096
0.298408
0.298878
0.300618
0.304102
0.307203
0.309789
0.311773
0.313055
0.313593
0.313057
0.311434
0.309873
0.308044
0.305534
0.303151
0.301398
0.299763
0.298340
0.297219
0.296073
0.295969
0.296148
0.297913
0.301651
0.305151
0.308119
0.310496
0.312163
0.313087
0.312916
0.311666
0.310535
0.309278
0.307056
0.304915
0.303337
0.301769
0.300328
0.299025
0.297925
0.298162
0.298556
0.300262
0.303804
0.306944
0.309558
0.311624
0.313008
0.313632
0.313172
0.311620
0.310143
0.308491
0.306301
0.304258
0.302847
0.301545
0.300399
0.299469
0.298472
0.298455
0.298670
0.300401
0.304094
0.307584
0.310551
0.312923
0.314575
0.315459
0.315233
0.313959
0.312799
0.311338
0.308834
0.306419
0.304603
0.302716
0.300869
0.299317
0.298041
0.298023
0.298150
0.299706
0.303280
0.306520
0.309248
0.311395
0.312876
0.313637
0.313328
0.311945
0.310635
0.309131
0.307027
0.305075
0.303712
0.302430
0.301298
0.300350
0.299385
0.299426
0.299641
0.301262
0.304829
0.308263
0.311207
0.313560
0.315206
0.316062
0.315791
0.314456
0.313285
0.311958
0.309585
0.307346
0.305709
0.303954
0.302163
0.300627
0.299330
0.299236
0.299253
0.300700
0.304179
0.307334
0.309985
0.312056
0.313452
0.314104
0.313675
0.312183
0.310770
0.309148
0.306796
0.304616
0.303084
0.301631
0.300319
0.299245
0.298272
0.298384
0.298626
0.300219
0.303752
0.307069
0.309908
0.312216
0.313852
0.314712
0.314461
0.313129
0.311900
0.310484
0.308288
0.306263
0.304859
0.303464
0.302115
0.300963
0.299767
0.299549
0.299452
0.300727
0.303999
0.307142
0.309811
0.311901
0.313309
0.313952
0.313474
0.311942
0.310569
0.309052
0.306467
0.303974
0.302113
0.300322
0.298698
0.297476
0.296666
0.297120
0.297436
0.298841
0.302045
0.304900
0.307334
0.309250
0.310633
0.311372
0.311102
0.309700
0.308402
0.307005
0.305007
0.303165
0.301858
0.300526
0.299224
0.298246
0.297137
0.296633
0.296336
0.297631
0.300871
0.303984
0.306635
0.308705
0.310078
0.310679
0.310176
0.308633
0.307269
0.305835
0.303299
0.300871
0.299166
0.297540
0.296043
0.294918
0.294311
0.295043
0.295470
0.296880
0.299979
0.302781
0.305225
0.307182
0.308649
0.309499
0.309334
0.308051
0.306865
0.305593
0.303590
0.301738
0.300420
0.298980
0.297462
0.296256
0.295185
0.294776
0.294525
0.295841
0.299076
0.302169
0.304824
0.306962
0.308451
0.309172
0.308793
0.307326
0.306012
0.304629
0.302227
0.299905
0.298326
0.296849
0.295458
0.294467
0.293771
0.294085
0.294190
0.295389
0.298371
0.301162
0.303589
0.305540
0.306991
0.307798
0.307582
0.306260
0.305075
0.303821
0.301690
0.299680
0.298281
0.296823
0.295305
0.294124
0.293153
0.292938
0.292777
0.293989
0.297064
0.299990
0.302513
0.304545
0.306054
0.306898
0.306713
0.305426
0.304335
0.303221
0.301113
0.299049
0.297525
0.295987
0.294461
0.293353
0.292563
0.292553
0.292394
0.293494
0.296385
0.299009
0.301259
0.303067
0.304413
0.305135
0.304857
0.303505
0.302352
0.301171
0.299016
0.296948
0.295535
0.294091
0.292563
0.291358
0.290540
0.290522
0.290462
0.291774
0.294866
0.297609
0.299947
0.301854
0.303305
0.304130
0.303955
0.302713
0.301577
0.300311
0.298147
0.295977
0.294313
0.292622
0.290874
0.289488
0.288830
0.289402
0.289984
0.291860
0.295510
0.298722
0.301448
0.303727
0.305499
0.306599
0.306734
0.305769
0.304864
0.303917
0.301824
0.299627
0.297953
0.296245
0.294445
0.293017
0.292433
0.293124
0.293652
0.295302
0.298551
0.301305
0.303519
0.305208
0.306350
0.306819
0.306349
0.304786
0.303336
0.301839
0.299120
0.296310
0.294154
0.292142
0.290137
0.288622
0.288165
0.289063
0.289648
0.291308
0.294590
0.297387
0.299627
0.301331
0.302502
0.303028
0.302617
0.301096
0.299721
0.298344
0.295701
0.292939
0.290787
0.288834
0.286936
0.285527
0.284959
0.285618
0.285962
0.287593
0.291143
0.294259
0.296837
0.298884
0.300372
0.301201
0.301095
0.299889
0.298839
0.297795
0.295499
0.293065
0.291265
0.289677
0.288106
0.286957
0.286396
0.286984
0.287309
0.288942
0.292480
0.295557
0.298107
0.300147
0.301629
0.302459
0.302364
0.301171
0.300129
0.299097
0.296832
0.294428
0.292646
0.291086
0.289594
0.288502
0.287963
0.288554
0.288916
0.290564
0.294005
0.296925
0.299342
0.301288
0.302643
0.303313
0.303038
0.301676
0.300469
0.299317
0.297011
0.294555
0.292733
0.291236
0.289984
0.289124
0.288794
0.289584
0.290176
0.292030
0.295488
0.298303
0.300691
0.302591
0.303921
0.304627
0.304434
0.303142
0.302003
0.300893
0.298645
0.296218
0.294384
0.292838
0.291513
0.290607
0.290472
0.291529
0.292367
0.294239
0.297575
0.300290
0.302580
0.304356
0.305540
0.306091
0.305759
0.304358
0.303197
0.302230
0.300092
0.297781
0.296060
0.294656
0.293527
0.292806
0.292681
0.293670
0.294406
0.296002
0.298872
0.301103
0.302994
0.304346
0.305122
0.305496
0.305289
0.304248
0.303533
0.303014
0.301328
0.299456
0.298231
0.297289
0.296601
0.296330
0.296658
0.298128
0.299307
0.300960
0.303635
0.305692
0.307465
0.308742
0.309488
0.309875
0.309704
0.308656
0.307903
0.307187
0.305281
0.303168
0.301674
0.300416
0.299318
0.298619
0.298649
0.299866
0.300866
0.302455
0.305145
0.307140
0.308797
0.309956
0.310543
0.310662
0.310187
0.308872
0.307937
0.307070
0.304956
0.302652
0.300968
0.299627
0.298576
0.297936
0.298021
0.299262
0.300193
0.301566
0.303847
0.305515
0.306836
0.307576
0.307839
0.307864
0.307475
0.306398
0.305744
0.305181
0.303395
0.301415
0.300105
0.299019
0.298074
0.297504
0.297670
0.299118
0.300193
0.301737
0.304417
0.306489
0.308219
0.309394
0.310092
0.310530
0.310467
0.309509
0.308864
0.308236
0.306352
0.304287
0.302855
0.301653
0.300646
0.300022
0.300097
0.301350
0.302234
0.303339
0.305002
0.306157
0.307017
0.307296
0.307126
0.306845
0.306327
0.305241
0.304562
0.304033
0.302332
0.300500
0.299315
0.298356
0.297603
0.297250
0.297419
0.298782
0.299763
0.301219
0.303776
0.305677
0.307250
0.308268
0.308860
0.309270
0.309286
0.308475
0.307997
0.307508
0.305737
0.303783
0.302464
0.301325
0.300243
0.299511
0.299541
0.300782
0.301677
0.302790
0.304665
0.305979
0.306915
0.307271
0.307113
0.306744
0.306123
0.304938
0.304139
0.303373
0.301416
0.299304
0.297894
0.296741
0.295831
0.295334
0.295544
0.297020
0.298056
0.299332
0.301507
0.303147
0.304410
0.305052
0.305332
0.305633
0.305763
0.305120
0.304828
0.304538
0.302981
0.301238
0.300139
0.299142
0.298095
0.297353
0.297298
0.298414
0.299169
0.300174
0.302050
0.303343
0.304213
0.304440
0.304299
0.304182
0.303941
0.303000
0.302383
0.301786
0.299972
0.297967
0.296699
0.295598
0.294568
0.293933
0.294101
0.295464
0.296392
0.297432
0.299254
0.300557
0.301442
0.301663
0.301526
0.301472
0.301383
0.300621
0.300166
0.299694
0.298033
0.296170
0.295042
0.294033
0.292996
0.292313
0.292522
0.293964
0.294972
0.296115
0.298157
0.299652
0.300667
0.301012
0.300993
0.301024
0.300984
0.300212
0.299699
0.299165
0.297448
0.295518
0.294350
0.293285
0.292114
0.291309
0.291444
0.292796
0.293720
0.294803
0.296800
0.298284
0.299260
0.299584
0.299534
0.299529
0.299494
0.298738
0.298189
0.297567
0.295793
0.293811
0.292657
0.291657
0.290609
0.289960
0.290404
0.292125
0.293376
0.294535
0.296306
0.297600
0.298416
0.298557
0.298364
0.298280
0.298215
0.297416
0.296805
0.296166
0.294394
0.292420
0.291299
0.290308
0.289202
0.288500
0.288961
0.290731
0.292027
0.293275
0.295293
0.296839
0.297896
0.298290
0.298330
0.298445
0.298534
0.297848
0.297326
0.296776
0.295074
0.293172
0.292102
0.291125
0.290019
0.289358
0.289922
0.291791
0.293167
0.294439
0.296268
0.297653
0.298604
0.298909
0.298826
0.298780
0.298849
0.298083
0.297336
0.296574
0.294637
0.292415
0.290868
0.289511
0.288046
0.287049
0.287516
0.289554
0.291363
0.292975
0.295517
0.297837
0.299551
0.300595
0.301107
0.301055
0.300424
0.298783
0.297096
0.295385
0.292556
0.289473
0.287141
0.285294
0.283513
0.282234
0.282225
0.283677
0.284904
0.286176
0.288582
0.290820
0.292463
0.293520
0.294161
0.294550
0.294703
0.293895
0.292998
0.292019
0.289882
0.287498
0.285881
0.284736
0.283657
0.283106
0.284010
0.286514
0.288784
0.290771
0.293433
0.295888
0.297769
0.299044
0.299859
0.300131
0.299710
0.298296
0.296752
0.295100
0.292294
0.289246
0.286947
0.285150
0.283390
0.282136
0.282204
0.283811
0.285183
0.286437
0.288723
0.290866
0.292480
0.293539
0.294336
0.294985
0.295325
0.294687
0.293839
0.292786
0.290593
0.288127
0.286388
0.285219
0.284199
0.283779
0.284801
0.287421
0.289807
0.291857
0.294444
0.296827
0.298693
0.300037
0.300976
0.301373
0.301005
0.299706
0.298239
0.296538
0.293714
0.290622
0.288270
0.286495
0.284810
0.283664
0.283897
0.285733
0.287357
0.288726
0.290982
0.293105
0.294732
0.295851
0.296751
0.297420
0.297586
0.296791
0.295753
0.294410
0.291960
0.289230
0.287217
0.285850
0.284682
0.284146
0.285004
0.287468
0.289740
0.291661
0.294261
0.296734
0.298710
0.300242
0.301408
0.301941
0.301645
0.300407
0.298978
0.297165
0.294269
0.291103
0.288693
0.286998
0.285526
0.284638
0.285019
0.286989
0.288766
0.290211
0.292570
0.294830
0.296608
0.297929
0.299024
0.299807
0.299951
0.299142
0.298065
0.296545
0.293935
0.291055
0.288897
0.287432
0.286229
0.285690
0.286528
0.289009
0.291304
0.293198
0.295781
0.298301
0.300372
0.301996
0.303266
0.303924
0.303802
0.302706
0.301384
0.299511
0.296549
0.293329
0.290784
0.288799
0.286978
0.285796
0.286054
0.287968
0.289677
0.291018
0.293285
0.295518
0.297343
0.298733
0.299958
0.300839
0.301048
0.300286
0.299303
0.297971
0.295508
0.292840
0.291081
0.289942
0.288936
0.288510
0.289432
0.291868
0.293883
0.295481
0.297373
0.299015
0.300426
0.301393
0.302092
0.302531
0.302341
0.301334
0.300221
0.298772
0.296265
0.293586
0.291867
0.290603
0.289419
0.288825
0.289725
0.292268
0.294357
0.295997
0.298004
0.299740
0.301193
0.302173
0.302786
0.303001
0.302589
0.301398
0.300096
0.298454
0.295742
0.292877
0.291029
0.289733
0.288607
0.288071
0.289040
0.291581
0.293671
0.295344
0.297437
0.299233
0.300708
0.301654
0.302247
0.302522
0.302271
0.301225
0.300040
0.298509
0.295898
0.293146
0.291308
0.289886
0.288596
0.287951
0.288818
0.291247
0.293238
0.294827
0.296979
0.298852
0.300421
0.301486
0.302236
0.302694
0.302566
0.301646
0.300516
0.298825
0.296081
0.293151
0.291093
0.289562
0.288326
0.287815
0.288778
0.291249
0.293276
0.294900
0.297076
0.299032
0.300747
0.301987
0.302922
0.303559
0.303545
0.302794
0.301823
0.300279
0.297680
0.294931
0.292999
0.291467
0.290064
0.289316
0.290092
0.292463
0.294393
0.295923
0.298045
0.299979
0.301690
0.302927
0.303831
0.304348
0.304141
0.303150
0.301981
0.300372
0.297703
0.294899
0.292942
0.291429
0.290158
0.289613
0.290501
0.293024
0.295087
0.296680
0.298704
0.300551
0.302199
0.303421
0.304321
0.304840
0.304614
0.303679
0.302603
0.301036
0.298441
0.295721
0.293872
0.292538
0.291530
0.291221
0.292289
0.294932
0.297111
0.298829
0.300995
0.302967
0.304703
0.305919
0.306703
0.307029
0.306641
0.305607
0.304441
0.302829
0.300170
0.297395
0.295366
0.293652
0.292194
0.291490
0.292280
0.294701
0.296643
0.298125
0.300267
0.302235
0.303970
0.305166
0.305949
0.306433
0.306414
0.305735
0.304736
0.303133
0.300447
0.297623
0.295524
0.293744
0.292246
0.291515
0.292353
0.294798
0.296748
0.298242
0.300372
0.302342
0.304099
0.305315
0.306116
0.306588
0.306558
0.305917
0.305019
0.303508
0.300974
0.298356
0.296458
0.294836
0.293461
0.292845
0.293681
0.296112
0.298067
0.299559
0.301742
0.303802
0.305667
0.307012
0.307940
0.308429
0.308287
0.307477
0.306372
0.304690
0.301949
0.299112
0.296994
0.295164
0.293600
0.292829
0.293559
0.295927
0.297811
0.299214
0.301309
0.303304
0.305126
0.306478
0.307425
0.307889
0.307657
0.306803
0.305683
0.303986
0.301239
0.298406
0.296395
0.294906
0.293882
0.293629
0.294544
0.296923
0.298820
0.300216
0.302103
0.303872
0.305469
0.306589
0.307408
0.307913
0.307815
0.307093
0.306172
0.304661
0.302124
0.299533
0.297608
0.296027
0.294896
0.294602
0.295536
0.297961
0.299906
0.301349
0.303456
0.305436
0.307215
0.308488
0.309384
0.309955
0.310092
0.309496
0.308391
0.306708
0.303898
0.300911
0.298500
0.296658
0.295512
0.295303
0.296120
0.298236
0.299905
0.301216
0.303473
0.305712
0.307786
0.309386
0.310672
0.311541
0.312001
0.311600
0.310491
0.308665
0.305709
0.302633
0.300192
0.298326
0.297171
0.296939
0.297579
0.299535
0.301073
0.302320
0.304551
0.306777
0.308871
0.310584
0.312081
0.313025
0.313347
0.312775
0.311479
0.309498
0.306364
0.303113
0.300529
0.298522
0.297287
0.297071
0.297638
0.299466
0.300871
0.302210
0.304664
0.307099
0.309438
0.311561
0.313492
0.314661
0.315154
0.314760
0.313467
0.311416
0.308278
0.305105
0.302720
0.300822
0.299643
0.299390
0.299700
0.301214
0.302268
0.303430
0.305849
0.308304
0.310716
0.312995
0.315125
0.316490
0.317078
0.316743
0.315401
0.313350
0.310168
0.306943
0.304508
0.302402
0.300894
0.300294
0.300370
0.301823
0.302813
0.303776
0.305603
0.307290
0.309145
0.311052
0.312967
0.314237
0.314684
0.314221
0.313229
0.311549
0.308837
0.306094
0.304043
0.302271
0.301036
0.300568
0.300360
0.300955
0.300983
0.301357
0.302871
0.304627
0.306433
0.308005
0.309388
0.310440
0.310784
0.310366
0.309755
0.308459
0.306194
0.303932
0.302293
0.300768
0.299679
0.299350
0.299747
0.301168
0.302042
0.303023
0.304887
0.306668
0.308488
0.309987
0.311222
0.312012
0.312325
0.311898
0.311265
0.309940
0.307625
0.305317
0.303583
0.301976
0.300771
0.300269
0.300614
0.302081
0.303002
0.303939
0.305609
0.307043
0.308462
0.309550
0.310346
0.310762
0.310850
0.310354
0.309634
0.308137
0.305756
0.303404
0.301829
0.300844
0.300400
0.300370
0.300739
0.301992
0.302698
0.303430
0.304623
0.305512
0.306376
0.306928
0.307438
0.308127
0.308690
0.308717
0.308509
0.307548
0.305616
0.303695
0.302470
0.301788
0.301728
0.302166
0.303007
0.304719
0.305890
0.306817
0.308154
0.309216
0.310192
0.310657
0.310877
0.311216
0.311537
0.311453
0.311059
0.309875
0.307721
0.305570
0.304090
0.303144
0.302859
0.303137
0.303840
0.305401
0.306404
0.307168
0.308370
0.309318
0.310190
0.310625
0.310951
0.311388
0.311778
0.311741
0.311302
0.310098
0.307920
0.305745
0.304292
0.303459
0.303329
0.303737
0.304591
0.306389
0.307686
0.308850
0.310682
0.312306
0.313852
0.314880
0.315412
0.315402
0.315276
0.314840
0.314067
0.312564
0.310200
0.307904
0.306054
0.304686
0.304047
0.304053
0.304609
0.306236
0.307340
0.308441
0.310459
0.312292
0.314094
0.315537
0.316472
0.316616
0.316516
0.316024
0.315072
0.313359
0.310841
0.308490
0.306707
0.305241
0.304440
0.304339
0.304497
0.305519
0.305980
0.306807
0.308868
0.310769
0.312672
0.314399
0.315882
0.316678
0.317022
0.316670
0.315689
0.314010
0.311500
0.309158
0.307305
0.305524
0.304301
0.303843
0.303624
0.304267
0.304326
0.304844
0.306741
0.308645
0.310607
0.312452
0.314097
0.315060
0.315456
0.315170
0.314197
0.312371
0.309705
0.307311
0.305571
0.304212
0.303524
0.303464
0.303906
0.305328
0.306182
0.307277
0.309263
0.311075
0.312971
0.314692
0.316068
0.316897
0.317449
0.317483
0.317021
0.315690
0.313412
0.311206
0.309508
0.308045
0.307117
0.306716
0.306585
0.307400
0.307638
0.308279
0.309967
0.311475
0.313022
0.314365
0.315372
0.315727
0.315850
0.315424
0.314551
0.312742
0.310142
0.307791
0.306028
0.304653
0.303869
0.303617
0.303950
0.305351
0.306181
0.307257
0.309255
0.311007
0.312817
0.314492
0.315714
0.316260
0.316497
0.316347
0.315742
0.314263
0.311892
0.309639
0.307987
0.306810
0.306144
0.305847
0.305847
0.306842
0.307290
0.308167
0.310051
0.311656
0.313238
0.314535
0.315378
0.315528
0.315541
0.315197
0.314459
0.312792
0.310332
0.308115
0.306541
0.305422
0.304870
0.304753
0.305079
0.306391
0.307135
0.308084
0.309952
0.311562
0.313221
0.314727
0.315792
0.316363
0.316692
0.316597
0.315995
0.314546
0.312211
0.310019
0.308316
0.307013
0.306265
0.305979
0.305992
0.306942
0.307333
0.308129
0.309946
0.311538
0.313133
0.314443
0.315290
0.315536
0.315629
0.315369
0.314678
0.313102
0.310723
0.308591
0.307165
0.306257
0.305930
0.305973
0.306420
0.307859
0.308733
0.309786
0.311674
0.313296
0.314962
0.316440
0.317411
0.317850
0.318049
0.317905
0.317249
0.315792
0.313420
0.311146
0.309319
0.307843
0.306944
0.306543
0.306218
0.306613
0.306724
0.307665
0.310094
0.312378
0.314608
0.316490
0.317803
0.318223
0.318250
0.317804
0.316837
0.315049
0.312663
0.310754
0.309820
0.309364
0.309322
0.309433
0.309840
0.311058
0.311877
0.313006
0.314312
0.315382
0.316604
0.317623
0.318255
0.318387
0.318344
0.317962
0.317509
0.316270
0.314323
0.312697
0.311627
0.310810
0.310390
0.310200
0.310249
0.310988
0.311227
0.311802
0.312515
0.312935
0.313464
0.313821
0.313846
0.313428
0.312876
0.312194
0.311684
0.310341
0.308430
0.307046
0.306375
0.305993
0.306008
0.306260
0.306904
0.308132
0.308817
0.309523
0.310315
0.310865
0.311541
0.311937
0.311932
0.311457
0.310765
0.310011
0.309505
0.308083
0.306154
0.304681
0.304189
0.304232
0.304625
0.305175
0.305934
0.307129
0.307797
0.308387
0.308978
0.309327
0.309722
0.309779
0.309569
0.308987
0.308206
0.307520
0.307236
0.306111
0.304435
0.303290
0.302951
0.303070
0.303608
0.304322
0.305332
0.306794
0.307807
0.308953
0.310153
0.311179
0.312216
0.312787
0.312672
0.311795
0.310669
0.309679
0.309004
0.307410
0.305268
0.303740
0.303194
0.303110
0.303404
0.303858
0.304669
0.306029
0.306953
0.307981
0.309130
0.310060
0.311043
0.311650
0.311600
0.310873
0.309900
0.309072
0.308598
0.307267
0.305358
0.303997
0.303347
0.303049
0.303272
0.303830
0.304630
0.305741
0.306374
0.307191
0.308191
0.308989
0.309937
0.310593
0.310571
0.310153
0.309524
0.308883
0.308456
0.307177
0.305340
0.304041
0.303346
0.302842
0.302840
0.303180
0.303859
0.304878
0.305435
0.306163
0.307051
0.307811
0.308746
0.309367
0.309435
0.309111
0.308614
0.308050
0.307603
0.306293
0.304483
0.303218
0.302714
0.302625
0.303008
0.303633
0.304657
0.306172
0.307263
0.308485
0.309891
0.311176
0.312562
0.313563
0.313744
0.313142
0.312227
0.311531
0.311168
0.309912
0.308031
0.306592
0.305767
0.305300
0.305347
0.305689
0.306219
0.307017
0.307390
0.308050
0.308838
0.309397
0.310080
0.310536
0.310369
0.309753
0.308915
0.308185
0.307704
0.306435
0.304599
0.303311
0.302847
0.302789
0.303127
0.303626
0.304342
0.305340
0.306024
0.306975
0.308034
0.308900
0.309894
0.310610
0.310583
0.309899
0.308916
0.308160
0.307727
0.306525
0.304724
0.303453
0.303081
0.303185
0.303689
0.304366
0.304966
0.305741
0.306158
0.306886
0.307713
0.308310
0.309036
0.309533
0.309437
0.308858
0.308061
0.307413
0.307040
0.305850
0.304034
0.302736
0.302445
0.302626
0.303090
0.303629
0.304381
0.305424
0.306130
0.307061
0.308105
0.308931
0.309837
0.310466
0.310511
0.309879
0.308971
0.308278
0.307954
0.306782
0.305021
0.303733
0.303574
0.303967
0.304608
0.305306
0.306011
0.307014
0.307715
0.308712
0.309810
0.310656
0.311563
0.312206
0.312232
0.311601
0.310721
0.310092
0.309850
0.308737
0.307025
0.305884
0.305757
0.306113
0.306746
0.307471
0.308410
0.309617
0.310492
0.311577
0.312774
0.313759
0.314793
0.315512
0.315500
0.314708
0.313606
0.312784
0.312348
0.311096
0.309240
0.307845
0.307576
0.307879
0.308447
0.309059
0.309511
0.310155
0.310557
0.311236
0.311989
0.312473
0.313014
0.313295
0.313044
0.312274
0.311314
0.310544
0.310048
0.308838
0.307093
0.305877
0.305673
0.305972
0.306531
0.307169
0.308047
0.309226
0.310064
0.311114
0.312298
0.313283
0.314288
0.314998
0.315068
0.314439
0.313544
0.312902
0.312630
0.311515
0.309802
0.308540
0.308178
0.308301
0.308722
0.309207
0.309648
0.310313
0.310683
0.311287
0.311977
0.312437
0.312930
0.313142
0.312889
0.312208
0.311380
0.310665
0.310354
0.309317
0.307772
0.306818
0.306734
0.307057
0.307605
0.308191
0.308990
0.309839
0.310579
0.311385
0.311979
0.312513
0.313075
0.313368
0.313095
0.312094
0.310771
0.309733
0.309323
0.308165
0.306876
0.306171
0.306536
0.307379
0.308390
0.309369
0.309986
0.310441
0.310824
0.311379
0.311686
0.311970
0.312282
0.312319
0.311881
0.310738
0.309326
0.308195
0.307597
0.306383
0.305119
0.304530
0.305089
0.306092
0.307198
0.308194
0.308887
0.309444
0.309913
0.310467
0.310910
0.311366
0.311835
0.312031
0.311802
0.310843
0.309626
0.308705
0.308290
0.307125
0.305841
0.305213
0.305684
0.306626
0.307709
0.308667
0.309332
0.309867
0.310309
0.310839
0.311226
0.311589
0.311955
0.312055
0.311771
0.310871
0.309744
0.308877
0.308494
0.307379
0.306179
0.305633
0.306083
0.306940
0.307941
0.308882
0.309536
0.309990
0.310338
0.310676
0.310992
0.311382
0.311802
0.311910
0.311671
0.310902
0.309938
0.309170
0.308761
0.307617
0.306433
0.305855
0.306261
0.307069
0.307975
0.308610
0.308896
0.309031
0.309059
0.309170
0.309282
0.309442
0.309566
0.309474
0.309134
0.308238
0.307152
0.306255
0.305749
0.304672
0.303558
0.303218
0.303851
0.304896
0.306039
0.306970
0.307541
0.307910
0.308196
0.308589
0.308906
0.309246
0.309587
0.309694
0.309434
0.308446
0.307204
0.306223
0.305652
0.304555
0.303371
0.302973
0.303662
0.304791
0.305997
0.306897
0.307105
0.306829
0.306456
0.306324
0.306486
0.306900
0.307250
0.307403
0.307352
0.306598
0.305596
0.304829
0.304408
0.303349
0.302168
0.301780
0.302451
0.303541
0.304675
0.305606
0.306034
0.306105
0.306049
0.306136
0.306403
0.306855
0.307281
0.307547
0.307572
0.306965
0.306161
0.305574
0.305312
0.304397
0.303382
0.303099
0.303819
0.304953
0.306140
0.307017
0.307200
0.306875
0.306430
0.306016
0.306049
0.306462
0.306834
0.306956
0.306926
0.306380
0.305621
0.305021
0.304659
0.303603
0.302423
0.302051
0.302649
0.303599
0.304501
0.305166
0.305200
0.304760
0.304148
0.303760
0.303674
0.303785
0.303813
0.303754
0.303617
0.302945
0.302105
0.301413
0.301027
0.300132
0.299186
0.299072
0.299980
0.301288
0.302608
0.303583
0.303868
0.303673
0.303406
0.303398
0.303675
0.304173
0.304580
0.304820
0.304877
0.304279
0.303467
0.302866
0.302564
0.301730
0.300678
0.300345
0.301105
0.302421
0.303862
0.304932
0.304963
0.304127
0.303436
0.303215
0.303059
0.302838
0.302513
0.302110
0.301682
0.301217
0.300453
0.299902
0.299858
0.299103
0.298062
0.297905
0.298977
0.300595
0.302305
0.303729
0.304067
0.303511
0.303261
0.303447
0.303618
0.303677
0.303690
0.303659
0.303761
0.303983
0.303840
0.303772
0.303988
0.303459
0.302685
0.302644
0.303844
0.305693
0.307658
0.309236
0.309750
0.309228
0.308977
0.309276
0.309607
0.309906
0.310099
0.310128
0.310046
0.309904
0.309391
0.308950
0.308649
0.307675
0.306391
0.305790
0.306343
0.307400
0.308493
0.309163
0.308755
0.307407
0.306249
0.305576
0.304891
0.304240
0.303624
0.303162
0.303016
0.303014
0.302795
0.302840
0.303267
0.302763
0.301947
0.302051
0.303214
0.304831
0.306415
0.307652
0.307915
0.307283
0.306896
0.306964
0.307085
0.306996
0.306639
0.306247
0.306068
0.306017
0.305700
0.305631
0.305969
0.305423
0.304567
0.304504
0.305532
0.306980
0.308381
0.309434
0.309374
0.308336
0.307637
0.307474
0.307330
0.306978
0.306434
0.306115
0.306318
0.306805
0.307017
0.307280
0.307745
0.307311
0.306514
0.306418
0.307402
0.308896
0.310372
0.311453
0.311563
0.310858
0.310674
0.310945
0.311173
0.311177
0.310983
0.310663
0.310436
0.310211
0.309727
0.309389
0.309322
0.308566
0.307641
0.307526
0.308416
0.309814
0.311296
0.312154
0.311894
0.310753
0.310006
0.309685
0.309383
0.308878
0.308243
0.307697
0.307501
0.307403
0.306992
0.306678
0.306518
0.305722
0.304780
0.304883
0.306078
0.307709
0.309357
0.310405
0.310293
0.309333
0.308663
0.308394
0.308134
0.307857
0.307640
0.307691
0.308043
0.308368
0.308413
0.308548
0.308735
0.307914
0.306709
0.306493
0.307303
0.308485
0.309563
0.310344
0.310209
0.309225
0.308379
0.307886
0.307532
0.307167
0.306701
0.306357
0.306246
0.306083
0.305687
0.305639
0.306024
0.305538
0.304750
0.304919
0.305926
0.307200
0.308310
0.309021
0.308603
0.307291
0.306319
0.305648
0.305129
0.304399
0.303356
0.302512
0.302345
0.302531
0.302567
0.302840
0.303465
0.303155
0.302584
0.302993
0.304324
0.305971
0.307468
0.308523
0.308363
0.307242
0.306689
0.306503
0.306452
0.306202
0.305543
0.304992
0.305079
0.305704
0.306140
0.306674
0.307309
0.306978
0.306367
0.306401
0.307344
0.308601
0.309714
0.310457
0.310162
0.308799
0.307652
0.306840
0.306199
0.305580
0.304920
0.304450
0.304471
0.304729
0.304814
0.305072
0.305542
0.305355
0.305015
0.305260
0.306395
0.307875
0.309200
0.309922
0.309382
0.307952
0.306784
0.306055
0.305456
0.304829
0.304094
0.303627
0.303823
0.304370
0.304626
0.304994
0.305501
0.305355
0.304995
0.305345
0.306683
0.308374
0.309984
0.310987
0.310725
0.309543
0.308532
0.307978
0.307520
0.307090
0.306660
0.306507
0.306801
0.307144
0.307226
0.307391
0.307656
0.307488
0.307199
0.307487
0.308743
0.310321
0.311856
0.312792
0.312512
0.311344
0.310456
0.309922
0.309538
0.309282
0.308993
0.308845
0.309025
0.309156
0.309137
0.309207
0.309251
0.308944
0.308548
0.308723
0.309775
0.311107
0.312379
0.313028
0.312450
0.310981
0.309632
0.308286
0.307336
0.306572
0.305761
0.305116
0.304925
0.304846
0.304628
0.304535
0.304617
0.304335
0.304005
0.304501
0.305832
0.307335
0.308665
0.309621
0.309720
0.308866
0.308250
0.308042
0.308052
0.308226
0.308160
0.307834
0.307590
0.307331
0.306929
0.306376
0.305543
0.304642
0.303607
0.303100
0.303668
0.304516
0.305345
0.305781
0.305147
0.303624
0.301922
0.300273
0.298916
0.297887
0.296972
0.296381
0.296681
0.297713
0.298569
0.299005
0.299142
0.298969
0.298388
0.298370
0.299367
0.300768
0.302020
0.302511
0.301668
0.299968
0.298383
0.297124
0.296029
0.295036
0.293961
0.293103
0.293034
0.293538
0.294157
0.294619
0.294720
0.294621
0.294365
0.294654
0.295994
0.297647
0.299172
0.299990
0.299563
0.298248
0.296862
0.295852
0.295000
0.294164
0.293415
0.293186
0.293977
0.295269
0.296261
0.296902
0.297178
0.297487
0.297600
0.298057
0.299243
0.300926
0.302526
0.303387
0.303035
0.301787
0.300244
0.298879
0.297882
0.297148
0.296568
0.296381
0.297080
0.298109
0.298853
0.299297
0.299148
0.298893
0.298497
0.298710
0.300112
0.302002
0.303856
0.305094
0.305076
0.304455
0.304127
0.304362
0.304673
0.305012
0.305276
0.305570
0.306123
0.306631
0.307114
0.307218
0.306688
0.305969
0.305232
0.305169
0.306293
0.307631
0.308907
0.309649
0.309172
0.307745
0.306092
0.304619
0.303298
0.302348
0.301585
0.301108
0.301440
0.302380
0.303086
0.303452
0.303307
0.303036
0.302575
0.302609
0.303585
0.304848
0.305942
0.306465
0.305929
0.304690
0.303310
0.302124
0.301298
0.300564
0.299751
0.298850
0.298440
0.298577
0.298540
0.298431
0.297852
0.297447
0.296833
0.296638
0.297608
0.299029
0.300382
0.301234
0.301099
0.300174
0.299024
0.298409
0.297957
0.297514
0.296920
0.296408
0.296670
0.297516
0.298161
0.298596
0.298395
0.298356
0.298094
0.298122
0.299244
0.300861
0.302496
0.303763
0.304006
0.303442
0.302621
0.302009
0.301473
0.301037
0.300650
0.300369
0.300864
0.301795
0.302604
0.303071
0.302926
0.302982
0.302830
0.302856
0.303727
0.304983
0.306212
0.307018
0.306704
0.305503
0.303988
0.302709
0.301642
0.300691
0.299812
0.299216
0.299675
0.300738
0.301394
0.301658
0.301175
0.300784
0.300538
0.300395
0.301316
0.302861
0.304444
0.305535
0.305521
0.304798
0.303950
0.303383
0.302977
0.302684
0.302352
0.302049
0.302610
0.303733
0.304514
0.304833
0.304348
0.303893
0.303593
0.303374
0.303982
0.305149
0.306384
0.307186
0.306857
0.305831
0.304671
0.303733
0.302907
0.302318
0.301831
0.301490
0.302075
0.303213
0.303960
0.304200
0.303674
0.303197
0.302870
0.302730
0.303688
0.305265
0.306894
0.307935
0.307747
0.306890
0.305874
0.305118
0.304572
0.304181
0.303816
0.303577
0.304255
0.305535
0.306459
0.306890
0.306467
0.305902
0.305535
0.305311
0.306022
0.307364
0.308784
0.309789
0.309607
0.308710
0.307623
0.306911
0.306425
0.305921
0.305360
0.304869
0.305184
0.306159
0.306797
0.307006
0.306384
0.305670
0.305071
0.304274
0.304449
0.305368
0.306395
0.307168
0.307024
0.305981
0.304553
0.303705
0.303052
0.302424
0.301637
0.300884
0.300895
0.301625
0.302203
0.302331
0.301759
0.301079
0.300409
0.299684
0.299972
0.300930
0.301968
0.302771
0.302764
0.301936
0.300679
0.299888
0.299323
0.298924
0.298446
0.297997
0.298350
0.299484
0.300449
0.301016
0.300625
0.300104
0.299746
0.299471
0.300134
0.301432
0.302807
0.303546
0.303121
0.301895
0.300301
0.298942
0.297720
0.296864
0.296371
0.296162
0.296828
0.298180
0.299330
0.300067
0.299832
0.299319
0.298787
0.298332
0.298908
0.300223
0.301662
0.302929
0.303293
0.302736
0.301975
0.301649
0.301793
0.301911
0.301750
0.301408
0.301514
0.302218
0.302809
0.303001
0.302332
0.301459
0.300624
0.299851
0.300092
0.301043
0.302095
0.302874
0.302549
0.301273
0.299642
0.298394
0.297315
0.296510
0.296036
0.295840
0.296578
0.298153
0.299577
0.300421
0.300313
0.300063
0.299805
0.299580
0.300274
0.301702
0.303239
0.304330
0.304233
0.303277
0.302074
0.301338
0.301096
0.300933
0.300659
0.300197
0.300229
0.300950
0.301631
0.301904
0.301264
0.300333
0.299412
0.298744
0.299229
0.300383
0.301599
0.302438
0.302094
0.300822
0.299272
0.298102
0.297267
0.296613
0.296265
0.296016
0.296526
0.297867
0.299132
0.299809
0.299560
0.299067
0.298605
0.298216
0.298634
0.299867
0.301211
0.302307
0.302472
0.301600
0.300325
0.299315
0.298921
0.298599
0.298279
0.297908
0.298244
0.299477
0.300828
0.301718
0.301733
0.301458
0.300936
0.300362
0.300606
0.301564
0.302602
0.303284
0.302953
0.301522
0.299537
0.297703
0.296182
0.294843
0.293886
0.293188
0.293452
0.294673
0.295945
0.296717
0.296665
0.296459
0.296361
0.296258
0.296825
0.298145
0.299592
0.300845
0.301227
0.300525
0.299175
0.298083
0.297379
0.296842
0.296276
0.295436
0.295218
0.295934
0.296833
0.297341
0.297021
0.296409
0.295618
0.294766
0.294896
0.295826
0.296934
0.297895
0.298009
0.297018
0.295475
0.294251
0.293495
0.292711
0.292107
0.291758
0.292412
0.293924
0.295297
0.296167
0.296157
0.295974
0.296088
0.296016
0.296611
0.298001
0.299403
0.300583
0.301066
0.300813
0.300101
0.299571
0.299334
0.299447
0.299500
0.299003
0.299008
0.299654
0.300297
0.300373
0.299580
0.298565
0.297691
0.296839
0.296359
0.296667
0.297238
0.297553
0.296798
0.295160
0.293205
0.291546
0.290095
0.288861
0.288247
0.288047
0.288842
0.290481
0.292108
0.293164
0.293351
0.293324
0.293388
0.293465
0.293834
0.294907
0.296209
0.297349
0.297811
0.297445
0.296336
0.295600
0.295000
0.294728
0.294982
0.295115
0.295898
0.297558
0.299309
0.300555
0.300886
0.300900
0.300746
0.300433
0.300511
0.301415
0.302576
0.303592
0.304002
0.303301
0.301777
0.300384
0.299409
0.298844
0.298251
0.297836
0.298200
0.299376
0.300565
0.301304
0.301186
0.301026
0.300801
0.300473
0.300266
0.300738
0.301483
0.302093
0.302124
0.301203
0.299886
0.298668
0.297889
0.297390
0.297049
0.296777
0.297284
0.298568
0.299882
0.300585
0.300349
0.299750
0.299084
0.298327
0.298328
0.299228
0.300378
0.301366
0.301964
0.301898
0.301015
0.300455
0.300445
0.300247
0.300125
0.300300
0.301415
0.303201
0.304885
0.305948
0.305992
0.305906
0.305653
0.305349
0.305450
0.306394
0.307538
0.308542
0.308812
0.308180
0.306948
0.305858
0.305172
0.304639
0.304150
0.303972
0.304874
0.306593
0.307983
0.308737
0.308476
0.307853
0.307171
0.306495
0.306278
0.306984
0.307974
0.308865
0.309385
0.309065
0.308079
0.307351
0.307003
0.306700
0.306287
0.306055
0.306837
0.308400
0.309745
0.310340
0.309838
0.309243
0.308599
0.307945
0.307618
0.308183
0.309006
0.309718
0.309940
0.309396
0.308402
0.307638
0.306823
0.306250
0.306019
0.305900
0.306481
0.307867
0.309179
0.309918
0.309671
0.309275
0.308959
0.308615
0.308590
0.309491
0.310611
0.311676
0.312268
0.311943
0.310999
0.310395
0.309689
0.309047
0.308526
0.308000
0.308025
0.308800
0.309505
0.309651
0.308881
0.307826
0.306638
0.305482
0.304605
0.304729
0.305139
0.305455
0.305148
0.303932
0.302236
0.300572
0.299256
0.298272
0.297463
0.297107
0.297764
0.299170
0.300623
0.301457
0.301372
0.300907
0.300495
0.300040
0.299868
0.300818
0.302030
0.303053
0.303429
0.303015
0.302568
0.302190
0.302100
0.302237
0.302509
0.303006
0.304289
0.306096
0.307671
0.308361
0.308015
0.307271
0.306547
0.305509
0.304574
0.304892
0.305493
0.305948
0.305910
0.305275
0.304127
0.302887
0.301907
0.301120
0.300645
0.301070
0.303017
0.305712
0.308103
0.309461
0.309740
0.309577
0.309489
0.309183
0.309071
0.310116
0.311429
0.312642
0.313165
0.312842
0.312445
0.312024
0.311790
0.311752
0.311836
0.312197
0.313472
0.315336
0.316847
0.317290
0.316612
0.315432
0.314296
0.313064
0.312048
0.312098
0.312391
0.312577
0.312289
0.311357
0.310224
0.309226
0.308432
0.307744
0.307410
0.307854
0.309486
0.311691
0.313546
0.314401
0.314248
0.313724
0.313211
0.312392
0.311766
0.312311
0.313142
0.313874
0.314127
0.313701
0.312918
0.312157
0.311533
0.310989
0.310713
0.311005
0.312305
0.314095
0.315640
0.316281
0.315937
0.315011
0.314052
0.312979
0.312155
0.312522
0.313227
0.313820
0.313900
0.313207
0.311995
0.310968
0.309989
0.309146
0.308532
0.308752
0.310340
0.312563
0.314504
0.315473
0.315524
0.314952
0.314339
0.313594
0.313045
0.313578
0.314369
0.315012
0.315048
0.314456
0.313631
0.312866
0.312312
0.311795
0.311476
0.311617
0.312636
0.314069
0.315403
0.316274
0.316425
0.315747
0.315076
0.314126
0.313045
0.313196
0.313656
0.313996
0.313757
0.312904
0.311768
0.310574
0.309544
0.308659
0.307961
0.307934
0.309044
0.310951
0.312827
0.314327
0.315240
0.315335
0.314939
0.314367
0.313663
0.314072
0.314791
0.315365
0.315278
0.314378
0.313869
0.313095
0.312751
0.312315
0.312019
0.312018
0.312844
0.314016
0.315200
0.315884
0.315879
0.314923
0.313769
0.312433
0.311079
0.310899
0.310978
0.310880
0.310211
0.308976
0.307511
0.305999
0.304642
0.303481
0.302478
0.302150
0.303025
0.305079
0.307138
0.308793
0.309904
0.310081
0.309696
0.309239
0.308571
0.308717
0.309223
0.309600
0.309259
0.308069
0.307102
0.305871
0.305085
0.304507
0.304051
0.304261
0.305156
0.306647
0.308091
0.309102
0.309742
0.309593
0.309036
0.308293
0.307492
0.307835
0.308402
0.308807
0.308644
0.307721
0.306827
0.305755
0.304876
0.304298
0.303938
0.304153
0.305292
0.306910
0.308501
0.309531
0.310294
0.310140
0.309658
0.309123
0.308540
0.309091
0.309876
0.310498
0.310598
0.310079
0.309510
0.308836
0.308405
0.308204
0.308226
0.308819
0.309991
0.311388
0.312750
0.313710
0.314169
0.313681
0.312725
0.311599
0.310403
0.310318
0.310475
0.310485
0.310017
0.309040
0.308058
0.306950
0.306205
0.305728
0.305393
0.305867
0.307323
0.309193
0.311057
0.312466
0.313757
0.314096
0.314035
0.313529
0.312743
0.313087
0.313747
0.314211
0.313958
0.312883
0.312461
0.311655
0.311169
0.310766
0.310247
0.310243
0.311160
0.312414
0.313503
0.313561
0.313199
0.311909
0.310221
0.308456
0.306632
0.305933
0.305526
0.304940
0.303926
0.302753
0.301932
0.300948
0.300492
0.300440
0.300530
0.301491
0.303109
0.305245
0.307312
0.308853
0.309702
0.309380
0.308501
0.307337
0.305939
0.305388
0.305241
0.304959
0.304141
0.302916
0.302274
0.301216
0.300405
0.300036
0.299786
0.300261
0.301371
0.303108
0.304962
0.306420
0.307489
0.307555
0.307046
0.306355
0.305400
0.305037
0.304988
0.304821
0.304232
0.303166
0.302284
0.300979
0.300030
0.299483
0.299080
0.299501
0.300692
0.302537
0.304506
0.306024
0.306920
0.306776
0.306074
0.305183
0.303952
0.303193
0.302752
0.302202
0.301188
0.299791
0.298742
0.297358
0.296390
0.295871
0.295534
0.296096
0.297439
0.299471
0.301685
0.303381
0.304344
0.304466
0.303980
0.303210
0.302139
0.301674
0.301761
0.301742
0.300984
0.299173
0.297933
0.296524
0.295488
0.294587
0.293735
0.293775
0.294933
0.297053
0.299215
0.300484
0.300885
0.300296
0.299229
0.298034
0.296695
0.295916
0.295632
0.295269
0.294819
0.294761
0.295584
0.295956
0.296874
0.298199
0.299765
0.301797
0.304035
0.306486
0.309085
0.311343
0.313047
0.313817
0.314038
0.313934
0.313325
0.313276
0.313650
0.313963
0.313757
0.313087
0.313007
0.312565
0.312261
0.312248
0.312224
0.312664
0.313717
0.315064
0.316556
0.317305
0.317695
0.317281
0.316523
0.315430
0.313847
0.312966
0.312671
0.312285
0.311299
0.309656
0.308858
0.307858
0.307165
0.306743
0.306473
0.306825
0.307576
0.308942
0.310464
0.311703
0.312273
0.311774
0.310689
0.309294
0.307510
0.306052
0.305119
0.304088
0.302842
0.301757
0.301600
0.300952
0.300658
0.300914
0.301358
0.302214
0.303350
0.304967
0.306862
0.308399
0.309353
0.309417
0.308557
0.306920
0.304928
0.303399
0.302435
0.301406
0.300233
0.299448
0.299812
0.299765
0.299980
0.300678
0.301403
0.302428
0.303739
0.305569
0.307704
0.309365
0.310150
0.309805
0.308498
0.306308
0.304144
0.302375
0.301166
0.299865
0.298639
0.297816
0.298346
0.298512
0.298981
0.299918
0.301031
0.302530
0.304315
0.306554
0.309095
0.311428
0.313147
0.314068
0.314060
0.312669
0.310750
0.309217
0.308336
0.307426
0.306126
0.304444
0.303813
0.303684
0.303110
0.303108
0.303739
0.304696
0.305914
0.307628
0.309336
0.310743
0.311670
0.312274
0.311951
0.310693
0.309244
0.307975
0.307483
0.307031
0.306258
0.304835
0.304229
0.304232
0.303746
0.303731
0.304434
0.305320
0.306447
0.308000
0.309440
0.310385
0.310771
0.310863
0.310008
0.308231
0.306474
0.304971
0.304471
0.304084
0.303453
0.302383
0.302230
0.302715
0.302716
0.303153
0.304174
0.305436
0.306978
0.308944
0.311017
0.312864
0.314221
0.315230
0.315172
0.314054
0.312577
0.311276
0.310813
0.310360
0.309534
0.308196
0.307757
0.307919
0.307596
0.307635
0.307705
0.307884
0.308309
0.309299
0.310439
0.311438
0.312085
0.312449
0.311738
0.310019
0.308081
0.306333
0.305425
0.304610
0.303564
0.302044
0.301367
0.301201
0.300528
0.300522
0.301423
0.302450
0.303719
0.305533
0.307424
0.308886
0.309614
0.310026
0.309319
0.307987
0.306688
0.305541
0.305066
0.304489
0.303625
0.302618
0.302877
0.303412
0.303560
0.304206
0.305157
0.306366
0.307802
0.309658
0.311738
0.313790
0.315316
0.316748
0.317261
0.316625
0.315861
0.314931
0.314604
0.314242
0.313435
0.311829
0.310867
0.310612
0.309865
0.309386
0.309674
0.310204
0.310955
0.312027
0.312945
0.313427
0.313447
0.313524
0.312825
0.311424
0.310018
0.308581
0.307896
0.307231
0.306377
0.304964
0.303972
0.303795
0.303031
0.302626
0.302743
0.303157
0.304059
0.305577
0.307350
0.308988
0.309974
0.310972
0.311042
0.310270
0.309282
0.308260
0.307921
0.307551
0.306890
0.305752
0.305686
0.306438
0.306485
0.306865
0.307386
0.308125
0.309221
0.310587
0.312016
0.313368
0.314146
0.314688
0.314358
0.313197
0.311793
0.310113
0.309136
0.308182
0.306857
0.305453
0.305354
0.305628
0.305225
0.305577
0.307248
0.308925
0.310788
0.312911
0.314910
0.316200
0.316682
0.317041
0.316466
0.315022
0.313446
0.311977
0.311372
0.310770
0.309911
0.308330
0.307121
0.306626
0.305536
0.304823
0.304449
0.304393
0.305051
0.306302
0.307927
0.309677
0.310649
0.311395
0.311240
0.310282
0.308879
0.307377
0.306209
0.305274
0.304039
0.302382
0.301664
0.301576
0.300750
0.300382
0.301231
0.302418
0.303866
0.305674
0.307549
0.309267
0.310313
0.311472
0.311897
0.311493
0.310904
0.310101
0.309772
0.309651
0.309329
0.308336
0.307599
0.307582
0.306835
0.306354
0.306524
0.307068
0.308048
0.309548
0.311176
0.312251
0.312599
0.313176
0.312904
0.311776
0.310398
0.308862
0.307944
0.306949
0.305679
0.304146
0.303680
0.303906
0.303476
0.303393
0.303733
0.304513
0.305947
0.307605
0.309693
0.311919
0.313507
0.314560
0.315056
0.314706
0.313311
0.311823
0.310573
0.309809
0.308911
0.307669
0.306833
0.306523
0.305682
0.305152
0.305480
0.306505
0.307902
0.309371
0.311233
0.313327
0.314887
0.316009
0.316834
0.316853
0.315781
0.314687
0.313521
0.312380
0.310267
0.307125
0.304396
0.302115
0.299662
0.298083
0.298135
0.298945
0.299762
0.300664
0.301402
0.302526
0.303136
0.303361
0.303504
0.302721
0.301508
0.300623
0.299723
0.299500
0.299321
0.298870
0.298103
0.298014
0.298169
0.298176
0.299030
0.301115
0.303434
0.305794
0.308467
0.311003
0.312932
0.313670
0.314115
0.314668
0.314570
0.314083
0.313853
0.313577
0.313329
0.312348
0.310688
0.309162
0.308734
0.308472
0.308541
0.308913
0.309864
0.310855
0.311853
0.312489
0.313207
0.313674
0.314020
0.314637
0.314481
0.313624
0.313156
0.311974
0.311250
0.310379
0.309174
0.307795
0.307146
0.306805
0.305904
0.305908
0.307435
0.309209
0.311372
0.313830
0.315753
0.316714
0.316822
0.317386
0.317292
0.316267
0.314632
0.313030
0.312292
0.311512
0.310152
0.308149
0.306689
0.305881
0.304550
0.303511
0.302699
0.302103
0.302523
0.303333
0.304737
0.306452
0.307994
0.309196
0.309940
0.309921
0.309135
0.308320
0.307239
0.306575
0.305903
0.304901
0.303954
0.303856
0.303617
0.303224
0.303780
0.305519
0.307333
0.309246
0.311232
0.312784
0.313336
0.313454
0.313534
0.312732
0.311258
0.310144
0.309147
0.308757
0.308235
0.307308
0.305744
0.305134
0.304540
0.303801
0.303571
0.304010
0.305249
0.307073
0.309217
0.311488
0.313544
0.314871
0.316161
0.316656
0.316293
0.315839
0.314769
0.313881
0.312954
0.311660
0.310212
0.309816
0.309523
0.308800
0.308591
0.309622
0.310845
0.312371
0.314038
0.315434
0.316028
0.315882
0.315850
0.315102
0.313270
0.311060
0.308969
0.307807
0.306674
0.305244
0.303250
0.302172
0.301817
0.300829
0.300329
0.300466
0.301209
0.302830
0.304728
0.306845
0.308986
0.310573
0.311277
0.311593
0.311214
0.309968
0.308578
0.306933
0.305614
0.303663
0.301244
0.299784
0.298985
0.297812
0.297117
0.297191
0.298174
0.299528
0.300951
0.302796
0.305033
0.306937
0.308396
0.309765
0.310212
0.309716
0.309521
0.309008
0.308890
0.308798
0.308259
0.307268
0.307063
0.306939
0.306388
0.306579
0.308018
0.309566
0.311255
0.313122
0.314932
0.315998
0.316244
0.316787
0.316701
0.315500
0.313903
0.312376
0.311606
0.310837
0.309845
0.308404
0.307416
0.307075
0.306113
0.305529
0.305419
0.305726
0.306685
0.307862
0.309613
0.311482
0.312655
0.313038
0.313138
0.312403
0.310845
0.309521
0.307936
0.306908
0.305754
0.303915
0.301798
0.300944
0.300190
0.299270
0.298776
0.299658
0.301218
0.303386
0.305744
0.308248
0.310376
0.311501
0.312410
0.312598
0.311824
0.311047
0.309686
0.308503
0.307301
0.305690
0.303937
0.303264
0.302646
0.301567
0.301196
0.302420
0.303922
0.305689
0.307745
0.309601
0.310704
0.311324
0.312049
0.311998
0.310805
0.309293
0.307910
0.307397
0.306898
0.306124
0.304669
0.303648
0.303270
0.302273
0.301831
0.302251
0.303136
0.304577
0.306252
0.308257
0.310243
0.311296
0.312041
0.312298
0.311858
0.310563
0.309153
0.307921
0.307080
0.306083
0.304842
0.303999
0.303849
0.303032
0.302569
0.302820
0.303765
0.305062
0.306435
0.308429
0.310718
0.312509
0.313311
0.313620
0.313012
0.311695
0.310277
0.308587
0.307280
0.305932
0.303997
0.301992
0.301027
0.300139
0.298959
0.298585
0.299698
0.301278
0.303161
0.305443
0.307918
0.309889
0.310908
0.311932
0.312247
0.311848
0.311228
0.310301
0.309419
0.308422
0.306535
0.303921
0.302243
0.300733
0.299134
0.298739
0.299727
0.300802
0.302231
0.303706
0.305388
0.307046
0.308253
0.309694
0.310531
0.310541
0.310134
0.309427
0.308452
0.307411
0.305409
0.302572
0.299976
0.297900
0.295640
0.294504
0.295032
0.295950
0.297035
0.298337
0.299910
0.301712
0.302816
0.303321
0.303873
0.303609
0.302253
0.301087
0.299928
0.299531
0.299172
0.298589
0.297462
0.296835
0.296791
0.296237
0.296322
0.297842
0.299709
0.301870
0.303996
0.306096
0.308038
0.309177
0.309957
0.310727
0.310593
0.309828
0.309235
0.308179
0.307483
0.306228
0.303963
0.301790
0.300950
0.300026
0.299365
0.299441
0.300703
0.302300
0.304126
0.305964
0.307849
0.309192
0.309657
0.310105
0.309819
0.308428
0.307025
0.305502
0.304327
0.303333
0.302112
0.300406
0.299299
0.298650
0.297347
0.296829
0.297798
0.299057
0.300575
0.302271
0.304123
0.305858
0.306751
0.307670
0.308015
0.307576
0.306374
0.305130
0.303997
0.303294
0.302505
0.301638
0.301484
0.301812
0.301462
0.301451
0.302319
0.304090
0.306054
0.308076
0.310480
0.312983
0.314833
0.315920
0.316810
0.316783
0.315841
0.314985
0.314028
0.313628
0.313167
0.312200
0.310551
0.309669
0.308888
0.307903
0.307426
0.307827
0.308931
0.310462
0.312335
0.314386
0.316207
0.317158
0.318238
0.318859
0.318611
0.317865
0.316913
0.315922
0.314514
0.312195
0.309180
0.306988
0.305072
0.302950
0.302101
0.302643
0.303696
0.305008
0.306362
0.307834
0.309273
0.310176
0.311269
0.312229
0.312209
0.311438
0.310846
0.310023
0.309504
0.308916
0.308003
0.307241
0.307495
0.307716
0.307787
0.308617
0.310577
0.312730
0.314840
0.317118
0.319269
0.320835
0.321070
0.321308
0.321325
0.320955
0.319932
0.319058
0.318840
0.318430
0.317281
0.315433
0.313988
0.313505
0.313032
0.313139
0.313340
0.313862
0.314498
0.314916
0.315840
0.317063
0.317615
0.317898
0.318231
0.317828
0.316928
0.316102
0.314949
0.313938
0.312213
0.309621
0.307352
0.306034
0.304781
0.304013
0.304148
0.305216
0.306029
0.306757
0.307545
0.308361
0.308580
0.308931
0.309189
0.308662
0.308058
0.307746
0.307431
0.307536
0.307562
0.307285
0.306815
0.307390
0.308115
0.308563
0.309228
0.310279
0.311691
0.313261
0.314954
0.316725
0.318412
0.319086
0.319778
0.320071
0.319559
0.317951
0.316043
0.314264
0.312905
0.311237
0.309113
0.307454
0.306388
0.304919
0.303572
0.302974
0.303002
0.303493
0.304380
0.305526
0.306740
0.307349
0.308236
0.308534
0.308007
0.307004
0.305943
0.304920
0.304370
0.303760
0.302895
0.302368
0.302456
0.301864
0.301666
0.302601
0.304105
0.305892
0.307848
0.309609
0.310946
0.311431
0.312104
0.312384
0.311873
0.310814
0.310038
0.309488
0.308762
0.307216
0.304837
0.302794
0.301623
0.300344
0.299746
0.300057
0.301091
0.302583
0.304442
0.306197
0.308018
0.309336
0.309876
0.310649
0.310631
0.309365
0.307752
0.305708
0.304154
0.302587
0.300732
0.298796
0.298053
0.297904
0.297194
0.297146
0.298407
0.300090
0.302344
0.304628
0.307113
0.309599
0.311326
0.312524
0.313625
0.313874
0.313584
0.313418
0.312499
0.311933
0.311134
0.309594
0.307913
0.307159
0.306424
0.305751
0.305750
0.306482
0.307510
0.308927
0.310563
0.311745
0.312024
0.311421
0.311293
0.310615
0.309275
0.307981
0.306616
0.305964
0.305258
0.304260
0.302707
0.301856
0.301849
0.301186
0.300786
0.301193
0.302206
0.304004
0.305999
0.308138
0.310252
0.311686
0.312391
0.313202
0.313322
0.312832
0.312646
0.311879
0.311649
0.311344
0.310446
0.309113
0.308408
0.307645
0.306910
0.307469
0.308938
0.310453
0.312149
0.313693
0.314594
0.314483
0.314399
0.314362
0.313642
0.312391
0.311513
0.310730
0.310499
0.309845
0.308157
0.306042
0.304769
0.303587
0.302526
0.302018
0.302400
0.303084
0.304106
0.305543
0.306973
0.307920
0.308594
0.309387
0.309429
0.309017
0.308800
0.308281
0.308160
0.308087
0.307811
0.307060
0.307142
0.307403
0.307034
0.306902
0.307561
0.308605
0.310018
0.311699
0.313506
0.315237
0.316069
0.316880
0.317289
0.316849
0.315600
0.314208
0.313052
0.312310
0.311269
0.309425
0.307705
0.306709
0.305320
0.304440
0.304036
0.304069
0.304875
0.306099
0.307532
0.309002
0.309751
0.310307
0.310540
0.309955
0.308762
0.307648
0.306501
0.305820
0.305083
0.304056
0.302839
0.302538
0.301898
0.301382
0.301491
0.302576
0.304246
0.306220
0.308430
0.310769
0.312633
0.313661
0.314321
0.314095
0.312735
0.310984
0.309148
0.307932
0.306672
0.304974
0.303125
0.302441
0.301900
0.300895
0.300598
0.301350
0.302373
0.303669
0.305315
0.307083
0.308604
0.309523
0.310618
0.310951
0.310363
0.309460
0.308449
0.307888
0.307414
0.306721
0.305425
0.304543
0.304418
0.303590
0.303118
0.303318
0.303967
0.305260
0.306878
0.308752
0.310598
0.311605
0.312683
0.313300
0.313049
0.311837
0.310453
0.309212
0.308402
0.307439
0.306008
0.305098
0.305109
0.304467
0.304008
0.304386
0.305380
0.306798
0.308441
0.310269
0.312170
0.313282
0.313841
0.313842
0.313142
0.311548
0.309889
0.308510
0.307610
0.306581
0.304988
0.303076
0.301926
0.300326
0.299018
0.298526
0.298808
0.299904
0.301398
0.303312
0.305197
0.306232
0.306423
0.306159
0.305121
0.303346
0.301608
0.299785
0.298349
0.296745
0.294550
0.292535
0.291438
0.290154
0.288959
0.289233
0.290436
0.292005
0.293769
0.295835
0.297829
0.299220
0.300560
0.301608
0.301728
0.301257
0.301162
0.300733
0.300352
0.299141
0.297252
0.295522
0.294989
0.294490
0.294406
0.294883
0.296146
0.297544
0.299216
0.300731
0.302634
0.304352
0.305136
0.305800
0.305662
0.304382
0.303157
0.301438
0.300219
0.298983
0.297397
0.295881
0.295468
0.295201
0.294248
0.294226
0.295713
0.297629
0.300334
0.303314
0.305908
0.307777
0.308721
0.310100
0.310910
0.311120
0.310490
0.309831
0.309690
0.309635
0.308896
0.307538
0.306506
0.306078
0.305513
0.305702
0.306202
0.307015
0.308386
0.309797
0.311351
0.312980
0.314499
0.315228
0.316010
0.316067
0.315558
0.314941
0.313823
0.312858
0.311539
0.309273
0.306740
0.305292
0.303867
0.302549
0.302375
0.303364
0.304290
0.305359
0.306423
0.307630
0.308774
0.309372
0.310058
0.310355
0.309766
0.308854
0.307834
0.306884
0.305743
0.303745
0.300945
0.298887
0.297715
0.296265
0.295504
0.296131
0.297586
0.299112
0.301016
0.302775
0.304743
0.306514
0.307233
0.307826
0.308430
0.308111
0.307524
0.307095
0.306415
0.305662
0.304111
0.301821
0.299657
0.298492
0.297195
0.296335
0.297457
0.299396
0.301165
0.303009
0.304501
0.306141
0.307345
0.307466
0.307800
0.308026
0.307232
0.306173
0.305410
0.304666
0.303642
0.301789
0.299168
0.297274
0.296452
0.295478
0.294999
0.296608
0.299031
0.301378
0.304013
0.306658
0.309554
0.311977
0.313392
0.313661
0.314676
0.315656
0.316082
0.316697
0.317219
0.317572
0.317898
0.318111
0.317919
0.317443
0.317769
0.317880
0.318238
0.320004
0.321878
0.323275
0.324643
0.326309
0.327646
0.328154
0.327407
0.326947
0.325975
0.324367
0.322799
0.321119
0.319712
0.318434
0.316798
0.314769
0.313456
0.312465
0.310859
0.309492
0.308850
0.308678
0.308769
0.309129
0.309953
0.310888
0.311126
0.311369
0.311290
0.310452
0.308935
0.307490
0.305943
0.304954
0.303956
0.302379
0.301135
0.300336
0.299202
0.298219
0.298378
0.299435
0.300665
0.302032
0.303688
0.305333
0.306338
0.307417
0.308092
0.307951
0.307331
0.306854
0.306226
0.306168
0.306138
0.305903
0.305354
0.305307
0.304803
0.304492
0.304769
0.305914
0.307290
0.308704
0.310404
0.312110
0.313042
0.313329
0.313159
0.312165
0.310548
0.309015
0.307888
0.307307
0.306625
0.305536
0.304020
0.303516
0.302835
0.302273
0.302097
0.302562
0.304015
0.306137
0.308638
0.311210
0.313456
0.314940
0.316105
0.316483
0.315938
0.315499
0.314209
0.313197
0.311647
0.309327
0.307269
0.306025
0.305082
0.304014
0.303698
0.304469
0.305575
0.307065
0.308815
0.310603
0.311766
0.312561
0.313371
0.313406
0.312647
0.312229
0.311638
0.311624
0.311572
0.311171
0.310240
0.310100
0.310175
0.309834
0.309819
0.310651
0.311993
0.313716
0.315469
0.317426
0.319263
0.320231
0.321302
0.321792
0.321357
0.320360
0.319162
0.318100
0.317321
0.316134
0.314480
0.313772
0.313404
0.312564
0.311903
0.312097
0.312794
0.313871
0.315046
0.316463
0.317791
0.318219
0.318546
0.318316
0.317255
0.315788
0.314259
0.312960
0.312076
0.310972
0.309558
0.308769
0.308234
0.307012
0.306074
0.306111
0.306653
0.307614
0.308658
0.310072
0.311564
0.312408
0.313242
0.313318
0.312455
0.311126
0.309849
0.308885
0.308332
0.307626
0.306368
0.305774
0.305570
0.304791
0.304283
0.304913
0.306058
0.307531
0.309144
0.310864
0.312436
0.313166
0.313929
0.314252
0.313739
0.312668
0.311587
0.310650
0.310179
0.309581
0.308483
0.307624
0.307271
0.306376
0.305712
0.305880
0.306692
0.307803
0.309013
0.310580
0.312240
0.313054
0.313622
0.313642
0.312809
0.311401
0.310078
0.308921
0.308365
0.307750
0.306677
0.305705
0.305284
0.304378
0.303784
0.303955
0.304773
0.306036
0.307395
0.309012
0.310674
0.311471
0.311985
0.311946
0.311141
0.309704
0.308317
0.307107
0.306453
0.305766
0.304899
0.304164
0.304072
0.303326
0.302902
0.303283
0.304364
0.305829
0.307396
0.309345
0.311436
0.312769
0.313178
0.313121
0.312366
0.310666
0.308962
0.307282
0.306017
0.304589
0.302582
0.300576
0.299492
0.298083
0.296816
0.296533
0.297426
0.298831
0.300544
0.302668
0.304823
0.306249
0.306895
0.307207
0.306650
0.305256
0.304060
0.302679
0.301764
0.300759
0.299207
0.297262
0.296293
0.295342
0.294110
0.293802
0.295026
0.296723
0.298791
0.301171
0.303729
0.305804
0.306978
0.307970
0.308116
0.307073
0.305831
0.304490
0.303723
0.302939
0.301859
0.300377
0.299844
0.299719
0.298938
0.298658
0.299356
0.300472
0.302059
0.303933
0.306091
0.308120
0.309206
0.310018
0.310529
0.310228
0.309193
0.308250
0.307206
0.306123
0.304208
0.301485
0.299066
0.297524
0.295812
0.294904
0.295094
0.296000
0.297262
0.299028
0.300832
0.303198
0.305325
0.306806
0.308002
0.308320
0.307279
0.306298
0.304962
0.304172
0.303329
0.302096
0.300990
0.301020
0.301512
0.301356
0.301677
0.303272
0.305195
0.307432
0.309760
0.311922
0.313810
0.314725
0.315639
0.316154
0.315924
0.314775
0.313423
0.312221
0.311454
0.310461
0.308935
0.307601
0.307069
0.306045
0.305219
0.305163
0.305758
0.306889
0.308303
0.309911
0.311576
0.312428
0.313008
0.313095
0.312440
0.311008
0.309658
0.308497
0.307850
0.307098
0.305793
0.304242
0.303276
0.301751
0.300542
0.300192
0.300474
0.301174
0.302050
0.303236
0.304559
0.305130
0.305532
0.305228
0.304174
0.302622
0.301250
0.299988
0.299238
0.298485
0.297746
0.297051
0.296974
0.296218
0.295645
0.295741
0.296440
0.297723
0.299198
0.301130
0.303324
0.304928
0.305704
0.305896
0.305251
0.304027
0.302874
0.301713
0.301035
0.300187
0.298652
0.296454
0.295418
0.294346
0.293388
0.293173
0.293948
0.295674
0.298082
0.300787
0.303741
0.306339
0.307920
0.309098
0.309471
0.308868
0.308246
0.307366
0.306754
0.306215
0.305052
0.303434
0.302754
0.302044
0.301062
0.300520
0.301326
0.302460
0.303961
0.305865
0.307803
0.309319
0.310397
0.311424
0.311671
0.310878
0.310232
0.309437
0.309262
0.309171
0.308722
0.307481
0.306576
0.306009
0.304906
0.304334
0.305102
0.306079
0.307305
0.308925
0.310330
0.310988
0.311025
0.311350
0.311006
0.309878
0.308468
0.306973
0.306067
0.305186
0.304082
0.302832
0.302700
0.302999
0.302506
0.302400
0.303013
0.304103
0.305562
0.307079
0.309078
0.311154
0.312328
0.313180
0.313480
0.312951
0.311842
0.310663
0.309536
0.308931
0.308284
0.307337
0.306432
0.306142
0.305245
0.304583
0.304654
0.305435
0.306561
0.307767
0.309484
0.311463
0.312848
0.313714
0.314203
0.313956
0.312511
0.310985
0.309456
0.308372
0.307171
0.305272
0.303382
0.302195
0.300705
0.299344
0.299116
0.300104
0.301415
0.302904
0.304738
0.306712
0.308039
0.309291
0.310081
0.310116
0.309174
0.308262
0.307372
0.306977
0.306411
0.304887
0.302992
0.301763
0.300309
0.299131
0.298792
0.299538
0.300528
0.301692
0.303232
0.304978
0.306192
0.307365
0.308046
0.307977
0.307100
0.306404
0.305830
0.305785
0.305622
0.304687
0.303215
0.302393
0.301306
0.300644
0.300964
0.302479
0.304128
0.305897
0.307811
0.309511
0.310381
0.311057
0.311353
0.310918
0.309988
0.309723
0.309445
0.309778
0.310009
0.309565
0.308356
0.307846
0.307237
0.306685
0.306692
0.307979
0.309491
0.311168
0.313059
0.315046
0.316296
0.316677
0.316848
0.316210
0.314535
0.312979
0.311367
0.310291
0.309091
0.307348
0.305338
0.304233
0.302946
0.301511
0.300825
0.301521
0.302701
0.304241
0.306041
0.308164
0.309987
0.310907
0.311558
0.311450
0.310186
0.308870
0.307395
0.306426
0.305466
0.304166
0.302546
0.301916
0.301605
0.300620
0.300267
0.301282
0.302627
0.304259
0.306082
0.308025
0.309735
0.310593
0.311561
0.312053
0.311759
0.310709
0.309612
0.308670
0.308159
0.307387
0.305982
0.304971
0.304857
0.304264
0.303945
0.304257
0.305214
0.306549
0.308039
0.309778
0.311522
0.312617
0.313450
0.314038
0.313946
0.313261
0.312663
0.311892
0.311725
0.311529
0.310961
0.310361
0.310357
0.309975
0.309849
0.310407
0.311974
0.313774
0.315491
0.317276
0.318872
0.319554
0.319585
0.319436
0.318497
0.316822
0.315318
0.314356
0.313807
0.313055
0.311658
0.309857
0.309200
0.308316
0.307593
0.307234
0.307475
0.308615
0.310351
0.312379
0.314570
0.316162
0.316932
0.317519
0.317322
0.316207
0.315085
0.313436
0.312139
0.310589
0.308687
0.306964
0.306283
0.305509
0.304607
0.304644
0.305895
0.307354
0.308956
0.310577
0.312038
0.312822
0.313474
0.314033
0.313677
0.312490
0.311626
0.310960
0.310900
0.310705
0.310058
0.308597
0.307960
0.307460
0.306807
0.306574
0.306898
0.308031
0.309837
0.311942
0.314173
0.316230
0.317470
0.318730
0.319219
0.318938
0.318213
0.316900
0.315715
0.314572
0.313052
0.311564
0.311293
0.311091
0.310378
0.310049
0.310350
0.311109
0.312472
0.314131
0.315893
0.316986
0.317585
0.318182
0.317921
0.316919
0.315792
0.314541
0.313909
0.313176
0.312066
0.310406
0.309799
0.309729
0.309281
0.308991
0.309041
0.309588
0.310863
0.312297
0.314259
0.316356
0.317801
0.318756
0.319303
0.318960
0.317562
0.316070
0.314644
0.313757
0.312743
0.311168
0.309967
0.309292
0.308223
0.307515
0.307823
0.308835
0.309990
0.311172
0.312097
0.312571
0.312092
0.311734
0.311271
0.310180
0.308577
0.307338
0.306073
0.305373
0.304662
0.303577
0.302211
0.301437
0.300465
0.299504
0.299376
0.300202
0.301493
0.303038
0.304918
0.306866
0.308045
0.308514
0.308782
0.308188
0.306784
0.305556
0.304232
0.303413
0.302223
0.300460
0.299283
0.299436
0.299312
0.299370
0.299818
0.301512
0.303757
0.306400
0.308904
0.311953
0.315087
0.317306
0.318750
0.319778
0.319931
0.318812
0.317445
0.316127
0.315210
0.313965
0.312424
0.311332
0.310575
0.309412
0.308498
0.308395
0.309011
0.309954
0.310977
0.312492
0.314262
0.315551
0.316446
0.316803
0.316237
0.314848
0.313598
0.312361
0.311145
0.308969
0.305889
0.303037
0.300510
0.297738
0.296199
0.296480
0.297095
0.297723
0.298326
0.299255
0.300313
0.300645
0.301014
0.301184
0.300291
0.299024
0.298233
0.297297
0.296625
0.295238
0.293106
0.290994
0.289453
0.287740
0.286532
0.287479
0.289606
0.291917
0.294689
0.297444
0.300249
0.302779
0.304677
0.305413
0.305862
0.306459
0.306386
0.306625
0.306980
0.306755
0.306375
0.305514
0.303907
0.301883
0.300466
0.299099
0.298047
0.299158
0.301311
0.303625
0.306098
0.308413
0.310295
0.311343
0.311392
0.311471
0.311948
0.311514
0.310655
0.310188
0.309368
0.308982
0.308493
0.307739
0.307311
0.307885
0.308569
0.308725
0.309015
0.309444
0.309953
0.310912
0.312209
0.313583
0.314989
0.315491
0.316235
0.316560
0.316060
0.314743
0.313131
0.311532
0.310468
0.309274
0.307884
0.306622
0.305829
0.304624
0.303643
0.303702
0.304311
0.305149
0.306249
0.307421
0.308259
0.308088
0.307980
0.307313
0.305802
0.304085
0.302489
0.301184
0.300444
0.299728
0.298648
0.297835
0.297658
0.296919
0.296427
0.296714
0.297550
0.298710
0.300028
0.301695
0.303396
0.304362
0.305376
0.305760
0.305311
0.304498
0.303680
0.302993
0.302887
0.302811
0.302618
0.302272
0.302333
0.301690
0.301348
0.301690
0.302570
0.303771
0.305094
0.306797
0.308677
0.309870
0.310441
0.310521
0.309749
0.308307
0.307034
0.305841
0.305132
0.304366
0.303176
0.301577
0.300821
0.299867
0.299010
0.298824
0.299613
0.301101
0.303027
0.305259
0.307612
0.309720
0.311072
0.312135
0.312405
0.311857
0.311296
0.310152
0.308947
0.307187
0.304402
0.301671
0.299958
0.298264
0.296617
0.296281
0.297321
0.298337
0.299622
0.301185
0.302997
0.304591
0.305741
0.307102
0.307801
0.307633
0.307295
0.306746
0.306466
0.305664
0.304060
0.301938
0.300532
0.299497
0.298151
0.298053
0.299313
0.301078
0.303062
0.305227
0.307467
0.309663
0.311149
0.311582
0.312621
0.313240
0.313137
0.312988
0.312623
0.312126
0.310812
0.308749
0.306662
0.305485
0.304611
0.303197
0.302890
0.304105
0.305792
0.307327
0.309040
0.310748
0.311751
0.312060
0.311377
0.310284
0.310078
0.309376
0.308062
0.307093
0.305842
0.304301
0.302158
0.299336
0.296314
0.295049
0.294445
0.293551
0.293560
0.295295
0.297445
0.299372
0.301654
0.303916
0.305746
0.306684
0.306479
0.305463
0.303705
0.301263
0.297997
0.294305
0.290015
0.285103
0.279738
0.273881
0.267518
0.260465
0.252708
0.244236
0.234718
0.225022
0.215515
0.205943
0.196279
0.200410
0.210476
0.220724
0.230682
0.239860
0.248176
0.255294
0.261644
0.267529
0.273674
0.279715
0.284573
0.288432
0.291378
0.293774
0.295693
0.296968
0.297743
0.297921
0.296611
0.293596
0.289544
0.283605
0.275962
0.266902
0.257633
0.248300
0.239724
0.231843
0.223653
0.214685
0.209147
0.210604
0.210966
0.217087
0.226171
0.234431
0.241539
0.247216
0.251641
0.255960
0.261484
0.266179
0.270135
0.273461
0.275970
0.277515
0.277929
0.277002
0.274679
0.271613
0.267784
0.263134
0.257437
0.250269
0.242284
0.233545
0.223898
0.213257
0.201652
0.199500
0.205081
0.209800
0.214631
0.219898
0.224358
0.227269
0.229098
0.231215
0.232975
0.234532
0.235895
0.236938
0.237458
0.237407
0.236878
0.236121
0.235661
0.235196
0.234734
0.233901
0.232912
0.231929
0.231074
0.230453
0.229933
0.228997
0.227115
0.224171
0.220148
0.215105
0.210699
0.206918
0.203942
0.201528
0.198906
0.195634
0.191338
0.188873
0.186679
0.183211
0.178414
0.175354
0.174958
0.176222
0.178620
0.181901
0.184753
0.186683
0.187555
0.188168
0.188284
0.188447
