0.000002
-0.000353
-0.001045
-0.001021
-0.000294
0.000389
0.000093
-0.001086
-0.002649
-0.004051
-0.004788
-0.004453
-0.002910
-0.001200
0.000158
0.000050
-0.002486
-0.009986
-0.019199
-0.029032
-0.030469
-0.021751
-0.000287
0.031703
0.066246
0.103270
0.146248
0.182378
0.198272
0.208480
0.206423
0.195827
0.179117
0.151403
0.113424
0.067802
0.022491
-0.011487
-0.033407
-0.043478
-0.045858
-0.046002
-0.044088
-0.038109
-0.029115
-0.018023
-0.002293
0.009456
0.020311
0.030430
0.041854
0.042248
0.041551
0.037880
0.052709
0.077519
0.097622
0.116498
0.130915
0.140003
0.147537
0.153828
0.156591
0.154779
0.149464
0.142048
0.138774
0.128273
0.116297
0.104618
0.091517
0.081640
0.078089
0.080082
0.084220
0.083853
0.079077
0.070010
0.056813
0.046970
0.031861
0.014199
-0.001770
-0.018003
-0.033789
-0.052288
-0.072064
-0.097687
-0.123770
-0.152910
-0.181210
-0.205991
-0.221147
-0.229341
-0.232768
-0.231377
-0.230504
-0.228732
-0.225790
-0.222249
-0.216856
-0.209588
-0.202510
-0.196754
-0.188568
-0.183974
-0.183283
-0.198388
-0.212253
-0.221069
-0.228850
-0.234538
-0.238314
-0.239957
-0.238160
-0.234460
-0.231438
-0.225682
-0.213518
-0.201777
-0.190089
-0.177016
-0.163742
-0.151444
-0.142535
-0.139354
-0.136029
-0.149540
-0.164151
-0.174071
-0.183224
-0.191593
-0.199722
-0.206776
-0.209455
-0.210635
-0.212002
-0.210068
-0.201797
-0.193239
-0.185379
-0.177190
-0.168996
-0.160954
-0.156176
-0.156640
-0.155232
-0.168326
-0.183941
-0.194707
-0.203839
-0.211721
-0.219669
-0.227594
-0.231447
-0.233598
-0.234981
-0.232296
-0.224436
-0.216767
-0.210229
-0.203657
-0.196467
-0.189070
-0.184030
-0.184277
-0.181218
-0.191753
-0.205138
-0.213807
-0.220918
-0.227008
-0.233079
-0.238881
-0.240401
-0.240228
-0.239842
-0.235488
-0.224962
-0.214514
-0.205098
-0.195338
-0.185535
-0.175764
-0.169992
-0.170103
-0.167280
-0.178881
-0.193292
-0.202951
-0.210900
-0.217789
-0.224570
-0.230903
-0.232934
-0.233296
-0.233538
-0.229720
-0.219751
-0.209854
-0.201102
-0.192245
-0.183296
-0.174221
-0.169868
-0.171298
-0.168761
-0.177842
-0.191060
-0.199419
-0.205856
-0.211677
-0.217964
-0.224056
-0.225979
-0.226409
-0.226771
-0.223182
-0.214931
-0.206856
-0.199916
-0.192722
-0.185399
-0.177996
-0.174288
-0.179074
-0.177924
-0.184382
-0.197075
-0.205503
-0.211879
-0.217509
-0.223407
-0.229450
-0.231609
-0.231383
-0.230187
-0.225059
-0.211287
-0.195977
-0.181874
-0.167499
-0.152606
-0.137479
-0.127531
-0.128350
-0.123570
-0.130234
-0.144135
-0.153588
-0.160503
-0.165702
-0.171394
-0.178052
-0.181991
-0.183604
-0.184959
-0.182820
-0.171707
-0.158945
-0.147009
-0.134747
-0.121622
-0.107853
-0.098898
-0.099971
-0.095427
-0.101601
-0.115681
-0.125368
-0.132306
-0.137891
-0.144231
-0.151306
-0.155924
-0.158415
-0.160724
-0.159738
-0.149652
-0.137804
-0.126821
-0.115737
-0.103923
-0.091377
-0.083663
-0.086013
-0.083002
-0.090625
-0.105633
-0.116279
-0.124124
-0.130448
-0.137319
-0.144785
-0.149907
-0.152635
-0.155038
-0.154141
-0.144311
-0.132370
-0.120811
-0.109388
-0.097188
-0.084180
-0.076321
-0.078423
-0.074936
-0.081676
-0.096295
-0.106484
-0.113716
-0.119454
-0.126027
-0.133612
-0.139199
-0.142582
-0.146008
-0.146570
-0.137706
-0.126305
-0.114926
-0.103619
-0.091654
-0.078906
-0.071199
-0.073360
-0.070105
-0.077466
-0.092398
-0.102903
-0.110655
-0.116945
-0.123924
-0.131675
-0.137457
-0.141011
-0.144537
-0.145148
-0.136531
-0.125328
-0.114054
-0.102972
-0.091236
-0.078671
-0.071192
-0.073554
-0.070482
-0.077852
-0.092690
-0.102952
-0.110537
-0.116321
-0.122895
-0.130800
-0.137142
-0.141349
-0.145763
-0.147330
-0.139561
-0.129178
-0.118612
-0.108293
-0.097255
-0.085174
-0.077978
-0.080020
-0.076109
-0.081837
-0.095286
-0.103936
-0.109889
-0.114949
-0.121251
-0.128546
-0.134059
-0.137774
-0.141959
-0.143564
-0.135080
-0.123756
-0.112153
-0.100729
-0.088873
-0.076367
-0.068678
-0.070222
-0.066534
-0.074001
-0.089030
-0.099297
-0.106779
-0.113102
-0.120259
-0.128058
-0.134016
-0.137866
-0.142055
-0.143762
-0.136124
-0.125736
-0.115211
-0.105266
-0.094740
-0.083218
-0.076466
-0.078579
-0.074802
-0.080848
-0.094528
-0.103057
-0.108733
-0.113693
-0.120027
-0.127491
-0.133387
-0.137460
-0.142163
-0.144346
-0.136784
-0.125995
-0.114516
-0.103509
-0.092142
-0.080072
-0.072518
-0.073779
-0.069635
-0.076077
-0.090040
-0.098969
-0.105133
-0.110457
-0.116822
-0.123903
-0.129513
-0.133141
-0.137269
-0.139088
-0.131979
-0.121907
-0.111473
-0.101810
-0.091720
-0.080687
-0.074827
-0.077904
-0.074967
-0.081796
-0.095888
-0.104742
-0.110914
-0.115859
-0.121899
-0.129359
-0.135684
-0.140046
-0.145084
-0.147613
-0.140780
-0.130867
-0.120517
-0.110990
-0.101092
-0.090263
-0.083841
-0.085744
-0.081582
-0.087288
-0.100601
-0.108455
-0.113601
-0.118269
-0.124274
-0.131252
-0.136912
-0.140477
-0.144620
-0.146240
-0.138690
-0.127963
-0.116771
-0.106505
-0.095979
-0.084689
-0.077970
-0.079710
-0.075697
-0.081859
-0.095582
-0.103881
-0.109431
-0.114387
-0.120526
-0.127506
-0.133290
-0.136854
-0.141005
-0.142761
-0.135768
-0.125700
-0.115311
-0.106048
-0.096478
-0.085917
-0.080043
-0.082501
-0.078775
-0.084013
-0.096990
-0.104284
-0.108631
-0.112561
-0.118013
-0.124686
-0.130383
-0.133905
-0.138098
-0.139593
-0.132479
-0.122455
-0.112286
-0.103284
-0.094104
-0.083980
-0.078138
-0.080405
-0.076609
-0.082197
-0.095255
-0.102767
-0.107604
-0.112064
-0.117848
-0.124462
-0.130098
-0.133303
-0.136882
-0.137478
-0.130603
-0.121333
-0.112382
-0.104741
-0.096902
-0.087936
-0.083435
-0.086970
-0.083908
-0.089283
-0.102019
-0.108982
-0.113225
-0.116587
-0.121398
-0.127793
-0.133539
-0.137069
-0.141379
-0.142843
-0.135916
-0.125939
-0.115736
-0.106746
-0.097568
-0.087384
-0.081264
-0.082907
-0.078245
-0.082444
-0.094391
-0.100647
-0.104291
-0.107635
-0.112466
-0.118299
-0.123433
-0.126186
-0.129913
-0.130821
-0.125462
-0.117739
-0.110405
-0.104518
-0.098574
-0.091389
-0.088222
-0.092515
-0.089742
-0.094606
-0.106809
-0.113091
-0.116687
-0.120048
-0.124764
-0.130458
-0.135261
-0.137811
-0.141193
-0.141457
-0.133716
-0.122738
-0.111316
-0.101285
-0.091326
-0.080580
-0.073904
-0.074933
-0.069919
-0.074022
-0.085946
-0.092158
-0.095756
-0.099058
-0.103972
-0.109889
-0.115216
-0.118231
-0.122015
-0.123075
-0.119949
-0.114837
-0.110233
-0.107219
-0.104305
-0.100185
-0.099571
-0.105333
-0.103825
-0.108721
-0.120560
-0.126245
-0.129133
-0.131960
-0.136332
-0.141953
-0.146587
-0.149139
-0.152495
-0.152832
-0.143112
-0.129856
-0.115950
-0.103351
-0.091186
-0.078652
-0.069065
-0.066445
-0.058706
-0.061997
-0.073564
-0.079685
-0.083423
-0.086378
-0.091088
-0.097080
-0.102583
-0.106383
-0.111355
-0.113544
-0.111572
-0.107569
-0.104057
-0.102148
-0.100325
-0.097380
-0.097063
-0.102449
-0.101074
-0.106036
-0.117879
-0.123381
-0.126064
-0.128921
-0.133604
-0.139744
-0.145073
-0.148333
-0.152080
-0.152924
-0.144726
-0.132932
-0.120556
-0.109806
-0.099648
-0.088940
-0.080281
-0.077624
-0.069110
-0.071098
-0.081270
-0.086233
-0.089217
-0.092032
-0.096360
-0.101279
-0.105372
-0.108141
-0.111992
-0.113529
-0.110066
-0.104010
-0.097704
-0.092823
-0.088067
-0.082569
-0.080446
-0.084469
-0.081926
-0.086394
-0.098582
-0.104306
-0.107010
-0.109874
-0.114744
-0.121203
-0.127041
-0.130916
-0.135802
-0.137408
-0.131206
-0.121486
-0.111139
-0.102366
-0.093940
-0.084684
-0.077671
-0.076723
-0.069364
-0.070757
-0.081218
-0.085582
-0.087232
-0.088679
-0.091713
-0.095945
-0.100049
-0.102654
-0.106158
-0.107301
-0.103830
-0.097978
-0.092009
-0.087550
-0.083184
-0.077761
-0.076228
-0.081481
-0.079648
-0.084592
-0.096958
-0.103209
-0.106683
-0.109684
-0.114656
-0.121844
-0.128455
-0.133167
-0.139218
-0.142592
-0.136017
-0.125951
-0.115180
-0.105716
-0.096389
-0.086156
-0.078351
-0.076458
-0.068175
-0.068392
-0.078228
-0.082043
-0.082990
-0.083526
-0.085696
-0.089565
-0.093663
-0.096333
-0.099688
-0.099962
-0.096775
-0.091007
-0.084296
-0.079039
-0.073964
-0.067983
-0.065931
-0.070684
-0.068506
-0.073496
-0.086050
-0.092573
-0.096369
-0.100039
-0.105504
-0.112702
-0.119183
-0.123544
-0.128850
-0.131751
-0.125208
-0.115161
-0.104401
-0.094990
-0.085678
-0.075310
-0.068053
-0.067116
-0.059321
-0.059231
-0.068918
-0.072469
-0.072673
-0.072320
-0.073647
-0.077113
-0.081146
-0.084090
-0.088134
-0.089752
-0.087645
-0.082894
-0.076970
-0.072434
-0.068061
-0.062782
-0.061141
-0.065899
-0.063782
-0.068478
-0.080746
-0.087194
-0.090945
-0.094441
-0.099847
-0.107375
-0.114401
-0.119398
-0.125391
-0.128878
-0.124593
-0.116692
-0.108133
-0.101069
-0.094153
-0.086005
-0.081054
-0.082423
-0.076650
-0.077828
-0.087857
-0.091824
-0.092762
-0.093017
-0.095433
-0.100751
-0.106343
-0.110695
-0.116599
-0.119871
-0.115806
-0.108275
-0.100022
-0.093230
-0.086646
-0.078830
-0.073212
-0.073182
-0.066479
-0.066825
-0.076512
-0.080214
-0.080895
-0.081097
-0.083105
-0.087493
-0.092350
-0.096099
-0.100903
-0.103662
-0.102487
-0.099098
-0.095343
-0.093029
-0.090778
-0.087137
-0.087347
-0.094059
-0.093688
-0.097778
-0.108914
-0.114208
-0.116753
-0.119603
-0.124799
-0.132605
-0.139605
-0.145240
-0.152151
-0.156155
-0.150151
-0.140637
-0.130218
-0.121107
-0.112405
-0.103108
-0.095178
-0.092110
-0.082678
-0.080475
-0.088463
-0.090649
-0.089786
-0.088708
-0.089950
-0.093735
-0.097889
-0.101297
-0.106228
-0.109183
-0.107870
-0.103922
-0.099105
-0.095776
-0.092437
-0.087604
-0.087635
-0.095018
-0.095708
-0.099759
-0.111099
-0.116667
-0.119314
-0.122284
-0.127805
-0.136279
-0.144121
-0.150687
-0.158468
-0.163289
-0.158970
-0.151320
-0.142830
-0.135605
-0.128918
-0.121733
-0.115328
-0.114042
-0.105704
-0.103120
-0.110445
-0.112084
-0.110793
-0.109348
-0.110806
-0.115772
-0.121145
-0.125993
-0.132648
-0.137057
-0.135843
-0.131840
-0.126713
-0.122977
-0.119576
-0.114746
-0.112379
-0.115847
-0.112761
-0.113036
-0.121922
-0.124898
-0.125103
-0.125737
-0.129068
-0.135763
-0.142426
-0.148044
-0.155140
-0.159752
-0.156860
-0.151084
-0.144410
-0.139030
-0.134197
-0.128601
-0.123792
-0.123927
-0.117181
-0.114791
-0.122277
-0.124052
-0.122997
-0.122236
-0.124084
-0.129174
-0.134307
-0.138851
-0.144919
-0.148799
-0.146499
-0.142100
-0.137424
-0.133831
-0.130501
-0.126128
-0.122816
-0.124924
-0.120754
-0.119853
-0.127446
-0.129656
-0.129337
-0.129040
-0.131070
-0.136546
-0.142249
-0.147235
-0.153699
-0.157972
-0.155926
-0.151433
-0.145931
-0.141670
-0.137944
-0.133373
-0.129604
-0.131625
-0.126878
-0.125149
-0.131867
-0.133508
-0.132876
-0.132076
-0.133427
-0.138127
-0.143027
-0.147271
-0.152573
-0.155781
-0.151422
-0.143811
-0.136099
-0.129849
-0.124123
-0.117548
-0.111888
-0.116470
-0.114883
-0.111868
-0.117944
-0.119846
-0.119046
-0.116764
-0.116278
-0.119410
-0.123465
-0.127215
-0.132079
-0.135344
-0.132802
-0.128173
-0.123451
-0.120164
-0.117454
-0.113530
-0.109961
-0.116276
-0.116824
-0.113077
-0.117617
-0.118594
-0.116802
-0.113154
-0.110948
-0.112102
-0.114747
-0.116651
-0.119251
-0.120306
-0.116881
-0.111868
-0.106386
-0.101951
-0.097981
-0.092506
-0.088067
-0.094766
-0.096337
-0.092951
-0.097289
-0.097947
-0.095604
-0.091064
-0.087755
-0.087787
-0.089621
-0.091000
-0.092861
-0.092931
-0.089606
-0.085135
-0.080369
-0.076389
-0.072554
-0.067258
-0.062018
-0.067485
-0.068627
-0.065940
-0.071360
-0.073415
-0.072400
-0.068650
-0.065932
-0.066694
-0.069396
-0.071653
-0.074385
-0.075113
-0.072465
-0.068900
-0.064869
-0.061360
-0.057906
-0.053144
-0.048051
-0.053443
-0.054794
-0.052304
-0.058062
-0.060798
-0.060435
-0.057010
-0.054288
-0.054848
-0.057289
-0.059305
-0.061962
-0.062796
-0.060121
-0.056547
-0.052449
-0.048514
-0.044300
-0.038803
-0.033488
-0.038903
-0.040322
-0.037712
-0.043686
-0.047073
-0.046928
-0.042854
-0.039306
-0.039382
-0.041770
-0.043931
-0.047067
-0.048604
-0.046393
-0.043243
-0.039497
-0.034779
-0.028447
-0.020691
-0.014037
-0.018110
-0.018389
-0.015059
-0.020923
-0.024955
-0.024341
-0.019749
-0.015744
-0.015453
-0.017683
-0.020074
-0.023834
-0.027897
-0.028007
-0.026902
-0.025354
-0.022938
-0.018775
-0.012894
-0.008710
-0.015177
-0.017609
-0.014898
-0.020220
-0.023746
-0.022709
-0.017859
-0.013578
-0.013004
-0.015017
-0.017195
-0.020467
-0.022639
-0.021217
-0.018399
-0.015160
-0.011106
-0.005074
0.002717
0.008353
0.003277
0.001725
0.005571
0.001050
-0.001950
0.001110
0.008055
0.013900
0.015512
0.013228
0.009298
0.003675
-0.001153
-0.002056
-0.001362
0.000022
0.002134
0.006284
0.012415
0.015858
0.008664
0.004670
0.008018
0.004232
0.001912
0.005740
0.013405
0.019967
0.022260
0.020578
0.017239
0.011658
0.006034
0.005001
0.005224
0.006418
0.007891
0.010702
0.015448
0.017646
0.009660
0.005473
0.007948
0.003311
-0.000956
0.000164
0.005688
0.011015
0.012038
0.008751
0.003664
-0.003355
-0.008275
-0.008795
-0.007879
-0.006243
-0.003737
0.000799
0.007165
0.010890
0.004281
0.000986
0.004754
0.001479
-0.000503
0.003448
0.010955
0.017602
0.019782
0.017212
0.012403
0.006061
0.001863
0.001850
0.003507
0.005874
0.008065
0.011074
0.015713
0.018004
0.009418
0.002145
0.002802
-0.000505
-0.002317
0.000928
0.007377
0.012744
0.013499
0.009947
0.005256
-0.001189
-0.005606
-0.005243
-0.003358
-0.000574
0.002085
0.005942
0.011512
0.014708
0.007958
0.004048
0.007487
0.004534
0.003867
0.009771
0.019161
0.027060
0.029534
0.026404
0.020952
0.013796
0.007634
0.005538
0.005022
0.005527
0.006353
0.008723
0.013065
0.015763
0.008199
0.002495
0.004023
0.000987
-0.001023
0.002299
0.008722
0.014202
0.014769
0.010481
0.004526
-0.003360
-0.009020
-0.009630
-0.008600
-0.006911
-0.005782
-0.004413
-0.001539
-0.000506
-0.009456
-0.014827
-0.012092
-0.015064
-0.016064
-0.011329
-0.002848
0.004766
0.006834
0.003047
-0.002744
-0.010371
-0.016745
-0.018683
-0.019063
-0.018778
-0.018060
-0.015715
-0.011563
-0.008737
-0.015954
-0.021132
-0.018429
-0.019815
-0.018871
-0.012776
-0.004397
0.002567
0.003999
-0.000381
-0.006420
-0.013910
-0.018916
-0.018717
-0.016932
-0.014721
-0.013552
-0.012783
-0.010769
-0.010322
-0.019732
-0.025445
-0.023132
-0.025740
-0.026505
-0.022135
-0.014875
-0.008392
-0.007321
-0.012062
-0.018233
-0.025824
-0.031374
-0.031931
-0.030804
-0.029385
-0.028802
-0.027994
-0.025664
-0.024724
-0.033632
-0.039097
-0.036330
-0.037486
-0.035983
-0.029470
-0.020866
-0.013457
-0.011942
-0.016636
-0.022844
-0.030625
-0.036352
-0.036804
-0.035494
-0.033979
-0.033581
-0.033690
-0.032540
-0.032878
-0.043416
-0.050133
-0.048186
-0.049803
-0.049015
-0.044022
-0.037116
-0.031062
-0.030693
-0.036145
-0.042618
-0.050538
-0.056245
-0.056126
-0.054343
-0.052487
-0.051833
-0.052050
-0.051048
-0.051160
-0.061337
-0.067404
-0.064891
-0.066054
-0.064323
-0.058532
-0.050622
-0.043433
-0.042190
-0.047335
-0.053946
-0.062418
-0.068885
-0.069222
-0.067666
-0.065990
-0.065373
-0.065597
-0.064655
-0.065320
-0.075999
-0.082285
-0.079814
-0.080072
-0.077304
-0.070665
-0.062578
-0.055317
-0.054007
-0.058834
-0.065049
-0.073017
-0.078928
-0.078490
-0.076070
-0.073608
-0.072361
-0.072056
-0.070571
-0.070722
-0.081151
-0.087098
-0.084606
-0.085106
-0.082259
-0.075548
-0.067313
-0.059901
-0.058388
-0.062927
-0.068918
-0.076793
-0.082691
-0.082113
-0.079319
-0.076852
-0.075607
-0.075401
-0.074031
-0.074435
-0.084838
-0.090593
-0.087790
-0.088402
-0.085855
-0.078823
-0.069844
-0.061453
-0.058922
-0.063439
-0.069597
-0.077764
-0.084598
-0.084801
-0.081924
-0.080042
-0.079566
-0.080541
-0.080348
-0.081235
-0.094249
-0.103132
-0.103726
-0.107254
-0.109392
-0.108257
-0.105060
-0.102103
-0.103542
-0.109342
-0.115335
-0.123326
-0.130438
-0.130808
-0.127609
-0.124342
-0.121896
-0.120771
-0.118677
-0.116361
-0.125378
-0.130827
-0.127089
-0.127480
-0.125281
-0.120314
-0.114343
-0.109139
-0.109589
-0.115979
-0.123414
-0.132769
-0.141192
-0.142830
-0.140902
-0.139241
-0.138205
-0.138398
-0.137484
-0.137555
-0.148430
-0.154904
-0.154225
-0.155362
-0.154458
-0.150830
-0.146484
-0.143154
-0.144581
-0.149636
-0.155115
-0.162593
-0.169092
-0.168557
-0.164340
-0.160348
-0.157226
-0.155669
-0.153221
-0.150734
-0.158951
-0.163624
-0.160743
-0.161782
-0.159941
-0.155200
-0.150032
-0.146183
-0.147888
-0.154190
-0.161456
-0.170403
-0.177805
-0.178375
-0.175204
-0.172745
-0.171378
-0.171306
-0.170191
-0.169875
-0.179446
-0.184571
-0.182930
-0.183313
-0.181364
-0.176459
-0.171179
-0.167138
-0.168041
-0.172394
-0.177794
-0.185354
-0.191337
-0.190333
-0.185512
-0.181002
-0.177565
-0.175867
-0.173303
-0.171171
-0.179638
-0.184127
-0.181799
-0.183493
-0.182228
-0.177909
-0.173162
-0.169811
-0.171919
-0.177991
-0.185368
-0.194501
-0.201548
-0.201808
-0.198195
-0.195102
-0.193506
-0.193511
-0.192557
-0.192046
-0.201281
-0.205875
-0.203765
-0.204557
-0.202815
-0.198078
-0.192639
-0.188406
-0.189106
-0.193945
-0.199620
-0.207353
-0.212966
-0.212277
-0.207563
-0.202810
-0.198983
-0.196657
-0.193574
-0.190571
-0.197635
-0.200793
-0.197581
-0.198901
-0.197099
-0.191892
-0.186268
-0.182041
-0.183450
-0.188971
-0.195823
-0.204392
-0.210321
-0.210075
-0.205774
-0.201868
-0.199595
-0.198753
-0.196900
-0.195620
-0.203924
-0.207724
-0.205059
-0.205736
-0.203645
-0.198256
-0.192437
-0.187946
-0.188351
-0.192673
-0.197483
-0.204087
-0.207328
-0.204672
-0.198056
-0.192209
-0.188327
-0.185889
-0.182446
-0.179448
-0.186581
-0.189686
-0.186650
-0.188374
-0.186769
-0.181482
-0.175690
-0.171475
-0.172755
-0.178805
-0.186197
-0.195500
-0.201980
-0.202471
-0.199071
-0.194843
-0.191944
-0.190441
-0.187785
-0.186759
-0.194412
-0.196952
-0.194474
-0.193105
-0.187480
-0.178954
-0.170206
-0.162962
-0.161704
-0.165572
-0.170858
-0.178227
-0.183316
-0.181843
-0.176409
-0.170781
-0.167143
-0.165058
-0.161695
-0.161269
-0.170014
-0.173462
-0.171906
-0.172413
-0.168745
-0.161682
-0.153743
-0.146921
-0.146051
-0.150943
-0.157516
-0.166421
-0.172869
-0.173134
-0.169395
-0.164871
-0.161768
-0.160058
-0.157261
-0.157771
-0.167847
-0.172315
-0.171195
-0.171402
-0.167596
-0.160855
-0.153685
-0.147694
-0.147619
-0.152933
-0.159764
-0.168779
-0.174984
-0.175069
-0.171170
-0.167240
-0.165441
-0.165036
-0.163350
-0.164729
-0.175688
-0.180737
-0.179871
-0.181169
-0.178171
-0.171932
-0.165164
-0.159697
-0.160228
-0.165958
-0.172964
-0.181767
-0.186725
-0.186122
-0.181820
-0.177602
-0.175349
-0.173805
-0.170844
-0.170568
-0.179571
-0.182972
-0.180563
-0.180582
-0.176105
-0.168358
-0.160066
-0.153070
-0.152363
-0.157259
-0.164033
-0.172658
-0.177308
-0.176625
-0.172107
-0.167493
-0.164737
-0.163248
-0.160315
-0.160012
-0.169138
-0.172863
-0.171059
-0.172017
-0.168319
-0.161268
-0.153697
-0.147641
-0.147496
-0.152412
-0.158915
-0.167629
-0.173216
-0.173046
-0.168862
-0.164693
-0.162546
-0.161021
-0.157554
-0.156798
-0.164827
-0.167763
-0.165600
-0.166929
-0.163545
-0.156125
-0.147528
-0.140126
-0.138979
-0.144109
-0.151239
-0.160464
-0.166141
-0.166513
-0.162905
-0.159157
-0.156956
-0.155186
-0.151817
-0.151329
-0.159557
-0.162609
-0.160293
-0.160397
-0.156032
-0.148244
-0.139705
-0.132261
-0.130876
-0.135108
-0.141506
-0.150072
-0.155169
-0.154821
-0.150493
-0.146690
-0.145380
-0.144490
-0.141546
-0.141227
-0.149746
-0.153241
-0.151366
-0.153087
-0.149649
-0.142253
-0.133884
-0.126564
-0.125570
-0.130951
-0.138504
-0.147112
-0.151471
-0.150871
-0.146364
-0.142143
-0.140072
-0.138351
-0.134775
-0.133774
-0.141973
-0.145232
-0.143196
-0.144011
-0.139737
-0.131809
-0.123003
-0.115275
-0.114212
-0.119498
-0.127488
-0.137277
-0.142638
-0.143258
-0.139920
-0.136713
-0.135598
-0.134790
-0.131848
-0.131555
-0.139965
-0.143424
-0.141812
-0.143697
-0.140427
-0.133355
-0.125434
-0.118832
-0.118647
-0.124319
-0.132257
-0.141604
-0.146723
-0.146943
-0.143147
-0.139317
-0.137636
-0.136208
-0.132488
-0.131520
-0.139355
-0.142389
-0.140437
-0.142551
-0.139303
-0.132046
-0.123537
-0.116347
-0.116049
-0.122028
-0.130587
-0.140935
-0.147346
-0.149073
-0.146682
-0.143557
-0.141190
-0.138149
-0.133092
-0.131530
-0.138626
-0.141129
-0.138641
-0.139346
-0.135155
-0.127182
-0.118439
-0.111032
-0.110528
-0.116293
-0.124933
-0.135655
-0.141695
-0.142960
-0.140222
-0.138142
-0.138023
-0.137037
-0.133435
-0.133244
-0.141441
-0.144695
-0.142835
-0.144760
-0.141584
-0.134125
-0.125142
-0.117246
-0.116860
-0.122483
-0.131272
-0.141414
-0.147830
-0.150034
-0.148649
-0.148951
-0.149225
-0.147412
-0.143114
-0.140926
-0.146402
-0.147377
-0.143757
-0.143797
-0.137770
-0.128069
-0.117847
-0.110010
-0.109165
-0.114638
-0.123372
-0.132957
-0.138097
-0.139618
-0.137908
-0.138024
-0.137988
-0.135443
-0.130135
-0.128991
-0.136042
-0.138576
-0.137214
-0.139553
-0.135786
-0.128521
-0.120891
-0.115912
-0.117415
-0.125623
-0.135452
-0.145169
-0.151064
-0.152517
-0.150246
-0.150258
-0.150747
-0.148555
-0.143136
-0.140747
-0.145652
-0.146170
-0.143201
-0.144913
-0.140860
-0.133868
-0.126380
-0.121693
-0.123694
-0.132550
-0.142925
-0.151979
-0.157102
-0.158480
-0.156352
-0.155681
-0.156194
-0.154143
-0.148872
-0.144873
-0.146828
-0.145045
-0.140634
-0.141569
-0.137372
-0.130418
-0.123444
-0.119539
-0.122185
-0.131168
-0.141288
-0.148470
-0.151995
-0.152023
-0.148631
-0.146381
-0.146054
-0.143646
-0.137887
-0.134259
-0.135690
-0.133564
-0.130672
-0.130566
-0.125185
-0.117496
-0.110082
-0.106268
-0.109145
-0.118307
-0.129239
-0.139875
-0.145696
-0.146069
-0.143122
-0.140602
-0.138981
-0.135350
-0.128827
-0.122922
-0.120333
-0.113795
-0.106406
-0.104061
-0.096850
-0.087461
-0.078287
-0.072492
-0.074551
-0.081912
-0.092533
-0.105319
-0.112491
-0.114394
-0.113524
-0.112821
-0.112757
-0.110754
-0.105647
-0.102988
-0.104424
-0.101910
-0.098733
-0.097972
-0.091311
-0.082071
-0.073162
-0.067982
-0.069725
-0.077725
-0.088697
-0.101444
-0.108361
-0.110416
-0.109496
-0.108970
-0.109206
-0.107766
-0.103647
-0.103085
-0.107591
-0.107725
-0.105718
-0.104589
-0.097624
-0.088197
-0.078828
-0.072928
-0.074576
-0.083225
-0.096101
-0.110682
-0.119477
-0.122810
-0.122476
-0.121579
-0.118177
-0.112791
-0.106600
-0.105442
-0.109848
-0.109943
-0.106709
-0.102601
-0.093320
-0.082296
-0.072017
-0.064924
-0.066656
-0.074974
-0.087944
-0.102251
-0.110503
-0.114433
-0.115179
-0.116607
-0.116420
-0.114081
-0.110793
-0.111926
-0.118113
-0.119811
-0.117726
-0.113885
-0.104385
-0.092859
-0.081779
-0.073842
-0.074329
-0.081370
-0.093303
-0.106778
-0.114561
-0.118261
-0.118770
-0.120178
-0.120099
-0.117667
-0.114070
-0.115163
-0.121249
-0.122705
-0.120599
-0.116954
-0.107451
-0.095886
-0.084825
-0.076792
-0.077006
-0.084531
-0.097221
-0.111017
-0.119698
-0.123520
-0.123425
-0.124012
-0.122893
-0.119486
-0.115054
-0.115142
-0.120816
-0.121876
-0.119758
-0.116842
-0.108124
-0.097203
-0.086500
-0.079417
-0.078633
-0.084848
-0.095825
-0.108191
-0.115463
-0.117310
-0.115462
-0.116253
-0.115654
-0.111841
-0.106321
-0.105878
-0.111378
-0.112458
-0.111219
-0.110811
-0.104487
-0.095921
-0.087294
-0.082213
-0.084024
-0.093219
-0.106223
-0.120010
-0.128927
-0.132571
-0.132345
-0.133215
-0.133698
-0.131381
-0.126792
-0.124143
-0.125678
-0.123221
-0.118981
-0.118099
-0.112781
-0.105772
-0.098888
-0.095623
-0.099166
-0.109444
-0.122708
-0.135496
-0.143321
-0.145868
-0.144795
-0.145135
-0.146417
-0.145180
-0.141056
-0.137247
-0.136622
-0.131870
-0.124579
-0.122348
-0.116102
-0.108178
-0.100222
-0.096302
-0.099101
-0.108384
-0.119683
-0.129734
-0.134474
-0.134616
-0.131714
-0.129810
-0.126692
-0.120591
-0.112725
-0.108592
-0.108951
-0.105879
-0.101925
-0.099381
-0.091130
-0.080800
-0.070878
-0.064949
-0.067198
-0.076548
-0.089061
-0.101716
-0.109314
-0.111712
-0.110582
-0.110555
-0.110003
-0.107013
-0.102180
-0.099355
-0.100640
-0.098338
-0.094492
-0.092824
-0.086819
-0.079411
-0.072250
-0.069260
-0.073465
-0.084830
-0.099163
-0.114034
-0.123547
-0.128042
-0.128952
-0.130215
-0.129363
-0.125708
-0.120425
-0.118260
-0.120269
-0.118323
-0.114524
-0.112417
-0.105214
-0.096387
-0.087577
-0.081847
-0.084645
-0.095060
-0.108246
-0.121235
-0.129455
-0.132672
-0.132426
-0.132375
-0.130551
-0.127061
-0.122567
-0.119749
-0.120981
-0.118130
-0.113024
-0.109293
-0.101862
-0.093682
-0.085756
-0.081608
-0.084706
-0.095307
-0.108996
-0.123058
-0.131850
-0.135672
-0.136142
-0.137000
-0.135533
-0.131625
-0.126579
-0.125349
-0.128514
-0.127384
-0.123951
-0.121687
-0.114467
-0.105687
-0.097028
-0.091419
-0.094239
-0.104504
-0.117514
-0.129941
-0.137653
-0.140247
-0.139269
-0.139466
-0.138391
-0.135325
-0.130995
-0.128013
-0.128741
-0.125270
-0.119548
-0.115258
-0.106722
-0.097124
-0.087815
-0.082336
-0.084619
-0.094651
-0.107853
-0.121189
-0.129546
-0.132848
-0.132647
-0.132920
-0.130848
-0.126545
-0.121363
-0.121049
-0.125345
-0.125189
-0.122801
-0.120624
-0.113627
-0.105208
-0.097145
-0.091778
-0.094929
-0.105554
-0.118560
-0.130900
-0.138824
-0.142250
-0.142390
-0.143684
-0.143732
-0.141619
-0.138181
-0.135103
-0.134457
-0.128644
-0.119559
-0.113984
-0.105481
-0.096500
-0.087629
-0.082679
-0.084973
-0.093741
-0.105154
-0.114220
-0.118464
-0.118192
-0.114879
-0.110277
-0.103456
-0.095516
-0.086528
-0.082638
-0.083061
-0.080730
-0.078841
-0.073670
-0.063443
-0.052341
-0.042288
-0.036391
-0.038656
-0.048161
-0.062082
-0.077467
-0.087007
-0.090302
-0.090599
-0.091889
-0.091934
-0.090076
-0.087422
-0.087785
-0.089756
-0.088310
-0.086381
-0.081687
-0.073340
-0.064502
-0.056168
-0.052369
-0.056398
-0.068198
-0.084319
-0.102105
-0.115264
-0.122251
-0.125106
-0.128292
-0.129964
-0.129745
-0.128188
-0.130764
-0.134783
-0.134691
-0.134499
-0.130587
-0.121798
-0.111795
-0.102427
-0.095793
-0.097296
-0.107726
-0.122823
-0.139276
-0.150772
-0.156981
-0.158580
-0.158704
-0.157053
-0.154871
-0.151985
-0.154236
-0.157686
-0.156520
-0.153903
-0.146815
-0.135348
-0.123072
-0.111279
-0.101862
-0.100123
-0.107033
-0.119107
-0.132650
-0.141898
-0.145590
-0.145219
-0.145104
-0.143717
-0.141015
-0.137910
-0.140181
-0.143631
-0.143253
-0.140684
-0.132742
-0.119627
-0.105904
-0.093258
-0.083131
-0.081376
-0.087822
-0.099196
-0.112939
-0.123012
-0.127674
-0.128465
-0.128620
-0.126704
-0.123471
-0.119568
-0.121375
-0.125569
-0.125856
-0.126247
-0.122118
-0.113230
-0.103482
-0.094325
-0.087755
-0.089673
-0.099164
-0.112518
-0.127658
-0.138815
-0.144556
-0.146270
-0.148062
-0.148345
-0.146438
-0.143631
-0.145131
-0.147041
-0.144685
-0.143214
-0.137583
-0.127134
-0.115762
-0.104897
-0.096039
-0.096448
-0.104233
-0.116537
-0.131216
-0.141552
-0.145689
-0.145712
-0.146029
-0.145679
-0.143032
-0.138987
-0.139516
-0.141013
-0.138535
-0.136786
-0.131718
-0.121314
-0.109695
-0.098970
-0.090494
-0.091705
-0.101145
-0.114745
-0.130475
-0.141814
-0.146556
-0.146794
-0.146862
-0.145080
-0.141467
-0.136408
-0.136702
-0.139415
-0.138141
-0.138029
-0.133779
-0.123927
-0.113182
-0.103358
-0.095288
-0.096811
-0.105378
-0.116791
-0.129779
-0.138877
-0.142851
-0.143721
-0.145211
-0.144933
-0.142354
-0.139105
-0.139618
-0.140438
-0.137133
-0.134179
-0.127080
-0.115978
-0.104834
-0.094412
-0.086322
-0.088394
-0.098062
-0.111408
-0.127511
-0.139452
-0.144662
-0.145896
-0.147203
-0.146753
-0.144670
-0.141615
-0.143373
-0.146159
-0.144477
-0.143202
-0.138432
-0.129429
-0.120272
-0.111980
-0.105221
-0.108707
-0.119437
-0.132395
-0.147254
-0.157566
-0.161771
-0.161848
-0.161785
-0.160021
-0.157144
-0.154008
-0.153980
-0.154179
-0.150123
-0.146486
-0.138722
-0.126898
-0.115061
-0.104079
-0.095507
-0.097462
-0.107017
-0.119547
-0.134389
-0.144891
-0.149342
-0.150503
-0.150617
-0.148507
-0.145699
-0.142138
-0.143386
-0.145787
-0.144072
-0.143198
-0.138187
-0.128313
-0.118379
-0.109648
-0.102824
-0.106380
-0.118111
-0.132368
-0.148023
-0.160450
-0.166852
-0.168915
-0.168328
-0.165539
-0.162852
-0.159821
-0.158928
-0.158398
-0.153904
-0.150051
-0.141992
-0.129873
-0.118171
-0.107523
-0.099024
-0.101137
-0.110705
-0.122834
-0.136682
-0.146963
-0.151392
-0.151787
-0.151238
-0.149088
-0.146632
-0.143520
-0.145551
-0.148475
-0.146894
-0.145552
-0.139395
-0.128546
-0.117995
-0.108915
-0.101237
-0.103969
-0.114352
-0.127248
-0.141690
-0.152663
-0.157759
-0.158915
-0.157941
-0.154971
-0.152186
-0.149253
-0.149020
-0.149331
-0.145029
-0.140613
-0.132231
-0.120348
-0.109295
-0.099459
-0.091577
-0.094471
-0.104824
-0.117666
-0.132254
-0.141964
-0.145047
-0.144548
-0.142893
-0.139588
-0.136060
-0.131084
-0.130949
-0.132805
-0.130614
-0.129005
-0.122983
-0.111986
-0.101634
-0.092773
-0.085683
-0.089422
-0.100558
-0.113882
-0.128305
-0.139078
-0.144183
-0.145448
-0.145567
-0.143875
-0.141721
-0.139217
-0.138567
-0.138273
-0.133984
-0.129943
-0.121679
-0.108881
-0.097042
-0.086793
-0.078720
-0.081587
-0.092161
-0.105896
-0.120836
-0.130889
-0.134103
-0.133942
-0.132541
-0.130085
-0.127236
-0.122219
-0.122042
-0.123638
-0.122257
-0.122521
-0.117291
-0.107309
-0.097511
-0.089451
-0.083546
-0.088348
-0.099872
-0.114745
-0.131173
-0.142044
-0.147195
-0.149101
-0.148005
-0.145488
-0.143298
-0.140218
-0.139776
-0.138246
-0.133504
-0.128887
-0.119919
-0.108446
-0.098306
-0.089655
-0.083267
-0.087504
-0.098905
-0.113794
-0.130586
-0.141250
-0.145334
-0.146057
-0.143581
-0.140132
-0.137213
-0.132652
-0.130570
-0.128603
-0.123595
-0.119575
-0.111497
-0.100340
-0.090324
-0.081973
-0.076000
-0.080507
-0.091878
-0.106500
-0.122325
-0.131857
-0.135406
-0.135982
-0.133524
-0.129774
-0.126352
-0.121506
-0.119648
-0.118118
-0.113685
-0.110145
-0.101976
-0.090357
-0.079945
-0.071224
-0.065337
-0.070021
-0.081574
-0.096697
-0.113138
-0.123330
-0.127415
-0.128351
-0.126428
-0.123343
-0.120312
-0.115367
-0.113047
-0.111337
-0.106940
-0.104594
-0.097194
-0.085694
-0.074784
-0.065797
-0.059264
-0.063224
-0.074667
-0.089813
-0.105718
-0.115618
-0.119295
-0.119579
-0.116534
-0.112369
-0.108365
-0.103056
-0.101431
-0.100928
-0.097797
-0.095109
-0.088107
-0.078535
-0.070503
-0.063888
-0.060034
-0.066994
-0.081090
-0.098608
-0.117252
-0.129530
-0.135379
-0.136713
-0.134618
-0.131380
-0.128471
-0.124173
-0.122681
-0.121356
-0.116967
-0.112846
-0.104945
-0.094812
-0.086380
-0.079532
-0.074654
-0.080381
-0.093512
-0.109761
-0.127233
-0.138317
-0.143131
-0.143551
-0.140863
-0.137147
-0.134025
-0.129421
-0.125527
-0.120652
-0.113406
-0.104953
-0.094871
-0.084686
-0.076958
-0.070266
-0.066489
-0.073015
-0.086490
-0.102775
-0.120042
-0.130473
-0.134860
-0.134869
-0.131418
-0.126895
-0.122855
-0.116946
-0.112830
-0.108614
-0.101948
-0.095324
-0.086082
-0.075777
-0.067980
-0.061471
-0.057618
-0.064656
-0.078586
-0.095427
-0.112634
-0.122900
-0.126846
-0.127239
-0.124417
-0.120369
-0.116875
-0.111714
-0.107775
-0.103513
-0.097105
-0.092553
-0.084339
-0.073004
-0.063048
-0.054478
-0.048655
-0.053595
-0.066601
-0.083089
-0.100789
-0.111791
-0.117174
-0.117514
-0.113890
-0.109141
-0.104440
-0.097539
-0.092739
-0.088149
-0.082125
-0.074960
-0.065705
-0.057310
-0.052496
-0.048502
-0.047659
-0.057570
-0.074453
-0.094077
-0.114415
-0.128151
-0.135520
-0.137845
-0.136496
-0.133971
-0.131723
-0.127713
-0.125012
-0.121691
-0.115855
-0.108318
-0.099077
-0.090204
-0.083763
-0.078033
-0.075052
-0.082252
-0.097085
-0.114593
-0.132872
-0.144661
-0.151028
-0.153247
-0.152494
-0.149985
-0.147350
-0.143338
-0.139968
-0.133377
-0.124539
-0.112290
-0.101078
-0.096419
-0.094512
-0.089332
-0.084987
-0.093339
-0.110984
-0.133033
-0.155926
-0.172080
-0.183031
-0.188327
-0.189076
-0.187696
-0.185799
-0.183665
-0.182045
-0.175368
-0.164596
-0.150334
-0.138124
-0.134090
-0.132273
-0.125486
-0.119193
-0.124140
-0.140669
-0.162621
-0.183837
-0.197214
-0.203743
-0.206218
-0.205528
-0.202950
-0.200362
-0.196691
-0.192348
-0.184522
-0.175395
-0.162342
-0.150102
-0.142298
-0.136038
-0.127074
-0.119089
-0.122159
-0.135526
-0.153199
-0.169603
-0.177885
-0.180758
-0.179600
-0.176069
-0.171420
-0.166922
-0.161422
-0.156008
-0.147637
-0.137859
-0.124761
-0.112567
-0.104665
-0.098900
-0.090267
-0.082316
-0.087081
-0.102504
-0.122825
-0.143207
-0.157388
-0.167525
-0.173170
-0.174173
-0.173166
-0.171803
-0.169485
-0.167123
-0.161396
-0.154056
-0.142959
-0.131624
-0.125069
-0.120329
-0.111398
-0.103109
-0.106934
-0.121212
-0.140362
-0.159749
-0.173281
-0.182395
-0.186692
-0.187071
-0.185909
-0.184703
-0.182590
-0.180961
-0.174996
-0.166937
-0.154819
-0.142866
-0.136111
-0.130411
-0.120433
-0.111686
-0.115164
-0.130170
-0.150723
-0.170051
-0.182567
-0.190783
-0.194666
-0.194699
-0.192888
-0.190917
-0.187923
-0.183498
-0.174723
-0.166579
-0.155140
-0.145229
-0.139897
-0.135801
-0.128361
-0.122734
-0.127738
-0.142259
-0.160354
-0.176603
-0.186527
-0.190734
-0.190089
-0.187397
-0.183709
-0.180238
-0.176516
-0.172529
-0.164289
-0.155089
-0.143323
-0.133100
-0.127566
-0.123503
-0.116342
-0.111785
-0.117257
-0.133286
-0.152915
-0.170535
-0.181566
-0.187253
-0.186273
-0.183122
-0.179059
-0.175086
-0.170700
-0.166848
-0.157638
-0.145306
-0.131022
-0.117883
-0.109041
-0.102743
-0.094442
-0.087502
-0.091685
-0.106351
-0.125386
-0.141879
-0.151364
-0.158041
-0.160447
-0.159018
-0.155937
-0.152361
-0.146752
-0.141310
-0.132586
-0.122187
-0.109761
-0.096958
-0.087661
-0.081352
-0.073569
-0.066881
-0.070868
-0.083371
-0.099869
-0.116287
-0.127816
-0.137289
-0.141782
-0.141316
-0.139237
-0.137371
-0.134897
-0.135230
-0.131083
-0.123097
-0.113288
-0.101959
-0.093310
-0.086681
-0.078227
-0.071541
-0.076145
-0.090820
-0.110586
-0.130584
-0.145856
-0.158405
-0.164730
-0.165794
-0.164939
-0.163712
-0.162000
-0.162710
-0.158942
-0.148681
-0.135142
-0.120635
-0.109792
-0.101602
-0.091306
-0.082358
-0.083860
-0.095919
-0.112690
-0.127292
-0.135975
-0.142031
-0.144598
-0.143440
-0.140496
-0.136955
-0.131526
-0.128355
-0.121989
-0.113616
-0.103424
-0.092318
-0.084583
-0.080179
-0.074168
-0.069490
-0.074616
-0.090179
-0.109768
-0.128721
-0.141587
-0.149924
-0.153432
-0.153786
-0.152444
-0.151321
-0.149482
-0.150468
-0.146300
-0.139658
-0.130136
-0.119359
-0.111762
-0.106673
-0.098829
-0.092379
-0.095126
-0.109369
-0.128691
-0.147233
-0.159296
-0.166712
-0.168696
-0.167152
-0.163969
-0.160613
-0.156282
-0.155466
-0.149637
-0.141168
-0.130330
-0.119313
-0.111658
-0.107207
-0.100742
-0.095495
-0.098856
-0.114103
-0.132789
-0.150448
-0.160919
-0.166264
-0.166291
-0.163626
-0.159514
-0.155272
-0.150077
-0.148532
-0.143041
-0.135018
-0.125269
-0.114990
-0.105664
-0.099014
-0.091832
-0.086224
-0.087518
-0.098686
-0.114069
-0.127948
-0.134221
-0.136921
-0.135196
-0.131053
-0.125603
-0.119356
-0.111895
-0.108439
-0.102380
-0.093498
-0.088839
-0.082312
-0.073766
-0.067216
-0.061195
-0.057617
-0.062551
-0.078204
-0.098294
-0.118793
-0.131693
-0.140441
-0.141995
-0.139309
-0.135242
-0.130083
-0.122941
-0.119365
-0.113843
-0.105449
-0.095998
-0.085984
-0.077873
-0.073867
-0.068970
-0.065907
-0.069645
-0.083308
-0.099558
-0.115835
-0.124999
-0.128123
-0.124277
-0.116645
-0.106888
-0.096545
-0.084393
-0.075573
-0.068694
-0.058616
-0.053679
-0.048441
-0.037462
-0.027621
-0.019240
-0.013744
-0.016518
-0.029161
-0.047256
-0.064869
-0.075937
-0.083713
-0.086140
-0.084307
-0.079568
-0.074509
-0.070101
-0.073540
-0.074145
-0.063446
-0.048974
-0.034060
-0.022846
-0.018438
-0.015205
-0.014287
-0.021539
-0.034292
-0.049272
-0.066842
-0.078029
-0.084140
-0.084313
-0.079211
-0.071600
-0.062114
-0.051990
-0.050082
-0.047481
-0.036803
-0.024426
-0.011688
-0.001088
0.003557
0.006261
0.006348
-0.002657
-0.018451
-0.037941
-0.058802
-0.072695
-0.082347
-0.086265
-0.086354
-0.084024
-0.079083
-0.073157
-0.072495
-0.071751
-0.067229
-0.066288
-0.064040
-0.058118
-0.053923
-0.050779
-0.050562
-0.057925
-0.071235
-0.089968
-0.110108
-0.124115
-0.133884
-0.137347
-0.135212
-0.129469
-0.122504
-0.115434
-0.115856
-0.115479
-0.104250
-0.088055
-0.074360
-0.061965
-0.054363
-0.050076
-0.048764
-0.054977
-0.066596
-0.082107
-0.097690
-0.106030
-0.109184
-0.106041
-0.098508
-0.088701
-0.076349
-0.061735
-0.052673
-0.047353
-0.038738
-0.033283
-0.026584
-0.015345
-0.006689
-0.001561
0.000803
-0.004311
-0.016606
-0.033649
-0.051521
-0.062673
-0.069660
-0.070476
-0.066030
-0.058945
-0.050975
-0.042302
-0.039543
-0.038424
-0.032521
-0.030401
-0.026792
-0.020070
-0.016103
-0.013906
-0.013707
-0.020911
-0.035417
-0.054401
-0.075963
-0.091147
-0.099841
-0.102613
-0.099586
-0.093073
-0.085030
-0.075922
-0.072710
-0.074388
-0.068506
-0.059016
-0.050086
-0.041693
-0.038363
-0.036682
-0.037006
-0.044428
-0.056951
-0.073514
-0.091850
-0.103924
-0.111414
-0.113252
-0.109033
-0.100845
-0.090570
-0.078199
-0.070340
-0.068336
-0.061465
-0.057604
-0.054803
-0.045724
-0.037071
-0.031691
-0.029306
-0.033289
-0.047248
-0.065284
-0.083102
-0.094289
-0.099116
-0.098145
-0.092534
-0.085035
-0.075599
-0.063524
-0.056410
-0.057658
-0.053884
-0.052703
-0.051416
-0.044626
-0.038553
-0.034757
-0.033699
-0.040057
-0.053724
-0.071633
-0.091604
-0.105428
-0.111634
-0.111129
-0.105088
-0.096488
-0.086898
-0.076462
-0.070774
-0.071410
-0.066126
-0.062474
-0.060197
-0.052079
-0.043811
-0.038036
-0.035515
-0.040325
-0.053488
-0.070794
-0.089357
-0.101659
-0.106404
-0.104963
-0.098749
-0.090751
-0.081702
-0.071202
-0.065042
-0.064797
-0.058709
-0.056306
-0.055457
-0.047800
-0.039387
-0.034173
-0.032455
-0.038616
-0.052019
-0.069715
-0.088120
-0.100194
-0.105480
-0.104341
-0.097136
-0.087824
-0.077387
-0.065557
-0.058369
-0.057550
-0.050803
-0.047412
-0.045240
-0.036953
-0.028665
-0.023863
-0.022515
-0.028599
-0.042476
-0.060307
-0.079090
-0.091551
-0.096774
-0.096189
-0.089371
-0.080148
-0.069338
-0.056494
-0.048182
-0.047231
-0.041112
-0.035998
-0.031372
-0.023093
-0.017102
-0.014571
-0.015158
-0.023495
-0.038356
-0.057332
-0.077533
-0.091255
-0.097055
-0.098497
-0.093454
-0.085507
-0.075666
-0.063060
-0.053012
-0.054408
-0.049873
-0.039362
-0.030291
-0.020712
-0.016394
-0.015544
-0.016657
-0.024866
-0.040407
-0.058981
-0.078392
-0.092249
-0.097880
-0.098050
-0.092614
-0.084097
-0.073200
-0.059412
-0.048476
-0.048901
-0.042393
-0.030035
-0.020911
-0.010545
-0.004365
-0.002010
-0.001970
-0.008510
-0.021732
-0.037180
-0.055668
-0.069279
-0.075980
-0.076852
-0.072127
-0.064339
-0.054176
-0.041992
-0.032933
-0.034374
-0.029633
-0.025067
-0.023564
-0.015893
-0.008181
-0.004502
-0.003884
-0.010886
-0.026371
-0.045836
-0.069089
-0.088479
-0.098575
-0.103306
-0.100074
-0.093262
-0.083484
-0.070124
-0.059125
-0.060119
-0.053833
-0.039566
-0.025307
-0.012990
-0.006807
-0.005475
-0.005882
-0.013604
-0.028261
-0.045941
-0.065727
-0.081316
-0.088335
-0.089370
-0.083410
-0.074728
-0.063573
-0.048946
-0.037222
-0.038549
-0.033423
-0.022140
-0.015656
-0.005893
0.001757
0.005196
0.006432
0.001040
-0.012429
-0.029445
-0.050098
-0.066733
-0.076183
-0.079565
-0.075513
-0.068681
-0.059293
-0.046843
-0.037183
-0.040351
-0.035727
-0.021828
-0.008674
0.003171
0.009724
0.010755
0.009404
0.000946
-0.014899
-0.033265
-0.054185
-0.070985
-0.079694
-0.082687
-0.077850
-0.070050
-0.059417
-0.044955
-0.033051
-0.034416
-0.028574
-0.014435
-0.003716
0.006990
0.013677
0.015165
0.014278
0.006378
-0.009678
-0.029236
-0.052598
-0.072173
-0.083785
-0.090384
-0.088520
-0.083092
-0.074705
-0.062097
-0.049909
-0.053046
-0.049448
-0.035660
-0.021310
-0.006973
0.003153
0.007717
0.009893
0.005238
-0.007572
-0.023012
-0.041245
-0.056296
-0.063304
-0.065816
-0.062059
-0.055277
-0.045743
-0.032186
-0.018915
-0.022044
-0.019415
-0.007217
0.000167
0.009735
0.016625
0.018426
0.017762
0.010337
-0.005985
-0.024346
-0.046377
-0.066238
-0.076946
-0.081332
-0.078211
-0.072460
-0.064317
-0.052094
-0.039234
-0.041554
-0.039570
-0.028703
-0.022911
-0.013550
-0.005168
-0.001166
0.000487
-0.003789
-0.016264
-0.031596
-0.049594
-0.064929
-0.073037
-0.077281
-0.074214
-0.066889
-0.056338
-0.041767
-0.026975
-0.029580
-0.026749
-0.012539
0.000801
0.014032
0.020693
0.022140
0.022269
0.016491
0.001929
-0.017402
-0.040511
-0.061264
-0.071422
-0.077267
-0.072347
-0.065803
-0.057644
-0.046149
-0.033876
-0.036382
-0.036379
-0.028644
-0.027131
-0.021204
-0.012429
-0.006850
-0.002885
-0.003353
-0.012201
-0.024784
-0.040427
-0.053507
-0.060623
-0.061771
-0.056770
-0.049076
-0.039023
-0.025756
-0.014520
-0.020194
-0.021046
-0.011111
-0.006351
0.002630
0.010588
0.012823
0.012278
0.005435
-0.010122
-0.029365
-0.052166
-0.072427
-0.082542
-0.086502
-0.084029
-0.079813
-0.073388
-0.064367
-0.053659
-0.056633
-0.055187
-0.047050
-0.045909
-0.037647
-0.024483
-0.015314
-0.009856
-0.009525
-0.016613
-0.027766
-0.041888
-0.052973
-0.058492
-0.061471
-0.059018
-0.052649
-0.042925
-0.028521
-0.010697
-0.010097
-0.008204
0.006260
0.017881
0.027560
0.034471
0.035296
0.032721
0.024857
0.008743
-0.011693
-0.035279
-0.055662
-0.067205
-0.073673
-0.074706
-0.073091
-0.068252
-0.060483
-0.049676
-0.055640
-0.061363
-0.056070
-0.050831
-0.042941
-0.035056
-0.033915
-0.037077
-0.047044
-0.065715
-0.086569
-0.109114
-0.127503
-0.140352
-0.149128
-0.151198
-0.147163
-0.139591
-0.129302
-0.116705
-0.119874
-0.119308
-0.106728
-0.094205
-0.080321
-0.070934
-0.067669
-0.065633
-0.067209
-0.078979
-0.097121
-0.119421
-0.137388
-0.148144
-0.154449
-0.153427
-0.147847
-0.139810
-0.128910
-0.115876
-0.117726
-0.117395
-0.105507
-0.093926
-0.080631
-0.069679
-0.065516
-0.064955
-0.070844
-0.084668
-0.102472
-0.122720
-0.137454
-0.146432
-0.150365
-0.148546
-0.141768
-0.131850
-0.119393
-0.104318
-0.104747
-0.104087
-0.090202
-0.077170
-0.064015
-0.053852
-0.050369
-0.049287
-0.052708
-0.065316
-0.083051
-0.104045
-0.119730
-0.129098
-0.132164
-0.128014
-0.119520
-0.108255
-0.094981
-0.079286
-0.078264
-0.079143
-0.067953
-0.060163
-0.051353
-0.039855
-0.033880
-0.031201
-0.033773
-0.043583
-0.057026
-0.072533
-0.083261
-0.088714
-0.088831
-0.082247
-0.071700
-0.059015
-0.043480
-0.024807
-0.022893
-0.025473
-0.015202
-0.009126
-0.004299
0.003187
0.005901
0.005941
0.001899
-0.009413
-0.026437
-0.046718
-0.065078
-0.078300
-0.084262
-0.082857
-0.077267
-0.068950
-0.058226
-0.045301
-0.049683
-0.058971
-0.055312
-0.047174
-0.039134
-0.030574
-0.029218
-0.031464
-0.039855
-0.056572
-0.077906
-0.101599
-0.121905
-0.136248
-0.142797
-0.142052
-0.136952
-0.129781
-0.121001
-0.110336
-0.114604
-0.123778
-0.120239
-0.112737
-0.102585
-0.090552
-0.085093
-0.082522
-0.084669
-0.093462
-0.108827
-0.125898
-0.139614
-0.149613
-0.153674
-0.152075
-0.146151
-0.137950
-0.127561
-0.114959
-0.116603
-0.121378
-0.115681
-0.104721
-0.093492
-0.080768
-0.073758
-0.069295
-0.070153
-0.077672
-0.091054
-0.106674
-0.118316
-0.126068
-0.128137
-0.124685
-0.116572
-0.106475
-0.092938
-0.076488
-0.075057
-0.081908
-0.076982
-0.067678
-0.059169
-0.050667
-0.048441
-0.048085
-0.052531
-0.063752
-0.081414
-0.101218
-0.118913
-0.132541
-0.137891
-0.136253
-0.128952
-0.119268
-0.107779
-0.093472
-0.093998
-0.103762
-0.101375
-0.093864
-0.085552
-0.075354
-0.071335
-0.069495
-0.072552
-0.081402
-0.097394
-0.114957
-0.128680
-0.138229
-0.140764
-0.138307
-0.130492
-0.120099
-0.107579
-0.092462
-0.091504
-0.099587
-0.096669
-0.088627
-0.080680
-0.071239
-0.067816
-0.066133
-0.068835
-0.078135
-0.094604
-0.113269
-0.129121
-0.141970
-0.147057
-0.146098
-0.139020
-0.129350
-0.117799
-0.103743
-0.104158
-0.111670
-0.106874
-0.097615
-0.088596
-0.078534
-0.074916
-0.073362
-0.076103
-0.084915
-0.101460
-0.119730
-0.135980
-0.149192
-0.153716
-0.152573
-0.145396
-0.135614
-0.123896
-0.110763
-0.111999
-0.122877
-0.121639
-0.114263
-0.105668
-0.094286
-0.088775
-0.085713
-0.088035
-0.096844
-0.113576
-0.130909
-0.145046
-0.155835
-0.159141
-0.159339
-0.154657
-0.147350
-0.137845
-0.127084
-0.130236
-0.142259
-0.143386
-0.136005
-0.124606
-0.109294
-0.098113
-0.090371
-0.085434
-0.086205
-0.095861
-0.107978
-0.120657
-0.129926
-0.129663
-0.125767
-0.116838
-0.105766
-0.092156
-0.077884
-0.080300
-0.093121
-0.096302
-0.090901
-0.087010
-0.079031
-0.076914
-0.076750
-0.079709
-0.088856
-0.106138
-0.123945
-0.140648
-0.154669
-0.159980
-0.161056
-0.156985
-0.150450
-0.141732
-0.131932
-0.136301
-0.148961
-0.150961
-0.143551
-0.131449
-0.113432
-0.098747
-0.088530
-0.080599
-0.076825
-0.082299
-0.089634
-0.098306
-0.102584
-0.097692
-0.089998
-0.077519
-0.064110
-0.048112
-0.031319
-0.031314
-0.047817
-0.057586
-0.058924
-0.057515
-0.050825
-0.047996
-0.049580
-0.055144
-0.066784
-0.087122
-0.104931
-0.119903
-0.127507
-0.127987
-0.125980
-0.119424
-0.110441
-0.098414
-0.085215
-0.088251
-0.100433
-0.101933
-0.096820
-0.090091
-0.080630
-0.076490
-0.075517
-0.079027
-0.088723
-0.107558
-0.122477
-0.136041
-0.146026
-0.147485
-0.146487
-0.140436
-0.131715
-0.120521
-0.107755
-0.109572
-0.124750
-0.130267
-0.125919
-0.118181
-0.105878
-0.097152
-0.092864
-0.091907
-0.096895
-0.110285
-0.123078
-0.135205
-0.144378
-0.144953
-0.142842
-0.135215
-0.125155
-0.112382
-0.097854
-0.098115
-0.111634
-0.116346
-0.110557
-0.102270
-0.090907
-0.084336
-0.081902
-0.082335
-0.088143
-0.102081
-0.108915
-0.114671
-0.117920
-0.113248
-0.106745
-0.096030
-0.082899
-0.067114
-0.051004
-0.050955
-0.062002
-0.064784
-0.058205
-0.054109
-0.049584
-0.050180
-0.053126
-0.059009
-0.072894
-0.096625
-0.116267
-0.136928
-0.154716
-0.161205
-0.163360
-0.159301
-0.152159
-0.141768
-0.128718
-0.127791
-0.144043
-0.153968
-0.149586
-0.139223
-0.123228
-0.109153
-0.101089
-0.095766
-0.095598
-0.104346
-0.112277
-0.121637
-0.127737
-0.124962
-0.119866
-0.109047
-0.096412
-0.080623
-0.062776
-0.058546
-0.071644
-0.079602
-0.079005
-0.074291
-0.065746
-0.059760
-0.059186
-0.061406
-0.068647
-0.083659
-0.095000
-0.107473
-0.116497
-0.116194
-0.114297
-0.107363
-0.098763
-0.086668
-0.071584
-0.068874
-0.079909
-0.084568
-0.079628
-0.072246
-0.061769
-0.054553
-0.052407
-0.052510
-0.057562
-0.070430
-0.082530
-0.097079
-0.108435
-0.110544
-0.110370
-0.104499
-0.097535
-0.087238
-0.075123
-0.075691
-0.093137
-0.105690
-0.106805
-0.100453
-0.086951
-0.073220
-0.062378
-0.052046
-0.049646
-0.057745
-0.068249
-0.081725
-0.090435
-0.091414
-0.088744
-0.078912
-0.068294
-0.055207
-0.042094
-0.044929
-0.058112
-0.062000
-0.056623
-0.051704
-0.043673
-0.039522
-0.039523
-0.041181
-0.047780
-0.064946
-0.083009
-0.104646
-0.121068
-0.127165
-0.128412
-0.121025
-0.112661
-0.101408
-0.091938
-0.097435
-0.115884
-0.127391
-0.125993
-0.119191
-0.106396
-0.094385
-0.088703
-0.084253
-0.086119
-0.096844
-0.105968
-0.115872
-0.122225
-0.118977
-0.114663
-0.106473
-0.097031
-0.084725
-0.071403
-0.067914
-0.075612
-0.080908
-0.077585
-0.072017
-0.064662
-0.059937
-0.060367
-0.062676
-0.070488
-0.086837
-0.096915
-0.104995
-0.110332
-0.106187
-0.101694
-0.090243
-0.077391
-0.061675
-0.044903
-0.041409
-0.055077
-0.064212
-0.063080
-0.057336
-0.044653
-0.032929
-0.026669
-0.022086
-0.023957
-0.035321
-0.047416
-0.061696
-0.069863
-0.069292
-0.066494
-0.055656
-0.044500
-0.031242
-0.021302
-0.026485
-0.049123
-0.067406
-0.073948
-0.071651
-0.060759
-0.049200
-0.042422
-0.036084
-0.037129
-0.047798
-0.057947
-0.068539
-0.073366
-0.072688
-0.070436
-0.059797
-0.048563
-0.034924
-0.023751
-0.025877
-0.044795
-0.059359
-0.063592
-0.061998
-0.054229
-0.047323
-0.044832
-0.041835
-0.045371
-0.058165
-0.072356
-0.090032
-0.102400
-0.109177
-0.112414
-0.105425
-0.097887
-0.087808
-0.080111
-0.083754
-0.101778
-0.115637
-0.118256
-0.113311
-0.100185
-0.085859
-0.075814
-0.065715
-0.062292
-0.067971
-0.075768
-0.084309
-0.090242
-0.091534
-0.090763
-0.082477
-0.073159
-0.061051
-0.046510
-0.039185
-0.049709
-0.063393
-0.068843
-0.066862
-0.061097
-0.053432
-0.051412
-0.050898
-0.055849
-0.069220
-0.081996
-0.088388
-0.093508
-0.092377
-0.084368
-0.071178
-0.057263
-0.040646
-0.021932
-0.012244
-0.022338
-0.034400
-0.038293
-0.037331
-0.035213
-0.032665
-0.036023
-0.040019
-0.049381
-0.067224
-0.084223
-0.094924
-0.104579
-0.108018
-0.103645
-0.093760
-0.082155
-0.067836
-0.050968
-0.042185
-0.050521
-0.060959
-0.063397
-0.060524
-0.054980
-0.047884
-0.045778
-0.043925
-0.047022
-0.057345
-0.067348
-0.072036
-0.077235
-0.076606
-0.072109
-0.062287
-0.050781
-0.036183
-0.019500
-0.010364
-0.020503
-0.033113
-0.037357
-0.036761
-0.032302
-0.027662
-0.028187
-0.028990
-0.034968
-0.048355
-0.060190
-0.065853
-0.072233
-0.072244
-0.066480
-0.055414
-0.042551
-0.026663
-0.008211
0.001529
-0.009162
-0.022587
-0.027868
-0.027230
-0.025551
-0.023295
-0.026472
-0.030282
-0.039160
-0.056398
-0.074931
-0.089542
-0.103872
-0.112024
-0.110893
-0.103667
-0.094542
-0.082636
-0.067882
-0.061550
-0.074833
-0.092634
-0.102157
-0.100551
-0.091630
-0.080058
-0.073786
-0.068883
-0.067933
-0.073597
-0.080857
-0.081656
-0.084638
-0.083213
-0.073914
-0.060845
-0.047374
-0.031048
-0.013819
0.000047
-0.001279
-0.011704
-0.015497
-0.014554
-0.015280
-0.015894
-0.023256
-0.032238
-0.045749
-0.066890
-0.088132
-0.097647
-0.108140
-0.112780
-0.107789
-0.099262
-0.090986
-0.080815
-0.067865
-0.057263
-0.058362
-0.067457
-0.071316
-0.068330
-0.065218
-0.060436
-0.060346
-0.062135
-0.069026
-0.082556
-0.097690
-0.102946
-0.110657
-0.114394
-0.108737
-0.098539
-0.087823
-0.074243
-0.057833
-0.047012
-0.052261
-0.063474
-0.068853
-0.066892
-0.060827
-0.051765
-0.046995
-0.045222
-0.047223
-0.055779
-0.067301
-0.071515
-0.075979
-0.072947
-0.062271
-0.049650
-0.035714
-0.018097
0.001453
0.015459
0.012929
0.002102
-0.003393
-0.002711
-0.005970
-0.008489
-0.015559
-0.022855
-0.035674
-0.054944
-0.076653
-0.090152
-0.105200
-0.117067
-0.117306
-0.112375
-0.105013
-0.094721
-0.081242
-0.069468
-0.071135
-0.082190
-0.088037
-0.084371
-0.075691
-0.063235
-0.053771
-0.047942
-0.044880
-0.047954
-0.057454
-0.061850
-0.067694
-0.069580
-0.062777
-0.050885
-0.035665
-0.019364
-0.001308
0.011429
0.008573
-0.001450
-0.006522
-0.006315
-0.010140
-0.012256
-0.017999
-0.026441
-0.038080
-0.054635
-0.074266
-0.080689
-0.086865
-0.087924
-0.079293
-0.068979
-0.057968
-0.044839
-0.029619
-0.016764
-0.016207
-0.026986
-0.035677
-0.035438
-0.037226
-0.037818
-0.042027
-0.048159
-0.059475
-0.077194
-0.095805
-0.100251
-0.107502
-0.114626
-0.109689
-0.099586
-0.088657
-0.074991
-0.058304
-0.049021
-0.057221
-0.073842
-0.084672
-0.085922
-0.081948
-0.072020
-0.062694
-0.058124
-0.054760
-0.055939
-0.064732
-0.071753
-0.076979
-0.078456
-0.074358
-0.065473
-0.049893
-0.033445
-0.014490
0.000711
0.001112
-0.017191
-0.034422
-0.042249
-0.041999
-0.037807
-0.032435
-0.032533
-0.033533
-0.038324
-0.048735
-0.053621
-0.054202
-0.051811
-0.043904
-0.031254
-0.014489
0.000221
0.010942
0.015689
0.009786
-0.012168
-0.030209
-0.031072
-0.031142
-0.040648
-0.050134
-0.065413
-0.087660
-0.111358
-0.139836
-0.162307
-0.175821
-0.189353
-0.190057
-0.178400
-0.163011
-0.146838
-0.127929
-0.107838
-0.090932
-0.089500
-0.093995
-0.093655
-0.094112
-0.096854
-0.096270
-0.099893
-0.106380
-0.116205
-0.127267
-0.139256
-0.141904
-0.139777
-0.142765
-0.136052
-0.120149
-0.103314
-0.088459
-0.074892
-0.064079
-0.061779
-0.075403
-0.089491
-0.088710
-0.081583
-0.080715
-0.079647
-0.079962
-0.083799
-0.092186
-0.105742
-0.111914
-0.111059
-0.112344
-0.106640
-0.086019
-0.065280
-0.045043
-0.023720
-0.002899
0.014433
0.016046
0.009683
0.006513
0.007169
0.002409
-0.001247
-0.008261
-0.015514
-0.026647
-0.039631
-0.053165
-0.051956
-0.052984
-0.059312
-0.058913
-0.051972
-0.044661
-0.034354
-0.020783
-0.015154
-0.025587
-0.046290
-0.062353
-0.069479
-0.071634
-0.066224
-0.059716
-0.057086
-0.056296
-0.060471
-0.070487
-0.078000
-0.082330
-0.085333
-0.076987
-0.063940
-0.047837
-0.030479
-0.009971
0.010860
0.028112
0.026295
0.015705
0.011562
0.010901
0.006978
0.003085
-0.008029
-0.019777
-0.036087
-0.058673
-0.078149
-0.089565
-0.104542
-0.111717
-0.106801
-0.096709
-0.085942
-0.072874
-0.059503
-0.055790
-0.071029
-0.091118
-0.100335
-0.099342
-0.092622
-0.081299
-0.074547
-0.068648
-0.066569
-0.069042
-0.073889
-0.072343
-0.073681
-0.070956
-0.057273
-0.042464
-0.026337
-0.008367
0.011083
0.025568
0.022582
0.010412
0.003291
0.003131
0.000125
-0.002494
-0.010449
-0.018797
-0.032002
-0.050843
-0.071601
-0.081289
-0.094793
-0.108782
-0.112767
-0.111361
-0.108814
-0.103215
-0.094100
-0.088107
-0.092681
-0.103111
-0.107473
-0.103850
-0.097562
-0.084427
-0.071619
-0.063290
-0.056620
-0.054987
-0.060522
-0.065591
-0.068452
-0.070659
-0.062931
-0.049141
-0.031593
-0.013466
0.003261
0.010563
0.006200
-0.012544
-0.030280
-0.033791
-0.037004
-0.039232
-0.037223
-0.038396
-0.040810
-0.046193
-0.056980
-0.067233
-0.069289
-0.073551
-0.073747
-0.063077
-0.050371
-0.035701
-0.017482
0.001459
0.015461
0.011335
-0.003561
-0.013335
-0.020356
-0.029127
-0.035661
-0.047390
-0.059274
-0.074988
-0.094419
-0.115448
-0.124158
-0.134410
-0.145193
-0.145756
-0.142038
-0.136522
-0.128155
-0.116802
-0.105856
-0.106452
-0.118700
-0.127156
-0.124702
-0.118354
-0.106934
-0.096111
-0.090218
-0.087225
-0.088716
-0.096581
-0.101339
-0.105137
-0.111627
-0.109699
-0.097642
-0.081084
-0.063151
-0.042954
-0.025704
-0.019883
-0.030754
-0.042910
-0.043712
-0.041152
-0.037230
-0.028530
-0.024075
-0.021585
-0.020622
-0.023793
-0.032476
-0.035613
-0.040890
-0.040359
-0.029001
-0.016128
-0.000477
0.018115
0.037674
0.049059
0.040900
0.024106
0.013367
0.006860
-0.001744
-0.007440
-0.017656
-0.028757
-0.043323
-0.062498
-0.081844
-0.090419
-0.102028
-0.113691
-0.115865
-0.112911
-0.108664
-0.101390
-0.090633
-0.080971
-0.083149
-0.093025
-0.098028
-0.094959
-0.091719
-0.084253
-0.079765
-0.080167
-0.083473
-0.090996
-0.105764
-0.112595
-0.119282
-0.124040
-0.122040
-0.114507
-0.100456
-0.085978
-0.068821
-0.054605
-0.053797
-0.068104
-0.080738
-0.082445
-0.079952
-0.072493
-0.062615
-0.055433
-0.049447
-0.047677
-0.052674
-0.062162
-0.068594
-0.077853
-0.082225
-0.075825
-0.064665
-0.051362
-0.034321
-0.016463
-0.009031
-0.021931
-0.038607
-0.047170
-0.049151
-0.050027
-0.046027
-0.045623
-0.045809
-0.049937
-0.059152
-0.072751
-0.076473
-0.081965
-0.085414
-0.078435
-0.067763
-0.053532
-0.041175
-0.031556
-0.027829
-0.036452
-0.056770
-0.065363
-0.061557
-0.065558
-0.071020
-0.074594
-0.082937
-0.092386
-0.106026
-0.121054
-0.121341
-0.121941
-0.121344
-0.110731
-0.096292
-0.078945
-0.064352
-0.053552
-0.047202
-0.047707
-0.062274
-0.069466
-0.062137
-0.062475
-0.070851
-0.076941
-0.085389
-0.095797
-0.109216
-0.128368
-0.145778
-0.152089
-0.162786
-0.171387
-0.166462
-0.157109
-0.146655
-0.132809
-0.115134
-0.098181
-0.093718
-0.097144
-0.096364
-0.091069
-0.090079
-0.085052
-0.082644
-0.085054
-0.089838
-0.097582
-0.109599
-0.113646
-0.113078
-0.114349
-0.106919
-0.090410
-0.073348
-0.057021
-0.041349
-0.030483
-0.028388
-0.038628
-0.052628
-0.052785
-0.048795
-0.047953
-0.044007
-0.044629
-0.048772
-0.055589
-0.068007
-0.083573
-0.088233
-0.094177
-0.098034
-0.092742
-0.084424
-0.074188
-0.061478
-0.046092
-0.031739
-0.031235
-0.040087
-0.046230
-0.044818
-0.045598
-0.043101
-0.044068
-0.050057
-0.058749
-0.071726
-0.089138
-0.094584
-0.099522
-0.102194
-0.097906
-0.088701
-0.073352
-0.057268
-0.038656
-0.022455
-0.018886
-0.032713
-0.046780
-0.052531
-0.053144
-0.050976
-0.048198
-0.050415
-0.054404
-0.062476
-0.075827
-0.087617
-0.094382
-0.103882
-0.107828
-0.102333
-0.093318
-0.083835
-0.071669
-0.059374
-0.057262
-0.073761
-0.093179
-0.101793
-0.101259
-0.098911
-0.092615
-0.090151
-0.088353
-0.090416
-0.096091
-0.104730
-0.101848
-0.101016
-0.102352
-0.093592
-0.079217
-0.064585
-0.053120
-0.044333
-0.038477
-0.042276
-0.060122
-0.069538
-0.067760
-0.074348
-0.086375
-0.096059
-0.106898
-0.121649
-0.140113
-0.162251
-0.170326
-0.173991
-0.182174
-0.180826
-0.168515
-0.156655
-0.143056
-0.125821
-0.106418
-0.089674
-0.089729
-0.097769
-0.099590
-0.097747
-0.097897
-0.096399
-0.099766
-0.107057
-0.116991
-0.128352
-0.141260
-0.143653
-0.145390
-0.150343
-0.145541
-0.132561
-0.117263
-0.101045
-0.084549
-0.070905
-0.068930
-0.082892
-0.092531
-0.087151
-0.079145
-0.076272
-0.075269
-0.078782
-0.082196
-0.088296
-0.100541
-0.105570
-0.106599
-0.112510
-0.108431
-0.092836
-0.074834
-0.057592
-0.042157
-0.031805
-0.028717
-0.041715
-0.056396
-0.054988
-0.047794
-0.050089
-0.055696
-0.067364
-0.081253
-0.099989
-0.124761
-0.138725
-0.146873
-0.160816
-0.162299
-0.150390
-0.136515
-0.122406
-0.105674
-0.086916
-0.072444
-0.075870
-0.085770
-0.089907
-0.085409
-0.078454
-0.069083
-0.064260
-0.059151
-0.057007
-0.058042
-0.063109
-0.058726
-0.055502
-0.052812
-0.045800
-0.033354
-0.014840
0.004382
0.024792
0.042774
0.048999
0.037802
0.027523
0.023058
0.016633
0.011249
0.004515
-0.007648
-0.019819
-0.034798
-0.052880
-0.057194
-0.059983
-0.059700
-0.051676
-0.040417
-0.026239
-0.011980
0.003359
0.014431
0.015031
0.000661
-0.013938
-0.018545
-0.022627
-0.025668
-0.030707
-0.041020
-0.054734
-0.072768
-0.095070
-0.103797
-0.110517
-0.121573
-0.122608
-0.113478
-0.102230
-0.092421
-0.084180
-0.078774
-0.080347
-0.094660
-0.104177
-0.098748
-0.099144
-0.104966
-0.107642
-0.108290
-0.113275
-0.121592
-0.134226
-0.144688
-0.146440
-0.152678
-0.158814
-0.154062
-0.145529
-0.135777
-0.123338
-0.109278
-0.098007
-0.097626
-0.104067
-0.104740
-0.097617
-0.093476
-0.085514
-0.079772
-0.078663
-0.079905
-0.083952
-0.092581
-0.096581
-0.096725
-0.100797
-0.095328
-0.078290
-0.061606
-0.044480
-0.025638
-0.009474
0.001312
-0.003938
-0.016294
-0.020008
-0.022515
-0.031141
-0.038712
-0.051077
-0.062148
-0.076300
-0.094210
-0.113102
-0.117418
-0.124521
-0.133358
-0.127155
-0.115277
-0.103078
-0.087962
-0.069533
-0.054607
-0.053801
-0.062390
-0.068437
-0.067724
-0.066481
-0.061132
-0.056539
-0.057206
-0.058745
-0.064138
-0.075975
-0.084563
-0.088266
-0.091161
-0.080091
-0.056864
-0.033736
-0.009731
0.015462
0.038070
0.054188
0.051086
0.041584
0.041176
0.041345
0.036161
0.029800
0.016619
0.002504
-0.015510
-0.037701
-0.047943
-0.050727
-0.056873
-0.056254
-0.045071
-0.029834
-0.015245
-0.000561
0.009857
0.015304
0.002842
-0.014776
-0.020949
-0.022412
-0.028365
-0.032716
-0.043189
-0.055240
-0.071215
-0.093273
-0.112571
-0.120549
-0.130964
-0.135357
-0.125225
-0.112294
-0.098683
-0.082513
-0.064090
-0.049065
-0.049926
-0.061548
-0.069412
-0.067321
-0.063231
-0.056240
-0.053949
-0.052540
-0.055184
-0.061884
-0.074105
-0.074785
-0.077012
-0.081156
-0.077736
-0.066764
-0.051232
-0.034648
-0.016983
-0.003321
0.000885
-0.012182
-0.023721
-0.024206
-0.024816
-0.024282
-0.024251
-0.030877
-0.038449
-0.050818
-0.070637
-0.083015
-0.092205
-0.103011
-0.103783
-0.095508
-0.081407
-0.066989
-0.050219
-0.035499
-0.029708
-0.042780
-0.057775
-0.061984
-0.059546
-0.052997
-0.043758
-0.039730
-0.036005
-0.036104
-0.042313
-0.051711
-0.057587
-0.066487
-0.073251
-0.072014
-0.064861
-0.056269
-0.044636
-0.031998
-0.022880
-0.027099
-0.036929
-0.042538
-0.045804
-0.049930
-0.051723
-0.058501
-0.066075
-0.077767
-0.093790
-0.112697
-0.118654
-0.126147
-0.131682
-0.127162
-0.119244
-0.109317
-0.096978
-0.081046
-0.065977
-0.062989
-0.070558
-0.075653
-0.071787
-0.067538
-0.060778
-0.056437
-0.056709
-0.059617
-0.066524
-0.078914
-0.079495
-0.080752
-0.083357
-0.080089
-0.069906
-0.054455
-0.038725
-0.021013
-0.008126
-0.007214
-0.019312
-0.030395
-0.032912
-0.030850
-0.026722
-0.023888
-0.027279
-0.031396
-0.039522
-0.054322
-0.066375
-0.076675
-0.084465
-0.086603
-0.083150
-0.072412
-0.060916
-0.046548
-0.031950
-0.026430
-0.037173
-0.046986
-0.048073
-0.044617
-0.037128
-0.027226
-0.021850
-0.017204
-0.018242
-0.028277
-0.040257
-0.049200
-0.058385
-0.060497
-0.054190
-0.042023
-0.028836
-0.012500
0.003607
0.011627
0.001403
-0.009932
-0.013539
-0.019002
-0.023861
-0.026605
-0.035612
-0.046036
-0.059435
-0.076378
-0.084807
-0.087206
-0.092982
-0.091507
-0.079480
-0.065842
-0.056154
-0.050588
-0.049190
-0.052219
-0.067080
-0.082138
-0.080984
-0.073707
-0.072934
-0.070219
-0.065568
-0.068373
-0.071944
-0.079674
-0.090034
-0.093037
-0.098939
-0.100905
-0.089319
-0.074020
-0.057097
-0.036904
-0.016171
-0.000517
0.000893
-0.007309
-0.011249
-0.010880
-0.015687
-0.017903
-0.022427
-0.029061
-0.039980
-0.054688
-0.071122
-0.072609
-0.074091
-0.077697
-0.076824
-0.069053
-0.056846
-0.044874
-0.032560
-0.025207
-0.030849
-0.051705
-0.065787
-0.066181
-0.065726
-0.062945
-0.057330
-0.056779
-0.056772
-0.060497
-0.068947
-0.080919
-0.084635
-0.091149
-0.091980
-0.080300
-0.066558
-0.052119
-0.039006
-0.029640
-0.026243
-0.036387
-0.055396
-0.061285
-0.059753
-0.069753
-0.079976
-0.089821
-0.100888
-0.112965
-0.127229
-0.143466
-0.144831
-0.146687
-0.154307
-0.149559
-0.137196
-0.123460
-0.112190
-0.102594
-0.096027
-0.096617
-0.110157
-0.121242
-0.117936
-0.116680
-0.124846
-0.129015
-0.130474
-0.137166
-0.145874
-0.157309
-0.173231
-0.179210
-0.180839
-0.187360
-0.180783
-0.163643
-0.145255
-0.129265
-0.115154
-0.103112
-0.096962
-0.103823
-0.113565
-0.109493
-0.106790
-0.116752
-0.127508
-0.138263
-0.152911
-0.167513
-0.183718
-0.202171
-0.206420
-0.207876
-0.217533
-0.212104
-0.195942
-0.182045
-0.168690
-0.156858
-0.146931
-0.140153
-0.145647
-0.154345
-0.151887
-0.153029
-0.163264
-0.168875
-0.170511
-0.175641
-0.183844
-0.195183
-0.206533
-0.217451
-0.216610
-0.213617
-0.211969
-0.194616
-0.174250
-0.152578
-0.128017
-0.102107
-0.078498
-0.060769
-0.060244
-0.062565
-0.057906
-0.056511
-0.056250
-0.053095
-0.055632
-0.059839
-0.068298
-0.081495
-0.095155
-0.098606
-0.104024
-0.104244
-0.093415
-0.081398
-0.068258
-0.052889
-0.035209
-0.017862
-0.015601
-0.028341
-0.039739
-0.042429
-0.044372
-0.043188
-0.043130
-0.045113
-0.049056
-0.056552
-0.069363
-0.070462
-0.069508
-0.067529
-0.056173
-0.039267
-0.018396
0.004129
0.028632
0.048195
0.057452
0.045087
0.030560
0.025006
0.019371
0.014195
0.008025
-0.005146
-0.018346
-0.034086
-0.052158
-0.056073
-0.055999
-0.054877
-0.045485
-0.030341
-0.013226
0.003708
0.021639
0.032723
0.033070
0.014619
-0.004100
-0.012221
-0.016983
-0.020386
-0.023402
-0.031892
-0.041350
-0.053549
-0.071399
-0.085696
-0.097296
-0.112452
-0.119994
-0.117344
-0.107488
-0.095764
-0.080960
-0.065514
-0.058917
-0.070338
-0.083538
-0.085502
-0.081471
-0.072621
-0.060456
-0.053263
-0.046137
-0.042172
-0.042238
-0.042463
-0.040208
-0.041079
-0.034037
-0.016503
0.001136
0.019971
0.038860
0.053174
0.057096
0.043297
0.026299
0.019403
0.018071
0.010380
0.005281
-0.004743
-0.015730
-0.029847
-0.048851
-0.066513
-0.074313
-0.085352
-0.091549
-0.085178
-0.074861
-0.063342
-0.048793
-0.032655
-0.023629
-0.034375
-0.053667
-0.065801
-0.068245
-0.066324
-0.060556
-0.059059
-0.060010
-0.063764
-0.071517
-0.083854
-0.085653
-0.088285
-0.086898
-0.077282
-0.065111
-0.050685
-0.035145
-0.018984
-0.007241
-0.011764
-0.028265
-0.040207
-0.043709
-0.044113
-0.041119
-0.040829
-0.044884
-0.051189
-0.061572
-0.076872
-0.081840
-0.087200
-0.086993
-0.078216
-0.065837
-0.049243
-0.031949
-0.013338
-0.001488
-0.004764
-0.020523
-0.032916
-0.036777
-0.039308
-0.037828
-0.037373
-0.042308
-0.049635
-0.061178
-0.076013
-0.080785
-0.085735
-0.086968
-0.079533
-0.067147
-0.050528
-0.032921
-0.013319
0.001373
0.000144
-0.014465
-0.026064
-0.029355
-0.033030
-0.033307
-0.035849
-0.043879
-0.054031
-0.068220
-0.086793
-0.093232
-0.098406
-0.100071
-0.093435
-0.082361
-0.066303
-0.049804
-0.031368
-0.017091
-0.016832
-0.033251
-0.047834
-0.053773
-0.054423
-0.052401
-0.051202
-0.055873
-0.062026
-0.071975
-0.086586
-0.090748
-0.093429
-0.092779
-0.084379
-0.071976
-0.055624
-0.038773
-0.020474
-0.007334
-0.008465
-0.025936
-0.040596
-0.045120
-0.045496
-0.043673
-0.042487
-0.048125
-0.055489
-0.066739
-0.083070
-0.090086
-0.095870
-0.097551
-0.092215
-0.083468
-0.070329
-0.056696
-0.040791
-0.027432
-0.026907
-0.042912
-0.056847
-0.060028
-0.055590
-0.047426
-0.038331
-0.033958
-0.030708
-0.032418
-0.042066
-0.053056
-0.061000
-0.067918
-0.069217
-0.063718
-0.052055
-0.039272
-0.023237
-0.007814
-0.001824
-0.016474
-0.032706
-0.039455
-0.039173
-0.034654
-0.027290
-0.024238
-0.021878
-0.024468
-0.034169
-0.046021
-0.052402
-0.061242
-0.064331
-0.057202
-0.045886
-0.033196
-0.016984
-0.000122
0.007152
-0.006592
-0.024376
-0.033648
-0.036460
-0.037485
-0.034065
-0.034489
-0.037860
-0.043499
-0.053828
-0.067845
-0.073749
-0.082330
-0.090519
-0.089900
-0.085082
-0.078976
-0.069994
-0.057934
-0.048162
-0.053370
-0.066102
-0.075374
-0.076036
-0.075936
-0.071308
-0.069590
-0.071767
-0.077171
-0.086513
-0.103042
-0.111214
-0.117296
-0.126257
-0.125489
-0.115304
-0.102407
-0.091660
-0.083077
-0.078690
-0.081361
-0.096794
-0.108554
-0.104004
-0.101754
-0.105314
-0.107164
-0.108588
-0.114062
-0.119511
-0.128577
-0.134789
-0.134314
-0.137771
-0.139642
-0.130642
-0.118034
-0.104507
-0.087817
-0.069299
-0.052998
-0.052425
-0.058807
-0.060870
-0.056273
-0.053821
-0.048554
-0.047620
-0.048558
-0.052481
-0.060030
-0.072751
-0.073892
-0.075841
-0.077219
-0.073215
-0.063849
-0.049243
-0.033795
-0.016167
-0.000522
0.006127
-0.003587
-0.013551
-0.017044
-0.016414
-0.013621
-0.012423
-0.018112
-0.023803
-0.033207
-0.049027
-0.058203
-0.065472
-0.069705
-0.065584
-0.054895
-0.039105
-0.022956
-0.004951
0.010761
0.015180
-0.000316
-0.015678
-0.022773
-0.025848
-0.027028
-0.028443
-0.036562
-0.045799
-0.058884
-0.076129
-0.083357
-0.088957
-0.091873
-0.087157
-0.077712
-0.064006
-0.049737
-0.033196
-0.021920
-0.021901
-0.036020
-0.048618
-0.052099
-0.053046
-0.050702
-0.046906
-0.047773
-0.049783
-0.055506
-0.067482
-0.079368
-0.088691
-0.099283
-0.101760
-0.097342
-0.086590
-0.074291
-0.059769
-0.047323
-0.045887
-0.058849
-0.069407
-0.068591
-0.062902
-0.054500
-0.043005
-0.035741
-0.032649
-0.030935
-0.033838
-0.041259
-0.043927
-0.048462
-0.047220
-0.036238
-0.021133
-0.002321
0.019044
0.040052
0.052349
0.044477
0.026105
0.016210
0.010621
0.003801
-0.000219
-0.007805
-0.017404
-0.028857
-0.044197
-0.058124
-0.060842
-0.065497
-0.065996
-0.057351
-0.046973
-0.035465
-0.021436
-0.006236
0.006116
0.003706
-0.008399
-0.016044
-0.018172
-0.023060
-0.026190
-0.034003
-0.042369
-0.055712
-0.074805
-0.094289
-0.099524
-0.106879
-0.112635
-0.107576
-0.097591
-0.084855
-0.069382
-0.050426
-0.037010
-0.041109
-0.055022
-0.065888
-0.067863
-0.069020
-0.065934
-0.063971
-0.066864
-0.072221
-0.081297
-0.095260
-0.099853
-0.103535
-0.103955
-0.096712
-0.086574
-0.072479
-0.057945
-0.041245
-0.029619
-0.032419
-0.050696
-0.066345
-0.070854
-0.068420
-0.061926
-0.054314
-0.051176
-0.049114
-0.050567
-0.058948
-0.065039
-0.067894
-0.068654
-0.063730
-0.053701
-0.038415
-0.021636
-0.001678
0.015822
0.021075
0.005301
-0.011706
-0.019818
-0.022472
-0.022469
-0.020727
-0.024435
-0.028776
-0.036775
-0.050298
-0.055344
-0.056341
-0.056711
-0.051593
-0.041428
-0.026627
-0.010492
0.007707
0.021733
0.024493
0.005741
-0.013024
-0.021543
-0.024783
-0.026308
-0.027375
-0.034137
-0.041777
-0.052531
-0.068364
-0.074617
-0.076427
-0.077254
-0.071072
-0.059271
-0.042903
-0.025595
-0.006233
0.010822
0.018984
0.006808
-0.007378
-0.011344
-0.013930
-0.016247
-0.019079
-0.028653
-0.039139
-0.054341
-0.074917
-0.085144
-0.091542
-0.097683
-0.094002
-0.080621
-0.063916
-0.047106
-0.028653
-0.012299
-0.008170
-0.024663
-0.044686
-0.053187
-0.053367
-0.051191
-0.045737
-0.043959
-0.044233
-0.048626
-0.058883
-0.068810
-0.073374
-0.078749
-0.078797
-0.071570
-0.060789
-0.049236
-0.034486
-0.019013
-0.012003
-0.026658
-0.048174
-0.060294
-0.062787
-0.061991
-0.056462
-0.054342
-0.054856
-0.058566
-0.067192
-0.079135
-0.082977
-0.089092
-0.092412
-0.086746
-0.077919
-0.067505
-0.053856
-0.037753
-0.024413
-0.027511
-0.039593
-0.048630
-0.049987
-0.051980
-0.050085
-0.052049
-0.057528
-0.066601
-0.079759
-0.097094
-0.101579
-0.106141
-0.109929
-0.105968
-0.095815
-0.080349
-0.064194
-0.046770
-0.034900
-0.035595
-0.047714
-0.056154
-0.056293
-0.056401
-0.054744
-0.053689
-0.059150
-0.065953
-0.077059
-0.092736
-0.097038
-0.098169
-0.097199
-0.086872
-0.070602
-0.052792
-0.035032
-0.015679
-0.001147
0.000846
-0.016078
-0.032818
-0.038528
-0.041032
-0.043082
-0.044786
-0.051678
-0.060665
-0.072114
-0.088688
-0.098939
-0.107794
-0.119817
-0.123406
-0.117363
-0.106127
-0.093336
-0.077688
-0.062261
-0.057076
-0.069472
-0.082666
-0.084019
-0.078995
-0.068894
-0.055979
-0.048031
-0.040311
-0.036724
-0.040371
-0.046545
-0.048720
-0.053120
-0.050014
-0.037112
-0.021322
-0.003892
0.015666
0.036575
0.049832
0.043946
0.031132
0.025409
0.021115
0.013270
0.006016
-0.008405
-0.023963
-0.042395
-0.065790
-0.083207
-0.093454
-0.107473
-0.115938
-0.112978
-0.104607
-0.095142
-0.083560
-0.071168
-0.068791
-0.084381
-0.103602
-0.111630
-0.110493
-0.104234
-0.093274
-0.087013
-0.081329
-0.079387
-0.081485
-0.086602
-0.084998
-0.086777
-0.085470
-0.074275
-0.061237
-0.047243
-0.031191
-0.013661
-0.000679
-0.004750
-0.018690
-0.027912
-0.027783
-0.029683
-0.030139
-0.034769
-0.040372
-0.051416
-0.068439
-0.082974
-0.087156
-0.095733
-0.100844
-0.094649
-0.083664
-0.071338
-0.056370
-0.039410
-0.031806
-0.041762
-0.060852
-0.071644
-0.075093
-0.073230
-0.065635
-0.059085
-0.056890
-0.055385
-0.057225
-0.064972
-0.069101
-0.072179
-0.071078
-0.061216
-0.046698
-0.027098
-0.005633
0.017549
0.037316
0.044521
0.032070
0.020283
0.016130
0.010849
0.005414
-0.003005
-0.018867
-0.035858
-0.057318
-0.082937
-0.094769
-0.103326
-0.110547
-0.107167
-0.095443
-0.080380
-0.065400
-0.048642
-0.031681
-0.022792
-0.032109
-0.042803
-0.045668
-0.045283
-0.043377
-0.039878
-0.041384
-0.043918
-0.050850
-0.064484
-0.078505
-0.084595
-0.095676
-0.100244
-0.093682
-0.082551
-0.070300
-0.056810
-0.050235
-0.055627
-0.071925
-0.090231
-0.094295
-0.093981
-0.091129
-0.080876
-0.071120
-0.065398
-0.060477
-0.058904
-0.063854
-0.066860
-0.069271
-0.067319
-0.061893
-0.053271
-0.039180
-0.023292
-0.005308
0.009342
0.007280
-0.013705
-0.032296
-0.040887
-0.040502
-0.036507
-0.031761
-0.032082
-0.032815
-0.037687
-0.047338
-0.052702
-0.054433
-0.051213
-0.040412
-0.024984
-0.005466
0.011684
0.024703
0.032166
0.028181
0.008339
-0.004503
-0.003032
-0.007636
-0.019281
-0.033298
-0.051771
-0.070323
-0.091386
-0.117124
-0.132809
-0.143250
-0.160053
-0.164470
-0.155553
-0.143089
-0.132407
-0.124540
-0.118598
-0.110668
-0.113927
-0.121721
-0.119905
-0.120268
-0.131844
-0.136804
-0.136844
-0.138721
-0.146316
-0.155469
-0.162162
-0.168905
-0.171584
-0.169896
-0.172102
-0.160858
-0.143568
-0.127264
-0.109338
-0.089339
-0.071578
-0.057449
-0.057663
-0.060795
-0.059243
-0.056978
-0.057527
-0.057194
-0.061979
-0.072360
-0.086092
-0.101329
-0.116825
-0.121344
-0.118211
-0.120614
-0.115186
-0.101156
-0.087903
-0.074373
-0.056864
-0.037740
-0.022538
-0.022752
-0.033297
-0.039977
-0.040095
-0.038050
-0.033449
-0.032451
-0.031287
-0.033249
-0.037599
-0.044963
-0.042971
-0.041885
-0.039775
-0.030954
-0.017991
0.000509
0.019802
0.039395
0.057196
0.065243
0.053946
0.042789
0.039069
0.032598
0.026443
0.019696
0.008193
-0.003047
-0.018965
-0.039522
-0.049453
-0.057426
-0.062386
-0.057143
-0.046910
-0.030567
-0.012997
0.006883
0.024171
0.032818
0.023148
0.011744
0.006395
0.003425
0.001315
-0.001753
-0.012449
-0.023746
-0.038168
-0.056019
-0.061504
-0.065228
-0.066462
-0.059307
-0.047955
-0.032578
-0.016755
0.000627
0.012357
0.013026
-0.004659
-0.021779
-0.029351
-0.031253
-0.030215
-0.029582
-0.034788
-0.041436
-0.051861
-0.068213
-0.080814
-0.089900
-0.100253
-0.102137
-0.096218
-0.084943
-0.073080
-0.058629
-0.044087
-0.038761
-0.051840
-0.066281
-0.070361
-0.066867
-0.059003
-0.048727
-0.043369
-0.038436
-0.037191
-0.040809
-0.046799
-0.046571
-0.049632
-0.047808
-0.035485
-0.021831
-0.008166
0.004087
0.012449
0.014972
0.002930
-0.016498
-0.025199
-0.027475
-0.039866
-0.053103
-0.067806
-0.083315
-0.099272
-0.117701
-0.133995
-0.137009
-0.143287
-0.150081
-0.144196
-0.134042
-0.123798
-0.116053
-0.109716
-0.104141
-0.107908
-0.123465
-0.131290
-0.128689
-0.135520
-0.147097
-0.156157
-0.163661
-0.176191
-0.190774
-0.207266
-0.222409
-0.222474
-0.225074
-0.230781
-0.219243
-0.205166
-0.194159
-0.185530
-0.177483
-0.162744
-0.150233
-0.151736
-0.147378
-0.139464
-0.147218
-0.162804
-0.174335
-0.188138
-0.208318
-0.233754
-0.256962
-0.276160
-0.293865
-0.300903
-0.310199
-0.321573
-0.312775
-0.304668
-0.301082
-0.297577
-0.292688
-0.284987
-0.281365
-0.289475
-0.293337
-0.289495
-0.294325
-0.294803
-0.288890
-0.283098
-0.284396
-0.291537
-0.302489
-0.310988
-0.319244
-0.326272
-0.331484
-0.335293
-0.338708
-0.325613
-0.298973
-0.264494
-0.220917
-0.169148
-0.108736
-0.039279
0.036304
0.113584
0.194088
0.278034
0.363873
0.453686
0.544389
0.627895
0.714384
0.802871
0.893638
0.989371
1.083620
1.176437
1.266559
1.345196
1.398761
1.388425
1.314646
1.211162
1.096523
0.975662
0.850529
0.720219
0.587130
0.467049
0.352486
0.229610
0.102135
-0.027491
-0.153035
-0.281496
-0.400917
-0.527910
-0.657920
-0.792206
-0.934552
-1.055524
-1.131511
-1.192929
-1.233784
-1.259058
-1.276314
-1.284756
-1.280574
-1.260240
-1.224877
-1.179872
-1.129016
-1.075934
-1.020247
-0.960357
-0.894752
-0.825655
-0.758543
-0.694314
-0.626905
-0.560503
-0.496472
-0.431072
-0.363737
-0.287422
-0.204577
-0.119251
-0.033243
0.052217
0.099907
0.120064
0.138667
0.154324
0.172379
0.189188
0.203672
0.217743
0.233771
0.247723
0.260011
0.270432
0.278308
0.283247
0.285197
0.284875
0.283685
0.285980
0.287362
0.287336
0.284918
0.281336
0.275410
0.267002
0.255996
0.241580
0.224678
0.205593
0.184412
0.161870
0.138276
0.107836
0.072342
0.035223
-0.000312
-0.035262
-0.069386
-0.102160
-0.114354
-0.118160
-0.122400
-0.128013
-0.148635
-0.167390
-0.179473
-0.188208
-0.194268
-0.200689
-0.201481
-0.202361
-0.199761
-0.196709
-0.192209
