0.940521
0.975465
1.008100
1.029460
1.039440
1.041390
1.041512
1.039692
1.034835
1.025798
1.011478
0.990840
0.962926
0.927059
0.881654
0.824257
0.823879
0.835766
0.852093
0.871526
0.879283
0.798631
0.633468
0.383723
0.081206
-0.217229
-0.508623
-0.686014
-0.684293
-0.685961
-0.652531
-0.512609
-0.328957
-0.105190
0.182074
0.448812
0.661027
0.773855
0.770469
0.706916
0.646711
0.604828
0.602010
0.631808
0.681809
0.762388
0.839355
0.907727
0.965370
1.014371
1.052408
1.085407
1.102892
1.101498
1.186890
1.267079
1.328210
1.333264
1.337219
1.398852
1.479442
1.400293
1.184096
0.954119
0.803966
0.902339
0.981543
1.061818
1.127942
1.177693
1.210712
1.224997
1.220674
1.200894
1.285607
1.445048
1.625479
1.775306
1.856389
1.889276
1.854582
1.690295
1.469207
1.229584
1.120057
1.187657
1.244714
1.285856
1.321800
1.359303
1.395110
1.428954
1.456716
1.472344
1.566968
1.672566
1.718512
1.716689
1.685751
1.647092
1.621198
1.578564
1.452508
1.258825
1.214518
1.256846
1.294075
1.319040
1.334070
1.342079
1.346615
1.346707
1.341260
1.328973
1.413156
1.505292
1.534573
1.520528
1.502913
1.490701
1.490703
1.449611
1.315551
1.104597
1.045086
1.085432
1.116569
1.138216
1.152499
1.161431
1.169373
1.175528
1.179586
1.180764
1.272867
1.378146
1.417086
1.416595
1.411648
1.408736
1.413781
1.382031
1.263274
1.069077
1.032141
1.073026
1.104190
1.125112
1.138193
1.146398
1.153917
1.160147
1.165107
1.168825
1.259786
1.352644
1.382893
1.383623
1.383224
1.378035
1.377336
1.344077
1.244435
1.072799
1.020648
1.064296
1.097376
1.118021
1.129225
1.135327
1.140370
1.143752
1.144996
1.143436
1.233091
1.332782
1.365254
1.365807
1.364727
1.364543
1.373563
1.347684
1.238836
1.059386
1.014979
1.058288
1.091192
1.113022
1.125616
1.132742
1.138752
1.143277
1.145990
1.146182
1.236686
1.337338
1.370612
1.370532
1.369883
1.369877
1.378536
1.347076
1.238226
1.060463
1.021947
1.063859
1.095736
1.116324
1.127918
1.134121
1.139027
1.142698
1.145205
1.145639
1.236256
1.337269
1.369697
1.368050
1.366795
1.361545
1.364817
1.333437
1.229425
1.053382
1.016784
1.059664
1.091690
1.110482
1.120610
1.124347
1.126602
1.127322
1.126086
1.122661
1.192178
1.280518
1.307593
1.310097
1.315333
1.316474
1.315642
1.273419
1.175096
1.016195
0.967069
1.011642
1.045919
1.068702
1.082909
1.089897
1.095243
1.099372
1.102459
1.104357
1.171269
1.270270
1.306406
1.315776
1.324498
1.321729
1.308730
1.249827
1.152606
1.007505
0.957299
1.003118
1.038370
1.063219
1.079286
1.087713
1.094190
1.100098
1.105457
1.109228
1.177892
1.280667
1.318592
1.326019
1.331879
1.327333
1.312770
1.249259
1.145362
0.996967
0.949588
0.996440
1.032627
1.058755
1.077185
1.087598
1.095971
1.103880
1.111547
1.117994
1.187803
1.287538
1.323454
1.330268
1.335357
1.329947
1.312105
1.240766
1.138015
0.999440
0.954097
1.000803
1.036874
1.063263
1.082083
1.092852
1.101219
1.108960
1.116294
1.122204
1.192168
1.294101
1.331671
1.338505
1.341572
1.331621
1.308770
1.239192
1.135144
0.993297
0.949911
0.997664
1.034785
1.062520
1.082781
1.094630
1.104184
1.113081
1.121528
1.128446
1.198980
1.300413
1.338574
1.344777
1.346727
1.336559
1.312539
1.240925
1.134797
0.991998
0.949308
0.996931
1.034152
1.062250
1.083480
1.096277
1.106725
1.116127
1.125051
1.132820
1.204198
1.305269
1.343610
1.350742
1.351937
1.337909
1.307870
1.233825
1.132414
0.996808
0.955556
1.003413
1.041060
1.069343
1.090067
1.102340
1.112092
1.120888
1.128563
1.133753
1.204335
1.311452
1.354033
1.360792
1.361898
1.350186
1.324878
1.251206
1.139560
0.991562
0.949738
0.998792
1.037720
1.067985
1.090942
1.105279
1.117220
1.128140
1.138122
1.145928
1.217783
1.322384
1.364527
1.372377
1.373841
1.361663
1.333329
1.252355
1.141861
1.001593
0.960036
1.008809
1.047873
1.077727
1.099244
1.112466
1.123192
1.132867
1.141380
1.147503
1.219054
1.326421
1.369636
1.376916
1.377780
1.363088
1.331525
1.252595
1.139601
0.992776
0.950379
1.000254
1.040368
1.071837
1.096479
1.112172
1.125241
1.137224
1.148178
1.156700
1.229483
1.335476
1.378722
1.385852
1.384748
1.368698
1.335282
1.253428
1.136709
0.986559
0.955067
1.004905
1.045767
1.077115
1.100956
1.116340
1.129290
1.140706
1.151045
1.159444
1.232702
1.338231
1.380337
1.387227
1.386289
1.367757
1.330328
1.248746
1.138987
0.997199
0.958953
1.008754
1.049992
1.081488
1.104934
1.119647
1.131871
1.142807
1.152380
1.159211
1.231250
1.336770
1.379545
1.386611
1.386928
1.369698
1.331917
1.246368
1.130676
0.983721
0.945934
0.996628
1.038822
1.071716
1.097109
1.113563
1.127510
1.140268
1.151843
1.160834
1.234052
1.338550
1.381444
1.388164
1.386646
1.367792
1.328848
1.239610
1.126068
0.987789
0.955020
1.005407
1.048096
1.080661
1.104931
1.120492
1.133362
1.144899
1.155186
1.162848
1.235813
1.341367
1.384237
1.391504
1.391003
1.370116
1.326979
1.238350
1.123707
0.981650
0.947500
0.998894
1.042573
1.076227
1.102497
1.119475
1.133694
1.146546
1.157908
1.166232
1.238782
1.340776
1.382602
1.388784
1.386053
1.363952
1.320253
1.232464
1.118864
0.978841
0.950550
1.001930
1.046544
1.080415
1.105817
1.122240
1.135934
1.147635
1.157656
1.164856
1.237104
1.340428
1.382958
1.390883
1.390356
1.366882
1.318653
1.227801
1.116645
0.980604
0.947422
0.999049
1.043985
1.078775
1.105442
1.122502
1.136508
1.148816
1.159258
1.166118
1.237760
1.340491
1.383905
1.391868
1.387219
1.359244
1.310385
1.220914
1.108935
0.974461
0.951088
1.003450
1.049428
1.084518
1.110314
1.126819
1.140260
1.151695
1.160642
1.165345
1.235927
1.341878
1.387353
1.395734
1.395563
1.373205
1.328501
1.233324
1.116698
0.978310
0.946740
0.999075
1.044817
1.080749
1.108681
1.126454
1.140607
1.152749
1.162772
1.168840
1.240014
1.341831
1.384629
1.392080
1.385532
1.352638
1.300638
1.213895
1.108993
0.982236
0.962702
1.014938
1.061109
1.095917
1.119542
1.134661
1.146381
1.155528
1.161455
1.162204
1.231409
1.341979
1.391556
1.404328
1.407011
1.386100
1.340230
1.246510
1.124312
0.972891
0.933735
0.988580
1.035587
1.074686
1.104664
1.123534
1.138676
1.151079
1.161164
1.167085
1.239234
1.345247
1.389921
1.395429
1.392837
1.363722
1.313509
1.226259
1.121624
0.995586
0.966971
1.019801
1.066681
1.102337
1.126866
1.142516
1.154404
1.163463
1.169026
1.168895
1.237924
1.348612
1.398807
1.412623
1.415877
1.391661
1.342192
1.249179
1.133070
0.991235
0.935572
0.990533
1.037691
1.077672
1.107566
1.126247
1.140886
1.152704
1.161371
1.164281
1.234863
1.345776
1.392859
1.397391
1.396049
1.370567
1.327564
1.237010
1.127312
0.996780
0.967104
1.020957
1.069116
1.106339
1.132546
1.148421
1.160061
1.168585
1.173424
1.172368
1.240219
1.347804
1.396028
1.409024
1.411244
1.382226
1.326902
1.230226
1.117552
0.983658
0.947302
1.004542
1.054413
1.095112
1.124912
1.142185
1.155142
1.165124
1.171738
1.172781
1.241953
1.348771
1.393696
1.398675
1.394297
1.360634
1.305864
1.213004
1.103864
0.976530
0.953615
1.009433
1.059004
1.097525
1.124372
1.140392
1.152082
1.160083
1.164113
1.162336
1.228869
1.331751
1.375631
1.385593
1.388025
1.360992
1.304969
1.209353
1.103682
0.979039
0.936776
0.992674
1.041956
1.083899
1.114767
1.132876
1.146686
1.157536
1.165237
1.167828
1.237488
1.340585
1.380534
1.383653
1.372144
1.328405
1.264902
1.172104
1.073187
0.954522
0.952149
1.009332
1.059974
1.099544
1.127372
1.143195
1.154297
1.161745
1.164801
1.161399
1.226131
1.325374
1.367041
1.374343
1.373146
1.341441
1.284251
1.185853
1.081959
0.967619
0.938968
0.996803
1.048650
1.090745
1.120638
1.137566
1.149849
1.158864
1.164459
1.164991
1.233747
1.337481
1.377466
1.379551
1.369414
1.323587
1.256905
1.162049
1.064950
0.950068
0.944072
1.002762
1.054632
1.095347
1.123991
1.140460
1.152111
1.160004
1.163584
1.160938
1.226239
1.324602
1.365211
1.372024
1.369780
1.334156
1.274216
1.182088
1.083729
0.970767
0.944626
1.003185
1.055237
1.096418
1.124471
1.140116
1.150965
1.157846
1.160755
1.158057
1.224312
1.326107
1.366958
1.373387
1.370695
1.332485
1.268595
1.173022
1.074064
0.963910
0.929321
0.988737
1.041586
1.085852
1.118151
1.137193
1.151265
1.161727
1.168297
1.169337
1.237485
1.336136
1.372782
1.373684
1.362654
1.315444
1.249228
1.160962
1.070679
0.961682
0.960144
1.019253
1.070409
1.109606
1.134306
1.148004
1.156222
1.160144
1.158722
1.149675
1.212224
1.316528
1.361439
1.371261
1.374547
1.349059
1.299733
1.210411
1.114632
1.003235
0.927318
0.990948
1.045945
1.091220
1.124527
1.144406
1.159214
1.170545
1.178350
1.180970
1.251394
1.352948
1.390525
1.390855
1.378551
1.327841
1.254975
1.160802
1.068061
0.960089
0.972009
1.032383
1.085136
1.124207
1.148067
1.160843
1.167826
1.170305
1.167298
1.156598
1.218109
1.318496
1.358702
1.366494
1.367197
1.337734
1.286071
1.205337
1.116898
1.007990
0.936409
1.001609
1.056293
1.100736
1.131189
1.148427
1.160762
1.169106
1.173527
1.172678
1.241476
1.344135
1.383816
1.388167
1.383629
1.343553
1.278811
1.188769
1.096609
0.995299
0.963932
1.025236
1.078070
1.119585
1.145451
1.159394
1.167712
1.171669
1.170423
1.162091
1.225473
1.326955
1.366908
1.373216
1.371662
1.337649
1.283699
1.203817
1.117806
1.015494
0.940576
1.007407
1.063824
1.108434
1.137466
1.153232
1.163500
1.169650
1.170966
1.165648
1.231303
1.334609
1.374203
1.377440
1.373088
1.336026
1.283282
1.202270
1.117510
1.022436
0.950648
1.017584
1.073289
1.115959
1.142911
1.157192
1.165596
1.169388
1.167893
1.159412
1.222888
1.323445
1.361882
1.366267
1.361368
1.322569
1.267450
1.192039
1.111091
1.015125
0.942592
1.011822
1.068875
1.112379
1.139931
1.154723
1.163577
1.167859
1.167007
1.159360
1.223069
1.322065
1.356724
1.357504
1.349959
1.311821
1.257073
1.184330
1.106741
1.012877
0.966127
1.029208
1.081581
1.118981
1.142764
1.154363
1.159553
1.159618
1.154626
1.143028
1.188638
1.281908
1.320706
1.328462
1.325052
1.280127
1.214035
1.136549
1.060678
0.975548
0.939273
1.005446
1.059478
1.099841
1.127499
1.142797
1.151788
1.156255
1.156243
1.150207
1.187867
1.280209
1.316854
1.323199
1.314294
1.261459
1.190114
1.113390
1.040563
0.951127
0.958232
1.022923
1.075314
1.115544
1.142781
1.157533
1.165288
1.168353
1.167046
1.159761
1.195856
1.288241
1.323542
1.321921
1.301623
1.242399
1.171545
1.098140
1.031610
0.943670
0.960729
1.028322
1.083811
1.125690
1.152546
1.166000
1.171503
1.171446
1.166812
1.156025
1.188599
1.278460
1.312728
1.306482
1.271385
1.200333
1.121935
1.054758
0.995828
0.907546
0.931527
1.002764
1.063282
1.105571
1.133466
1.147985
1.154143
1.154268
1.149829
1.139284
1.171649
1.261107
1.296146
1.286785
1.244095
1.168649
1.088906
1.025528
0.969869
0.883228
0.915797
0.987019
1.047715
1.089154
1.116916
1.131859
1.138116
1.137938
1.133556
1.123688
1.156843
1.247060
1.285218
1.278651
1.223206
1.133127
1.041882
0.979585
0.930236
0.851824
0.889220
0.959559
1.019572
1.062554
1.091828
1.108870
1.116435
1.117582
1.114402
1.105408
1.139138
1.230491
1.269394
1.260557
1.202323
1.110437
1.018737
0.957543
0.907709
0.826485
0.879487
0.952237
1.016277
1.058710
1.088017
1.105485
1.113599
1.115467
1.113281
1.105680
1.140636
1.232129
1.269343
1.259618
1.199497
1.104543
1.008489
0.945787
0.897668
0.822097
0.870557
0.941447
1.003263
1.046415
1.077172
1.096055
1.104817
1.107522
1.106644
1.100591
1.136629
1.228491
1.264145
1.253207
1.190399
1.085763
0.977075
0.911464
0.863817
0.788813
0.840487
0.912021
0.974892
1.020018
1.053059
1.074224
1.085024
1.089830
1.091302
1.088034
1.126780
1.220034
1.250634
1.232468
1.171446
1.064303
0.954806
0.888102
0.841575
0.768850
0.816612
0.890947
0.956683
1.003918
1.038764
1.062464
1.075917
1.083006
1.086546
1.085890
1.127581
1.222677
1.250543
1.233377
1.173561
1.069481
0.961536
0.894077
0.849327
0.781891
0.836464
0.910857
0.976718
1.024503
1.060147
1.083965
1.097459
1.105294
1.109907
1.110069
1.151677
1.242946
1.267344
1.250557
1.185107
1.072755
0.954822
0.886474
0.843925
0.778803
0.839368
0.911724
0.977190
1.026177
1.061589
1.084765
1.097630
1.104851
1.108974
1.108697
1.150618
1.244739
1.267375
1.245390
1.182669
1.072433
0.958720
0.889266
0.847397
0.788136
0.845415
0.920207
0.986785
1.035708
1.073636
1.099350
1.114555
1.124261
1.131204
1.132796
1.172382
1.256423
1.276674
1.258658
1.190382
1.067745
0.943529
0.875361
0.836275
0.775933
0.808576
0.887791
0.963418
1.017927
1.055661
1.081306
1.096124
1.104957
1.110216
1.110954
1.153600
1.248405
1.267126
1.242219
1.181350
1.074133
0.961489
0.891246
0.848216
0.785504
0.833244
0.911754
0.979906
1.030448
1.070224
1.097951
1.115597
1.127671
1.136999
1.141420
1.182819
1.264674
1.281653
1.264488
1.197969
1.076068
0.947842
0.878473
0.842342
0.787120
0.833191
0.913709
0.989565
1.043863
1.083457
1.110303
1.126636
1.137628
1.145485
1.147400
1.187014
1.275928
1.288436
1.261891
1.197981
1.085789
0.966609
0.895189
0.854216
0.794430
0.829901
0.913826
0.989299
1.042027
1.083061
1.111735
1.130251
1.143433
1.153417
1.156956
1.196544
1.281552
1.295817
1.275297
1.211156
1.098223
0.974690
0.904867
0.868826
0.815468
0.860578
0.942281
1.014094
1.067492
1.108849
1.137513
1.156097
1.169573
1.179913
1.183419
1.220928
1.301898
1.311859
1.290645
1.224227
1.105159
0.973693
0.900822
0.864633
0.810517
0.850528
0.934696
1.008843
1.063919
1.106654
1.136650
1.156785
1.171722
1.183170
1.188074
1.226970
1.308203
1.316268
1.291119
1.228063
1.117220
0.993303
0.921610
0.884461
0.829913
0.873389
0.957305
1.029089
1.083520
1.126202
1.155881
1.176143
1.191334
1.203117
1.208141
1.246199
1.325717
1.333398
1.310763
1.246862
1.131474
0.998300
0.921083
0.883010
0.832162
0.878423
0.963336
1.037149
1.092709
1.136971
1.168200
1.190120
1.207050
1.220091
1.225824
1.263607
1.342068
1.348485
1.322738
1.258383
1.145299
1.014815
0.937349
0.897086
0.844633
0.887919
0.972867
1.045361
1.101076
1.144894
1.175459
1.196948
1.213400
1.225775
1.230669
1.268478
1.349270
1.357253
1.329117
1.265858
1.155848
1.027003
0.946370
0.905022
0.856804
0.897384
0.982016
1.053358
1.109259
1.153725
1.184874
1.206749
1.223348
1.235419
1.239710
1.252622
1.342634
1.366096
1.349315
1.289328
1.183550
1.049105
0.959796
0.912453
0.860710
0.897781
0.982655
1.059082
1.115179
1.155894
1.181713
1.198461
1.209599
1.214553
1.213483
1.228873
1.325129
1.365350
1.363005
1.327961
1.247329
1.129649
1.028763
0.968421
0.909136
0.943562
1.026428
1.100220
1.152432
1.193262
1.219938
1.238610
1.251359
1.257839
1.256355
1.266382
1.360361
1.398529
1.397152
1.363559
1.281468
1.156898
1.047631
0.980681
0.915812
0.946216
1.026648
1.097327
1.145281
1.181899
1.205155
1.220013
1.228350
1.228595
1.220935
1.251217
1.341024
1.378952
1.380659
1.358141
1.288888
1.176079
1.067042
0.996439
0.930603
0.959824
1.041359
1.112938
1.163705
1.203506
1.228994
1.246476
1.257420
1.260894
1.254350
1.271017
1.354655
1.392981
1.397386
1.378247
1.312995
1.202374
1.087136
1.011982
0.942929
0.965589
1.044176
1.112205
1.158529
1.193839
1.215737
1.229263
1.235371
1.231936
1.221987
1.272338
1.361231
1.394031
1.392455
1.368821
1.299704
1.186714
1.070205
0.994581
0.925177
0.952387
1.034586
1.106273
1.156987
1.197059
1.222702
1.240198
1.250497
1.252145
1.243161
1.275390
1.356915
1.390441
1.392475
1.373937
1.311964
1.206975
1.094319
1.016914
0.942582
0.962196
1.042279
1.110838
1.158230
1.194954
1.217348
1.231422
1.237409
1.233358
1.232970
1.284244
1.372581
1.401737
1.398737
1.374825
1.308621
1.200225
1.080636
1.000154
0.928763
0.941871
1.024287
1.093335
1.147129
1.188328
1.214542
1.232466
1.242667
1.243556
1.233076
1.275676
1.358148
1.388991
1.390273
1.370875
1.309275
1.204969
1.088622
1.007837
0.931734
0.952507
1.032951
1.098868
1.149686
1.187523
1.210638
1.225090
1.231166
1.226520
1.230597
1.281851
1.369606
1.397105
1.393087
1.370199
1.304531
1.196280
1.073411
0.991400
0.922455
0.946702
1.028755
1.099336
1.150584
1.189675
1.213526
1.228500
1.234862
1.230808
1.229149
1.278268
1.365974
1.397299
1.397547
1.370842
1.299303
1.185933
1.061308
0.979122
0.904995
0.927108
1.011617
1.080658
1.137971
1.179414
1.208297
1.228981
1.241418
1.244004
1.235158
1.291469
1.378893
1.405095
1.399215
1.364092
1.280051
1.152522
1.030173
0.953134
0.877106
0.922156
1.006998
1.077058
1.133515
1.175495
1.204389
1.224710
1.236695
1.238704
1.230276
1.281261
1.365346
1.389916
1.386177
1.348494
1.258708
1.126203
1.008153
0.937651
0.868696
0.915290
1.002960
1.075125
1.132853
1.175970
1.205882
1.227060
1.240064
1.243213
1.234928
1.281345
1.364310
1.390135
1.388317
1.355299
1.270209
1.142969
1.024535
0.951598
0.880095
0.920930
1.008679
1.080432
1.137839
1.180497
1.209554
1.229842
1.241658
1.243307
1.232604
1.287765
1.369320
1.393010
1.392311
1.360545
1.278314
1.155053
1.034585
0.959556
0.891833
0.922278
1.009165
1.080309
1.137606
1.179665
1.207928
1.227099
1.237205
1.236570
1.222804
1.285870
1.370957
1.395327
1.394216
1.359728
1.273619
1.147802
1.025310
0.949158
0.880251
0.911803
0.998792
1.070220
1.127794
1.169850
1.198049
1.217010
1.226565
1.224872
1.217997
1.287542
1.377251
1.403357
1.398178
1.361979
1.274696
1.145920
1.020196
0.940790
0.866473
0.907291
0.994324
1.066303
1.124933
1.168829
1.198976
1.219915
1.231248
1.231267
1.219518
1.283416
1.370682
1.392765
1.387095
1.346146
1.252394
1.118520
0.996303
0.924078
0.856348
0.896765
0.984860
1.057687
1.116528
1.160073
1.189910
1.210274
1.221225
1.220891
1.208576
1.276737
1.364954
1.388539
1.382989
1.341940
1.246458
1.112013
0.989569
0.916247
0.847608
0.890153
0.980001
1.054626
1.115489
1.160845
1.191795
1.213272
1.225446
1.226855
1.214816
1.270180
1.354746
1.379174
1.379037
1.338480
1.241588
1.108452
0.987408
0.916618
0.856455
0.891717
0.981164
1.055182
1.115389
1.159627
1.189552
1.209714
1.220156
1.219378
1.204885
1.264944
1.352638
1.381052
1.382965
1.341909
1.243912
1.109972
0.987646
0.914892
0.850343
0.886170
0.974997
1.048500
1.108176
1.151736
1.180819
1.199999
1.208912
1.205920
1.199033
1.268274
1.358729
1.384349
1.381188
1.339312
1.242558
1.109336
0.985134
0.910524
0.845222
0.883877
0.972871
1.046675
1.107255
1.151721
1.181688
1.201735
1.211299
1.209044
1.199113
1.269869
1.360716
1.385946
1.383500
1.338510
1.238322
1.101377
0.976173
0.903241
0.838686
0.879477
0.968503
1.042793
1.103610
1.148649
1.179624
1.200549
1.211008
1.209420
1.195813
1.263563
1.353557
1.379551
1.376986
1.334185
1.235216
1.100149
0.976748
0.903018
0.836059
0.877764
0.967004
1.040769
1.101132
1.145454
1.175285
1.195107
1.204788
1.203163
1.194868
1.242602
1.316555
1.348067
1.360223
1.326758
1.239516
1.110106
0.993273
0.923444
0.863072
0.882539
0.972737
1.047111
1.106224
1.147317
1.172768
1.187263
1.190704
1.181720
1.185733
1.226335
1.302453
1.342578
1.364882
1.341590
1.259402
1.125034
1.001294
0.923348
0.852452
0.890340
0.977851
1.049502
1.107036
1.146727
1.170908
1.183618
1.184132
1.170451
1.196144
1.254072
1.337074
1.364284
1.375175
1.354393
1.282112
1.148669
1.019773
0.934764
0.860595
0.880554
0.966812
1.037998
1.095222
1.134045
1.157416
1.168996
1.167373
1.155004
1.195133
1.257856
1.338439
1.357023
1.365478
1.353100
1.293005
1.162448
1.029641
0.938924
0.863518
0.870180
0.957980
1.031585
1.089737
1.127990
1.150531
1.161053
1.158321
1.146236
1.187065
1.256005
1.341412
1.356841
1.362839
1.352801
1.294983
1.164172
1.029392
0.936876
0.861192
0.882458
0.966933
1.037134
1.093571
1.131039
1.154253
1.165031
1.162441
1.146462
1.184747
1.265948
1.349955
1.367877
1.366742
1.333530
1.254268
1.118184
0.989565
0.908594
0.846251
0.812310
0.912662
0.996792
1.065254
1.113386
1.145272
1.164893
1.172165
1.167124
1.159373
1.241557
1.334672
1.364294
1.360897
1.312055
1.215083
1.074570
0.957470
0.889076
0.831936
0.855837
0.949684
1.025774
1.084945
1.124616
1.149139
1.160929
1.159630
1.144562
1.168038
1.247401
1.334751
1.361426
1.357803
1.302990
1.197504
1.055524
0.938875
0.872659
0.817388
0.850538
0.946725
1.024059
1.084531
1.126536
1.153605
1.168161
1.170767
1.160986
1.164873
1.220736
1.294695
1.329940
1.338060
1.279734
1.172253
1.029966
0.921647
0.862389
0.811976
0.857931
0.955597
1.034642
1.096537
1.140557
1.170200
1.188096
1.195466
1.189241
1.175782
1.233966
1.308166
1.339464
1.344264
1.282703
1.170415
1.027252
0.921414
0.863481
0.811160
0.852992
0.951022
1.029307
1.090970
1.134848
1.164740
1.182958
1.190555
1.185424
1.174843
1.228122
1.298537
1.333161
1.343871
1.284837
1.172697
1.029746
0.921583
0.863123
0.813695
0.852108
0.950658
1.029300
1.091602
1.135993
1.166152
1.184644
1.191949
1.184612
1.179040
1.229029
1.299077
1.335390
1.347734
1.289562
1.179586
1.034011
0.923998
0.862336
0.806149
0.839124
0.937435
1.015749
1.076591
1.118672
1.145916
1.160571
1.162779
1.149532
1.163455
1.221793
1.303631
1.344749
1.354171
1.299220
1.193119
1.044330
0.925485
0.857153
0.797943
0.827986
0.925789
1.003962
1.064828
1.106211
1.132376
1.145256
1.143737
1.137811
1.173516
1.237417
1.310918
1.338614
1.338919
1.289549
1.195283
1.051593
0.933481
0.865483
0.809305
0.806515
0.904640
0.986766
1.051860
1.095341
1.123244
1.137576
1.137363
1.131661
1.166481
1.230138
1.304914
1.329957
1.328575
1.290681
1.211723
1.075590
0.958226
0.885143
0.824775
0.791622
0.895713
0.982136
1.051768
1.099136
1.130386
1.148272
1.151592
1.138414
1.180314
1.259947
1.341355
1.361475
1.356431
1.311205
1.217517
1.066147
0.941498
0.869355
0.812508
0.845155
0.940172
1.016946
1.075561
1.113225
1.135106
1.142515
1.133930
1.132165
1.174179
1.258615
1.343656
1.364829
1.350640
1.292867
1.191531
1.039042
0.913899
0.842733
0.788354
0.788790
0.888243
0.971834
1.038008
1.082727
1.111993
1.127421
1.128262
1.116534
1.158328
1.231062
1.309091
1.336732
1.331713
1.275054
1.176422
1.030731
0.915644
0.850756
0.797359
0.828733
0.926672
1.005622
1.066669
1.107279
1.132086
1.142191
1.134773
1.148576
1.195230
1.280886
1.356182
1.366384
1.346461
1.284485
1.180661
1.028687
0.906309
0.838266
0.786815
0.781772
0.884983
0.970323
1.038228
1.084372
1.114833
1.131640
1.133862
1.126638
1.169957
1.242649
1.316798
1.340683
1.331873
1.270105
1.167421
1.018400
0.904509
0.840820
0.787259
0.818899
0.919343
1.000130
1.062572
1.104211
1.129967
1.140676
1.133286
1.155361
1.196320
1.270894
1.342609
1.355261
1.339411
1.281974
1.183071
1.036555
0.915375
0.847872
0.798668
0.786795
0.893497
0.980580
1.048478
1.094242
1.124192
1.140173
1.140957
1.137645
1.177280
1.250339
1.326968
1.351054
1.339957
1.274292
1.166556
1.010046
0.893595
0.829153
0.774107
0.808116
0.910406
0.992624
1.055904
1.098274
1.124781
1.136066
1.128500
1.154849
1.199809
1.278205
1.346343
1.354265
1.333769
1.279375
1.184934
1.038484
0.918726
0.850285
0.797715
0.728926
0.840750
0.935604
1.012349
1.064694
1.100759
1.123470
1.131097
1.121577
1.175791
1.281932
1.358772
1.369703
1.343195
1.266470
1.143913
0.973779
0.859337
0.798579
0.746759
0.791401
0.895850
0.977997
1.041133
1.084798
1.112512
1.125092
1.120503
1.119336
1.167012
1.270128
1.344537
1.357334
1.331241
1.251719
1.129837
0.966252
0.854167
0.795479
0.749673
0.762515
0.874410
0.961257
1.030505
1.080520
1.115151
1.134891
1.138120
1.132945
1.169074
1.250087
1.322761
1.347723
1.334658
1.257119
1.138458
0.981933
0.875622
0.820938
0.777253
0.814369
0.921003
1.006317
1.073877
1.121980
1.155069
1.173473
1.175087
1.173304
1.188258
1.248860
1.319176
1.350873
1.345250
1.280825
1.170337
1.014509
0.908277
0.849504
0.793720
0.840247
0.946407
1.030903
1.097887
1.145816
1.179649
1.199100
1.201125
1.191739
1.201377
1.279362
1.352671
1.377874
1.370432
1.303360
1.188346
1.032282
0.923832
0.861266
0.800538
0.850114
0.954885
1.036805
1.100166
1.143734
1.172844
1.187765
1.185294
1.189874
1.224222
1.301376
1.358238
1.375884
1.367213
1.293252
1.164900
0.995328
0.887425
0.829901
0.775338
0.828820
0.937243
1.022689
1.088712
1.134775
1.165874
1.181811
1.178523
1.192052
1.230291
1.307239
1.359840
1.370411
1.358128
1.301250
1.193741
1.039152
0.927654
0.863277
0.806628
0.844275
0.950092
1.032327
1.096238
1.140193
1.169441
1.182272
1.172560
1.207890
1.233869
1.297088
1.350236
1.367409
1.362203
1.316235
1.215769
1.059766
0.938982
0.866710
0.810957
0.853270
0.958987
1.042536
1.107256
1.151893
1.181568
1.195311
1.188843
1.202482
1.225788
1.289989
1.347856
1.373056
1.370409
1.319234
1.210314
1.044768
0.925313
0.857432
0.798795
0.847760
0.953906
1.037002
1.100037
1.142892
1.170477
1.182001
1.171237
1.205633
1.256872
1.345231
1.382838
1.375592
1.352715
1.297829
1.190872
1.031285
0.915914
0.849890
0.796777
0.824397
0.934327
1.018424
1.083580
1.128930
1.159436
1.173217
1.164251
1.203315
1.242182
1.317344
1.360641
1.367584
1.351933
1.301272
1.194724
1.030355
0.915208
0.850614
0.797962
0.842850
0.951141
1.034881
1.099299
1.143904
1.173519
1.186158
1.175288
1.220756
1.273496
1.358470
1.389433
1.378917
1.353624
1.301101
1.196543
1.035346
0.921868
0.857993
0.806954
0.822624
0.936708
1.022732
1.089254
1.135754
1.167398
1.182662
1.175832
1.211461
1.255702
1.334429
1.373432
1.377502
1.359036
1.294783
1.175746
1.008194
0.896891
0.838722
0.792873
0.838430
0.948289
1.033791
1.099196
1.143235
1.172110
1.185280
1.178154
1.205818
1.255113
1.341100
1.379088
1.375292
1.347000
1.280257
1.165861
1.002386
0.896004
0.840045
0.795498
0.809556
0.923845
1.011850
1.080393
1.127876
1.159829
1.175859
1.170453
1.203554
1.255351
1.341339
1.374099
1.369480
1.346308
1.276973
1.157369
0.992058
0.885910
0.828173
0.775234
0.825792
0.935403
1.020767
1.085325
1.128085
1.155495
1.167132
1.157460
1.198741
1.252554
1.341007
1.371433
1.361805
1.332151
1.268218
1.152284
0.985534
0.876937
0.820213
0.776696
0.783826
0.900939
0.991926
1.063911
1.115420
1.151425
1.171258
1.168670
1.203425
1.250693
1.328664
1.361547
1.364960
1.345364
1.278633
1.154880
0.987142
0.879111
0.821604
0.770173
0.819177
0.930744
1.018071
1.084142
1.127874
1.155845
1.167995
1.158621
1.193036
1.245156
1.332507
1.363955
1.358185
1.330848
1.263660
1.146021
0.983608
0.875060
0.819243
0.779777
0.787217
0.904146
0.995577
1.068243
1.119756
1.155072
1.174336
1.171364
1.200157
1.238727
1.308327
1.346547
1.361663
1.348316
1.278217
1.148291
0.980151
0.871305
0.813459
0.762278
0.810183
0.933369
1.019979
1.088346
1.136163
1.167685
1.182914
1.177125
1.202038
1.252433
1.338369
1.361855
1.360864
1.333838
1.257203
1.129324
0.969250
0.871997
0.822246
0.776581
0.770308
0.893952
0.986879
1.061687
1.116601
1.156046
1.179681
1.182559
1.199895
1.253201
1.340086
1.366191
1.370225
1.345608
1.266401
1.128371
0.960560
0.860477
0.810814
0.764357
0.767232
0.889424
0.987509
1.065064
1.121697
1.162042
1.186590
1.190232
1.200702
1.256228
1.345486
1.369322
1.371190
1.344540
1.260116
1.118877
0.952410
0.853992
0.804685
0.756555
0.762739
0.885966
0.983554
1.060731
1.117181
1.157386
1.181741
1.185271
1.193556
1.243290
1.329403
1.355959
1.366198
1.342945
1.257106
1.114562
0.951538
0.852502
0.804996
0.764515
0.771941
0.895653
0.994296
1.072552
1.128996
1.168458
1.191875
1.194289
1.199369
1.240401
1.319331
1.349951
1.369777
1.350967
1.260991
1.111019
0.942598
0.841880
0.792599
0.748932
0.762180
0.888414
0.989296
1.070272
1.129166
1.171206
1.197115
1.201757
1.202520
1.249614
1.330781
1.358503
1.375429
1.353196
1.269506
1.123379
0.960317
0.861978
0.813300
0.769789
0.773401
0.897408
0.997265
1.076524
1.134364
1.175614
1.200640
1.203689
1.213438
1.269216
1.353600
1.375480
1.381089
1.355264
1.276765
1.131631
0.963314
0.861131
0.811808
0.771658
0.732592
0.854442
0.949952
1.042277
1.111043
1.162686
1.199026
1.214755
1.207012
1.258563
1.350153
1.377914
1.387136
1.360831
1.276852
1.125513
0.956267
0.854588
0.805826
0.764348
0.750368
0.893395
0.991340
1.075452
1.136417
1.179271
1.205639
1.209547
1.210167
1.265148
1.350514
1.374285
1.384358
1.359694
1.275829
1.123531
0.955531
0.851890
0.803632
0.768709
0.742257
0.873867
0.973095
1.064091
1.130111
1.177578
1.209781
1.222213
1.210227
1.240425
1.321564
1.355389
1.380765
1.363484
1.268111
1.106606
0.936366
0.832664
0.784961
0.748488
0.724674
0.873280
0.975242
1.067648
1.135038
1.183546
1.216030
1.226720
1.214686
1.261866
1.342265
1.369785
1.391464
1.373287
1.287437
1.132989
0.965006
0.863241
0.815243
0.776613
0.739769
0.864357
0.964645
1.058602
1.128276
1.180336
1.216672
1.232100
1.224283
1.274217
1.361493
1.385639
1.393317
1.365600
1.288286
1.141707
0.971144
0.864637
0.815368
0.781768
0.716588
0.704198
0.806031
0.921369
1.013633
1.093809
1.158675
1.203214
1.223744
1.220562
1.330477
1.387599
1.396553
1.361427
1.292163
1.162043
1.000440
0.896123
0.843456
0.806832
0.730816
0.670376
0.767215
0.887041
0.984545
1.069374
1.137279
1.186607
1.217165
1.223734
1.338084
1.397904
1.407282
1.368642
1.303545
1.179273
1.015624
0.902899
0.845000
0.809546
0.760400
0.703435
0.789592
0.902959
0.993015
1.070970
1.134766
1.181225
1.201264
1.198762
1.310994
1.364173
1.375858
1.339665
1.267307
1.132793
0.961837
0.852427
0.799798
0.766002
0.708501
0.681760
0.790377
0.909170
1.004940
1.087893
1.156081
1.205644
1.229148
1.227410
1.324812
1.365492
1.373244
1.336373
1.251851
1.108456
0.956747
0.864322
0.820614
0.790216
0.724308
0.682049
0.789923
0.906111
0.997548
1.074792
1.136087
1.177302
1.196912
1.189088
1.295198
1.345773
1.359633
1.329586
1.256305
1.124203
0.967079
0.865551
0.815856
0.787366
0.733050
0.667463
0.758287
0.879885
0.977439
1.057128
1.122737
1.170961
1.196718
1.195422
1.303580
1.358972
1.372760
1.337682
1.270438
1.142931
0.985972
0.878329
0.822694
0.791330
0.729143
0.651736
0.777262
0.890639
0.981075
1.059239
1.120879
1.161311
1.178489
1.196204
1.311688
1.360352
1.366346
1.326747
1.259872
1.135676
0.977210
0.866830
0.809022
0.779677
0.746536
0.698661
0.816040
0.926612
1.014683
1.089226
1.146682
1.183020
1.196666
1.211818
1.324424
1.370346
1.376775
1.333723
1.257823
1.120355
0.955016
0.849066
0.800363
0.777036
0.755472
0.729178
0.826908
0.937000
1.023046
1.093341
1.149373
1.187301
1.194700
1.195292
1.296969
1.336621
1.352432
1.316951
1.226958
1.070985
0.913624
0.818698
0.777423
0.752844
0.706737
0.715386
0.829316
0.943025
1.031486
1.102598
1.158711
1.196473
1.206136
1.192689
1.284978
1.323033
1.345296
1.314438
1.213476
1.050374
0.901386
0.811702
0.773968
0.755044
0.725141
0.712206
0.835687
0.950244
1.038406
1.105719
1.157554
1.190548
1.197351
1.186636
1.273332
1.317080
1.346249
1.325966
1.238331
1.089356
0.937876
0.841068
0.794486
0.768734
0.732693
0.689466
0.806259
0.927175
1.022876
1.098385
1.159302
1.201794
1.219509
1.206766
1.301574
1.343404
1.362726
1.335237
1.243660
1.093283
0.934077
0.830555
0.780801
0.756966
0.735444
0.719494
0.848309
0.962025
1.049899
1.119620
1.172759
1.204305
1.206985
1.201417
1.290522
1.331294
1.358651
1.340295
1.254309
1.112791
0.947578
0.837443
0.784397
0.760029
0.745399
0.729489
0.838107
0.953840
1.043780
1.115589
1.170741
1.204659
1.212057
1.202031
1.296513
1.338242
1.359725
1.337466
1.260127
1.125887
0.961461
0.850092
0.793631
0.768079
0.759273
0.751735
0.837287
0.947415
1.031623
1.099401
1.151523
1.182472
1.179924
1.203679
1.300259
1.344196
1.360631
1.333560
1.253252
1.122172
0.949291
0.828642
0.765721
0.738530
0.733750
0.737364
0.865745
0.972604
1.053423
1.117678
1.166217
1.194673
1.188264
1.222913
1.297621
1.330598
1.355927
1.334573
1.243553
1.098662
0.927415
0.812084
0.756207
0.734830
0.734458
0.766499
0.891805
0.995794
1.073778
1.133320
1.176153
1.200420
1.196026
1.204769
1.283881
1.323834
1.356306
1.334888
1.245869
1.096887
0.931422
0.813498
0.746411
0.720200
0.721240
0.728706
0.859038
0.968535
1.051562
1.117602
1.167384
1.196070
1.197645
1.230425
1.303008
1.346569
1.385043
1.382753
1.294032
1.142892
0.939813
0.792687
0.706815
0.667476
0.672729
0.753896
0.883646
1.005355
1.102795
1.176947
1.233341
1.268466
1.276155
1.252366
1.320587
1.364706
1.392138
1.370342
1.266850
1.104421
0.919466
0.789180
0.723376
0.708655
0.735215
0.777463
0.913080
1.030938
1.122578
1.194156
1.251816
1.280513
1.279211
1.250821
1.305102
1.359905
1.408504
1.409867
1.320960
1.165867
0.969535
0.819908
0.728208
0.692627
0.708490
0.730780
0.861023
0.979404
1.070974
1.140017
1.193679
1.219800
1.215695
1.187058
1.259955
1.331037
1.390212
1.404839
1.342533
1.210988
1.033901
0.870368
0.766433
0.721381
0.721269
0.811582
0.940566
1.054057
1.140205
1.203951
1.248874
1.268792
1.257643
1.237522
1.301466
1.347234
1.383578
1.372730
1.288808
1.150309
0.968927
0.832700
0.751476
0.723374
0.737351
0.763820
0.890248
0.990802
1.063711
1.114184
1.148744
1.162836
1.181876
1.239305
1.286444
1.326774
1.366163
1.366387
1.279233
1.136566
0.942808
0.799312
0.709033
0.664852
0.666628
0.753463
0.880975
0.994978
1.083867
1.149374
1.198081
1.224322
1.218901
1.188924
1.250363
1.301320
1.349788
1.359676
1.276696
1.130486
0.942376
0.792654
0.697864
0.655199
0.659690
0.739377
0.872827
0.991133
1.082711
1.151445
1.202533
1.236027
1.237609
1.208498
1.266512
1.322680
1.368855
1.378452
1.299491
1.160658
0.970449
0.818427
0.716767
0.666897
0.670595
0.750882
0.892184
1.011299
1.104161
1.172849
1.224638
1.251892
1.247617
1.224757
1.272268
1.331156
1.381704
1.391420
1.324780
1.196696
1.012230
0.852446
0.740168
0.678916
0.668842
0.761501
0.906332
1.015437
1.097807
1.154765
1.193050
1.210470
1.194058
1.195240
1.259351
1.326330
1.378658
1.389083
1.321451
1.191693
1.008517
0.839417
0.717070
0.644510
0.633224
0.737328
0.881373
1.001320
1.095391
1.164331
1.213557
1.241234
1.239097
1.211370
1.276557
1.341506
1.386389
1.392871
1.337647
1.217210
1.031829
0.852974
0.727123
0.661918
0.658009
0.722086
0.864999
0.979973
1.069652
1.135262
1.182069
1.208690
1.206122
1.189517
1.261614
1.336386
1.383992
1.387276
1.335469
1.222784
1.046844
0.861112
0.725659
0.650215
0.636642
0.702351
0.844375
0.965384
1.061908
1.134898
1.187622
1.219507
1.222420
1.198471
1.264190
1.342362
1.389655
1.390333
1.331234
1.213142
1.032284
0.848086
0.715922
0.644008
0.634411
0.684267
0.832371
0.948814
1.040789
1.109185
1.159427
1.187430
1.185969
1.167702
1.241881
1.325537
1.377084
1.378064
1.316384
1.204368
1.032026
0.846930
0.711007
0.630073
0.608041
0.657019
0.805068
0.924490
1.020341
1.093012
1.148977
1.183073
1.187722
1.162662
1.235961
1.327261
1.380455
1.380312
1.320623
1.210880
1.037857
0.851836
0.714236
0.625093
0.599095
0.658225
0.807009
0.934638
1.038342
1.115196
1.172449
1.210517
1.221658
1.202051
1.239828
1.331414
1.384224
1.384410
1.319959
1.198347
1.010178
0.830513
0.700032
0.615695
0.601087
0.664777
0.831403
0.952674
1.056080
1.132507
1.187873
1.222354
1.228589
1.203358
1.239525
1.316957
1.374775
1.389148
1.326810
1.201600
1.018195
0.836889
0.704760
0.629610
0.617906
0.683504
0.832020
0.959921
1.063552
1.139138
1.192309
1.225054
1.230425
1.206339
1.242378
1.334087
1.391113
1.397692
1.330661
1.214354
1.030755
0.845271
0.711347
0.619179
0.587222
0.590515
0.758684
0.889200
0.996882
1.078660
1.145518
1.195893
1.210304
1.192187
1.230377
1.331643
1.392869
1.396420
1.326389
1.200347
1.013638
0.823237
0.684441
0.591991
0.575096
0.644351
0.805132
0.939670
1.050495
1.132322
1.191422
1.230113
1.241753
1.222109
1.243918
1.342122
1.399741
1.405957
1.337694
1.211786
1.025727
0.832473
0.694404
0.605430
0.581799
0.599969
0.774570
0.905856
1.014603
1.095618
1.156294
1.202118
1.217454
1.201474
1.229024
1.329286
1.387693
1.391926
1.319662
1.191722
0.998949
0.813358
0.679649
0.586232
0.561383
0.596123
0.752395
0.891495
1.009118
1.097816
1.162870
1.208837
1.229845
1.220766
1.247889
1.352456
1.408898
1.408174
1.333714
1.214943
1.035061
0.839953
0.699467
0.603725
0.567057
0.575440
0.769856
0.902062
1.016278
1.101532
1.163510
1.209535
1.227610
1.213101
1.214320
1.315841
1.380683
1.394808
1.329775
1.202392
1.017342
0.825364
0.686756
0.591890
0.556852
0.599672
0.777993
0.918476
1.037033
1.126288
1.189617
1.232264
1.248210
1.232807
1.230765
1.326049
1.389245
1.408587
1.358166
1.246414
1.071784
0.871086
0.727740
0.633483
0.589423
0.645777
0.836847
0.956064
1.069661
1.153860
1.213517
1.257182
1.272254
1.254067
1.247923
1.343658
1.400704
1.413496
1.352329
1.221504
1.027668
0.839502
0.708653
0.623524
0.582282
0.594248
0.789626
0.921069
1.034460
1.117919
1.175596
1.211562
1.219460
1.196550
1.208091
1.314693
1.395373
1.414685
1.378622
1.276852
1.100224
0.873250
0.714238
0.612533
0.569119
0.635834
0.813884
0.948374
1.067763
1.157230
1.221822
1.270278
1.289945
1.279056
1.276194
1.373132
1.432417
1.450696
1.394233
1.260708
1.074433
0.861403
0.712689
0.617739
0.615929
0.704253
0.866647
1.003654
1.116790
1.199301
1.254517
1.287178
1.291960
1.266664
1.260813
1.352481
1.414073
1.431896
1.392237
1.287335
1.114770
0.902282
0.755886
0.668391
0.627197
0.683771
0.852031
0.985522
1.096503
1.178019
1.233327
1.268078
1.275941
1.250746
1.250510
1.340463
1.407004
1.422050
1.350956
1.226706
1.053642
0.852200
0.708645
0.615786
0.556091
0.557961
0.757996
0.890221
1.003757
1.087822
1.148247
1.185461
1.192704
1.168255
1.176854
1.286626
1.383096
1.410575
1.368318
1.267507
1.100529
0.889913
0.740585
0.647530
0.591345
0.640247
0.802696
0.947054
1.068108
1.159802
1.223467
1.264713
1.277947
1.260962
1.258962
1.358929
1.429979
1.436700
1.372921
1.269043
1.103020
0.907903
0.769638
0.681608
0.624366
0.615173
0.758088
0.886090
0.997448
1.079324
1.133881
1.166620
1.167701
1.163019
1.183918
1.285806
1.369300
1.374915
1.320066
1.238108
1.102267
0.917003
0.777767
0.682994
0.617622
0.603601
0.771074
0.904138
1.021158
1.108943
1.169564
1.207678
1.215531
1.191395
1.227944
1.331314
1.409907
1.405513
1.334918
1.243038
1.100156
0.898573
0.753070
0.659759
0.598380
0.578859
0.734690
0.868727
0.984298
1.069401
1.127975
1.164039
1.167999
1.154671
1.178942
1.280632
1.365935
1.377137
1.331815
1.248444
1.111021
0.903903
0.749441
0.645966
0.574671
0.603443
0.766393
0.904689
1.021657
1.109436
1.168831
1.205582
1.213555
1.188976
1.210663
1.307418
1.386981
1.406046
1.359136
1.257506
1.102772
0.884436
0.727277
0.628162
0.568283
0.611917
0.769297
0.905441
1.017378
1.100263
1.155267
1.186938
1.189955
1.161807
1.185180
1.291983
1.383271
1.401130
1.354597
1.262999
1.104635
0.879947
0.721516
0.624029
0.566825
0.617038
0.785713
0.933492
1.059440
1.157877
1.225464
1.267962
1.280786
1.262972
1.250291
1.332197
1.409187
1.424825
1.391491
1.318175
1.173827
0.953189
0.794054
0.694176
0.635225
0.673718
0.829481
0.962434
1.075197
1.158134
1.213979
1.247587
1.252563
1.232167
1.257770
1.349786
1.412824
1.396685
1.336014
1.255530
1.118571
0.908203
0.758415
0.665836
0.611101
0.628936
0.786354
0.928908
1.049432
1.141897
1.205719
1.243171
1.247775
1.225499
1.246020
1.339286
1.410461
1.403755
1.350644
1.269353
1.131204
0.915701
0.753349
0.645847
0.578516
0.609918
0.765390
0.896717
1.008842
1.091097
1.145587
1.175655
1.174301
1.157131
1.194293
1.290884
1.358446
1.344578
1.283013
1.209384
1.081969
0.876375
0.727382
0.634140
0.579546
0.627017
0.785388
0.923582
1.039829
1.126754
1.185006
1.216490
1.215698
1.194406
1.239062
1.333448
1.399032
1.381580
1.312381
1.230353
1.097565
0.887366
0.734850
0.637865
0.577890
0.598426
0.755264
0.895299
1.012220
1.099193
1.157245
1.188779
1.187894
1.169215
1.201521
1.289936
1.353054
1.341347
1.279660
1.211897
1.091961
0.891608
0.743451
0.647083
0.585273
0.598008
0.757219
0.899293
1.018725
1.108503
1.169773
1.203438
1.202752
1.184837
1.228421
1.323694
1.382401
1.366193
1.288566
1.216656
1.095696
0.894709
0.745952
0.650319
0.592458
0.623359
0.780080
0.916833
1.031279
1.116269
1.173715
1.204553
1.203168
1.194695
1.236462
1.311674
1.364556
1.349409
1.285847
1.219087
1.104230
0.908465
0.763744
0.671637
0.617202
0.628942
0.784617
0.922462
1.038293
1.123990
1.182002
1.212524
1.211752
1.191031
1.209014
1.267480
1.332522
1.332865
1.276101
1.210940
1.093593
0.898922
0.747271
0.651065
0.599847
0.652862
0.803495
0.933092
1.041040
1.119531
1.170543
1.195161
1.186574
1.193579
1.228038
1.298562
1.338721
1.318854
1.251836
1.190428
1.082850
0.895320
0.757543
0.672749
0.627479
0.658311
0.813115
0.951866
1.068499
1.155453
1.214716
1.247740
1.251105
1.218241
1.237017
1.299180
1.375453
1.385665
1.333461
1.256472
1.118219
0.925795
0.760036
0.658431
0.611167
0.698258
0.850971
0.984955
1.093294
1.171062
1.219460
1.239914
1.233652
1.216544
1.252663
1.322022
1.379006
1.369901
1.308649
1.235172
1.108614
0.899389
0.750935
0.667217
0.633731
0.691883
0.841501
0.971105
1.080257
1.159361
1.210216
1.233904
1.225895
1.220435
1.257117
1.328279
1.372527
1.364761
1.302663
1.235320
1.118336
0.915027
0.766176
0.678946
0.639749
0.697594
0.842694
0.971941
1.076775
1.151454
1.197943
1.217006
1.206463
1.214906
1.250167
1.320377
1.372585
1.359930
1.293188
1.227956
1.114246
0.917111
0.768852
0.679566
0.638985
0.697763
0.843178
0.972962
1.080541
1.158449
1.207590
1.227061
1.213608
1.219506
1.250275
1.300722
1.352759
1.355600
1.299200
1.226497
1.102916
0.900188
0.744444
0.651582
0.610858
0.666528
0.812435
0.939793
1.042808
1.116328
1.161218
1.176597
1.157019
1.177315
1.210021
1.271017
1.308416
1.300768
1.236899
1.181797
1.082836
0.897951
0.761444
0.680806
0.646017
0.711379
0.859871
0.992869
1.102029
1.181151
1.229893
1.248922
1.241082
1.237590
1.272235
1.327347
1.394271
1.400724
1.343309
1.272671
1.147139
0.961531
0.795351
0.694878
0.650589
0.721448
0.870062
1.001412
1.108780
1.186101
1.232507
1.248230
1.233941
1.230379
1.259960
1.308689
1.370885
1.387074
1.335021
1.267717
1.145113
0.960062
0.797194
0.701466
0.663235
0.725180
0.873989
1.005838
1.114424
1.191971
1.238222
1.252406
1.234826
1.226754
1.251980
1.298345
1.367716
1.390727
1.343763
1.279349
1.155453
0.975366
0.808338
0.711342
0.694124
0.790474
0.933040
1.057152
1.155863
1.223988
1.259800
1.262750
1.233853
1.230558
1.243469
1.282913
1.361759
1.387864
1.340001
1.281122
1.157008
0.983701
0.802678
0.694533
0.653935
0.714281
0.869134
1.005784
1.117926
1.200359
1.251725
1.272210
1.259676
1.220821
1.241122
1.294674
1.363383
1.380067
1.324859
1.270010
1.155247
0.993263
0.820160
0.720119
0.692363
0.845470
0.980655
1.094331
1.180218
1.234595
1.255209
1.246525
1.222848
1.254192
1.274937
1.298319
1.344547
1.337349
1.272679
1.212407
1.106262
0.941127
0.781828
0.686028
0.650873
0.690484
0.829201
0.952157
1.050841
1.122252
1.163674
1.173908
1.153840
1.188615
1.214776
1.250262
1.301244
1.308094
1.249787
1.198864
1.100119
0.945364
0.778922
0.677052
0.637097
0.706438
0.854228
0.984206
1.088015
1.162906
1.206339
1.216833
1.199487
1.196372
1.225456
1.263932
1.341464
1.368918
1.329403
1.276060
1.159010
0.988322
0.788872
0.677834
0.666771
0.821514
0.958569
1.074350
1.160958
1.216836
1.241126
1.234988
1.204151
1.226355
1.243995
1.268778
1.333734
1.355483
1.312422
1.265601
1.155934
0.989675
0.794495
0.687812
0.678492
0.829211
0.962497
1.074080
1.155798
1.207086
1.227532
1.219212
1.196074
1.224177
1.242417
1.267673
1.333482
1.345287
1.291628
1.251177
1.155020
1.005707
0.817269
0.711794
0.708102
0.857830
0.988938
1.097903
1.180853
1.233857
1.255187
1.246625
1.214257
1.237085
1.250178
1.251672
1.311769
1.331682
1.291479
1.257291
1.169525
1.022161
0.823394
0.704050
0.664667
0.729536
0.872209
0.998030
1.096940
1.173096
1.215201
1.226056
1.210936
1.212003
1.246059
1.271837
1.332892
1.353076
1.318353
1.281448
1.189688
1.040625
0.836273
0.710438
0.665223
0.726314
0.865145
0.986690
1.081576
1.152683
1.194449
1.205405
1.191231
1.203214
1.239508
1.268025
1.331997
1.350061
1.315017
1.279655
1.192311
1.049513
0.848352
0.725311
0.681867
0.730555
0.868797
0.990595
1.085641
1.156834
1.197569
1.206731
1.189872
1.205915
1.239484
1.262104
1.320479
1.333819
1.298965
1.259952
1.172925
1.028582
0.823389
0.694156
0.644748
0.704528
0.846649
0.972023
1.069144
1.142182
1.185838
1.200135
1.189142
1.200667
1.236670
1.261866
1.323799
1.349103
1.321267
1.285829
1.195983
1.044544
0.835191
0.704513
0.655702
0.721964
0.864577
0.988795
1.083933
1.154986
1.194894
1.204902
1.190293
1.200434
1.235489
1.261937
1.323059
1.331743
1.299664
1.250034
1.179953
1.055447
0.860391
0.736456
0.692405
0.784612
0.921929
1.040952
1.131570
1.197932
1.231697
1.236618
1.216004
1.226777
1.252465
1.264603
1.315342
1.321654
1.287157
1.240729
1.165219
1.034849
0.833025
0.702871
0.653940
0.677276
0.820710
0.943336
1.046254
1.126288
1.178427
1.197595
1.191072
1.195026
1.239112
1.275499
1.332289
1.348237
1.317794
1.269980
1.193258
1.066303
0.868222
0.742633
0.696740
0.708915
0.835601
0.957430
1.058827
1.137350
1.187823
1.205857
1.190246
1.201244
1.233542
1.255834
1.302783
1.310547
1.275549
1.224939
1.158476
1.042497
0.851642
0.727246
0.679338
0.723779
0.861740
0.978127
1.076414
1.149784
1.195282
1.207941
1.190494
1.200846
1.235297
1.260560
1.316105
1.344068
1.318640
1.277662
1.198404
1.062708
0.853890
0.716846
0.663321
0.743312
0.873952
0.985651
1.073365
1.135832
1.168677
1.168839
1.149707
1.188514
1.224310
1.250645
1.300384
1.309720
1.280861
1.203107
1.148302
1.048632
0.867590
0.741039
0.687500
0.698884
0.840421
0.967642
1.074527
1.158287
1.209059
1.228955
1.213739
1.202709
1.230727
1.247917
1.309450
1.358792
1.346419
1.291586
1.224370
1.093971
0.922326
0.763320
0.689565
0.729399
0.870991
0.993847
1.094523
1.171209
1.219980
1.235128
1.221836
1.220763
1.257478
1.281410
1.314945
1.338052
1.310314
1.254755
1.192194
1.078956
0.900883
0.760991
0.700932
0.709118
0.834803
0.950615
1.047055
1.121233
1.170771
1.187658
1.169972
1.184340
1.213189
1.232254
1.242764
1.217111
1.188848
1.139917
1.094336
1.002443
0.828706
0.714872
0.677437
0.758068
0.897306
1.012583
1.110868
1.185837
1.228865
1.241658
1.219610
1.215714
1.242650
1.257835
1.281250
1.337777
1.335630
1.281965
1.243696
1.148291
0.997329
0.806447
0.706591
0.735675
0.875073
0.993240
1.091521
1.166565
1.213823
1.229452
1.215435
1.200337
1.231103
1.249418
1.254623
1.307999
1.313217
1.267164
1.232035
1.138299
0.985787
0.794444
0.699008
0.711256
0.854836
0.973100
1.075220
1.153119
1.216556
1.246439
1.241161
1.219996
1.262418
1.290936
1.302773
1.337039
1.317670
1.266097
1.214431
1.155708
1.056579
0.892775
0.796974
0.778930
0.830038
0.942220
1.035673
1.107393
1.164888
1.189024
1.177204
1.191095
1.219148
1.234771
1.234745
1.176186
1.205069
1.212271
1.176372
1.161602
1.107198
0.993339
0.838010
0.750549
0.742536
0.886639
1.002549
1.098568
1.175742
1.230135
1.257169
1.251188
1.222772
1.259578
1.292263
1.311733
1.348672
1.358867
1.324304
1.279411
1.197320
1.064575
0.861677
0.739171
0.704701
0.748378
0.866146
0.963152
1.042463
1.107270
1.142135
1.141392
1.120862
1.139725
1.147881
1.136991
1.168727
1.185320
1.210694
1.186009
1.143668
1.045791
0.858827
0.730847
0.683297
0.760358
0.892248
1.004172
1.100093
1.175207
1.227096
1.248568
1.232093
1.227285
1.254097
1.269059
1.267924
1.319218
1.323712
1.279159
1.239866
1.153790
1.011803
0.818178
0.711835
0.694164
0.797720
0.917967
1.022026
1.102204
1.167311
1.195039
1.191491
1.170945
1.203478
1.233335
1.250068
1.284419
1.266569
1.216602
1.179813
1.107974
0.988225
0.814133
0.717318
0.710633
0.818194
0.950353
1.062508
1.152283
1.216583
1.249110
1.248129
1.217306
1.235073
1.255404
1.261244
1.299000
1.323201
1.297839
1.237757
1.170228
1.048610
0.867873
0.730255
0.675294
0.744409
0.873930
0.981098
1.068905
1.133336
1.170573
1.174095
1.153628
1.186373
1.220074
1.246994
1.285950
1.283551
1.245579
1.177398
1.127539
1.030852
0.853547
0.735954
0.694043
0.722495
0.868937
0.993386
1.099740
1.182956
1.231948
1.247789
1.226732
1.219165
1.247103
1.266294
1.275860
1.337362
1.344847
1.301992
1.263989
1.167536
1.013332
0.814566
0.708923
0.760363
0.900691
1.014622
1.114060
1.182303
1.228017
1.242233
1.226037
1.213751
1.241292
1.255721
1.256037
1.281409
1.294262
1.257959
1.206036
1.139854
1.021081
0.837066
0.712747
0.672658
0.746449
0.874493
0.981695
1.068780
1.141651
1.182631
1.189509
1.174324
1.215098
1.247613
1.266352
1.293647
1.315927
1.283591
1.210299
1.167216
1.082221
0.910109
0.786210
0.733785
0.740379
0.873997
0.987676
1.084415
1.158548
1.206929
1.223335
1.202559
1.219999
1.244734
1.257870
1.259697
1.309929
1.311554
1.270126
1.232747
1.152429
1.019619
0.830310
0.722035
0.707644
0.841237
0.971624
1.081638
1.168603
1.230946
1.259708
1.254161
1.217055
1.218804
1.230407
1.230618
1.273159
1.309887
1.288476
1.244123
1.165225
1.026759
0.838991
0.704958
0.662656
0.769201
0.905249
1.019153
1.111155
1.179745
1.219877
1.226173
1.207622
1.218818
1.249455
1.267973
1.309511
1.326792
1.295299
1.222582
1.168750
1.065540
0.880223
0.756111
0.708938
0.721704
0.855151
0.975858
1.078707
1.158623
1.210065
1.226600
1.207904
1.218692
1.250783
1.271874
1.304195
1.355397
1.346747
1.293189
1.255617
1.164620
1.022220
0.839203
0.740840
0.734190
0.873680
0.989938
1.087928
1.160916
1.203792
1.214589
1.193761
1.200242
1.220677
1.228278
1.224038
1.274910
1.287140
1.255556
1.194129
1.127805
1.009236
0.827597
0.706449
0.668522
0.792668
0.928103
1.044378
1.134313
1.199555
1.230648
1.228745
1.200910
1.221766
1.244289
1.255795
1.287912
1.312858
1.290306
1.224675
1.177844
1.077332
0.931593
0.777198
0.709449
0.737722
0.879550
0.997344
1.098704
1.176893
1.231141
1.250895
1.239502
1.239795
1.279163
1.306350
1.330639
1.361332
1.341447
1.280676
1.240789
1.150524
1.010471
0.832988
0.748948
0.737361
0.870346
0.982505
1.080311
1.159608
1.218871
1.243717
1.236690
1.218195
1.254244
1.279957
1.293202
1.310662
1.288525
1.237246
1.182241
1.136961
1.049487
0.889394
0.785681
0.756208
0.794387
0.923542
1.031218
1.122757
1.192296
1.232396
1.239716
1.221692
1.240226
1.280185
1.308944
1.323160
1.362633
1.356183
1.313664
1.276888
1.193431
1.055774
0.858313
0.745538
0.726872
0.859344
0.979201
1.082010
1.162508
1.220752
1.247486
1.242108
1.214399
1.232277
1.264220
1.289669
1.342781
1.368350
1.342678
1.288908
1.226869
1.107992
0.934659
0.795017
0.739905
0.771466
0.906092
1.017798
1.110865
1.181896
1.222767
1.230198
1.212607
1.224196
1.260706
1.285489
1.312133
1.357064
1.348117
1.294816
1.261408
1.169749
1.020776
0.833051
0.737999
0.752367
0.886703
0.999116
1.093469
1.162812
1.212567
1.229173
1.213230
1.213691
1.242353
1.256056
1.253430
1.285135
1.281032
1.236863
1.190579
1.124599
1.010135
0.827838
0.718897
0.692975
0.768806
0.898335
1.008925
1.096672
1.160382
1.196861
1.199125
1.185631
1.221283
1.245947
1.255169
1.269237
1.291935
1.272005
1.212638
1.170502
1.080112
0.929174
0.780236
0.709851
0.718365
0.852844
0.963083
1.057952
1.139571
1.198311
1.221395
1.208354
1.231051
1.261882
1.278859
1.278474
1.282520
1.232172
1.170102
1.139812
1.087753
0.978408
0.844277
0.763872
0.750111
0.810204
0.919429
1.009875
1.080033
1.135840
1.161080
1.148646
1.170489
1.192544
1.200123
1.192325
1.134223
1.156192
1.180925
1.134756
1.120614
1.065222
0.912748
0.781683
0.713708
0.745033
0.880176
0.989079
1.082255
1.153265
1.199821
1.216260
1.200405
1.187762
1.192185
1.184700
1.171414
1.181590
1.170586
1.125651
1.103104
1.041288
0.928941
0.774540
0.693676
0.694105
0.826247
0.946616
1.049802
1.133741
1.194342
1.224131
1.224722
1.198360
1.218592
1.246501
1.262877
1.265200
1.229703
1.174501
1.132031
1.079306
0.972701
0.831868
0.747622
0.731767
0.802219
0.920156
1.019264
1.099711
1.157364
1.186245
1.182253
1.168792
1.203849
1.230189
1.243376
1.262849
1.306439
1.306840
1.252973
1.210171
1.105450
0.950880
0.765058
0.673533
0.682883
0.829135
0.954806
1.063179
1.149260
1.214364
1.247581
1.245710
1.224632
1.250968
1.273357
1.294634
1.332011
1.327340
1.284799
1.238065
1.130673
0.972251
0.792845
0.709397
0.705837
0.848827
0.966474
1.064673
1.138199
1.190781
1.209301
1.195786
1.195274
1.231052
1.254323
1.250924
1.236622
1.198501
1.154719
1.158651
1.106776
0.975068
0.835006
0.763804
0.762634
0.893552
1.006220
1.104444
1.179753
1.238940
1.266753
1.255290
1.238890
1.261451
1.272476
1.268438
1.282770
1.266739
1.222882
1.160536
1.115602
1.029395
0.864430
0.757729
0.728979
0.769567
0.898666
1.007537
1.101690
1.174331
1.218590
1.230283
1.208985
1.217050
1.247669
1.266675
1.273958
1.302023
1.294681
1.258476
1.207235
1.131897
1.009565
0.818992
0.704915
0.678193
0.761913
0.887264
0.993927
1.081693
1.154307
1.192036
1.195554
1.168900
1.189181
1.208616
1.213880
1.204205
1.225021
1.237240
1.193682
1.159689
1.074623
0.896702
0.771863
0.722823
0.774268
0.909835
1.021013
1.118744
1.195483
1.240176
1.253236
1.230960
1.220469
1.251457
1.273417
1.287977
1.351062
1.350823
1.309588
1.266201
1.170910
1.024445
0.823783
0.710234
0.685946
0.765427
0.884292
0.983933
1.062075
1.124126
1.152725
1.146520
1.123450
1.155686
1.176280
1.154980
1.212579
1.250081
1.242809
1.225090
1.147869
1.007915
0.814054
0.706482
0.695168
0.809684
0.941183
1.054409
1.144870
1.216718
1.256917
1.260937
1.236323
1.233604
1.258784
1.273735
1.306377
1.312703
1.276171
1.215700
1.159709
1.056751
0.885824
0.766325
0.728322
0.780750
0.906654
1.011311
1.097262
1.159590
1.196698
1.201722
1.177709
1.201893
1.227669
1.240149
1.260258
1.291945
1.279854
1.227213
1.188904
1.095829
0.952088
0.787598
0.703629
0.699018
0.831694
0.954128
1.060331
1.144665
1.207631
1.237705
1.229643
1.197664
1.225120
1.241325
1.248267
1.294026
1.287312
1.239902
1.206665
1.122841
0.989361
0.810627
0.717804
0.705921
0.851636
0.976807
1.086383
1.165195
1.219056
1.240170
1.226586
1.196690
1.224784
1.241793
1.249315
1.306747
1.319942
1.294450
1.234837
1.161577
1.033191
0.833567
0.708905
0.667313
0.723644
0.860894
0.979588
1.076578
1.155905
1.200703
1.212006
1.197581
1.229255
1.266293
1.289959
1.320460
1.331645
1.301192
1.228247
1.182568
1.091992
0.930129
0.794537
0.731829
0.733602
0.875269
0.992114
1.091208
1.167691
1.219391
1.237448
1.218234
1.217617
1.242312
1.253465
1.274642
1.313116
1.303451
1.248485
1.208917
1.110883
0.965498
0.789059
0.700125
0.700221
0.846191
0.968398
1.072005
1.154186
1.204135
1.222579
1.208230
1.192249
1.226393
1.249492
1.282408
1.343753
1.343817
1.293850
1.253565
1.155787
1.004610
0.813910
0.712715
0.700343
0.800731
0.937439
1.055562
1.149823
1.214005
1.244061
1.236183
1.203509
1.214140
1.236850
1.258350
1.341039
1.359462
1.325898
1.290031
1.189608
1.029819
0.825558
0.711346
0.694194
0.848113
0.986865
1.108175
1.195165
1.262169
1.295472
1.293707
1.269329
1.273930
1.293626
1.295871
1.326701
1.331213
1.291690
1.277205
1.206059
1.067860
0.873016
0.764839
0.752986
0.905446
1.032061
1.137052
1.222152
1.284502
1.319830
1.320645
1.290071
1.274881
1.285395
1.278499
1.300262
1.315907
1.284294
1.246150
1.176243
1.049971
0.852624
0.731696
0.700462
0.773505
0.902087
1.011338
1.101420
1.177873
1.224525
1.236775
1.212811
1.198778
1.214158
1.210119
1.215052
1.235044
1.262976
1.229697
1.204649
1.117372
0.962099
0.806314
0.730572
0.760002
0.894573
1.004798
1.098423
1.170044
1.211854
1.223150
1.204116
1.200016
1.231296
1.252776
1.260038
1.298644
1.317040
1.291234
1.214767
1.155708
1.047193
0.881164
0.750360
0.704564
0.767478
0.892200
0.996877
1.085533
1.158630
1.200080
1.210009
1.193380
1.229045
1.265081
1.287078
1.286113
1.289699
1.269456
1.212437
1.169871
1.104908
0.977636
0.835648
0.764430
0.767284
0.900178
1.003770
1.095475
1.167587
1.224663
1.251447
1.241980
1.230962
1.265947
1.295668
1.314434
1.318171
1.320381
1.280209
1.223207
1.179868
1.122115
1.016685
0.867350
0.785200
0.775136
0.881243
0.982143
1.068400
1.139060
1.197062
1.226013
1.222021
1.217600
1.259510
1.293267
1.314090
1.300611
1.251720
1.185729
1.107123
1.078438
1.036533
0.922164
0.816858
0.771048
0.781635
0.889480
0.982731
1.061369
1.131767
1.189051
1.213384
1.201401
1.210203
1.239627
1.264254
1.285889
1.273945
1.178747
1.206704
1.203118
1.139049
1.111451
1.065218
0.945456
0.825275
0.761354
0.748393
0.827312
0.909424
0.978470
1.027150
1.059042
1.059741
1.091459
1.142721
1.188858
1.230906
1.268696
1.305498
1.319137
1.290159
1.220052
1.172650
1.082859
0.931829
0.787544
0.722112
0.765281
0.891463
0.995138
1.082407
1.148171
1.192397
1.206143
1.191752
1.211768
1.243834
1.262064
1.265409
1.316726
1.331283
1.280729
1.246351
1.153278
1.001204
0.808913
0.712538
0.741979
0.880820
1.000192
1.101723
1.176421
1.236079
1.262282
1.259518
1.239786
1.258345
1.282243
1.288109
1.335788
1.349996
1.325131
1.289397
1.185268
1.017525
0.819653
0.722678
0.729750
0.863305
0.974779
1.069877
1.132832
1.182878
1.202345
1.189455
1.191288
1.221801
1.235836
1.234641
1.267095
1.264441
1.213432
1.163130
1.094959
0.974631
0.815748
0.727935
0.721441
0.828341
0.957271
1.072383
1.159067
1.221103
1.250664
1.246480
1.209388
1.216056
1.224764
1.219339
1.268748
1.300357
1.275602
1.237223
1.151210
1.005378
0.796716
0.672730
0.677450
0.823962
0.950835
1.055052
1.136919
1.195096
1.227422
1.226345
1.199616
1.216035
1.236917
1.244278
1.276464
1.285927
1.248610
1.203447
1.137341
1.019452
0.829872
0.713679
0.681398
0.760484
0.890621
0.999735
1.089595
1.157423
1.195312
1.200972
1.178501
1.208363
1.241841
1.262581
1.299531
1.330735
1.305758
1.229240
1.174281
1.070070
0.923285
0.771277
0.701505
0.732440
0.866007
0.975790
1.068241
1.140565
1.181816
1.191679
1.170305
1.194675
1.228699
1.251635
1.294150
1.340350
1.324145
1.259472
1.205848
1.097636
0.948553
0.781797
0.704897
0.740941
0.876678
0.990516
1.086468
1.159760
1.208437
1.224193
1.206863
1.214874
1.245767
1.262030
1.294247
1.335153
1.322456
1.263565
1.214403
1.107745
0.955516
0.793385
0.717516
0.737556
0.875179
0.989281
1.085956
1.161590
1.205897
1.217468
1.200323
1.205880
1.243997
1.271224
1.300142
1.342107
1.326891
1.262545
1.217335
1.118950
0.975565
0.799085
0.714367
0.706694
0.845489
0.961659
1.060194
1.137584
1.193408
1.217267
1.210724
1.213657
1.251646
1.275220
1.299508
1.348877
1.345820
1.286418
1.245942
1.150508
1.003750
0.818263
0.723848
0.722501
0.862653
0.979731
1.077510
1.154105
1.208541
1.231953
1.221186
1.214052
1.250519
1.274543
1.301626
1.353449
1.351190
1.295061
1.258240
1.166217
1.019495
0.831562
0.733559
0.717370
0.859168
0.976668
1.074863
1.150566
1.197253
1.212788
1.195498
1.186161
1.213225
1.231536
1.244427
1.320706
1.340324
1.300674
1.265084
1.171258
1.019324
0.820312
0.709904
0.694614
0.834826
0.969228
1.085152
1.170992
1.230712
1.256549
1.247344
1.214300
1.226593
1.245621
1.256671
1.317929
1.347310
1.319251
1.285995
1.201123
1.052664
0.845287
0.721742
0.692768
0.820734
0.958854
1.076248
1.166542
1.232401
1.266198
1.264564
1.237184
1.240305
1.263538
1.273830
1.312823
1.335362
1.308397
1.253737
1.193718
1.077544
0.888462
0.759020
0.710801
0.763719
0.902496
1.016301
1.110722
1.181495
1.223882
1.231279
1.205498
1.220377
1.245354
1.257979
1.261902
1.289396
1.275496
1.220297
1.187836
1.109392
0.980661
0.823203
0.743307
0.735393
0.882250
1.001123
1.106009
1.186303
1.252438
1.287490
1.286350
1.252723
1.276488
1.284884
1.275639
1.292578
1.291038
1.248491
1.216018
1.155774
1.046521
0.865654
0.755374
0.727272
0.786404
0.910156
1.013169
1.100743
1.166324
1.203447
1.207339
1.181683
1.197387
1.228785
1.250778
1.277412
1.313836
1.309050
1.254347
1.215650
1.119048
0.971729
0.792399
0.702061
0.691163
0.829710
0.953959
1.061942
1.149449
1.206125
1.230715
1.221855
1.195142
1.226402
1.253233
1.289422
1.349967
1.350895
1.298204
1.255504
1.151176
0.995250
0.804731
0.708216
0.698401
0.837242
0.962351
1.068019
1.150715
1.211424
1.240179
1.234894
1.215784
1.252848
1.276280
1.300956
1.353536
1.360147
1.310782
1.273586
1.175374
1.021101
0.832416
0.737832
0.758135
0.900329
1.018576
1.117476
1.191793
1.244338
1.265101
1.248187
1.229763
1.251921
1.259030
1.250992
1.306863
1.320626
1.280336
1.241748
1.161728
1.025199
0.835096
0.727984
0.715874
0.836887
0.970680
1.088021
1.179693
1.247153
1.280612
1.277326
1.241666
1.227940
1.241800
1.244762
1.294113
1.336624
1.322062
1.286410
1.206796
1.059939
0.871451
0.727816
0.678651
0.773936
0.912186
1.030588
1.125982
1.198144
1.241931
1.251594
1.233956
1.228097
1.258148
1.274252
1.315558
1.344897
1.317193
1.277364
1.207723
1.077984
0.878847
0.742925
0.692319
0.712962
0.851466
0.964985
1.060302
1.132527
1.175051
1.183895
1.167011
1.193493
1.230470
1.259567
1.288387
1.292845
1.268730
1.211905
1.167169
1.070929
0.898405
0.765866
0.711461
0.784854
0.916652
1.023932
1.113642
1.180164
1.222222
1.230899
1.209333
1.233257
1.262460
1.276769
1.292150
1.331478
1.318920
1.258390
1.220261
1.131796
0.993205
0.813433
0.721562
0.726601
0.866731
0.983170
1.081410
1.156226
1.202202
1.218542
1.205267
1.203401
1.232353
1.247323
1.250041
1.308027
1.317903
1.269472
1.233432
1.142657
0.994521
0.800910
0.696064
0.697869
0.846069
0.974778
1.085855
1.167889
1.226070
1.250805
1.244802
1.217895
1.241602
1.263337
1.271032
1.326353
1.340348
1.295698
1.265816
1.174940
1.019466
0.819835
0.712205
0.700155
0.841242
0.969357
1.080379
1.163439
1.223081
1.250602
1.248226
1.225661
1.251061
1.277106
1.288338
1.346106
1.359112
1.317881
1.288695
1.200007
1.045949
0.844897
0.734249
0.715514
0.822491
0.948222
1.056844
1.140113
1.200884
1.225542
1.222425
1.203279
1.234263
1.271275
1.296522
1.357090
1.358690
1.316714
1.286919
1.203483
1.060073
0.861163
0.747531
0.723727
0.821276
0.942387
1.042570
1.120102
1.174939
1.199518
1.191678
1.175602
1.210489
1.237634
1.254852
1.310969
1.325859
1.289053
1.257114
1.181049
1.046466
0.847455
0.728375
0.698651
0.818973
0.951073
1.064073
1.150338
1.213984
1.246457
1.244205
1.214988
1.234166
1.257028
1.267451
1.307484
1.335938
1.307098
1.257161
1.196795
1.079966
0.890794
0.758631
0.709207
0.770811
0.905802
1.016356
1.108731
1.177201
1.216121
1.220357
1.197590
1.220240
1.251718
1.270691
1.290651
1.323068
1.308031
1.248645
1.211583
1.120803
0.981830
0.811994
0.728084
0.723536
0.864602
0.980254
1.079648
1.158558
1.216404
1.241365
1.233763
1.221178
1.259098
1.285568
1.296906
1.344632
1.339903
1.292170
1.255877
1.165624
1.021510
0.831669
0.730524
0.718536
0.851840
0.962248
1.054883
1.120205
1.163000
1.173946
1.154086
1.178555
1.215307
1.240682
1.250145
1.270247
1.246641
1.192976
1.157375
1.085350
0.952835
0.801659
0.717137
0.706232
0.810480
0.937012
1.050023
1.136133
1.197319
1.226538
1.220373
1.182921
1.202866
1.213246
1.219076
1.279488
1.304992
1.275649
1.234185
1.144667
0.999353
0.795618
0.675758
0.646784
0.764386
0.896376
1.008758
1.097147
1.172022
1.209677
1.213094
1.194764
1.214750
1.240807
1.253088
1.290128
1.281131
1.234033
1.198423
1.128515
1.007693
0.830881
0.728498
0.711092
0.793018
0.926240
1.040859
1.130962
1.197862
1.233199
1.235422
1.204062
1.222311
1.238083
1.238477
1.273380
1.296682
1.271347
1.197483
1.141300
1.035606
0.870435
0.733258
0.674526
0.729922
0.860729
0.969226
1.059523
1.125894
1.167453
1.175898
1.148624
1.175097
1.195785
1.210220
1.222103
1.202025
1.173800
1.123081
1.077790
0.984279
0.809557
0.697078
0.663139
0.751611
0.888111
1.000907
1.096668
1.169628
1.211744
1.224417
1.200482
1.206915
1.231678
1.242934
1.261417
1.319988
1.323723
1.270180
1.226287
1.126490
0.974320
0.783689
0.685615
0.684060
0.827817
0.950330
1.055406
1.139485
1.194708
1.216780
1.211564
1.194965
1.241515
1.278296
1.316539
1.367501
1.357658
1.304375
1.266747
1.174336
1.030474
0.843607
0.745680
0.734295
0.819131
0.943592
1.050396
1.130066
1.193742
1.224526
1.217239
1.196251
1.223221
1.237677
1.239420
1.267604
1.264186
1.216890
1.188114
1.114917
0.989599
0.814434
0.716393
0.732334
0.879715
1.000067
1.101044
1.177995
1.231446
1.251256
1.236568
1.210391
1.237357
1.251617
1.249338
1.256109
1.303471
1.295435
1.237185
1.198084
1.104286
0.958444
0.775713
0.685937
0.719897
0.855467
0.971180
1.069353
1.145975
1.194390
1.213317
1.204249
1.193713
1.225615
1.245729
1.270093
1.332693
1.343713
1.300993
1.255567
1.146838
0.982258
0.790426
0.698480
0.707590
0.846059
0.961838
1.060846
1.139220
1.197446
1.220995
1.212772
1.199656
1.233491
1.253705
1.258922
1.299351
1.294833
1.242956
1.183540
1.125041
1.025102
0.865392
0.782837
0.779260
0.833475
0.942537
1.038794
1.123646
1.192688
1.227223
1.225873
1.206179
1.225871
1.232957
1.226090
1.182949
1.178958
1.199975
1.211564
1.186559
1.138619
1.106997
1.012387
0.865529
0.778422
0.758555
0.853826
0.954485
1.037653
1.111526
1.168841
1.193516
1.188289
1.169358
1.195797
1.211663
1.206947
1.196605
1.230125
1.245875
1.228947
1.199582
1.154870
1.056009
0.881252
0.775415
0.753275
0.863293
0.968388
1.055472
1.127068
1.177482
1.206394
1.208841
1.181432
1.195737
1.217117
1.225304
1.241313
1.293486
1.300599
1.246524
1.202861
1.098207
0.943999
0.762312
0.680558
0.684580
0.820317
0.936130
1.035124
1.113548
1.170135
1.195702
1.192904
1.173707
1.214170
1.247798
1.286250
1.349272
1.354010
1.302974
1.262819
1.161032
1.003421
0.812993
0.721095
0.742616
0.886081
1.008152
1.112175
1.191140
1.248752
1.273329
1.267514
1.245027
1.260938
1.283811
1.308272
1.354781
1.358314
1.323274
1.283165
1.176187
1.009907
0.816712
0.724237
0.731089
0.868629
0.984029
1.079643
1.151653
1.203638
1.224634
1.214036
1.205790
1.236616
1.251860
1.250345
1.298540
1.298196
1.250500
1.212718
1.131209
0.999762
0.824017
0.728135
0.719761
0.826676
0.957077
1.071471
1.155601
1.215401
1.243343
1.236552
1.203676
1.221988
1.239201
1.243657
1.286862
1.313053
1.293858
1.249263
1.175859
1.042176
0.856623
0.720605
0.682503
0.785808
0.919604
1.032382
1.126306
1.196501
1.237926
1.246283
1.229146
1.242082
1.272434
1.288138
1.304621
1.303590
1.266473
1.199234
1.163305
1.084602
0.932180
0.806097
0.758032
0.771291
0.892888
0.989855
1.073158
1.146174
1.196274
1.210933
1.194820
1.220179
1.236017
1.239282
1.219168
1.196489
1.173630
1.136281
1.059397
1.041193
0.989680
0.876403
0.790616
0.762096
0.761022
0.863715
0.949287
1.023278
1.090891
1.136398
1.146404
1.154717
1.153644
1.140966
1.141407
1.147626
1.148982
1.086837
0.991502
0.915263
0.827660
0.792998
0.781032
0.753717
0.753536
0.789435
0.863157
0.964924
1.040321
1.106593
1.161820
1.197252
1.207408
1.227755
1.229927
1.229163
1.232882
1.233863
1.203257
1.235083
1.270079
1.306518
1.345495
1.382246
1.410033
1.426370
1.438898
1.446284
1.449156
1.459298
1.479076
1.479219
1.452843
1.399298
1.352689
1.323442
1.289630
1.233238
1.163216
1.102164
1.042256
0.958297
0.912406
0.894906
0.854845
0.759665
0.688799
0.618362
0.516810
0.383552
0.233427
0.068953
-0.112677
-0.313288
-0.533437
-0.686002
-0.685101
-0.686000
-0.674105
-0.610496
-0.551804
-0.489209
-0.430461
-0.340073
-0.236892
-0.108625
0.029418
0.028069
0.044049
0.130243
0.266684
0.419901
0.582242
0.756860
0.916309
1.007006
1.038852
1.046653
1.046196
1.035732
1.032760
1.038637
1.047711
1.043796
1.019862
0.972266
0.918683
0.901194
0.930777
0.980410
1.004972
0.989138
0.957918
0.925564
0.904244
0.899537
0.916189
0.921784
0.901745
0.891562
0.862367
0.840547
0.812486
0.789243
0.772589
0.757944
0.761954
0.787454
0.827964
0.875381
0.924093
0.963664
0.980190
0.966198
0.935537
0.922462
0.938043
0.976443
1.056779
1.180733
1.327974
1.480201
1.622339
1.717598
1.752757
1.732376
1.665779
1.581908
1.588459
1.596184
1.605550
1.616252
1.628019
1.656681
1.726988
1.819651
1.919397
1.995987
2.040008
2.031454
2.029224
2.030534
2.035898
2.046924
2.013124
1.982544
1.953492
1.940989
1.956821
1.990141
