0.008804
0.019478
-0.001638
-0.038940
-0.032473
-0.022579
-0.039082
-0.032580
0.786420
0.371264
-0.519240
-0.118138
0.105571
1.841637
5.908135
12.261911
18.657047
29.918097
19.136425
-1.263832
-1.711855
-4.518652
-5.881283
-7.298915
-5.914922
-5.994645
-6.701463
-5.273261
-2.904102
-3.303985
-1.705365
-1.690837
-0.561251
-0.140016
-1.289902
-0.220253
-1.686585
-0.956397
-3.627388
-5.520319
-1.927582
2.667902
1.734807
-0.423477
-2.959235
-2.052932
-2.565841
-1.914766
1.042029
-1.562501
-5.697428
-4.917729
-3.182170
0.804372
0.720098
5.284294
9.881729
12.507190
6.905761
0.838835
-9.083824
-3.991707
-4.909774
2.962991
12.123044
4.650912
1.334484
0.464974
-2.010820
-2.512476
-9.258011
-5.818579
-2.322099
-3.757011
4.549915
10.517893
15.152427
9.283175
7.558607
8.134685
7.569205
12.432607
-0.000708
0.000000
2.862083
2.031042
0.943067
1.569093
4.879908
0.584309
-1.609110
-1.209271
-0.053777
-0.572495
-0.996222
-1.204766
-0.593791
1.353742
0.872980
-0.051688
-1.220476
-2.627174
-1.470650
1.184947
-0.586924
-1.597421
-2.041333
-2.669747
-1.942718
-2.107925
-1.792763
-0.372818
-0.006193
-1.755823
-1.879871
-0.787428
-0.453983
-2.902600
1.740773
4.814945
2.579316
-5.448105
-1.147520
-2.890286
-3.843486
-0.861417
1.473720
-1.882399
-0.090465
-1.736770
-1.250081
0.053998
1.089101
1.310384
2.138263
3.544000
2.148568
5.532203
2.265971
-0.662491
0.698261
-1.750314
1.707716
4.675878
4.889432
2.409943
0.515539
-1.280709
-1.090957
-0.719026
-0.266195
1.346995
2.337105
2.056838
2.413985
2.964411
1.902803
0.963885
0.598848
-0.885542
-2.958035
-3.497488
0.389509
5.407242
1.844073
1.552795
-0.043190
-0.633276
-2.500945
-1.800311
-1.410332
0.119384
1.010384
0.390542
0.652820
0.520519
-2.225886
-0.008188
2.980994
3.561932
0.676413
-2.803180
-4.386274
-0.247584
-1.770639
0.022628
0.165133
0.537335
-0.888994
-1.296206
-0.794377
0.699870
1.265441
0.248813
0.373898
0.708192
-1.562310
1.053882
2.486176
2.349449
0.230585
-2.798835
-3.007883
0.269685
1.937657
1.025129
0.643146
-0.157695
-1.868178
-0.932007
-0.741443
0.638972
1.406127
0.813893
1.134695
1.807596
0.073377
1.706605
1.246098
-0.130408
-0.963602
-1.572425
-2.855792
1.946200
3.096087
1.259662
0.098209
-1.063023
-2.477340
-1.535961
-1.263541
0.158782
0.996973
0.316414
1.232519
1.863042
-0.491549
2.331445
1.837818
0.238294
-0.273284
-0.778972
-3.133731
1.830031
1.135169
1.607121
0.480987
-0.517100
-2.214765
-1.239629
-1.022905
0.362653
1.251912
0.854448
1.228696
1.334615
-0.570711
1.341238
1.863726
1.378817
-0.099401
-2.649801
-2.256755
1.712665
3.147625
1.780557
1.883220
-0.276169
1.408166
-0.881049
-0.849064
0.571018
1.384071
0.184385
-0.126965
0.933377
0.219812
-0.757307
1.300093
-0.236101
-2.035820
-0.113433
-1.616221
2.625270
-0.577702
-0.438349
-2.667344
-2.768689
-0.424679
-3.291470
-3.457479
-1.984584
-0.885453
-0.388611
-0.309185
0.026301
-2.292460
0.845079
1.540917
1.678533
-0.542973
-5.562443
0.841211
2.703403
0.565953
1.506756
-0.355075
-1.802856
-2.229291
-2.887113
-1.880621
-0.035805
0.749297
0.823795
0.937365
2.033673
0.940099
2.805350
0.253457
-1.900589
-1.047429
-1.924045
1.840812
4.658659
5.479015
2.173774
0.600192
-2.490109
-1.986546
-1.912060
-1.592203
-0.047392
0.889409
0.744177
1.151631
1.992464
0.671095
3.963143
0.761808
-1.588672
-1.600703
-2.693533
1.552499
5.769511
3.427434
3.172757
1.248133
-1.339555
0.274836
-0.991844
-1.109130
0.137585
0.940049
-0.132387
-0.232231
-0.704164
-1.659045
1.310404
1.293624
0.190735
-0.490667
-5.374775
1.378072
0.486335
-0.663076
-0.249458
-1.160819
-1.536536
-1.628124
-2.196375
-1.616568
-0.044289
0.633266
0.130184
0.542857
1.285615
-0.522722
1.631825
1.972166
1.208162
-0.246581
-2.513365
-1.301500
2.010299
3.579904
2.387588
2.278992
-0.392376
1.837796
-0.203486
-0.736859
0.619451
1.447564
0.400016
0.175552
0.155932
0.261060
-0.188388
1.173615
-1.377863
-2.794100
0.593285
-1.196890
3.287109
2.357476
1.310834
-0.426961
-3.766131
-2.007525
-2.494983
-2.040008
-0.366600
0.480703
-0.512606
-0.332864
0.195688
-1.904803
1.203636
1.327443
-0.377405
-0.281224
-3.921652
0.577394
3.775843
1.806833
0.455125
-1.497242
-2.803019
-2.900998
-2.303061
-1.782718
-0.151321
0.752939
0.931513
1.284130
2.082052
0.768499
2.321225
1.077913
-0.990590
-1.288616
-0.751105
-1.744055
3.463585
4.957776
2.540562
0.963806
-2.769574
-1.382039
-1.661757
-1.217230
0.286324
1.411609
0.985966
1.301880
2.093965
1.331299
0.257719
0.489752
-1.284315
-2.332078
-3.227765
3.270308
2.580165
4.428492
2.378511
1.232312
-2.817161
-0.139424
-2.418174
-2.401873
-0.978642
-0.048241
-1.222970
-0.652160
0.430672
1.397437
-0.155193
0.528525
-0.685044
-2.557867
-3.490073
2.931404
1.502209
3.322954
1.617438
-0.965314
-3.984057
-2.689398
-2.223153
-2.059564
-0.546219
0.412995
-0.024903
0.237561
1.181654
0.245291
3.788166
-0.635408
-2.613704
-2.362499
-1.038532
2.997650
4.847766
6.655541
2.969520
1.166044
-3.069811
-1.036046
-3.129578
-2.866527
-1.383140
-0.410768
-0.563662
-0.580175
0.501482
0.086159
-0.997447
-0.082349
-2.110422
-3.625631
-1.557618
-0.370960
4.471356
5.714683
3.443573
0.988038
-2.554452
-1.753934
-1.741158
-1.491889
-0.056142
0.841622
0.352669
1.214192
2.290437
1.766032
6.003183
0.818614
-1.764435
-2.391078
-1.826031
2.093542
4.009780
4.468637
3.912735
2.415267
-1.686389
-0.631621
-2.028631
-2.200092
-0.874568
0.142295
-0.763500
-1.185779
-0.949928
-1.346845
-1.195171
1.771936
0.168243
-0.835626
-4.226406
1.605211
0.923487
2.181570
0.872085
-0.907959
-2.793221
-2.448957
-1.976044
-1.625327
-0.086329
0.832253
0.742155
1.094982
2.564520
1.594086
3.160693
0.389191
-1.271187
-2.404602
-2.936950
1.251540
5.301889
3.450555
2.696111
1.762053
-2.370397
-0.903847
-3.041408
-2.152566
-0.656836
0.407212
-0.291123
0.030248
0.702981
0.350017
2.694795
0.993113
-0.640167
-1.601491
-3.736776
2.513067
1.567537
1.071115
1.898777
0.308595
-2.455614
-2.099990
-1.877915
-1.594312
-0.214644
0.792169
0.961541
0.984991
2.076034
1.422510
1.814733
1.278331
-0.921743
-2.300461
-2.908856
1.204543
4.263596
3.365641
1.483443
2.199610
-2.087395
-0.907747
-2.810698
-1.122043
-0.416346
0.150451
-0.751489
-0.444226
0.266380
-0.812444
3.052541
2.151132
0.566990
-0.465467
-2.559462
0.528122
4.750406
2.948925
2.428084
1.124548
-2.080988
0.266827
-1.542190
-1.997981
-0.736526
0.109692
-0.951093
-1.429142
-1.389540
-4.682269
-0.735870
-0.795355
-2.122716
-2.074780
-4.621168
3.148064
1.936197
2.416420
1.021355
-1.750530
-1.872019
-2.766294
-2.702765
-3.280005
-2.212809
-2.019244
-1.626183
-2.441884
-1.185735
0.143796
1.884440
1.154916
-0.805350
1.587055
-2.691412
2.358787
4.368246
4.325493
1.814800
0.603289
-1.708536
-1.397981
-1.599798
-0.808829
0.771275
1.885760
2.405029
1.404921
1.853756
0.811063
0.680479
-1.555351
-4.236259
-4.398316
-4.649271
5.305524
7.842432
5.218669
4.823750
3.530127
-0.489841
0.378611
-1.517835
-1.515310
-0.189239
0.746048
-0.262145
-0.614952
-0.253004
-2.205635
0.997245
0.717808
-0.662431
-0.953230
-3.343248
2.014562
1.612475
1.107385
1.280201
0.055310
-1.962531
-2.624233
-1.819489
-1.570523
-0.191139
0.655124
-0.021869
0.330532
1.110868
2.525614
2.984002
2.641681
-0.010755
0.264397
-1.111950
-1.473284
4.254188
3.378199
3.031661
2.127862
-0.607815
1.141735
-1.250050
-1.379633
0.044248
1.058341
0.202899
-0.829425
-0.090853
-1.444932
-1.788627
-0.092513
-1.303912
-6.016359
-6.159091
2.501944
5.691510
3.521305
1.259665
-1.961294
-2.133347
-2.812429
-3.548213
-3.787489
-2.586686
-1.251078
-1.062127
-1.960295
-1.866400
-0.282862
-0.941697
-0.294446
0.082513
-0.236523
-5.686901
1.607018
4.269498
1.975260
2.499991
0.146565
-1.644823
-2.398172
-3.201209
-2.082364
-0.445169
0.198282
1.669948
1.371874
3.318956
4.080565
2.797830
1.874009
-1.529231
-3.382272
-0.323927
2.241149
6.645397
6.944296
6.082403
4.850615
0.047984
1.520800
-1.140193
-1.803977
-0.811268
0.100394
-0.591837
-1.408234
-0.690321
-1.965589
-2.304749
-0.408102
-2.673733
-4.696511
-6.027849
3.042580
5.906305
4.515012
1.225504
-0.920407
-1.483945
-2.988966
-2.899255
-2.635932
-1.778670
-2.022585
-1.552094
-1.918413
-1.110476
0.226207
-0.390528
0.788405
1.280352
-1.328165
0.459459
-0.413496
3.032409
1.480066
2.367419
0.416377
-1.976577
-0.044663
-1.310823
-0.927263
0.561284
1.338802
0.896883
0.772911
1.583516
-1.549330
-0.855178
6.331510
-0.159383
-3.689670
-3.816111
-1.597184
4.325064
4.192018
2.691257
1.163021
-3.314332
-0.762278
-2.248573
-2.204123
-0.862416
-0.100722
-0.407022
-0.804700
0.207555
1.167518
4.231891
5.697937
-0.458911
-0.917815
-2.060958
-1.747514
3.257892
3.231192
2.820320
2.504685
-1.393908
0.465079
-1.476790
-1.698577
-0.614693
0.171935
1.736190
-1.228542
-1.698937
-1.231115
-1.742091
0.560257
-1.104673
-2.776741
-5.223935
1.993658
5.072720
5.068554
1.705181
0.834762
-2.095772
-2.068406
-2.647633
-2.155201
-0.761758
-0.178906
-0.595724
-0.694366
0.375857
0.226701
1.850697
1.842741
-0.078705
-1.949837
-3.539939
2.829931
3.230706
2.336899
3.496265
2.736570
-0.612489
-0.319156
-0.773715
-0.847378
0.552910
1.711989
1.590275
-1.068845
0.963183
0.651896
-0.196577
0.570143
-1.695648
-2.293540
-3.879560
0.906201
5.470198
3.339989
1.346447
0.280052
-2.764833
-1.841182
-4.247353
-2.997109
-2.181753
-1.861462
-1.301973
-1.029153
-1.869499
0.350931
2.458658
-0.194787
-0.712995
0.045715
-3.275807
3.123629
5.420040
5.700423
3.444674
2.724366
-0.281988
1.678247
-0.604788
-0.512326
0.900213
1.713878
0.978658
0.155815
-0.036808
-4.819672
-3.331656
-0.913331
-2.200641
-3.109469
-1.976246
0.633849
3.753017
1.729684
0.245791
-0.399535
-1.140287
-2.845699
-3.048193
-2.193213
-0.560031
-0.057189
-1.870706
-1.099952
0.019732
0.983494
2.367351
2.939815
2.803466
-0.801533
1.499954
-1.581115
3.667697
2.060110
2.837472
2.148501
0.461244
1.160711
-0.084293
-0.166978
1.223399
2.425519
3.414373
-0.586770
1.278841
-1.197204
-0.918502
6.633734
-0.137989
-5.800334
-2.805996
0.078842
4.324522
3.777908
3.288896
1.941910
-1.298792
0.095504
-1.322392
-1.249034
0.209000
1.230820
0.011496
-0.577461
-0.670588
-0.890101
-1.891141
2.818282
0.364150
-2.586201
-0.625849
-2.747575
2.341379
3.235022
0.747225
-0.508731
-3.526177
-1.607301
-2.357625
-1.896629
-0.332986
0.562022
1.001910
0.046408
0.454761
0.224221
-1.514166
2.126659
-0.399491
-1.556643
-5.024283
1.773747
1.495990
0.909853
0.104403
0.358064
-1.609771
-0.729925
-1.884610
-1.895679
-0.715095
-0.101587
0.574389
-0.433195
-0.210344
0.294747
-2.798981
1.673363
-0.348039
0.161150
-4.885071
1.480470
2.007861
2.731344
0.888707
0.488266
-1.015095
-0.758874
-1.802517
-1.143606
-0.677932
0.875775
1.904739
0.497466
1.829155
2.494308
2.806459
2.050961
-1.909015
-3.211491
-5.166316
2.882377
8.481695
5.427556
3.496180
3.412960
0.235438
0.509084
-1.308164
-1.283290
0.025672
1.192833
1.796861
-1.317148
-0.503586
-0.575701
-1.754182
1.315725
-0.633895
-2.349763
0.644605
-1.771632
3.433641
2.414299
1.520400
0.410585
-3.063887
-0.617100
-2.774995
-2.768325
-1.287548
-0.328788
-1.339584
-1.576074
-1.468274
-1.375808
0.304073
1.695741
-0.707133
-1.313247
-2.669965
0.732359
4.664415
3.137601
1.377682
0.432183
-2.349587
-0.725029
-2.261821
-2.206246
-0.865055
-0.203774
-0.173986
-0.901122
-0.341770
-0.724456
-1.889950
1.616002
-1.433964
-2.341833
-1.978188
-1.375299
4.584797
3.617650
2.022082
1.888875
-1.097811
-0.074024
-3.181678
-1.853262
-1.065921
-0.731535
-0.279177
-1.251131
-0.613097
-0.694742
-1.947536
1.401610
-1.818093
-2.743050
-2.143695
-1.372646
4.230887
4.345867
2.618834
2.103853
-0.593921
-2.318934
-3.678641
-3.170194
-1.700072
-0.954216
-0.700432
0.264670
1.458076
4.417111
3.163867
1.898284
-1.779014
-1.465605
-1.348608
0.206340
5.760921
5.693624
4.307047
4.292680
0.604404
1.293132
-0.568775
-0.880996
0.126261
0.943358
1.421551
-0.929078
-0.244990
-6.640440
-6.430539
-0.701584
-1.813951
-2.466583
-1.954782
-0.817500
2.152641
0.731156
-0.252395
-0.627153
1.002248
-3.735547
-2.637252
-3.344317
-1.283891
-0.675235
-4.459414
-2.051653
-1.120489
0.378683
1.784583
3.163630
5.706715
-0.836529
2.059612
-1.457277
3.263951
2.167894
3.419276
3.172054
1.750637
2.850395
1.164030
1.284351
2.798023
4.069557
4.884534
0.645739
1.774139
-0.633771
-0.034344
4.415730
0.577008
-3.341616
-1.119918
-0.477427
3.004870
2.414555
1.136205
0.882490
-3.186498
-1.206084
-3.125882
-2.006886
-0.943925
-0.175694
-0.934352
-1.436774
-1.767495
-0.444339
-1.757445
2.413507
0.375456
1.175315
-4.810104
-1.433104
3.861128
3.547338
0.283098
-0.012837
-2.766093
-0.145927
-2.229871
-0.521143
0.687804
1.246110
1.708346
0.453446
0.920516
-2.058793
-1.943419
1.803296
-0.597343
-1.672775
-6.377941
-0.441671
4.491395
4.353260
0.946531
0.421573
-1.505373
-1.463468
-3.650938
-1.774068
-0.819449
-0.572355
-2.091336
-1.168138
-1.469626
0.167982
0.989131
1.885492
1.182577
-0.752120
0.943429
-1.784741
2.209831
2.288946
0.826707
2.087248
-0.793944
0.785686
-1.844297
-0.568811
0.368650
0.748372
1.239042
-0.303508
-0.027169
-0.511304
2.209712
3.285043
-2.115980
-2.495876
-2.797203
1.134364
6.884333
4.403280
3.140409
3.743668
1.445007
1.597798
-0.669350
-0.920408
0.092118
1.276404
1.814309
-1.721020
-0.944409
-2.015162
-3.187694
0.570233
-1.115371
-2.895257
-2.191972
-1.868956
2.347519
2.692561
-0.827721
-1.296523
-2.735389
-2.928139
-4.226540
-3.558457
-1.990788
-1.310459
-1.907942
-1.859409
-0.705986
0.618919
1.362122
1.841636
-0.713930
0.663703
-2.872937
0.553393
4.526571
4.927316
1.168061
1.464154
-2.556666
-0.011944
-2.455514
-1.137983
-0.184662
0.266638
0.809008
0.412037
1.179535
-3.198405
-3.281137
0.177166
-1.781454
-3.479165
-4.314947
2.714233
4.163291
3.208963
2.199106
2.654090
-0.227248
-0.079495
-3.854349
-2.022051
-1.143658
-0.737687
-1.091738
-2.243583
-1.611095
0.132285
2.153625
0.612349
-1.786490
0.179351
-2.341804
1.530529
3.760535
4.828272
2.196422
1.432032
-1.043033
-0.349636
-2.441288
-0.956675
0.058685
0.407394
1.403752
-0.099737
0.916069
0.866179
1.230844
1.387030
-1.906574
-3.449885
-3.439569
2.830988
6.618628
7.413671
3.856236
4.187288
1.021209
1.115835
-1.123991
-1.256714
-1.129629
0.395008
1.329761
-0.510032
0.706417
0.799005
-0.750511
-0.272560
-1.663342
-2.836151
0.380146
-0.390425
0.483358
2.802571
1.224487
1.178810
-3.065265
-1.377298
-3.387140
-1.582428
-1.188747
-1.845681
-1.155650
-1.933673
-1.787831
-1.142648
-0.174185
1.114374
0.290910
2.756629
-3.279654
-0.293797
1.780170
0.426160
0.059478
0.331157
-1.765992
-0.213637
-2.607365
-2.422829
-2.015362
-0.466328
0.679180
-0.117301
0.991076
3.522884
-0.325621
0.344945
-1.759291
-1.837787
-1.787674
-0.540621
5.056112
4.692959
2.993665
2.985632
-0.110475
-0.045606
-3.006543
-1.654629
-1.310320
-0.452653
-0.074109
-0.391487
0.269871
2.436083
1.588550
2.131544
0.002461
-0.718916
-3.009060
1.167168
1.830036
4.193284
2.377535
2.040450
-1.005714
-0.097603
-2.405421
-1.250289
-0.183981
0.604773
0.491484
-0.570221
-0.584298
1.394111
-0.094809
2.681409
0.344156
0.629079
-2.823634
-0.346519
3.132180
3.660351
1.102399
1.873477
-0.257248
0.618493
-2.190955
-0.556781
0.631085
1.351443
1.802786
-0.299740
-0.080079
-2.412473
-0.682587
2.200848
-0.044772
-2.554604
0.785560
-2.088075
1.711903
2.714540
1.270594
1.300312
-0.688937
-0.335287
-3.445451
-1.669606
-0.651334
-0.084994
0.293301
-1.420457
-1.499130
0.275943
-1.343183
2.225862
0.340260
0.944719
-3.725102
-1.441757
2.997121
4.120104
0.053669
0.385486
-1.533689
-0.442714
-3.235312
-1.709965
-0.790016
-0.090354
0.399814
-1.305090
-0.349444
-0.919747
-1.654143
1.525217
0.264129
-0.941480
-3.497663
1.293716
-0.172811
1.926290
0.870875
0.558248
-2.824736
-1.990186
-3.832177
-2.025082
-2.136278
-2.076752
-1.144500
-1.552481
-1.499772
-0.302705
-2.024460
1.617926
-0.749083
0.336403
-2.608676
0.423825
3.892198
3.456730
0.428660
0.708528
-0.842787
-0.760691
-2.878856
-1.401193
-0.336445
0.111646
1.385040
1.115528
1.774090
3.486794
3.869551
1.396826
-2.738342
-1.740182
-1.371007
2.902837
5.874658
8.480876
4.645498
3.077135
0.616634
1.075822
-0.835042
0.155314
0.062051
1.363729
2.349490
0.284225
0.858058
-1.738351
0.280835
-0.412151
0.311009
-2.029480
-0.639968
-0.086050
1.305949
1.565120
0.092059
0.092680
-1.786197
-1.733760
-3.389086
-3.165062
-1.733218
-0.812399
-1.659809
-1.671407
-1.863138
-0.946240
-3.210585
2.115392
1.867126
-1.123645
0.354721
-4.028526
1.256021
0.122077
-0.496782
-0.118554
-0.335699
-0.729227
-3.175515
-1.384753
-0.429688
-0.117871
0.167887
-0.704834
-0.221515
1.308994
1.320358
1.098825
-1.999678
-0.422129
-2.034638
0.904553
4.074988
5.321087
1.468187
1.302519
-1.115533
-0.180184
-2.728677
-1.085956
0.152781
0.733235
1.194391
-0.631237
-0.032374
1.560874
0.245527
1.334881
-2.187474
-1.154141
-3.676809
0.552872
3.498447
4.424233
0.935843
1.595728
-1.800827
-0.522059
-3.365199
-1.712761
-0.540724
0.016133
-0.472115
-1.054287
-0.648845
0.737210
1.056324
1.308215
-1.537741
0.315941
-2.923082
-0.276063
4.518571
3.662879
0.543693
0.956737
-1.909766
-0.382889
-2.624243
-1.609701
-1.640194
-0.279868
0.916790
-0.040530
1.052853
1.416441
0.521679
4.914916
-0.069187
-1.238566
-3.478122
-0.442491
2.593111
2.685592
0.956082
1.625079
-0.194922
0.054267
-2.396479
-1.265652
-0.331613
0.110286
0.639190
-0.770937
-0.784152
0.314328
-1.659583
2.516427
-0.865117
0.362684
-4.648796
0.379959
0.384298
0.419010
-0.016922
1.116744
-0.493425
-0.292271
-4.036307
-1.720886
-0.665025
-0.171918
-0.140868
-0.810612
-0.790239
2.549617
-0.731429
2.253587
0.730880
0.328344
-3.130073
1.766730
1.149029
2.355570
1.409288
1.937900
-0.995307
-0.122724
-2.999825
-1.390205
-1.289053
-0.164338
0.490849
-0.363451
0.495941
2.837664
2.248538
7.055077
1.323773
-1.206519
-2.913758
-2.082095
1.385572
2.784728
3.350288
2.983768
-0.435728
-0.193072
-2.598442
-1.608696
-0.735982
-0.072740
-0.246704
-1.624115
-1.501629
-0.911524
-2.100151
1.262794
-2.588331
-0.691931
-4.653633
2.379955
1.049645
0.678274
0.516932
1.505530
-0.650751
-0.182738
-2.707523
-1.158299
-0.143820
0.400937
0.402331
-0.147659
0.301674
2.025842
1.121670
2.137239
0.702185
0.266600
-2.703119
0.287509
0.860288
3.130213
1.639002
1.358394
-1.395515
0.150512
-1.710205
-0.859081
0.123893
0.690417
1.340146
-0.131746
-0.064393
1.562311
-2.198205
2.913607
-1.064739
-0.152954
-4.228071
-0.678672
3.237964
3.256414
0.322208
0.772078
-0.975533
-0.385678
-3.560030
-1.663822
-0.413478
0.112102
-0.506833
-1.139582
-0.692167
0.884341
-0.134374
1.391197
0.386462
-0.814918
-1.283054
0.383935
4.894487
3.289202
0.635910
0.838238
-1.724038
-0.161159
-3.104827
-1.682704
-1.597534
-0.080439
0.532944
-0.506754
0.603341
2.678094
1.858642
3.097787
-1.246406
-0.602684
-1.744521
1.870931
4.123042
4.224204
2.812503
2.102283
-0.690057
-0.039295
-2.359899
-1.659936
-0.587923
0.100501
0.002968
-0.964661
-0.755247
-1.615017
-2.340209
0.873509
0.131991
-2.702571
-0.010270
-0.804517
3.646180
2.493701
0.057499
1.454161
-0.782681
0.102479
-3.285270
-1.746630
-0.629763
-0.153814
-0.270820
-0.994813
-0.505719
-0.819814
-0.046338
1.494446
-1.287352
-1.791354
-2.525147
1.067993
3.639688
3.418158
1.295630
0.817376
-0.780001
-0.438930
-2.546609
-1.207401
-0.267202
0.011620
0.423908
-0.460016
-0.516110
0.417379
-0.189529
3.730018
-0.138009
0.476596
-4.432174
-1.366025
3.341494
1.865912
0.822714
1.168668
0.013699
1.174804
-1.014246
-0.677014
0.859359
1.653163
2.281521
-0.337274
-0.394463
1.889385
-0.292563
3.323759
-0.431758
0.753049
-5.185990
-1.645682
2.644233
1.643238
-0.236907
0.663971
-0.908939
0.068668
-2.381675
-0.945222
0.351507
0.878624
-0.047571
-0.809743
-0.610589
-2.004120
-2.034773
2.855259
2.636051
-2.013325
1.033799
-3.422452
1.246753
0.531917
-0.875056
-0.439761
-0.623275
-0.693195
-2.705985
-1.213717
-0.235871
0.020385
0.395984
-0.402440
-0.035219
-0.312714
-0.126089
2.169012
-0.743310
-1.284567
-2.303130
0.983825
3.601415
5.202780
1.579866
1.119531
-2.331741
-0.025599
-2.839981
-1.466308
-0.625563
-0.275851
0.144841
-0.501345
-0.354237
1.028927
-0.605670
2.482780
-1.728775
-0.481200
-3.781443
-0.510742
3.608149
4.273493
1.631676
0.760922
-0.320314
0.021753
-1.484191
-1.327454
0.099420
0.751614
0.260433
-0.038805
0.287032
-0.765493
-0.059073
2.413489
0.931986
-2.475770
1.037310
-1.383817
0.000000
0.554215
1.070674
0.543782
0.356594
0.184628
0.053790
-0.050579
-0.192694
0.761507
-0.156749
-1.740404
-1.509416
-0.765946
-0.896143
-0.594972
-0.370779
-0.150404
0.177018
0.976060
2.371082
1.019447
-0.419425
-0.500931
-0.259292
-0.199124
0.103662
-0.398341
0.077514
0.328154
0.443723
-0.146098
0.042250
1.219878
1.606560
1.620252
2.128258
-4.580385
-0.608277
-2.365468
3.462675
2.519854
1.621599
-4.063876
-0.128421
-1.586656
-2.521604
-1.499603
-1.696975
-2.839490
-0.561721
-2.266624
-1.658069
-0.051081
0.133970
0.208301
1.363460
2.040284
4.256090
2.783959
2.970840
-0.526248
-3.158861
-1.920436
0.397691
4.243001
2.176325
0.461112
0.663097
1.095510
0.282227
-0.708645
-0.694594
-0.098964
1.590539
0.729591
0.612882
1.341256
1.417761
-1.618576
0.977548
4.341288
-1.643352
-2.688461
-1.669143
1.206905
-0.728818
-0.722985
0.266749
1.589708
0.280846
-3.045823
-1.467498
-1.229986
0.381925
-0.317406
0.529323
0.616444
0.972170
0.708416
2.694286
3.617339
2.267746
-5.191247
-2.856270
0.904436
-0.615640
-1.063716
-0.043543
0.485904
-0.133983
-2.329962
-0.926518
-0.052424
0.296234
0.445468
0.027340
0.371678
0.743485
-0.534838
2.659065
2.523725
-1.552651
0.803194
-3.874678
1.215414
-0.105793
-0.409620
0.420826
-1.124376
-0.126482
-1.484827
-0.770387
0.027755
0.307869
0.487668
-0.089749
0.276457
0.767217
-0.274603
2.253053
1.748508
-1.518088
-0.970634
-1.967522
2.379087
0.762259
-0.051676
0.372650
0.492275
-0.699987
-2.295826
-1.108947
-0.269805
0.128888
0.547470
0.393503
0.811886
1.221579
0.179280
2.167037
1.447504
-1.424298
0.638186
-3.082497
1.942885
0.821218
0.346921
1.100828
-0.543348
0.528089
-2.542106
-1.241592
-0.342725
-0.010113
0.455079
-0.561662
0.124113
0.649212
-1.909299
0.297090
-0.013162
2.078478
-2.687157
-1.163920
2.646007
0.658112
-0.150957
-0.103175
-0.059010
-0.804561
-1.762871
-1.815853
-0.765622
-0.722755
-0.822825
-0.146873
0.628901
1.116958
0.523153
4.543292
0.151640
1.084307
-3.900225
2.441574
0.498904
0.962265
0.953475
1.670341
0.273023
1.334129
-1.667152
-0.119922
0.834781
1.134154
1.634778
0.008873
0.605565
1.213155
0.232060
3.547748
-1.896331
-0.004830
-4.215231
-1.122066
3.758744
2.590060
0.004332
0.846602
1.266378
-0.253100
-3.183825
-1.242200
-1.163546
0.276685
0.991901
0.858822
0.983907
1.720846
0.982324
2.528620
1.866174
-1.318846
0.364447
-3.431437
1.686083
1.177442
0.330605
1.226962
-0.077025
0.045299
-2.283439
-2.089935
-0.841888
-0.068672
0.402726
-0.107335
0.053590
0.816014
-2.243593
1.125835
0.542876
0.843730
-4.404468
0.206722
-0.634889
-0.645348
-0.872562
-0.409031
-0.293467
-1.999188
-2.640368
-2.178576
-1.192330
-1.449836
-1.840867
-1.345523
-0.360902
-0.235892
-0.148784
0.828937
6.987093
4.201807
-0.448555
-4.327671
-1.197703
-0.393357
-1.541018
1.244716
0.675728
0.493992
-3.653241
-1.149209
0.292830
0.854180
1.243941
1.868906
3.719259
5.107981
3.498323
1.083094
-0.278619
-0.458921
-1.361910
-1.178885
4.795408
4.316737
3.641016
3.525651
2.922246
2.549971
-0.886353
0.173063
-0.134345
1.131084
1.034942
0.553361
1.311839
1.781338
-0.605752
2.788535
0.472957
1.003410
-3.627798
-2.002832
2.394780
1.500907
-1.412113
-0.289190
-0.812811
-0.150643
-2.851072
-1.148183
0.148480
0.721742
-1.286762
-0.351436
-0.287712
-0.204893
-1.555490
2.290462
3.390636
-1.764794
-2.834722
-2.902308
0.917675
-0.210606
-2.856229
-1.421611
-0.395519
-1.247481
-4.066628
-1.929258
-0.644452
-0.101676
-0.452746
-0.189871
0.007696
0.596331
-0.085110
2.742908
2.418557
-1.416768
0.809350
-3.813285
1.313381
0.349292
-0.205913
0.667147
-0.674081
0.431239
-2.668251
-1.221114
-0.321762
-0.024168
0.474799
-0.663017
-0.205433
0.470582
-0.443529
1.402149
-1.306040
0.722525
-2.821703
-0.818804
3.322030
1.741420
0.106007
0.237827
-0.059598
-0.973805
-2.807156
-1.540436
-0.696484
-0.249385
0.305067
0.107326
0.466878
0.867132
0.849819
2.351945
3.239085
1.025050
-4.346087
-1.811217
1.479510
-0.055225
0.085805
0.552272
-0.204681
0.675367
-0.762193
-0.249500
-0.165835
1.110817
0.640657
0.949313
1.488291
2.216381
1.051806
2.514758
1.036588
0.199120
-4.176931
-1.025375
3.331901
1.938462
0.902515
1.007885
0.431798
0.755911
-2.855238
-0.975069
-1.038033
0.369504
-0.360576
0.242526
0.947359
1.403258
0.390394
1.895848
0.053574
1.694921
-3.567351
-1.665265
2.504390
1.669193
-1.484060
-0.662412
-0.270892
-0.771439
-3.374057
-1.535066
-0.466467
-0.108177
-0.216484
-0.538531
-0.305897
0.075268
-1.086357
2.268474
1.965049
-1.616408
0.835550
-3.734132
1.359609
0.100702
-0.368661
0.410402
-1.100372
-0.688148
-0.126887
-1.537405
-1.458018
0.159735
-0.037571
0.837090
1.238201
2.080060
-0.281622
3.430616
0.945645
1.702302
-1.430818
-3.745996
1.389647
0.554281
0.062415
1.029787
1.264218
-0.395728
-2.402941
-1.034186
-0.032619
0.478517
0.433648
0.308541
0.452356
1.043929
0.272580
2.551547
2.448584
-1.464980
0.930605
-3.397882
1.507586
0.288405
-0.106802
0.743177
-0.620793
0.814818
-2.314153
-0.708480
-0.597572
0.929393
0.971452
0.454862
1.572238
2.413246
0.115731
1.802392
0.248525
1.174900
-2.695096
-0.684081
2.454519
1.775645
-0.529523
0.185098
-1.093967
0.077788
-2.832330
-1.362697
-0.442442
-0.059192
0.323461
0.115260
-0.021998
0.344133
-0.840753
3.885342
-0.525746
0.452765
-4.777274
1.190006
-0.015111
0.286204
0.243531
1.144410
0.635927
0.658643
-2.010133
-0.889771
0.121411
0.544437
0.768597
-0.013323
-0.010275
0.723068
0.130444
4.055390
0.509396
1.026553
-3.797031
-1.355477
2.997332
2.733629
-0.279348
0.652826
0.154711
0.816235
-2.398749
-0.260572
0.935600
1.468993
1.834643
0.122892
0.478512
1.377101
0.730417
3.454638
-0.592440
0.743559
-4.145649
-1.393866
1.347318
2.174439
-0.257849
0.151692
-1.108124
-0.690289
-0.901853
-1.731340
-1.609472
0.039709
-1.500572
-0.349045
-0.243972
-0.095338
-0.332825
2.769410
3.478891
2.671990
-5.775166
-1.469473
0.565710
1.326053
-4.763710
-1.820165
1.138428
1.058011
0.406836
-0.521143
-0.949204
0.355681
-0.381917
0.179255
0.782507
1.671788
0.546175
1.256898
1.462300
-1.322543
-1.218463
-1.295149
2.208529
2.118778
-3.965409
-0.947745
0.287979
1.729078
-1.815561
-0.349422
0.725941
1.084768
0.490496
0.070335
0.835014
1.362690
0.559954
1.932822
2.270473
-1.481358
-1.439037
-1.293606
2.468553
0.514110
-1.128165
0.064098
-0.764851
0.490492
-2.429789
-0.926062
-0.856233
0.706600
0.704840
0.599194
1.313542
1.975496
0.977779
1.295439
-0.888352
0.801717
-2.049950
-0.520035
2.124843
2.076784
-1.234155
-0.918054
-2.676832
-0.963501
-2.147707
-2.030705
-1.640226
-0.008332
-1.736224
-0.687076
-0.136003
0.131116
-0.902217
0.011689
4.134938
2.051402
-5.721986
-2.978644
0.206200
-0.548889
-1.995416
-0.900497
-0.055840
0.056178
-2.264600
-2.485500
-2.105160
-0.622219
-0.919749
0.157179
1.145890
1.814033
2.146356
3.067317
4.755436
2.475412
-3.769383
-1.180220
1.750189
1.629724
0.760278
0.560406
-0.301839
1.392148
-1.859884
-0.706948
-0.872766
0.501643
1.512773
0.765009
1.792830
2.830945
2.284120
1.970063
-1.642114
-0.994388
-1.850645
0.494111
2.989182
3.207299
0.499543
0.467895
-1.362895
0.038904
-2.919629
-1.440122
-0.411184
0.169775
-0.768487
-0.801298
-0.416006
-0.466044
-1.525137
5.026615
-0.367452
1.351082
-5.304450
-2.420809
0.950326
2.165349
-4.910238
-2.214823
-0.529027
-0.228156
-2.102133
-2.089171
-1.660953
-0.145421
-1.114354
0.919678
1.817424
2.655113
2.101941
4.590576
4.015170
-1.744952
1.456177
-3.177299
1.818695
0.537432
0.525010
1.284383
-0.090915
1.261829
-1.876618
-0.466212
-0.382495
1.200737
1.535289
0.871894
1.848284
2.702661
0.372093
1.402412
-1.127761
-0.157592
-2.353119
-0.265201
3.244487
1.797771
-0.352778
0.182502
-0.285250
0.605250
-2.776564
-1.052068
0.107960
0.567113
0.871180
-0.277454
-0.447236
-0.667168
-2.021590
5.473148
1.077432
2.137259
-5.487593
-0.124578
-2.665384
-2.043833
-1.494173
-0.173580
1.401711
-0.321543
-2.288382
-1.388548
-0.973852
0.549021
-0.637796
-0.361995
-0.006826
0.496876
-0.329727
4.504564
4.404545
2.331599
-5.487782
-2.365271
0.953249
0.358980
-1.266330
0.371386
0.679129
-0.444540
-2.959989
-1.144294
-0.865650
0.698754
0.916171
0.926967
1.607425
2.594273
0.763297
2.015464
0.280768
1.585045
-0.516329
-2.497876
2.537432
1.887345
1.377140
1.362289
0.265887
1.313397
-2.076399
-0.398770
-0.377136
0.890927
0.515807
0.209231
0.817447
1.392017
0.329276
1.942677
1.124687
-2.004071
0.929959
-3.280215
1.188905
0.693791
-0.084660
0.192053
-1.159219
0.203672
-1.904018
-1.632560
-1.598378
-0.169207
-1.487716
-0.666772
-0.230398
0.133453
-0.845482
4.983980
-0.572047
1.317948
-4.473191
-1.718430
1.492597
2.470767
-4.558879
-1.893192
-0.052908
-0.363089
-2.161531
-2.016029
-1.128897
0.555702
1.113070
0.881143
1.761666
2.447911
1.676517
2.089316
2.638315
0.654526
-4.433674
-1.251506
2.407608
1.516878
-1.096982
0.437724
1.125132
2.301119
-3.154262
-0.781096
0.667736
1.226921
1.686496
-0.055915
0.241198
0.775557
-0.227443
1.994023
0.919101
1.576486
-3.357736
-2.119426
1.736370
0.504283
-0.576654
0.027042
-1.412005
0.314487
-2.674233
-1.214193
-1.384291
-0.027197
-0.181562
0.000027
0.919482
1.253661
-0.125228
2.824607
0.755033
1.712456
-3.018680
-1.800739
3.521382
-1.307754
-0.829056
-0.580346
0.028485
-0.169646
-1.632249
-1.317433
-0.956048
0.552319
0.207212
0.323670
0.911044
1.882384
1.361807
2.833268
0.435189
1.630227
-3.300566
-1.773463
2.340485
1.655780
-1.281945
-0.185357
-0.315370
-0.411208
-2.968574
-1.404471
-1.443280
-0.096803
0.126830
0.142571
0.855145
1.302647
-0.041488
0.776151
0.822061
2.364489
-2.701679
-1.820685
1.165548
3.493049
-5.303587
-2.064340
-0.678441
-0.171709
-1.111713
-2.179802
-1.949672
-0.425953
0.094674
0.367683
1.274488
2.372582
2.295173
3.682584
0.806737
1.154577
-2.521525
-0.425466
3.004090
3.209056
0.083529
0.714638
-1.018511
0.296060
-2.027793
-0.630940
-0.463703
0.985112
0.693817
0.724556
1.674598
2.311364
1.450078
4.130614
0.444870
0.849684
-1.390259
-4.510243
1.273175
0.974743
0.071502
0.429903
0.916170
0.609275
-2.185874
-0.487785
0.656931
1.281059
1.708470
0.215171
0.423135
0.759757
-0.363045
4.201666
0.140813
1.942683
-4.319704
-2.803572
1.477851
0.928183
-2.052945
-0.433172
-0.841776
-0.979225
-0.996330
-1.651816
-1.358893
0.346863
-0.651127
0.214827
0.628375
0.912225
-0.173447
2.710433
1.446559
2.147196
-3.015886
-1.823970
3.843197
0.269782
-3.742839
-2.633485
-1.771415
0.978488
1.706389
0.105380
-0.402179
0.837038
1.366902
1.115850
1.945529
2.655842
0.615554
3.920811
1.333798
-0.160368
-3.148841
-4.460055
1.101234
0.875311
0.175935
0.678055
0.111120
1.981351
-4.415253
-1.189722
0.329335
0.994047
1.333205
-0.305832
-0.718098
-0.824817
-2.348230
5.407863
2.116474
3.284265
-1.854393
-6.873017
-1.116557
-0.625300
-2.733098
-1.471757
0.321878
0.472332
-3.306511
-2.143717
-1.208010
0.565155
1.061432
0.088675
0.863744
1.286199
0.463292
4.596977
4.799858
2.530141
-4.918756
0.261216
-1.582751
0.488768
-1.274003
0.925972
0.909913
1.309607
-1.318558
-0.181848
-0.278129
1.084351
1.352480
0.792413
1.701742
2.447328
1.709888
2.421428
-0.253495
0.497249
-2.526464
-0.740748
0.542907
2.801294
-0.606218
-0.609797
-2.492819
-1.284888
-3.532103
-1.962629
-1.682153
-0.701809
-0.943043
-0.883382
-0.286853
-0.175202
-1.124877
0.143902
6.073912
3.196664
-5.457968
-4.121871
-0.538627
-0.393461
-2.232139
-0.345552
0.779160
1.454731
-2.258182
-2.621609
-1.609047
-0.085237
0.342642
0.494971
1.550141
2.289346
1.710378
3.496746
3.925809
1.229605
-4.058527
-1.678192
1.788565
2.248420
-1.261865
0.557220
0.038645
1.182832
-2.687041
-1.676727
-1.299617
0.339787
1.250676
1.035358
1.610873
2.435534
0.381586
1.929672
1.015959
0.503110
-1.131211
-2.100299
0.922511
2.291701
1.375333
1.331945
0.092527
1.214858
-1.722883
-0.535658
0.296108
0.852387
1.364669
0.194711
0.081424
0.594653
-0.402405
3.798078
-0.115818
0.892488
-3.952473
-2.084413
1.526797
2.003550
-1.062706
-0.173333
-0.931147
-0.040785
-0.589966
-1.246967
-1.009682
0.588316
-1.031108
-0.197202
0.133501
0.705104
-0.136372
3.321911
3.201297
-2.013112
0.993125
-4.438592
1.021185
1.067255
-1.533551
0.298667
0.877017
2.063040
0.029479
-0.698819
-0.864565
0.556982
1.221877
0.058288
0.320011
0.953894
-1.663103
0.069670
-0.538081
1.189413
-1.703528
-1.242880
2.212184
1.389837
-0.885622
0.239676
-0.043147
0.341437
-2.335760
-0.360557
0.948005
1.458906
-1.079727
-0.449502
-0.124027
0.191677
-0.969507
3.647252
4.215938
-2.302058
-2.430930
-2.665798
1.120551
0.216049
-2.248773
-0.571593
-0.981078
0.237950
-1.783441
-0.910784
-0.865232
0.797349
0.383662
0.665674
1.361678
2.000015
1.176294
2.318506
-0.381655
1.110220
-2.186983
-0.857061
1.766339
1.941906
-1.258679
-0.647683
-2.191437
-1.030484
-1.618339
-1.760588
-1.405962
0.288013
-0.862475
-0.855437
-0.280796
0.040824
-1.059860
0.532589
5.304846
2.213826
-5.671324
-3.493229
-0.043800
-0.168717
-2.268889
-0.480013
1.223955
1.207435
-2.390405
-2.425340
-1.418455
0.288586
0.706242
0.138323
0.952523
1.660093
1.152011
3.972542
4.519041
1.855062
-4.355474
-1.824041
1.509976
2.224483
-1.125734
0.407991
0.028042
0.582359
-2.782173
-0.940764
-0.864374
0.547031
1.401154
1.150128
1.616021
2.190134
0.474972
2.089463
-0.122072
-0.192808
-1.913609
-0.326954
1.137178
3.593981
0.040691
0.164754
-1.564456
-0.863616
-0.688458
-1.799549
-1.727427
-0.162603
-1.204605
-0.359866
0.285798
0.879889
0.172729
2.057160
3.041234
0.295332
-4.631852
-2.337518
2.074651
2.009569
-0.801904
0.713604
0.949884
3.000911
-0.005739
-1.289835
-1.019683
0.717363
1.465974
-0.113751
0.186343
0.487279
-2.033856
2.473750
3.940638
-1.460976
0.720941
-5.504393
-0.375153
1.090056
-0.868551
-0.438771
-0.632836
-0.133503
-2.519378
-1.544652
-1.274114
0.374016
1.079291
-0.203400
0.606892
0.951404
-1.606563
0.946491
4.647422
1.483446
-4.256583
-3.749922
0.415483
2.391236
-1.161434
0.378439
0.562665
0.997403
1.007171
-1.382691
-1.205818
0.174361
0.694267
-0.950363
-0.425224
-0.045511
-1.118089
4.429496
0.706694
1.967715
-0.956953
-6.140302
0.413862
2.075175
0.271846
0.422092
-0.053441
0.079920
-1.144626
-0.638717
-0.883271
0.435234
1.214852
0.396415
0.798519
1.976646
1.765574
3.728491
0.735252
0.824421
-1.884915
-1.431464
0.418275
3.349446
1.252692
1.027817
-0.881554
-2.513624
-0.646988
-1.991135
-1.582814
-0.132449
0.578131
0.141211
0.189902
0.986699
-0.509264
3.385143
0.367864
-0.176892
-2.061233
-4.960680
1.934202
3.477123
-0.092314
1.540674
1.607882
1.820509
1.065215
-0.376785
-0.360139
1.016546
1.697584
-0.074624
0.203062
1.033068
0.212860
0.014278
2.973631
-1.408279
-1.487854
-2.383381
-1.104815
1.432032
-1.378483
-0.559011
-2.243419
-1.909160
-0.151091
-2.488543
-2.076771
-0.180003
-1.517269
-0.975877
-0.314515
0.321903
-2.114122
1.031955
2.809625
4.585104
0.915478
-5.303326
-0.317502
1.709765
-0.282575
0.236458
-0.370948
0.061424
1.154824
-1.149038
-0.926171
0.487789
1.100754
0.733003
1.140518
1.156584
-0.067876
1.585610
-0.968857
-1.631115
-1.157330
0.059551
1.947301
5.394855
1.715293
1.762619
-0.063898
0.085031
0.365965
-1.591227
-1.208344
0.498457
1.342101
-0.360218
-0.017574
0.570384
-0.018249
4.041451
0.996756
0.775164
-3.296198
-2.678175
0.839879
4.441182
-4.754879
-1.641093
-0.057164
0.899062
0.895858
-1.212950
-0.799920
0.884562
1.662834
-0.086886
0.538662
1.525537
-0.280074
3.511103
1.980747
1.073514
-2.025616
-1.487747
-0.080430
3.741009
0.146374
0.451233
-0.854385
-0.279732
-0.336578
-0.790047
-1.138459
0.281147
-2.131925
-0.480472
-0.417160
0.379193
-0.318673
1.693225
0.771613
1.487568
-2.466570
-2.294882
-0.120376
2.463469
-1.334696
-0.592757
-2.641570
-2.483734
-0.120582
-2.220832
-2.194424
-0.504748
-1.273960
-0.808396
-0.162477
0.426569
-1.700087
1.404195
1.393746
2.215885
-2.132509
-1.614116
1.364287
4.823597
-2.487040
-0.791619
-0.587908
-0.551507
1.541761
-0.609807
-0.741342
0.490869
1.010118
0.131463
0.715539
0.958830
-0.373537
1.533353
-0.898710
-1.153799
-1.558161
-0.340156
1.621463
4.944967
3.103716
1.387772
-0.734289
-1.279276
-1.177923
-1.835363
-1.640426
0.117266
1.117100
-0.448796
-0.134293
0.425858
-1.618492
0.859938
0.585858
0.942347
-2.259342
-1.734419
0.453949
3.888511
-0.637852
-0.217756
-1.752848
-0.669056
-0.621004
-1.927388
-1.906422
-0.541904
0.035399
-0.144265
-0.009118
0.853199
0.662235
3.325064
0.079489
0.300083
-2.432961
-1.486554
1.258605
3.655581
1.880737
1.014697
-1.145821
-0.875162
-1.608447
-1.586545
-1.815142
-0.525875
0.361284
0.499919
0.662786
1.712717
1.679248
2.018373
1.350283
-2.289999
-0.877918
-0.816102
0.824968
4.330011
0.549075
1.457074
-0.641990
-2.586107
-1.830928
-1.768007
-1.418973
0.295540
1.403061
0.671945
0.730286
1.612183
-0.330225
4.011940
0.619457
-0.439986
-1.303721
-3.210150
1.287053
4.035611
0.260614
0.813453
1.097232
0.906333
0.869316
-1.373749
-1.330710
0.033384
0.991299
0.329728
0.392745
1.061227
0.843055
4.144163
2.841602
-2.420815
-2.343786
-2.123396
0.796013
1.610746
-0.875546
0.705566
0.363374
-0.446385
-0.521088
-0.305118
-0.055735
1.525398
0.574762
-0.462506
-0.306603
-0.009104
-1.466155
3.715545
3.478825
4.046477
-2.796233
-3.660114
2.168783
-0.193211
-8.145421
-2.909098
-1.383171
-0.003931
3.384340
0.657384
0.511427
1.960220
2.652430
1.527887
2.347942
3.654525
3.764390
4.540082
1.641410
-3.421471
-0.893589
-0.083070
0.674686
5.074625
2.687396
1.856134
-0.130999
-0.246812
-1.005400
-1.758028
-1.705710
-0.807830
-1.424037
-1.447026
-1.468533
-1.227499
-1.672034
2.343899
3.686571
-3.195774
-3.845303
-4.312980
-0.657555
0.348044
-6.877557
-3.612692
-1.443092
0.122671
-4.135228
-2.517327
-1.245460
0.432425
0.974037
-0.498120
-0.129691
0.302688
-0.361048
1.698909
7.363298
3.773998
-4.156853
-3.030757
-1.324842
-0.124805
-0.058335
1.188575
-0.440727
0.519978
-2.457608
-1.280080
-1.205826
0.207513
1.196043
1.491161
1.569618
2.837063
2.611240
3.197393
-0.688108
-1.270042
-2.433367
0.862366
2.860412
3.902558
2.196855
2.402781
0.470093
0.621980
-0.231498
-1.324217
-1.081105
0.668317
-0.317588
0.240792
0.521211
1.404800
1.853833
6.230311
3.804605
-3.110837
-2.587235
-2.418025
1.123665
1.582168
-1.070003
-0.265288
-1.292330
-0.929039
-1.833407
-1.731068
-1.408562
0.159268
-0.389375
-0.830722
-0.543396
-0.012575
-1.107166
4.730282
0.025094
1.604423
-4.141843
-2.566025
0.369418
2.841406
-5.315962
-2.581183
-1.693299
0.540825
-2.812282
-2.033085
-1.214638
0.402837
1.054812
0.522423
0.956777
2.114719
2.020810
3.617853
1.962812
-0.732730
-3.918177
-1.194607
2.166128
2.099745
1.080043
1.507702
0.350073
0.708461
-3.918604
-1.054545
-0.375401
1.201865
2.197134
0.006148
0.476205
1.157031
0.247272
2.288804
1.327348
-2.020351
-1.239538
-1.103528
1.259630
1.713120
-0.919641
-0.210620
-1.959422
-0.684600
-1.893091
-1.894975
-1.492318
0.043671
-0.697559
-0.764296
-0.052302
0.988633
0.685391
3.373813
2.075256
-2.000065
-1.186142
-0.908563
3.106261
2.159421
-0.221107
0.923494
-0.785112
0.522250
-1.773919
-0.569240
-0.447417
1.019054
0.576305
0.055627
0.928592
1.993313
1.518945
2.450553
-0.719873
-0.884445
-2.336952
-0.362292
1.666119
2.821767
0.094855
0.139143
-1.175377
-0.647731
-2.639720
-1.531222
-0.462280
0.327374
-0.601936
-0.793805
-0.637607
0.017598
-0.551255
2.401831
1.565530
-1.890399
-1.956034
-1.882308
1.941820
0.638519
-1.374974
-0.144989
0.059469
-0.773582
-3.464053
-1.671432
-0.651995
0.260262
-0.227652
-0.582319
-0.030806
1.043227
0.771861
0.000000
-0.516660
-0.567564
-0.492768
-0.233082
-0.066925
-0.041859
-0.085655
-0.116353
-0.156492
-0.162236
-0.154440
-0.145747
-0.085071
0.003821
-0.005873
2.357322
5.767406
10.647790
11.781747
-1.753425
-3.024277
-3.453511
-3.773873
-2.956274
-0.869779
-0.173070
0.598211
1.717890
5.097670
4.279543
1.891170
-0.484455
-1.674314
-3.286725
-4.569458
-4.394556
-4.755616
-4.261873
-2.542029
-2.429613
-3.220208
-2.491997
-1.252929
-0.635980
0.004421
-0.630351
-0.442704
-0.231720
1.029945
3.566445
1.490626
-3.247001
-0.265749
-2.704582
-1.006779
-0.300839
0.442441
0.817323
0.255803
-0.024303
-2.333978
-1.851673
-0.300266
0.186940
1.144634
2.246228
4.803844
3.902714
1.910851
-2.553853
-2.838173
-0.575569
2.481923
5.360339
2.963185
0.420377
2.436853
1.999779
1.642397
-1.038022
-0.869227
0.531422
1.292658
1.147459
-0.202800
0.220573
0.208140
-1.388385
2.544399
2.167719
-3.166956
-4.135493
-2.262249
-0.811328
0.329633
-5.047998
-3.111442
-0.584339
-0.291277
-2.268380
-3.178296
-1.922510
-0.193547
-0.031447
-0.188493
0.838901
1.347647
1.173984
1.894477
6.599797
3.129377
-1.077095
-3.632396
-0.552140
-0.287884
-1.683302
-0.394218
0.732283
1.299699
0.571513
-0.843740
-0.706417
0.531101
1.119566
1.830715
2.991626
5.335474
2.592698
1.552495
-1.653132
-3.375908
-1.400856
1.105341
5.204225
3.291477
1.003893
2.078069
1.230332
0.726777
-1.980460
-0.640864
0.450339
1.147283
-0.000941
-0.356209
0.167769
-0.012391
-1.569452
4.520031
3.460910
-3.846992
-5.178779
-4.505712
-0.858679
-0.292887
-6.207367
-3.832850
-0.697277
-0.686696
-2.318234
-3.097647
-1.324905
-0.498758
-0.907511
-0.296407
0.427136
1.001919
1.418920
3.091959
5.846357
2.567973
-5.510732
-0.898368
1.212064
0.504366
0.159970
0.731337
0.683538
1.195733
-1.493523
-1.383965
-0.203947
0.233602
0.672401
0.732169
1.350227
1.405390
1.684030
1.955637
-2.283002
-3.692532
-1.389312
0.842229
4.995686
2.966246
0.978500
1.719860
1.027380
-0.246415
-2.859855
-1.468615
-1.271201
0.359240
-0.126618
-0.184701
0.865137
1.316989
0.481873
1.900281
3.041461
-1.655632
-2.277931
-1.688543
1.497137
-0.348136
-0.765320
-0.252996
-0.259428
-0.427575
-3.647383
-2.041736
-1.797076
-0.223216
-0.237550
0.191895
0.852633
1.863865
1.210401
1.895013
3.521316
-1.576998
-1.763430
-0.766215
2.593769
1.111521
0.360702
0.935276
-0.546092
0.750655
-2.529872
-1.115194
0.059132
0.606413
0.547692
-0.280283
0.358800
1.059577
0.358954
3.771975
-2.571573
0.423345
-3.394590
-0.833590
3.453646
1.439902
-0.407978
0.809286
1.421390
0.289694
-2.776344
-0.911520
0.358179
0.893150
0.216315
-0.068567
0.593083
1.224267
0.451360
2.136885
1.372114
-1.702346
-1.056475
-0.869820
3.031897
1.230866
-0.889102
0.228173
-1.584892
0.187985
-2.688093
-1.108048
0.110197
0.714022
-0.163615
-0.277337
0.185701
0.705487
-0.244149
1.236534
2.520380
-2.019068
-2.875565
-1.991901
1.395987
-0.751322
-1.847389
-0.462726
-0.039045
-0.707498
-1.505848
-1.687387
-0.424389
-0.176355
-0.943326
-0.658232
0.255776
2.026058
0.115405
5.804158
-0.499715
2.046897
-4.093636
-1.855698
1.253036
2.768709
-4.008371
-1.926786
-0.034393
0.114554
-0.311283
-1.374955
-0.858721
0.813315
0.524980
1.892771
3.059407
4.512979
4.520183
6.163138
2.566890
-1.778034
-4.578340
-1.511039
2.725754
0.974890
0.544363
1.092600
0.171263
1.083264
-1.608139
-1.753781
-0.450081
0.326296
0.490618
-0.457201
-0.314413
-0.299363
-1.775669
3.666082
1.352998
-1.160079
-6.606675
-2.983055
0.536645
-1.254020
-1.172098
-0.354453
0.717608
-0.853775
-1.515099
-2.694435
-1.134753
-0.540695
-1.794142
-1.509678
-0.640584
1.026677
-0.145850
5.055209
3.208602
-3.497276
-3.208789
-2.277732
1.165200
-0.040913
-0.506396
0.063822
1.922570
0.055703
-2.159958
-1.450250
0.304225
1.344357
1.624155
1.897248
2.847836
3.646901
2.747589
2.888379
0.240817
-2.683842
-3.573878
-0.516363
3.155730
2.169518
1.362373
1.599743
0.690394
0.836383
-1.449774
-1.217082
-1.164797
0.117641
-1.512659
-0.422812
-0.313903
-0.124004
-1.188406
6.179866
4.056992
0.319851
-6.900995
-3.293214
0.640688
-0.291609
-0.487924
0.761019
-0.125241
0.284366
-1.815580
-1.549465
-1.260088
0.261376
-0.376986
0.019976
1.354456
2.079349
1.409625
5.670343
2.758200
-3.167503
-2.721250
-1.008897
2.928217
1.616826
-0.200316
1.150888
-0.137224
0.843307
-2.275564
-0.699034
0.517963
1.108753
0.520627
-0.172043
0.341835
1.026043
0.041354
0.646358
1.666139
-1.999911
-2.481878
-1.777607
1.946252
-0.188298
-1.382510
-0.054311
0.918077
-0.146513
-3.380680
-1.509318
-0.916227
0.185750
-0.878171
-0.271615
0.076467
0.583679
-0.092906
3.439250
4.559369
-1.740893
-1.593173
-1.149754
0.398386
-0.055440
-1.961611
-0.661020
0.328031
0.803617
-0.162318
-0.897692
-0.742081
0.799502
0.470819
0.682436
1.720099
2.561369
1.771140
1.744119
0.925044
-1.478273
-4.138824
-1.246396
2.463989
0.309902
-0.812137
1.353700
2.274000
0.965603
-1.368703
-0.832167
-0.623234
0.676283
-0.592170
-0.363643
-0.057886
1.558264
-0.476173
6.676615
3.402994
-0.331610
-7.568154
-3.771972
0.092609
-1.264951
-1.087909
0.030289
1.063171
-0.603703
-2.455812
-2.065601
-1.582642
0.136720
-1.111110
-0.285703
0.451615
0.814993
0.060294
8.696863
-1.921691
4.528003
-4.144981
-2.605362
1.127269
2.578430
-4.513865
-1.598039
0.198286
0.279603
-2.462543
-0.522406
0.614047
1.106644
1.165146
1.327055
2.399678
3.809234
3.678380
6.098779
0.275536
-2.261953
-4.284476
-0.941845
3.520332
1.827297
0.379674
1.881097
0.926830
1.266998
-1.077867
-1.043380
0.255885
0.974264
1.472631
-0.175795
-0.040887
-0.021251
-1.210656
3.895733
2.028594
-2.484390
-4.806237
-2.505592
1.927433
0.474975
-1.510032
0.081042
1.168770
-0.057005
-3.319921
-1.133871
-0.047953
0.360528
0.532395
-0.452231
-0.431967
1.539219
-0.017503
4.472509
2.817215
0.087848
-6.854071
-3.261129
0.635490
1.533253
-0.039777
0.735324
1.366030
-0.441981
-3.312761
-1.233739
-0.174570
0.323134
-1.456991
-0.850095
-0.602807
-0.052589
-0.681232
5.619560
0.201328
1.413081
-4.134295
-1.255304
1.919087
1.153196
-0.763527
0.395928
0.430793
-0.427336
-2.213815
-1.455911
-1.354010
0.268926
-0.165542
1.505858
2.036860
3.186139
2.749458
5.246314
2.459769
-0.614057
-4.750305
-1.651023
2.600817
0.895093
-0.360465
1.378013
0.052562
0.996864
-1.482284
-1.262133
0.232549
1.054435
0.873187
-0.318337
0.102361
0.411077
-0.813981
3.722522
0.248300
-3.206103
-3.126312
-2.108071
1.360411
1.586050
-4.954180
-2.285864
-0.210077
-0.255036
-0.192384
-1.719278
-1.302106
0.390273
-0.659072
-0.311581
0.828604
1.195335
0.176360
2.110096
5.909807
2.358262
-5.393795
-2.420823
0.735566
0.360121
-1.674426
0.314545
2.340113
2.064815
-0.186877
-0.540351
-0.256573
1.098875
1.661376
0.762042
0.999508
1.639290
0.591800
4.866638
1.050199
-1.276628
-5.456820
-1.372205
2.823700
1.239065
0.696170
1.529844
1.101322
1.382546
-2.205268
-0.494180
0.634912
1.109160
-0.405423
-0.310943
-0.178408
-0.036138
-1.383930
5.624633
3.512224
-3.824851
-4.148078
-2.925758
0.919480
-0.779147
-2.165491
-0.532900
0.335456
-0.540191
-2.440603
-1.958082
-1.509087
0.112991
-0.921866
-0.545589
0.701654
3.054384
1.677437
6.126270
2.585203
-3.488648
-3.038931
-1.570553
2.331613
0.473417
-0.727540
0.954418
1.047624
0.228230
-2.323575
-0.921508
-0.749809
0.862109
0.965090
0.522308
1.449517
2.277824
1.399507
1.629842
1.573236
-0.809395
-3.839265
-1.605839
1.851140
-0.144273
-0.415280
0.528078
-0.002139
0.684204
-1.753600
-1.588573
-1.357506
0.110755
-0.891834
-0.185344
0.628053
0.898856
-0.235130
6.554484
3.233061
-2.566709
-4.665521
-2.184740
1.857844
-0.002182
-0.348007
0.818203
2.071755
0.780413
-2.678822
-0.761377
-0.562505
0.771874
0.230544
0.413137
1.169786
1.629149
0.474188
5.292210
1.741576
-3.133754
-3.067799
-1.615014
1.868571
1.300512
-3.716947
-1.238213
0.931985
0.313998
-1.597230
-1.318280
-0.827237
0.684902
0.235809
-0.030533
1.249451
1.875747
0.934430
8.919938
4.186814
-0.635050
-7.205174
-3.251472
-0.543534
-1.357033
-2.260879
-0.888097
1.172049
0.125193
-1.094648
-1.454723
-0.898893
0.686905
1.069335
0.861632
1.060511
1.492027
0.509451
3.120203
1.754172
-0.635531
-4.395461
-1.566769
1.660761
0.767790
-1.254158
0.346796
3.039555
2.260998
0.274621
-0.415093
-0.199091
1.118787
1.457201
-0.129119
-0.056802
0.145645
-1.034984
3.936507
3.102406
0.258262
-5.809205
-3.122346
0.001047
-0.903639
-2.228800
-0.866726
1.073406
0.229239
-0.808406
-1.003898
-0.836837
0.469478
-0.126470
-0.366821
0.508302
0.825680
-0.246142
7.676313
3.500732
0.283124
-5.869318
-2.099985
1.115065
0.657273
-1.206647
0.124643
1.785855
1.945485
0.088953
-0.517935
-0.479182
0.817948
1.263765
0.833028
1.250255
1.832382
0.636137
2.330110
0.425924
-2.241415
-4.263276
-1.170889
2.249821
2.130265
-3.988363
-0.458428
3.566354
1.983067
0.280178
0.591312
0.548435
1.681983
0.435044
-0.016602
0.256766
1.730594
-0.269140
6.650922
2.843976
-4.559834
-4.226940
-3.272167
0.382952
0.317286
-5.525321
-2.119649
1.072125
0.416287
-0.014568
-0.300763
-0.191621
1.177855
0.508530
0.456223
0.937508
1.864018
0.801031
1.572903
2.764957
-1.917240
-2.036205
-1.720778
1.780147
0.477448
-1.184443
0.335977
-0.301291
0.437585
-1.967967
-0.754846
-0.684744
0.754406
1.437590
0.299069
0.759906
1.308046
-0.046925
5.161184
3.518706
-3.265264
-2.940386
-2.459204
1.722196
0.709935
-1.327720
0.148013
0.062970
0.334148
-1.782644
-0.775191
-0.627416
0.825539
-0.390135
-0.097935
0.438647
1.060967
-0.255262
5.392259
3.640388
-3.286886
-2.919983
-2.606057
1.465196
0.069080
-1.594522
0.073610
0.834345
0.188259
-0.243517
-1.223963
-0.984588
0.755753
-0.179566
0.157678
0.831778
1.641738
0.520324
1.508089
3.319700
-1.826378
-2.854746
-2.531864
0.898421
1.642281
-5.357368
-2.279943
-0.224126
0.400781
0.241403
-0.898077
-0.634695
0.962249
1.394962
0.606874
1.339519
1.682650
0.288099
6.307875
3.415791
-3.295366
-3.054765
-2.458546
1.339123
2.359620
-4.791339
-1.558894
1.639259
1.755220
0.128940
-0.422788
-0.097158
1.397072
1.857025
0.966863
1.549251
1.758730
0.099692
3.939658
3.585794
0.094160
-6.401173
-4.412199
-0.536742
-1.152651
-3.253130
-1.142959
1.736122
1.458650
-2.424591
-1.839845
-0.442639
1.504695
1.924008
0.275233
1.159727
1.240925
-0.287278
1.087724
7.668622
3.717733
-6.624020
-4.727217
-1.476558
-1.317586
-2.860898
-1.287461
0.838217
0.900395
-1.400359
-0.995100
-0.627989
0.753676
1.022932
0.474917
0.826297
1.090982
-0.649231
5.342378
1.855451
-1.705877
-3.206514
-2.158571
2.059023
1.368708
-1.492540
0.337031
0.887378
2.587766
0.484273
-0.378419
-0.081616
1.426373
1.827545
0.403855
0.639151
0.645030
-1.161448
-0.033551
4.474284
1.297759
-5.540453
-3.381958
-0.165395
1.683296
-4.846053
-2.098053
1.606334
0.732690
1.015574
-0.512232
-0.190924
1.348776
0.553344
0.133432
0.541421
0.848880
-0.399310
1.120609
6.253015
2.684007
-5.801957
-3.700628
-0.434623
-0.454044
-2.707283
-1.081536
1.219598
1.031825
-0.310643
-1.065349
-0.564179
0.997773
1.454345
0.623630
0.755144
1.257126
0.038789
5.788279
2.433377
-2.951043
-2.280121
-1.753969
2.025319
2.783426
-4.413659
-1.412614
0.698337
2.533861
0.120253
-0.619949
-0.111533
1.583135
2.159469
1.061955
1.446958
2.064717
1.145677
5.074102
2.966717
-2.651768
-3.506822
-2.780812
0.701855
1.259749
-5.524668
-2.207977
0.897106
1.839889
0.482023
-0.122487
0.072626
1.506091
2.043679
0.844470
1.110332
1.136899
-0.592044
5.565563
2.346081
-2.911636
-3.776320
-2.925973
0.749763
1.636475
-5.666327
-2.314317
1.241716
1.473363
-0.663663
-0.968007
-0.226578
1.594005
2.133264
0.504269
0.916279
1.455106
0.314349
6.850687
4.354058
-3.424490
-3.214118
-2.928244
0.790706
1.695913
-5.464163
-2.500512
-0.710983
1.605792
0.333279
-0.356604
-0.253147
1.124746
1.637412
0.925876
1.348000
1.703879
0.469667
3.320384
2.011573
-1.263942
-5.346572
-3.169764
0.815270
1.561588
-4.924287
-1.913309
1.778919
2.048254
0.437245
-0.108711
0.191067
1.635724
2.021934
0.265429
0.405626
0.434758
-1.387657
7.380809
4.796112
-1.743209
-5.672401
-3.826922
-0.404873
1.423465
-5.591496
-2.549289
1.078892
0.970248
-0.325692
-0.950115
-0.442155
1.069308
1.456902
0.281914
0.672104
1.086822
-0.344329
1.033290
5.301198
1.972049
-5.117449
-3.079820
0.358687
0.438282
-2.678900
-0.692598
1.591386
1.971306
0.274563
-0.549479
-0.243687
1.235433
1.640040
0.447038
0.472275
0.733922
-0.842773
5.791860
2.811841
-3.255255
-2.784290
-2.224689
1.381865
2.239358
-4.205509
-1.829736
1.849103
1.807769
-0.424027
-0.851994
-0.317318
1.410494
1.876950
0.602162
1.093232
1.768792
1.106470
5.868344
3.890814
-3.033764
-3.009496
-2.646230
0.892983
-0.130279
-1.642485
0.114615
-0.742794
0.415305
-1.366868
-0.989376
-0.697883
0.782160
0.111184
-0.116534
0.353983
0.802651
-0.633477
5.340561
2.830192
-3.225064
-3.010671
-2.480934
1.341502
2.015733
-5.077611
-1.850235
1.394791
1.634895
-0.144909
-0.813894
-0.371235
1.313434
1.760380
0.753939
1.052151
1.716585
0.709318
4.463372
3.225291
-2.842985
-3.091238
-2.504263
0.826888
1.411899
-5.257817
-2.133209
1.745971
2.190365
0.085999
-0.820580
-0.384570
1.079293
1.715073
0.514361
0.898480
1.355838
0.490673
5.298263
3.939979
-2.890582
-3.169986
-2.757887
0.478996
-0.067814
-3.046306
-1.148738
-0.240085
2.104355
0.326682
-0.485762
-0.406521
1.008549
1.397786
0.190145
0.153233
0.033828
-2.023957
-0.689350
4.200913
1.226636
-4.663379
-3.490045
-0.390001
1.113834
-3.581889
-2.128580
1.210902
0.596501
-0.192860
-1.265480
-0.589347
1.413231
0.300164
0.318490
0.670420
1.823971
1.771934
4.108194
2.319471
3.416249
-2.791020
-1.615293
1.186786
0.872835
-1.041784
-0.180594
-1.748627
-0.271315
1.450145
-1.463211
-1.796904
-0.506054
0.092234
-0.006153
0.760239
1.269715
-0.229380
2.911841
2.009227
-0.466611
-4.829051
-3.254582
1.335009
3.867060
-4.198019
-1.670679
-0.008896
0.953438
0.511121
-1.202877
-0.275866
1.805958
2.032400
-0.055718
1.062874
1.155097
-0.476706
1.179796
9.629592
5.328400
-7.132189
-5.818194
-3.001059
-1.735793
-2.609415
-1.586607
-1.685712
-1.186183
-0.580115
-2.758678
-1.792134
0.198856
0.748786
1.588711
1.489697
2.365186
1.808574
3.283613
0.505785
-2.256304
-0.957184
-1.038193
1.678134
3.470017
-0.690325
0.254376
1.138836
1.690236
1.051771
-1.448506
-0.747660
0.887223
1.731242
-0.444936
0.053466
0.156900
-1.568656
0.073634
7.954371
4.308224
-5.814042
-6.279377
-2.014489
-1.022511
-2.352057
-0.892121
-0.599376
0.752089
0.743743
-1.701015
-1.057869
0.635411
1.118808
1.165014
1.393572
2.291673
1.494829
2.193487
0.088806
-1.998316
-0.872375
-1.305083
2.462920
1.773577
0.069280
1.135687
0.540136
-0.043548
1.294562
-1.296585
-1.294798
0.301547
-0.848896
-0.814398
-0.335159
-0.207477
-1.434816
0.302211
7.154077
4.046958
-5.545346
-6.323949
-1.730033
-0.778068
-2.558896
-1.444747
-1.782029
-0.404933
-0.573451
-3.214335
-2.520874
-0.615984
-0.026973
0.626929
0.987258
2.117046
1.763380
2.980029
1.986791
-0.860579
-2.552981
-1.587908
2.661966
3.997847
0.090648
0.958913
1.165816
1.982132
1.756195
-0.571309
-0.562158
0.783152
1.343208
0.158018
0.646044
0.854957
-1.096073
-0.205937
4.177411
1.126035
-5.586647
-4.053850
0.117983
2.960853
-4.238131
-1.856354
-0.564554
0.611858
-0.485341
-0.086605
-0.699204
1.462655
1.685422
-0.328367
0.707355
2.959514
2.082730
4.875935
3.903435
-3.090520
-2.597048
-2.872288
1.336948
2.567865
-3.003582
-0.133043
-0.002843
0.572231
0.616246
-1.455251
-1.213516
0.707635
1.846666
0.809399
1.622862
1.900226
0.876168
4.081619
3.039923
-2.564553
-2.234739
-2.668573
0.848154
2.111764
-5.115788
-2.286627
-0.179518
2.057374
1.720741
-0.439624
-0.231353
1.251674
2.137496
0.629535
1.151367
1.480185
0.399010
1.996392
3.959393
-2.151668
-2.244299
-3.061037
0.301185
0.479227
-2.970848
-1.412045
-0.251133
1.030006
0.339777
-1.349436
-0.952989
0.851705
1.394074
-0.292721
0.377581
0.635633
-1.127820
3.427404
6.432454
2.204221
-6.181600
-6.086401
-1.619312
-0.669882
-3.535992
-1.268437
-0.505824
1.176001
-1.140005
-1.826756
-0.757168
1.410542
1.962826
-0.127623
0.705493
0.990458
2.538077
1.240342
6.792192
3.621492
-4.891895
-5.542914
-0.723884
0.474140
-1.528249
-0.528663
-0.037814
1.432506
0.816011
-1.010564
-0.454974
1.349922
1.874862
-0.005377
0.804955
1.155208
0.133969
4.417322
3.810990
-2.985820
-2.470900
-2.764711
0.935346
3.193104
-3.718811
-2.073489
-0.153490
0.960269
0.829090
-0.968036
-0.507782
1.095889
1.761047
0.349892
0.972423
1.413146
0.532137
2.160928
4.712885
-2.183344
-2.652314
-3.337836
0.427766
0.987014
-2.763541
-1.409575
-0.960901
0.853150
0.972871
-0.984417
-0.734158
0.803722
1.360709
0.266027
0.664732
0.654759
-1.109549
0.020137
4.439437
1.355558
-5.191598
-4.454695
-0.035081
2.864109
-5.098076
-1.786176
0.510691
1.734163
-0.010239
-0.877471
1.257072
2.034071
2.246432
-0.669933
0.482659
2.589602
1.349121
5.079651
4.824952
-3.050452
-2.688264
-3.506984
0.894175
2.740942
-5.186795
-2.039881
0.076414
2.052751
2.005590
-0.011037
-0.109239
1.373582
2.332770
1.312577
1.912481
2.478436
1.687760
1.843613
4.181224
-1.399718
-2.640494
-3.328925
-0.682493
-0.923324
-3.566732
-1.072383
-1.316668
-1.443272
-0.329063
-1.500722
-1.573771
0.562246
-0.630256
-0.651216
-0.074189
-0.021200
0.828423
-0.747706
8.257937
5.144301
-6.336370
-6.741012
-2.362091
-1.305728
-2.964826
-1.212340
-1.366573
0.128919
-1.434971
-2.228806
-1.272101
0.790950
1.378024
0.764241
1.979297
4.524872
3.360153
5.275172
3.094259
-2.760366
-1.628276
-1.551190
2.171909
2.284956
0.017558
1.312814
0.461883
0.623654
0.741269
-0.954930
-1.325160
0.524435
0.567654
1.308092
1.982379
2.255227
1.623746
4.321911
1.895724
-2.709403
-3.408568
-3.570184
-0.558255
-0.119159
-6.244923
-3.538723
-0.545973
-0.234169
-1.892699
-1.497157
-2.162044
0.156475
0.657204
-0.413871
0.017723
0.433141
-0.717963
1.441015
7.926350
4.378011
-6.142944
-3.201849
-1.445946
-1.207648
-2.007956
-0.576856
1.039112
-0.083975
-0.861901
-2.371196
-1.448159
0.309128
0.723550
1.804108
1.730858
3.224078
2.422206
2.679439
-1.082856
-1.773111
-0.630144
0.495763
3.559353
3.684959
-3.026073
-0.750074
1.283593
2.768726
0.780137
-0.734497
-0.461712
1.247444
1.502086
1.015566
1.926103
2.086488
0.685175
1.562053
3.773072
-2.474716
-3.058862
-3.026457
0.240248
0.582945
-5.796837
-2.759700
0.630652
2.077882
0.213918
-0.770207
-0.437659
1.334838
2.035670
0.975968
1.322531
1.431282
0.097357
1.465237
5.303154
1.626680
-5.389720
-3.622337
-0.619842
-0.908762
-3.461571
-1.755502
0.751464
1.119937
0.516026
-0.691102
-0.520785
1.005443
1.291869
0.276676
0.523564
0.749088
-0.948918
4.436460
5.489687
1.285240
-6.131162
-4.830041
-1.334257
0.618394
-5.070968
-1.823508
2.021882
1.793360
-0.927218
0.448527
-0.108718
1.917998
1.885686
0.526165
1.331657
3.447551
2.240869
6.965887
4.112495
-3.588601
-3.216620
-2.269772
1.543285
0.542264
-2.380343
0.159553
0.248224
0.659474
0.815140
-0.790422
-1.107767
0.631064
0.405614
1.039434
1.746462
2.024741
1.167756
4.700977
1.849051
-2.691815
-3.580953
-3.556784
-0.358516
-0.126247
-6.174270
-2.979299
-0.134656
0.202732
-0.521155
-1.234477
-0.450997
1.247988
0.407730
-0.096833
0.447762
0.268133
-1.826975
-0.007422
10.105388
6.072614
-6.538842
-5.821581
-3.687267
-3.479372
-2.574420
-1.021628
0.775080
-0.565001
-0.512626
-3.012191
-2.041225
-0.102361
0.549053
0.820088
1.175032
2.582410
2.769562
4.854393
3.909448
-0.190138
-2.630696
-1.439649
1.209845
0.847112
0.658300
1.319373
1.198576
1.485651
0.000000
-1.154807
-0.996049
-0.571753
-0.169355
0.203905
0.586985
0.834565
0.881695
0.860134
0.756908
0.590382
0.147330
-0.358756
-0.136741
0.023472
0.034901
4.603561
9.865900
11.687838
10.060383
9.622562
10.574579
13.407763
14.939049
-0.000086
-0.000017
-0.586184
-2.391983
-4.417672
-13.546453
-12.374221
-7.913256
-4.198274
-1.218133
-1.766538
1.003274
1.836968
0.624326
1.377296
0.269797
-1.554925
-3.248255
-4.897706
0.739828
-0.282916
-0.020109
-0.514681
1.658190
2.287835
2.025000
1.833693
1.308772
1.527136
0.876125
-0.829097
-2.054876
-5.233314
-1.614622
-2.091091
-3.297895
-3.361219
-7.684091
-5.084091
-2.345061
-1.343656
-2.747214
-2.436531
-1.198133
-2.362002
-2.274298
-0.957998
0.785989
1.934803
1.282579
1.533262
-1.282592
-1.625099
-1.408260
8.729333
-5.821964
-4.587732
0.802233
0.267647
0.886459
1.371529
0.886020
-2.752093
-4.944103
-4.871439
-2.587300
-3.792387
-4.589517
-4.566556
-2.138111
1.739135
4.652793
6.097497
6.209470
5.379808
0.615091
2.439927
-2.970271
-1.627864
-2.452047
1.745773
0.429428
-0.189850
-0.791196
1.312200
-4.375531
-5.018479
-4.065780
-4.542420
-2.819502
3.054640
5.842912
8.135207
8.134496
6.002844
5.630112
3.329084
-3.602232
-2.106641
-2.691325
-1.532562
-0.541463
-1.054742
-2.085864
-2.319181
-3.482160
-2.906760
-3.705688
-3.322270
-2.435940
1.208700
2.992095
4.088469
1.533327
-1.263619
-1.642767
3.614863
-1.484270
-3.714202
-3.597556
1.159487
0.487597
-0.598369
-0.464040
2.445905
-4.681455
-5.802287
-4.770389
-5.058083
-2.037784
3.831852
5.998230
6.840990
4.950411
4.329674
4.500811
3.697170
-1.456803
-2.302400
-1.084815
0.852305
2.032560
1.440507
0.548089
-2.098236
-2.212306
-2.832232
-2.993814
-1.657501
-1.008780
1.148788
4.338659
4.624360
2.743166
2.286693
4.481503
2.142856
-3.203331
-3.036285
-1.883873
0.018390
-0.211448
-0.077334
-1.016376
-1.163088
-2.412987
-2.992422
-2.826394
-2.839130
-0.239780
0.106900
1.005828
2.043282
3.929042
2.392671
2.292448
5.225296
2.769947
-5.994875
-4.315522
-0.407487
-1.218398
-0.169210
0.670580
0.771491
-0.619532
-1.937443
-2.652255
-1.709988
0.125335
1.044359
0.787735
1.685573
3.767239
2.411571
4.774282
0.791128
-2.933206
-1.800645
-0.977889
2.858439
3.971463
-3.326377
-1.032822
1.226606
1.692951
0.374480
-0.372186
-0.063260
1.345968
1.933275
0.939844
1.386189
1.707137
0.280856
4.212987
3.249903
-2.843057
-2.838643
-2.505258
0.721115
1.391544
-4.766485
-1.843019
1.947720
2.373620
0.117527
-0.595911
-0.266294
1.427894
2.118990
0.748377
1.433312
2.018408
0.911632
2.377418
4.352709
-2.150720
-2.717795
-2.277392
0.747764
0.835368
-5.450660
-2.551721
1.252854
2.517484
0.688319
-0.287887
-0.302079
1.116223
1.855277
1.271907
1.762704
2.244191
1.348785
4.773400
1.792713
-2.865497
-3.142928
-2.504447
0.567723
0.622482
-5.624743
-2.418099
1.074355
0.933681
0.043293
0.175290
0.060039
1.239085
1.556746
0.064870
0.889509
1.783867
-0.770737
1.357090
5.901739
2.326698
-7.154605
-5.258846
-0.731649
-1.745181
-3.013611
-0.456335
1.371108
-0.226173
-0.632074
-1.557667
-0.877095
1.211466
-0.129907
0.237031
1.000327
3.121500
1.900097
5.980970
5.064489
0.133665
-6.600587
-4.287822
-0.137079
-1.064084
-1.924170
-0.000167
0.775261
-0.172586
-0.293241
-1.443139
-0.934217
0.897444
0.464703
0.771759
1.717975
3.538930
1.968212
6.403790
4.110275
-3.543908
-4.268613
-3.762158
-0.071207
1.159766
-5.419991
-2.472612
0.566351
0.434605
-1.291884
-0.876770
-2.030169
0.571808
1.375623
0.520465
1.155939
1.707118
0.746092
2.387368
4.845453
1.602958
-5.100548
-2.775890
0.588023
2.173468
-4.346347
-2.133895
0.463839
0.500109
-0.426733
-1.144423
-0.785363
0.672458
1.107455
1.440314
1.642709
3.722974
1.954933
4.179532
1.623753
-2.986247
-3.026111
-2.087924
1.224237
2.014498
-4.708410
-1.838430
2.147511
2.417508
0.299917
-0.582221
0.061593
1.556024
2.286108
1.246381
1.378414
1.907553
0.956683
7.482301
5.636556
-3.403080
-4.191507
-3.856815
-0.460063
-1.266154
-3.308873
-1.789771
-0.212509
0.547276
-1.111161
-1.550587
-1.233719
0.302146
0.743402
0.019007
0.355245
1.857483
-0.525486
2.111008
4.257279
1.184704
-5.384461
-3.798737
0.442215
1.988649
-4.540091
-1.637970
2.358662
2.243008
0.607757
-0.757312
0.333892
2.259313
-0.612229
1.449781
1.982841
4.073015
2.802780
3.297822
5.526258
-2.741447
-2.914950
-2.981416
0.365858
-0.247327
-4.784002
-1.710295
-1.212303
0.895920
1.775899
0.240894
-0.219969
0.923773
1.210875
1.212656
1.930902
3.280070
1.413671
1.740332
0.489186
-2.712756
-3.007851
-2.585359
0.203657
-1.803110
-2.682877
-0.393400
1.331263
-0.595683
-0.275177
-1.187280
-1.258754
1.142176
0.051406
-0.551753
-0.079395
-0.185862
-1.978680
0.198873
11.534067
6.181171
-7.478539
-5.368619
-3.633988
-3.005752
-3.222886
-1.369973
0.994810
1.126502
-1.623471
-1.715744
-0.761572
1.103954
1.443894
1.467504
2.399442
4.529310
3.056015
5.094728
1.231698
-2.813105
-1.557930
-0.870661
2.495666
0.984833
-0.375460
0.849479
0.479200
0.536564
0.395250
-1.159996
-1.098862
0.651353
-0.918826
0.138041
0.874559
0.966808
-0.870795
0.623157
6.143567
2.614807
-6.557552
-3.396132
-1.828286
0.772265
-4.900407
-3.257987
-0.801172
-0.539793
-1.470610
-0.494392
-1.336914
0.530474
0.352027
0.395122
1.131990
3.211591
1.898703
2.695284
3.630356
0.803537
-4.972054
-2.408402
1.114309
2.687567
-4.148859
-1.764522
1.514531
1.266638
0.984853
0.387082
0.285172
1.558665
1.233000
0.556138
1.352866
2.450045
-0.097414
1.326942
5.231956
1.716290
-6.022764
-4.477211
-0.533171
1.066577
-5.649155
-2.438711
1.305033
1.768448
-0.133752
-0.665023
0.014479
1.804066
2.355340
1.326178
2.580911
4.298926
2.538995
2.787877
5.449834
-2.890411
-3.551327
-3.446704
-0.053415
0.568164
-6.126838
-3.161383
0.175922
2.069900
0.611992
-0.430431
-0.482647
1.573232
2.327857
1.898559
2.395310
2.253734
0.534075
4.273272
3.958317
-3.407410
-4.011476
-3.725763
-0.607313
0.332132
-6.336072
-2.767590
1.431694
1.586324
-0.923063
-0.008366
-0.448823
1.753478
1.734158
0.156805
1.094637
2.384830
0.504332
1.068992
7.617305
3.746494
-7.927222
-6.102269
-2.352625
0.625256
-6.182661
-3.499378
-0.369478
-0.869633
-2.001399
-1.601125
-1.520760
0.994622
1.135800
0.574135
1.263020
3.121066
2.037028
2.822937
6.787974
3.262098
-6.315499
-4.211353
-0.433344
0.223691
-3.529081
-1.369502
0.557188
0.423900
-0.455227
-0.768417
-1.415547
0.920155
1.371458
1.625959
2.528079
4.530510
3.047510
2.965466
2.726562
-0.545827
-4.600867
-1.954654
2.208151
0.691303
-0.383250
0.944708
2.598666
1.103940
0.289380
-0.934323
-0.581523
1.494460
0.873959
0.485341
0.816085
1.484237
-1.571618
0.261121
5.951535
2.576899
-7.181412
-5.920432
-2.281471
0.138578
-6.169635
-3.216648
0.729048
-0.176127
-2.433619
-1.723621
-1.394560
1.354335
-0.884653
-0.710395
1.392610
2.963842
3.999102
0.898112
-1.314248
10.288549
-4.070569
-4.414570
-2.923477
-2.795859
-2.679078
-0.619004
1.803967
0.095762
-0.878411
-2.001968
-1.048660
0.700481
1.109042
2.108106
2.469427
2.671526
0.976589
2.444902
0.814893
-2.121161
-1.404899
-1.024246
2.187888
2.849200
-3.222488
-0.739694
3.875323
3.715297
0.643534
0.975247
0.429897
2.242873
2.301834
0.147820
1.197344
2.694190
1.136024
0.727393
6.634222
2.394981
-6.669931
-4.547824
-0.868492
-1.667221
-2.721452
-0.657813
0.627238
-0.081887
0.236607
-1.337906
-1.495490
0.289063
0.585258
0.548489
1.152165
3.195317
1.321642
5.851070
3.179862
-3.619627
-3.152609
-2.539679
1.186826
-0.541406
-2.002555
-0.182536
1.728788
-0.249740
-0.092331
-1.173381
-1.065194
1.010270
-0.593356
-0.318407
0.661755
0.801301
-0.923409
0.907741
8.323800
3.261999
-7.097033
-5.686716
-2.167078
1.070782
-5.517524
-2.844129
-0.193256
-0.601927
-1.735047
-1.335481
-1.185810
1.369636
1.490448
0.929562
1.335060
3.493515
2.605563
3.428305
6.044115
2.553668
-5.692833
-3.488154
-0.076429
0.237079
-3.427234
-1.476581
0.719585
1.772706
1.850237
-0.154881
0.085022
1.548462
1.947826
1.604661
1.835079
3.510545
0.999501
2.387523
2.606904
-3.157351
-3.434135
-4.007833
-0.155903
1.922788
-5.838097
-2.669547
0.712614
1.801709
-0.106829
0.492987
0.167895
2.552241
2.713045
0.069280
1.013970
2.496696
0.424705
1.026850
10.039799
4.774603
-8.022566
-7.646561
-3.118382
-2.092910
-4.565455
-2.585748
-2.032315
0.526105
-2.180899
-2.276015
-0.904207
1.179667
1.746346
1.711148
2.206063
4.205784
2.304806
2.493479
4.735835
1.528050
-5.048851
-4.240220
-0.288672
2.689143
-5.074156
-2.131543
-0.228476
1.435272
1.952443
-0.180169
0.246942
1.882562
2.354633
0.984818
1.485317
2.933219
0.441985
0.541111
6.593926
3.032021
-6.691587
-5.837114
-1.858399
1.284157
-6.577597
-3.180462
-0.989244
1.080206
0.061490
0.261078
-0.196383
1.995221
2.171364
0.934634
1.613503
3.577937
1.907091
1.444109
6.877776
1.742071
-6.453649
-5.425097
-0.887484
-1.578387
-2.725248
-0.641258
-0.678792
-0.404887
0.207835
-1.208522
-0.352948
1.697288
1.341876
0.838865
1.994763
3.475782
2.165784
0.770057
7.089217
3.799021
-7.290441
-7.690161
-3.440786
0.905713
-6.477644
-3.533765
-1.319429
-0.363301
-2.222414
-1.891183
-1.668993
1.022969
1.284433
0.530187
1.099422
3.037836
4.131335
2.757475
8.575154
5.096922
-5.376519
-4.970126
-2.449275
-0.967779
-3.161106
-1.170358
-0.339646
1.563465
1.660756
-0.595468
0.065186
1.746626
2.178828
1.783784
2.389561
4.028763
1.735410
0.358346
-0.773887
-2.812311
-2.027726
-2.275756
0.787741
1.689987
-5.103959
-2.337706
1.011167
2.104875
1.008593
0.400931
0.351021
2.821996
0.595387
-0.005884
0.931771
2.017189
-0.388544
-0.547185
0.458851
10.991733
-6.035788
-6.701316
-5.078404
1.206447
-5.964570
-3.526524
-1.803923
-0.504004
