-0.000025
0.000047
0.000280
0.000604
0.000930
0.001224
0.001442
0.001749
-0.000473
-0.004005
-0.004100
-0.003552
0.000348
0.002748
0.002360
0.000591
-0.004274
-0.046127
-0.105264
-0.144532
-0.177441
-0.173262
-0.178728
-0.203780
-0.254785
-0.308737
-0.323074
-0.353129
-0.373578
-0.384059
-0.378206
-0.361302
-0.341367
-0.322916
-0.346911
-0.342378
-0.324717
-0.306227
-0.283508
-0.222200
-0.171628
-0.181080
-0.200831
-0.179706
-0.112345
-0.030122
0.051741
0.107031
0.125083
0.108428
0.111779
0.130749
0.149437
0.130387
0.094452
0.063657
0.019891
-0.036373
-0.060871
-0.040490
-0.010399
0.013482
0.040919
0.064142
0.049245
0.076433
0.146782
0.206177
0.220693
0.195664
0.154754
0.114269
0.051813
-0.033634
-0.135459
-0.229452
-0.322015
-0.410598
-0.520980
-0.633040
-0.748649
-0.894716
-1.011959
0.000488
-0.019485
-0.041994
-0.054053
-0.064499
-0.099619
-0.123578
-0.115211
-0.100547
-0.094938
-0.091869
-0.085436
-0.077127
-0.072413
-0.075022
-0.070092
-0.070579
-0.065971
-0.036794
-0.004401
0.022981
0.049105
0.075778
0.108201
0.118690
0.120502
0.133087
0.150360
0.163544
0.178703
0.195676
0.213548
0.228165
0.229180
0.247206
0.269782
0.294043
0.319375
0.339318
0.353293
0.347155
0.339079
0.334425
0.336136
0.318671
0.279178
0.261715
0.255054
0.244611
0.233258
0.218781
0.202539
0.173261
0.148329
0.108488
0.072527
0.052915
0.035523
0.026353
0.033655
0.018854
-0.001682
-0.013947
-0.020266
-0.021859
-0.035425
-0.049091
-0.050150
-0.058815
-0.073642
-0.095885
-0.117884
-0.148342
-0.174778
-0.185668
-0.192035
-0.200361
-0.185560
-0.156183
-0.116521
-0.108064
-0.098515
-0.083250
-0.068119
-0.054869
-0.048089
-0.043679
-0.027177
-0.017813
-0.014399
-0.017296
-0.025748
-0.036399
-0.030031
-0.025356
-0.034011
-0.030988
-0.028283
-0.001504
0.034084
0.032710
0.034542
0.036392
0.035551
0.037267
0.021743
0.013906
0.019369
0.018562
0.015886
0.009638
0.005563
-0.002408
0.000818
-0.001540
-0.015755
-0.016981
-0.016017
0.009708
0.037686
0.028061
0.011833
-0.000201
-0.008648
-0.011543
-0.017387
-0.024472
-0.020039
-0.021444
-0.026554
-0.034781
-0.047901
-0.066312
-0.077158
-0.090273
-0.104097
-0.106116
-0.100662
-0.071215
-0.034106
-0.028223
-0.031522
-0.029607
-0.026597
-0.020697
-0.018665
-0.020267
-0.010281
-0.006527
-0.007639
-0.013105
-0.025604
-0.043668
-0.051983
-0.068995
-0.087179
-0.092945
-0.094283
-0.077080
-0.052305
-0.050169
-0.042305
-0.031081
-0.029525
-0.026989
-0.027545
-0.031754
-0.024764
-0.023745
-0.027850
-0.038221
-0.052778
-0.070421
-0.077760
-0.088368
-0.102217
-0.101145
-0.097315
-0.071450
-0.044656
-0.059315
-0.084438
-0.104920
-0.122839
-0.126808
-0.149699
-0.156301
-0.152594
-0.155537
-0.162937
-0.170785
-0.170915
-0.176802
-0.185604
-0.178479
-0.177916
-0.191504
-0.196182
-0.161396
-0.123443
-0.090763
-0.065716
-0.040816
-0.017302
-0.011574
-0.023485
-0.017279
0.004827
0.019991
0.029290
0.033372
0.034528
0.031176
0.039375
0.039343
0.028182
0.033050
0.036807
0.057488
0.084768
0.089942
0.084373
0.081722
0.083132
0.079172
0.060120
0.053569
0.061251
0.060770
0.056437
0.047130
0.036445
0.017893
0.000265
-0.022398
-0.043647
-0.052557
-0.056870
-0.052591
-0.036853
-0.032660
-0.038389
-0.030243
-0.023855
-0.014463
-0.018586
-0.022459
-0.013284
-0.011139
-0.015043
-0.022443
-0.036953
-0.058592
-0.076260
-0.107939
-0.134418
-0.145220
-0.144448
-0.132502
-0.111774
-0.120422
-0.123151
-0.118103
-0.115463
-0.106778
-0.116351
-0.118872
-0.108661
-0.105441
-0.108036
-0.116218
-0.117265
-0.119764
-0.114784
-0.114276
-0.120047
-0.114831
-0.110106
-0.084750
-0.029919
-0.022773
-0.005517
0.014582
0.026528
0.033226
0.018020
0.013835
0.022966
0.025195
0.024344
0.019000
0.010209
-0.003658
-0.011770
-0.024595
-0.042395
-0.044626
-0.042822
-0.018565
0.001848
-0.019441
-0.050143
-0.077200
-0.101529
-0.112143
-0.146284
-0.163796
-0.161388
-0.166312
-0.176539
-0.186485
-0.188836
-0.197736
-0.207259
-0.205576
-0.208992
-0.211144
-0.212584
-0.183045
-0.152013
-0.144515
-0.136627
-0.120694
-0.104189
-0.076638
-0.075310
-0.069342
-0.049761
-0.038100
-0.031665
-0.028105
-0.029188
-0.034963
-0.031531
-0.036832
-0.050082
-0.051946
-0.054684
-0.039969
-0.008241
-0.000689
0.005048
0.013374
0.023157
0.033564
0.030772
0.026559
0.034595
0.035434
0.031154
0.020300
0.005322
-0.016490
-0.035589
-0.058571
-0.079788
-0.087452
-0.087386
-0.066768
-0.042706
-0.046746
-0.063560
-0.073683
-0.080516
-0.070774
-0.082467
-0.090657
-0.085478
-0.085923
-0.092964
-0.102442
-0.118292
-0.140950
-0.163590
-0.170360
-0.177764
-0.185791
-0.179264
-0.165303
-0.126372
-0.109033
-0.116311
-0.120824
-0.126705
-0.118311
-0.130981
-0.128136
-0.114455
-0.107460
-0.106139
-0.104607
-0.102049
-0.104358
-0.120857
-0.123359
-0.127559
-0.137310
-0.134639
-0.118144
-0.075417
-0.052481
-0.048871
-0.042827
-0.035925
-0.026465
-0.029685
-0.036713
-0.031136
-0.032270
-0.039450
-0.045860
-0.049999
-0.064551
-0.077995
-0.107903
-0.131259
-0.140350
-0.138580
-0.132702
-0.120313
-0.113274
-0.118872
-0.111884
-0.107451
-0.098384
-0.110329
-0.107493
-0.095190
-0.088794
-0.087488
-0.084635
-0.085178
-0.090411
-0.099706
-0.094998
-0.094296
-0.096067
-0.084629
-0.055584
-0.028262
-0.028495
-0.037523
-0.040085
-0.040133
-0.034021
-0.040883
-0.047252
-0.039400
-0.038328
-0.043209
-0.050091
-0.066236
-0.090753
-0.118449
-0.164720
-0.197908
-0.215770
-0.217418
-0.207566
-0.193124
-0.189000
-0.183992
-0.175357
-0.173127
-0.162470
-0.165962
-0.157757
-0.141431
-0.131567
-0.128753
-0.129401
-0.127758
-0.125092
-0.123307
-0.110268
-0.110153
-0.113157
-0.112294
-0.097903
-0.054391
-0.037910
-0.034979
-0.028769
-0.023450
-0.016423
-0.022339
-0.029408
-0.023574
-0.024469
-0.030717
-0.039273
-0.055651
-0.080125
-0.107487
-0.136342
-0.158433
-0.168252
-0.159073
-0.144677
-0.121429
-0.116910
-0.111209
-0.097131
-0.094742
-0.086001
-0.087853
-0.079006
-0.064849
-0.060416
-0.063597
-0.073648
-0.080907
-0.091901
-0.107044
-0.125989
-0.141169
-0.144954
-0.143427
-0.128058
-0.086846
-0.067969
-0.055349
-0.043119
-0.038629
-0.031034
-0.035607
-0.043199
-0.038378
-0.039571
-0.047005
-0.057387
-0.074604
-0.097738
-0.123480
-0.141964
-0.160468
-0.172590
-0.167554
-0.157583
-0.138547
-0.130268
-0.119859
-0.092415
-0.081326
-0.067921
-0.066366
-0.053317
-0.045503
-0.043515
-0.046220
-0.051893
-0.056491
-0.063780
-0.071092
-0.096139
-0.123591
-0.139579
-0.151489
-0.158566
-0.144645
-0.150266
-0.152951
-0.149210
-0.150097
-0.144057
-0.164760
-0.171011
-0.161682
-0.158973
-0.161572
-0.168940
-0.161432
-0.156415
-0.130854
-0.110671
-0.101071
-0.079856
-0.059342
-0.024913
0.022642
0.030020
0.038737
0.052662
0.071053
0.066311
0.069196
0.084114
0.104756
0.121351
0.136229
0.147859
0.163546
0.171548
0.166924
0.149384
0.136836
0.137425
0.133223
0.123479
0.127614
0.102096
0.078725
0.069332
0.055101
0.030063
-0.013573
-0.037909
-0.045208
-0.058178
-0.076900
-0.104324
-0.120054
-0.148692
-0.166676
-0.179516
-0.182624
-0.164187
-0.135600
-0.091878
-0.065551
-0.080084
-0.085429
-0.083479
-0.085843
-0.080265
-0.089417
-0.088337
-0.076110
-0.071944
-0.074535
-0.082896
-0.083959
-0.088841
-0.085876
-0.085201
-0.091573
-0.086379
-0.081904
-0.072763
-0.032507
-0.026515
-0.020984
-0.012855
-0.007978
0.001063
-0.000674
-0.002384
0.006962
0.010493
0.009692
0.002903
-0.006841
-0.021932
-0.051775
-0.079521
-0.096236
-0.108571
-0.119538
-0.114729
-0.100868
-0.115448
-0.131490
-0.140315
-0.151666
-0.156478
-0.178199
-0.182753
-0.177133
-0.179160
-0.187663
-0.201725
-0.200422
-0.203614
-0.203585
-0.189294
-0.179164
-0.174120
-0.143456
-0.078335
-0.018697
-0.023756
-0.020418
-0.006181
0.011815
0.006415
0.004567
0.015407
0.033994
0.047434
0.056593
0.060624
0.073289
0.083142
0.083171
0.084496
0.092950
0.112298
0.125848
0.144557
0.171246
0.166826
0.152128
0.144638
0.140867
0.133145
0.101074
0.089916
0.093844
0.091151
0.086475
0.078088
0.067037
0.038921
-0.005170
-0.039813
-0.071133
-0.098890
-0.110573
-0.110602
-0.113305
-0.133520
-0.152612
-0.164230
-0.183113
-0.189855
-0.206658
-0.206959
-0.196945
-0.192325
-0.193687
-0.200503
-0.191043
-0.187495
-0.180810
-0.160797
-0.148943
-0.136791
-0.112397
-0.055253
-0.001973
-0.004314
0.000093
0.019633
0.042680
0.044202
0.049057
0.063409
0.079339
0.092431
0.102886
0.110587
0.121772
0.126225
0.119763
0.115858
0.118394
0.130978
0.127060
0.137602
0.153253
0.136735
0.108530
0.088197
0.073076
0.061739
0.022861
0.007043
0.004179
-0.006892
-0.022168
-0.042723
-0.055009
-0.075403
-0.079628
-0.073446
-0.089113
-0.083927
-0.063744
-0.025572
0.003692
0.007393
-0.002111
-0.010044
-0.016616
-0.007965
-0.015052
-0.010792
0.003905
0.012370
0.017092
0.017146
0.017713
0.013048
-0.004139
-0.041426
-0.077537
-0.083334
-0.080367
-0.063672
-0.048731
-0.054094
-0.061095
-0.057769
-0.065217
-0.066467
-0.089817
-0.096135
-0.088168
-0.085421
-0.087493
-0.095211
-0.093842
-0.091551
-0.088426
-0.074944
-0.069364
-0.061556
-0.050901
-0.018924
0.016590
0.011855
0.004561
0.009657
0.017890
0.029088
0.017079
0.017335
0.031487
0.039215
0.044591
0.046584
0.048344
0.040828
0.029612
0.018157
-0.001723
-0.009653
-0.010435
-0.007360
0.028660
0.009344
-0.008271
-0.028601
-0.055901
-0.064609
-0.086890
-0.100271
-0.097988
-0.102838
-0.114288
-0.133557
-0.136995
-0.145956
-0.160524
-0.160784
-0.162794
-0.161048
-0.154547
-0.130470
-0.097071
-0.087410
-0.075417
-0.044767
-0.023172
-0.011585
-0.018464
-0.003328
0.016657
0.028738
0.038986
0.046707
0.051649
0.055830
0.048636
0.022726
0.009694
0.013603
0.010993
0.006891
0.010437
-0.018150
-0.048994
-0.070811
-0.088173
-0.096915
-0.130128
-0.144906
-0.143790
-0.150538
-0.162983
-0.180793
-0.188619
-0.201500
-0.182946
-0.146325
-0.125245
-0.099571
-0.087973
-0.024464
0.021720
0.033092
0.043498
0.060869
0.082085
0.099282
0.094985
0.103638
0.126678
0.143238
0.158601
0.172725
0.177596
0.172765
0.156340
0.130985
0.108392
0.100877
0.081097
0.072237
0.086835
0.053054
0.007093
-0.029668
-0.064329
-0.098389
-0.139814
-0.169360
-0.180484
-0.197461
-0.220967
-0.251117
-0.259357
-0.274723
-0.279111
-0.275390
-0.292473
-0.293185
-0.265787
-0.213770
-0.172472
-0.177008
-0.181673
-0.173558
-0.166584
-0.152759
-0.153164
-0.152293
-0.142033
-0.139544
-0.143738
-0.153665
-0.160087
-0.164115
-0.168893
-0.162544
-0.167090
-0.174067
-0.183900
-0.163215
-0.125789
-0.115443
-0.118318
-0.110743
-0.102647
-0.082453
-0.096712
-0.104382
-0.095879
-0.094568
-0.098510
-0.104944
-0.114825
-0.128423
-0.143236
-0.141728
-0.145283
-0.148234
-0.143240
-0.121218
-0.067825
-0.047511
-0.038202
-0.021010
-0.010041
-0.002843
-0.013863
-0.017515
-0.007605
-0.004682
-0.005727
-0.011815
-0.014435
-0.019855
-0.028899
-0.022655
-0.015747
-0.010180
-0.005510
0.003484
0.054778
0.043635
0.026739
0.017370
0.009048
0.003956
-0.030331
-0.048902
-0.049321
-0.045133
-0.050199
-0.063417
-0.077274
-0.100316
-0.132506
-0.164498
-0.197503
-0.215513
-0.211405
-0.180690
-0.139888
-0.153166
-0.165812
-0.157030
-0.160880
-0.164511
-0.181721
-0.188962
-0.186259
-0.190037
-0.201255
-0.218532
-0.220515
-0.221744
-0.226583
-0.219778
-0.220186
-0.221433
-0.226199
-0.200799
-0.169399
-0.165105
-0.165421
-0.156934
-0.151191
-0.136980
-0.147604
-0.145558
-0.131316
-0.123489
-0.119977
-0.115308
-0.109727
-0.104509
-0.101734
-0.106003
-0.118514
-0.130027
-0.136822
-0.129972
-0.105277
-0.101021
-0.098189
-0.076374
-0.063865
-0.052460
-0.069573
-0.078196
-0.070098
-0.067622
-0.068652
-0.074131
-0.076779
-0.080699
-0.085461
-0.078256
-0.079295
-0.080929
-0.075965
-0.051222
-0.019991
-0.019262
-0.040509
-0.036514
-0.032151
-0.031657
-0.056791
-0.056854
-0.048003
-0.046619
-0.047174
-0.049993
-0.047806
-0.046615
-0.048681
-0.040180
-0.040119
-0.037774
-0.029175
-0.003423
0.032093
0.036692
0.019757
0.028639
0.037233
0.039673
0.018759
0.015335
0.027701
0.034877
0.040527
0.043508
0.038541
0.021780
-0.017612
-0.057458
-0.086187
-0.101521
-0.108218
-0.101114
-0.078547
-0.087203
-0.102770
-0.101549
-0.112540
-0.122903
-0.151632
-0.166819
-0.165382
-0.169230
-0.179430
-0.195506
-0.194990
-0.198097
-0.164691
-0.112220
-0.075854
-0.039169
-0.019122
0.028649
0.082638
0.104175
0.122986
0.146784
0.174185
0.193643
0.199451
0.196141
0.217295
0.233981
0.252691
0.275413
0.291250
0.297285
0.290955
0.272573
0.240602
0.221072
0.200366
0.181216
0.189436
0.147265
0.092720
0.043259
-0.006744
-0.056049
-0.114863
-0.156352
-0.178190
-0.206351
-0.241086
-0.281860
-0.297196
-0.311562
-0.318958
-0.321102
-0.323789
-0.316201
-0.304961
-0.262989
-0.227695
-0.201871
-0.192034
-0.171901
-0.155085
-0.132394
-0.117502
-0.100427
-0.081246
-0.070856
-0.065634
-0.064538
-0.061411
-0.055741
-0.059174
-0.057295
-0.055454
-0.056189
-0.061911
-0.062436
-0.032533
-0.041866
-0.057740
-0.056834
-0.054878
-0.049628
-0.074532
-0.079490
-0.077355
-0.085989
-0.098594
-0.114851
-0.126636
-0.141977
-0.142699
-0.131397
-0.131867
-0.131812
-0.126895
-0.099219
-0.050816
-0.042667
-0.042778
-0.026480
-0.009688
0.004508
-0.001716
0.009935
0.026642
0.033676
0.039354
0.043633
0.048696
0.052836
0.045542
0.028997
0.018541
0.019204
0.003759
-0.004156
0.003715
-0.007924
-0.023343
-0.020927
-0.027447
-0.030826
-0.056704
-0.059762
-0.053709
-0.056402
-0.062059
-0.071229
-0.077269
-0.084391
-0.091913
-0.111806
-0.134118
-0.146379
-0.143911
-0.141797
-0.111490
-0.143465
-0.166373
-0.170340
-0.182773
-0.196071
-0.219292
-0.230426
-0.230285
-0.233169
-0.242667
-0.257336
-0.251024
-0.245026
-0.236143
-0.213508
-0.198920
-0.187200
-0.180627
-0.137018
-0.084454
-0.067827
-0.057593
-0.026800
-0.000701
0.024109
0.013316
0.017235
0.037938
0.052982
0.066762
0.078979
0.091215
0.093463
0.083997
0.067284
0.052819
0.048759
0.042988
0.031403
0.046872
0.031967
0.008372
0.005044
-0.003008
-0.006782
-0.037194
-0.046552
-0.045486
-0.051975
-0.061363
-0.074429
-0.087084
-0.103961
-0.096925
-0.074317
-0.064132
-0.052309
-0.036255
-0.013905
0.031732
0.042412
0.029503
0.037041
0.043337
0.047190
0.031916
0.044271
0.059539
0.066240
0.071907
0.076706
0.086712
0.096173
0.092379
0.072131
0.059289
0.059651
0.057572
0.048584
0.061150
0.055548
0.038769
0.042937
0.044113
0.036123
0.004343
-0.004903
-0.003866
-0.011251
-0.021595
-0.035617
-0.043418
-0.055974
-0.073548
-0.088703
-0.108499
-0.114189
-0.107153
-0.096306
-0.074386
-0.087780
-0.115791
-0.126092
-0.139198
-0.151396
-0.176686
-0.188427
-0.187664
-0.183003
-0.187050
-0.199702
-0.203358
-0.213552
-0.229433
-0.232791
-0.235264
-0.239401
-0.242105
-0.213499
-0.185073
-0.164115
-0.137092
-0.099383
-0.073177
-0.043259
-0.026284
-0.008546
0.002262
0.010740
0.017751
0.022110
0.029294
0.038324
0.040931
0.035513
0.024160
0.024373
0.029478
0.027866
0.060719
0.068653
0.053521
0.055207
0.054769
0.051150
0.019425
0.000513
0.000619
0.006037
0.002783
-0.008222
-0.015335
-0.026469
-0.057804
-0.075061
-0.082049
-0.084854
-0.073407
-0.056874
-0.031130
-0.017614
-0.035781
-0.034423
-0.032503
-0.034645
-0.051792
-0.051842
-0.044144
-0.038489
-0.037100
-0.041459
-0.045384
-0.051980
-0.075090
-0.101591
-0.123207
-0.141322
-0.147227
-0.150655
-0.136178
-0.121746
-0.112155
-0.090568
-0.079372
-0.067981
-0.077621
-0.076397
-0.067564
-0.066398
-0.070500
-0.079465
-0.085075
-0.087167
-0.102267
-0.115775
-0.126621
-0.136759
-0.143667
-0.158855
-0.146940
-0.143809
-0.154155
-0.144260
-0.141897
-0.144741
-0.166076
-0.170403
-0.168006
-0.174641
-0.185657
-0.200073
-0.207037
-0.212940
-0.207384
-0.203896
-0.214390
-0.224730
-0.238073
-0.218955
-0.190530
-0.179632
-0.178072
-0.165744
-0.158613
-0.153669
-0.164793
-0.156627
-0.143635
-0.138936
-0.137183
-0.137476
-0.133991
-0.127498
-0.132139
-0.132913
-0.132927
-0.135313
-0.136379
-0.143476
-0.118193
-0.112131
-0.125442
-0.116798
-0.110372
-0.109493
-0.129523
-0.130674
-0.124653
-0.124826
-0.127565
-0.133602
-0.132666
-0.131114
-0.129244
-0.120066
-0.122162
-0.126706
-0.119322
-0.109873
-0.062277
-0.038221
-0.045694
-0.030056
-0.013371
0.001468
0.007637
0.019093
0.025327
0.030800
0.038309
0.047947
0.057655
0.068956
0.069739
0.075674
0.080470
0.082328
0.084730
0.076999
0.086346
0.086436
0.081765
0.094192
0.102697
0.103751
0.083301
0.074779
0.076590
0.068967
0.057823
0.042713
0.026231
0.007284
-0.027338
-0.070379
-0.105628
-0.124283
-0.133270
-0.143282
-0.138773
-0.144202
-0.172190
-0.182928
-0.188713
-0.191469
-0.210284
-0.221607
-0.222148
-0.219946
-0.225900
-0.240750
-0.252074
-0.265489
-0.267731
-0.272425
-0.271174
-0.274208
-0.289021
-0.282964
-0.256584
-0.220930
-0.197385
-0.169898
-0.143290
-0.122859
-0.121618
-0.112942
-0.093600
-0.079663
-0.069488
-0.062366
-0.054578
-0.043947
-0.039706
-0.025024
-0.013933
-0.005424
-0.009287
-0.003040
0.032371
0.046879
0.037541
0.049621
0.058588
0.056842
0.037484
0.035843
0.041622
0.037196
0.031249
0.023734
0.021995
0.021273
0.006979
-0.012503
-0.026963
-0.028465
-0.026588
-0.036158
-0.021273
-0.016175
-0.028394
-0.022537
-0.018548
-0.019201
-0.040735
-0.045754
-0.042904
-0.048249
-0.056299
-0.066912
-0.070828
-0.073262
-0.089232
-0.102420
-0.111029
-0.110025
-0.102537
-0.099082
-0.067243
-0.049851
-0.051386
-0.038543
-0.033173
-0.024851
-0.037516
-0.033121
-0.020104
-0.015350
-0.013520
-0.014159
-0.011794
-0.010725
-0.021489
-0.037677
-0.051886
-0.054980
-0.055020
-0.060317
-0.035186
-0.028072
-0.034185
-0.024517
-0.020366
-0.020299
-0.048310
-0.063654
-0.062035
-0.055647
-0.057261
-0.066678
-0.072373
-0.083881
-0.104511
-0.121989
-0.141129
-0.143151
-0.130609
-0.123566
-0.098098
-0.081878
-0.078032
-0.058153
-0.042403
-0.032434
-0.050145
-0.053684
-0.044683
-0.042461
-0.043383
-0.047711
-0.049766
-0.048501
-0.056136
-0.055115
-0.049978
-0.041743
-0.029706
-0.025144
0.026117
0.043553
0.029061
0.035597
0.038997
0.035692
0.014486
0.020214
0.029554
0.029409
0.028122
0.025245
0.024495
0.025609
0.006097
-0.004607
-0.011433
-0.019218
-0.017525
-0.025722
0.005235
0.020503
-0.001329
-0.003756
-0.009432
-0.019122
-0.043373
-0.047501
-0.044092
-0.039776
-0.041655
-0.049831
-0.053809
-0.061936
-0.088100
-0.118465
-0.152255
-0.166935
-0.160357
-0.144325
-0.124285
-0.116633
-0.129235
-0.120621
-0.114640
-0.109199
-0.117933
-0.114344
-0.103762
-0.099917
-0.100174
-0.103924
-0.098991
-0.091361
-0.089360
-0.080322
-0.069015
-0.053949
-0.034501
-0.022066
0.031576
0.046383
0.033580
0.040399
0.044135
0.043161
0.036314
0.038652
0.043298
0.037574
0.028926
0.017333
0.008969
0.001083
-0.019819
-0.041909
-0.058741
-0.074279
-0.080649
-0.095489
-0.085886
-0.074292
-0.062211
-0.039654
-0.029014
-0.019315
-0.040476
-0.050877
-0.046042
-0.048247
-0.054532
-0.065897
-0.073912
-0.081484
-0.101725
-0.102544
-0.093514
-0.090855
-0.087823
-0.092788
-0.073344
-0.061726
-0.065892
-0.053315
-0.043490
-0.037070
-0.053567
-0.045942
-0.033647
-0.031276
-0.031724
-0.034683
-0.032807
-0.032902
-0.045624
-0.056344
-0.062355
-0.063016
-0.080554
-0.091160
-0.072051
-0.070482
-0.081087
-0.076741
-0.075694
-0.075546
-0.096187
-0.097861
-0.090861
-0.081310
-0.080709
-0.088369
-0.090792
-0.101838
-0.130380
-0.159482
-0.186029
-0.199694
-0.203529
-0.204397
-0.191534
-0.189928
-0.197811
-0.189270
-0.180597
-0.174297
-0.186667
-0.186067
-0.178003
-0.176276
-0.179219
-0.185798
-0.185111
-0.184631
-0.181793
-0.167708
-0.163477
-0.159363
-0.166072
-0.140318
-0.106755
-0.103779
-0.113220
-0.107058
-0.102897
-0.101736
-0.119292
-0.115625
-0.105816
-0.104795
-0.106355
-0.109816
-0.108448
-0.109102
-0.111550
-0.114311
-0.122545
-0.131676
-0.136335
-0.134073
-0.115649
-0.106747
-0.099756
-0.073171
-0.052892
-0.039937
-0.046208
-0.040241
-0.026787
-0.022024
-0.019708
-0.020151
-0.021349
-0.024283
-0.035127
-0.045172
-0.050256
-0.049668
-0.049130
-0.055900
-0.026474
-0.035543
-0.043635
-0.039890
-0.036752
-0.031825
-0.055569
-0.064581
-0.058974
-0.062098
-0.069878
-0.082893
-0.089450
-0.094751
-0.116983
-0.130293
-0.135694
-0.137295
-0.136348
-0.132139
-0.101546
-0.096641
-0.096611
-0.075339
-0.060179
-0.046679
-0.065932
-0.067103
-0.058634
-0.059323
-0.063643
-0.070755
-0.070883
-0.071508
-0.066890
-0.055472
-0.056536
-0.056490
-0.067873
-0.056936
-0.031892
-0.017935
-0.019202
-0.014495
-0.006944
-0.010378
-0.036683
-0.037799
-0.030372
-0.030737
-0.031751
-0.034329
-0.035681
-0.040652
-0.046739
-0.051140
-0.061242
-0.071474
-0.078298
-0.082539
-0.068764
-0.063377
-0.069641
-0.057878
-0.048621
-0.035511
-0.054156
-0.051563
-0.039907
-0.035894
-0.034078
-0.034859
-0.034239
-0.036678
-0.049929
-0.056829
-0.056837
-0.051924
-0.045614
-0.045844
-0.020483
-0.019539
-0.030325
-0.030144
-0.024174
-0.020766
-0.034658
-0.042493
-0.035367
-0.036723
-0.041901
-0.051468
-0.059768
-0.069449
-0.075861
-0.080782
-0.092796
-0.100748
-0.117844
-0.111262
-0.095751
-0.001876
-0.009217
-0.015818
-0.022051
-0.026731
-0.029710
-0.031285
-0.031665
-0.030905
-0.032312
-0.033978
-0.025034
-0.011302
-0.003594
0.002472
0.006442
0.007602
0.006706
0.003515
-0.000512
-0.000565
0.005206
0.003306
-0.001205
-0.007164
-0.014382
-0.013479
-0.009834
-0.012319
-0.023303
-0.037894
-0.040134
-0.039246
-0.050076
-0.061491
-0.071448
-0.082851
-0.077518
-0.066390
-0.047852
-0.029585
-0.004212
0.027024
0.051581
0.103370
0.109884
0.094550
0.091878
0.091937
0.091737
0.088363
0.065487
0.061382
0.055747
0.052717
0.051753
0.045457
0.029752
-0.004004
-0.039978
-0.056376
-0.049367
-0.053520
-0.050757
-0.007017
0.004712
0.001811
0.006279
0.015895
0.023051
0.031052
0.022544
0.024289
0.032064
0.030280
0.022355
0.015131
0.005912
-0.008941
-0.005002
-0.005738
-0.007069
-0.014294
-0.024455
-0.004823
0.009863
0.002165
0.010564
0.022535
0.025924
0.008261
0.012142
0.023949
0.040629
0.049802
0.053555
0.051261
0.045126
0.033826
0.023813
0.014574
0.017987
0.022147
0.019312
0.043328
0.056015
0.046047
0.054470
0.063946
0.064168
0.052886
0.053206
0.058427
0.055032
0.050957
0.045816
0.043412
0.041241
0.032696
0.032147
0.028132
0.033582
0.031483
0.036164
0.063844
0.072895
0.057552
0.060331
0.063542
0.064045
0.060311
0.055882
0.058736
0.053075
0.047796
0.042390
0.041420
0.040677
0.032871
0.031071
0.027031
0.033152
0.030340
0.028693
0.053613
0.064169
0.050908
0.057881
0.064591
0.062068
0.056400
0.057451
0.062783
0.059820
0.056316
0.051536
0.046697
0.041764
0.029536
0.023021
0.015907
0.020335
0.015823
0.020219
0.045779
0.055397
0.039360
0.041380
0.044001
0.044388
0.018754
0.012532
0.017015
0.014834
0.012897
0.010387
0.015701
0.018987
0.013726
0.022068
0.029681
0.038649
0.048398
0.046540
0.072400
0.086629
0.078662
0.090499
0.103976
0.108789
0.105619
0.098109
0.107618
0.110081
0.115886
0.125141
0.131242
0.127961
0.117812
0.110283
0.101648
0.091951
0.088228
0.074464
0.090704
0.086822
0.060888
0.054911
0.050751
0.043010
0.011538
0.000542
0.000955
-0.006668
-0.015474
-0.026105
-0.028349
-0.031330
-0.042731
-0.049675
-0.052876
-0.049318
-0.040700
-0.039527
-0.008638
-0.001781
-0.008480
-0.002296
0.004374
0.002647
-0.018972
-0.016952
-0.009136
0.002934
0.008830
0.009841
0.004397
-0.005148
-0.021848
-0.035613
-0.048478
-0.050413
-0.061119
-0.054401
-0.026097
-0.011075
-0.026136
-0.019940
-0.017008
-0.019322
-0.037941
-0.041198
-0.035456
-0.035386
-0.036925
-0.040215
-0.042079
-0.041829
-0.048146
-0.038216
-0.027081
-0.018437
-0.006559
-0.001872
0.049437
0.083845
0.086638
0.108108
0.128588
0.140434
0.146947
0.150738
0.168866
0.179675
0.193866
0.211543
0.227034
0.235941
0.238177
0.240774
0.235636
0.233531
0.236548
0.238501
0.246083
0.234456
0.218374
0.207469
0.191231
0.173926
0.141272
0.122147
0.113724
0.102169
0.090187
0.077186
0.058990
0.028149
-0.016996
-0.056847
-0.083466
-0.090288
-0.094387
-0.085366
-0.069133
-0.069309
-0.103725
-0.122418
-0.134009
-0.145321
-0.166523
-0.172455
-0.171231
-0.166910
-0.169604
-0.178741
-0.185029
-0.195490
-0.213629
-0.218727
-0.221934
-0.218971
-0.211794
-0.205370
-0.176188
-0.158362
-0.162593
-0.150831
-0.136209
-0.125625
-0.134214
-0.128203
-0.118261
-0.116513
-0.116424
-0.117077
-0.116439
-0.113705
-0.114083
-0.105835
-0.101803
-0.091690
-0.089015
-0.088849
-0.055681
-0.034090
-0.028806
-0.007506
0.009211
0.014361
-0.003077
0.004420
0.014889
0.017314
0.020205
0.023361
0.025009
0.026138
0.020203
0.017358
0.010087
0.011263
0.003917
0.007346
0.034696
0.043058
0.026360
0.029677
0.031679
0.029365
0.001740
-0.004310
-0.000144
-0.002929
-0.005194
-0.007729
-0.002121
0.002447
-0.001398
-0.000684
-0.002058
0.002595
0.008523
0.003544
0.029844
0.043981
0.038796
0.054360
0.070180
0.076973
0.074198
0.078638
0.086479
0.086602
0.086461
0.085295
0.083857
0.081712
0.072988
0.064325
0.059849
0.071958
0.085324
0.084100
0.104036
0.104387
0.087220
0.084629
0.082157
0.079376
0.051763
0.031259
0.026731
0.027518
0.020794
0.010303
0.000929
-0.011974
-0.034095
-0.050436
-0.065463
-0.066775
-0.061955
-0.062998
-0.042258
-0.034951
-0.055187
-0.054734
-0.049217
-0.047137
-0.064825
-0.061167
-0.053313
-0.042335
-0.037851
-0.038448
-0.041429
-0.047487
-0.061239
-0.069332
-0.075907
-0.076932
-0.076144
-0.076218
-0.047276
-0.028299
-0.026583
-0.007539
0.007454
0.011476
-0.012552
-0.013387
-0.004537
-0.002743
-0.000733
0.001133
0.005367
0.010224
0.008970
0.014677
0.015293
0.024171
0.024096
0.030090
0.056962
0.064786
0.048603
0.051536
0.055075
0.056174
0.061097
0.042375
0.042263
0.053572
0.057664
0.058534
0.053679
0.041666
0.021873
0.014235
0.006036
0.001276
-0.001183
0.006972
0.034180
0.048717
0.036160
0.040353
0.046144
0.043359
0.045030
0.053405
0.061086
0.059539
0.055970
0.050689
0.045696
0.041345
0.030343
0.023478
0.013292
0.013502
0.006971
0.009373
0.034257
0.041637
0.022211
0.020082
0.019557
0.017149
-0.008401
-0.014379
-0.014563
-0.011051
-0.014887
-0.024293
-0.030077
-0.040673
-0.061872
-0.071846
-0.081061
-0.085872
-0.083682
-0.085513
-0.063703
-0.043727
-0.045968
-0.033876
-0.023126
-0.018831
-0.039008
-0.038560
-0.027951
-0.024064
-0.020829
-0.018518
-0.017935
-0.018868
-0.023809
-0.021903
-0.020821
-0.020346
-0.013070
-0.016402
0.017971
0.024371
0.007880
0.012531
0.019603
0.021698
0.004935
0.001344
0.007035
0.005528
0.004114
0.002411
0.000092
-0.000419
-0.008295
-0.014614
-0.020476
-0.027552
-0.029086
-0.043142
-0.028400
-0.026621
-0.044444
-0.044620
-0.047187
-0.053382
-0.077433
-0.077939
-0.073877
-0.079914
-0.088099
-0.097928
-0.103012
-0.107361
-0.120641
-0.132315
-0.142599
-0.147903
-0.147838
-0.154317
-0.131798
-0.117313
-0.113409
-0.090331
-0.067585
-0.047051
-0.050698
-0.063968
-0.054161
-0.031677
-0.016481
-0.005432
-0.000675
-0.001177
-0.005570
-0.006834
-0.009668
-0.001335
0.006293
0.010943
0.035574
0.038481
0.044699
0.046589
0.030745
0.018071
-0.008098
-0.025897
-0.026208
-0.015047
-0.010893
-0.009694
-0.010824
-0.016666
-0.032298
-0.043197
-0.057337
-0.055104
-0.057670
-0.056257
-0.032343
-0.021753
-0.016678
0.003778
0.011107
0.009146
-0.009375
-0.008293
-0.003145
-0.007738
-0.013674
-0.019336
-0.021845
-0.027162
-0.040630
-0.050447
-0.061746
-0.062001
-0.067465
-0.078616
-0.058130
-0.050700
-0.062714
-0.062431
-0.058299
-0.055596
-0.073472
-0.076599
-0.073843
-0.067191
-0.067821
-0.074311
-0.080085
-0.089964
-0.108607
-0.122478
-0.134977
-0.140405
-0.139499
-0.143142
-0.123027
-0.099283
-0.094924
-0.075366
-0.051999
-0.028802
-0.027418
-0.030706
-0.018400
0.001957
0.016438
0.027970
0.036414
0.040490
0.038456
0.043497
0.044396
0.055004
0.065347
0.070343
0.091444
0.103796
0.110091
0.128330
0.139846
0.145293
0.124125
0.108686
0.117296
0.134959
0.147418
0.158446
0.162948
0.155873
0.140652
0.121945
0.102612
0.092288
0.087226
0.072175
0.069013
0.062453
0.045052
0.028778
0.006428
-0.008200
-0.032487
-0.038826
-0.040340
-0.038342
-0.043656
-0.054941
-0.060889
-0.073224
-0.097541
-0.121265
-0.143312
-0.146787
-0.139208
-0.138998
-0.121110
-0.098359
-0.100974
-0.090622
-0.076416
-0.061142
-0.064347
-0.053571
-0.038915
-0.031196
-0.025269
-0.020377
-0.014683
-0.008698
-0.005984
0.004515
0.012780
0.018636
0.028105
0.029347
0.049064
0.060297
0.079736
0.113546
0.128535
0.133847
0.113115
0.099886
0.107856
0.124516
0.135408
0.144027
0.143780
0.132216
0.110038
0.089441
0.064486
0.046408
0.030910
0.024316
0.042056
0.040082
0.011031
-0.003444
-0.015723
-0.026042
-0.051242
-0.060948
-0.062299
-0.060573
-0.067371
-0.079963
-0.086951
-0.100121
-0.124083
-0.136056
-0.146138
-0.149647
-0.141515
-0.139010
-0.115855
-0.098050
-0.101513
-0.092644
-0.075275
-0.059599
-0.066844
-0.056959
-0.043540
-0.038366
-0.034511
-0.031260
-0.028647
-0.025848
-0.023895
-0.012225
-0.005438
-0.003253
0.003698
0.001114
0.026931
0.046557
0.041236
0.055181
0.069254
0.071446
0.054222
0.047329
0.054795
0.068752
0.076623
0.082184
0.084326
0.085032
0.078693
0.076735
0.064393
0.054024
0.052668
0.044444
0.051919
0.055181
0.050137
0.059346
0.064908
0.061884
0.038971
0.035789
0.038692
0.045491
0.044557
0.037317
0.028302
0.014735
-0.008948
-0.024446
-0.041712
-0.053854
-0.060469
-0.056686
-0.042178
-0.036907
-0.062778
-0.071441
-0.073644
-0.075644
-0.093529
-0.093082
-0.087769
-0.080776
-0.079897
-0.084351
-0.086997
-0.093146
-0.107236
-0.115312
-0.124171
-0.120254
-0.122741
-0.112091
-0.085066
-0.071436
-0.087138
-0.083581
-0.073341
-0.062578
-0.068083
-0.071430
-0.059799
-0.041299
-0.027911
-0.017024
-0.010116
-0.007138
-0.010095
-0.006506
-0.004606
-0.004628
-0.000330
-0.003674
0.009696
0.016549
0.031263
0.060122
0.069902
0.070574
0.063905
0.042841
0.040641
0.053323
0.059548
0.061818
0.057871
0.044101
0.021442
0.001520
-0.020625
-0.024673
-0.023592
-0.023813
-0.001884
0.006077
-0.005064
-0.000213
0.002162
-0.000962
-0.013120
-0.010786
-0.007238
-0.012964
-0.020504
-0.029156
-0.031082
-0.032830
-0.041012
-0.043754
-0.050484
-0.050897
-0.044478
-0.049280
-0.025932
-0.007488
-0.016728
-0.007571
0.004337
0.013543
-0.007170
-0.012526
-0.007207
0.003894
0.009568
0.011244
0.010360
0.006392
-0.006362
-0.010089
-0.017315
-0.024451
-0.021672
-0.030227
-0.016863
0.009409
0.010200
0.021118
0.032986
0.039364
0.024355
0.008611
0.010204
0.018613
0.020712
0.019497
0.017322
0.012299
-0.003883
-0.018549
-0.035794
-0.047764
-0.050403
-0.053624
-0.025133
-0.003384
-0.003144
0.010031
0.022382
0.031178
0.010183
0.005205
0.012374
0.025219
0.031963
0.033905
0.034192
0.030740
0.017874
0.013921
0.007910
0.004673
0.011640
0.009191
0.023540
0.040343
0.053848
0.074505
0.083860
0.088751
0.076196
0.055695
0.058535
0.074862
0.085660
0.093868
0.096688
0.089735
0.070504
0.048788
0.024290
0.004070
-0.003553
-0.016822
-0.013139
-0.009771
-0.022182
-0.021030
-0.017395
-0.011989
-0.027965
-0.033603
-0.031081
-0.025291
-0.027217
-0.035977
-0.043485
-0.054327
-0.075050
-0.092234
-0.110856
-0.111021
-0.100860
-0.084242
-0.055977
-0.042348
-0.063400
-0.066995
-0.063792
-0.066119
-0.080506
-0.078882
-0.074199
-0.077696
-0.082768
-0.088729
-0.092201
-0.094044
-0.101950
-0.102885
-0.104923
-0.103404
-0.095118
-0.093599
-0.064867
-0.045077
-0.046320
-0.033035
-0.021269
-0.015622
-0.026391
-0.047938
-0.044891
-0.029808
-0.021505
-0.016209
-0.014667
-0.018713
-0.027810
-0.030688
-0.038080
-0.047458
-0.047687
-0.054418
-0.043441
-0.015296
0.006563
0.024122
0.014200
0.001614
-0.028634
-0.066781
-0.078795
-0.076911
-0.080469
-0.087162
-0.096377
-0.110234
-0.134620
-0.150101
-0.165271
-0.167403
-0.152388
-0.128570
-0.096045
-0.075402
-0.089152
-0.089543
-0.081151
-0.070964
-0.066736
-0.052342
-0.040908
-0.036887
-0.034219
-0.031883
-0.029620
-0.024857
-0.020769
-0.006578
0.000107
-0.000488
0.008370
0.016851
0.037701
0.051277
0.051522
0.072552
0.089619
0.097572
0.094126
0.078081
0.078559
0.092183
0.100656
0.107304
0.109813
0.102256
0.087423
0.077166
0.058262
0.041867
0.038007
0.025196
0.039676
0.049755
0.033432
0.026295
0.012892
-0.000419
-0.022973
-0.031245
-0.032770
-0.030682
-0.035957
-0.047397
-0.057330
-0.070006
-0.092742
-0.113586
-0.134093
-0.147070
-0.148721
-0.154635
-0.136585
-0.106696
-0.096232
-0.076047
-0.052230
-0.026532
-0.020706
-0.003659
0.015603
0.037038
0.054398
0.065520
0.073624
0.080206
0.080537
0.088208
0.089967
0.092277
0.102670
0.100583
0.114992
0.129155
0.131101
0.141147
0.141787
0.142784
0.130149
0.101384
0.098181
0.111922
0.120304
0.126815
0.127998
0.117342
0.096300
0.077108
0.058141
0.048000
0.048251
0.037219
0.040778
0.044975
0.033164
0.025186
0.018534
0.015760
0.010724
0.004596
0.004366
0.013899
0.016327
0.012973
0.005569
-0.009373
-0.032091
-0.045434
-0.061674
-0.077862
-0.078065
-0.081493
-0.067455
-0.055147
-0.072013
-0.077206
-0.074475
-0.069380
-0.081823
-0.082151
-0.075177
-0.074051
-0.075420
-0.079201
-0.084054
-0.086402
-0.093739
-0.096691
-0.100974
-0.106120
-0.100167
-0.103877
-0.079973
-0.059242
-0.060805
-0.050037
-0.037730
-0.025904
-0.036188
-0.056521
-0.052213
-0.036122
-0.027125
-0.021543
-0.020330
-0.023773
-0.033316
-0.038605
-0.049980
-0.056724
-0.061686
-0.058753
-0.031299
-0.022818
-0.038224
-0.043724
-0.053355
-0.061262
-0.073723
-0.098634
-0.103779
-0.095982
-0.093843
-0.095878
-0.098291
-0.100779
-0.110900
-0.108390
-0.106187
-0.110309
-0.105573
-0.113507
-0.097456
-0.081112
-0.086028
-0.079405
-0.066000
-0.054256
-0.062367
-0.056186
-0.047372
-0.047611
-0.048644
-0.049070
-0.048237
-0.046728
-0.051404
-0.048823
-0.053622
-0.055824
-0.054958
-0.061080
-0.038373
-0.024781
-0.032739
-0.029391
-0.024823
-0.021659
-0.039345
-0.049773
-0.050052
-0.042503
-0.042361
-0.047198
-0.055120
-0.065481
-0.084851
-0.100890
-0.116844
-0.127541
-0.128464
-0.128350
-0.108761
-0.084740
-0.083865
-0.070430
-0.052028
-0.032043
-0.027730
-0.032893
-0.021007
0.000274
0.015093
0.026201
0.034465
0.040124
0.038550
0.044328
0.043192
0.042987
0.052065
0.050693
0.066615
0.080734
0.082859
0.093508
0.096515
0.099624
0.096258
0.078998
0.079812
0.093994
0.102039
0.108086
0.110328
0.102674
0.086157
0.071461
0.050030
0.033987
0.028789
0.013071
0.012121
0.015335
0.001521
-0.008222
-0.015827
-0.021295
-0.032171
-0.033932
-0.032864
-0.027141
-0.027889
-0.034106
-0.044457
-0.056577
-0.077449
-0.090486
-0.102926
-0.116188
-0.117640
-0.130263
-0.118980
-0.097860
-0.092414
-0.079705
-0.064384
-0.048121
-0.047918
-0.062390
-0.053596
-0.031855
-0.016665
-0.005470
-0.000247
-0.002889
-0.013758
-0.020593
-0.037807
-0.044070
-0.036501
-0.039883
-0.023733
-0.020996
-0.033453
-0.034081
-0.038196
-0.039377
-0.048129
-0.064664
-0.060846
-0.049709
-0.045954
-0.047013
-0.051615
-0.056314
-0.063996
-0.059072
-0.055377
-0.055928
-0.058653
-0.055937
-0.032607
-0.010638
-0.012108
-0.012787
-0.016512
-0.014538
-0.014720
-0.013129
-0.008911
0.006634
0.017084
0.024485
0.027499
0.022650
0.011301
0.013257
0.011103
0.003706
0.006839
-0.005645
-0.000640
0.013733
0.009735
0.012550
0.011039
0.012149
0.007094
-0.015351
-0.013855
0.001741
0.011484
0.018349
0.022007
0.022718
0.019918
0.021121
0.015307
0.007106
0.013829
0.021003
0.040269
0.052655
0.047789
0.043784
0.034840
0.029695
0.013157
0.011827
0.013820
0.019869
0.020283
0.016291
0.010148
0.002132
-0.017270
-0.038043
-0.062838
-0.081532
-0.085188
-0.100501
-0.093345
-0.074634
-0.077428
-0.076139
-0.072644
-0.066818
-0.058580
-0.076187
-0.075739
-0.061842
-0.053426
-0.049227
-0.050180
-0.055330
-0.067022
-0.073637
-0.086535
-0.092223
-0.081954
-0.068585
-0.040283
-0.024956
-0.038583
-0.039001
-0.042276
-0.050576
-0.065881
-0.090976
-0.097152
-0.091884
-0.092737
-0.098035
-0.104856
-0.110751
-0.122755
-0.133948
-0.132812
-0.124745
-0.129175
-0.139074
-0.120115
-0.086581
-0.067365
-0.044801
-0.020338
0.006048
0.012886
0.002358
0.015033
0.041838
0.061752
0.074570
0.082345
0.083306
0.076165
0.081505
0.079489
0.059079
0.048694
0.039413
0.044792
0.056471
0.049865
0.040228
0.023039
0.011531
-0.002856
-0.035701
-0.045189
-0.041004
-0.043103
-0.048861
-0.059183
-0.072097
-0.090510
-0.102583
-0.115813
-0.131230
-0.133126
-0.148579
-0.144885
-0.127829
-0.127648
-0.129053
-0.125476
-0.113624
-0.107432
-0.116722
-0.108714
-0.091264
-0.080502
-0.075453
-0.075123
-0.080126
-0.090583
-0.100635
-0.119148
-0.129421
-0.121413
-0.121163
-0.097457
-0.072035
-0.057826
-0.038851
-0.036670
-0.039804
-0.050083
-0.071306
-0.071937
-0.063778
-0.062700
-0.066823
-0.075464
-0.087647
-0.106212
-0.118845
-0.138132
-0.159906
-0.168188
-0.187513
-0.185750
-0.169237
-0.172190
-0.175143
-0.169864
-0.159368
-0.164855
-0.159251
-0.147764
-0.134082
-0.126666
-0.125189
-0.126329
-0.126882
-0.133295
-0.138378
-0.142111
-0.147568
-0.142982
-0.150531
-0.132064
-0.098898
-0.090234
-0.078328
-0.065066
-0.045433
-0.039320
-0.051126
-0.043772
-0.023172
-0.008314
0.001757
0.007617
0.007782
0.000745
0.003836
-0.001458
-0.019467
-0.025930
-0.041444
-0.040076
-0.028088
-0.020212
-0.013965
-0.024891
-0.035479
-0.048058
-0.078517
-0.086662
-0.080910
-0.080579
-0.083234
-0.089129
-0.097380
-0.112363
-0.120466
-0.129213
-0.141195
-0.142058
-0.155133
-0.147638
-0.126030
-0.127466
-0.137035
-0.139072
-0.130213
-0.123969
-0.121688
-0.110798
-0.092805
-0.081040
-0.075259
-0.073067
-0.075475
-0.083345
-0.082139
-0.086160
-0.095708
-0.093074
-0.103565
-0.094831
-0.069861
-0.053937
-0.044782
-0.040372
-0.029210
-0.034338
-0.044082
-0.036478
-0.021456
-0.012257
-0.006307
-0.003899
-0.004417
-0.013720
-0.025795
-0.044557
-0.058146
-0.056091
-0.064954
-0.055888
-0.034650
-0.031636
-0.036159
-0.041064
-0.037463
-0.046895
-0.047306
-0.041985
-0.032251
-0.028370
-0.030193
-0.037910
-0.045499
-0.063030
-0.084150
-0.101604
-0.110951
-0.122189
-0.132340
-0.116652
-0.090630
-0.084114
-0.081826
-0.080097
-0.073374
-0.061957
-0.066993
-0.066306
-0.053170
-0.047272
-0.049059
-0.055896
-0.066943
-0.086279
-0.097649
-0.113328
-0.123815
-0.118890
-0.116633
-0.099116
-0.077852
-0.086488
-0.089439
-0.091537
-0.092895
-0.097914
-0.114427
-0.111448
-0.099890
-0.092426
-0.091569
-0.096553
-0.107294
-0.123860
-0.143150
-0.166977
-0.170576
-0.175617
-0.173976
-0.146255
-0.113044
-0.104462
-0.089917
-0.074396
-0.061137
-0.059841
-0.054035
-0.044104
-0.031434
-0.026898
-0.029788
-0.035224
-0.038696
-0.045935
-0.045325
-0.050781
-0.063990
-0.060328
-0.063088
-0.054653
-0.022563
-0.003005
0.021484
0.019058
-0.003495
-0.041862
-0.090493
-0.108554
-0.113495
-0.126041
-0.143461
-0.165571
-0.190637
-0.227706
-0.272757
-0.312532
-0.336790
-0.367469
-0.377501
-0.368070
-0.355145
-0.351628
-0.347812
-0.329717
-0.302649
-0.280235
-0.273431
-0.265193
-0.253587
-0.240679
-0.232421
-0.223397
-0.213202
-0.206527
-0.199231
-0.191878
-0.170339
-0.149734
-0.128887
-0.079236
-0.041897
-0.009111
0.035615
0.064044
0.082950
0.091556
0.093463
0.102258
0.118515
0.128528
0.134943
0.137687
0.136580
0.129086
0.124289
0.108210
0.092323
0.087394
0.069808
0.060939
0.059726
0.041714
0.029378
0.017766
0.012569
-0.001854
-0.006162
-0.003748
0.002269
0.000413
-0.008391
-0.024819
-0.041269
-0.068890
-0.100708
-0.123543
-0.145012
-0.154028
-0.171168
-0.167567
-0.158902
-0.153953
-0.149290
-0.147217
-0.139941
-0.139976
-0.153039
-0.148249
-0.136432
-0.132501
-0.136098
-0.144007
-0.153645
-0.170895
-0.194800
-0.222883
-0.226674
-0.230068
-0.226934
-0.184105
-0.149001
-0.147134
-0.134718
-0.117940
-0.099973
-0.096038
-0.099441
-0.089331
-0.073919
-0.065416
-0.064007
-0.063164
-0.062402
-0.067846
-0.068232
-0.070190
-0.073283
-0.065460
-0.066942
-0.044641
-0.020138
-0.002743
0.023566
0.031008
0.034550
0.032636
0.014438
0.013345
0.025169
0.030574
0.031873
0.027620
0.015450
-0.007705
-0.034291
-0.058427
-0.067913
-0.065195
-0.072673
-0.056778
-0.041495
-0.058141
-0.061204
-0.058972
-0.055948
-0.056792
-0.054074
-0.050396
-0.043476
-0.043944
-0.051502
-0.057431
-0.065060
-0.080203
-0.092983
-0.108466
-0.110158
-0.111354
-0.114954
-0.093065
-0.064148
-0.059465
-0.045384
-0.029951
-0.013305
-0.019367
-0.030313
-0.023008
-0.008641
-0.001145
0.002078
0.003352
0.002511
-0.009599
-0.022934
-0.041215
-0.049722
-0.057058
-0.068046
-0.050661
-0.040914
-0.057280
-0.063100
-0.066014
-0.066042
-0.082110
-0.089819
-0.088660
-0.084540
-0.088349
-0.098391
-0.103881
-0.112648
-0.133453
-0.155211
-0.175782
-0.183359
-0.177655
-0.175538
-0.156592
-0.127700
-0.126386
-0.115738
-0.098770
-0.079984
-0.079691
-0.072522
-0.061120
-0.056268
-0.054604
-0.055139
-0.053663
-0.050513
-0.054363
-0.055381
-0.062405
-0.058353
-0.056050
-0.060076
-0.030437
-0.008444
-0.008360
0.002343
0.013221
0.019134
0.006489
0.010659
0.019343
0.022908
0.024014
0.022382
0.023387
0.024213
0.013957
0.002662
0.000350
0.003772
0.009953
0.015348
0.018806
0.020306
0.021065
0.021903
0.022979
0.024248
0.025715
0.026837
0.027610
0.027893
0.027155
0.026099
0.023594
0.021343
0.015033
0.001594
-0.001242
0.008884
0.020469
0.024331
0.024853
0.014501
-0.000206
-0.014261
-0.028589
-0.049156
-0.072591
-0.097475
-0.109473
-0.117695
-0.110815
-0.089014
-0.059974
-0.029624
0.001732
0.024752
0.035787
0.048636
0.060148
0.066694
0.068483
0.070313
0.072927
0.075414
0.079139
0.073713
0.084311
0.100852
0.138819
0.170816
0.173458
0.160930
0.131264
0.100081
0.083616
0.060975
0.026073
0.020163
0.031126
0.036873
0.039699
0.035789
0.017881
-0.019455
-0.063074
-0.088156
-0.090740
-0.100268
-0.097878
-0.073707
-0.071670
-0.083746
-0.084430
-0.079927
-0.073071
-0.075526
-0.075987
-0.067386
-0.064302
-0.065291
-0.067384
-0.063761
-0.062232
-0.065209
-0.056987
-0.046314
-0.020707
0.000140
0.017701
0.057028
0.077387
0.099167
0.131604
0.151783
0.160800
0.136237
0.113366
0.118912
0.135410
0.146118
0.156239
0.162868
0.162750
0.154360
0.147054
0.133752
0.125216
0.122748
0.120838
0.131212
0.122821
0.106414
0.099543
0.089101
0.073611
0.037804
0.004937
-0.002375
0.000132
-0.002503
-0.008955
-0.022996
-0.046879
-0.090743
-0.128727
-0.145972
-0.144618
-0.153263
-0.149168
-0.122258
-0.118410
-0.132185
-0.133107
-0.126015
-0.116292
-0.117033
-0.109553
-0.097023
-0.091482
-0.089816
-0.090255
-0.088586
-0.088256
-0.091559
-0.083228
-0.075272
-0.048657
-0.026599
-0.010806
0.034123
0.057683
0.082995
0.118218
0.144404
0.156676
0.133369
0.113996
0.124015
0.132956
0.142677
0.154712
0.163118
0.164136
0.156571
0.145248
0.126380
0.116677
0.114140
0.104350
0.106317
0.094821
0.073806
0.065267
0.057082
0.044999
0.011788
-0.007844
-0.009168
-0.015764
-0.023544
-0.032571
-0.041254
-0.052324
-0.067549
-0.085006
-0.094993
-0.090169
-0.092959
-0.082965
-0.049587
-0.035764
-0.040353
-0.032683
-0.022293
-0.013506
-0.020258
-0.013194
-0.000800
0.015843
0.025808
0.029260
0.029982
0.025635
0.012810
0.004939
-0.007385
-0.003039
-0.003569
-0.007800
0.017120
0.037387
0.030747
0.039156
0.050390
0.057098
0.041967
0.048465
0.060007
0.076322
0.086190
0.090897
0.089676
0.083836
0.067560
0.053639
0.034777
0.027811
0.018773
0.004100
0.018693
0.028138
0.009507
0.007151
0.008591
0.011080
-0.005544
-0.004658
0.001904
0.000551
-0.003066
-0.008380
-0.008344
-0.009057
-0.018378
-0.024826
-0.029719
-0.029178
-0.025811
-0.030051
-0.006314
-0.001816
-0.012325
-0.009443
-0.004071
-0.005576
-0.025094
-0.022774
-0.016381
-0.018259
-0.021222
-0.024854
-0.025393
-0.027311
-0.037670
-0.044549
-0.055002
-0.053972
-0.059265
-0.071164
-0.052357
-0.044156
-0.054967
-0.052206
-0.045507
-0.035402
-0.043708
-0.037690
-0.028740
-0.027354
-0.026779
-0.026247
-0.021861
-0.019721
-0.024610
-0.023549
-0.027150
-0.015308
-0.009155
-0.006111
0.026132
0.042286
0.043881
0.056225
0.069888
0.076346
0.078609
0.070029
0.078491
0.079941
0.084364
0.092000
0.100092
0.103111
0.091200
0.082116
0.080825
0.083130
0.086705
0.080537
0.086190
0.088847
0.096300
0.120856
0.128166
0.122902
0.098946
0.069385
0.063074
0.069802
0.069895
0.066410
0.055111
0.032787
-0.004246
-0.044765
-0.088012
-0.100157
-0.095507
-0.089142
-0.064455
-0.056810
-0.080581
-0.090563
-0.091270
-0.086348
-0.091990
-0.091257
-0.080680
-0.075752
-0.074135
-0.074725
-0.070775
-0.064889
-0.062403
-0.049429
-0.036596
-0.012937
0.010782
0.020972
0.042847
0.053667
0.057156
0.080216
0.108322
0.130084
0.118368
0.105103
0.113951
0.122816
0.135328
0.152535
0.171023
0.181953
0.179561
0.175603
0.170904
0.175304
0.177244
0.168084
0.190726
0.197502
0.191347
0.191869
0.189025
0.176394
0.120577
0.092890
0.078502
0.056829
0.032745
0.007818
-0.008969
-0.030751
-0.063687
-0.092742
-0.114756
-0.104438
-0.083206
-0.076595
-0.051504
-0.032238
-0.042361
-0.038357
-0.027945
-0.015381
-0.020421
-0.021861
-0.009431
0.009477
0.023095
0.033694
0.040366
0.042246
0.040228
0.046263
0.045322
0.048600
0.056494
0.051085
0.055749
0.055788
0.041499
0.047516
0.054620
0.060669
0.046752
0.037114
0.042789
0.054956
0.061071
0.063930
0.063105
0.054798
0.035872
0.019968
0.003260
-0.004962
-0.017740
-0.033000
-0.017870
-0.013475
-0.029433
-0.033018
-0.034478
-0.032998
-0.050168
-0.050786
-0.045637
-0.048727
-0.053900
-0.060015
-0.058625
-0.059212
-0.068070
-0.071449
-0.077149
-0.067114
-0.062643
-0.062609
-0.030314
-0.014943
-0.013817
-0.001767
0.012942
0.021738
0.009150
0.019301
0.031838
0.043563
0.053127
0.060607
0.064727
0.065889
0.060647
0.059618
0.051268
0.046816
0.040139
0.022195
0.043004
0.055070
0.046173
0.051836
0.050549
0.042268
0.016538
-0.013538
-0.019693
-0.012964
-0.012630
-0.015911
-0.022200
-0.033584
-0.056230
-0.075871
-0.095917
-0.090285
-0.073796
-0.060477
-0.027822
-0.016958
-0.022300
-0.018308
-0.009994
-0.004368
-0.014562
-0.019874
-0.011496
0.003607
0.013662
0.020745
0.025108
0.026163
0.013789
0.005868
0.001207
0.007818
0.021314
0.023980
0.037776
0.047260
0.043276
0.058192
0.076180
0.087708
0.081264
0.079726
0.091039
0.110901
0.125889
0.139132
0.145989
0.144831
0.136404
0.132474
0.118693
0.102547
0.091558
0.078998
0.095011
0.102270
0.102445
0.117536
0.113698
0.095510
0.062780
0.053952
0.051371
0.039452
0.025433
0.010488
-0.001724
-0.019581
-0.051812
-0.087508
-0.123288
-0.119902
-0.104928
-0.099300
-0.076274
-0.069728
-0.087004
-0.095255
-0.097184
-0.093906
-0.102704
-0.104569
-0.096943
-0.095140
-0.096251
-0.099734
-0.100251
-0.098980
-0.101162
-0.095832
-0.090072
-0.073585
-0.061115
-0.061042
-0.034689
-0.026797
-0.034733
-0.027333
-0.019302
-0.018836
-0.034561
-0.024293
-0.012282
-0.008612
-0.004322
0.000823
0.005164
0.009002
-0.001262
-0.011338
-0.016417
-0.010398
0.001703
0.000858
0.023869
0.027920
0.017107
0.015642
0.021632
0.022742
0.009666
0.019831
0.031939
0.036265
0.041500
0.047398
0.053181
0.059625
0.059542
0.062818
0.059385
0.053650
0.052770
0.040903
0.041229
0.041919
0.036463
0.046556
0.055907
0.059663
0.041314
0.033735
0.037528
0.050490
0.056489
0.056995
0.048868
0.032101
0.003700
-0.023914
-0.053582
-0.056659
-0.051275
-0.048731
-0.028434
-0.022851
-0.040515
-0.048064
-0.050408
-0.047284
-0.055786
-0.057547
-0.050808
-0.050426
-0.053197
-0.057965
-0.055238
-0.053606
-0.057484
-0.053365
-0.048258
-0.031271
-0.022970
-0.021690
0.013890
0.031328
0.049817
0.084055
0.104836
0.109779
0.091373
0.071309
0.077851
0.097397
0.110764
0.122802
0.131144
0.128784
0.119454
0.115476
0.100400
0.088334
0.085998
0.078679
0.081494
0.076661
0.064166
0.067336
0.065008
0.052936
0.029907
-0.000535
-0.007366
-0.000994
-0.000298
-0.003698
-0.008990
-0.019441
-0.037262
-0.050154
-0.060318
-0.058378
-0.053705
-0.056220
-0.039060
-0.034870
-0.055802
-0.057741
-0.052856
-0.047366
-0.060155
-0.053121
-0.042966
-0.041576
-0.041190
-0.040814
-0.039109
-0.036484
-0.038460
-0.031299
-0.028600
-0.018782
-0.015094
-0.019616
0.007175
0.020670
0.020139
0.032933
0.045438
0.052224
0.037086
0.029053
0.038253
0.055782
0.068008
0.078490
0.085595
0.084378
0.063942
0.040917
0.023798
0.020856
0.016101
0.006690
0.027399
0.032515
0.019713
0.017667
0.015684
0.010834
-0.009195
-0.013626
-0.011945
-0.005689
-0.006645
-0.012375
-0.015015
-0.024078
-0.043122
-0.058172
-0.074813
-0.067452
-0.049773
-0.042855
-0.018640
-0.002868
-0.013315
-0.010155
-0.000272
0.011148
0.002890
-0.002698
0.007399
0.024498
0.036302
0.045386
0.050609
0.047557
0.038112
0.035371
0.029078
0.028120
0.027938
0.017954
0.035583
0.039269
0.019908
0.018674
0.021069
0.016854
-0.004442
-0.001143
0.005808
0.014795
0.018761
0.018867
0.016926
0.010153
-0.005049
-0.013541
-0.021476
-0.018294
-0.021249
-0.023308
0.002653
0.016057
0.023840
0.043215
0.054399
0.056089
0.039093
0.027997
0.034013
0.047323
0.054471
0.059470
0.063609
0.059344
0.045370
0.036457
0.026513
0.036277
0.053994
0.063942
0.092062
0.098112
0.092635
0.098454
0.098050
0.089659
0.063367
0.036236
0.030190
0.036819
0.037742
0.036655
0.032815
0.025739
0.011959
0.002831
-0.006068
0.001881
0.013172
0.019149
0.043344
0.049741
0.043200
0.048529
0.049501
0.041055
0.023076
-0.000577
-0.004504
0.003170
0.005255
0.005144
0.007077
0.008596
0.005385
0.009557
0.009372
0.023031
0.039404
0.046475
0.063011
0.070448
0.072566
0.088254
0.097842
0.098400
0.077174
0.063831
0.067921
0.079436
0.085956
0.091555
0.095866
0.094558
0.086137
0.083792
0.074786
0.070814
0.072124
0.063803
0.062163
0.050125
0.033085
0.031550
0.026543
0.016214
-0.005264
-0.033963
-0.041556
-0.036122
-0.036148
-0.039113
-0.045647
-0.055713
-0.073911
-0.087123
-0.095558
-0.083422
-0.066214
-0.056806
-0.031822
-0.021454
-0.013914
0.008219
0.017261
0.010693
-0.009500
-0.022170
-0.020311
-0.012353
-0.010143
-0.010576
-0.010047
-0.011576
-0.024901
-0.034517
-0.039107
-0.031363
-0.022060
-0.019656
0.008847
0.017582
0.024257
0.044828
0.051409
0.044856
0.017548
-0.004103
-0.007247
-0.002776
-0.004414
-0.009176
-0.012387
-0.018907
-0.035968
-0.047804
-0.063823
-0.064824
-0.065413
-0.069306
-0.049924
-0.035989
-0.045940
-0.046798
-0.042456
-0.035467
-0.044672
-0.046152
-0.039185
-0.027804
-0.022233
-0.020904
-0.023266
-0.029201
-0.043019
-0.048121
-0.055191
-0.055997
-0.056958
-0.064752
-0.043658
-0.031033
-0.041651
-0.040480
-0.035996
-0.029895
-0.042096
-0.047494
-0.040799
-0.028978
-0.022741
-0.019466
-0.017619
-0.018734
-0.028900
-0.030688
-0.036259
-0.036462
-0.036023
-0.043018
-0.021615
-0.010391
-0.019079
-0.016586
-0.010593
-0.003467
-0.015469
-0.037626
-0.036186
-0.021795
-0.013295
-0.006938
-0.004768
-0.007293
-0.019978
-0.025668
-0.036098
-0.033456
-0.030491
-0.028039
0.002746
0.020464
0.032294
0.058742
0.070411
0.068531
0.048509
0.021371
0.019953
0.031011
0.036048
0.038871
0.038741
0.030869
0.015904
0.009509
0.000099
-0.004166
-0.006473
-0.014530
0.007593
0.021024
0.026259
0.046320
0.052129
0.047198
0.028459
-0.000974
-0.006677
0.000746
0.002392
0.001221
-0.003133
-0.011647
-0.027674
-0.032711
-0.036806
-0.024939
-0.004260
0.009768
0.045514
0.067261
0.071646
0.089253
0.103943
0.109941
0.101155
0.086699
0.087780
0.100585
0.107216
0.112027
0.115386
0.110357
0.100013
0.099933
0.095574
0.088257
0.092951
0.092158
0.104316
0.109804
0.105631
0.113042
0.114264
0.108919
0.069828
0.041317
0.038061
0.041484
0.039090
0.035232
0.032601
0.030200
0.020282
0.021459
0.017620
0.018006
0.024279
0.014505
0.033576
0.039944
0.027743
0.030103
0.031722
0.032723
0.020762
-0.004780
-0.007827
0.001827
0.005962
0.008063
0.008056
0.004759
-0.002037
0.002487
0.004487
0.006622
0.019453
0.022587
0.038236
0.050829
0.062604
0.088517
0.101102
0.103579
0.083062
0.056891
0.055676
0.066135
0.070610
0.073924
0.075941
0.073539
0.065499
0.065175
0.058710
0.050833
0.054310
0.050996
0.061420
0.068887
0.063587
0.071784
0.075850
0.073089
0.056385
0.028672
0.023913
0.031210
0.032754
0.032235
0.029484
0.022866
0.010119
0.004014
-0.006593
-0.011752
-0.016047
-0.027132
-0.010653
0.000286
0.001939
0.018419
0.022375
0.016957
-0.000802
-0.024090
-0.024193
-0.016463
-0.015536
-0.018273
-0.025006
-0.036552
-0.056459
-0.071656
-0.089597
-0.086622
-0.081475
-0.074694
-0.044349
-0.026286
-0.016907
0.006190
0.014621
0.008082
-0.007633
-0.035176
-0.040160
-0.033315
-0.032649
-0.035498
-0.041369
-0.052062
-0.065901
-0.069148
-0.074027
-0.068197
-0.061719
-0.059612
-0.032007
-0.012928
-0.001271
0.025342
0.037100
0.034945
0.021442
0.003437
0.006703
0.017364
0.021215
0.021657
0.019356
0.010400
-0.005147
-0.013339
-0.026078
-0.031055
-0.032769
-0.041609
-0.022508
-0.009904
-0.006035
0.013069
0.017918
0.013431
-0.003882
-0.034407
-0.042202
-0.037124
-0.037357
-0.040893
-0.048027
-0.058396
-0.075938
-0.085699
-0.094193
-0.083309
-0.062771
-0.048889
-0.017919
-0.003039
0.006326
0.029190
0.040635
0.039166
0.026628
0.003754
0.001492
0.010618
0.013873
0.014704
0.014282
0.010106
0.002295
0.006683
0.004622
0.004143
0.013129
0.009861
0.020335
0.031744
0.042413
0.068888
0.082723
0.085948
0.072276
0.046633
0.043781
0.053872
0.058276
0.060547
0.060382
0.055207
0.043922
0.041243
0.034065
0.027863
0.033292
0.029459
0.036807
0.039877
0.032006
0.038769
0.042496
0.041820
0.027445
-0.000024
-0.005583
0.001101
0.002301
0.001404
-0.001037
-0.005666
-0.013849
-0.013559
-0.017828
-0.018434
-0.017679
-0.025270
-0.007339
0.006199
0.012245
0.028472
0.031864
0.025123
0.006198
-0.016488
-0.016917
-0.008662
-0.006189
-0.005895
-0.008283
-0.016846
-0.033201
-0.047137
-0.066334
-0.068764
-0.066886
-0.071560
-0.050565
-0.034787
-0.043824
-0.044898
-0.040565
-0.031237
-0.039644
-0.049384
-0.043405
-0.031365
-0.025573
-0.022926
-0.021522
-0.022281
-0.030843
-0.030396
-0.033675
-0.032159
-0.029539
-0.034105
-0.011312
0.001724
0.006996
0.026980
0.032450
0.027088
0.008748
-0.016502
-0.018235
-0.010087
-0.008228
-0.008826
-0.012236
-0.019863
-0.035028
-0.045200
-0.058065
-0.057606
-0.052687
-0.051525
-0.025374
-0.008389
0.000144
0.021960
0.030542
0.028136
0.012257
-0.007910
-0.006269
0.002676
0.007590
0.008506
0.006254
-0.002196
-0.015550
-0.023938
-0.037688
-0.039505
-0.035633
-0.038757
-0.016899
-0.003246
-0.011444
-0.009826
-0.009789
-0.007269
-0.015168
-0.036349
-0.037889
-0.027718
-0.023250
-0.021070
-0.019950
-0.020250
-0.022366
-0.011559
-0.002182
0.006330
0.024066
0.027894
0.040529
0.053010
0.065195
0.088931
0.097805
0.097559
0.066313
0.043612
0.046360
0.056088
0.058617
0.060022
0.060286
0.056663
0.043622
0.028378
0.000312
-0.026225
-0.039299
-0.054162
-0.051814
-0.044409
-0.056632
-0.064519
-0.067166
-0.056186
-0.063087
-0.084249
-0.080775
-0.064007
-0.052441
-0.044413
-0.039913
-0.042203
-0.053684
-0.057135
-0.058121
-0.052715
-0.041206
-0.038089
-0.022339
-0.003564
0.011588
0.039658
0.057502
0.068777
0.072134
0.064302
0.074634
0.094179
0.106666
0.115569
0.121783
0.118022
0.108753
0.110935
0.108963
0.100856
0.110214
0.113861
0.122025
0.128443
0.124461
0.118969
0.106166
0.097776
0.079253
0.041972
0.028755
0.027504
0.019768
0.010798
-0.000349
-0.008794
-0.026099
-0.042420
-0.059161
-0.062877
-0.067033
-0.073600
-0.057363
-0.034494
-0.035342
-0.025544
-0.012060
0.001594
0.005030
-0.003995
0.008501
0.030169
0.047199
0.059675
0.068663
0.070670
0.068026
0.077551
0.083659
0.083187
0.096748
0.097944
0.101169
0.105364
0.099359
0.094178
0.080462
0.074039
0.051957
0.009320
-0.006663
-0.008389
-0.015205
-0.022622
-0.032769
-0.042531
-0.060943
-0.077231
-0.099682
-0.106171
-0.110691
-0.117769
-0.098891
-0.077292
-0.080394
-0.078284
-0.066098
-0.046091
-0.042909
-0.047453
-0.030637
-0.005471
0.015905
0.032472
0.042388
0.046569
0.045362
0.053807
0.058112
0.059905
0.074341
0.073377
0.082744
0.100890
0.104608
0.111114
0.109886
0.115015
0.098356
0.064300
0.057358
0.064778
0.067000
0.068417
0.067137
0.062739
0.047642
0.031724
0.005555
-0.007014
-0.005063
-0.016571
-0.012885
-0.006601
-0.019318
-0.022207
-0.022804
-0.018442
-0.022664
-0.042869
-0.042205
-0.028536
-0.020259
-0.015492
-0.014217
-0.017736
-0.027414
-0.024752
-0.021895
-0.016926
0.001899
0.007683
0.024469
0.040212
0.051239
0.071146
0.079417
0.079377
0.059387
0.037982
0.021460
0.025640
0.026969
0.029688
0.032687
0.029271
0.009426
-0.015480
-0.033291
-0.042404
-0.048401
-0.057486
-0.036581
-0.016694
-0.016046
-0.013867
-0.019196
-0.018817
-0.020274
-0.035425
-0.033049
-0.020313
-0.011820
-0.010598
-0.015104
-0.028737
-0.048457
-0.062111
-0.079646
-0.083499
-0.080331
-0.082981
-0.064415
-0.045125
-0.037425
-0.018643
-0.010144
-0.007249
-0.017027
-0.035082
-0.032392
-0.021912
-0.015382
-0.014370
-0.018033
-0.026901
-0.041166
-0.048509
-0.062694
-0.070434
-0.069186
-0.074321
-0.057756
-0.041052
-0.048442
-0.049920
-0.051507
-0.045816
-0.045267
-0.052991
-0.044119
-0.028165
-0.018382
-0.010889
-0.005117
-0.005257
-0.011459
-0.005865
-0.001628
0.005870
0.027498
0.032765
0.043908
0.059917
0.061542
0.076277
0.088422
0.096386
0.079455
0.062373
0.067506
0.080775
0.088103
0.094298
0.099250
0.097161
0.088210
0.070804
0.052185
0.048871
0.058880
0.054545
0.053215
0.057077
0.044893
0.035702
0.021923
0.014477
0.000125
-0.021907
-0.023184
-0.016050
-0.014857
-0.015347
-0.017642
-0.023045
-0.032864
-0.037928
-0.044467
-0.049746
-0.053200
-0.062758
-0.047026
-0.027593
-0.018048
-0.002725
0.000191
-0.000977
-0.010848
-0.029469
-0.026762
-0.014014
-0.005609
0.000073
0.001774
-0.003666
-0.015785
-0.022844
-0.037200
-0.044439
-0.043905
-0.050166
-0.028971
-0.008763
-0.014453
-0.007605
-0.001338
0.003023
-0.004790
-0.029328
-0.031766
-0.020944
-0.015303
-0.012219
-0.012029
-0.015493
-0.022178
-0.017843
-0.015128
-0.010931
0.006671
0.008496
0.020445
0.034523
0.044745
0.067662
0.077859
0.077746
0.055430
0.033732
0.036204
0.031196
0.027935
0.027606
0.028975
0.026680
0.009521
-0.009722
-0.029538
-0.038471
-0.038351
-0.046247
-0.027533
-0.017691
-0.019759
-0.011967
-0.017428
-0.026938
-0.042444
-0.066571
-0.071572
-0.067108
-0.065459
-0.069441
-0.078992
-0.094165
-0.116296
-0.133707
-0.151647
-0.153736
-0.143934
-0.130291
-0.100046
-0.066571
-0.057147
-0.043233
-0.024469
-0.003247
0.002944
0.006442
0.022429
0.046597
0.064267
0.076951
0.086413
0.089542
0.087871
0.083388
0.085901
0.095353
0.116960
0.124454
0.126574
0.136591
0.130998
0.131458
0.124614
0.122267
0.101062
0.077835
0.076312
0.083692
0.085279
0.085724
0.082937
0.069881
0.037811
0.001947
-0.028037
-0.046277
-0.062198
-0.078779
-0.068969
-0.056288
-0.069715
-0.075819
-0.075086
-0.068736
-0.076830
-0.093592
-0.089070
-0.074394
-0.064273
-0.063450
-0.071501
-0.087443
-0.108856
-0.124710
-0.141776
-0.129256
-0.106920
-0.083322
-0.037818
-0.006200
0.017587
0.053474
0.079182
0.093441
0.085217
0.079003
0.075997
0.091628
0.105770
0.117510
0.128375
0.133274
0.132100
0.138293
0.137185
0.131838
0.137720
0.136774
0.143131
0.145007
0.139131
0.136719
0.124828
0.115771
0.092983
0.056558
0.044686
0.045403
0.040170
0.033408
0.024008
0.013377
-0.010052
-0.033973
-0.049744
-0.053029
-0.062036
-0.066204
-0.049875
-0.034482
-0.029866
-0.011839
-0.001713
0.001828
-0.002639
-0.016645
-0.010926
0.002798
0.012089
0.014495
0.011238
-0.002640
-0.021898
-0.030802
-0.041781
-0.046018
-0.042035
-0.037343
-0.005580
0.010827
0.020481
0.043531
0.055363
0.058658
0.045205
0.026990
0.028758
0.039101
0.043625
0.043348
0.040068
0.030741
0.017913
0.014127
0.006566
0.001774
0.009542
0.010097
0.019951
0.027426
0.022476
0.031801
0.040618
0.045466
0.030940
0.008367
0.007086
0.017616
0.022604
0.026364
0.029853
0.028580
0.022754
0.028402
0.031049
0.039880
0.057934
0.061893
0.072033
0.077503
0.085989
0.107809
0.115399
0.110914
0.082369
0.058915
0.040715
0.042652
0.042016
0.043227
0.044578
0.037611
0.014603
-0.011454
-0.033979
-0.047110
-0.055979
-0.067379
-0.051550
-0.042726
-0.054672
-0.057335
-0.058259
-0.055258
-0.065449
-0.081760
-0.077458
-0.063943
-0.054400
-0.050761
-0.054608
-0.066139
-0.083468
-0.093644
-0.104951
-0.095739
-0.084718
-0.073757
-0.033426
-0.006190
0.016434
0.051747
0.075948
0.089431
0.087224
0.074753
0.080530
0.098024
0.109244
0.119579
0.129961
0.134681
0.136767
0.153285
0.166507
0.167868
0.179053
0.186216
0.191691
0.197649
0.196690
0.194007
0.180451
0.171900
0.143981
0.106452
0.095917
0.098380
0.094796
0.091198
0.089778
0.086977
0.072255
0.053874
0.020442
-0.001883
-0.004251
-0.017702
-0.006827
0.004206
-0.012744
-0.021687
-0.020259
-0.010581
-0.020113
0.002437
0.014101
0.024499
0.031919
0.034646
0.034643
0.030576
0.023820
0.016025
0.008399
0.001578
-0.003826
-0.005722
-0.003235
-0.001126
0.000766
0.003733
0.007048
0.004525
-0.008717
-0.017613
-0.021023
-0.032889
-0.077123
-0.148105
-0.192198
-0.236025
-0.291923
-0.345668
-0.398436
-0.394325
-0.365390
-0.347347
-0.347521
-0.341936
-0.313501
-0.285878
-0.293578
-0.295106
-0.306394
-0.325490
-0.334216
-0.327897
-0.295018
-0.279065
-0.280397
-0.276770
-0.274003
-0.275898
-0.289281
-0.302767
-0.309875
-0.316651
-0.322847
-0.324332
-0.323982
-0.308809
-0.240213
-0.201113
-0.168349
-0.135516
-0.087153
-0.045054
-0.016131
-0.002286
0.011503
0.054455
0.088210
0.104812
0.113148
0.138299
0.158310
0.169899
0.167830
0.162455
0.158272
0.164724
0.186014
0.217186
0.239610
0.259254
0.283957
0.294238
0.312248
0.327863
0.336112
0.339347
0.332047
0.324902
0.326490
0.347439
0.346231
0.320137
0.323527
0.344972
0.349179
0.329211
0.289244
0.236417
0.188012
0.174297
0.195772
0.221989
0.234825
0.241472
0.250722
0.262889
0.269979
0.278967
0.269573
0.224431
0.183995
0.136283
0.113955
0.106788
0.087245
0.049708
-0.003546
-0.074188
-0.133660
-0.166946
-0.158150
-0.140033
-0.104104
-0.060540
-0.011543
0.034003
0.072839
0.116936
0.174286
0.174323
0.162941
0.166828
0.182339
0.200939
0.211416
0.202988
0.175378
0.152487
0.160465
0.183272
0.214552
0.236698
0.257584
0.297206
0.322482
0.350804
0.374619
0.401690
0.407724
0.378171
0.354355
0.322417
0.313741
0.308099
0.289717
0.252479
0.198596
0.148117
0.108625
0.069481
0.057208
0.053202
0.045359
0.059088
0.059691
0.053795
0.040563
0.032762
0.041966
0.044431
0.028625
0.026793
0.031862
0.037728
0.036890
0.014325
-0.025143
-0.056210
-0.076827
-0.096009
-0.087878
-0.078826
-0.059018
-0.017609
0.020628
0.052762
0.088783
0.133982
0.182996
0.176742
0.167510
0.160176
0.173730
0.184282
0.189262
0.188868
0.176386
0.149156
0.119917
0.097248
0.093654
0.104348
0.105233
0.131544
0.145881
0.136364
0.136711
0.137182
0.137754
0.117979
0.098336
0.094235
0.098714
0.097723
0.092607
0.090113
0.083379
0.058337
0.030990
0.009574
0.006176
0.006263
0.001216
0.025030
0.036985
0.038257
0.053401
0.056395
0.053327
0.042453
0.017561
0.013156
0.020580
0.022482
0.020192
0.014816
0.007520
-0.007389
-0.013318
-0.020658
-0.017347
-0.008445
-0.007521
0.013251
0.025394
0.030043
0.046989
0.051885
0.049535
0.034757
0.016204
0.019085
0.029593
0.035821
0.037444
0.035597
0.025284
0.007228
-0.004464
-0.021815
-0.033675
-0.037010
-0.042061
-0.022898
-0.013332
-0.013771
-0.000801
0.003892
-0.002165
-0.020182
-0.042353
-0.043771
-0.038139
-0.035951
-0.038656
-0.045274
-0.059899
-0.080430
-0.095435
-0.111358
-0.105255
-0.098806
-0.089889
-0.060504
-0.040056
-0.029280
-0.006757
0.006989
0.010981
-0.005454
-0.016786
-0.012439
-0.002486
0.002548
0.005879
0.008906
0.007052
-0.006751
-0.010485
-0.015166
-0.012748
0.004041
0.012598
0.043309
0.057561
0.051064
0.054340
0.060252
0.064638
0.041534
0.022170
0.024618
0.035259
0.040400
0.043391
0.044080
0.039371
0.018730
-0.004301
-0.021105
-0.019373
-0.003883
0.001499
0.023952
0.037263
0.031044
0.034234
0.040043
0.048607
0.043930
0.026261
0.027109
0.040314
0.047509
0.050947
0.050162
0.039786
0.013783
-0.011039
-0.031553
-0.027527
-0.014297
-0.007279
0.026601
0.049100
0.060948
0.085311
0.097982
0.103636
0.088377
0.072639
0.060347
0.069713
0.078301
0.082501
0.083233
0.075938
0.060977
0.051528
0.036079
0.025798
0.027883
0.023921
0.034294
0.041578
0.047464
0.068180
0.077063
0.077133
0.053355
0.026862
0.022408
0.029636
0.030876
0.029418
0.024855
0.016594
-0.008424
-0.032391
-0.050668
-0.045657
-0.033688
-0.024985
0.009671
0.024812
0.032168
0.052212
0.061686
0.059991
0.046460
0.026734
0.027227
0.034340
0.037697
0.036350
0.030042
0.018687
0.001256
-0.010169
-0.027315
-0.030708
-0.027092
-0.031975
-0.010740
0.007879
0.001960
0.010082
0.019746
0.027306
0.019416
-0.001629
-0.000920
0.013704
0.023953
0.032403
0.038941
0.040276
0.028587
0.023920
0.015646
0.016205
0.030446
0.032202
0.055010
0.066061
0.072945
0.092398
0.098238
0.096257
0.081247
0.060762
0.061426
0.072283
0.078096
0.081080
0.076578
0.066015
0.039091
0.010769
-0.017423
-0.031654
-0.032185
-0.037302
-0.020310
-0.017818
-0.029111
-0.030203
-0.035599
-0.038562
-0.053676
-0.079217
-0.087116
-0.084237
-0.084923
-0.088720
-0.094048
-0.102087
-0.124592
-0.142340
-0.144107
-0.122579
-0.102262
-0.083158
-0.048640
-0.020264
-0.013648
0.000960
0.020902
0.042476
0.048827
0.047770
0.055429
0.076988
0.096188
0.112225
0.125279
0.130607
0.133225
0.150747
0.163550
0.160930
0.164156
0.168080
0.165776
0.165278
0.159893
0.165724
0.163067
0.154847
0.115129
0.079560
0.071851
0.072534
0.067185
0.061017
0.053547
0.038768
0.007626
-0.024742
-0.050439
-0.058741
-0.064471
-0.074847
-0.064799
-0.057700
-0.071129
-0.076641
-0.070297
-0.054296
-0.052555
-0.057249
-0.042852
-0.019888
-0.000391
0.015542
0.023376
0.023388
0.017454
0.025397
0.030587
0.035743
0.052142
0.061968
0.076010
0.083726
0.093590
0.116132
0.127238
0.129545
0.108330
0.083971
0.061080
0.063896
0.065703
0.071178
0.078119
0.076691
0.059686
0.041164
0.020546
0.014004
0.020833
0.018020
0.028287
0.033252
0.034734
0.051055
0.059494
0.056564
0.036495
0.019087
0.017954
0.023746
0.024903
0.024876
0.026648
0.024822
0.010223
0.005220
-0.000283
0.002733
0.019992
0.027486
0.048124
0.057324
0.060673
0.078640
0.085254
0.082533
0.067600
0.048836
0.047467
0.054624
0.058439
0.059379
0.056639
0.043735
0.016277
-0.008977
-0.031129
-0.038846
-0.034710
-0.032692
-0.005967
0.003037
0.004171
0.019275
0.024582
0.020744
0.005199
-0.017434
-0.022396
-0.016769
-0.016684
-0.021348
-0.029353
-0.044109
-0.061476
-0.065978
-0.068018
-0.057574
-0.043019
-0.035756
-0.004403
0.017782
0.033057
0.062024
0.081017
0.087436
0.068649
0.053216
0.040558
0.048851
0.054706
0.062555
0.071008
0.070884
0.059309
0.051647
0.046371
0.047049
0.060604
0.068482
0.091245
0.108927
0.124488
0.155473
0.173537
0.179525
0.162286
0.146881
0.133389
0.140652
0.145146
0.150947
0.156598
0.154013
0.137839
0.119078
0.098659
0.088258
0.092459
0.089797
0.099679
0.105790
0.105232
0.117184
0.120359
0.118068
0.097440
0.073273
0.054545
0.056444
0.057487
0.056826
0.053005
0.038568
0.007511
-0.023911
-0.051526
-0.061438
-0.057019
-0.057859
-0.039662
-0.032448
-0.047414
-0.053568
-0.050358
-0.043066
-0.049927
-0.054467
-0.046363
-0.029607
-0.019941
-0.015660
-0.014341
-0.015255
-0.024953
-0.019408
-0.011869
0.002045
0.028890
0.044616
0.067625
0.088570
0.113414
0.154154
0.181825
0.201829
0.195837
0.193286
0.186167
0.201982
0.215797
0.232152
0.249657
0.253501
0.236391
0.207544
0.189756
0.201627
0.212636
0.220481
0.237062
0.239235
0.236223
0.235812
0.223317
0.205973
0.162900
0.111505
0.085409
0.074845
0.059317
0.042617
0.027584
0.014613
-0.007043
-0.017010
-0.023297
-0.016692
-0.007879
-0.009006
0.007525
0.012941
0.016188
0.030380
0.036453
0.035908
0.024226
0.009792
0.000308
0.007443
0.011419
0.015731
0.019348
0.013737
-0.004236
-0.020245
-0.028885
-0.032087
-0.023214
-0.021028
-0.011457
-0.006322
-0.018200
-0.019271
-0.014819
-0.006953
-0.015964
-0.031788
-0.027958
-0.014035
-0.002918
0.002414
0.003203
-0.003309
-0.026223
-0.045270
-0.060038
-0.060436
-0.057549
-0.060878
-0.039078
-0.026855
-0.032278
-0.026297
-0.014506
-0.001914
-0.003354
-0.009877
0.001546
0.024326
0.042746
0.057304
0.067220
0.067111
0.061237
0.068432
0.071300
0.066525
0.075083
0.080976
0.098374
0.112051
0.125102
0.153430
0.168658
0.172472
0.153506
0.136353
0.121194
0.127398
0.129267
0.132024
0.134742
0.132237
0.114303
0.091913
0.066535
0.052593
0.054395
0.051130
0.057389
0.054551
0.044599
0.047362
0.046222
0.042148
0.027209
-0.002996
-0.013511
-0.011769
-0.014584
-0.019542
-0.026016
-0.033647
-0.055846
-0.070328
-0.075863
-0.062729
-0.041858
-0.029416
0.006724
0.033765
0.049337
0.075713
0.089452
0.094446
0.078947
0.063541
0.049392
0.056186
0.060325
0.066145
0.073592
0.074135
0.061677
0.054200
0.049339
0.040828
0.050126
0.056474
0.075643
0.091563
0.092473
0.105962
0.116880
0.127374
0.117746
0.094631
0.087344
0.092860
0.093292
0.092000
0.087513
0.077386
0.051398
0.028041
0.007224
-0.000107
0.010218
0.011110
0.020886
0.031811
0.033685
0.047385
0.051757
0.052618
0.047023
0.025724
0.023438
0.031337
0.034200
0.034898
0.033732
0.028111
0.010664
0.001971
-0.000707
0.003163
0.023410
0.032828
0.050027
0.065117
0.071645
0.091369
0.099009
0.100199
0.080137
0.056873
0.036358
0.036334
0.034708
0.034930
0.035924
0.032727
0.013091
-0.005640
-0.016972
-0.027819
-0.022063
-0.017151
0.011090
0.032322
0.029600
0.033787
0.042652
0.057475
0.060878
0.047852
0.048020
0.060479
0.067114
0.071404
0.073360
0.067989
0.048745
0.031381
0.024153
0.031756
0.056999
0.072028
0.095482
0.116971
0.134238
0.163925
0.182916
0.196774
0.184675
0.172125
0.157726
0.164792
0.168565
0.173829
0.181104
0.183556
0.172449
0.147051
0.122461
0.115633
0.127004
0.128084
0.122034
0.114879
0.096677
0.088006
0.077961
0.069044
0.042156
-0.003252
-0.025446
-0.035089
-0.049755
-0.065554
-0.078353
-0.087075
-0.110708
-0.127913
-0.129860
-0.110768
-0.091804
-0.075002
-0.043504
-0.014459
0.004422
0.032970
0.053585
0.069344
0.076224
0.074999
0.070088
0.085485
0.098189
0.110854
0.123816
0.129677
0.124919
0.129465
0.140895
0.148688
0.155412
0.170382
0.183448
0.197071
0.207450
0.229465
0.239620
0.246316
0.228504
