0.940457
0.975692
1.007643
1.026028
1.033983
1.035325
1.035287
1.033109
1.043038
0.997483
0.922729
0.836050
0.747204
0.715670
0.725718
0.756589
0.789726
0.806958
0.802639
0.759947
0.769347
0.894479
1.055273
1.206954
1.356869
1.491552
1.564045
1.515815
1.390673
1.232602
1.059009
0.891535
0.754204
0.705099
0.758761
0.830402
0.916610
0.964056
0.956313
0.881551
0.758967
0.727311
0.805056
0.902436
0.989783
1.040332
1.098491
1.152468
1.197460
1.234163
1.251943
1.258615
1.256648
1.343384
1.463910
1.571956
1.586359
1.575066
1.550954
1.513374
1.464918
1.455784
1.329626
1.118067
1.126255
1.256034
1.353791
1.425162
1.482358
1.500517
1.514470
1.515598
1.510810
1.541616
1.613604
1.717939
1.827748
1.924456
1.995690
2.036485
1.953042
1.757329
1.581373
0.900000
0.944518
0.984032
1.016949
1.111526
1.307815
1.392693
1.399367
1.327984
1.156433
0.933378
0.755308
0.618941
0.498424
0.469441
0.492747
0.513543
0.507007
0.516709
0.524811
0.527702
0.526227
0.529341
0.536757
0.641815
0.825752
0.915358
0.961681
1.099145
1.232090
1.344814
1.434050
1.503644
1.536740
1.422743
1.278966
1.140448
0.957594
0.745576
0.580531
0.607204
0.616207
0.624643
0.632060
0.739745
0.927600
1.009295
1.054154
1.198943
1.343835
1.466994
1.563764
1.640719
1.561729
1.427330
1.284481
1.087353
1.009996
1.029009
1.035758
1.038780
1.034264
1.027958
1.020494
1.110818
1.134418
1.146331
1.154402
1.275992
1.422249
1.560323
1.666028
1.739788
1.647029
1.499083
1.297614
1.112882
1.128959
1.127488
1.118175
1.109498
1.096025
1.083297
1.070898
1.158381
1.167970
1.172977
1.177821
1.293485
1.435624
1.570428
1.675293
1.741596
1.633550
1.472386
1.305841
1.088049
1.004354
1.017692
1.013349
1.005796
0.990351
0.975733
0.960335
1.046644
1.194465
1.212078
1.211013
1.330422
1.460444
1.574989
1.653924
1.699492
1.578166
1.417613
1.262278
1.056693
0.976302
0.993896
0.996816
0.995086
0.985192
0.974813
0.963551
1.052058
1.067080
1.077347
1.088021
1.209680
1.355328
1.492698
1.603267
1.677878
1.583360
1.441203
1.298822
1.099001
1.035423
1.046393
1.043818
1.038658
1.027006
1.014595
1.001693
1.089032
1.097664
1.104551
1.112268
1.230979
1.374263
1.508688
1.616397
1.688130
1.589769
1.441989
1.288480
1.073521
1.002316
1.012327
1.007243
1.000382
0.986055
0.974538
0.965775
1.056499
1.066348
1.074293
1.082724
1.201131
1.344493
1.481309
1.591914
1.665882
1.567667
1.422253
1.275944
1.073351
1.031437
1.046952
1.048734
1.046508
1.037872
1.028798
1.018944
1.005210
1.124565
1.151210
1.169726
1.300572
1.446422
1.574361
1.665172
1.718890
1.608846
1.454384
1.302593
1.099038
1.010301
1.013717
1.010614
1.007836
1.001393
0.997227
0.993029
1.083558
1.235456
1.256572
1.253277
1.371490
1.502186
1.620717
1.708208
1.767186
1.662752
1.510249
1.354519
1.143009
1.073009
1.088863
1.091463
1.087694
1.074306
1.058978
1.041013
1.106614
1.229897
1.244350
1.241632
1.367760
1.506772
1.624834
1.706716
1.760464
1.652560
1.500146
1.349867
1.152742
1.032085
1.046474
1.050187
1.050979
1.046139
1.036907
1.030824
1.122545
1.166883
1.176554
1.179632
1.301376
1.445467
1.577718
1.678266
1.749787
1.657695
1.514213
1.363356
1.149010
1.109159
1.113720
1.107641
1.099691
1.087142
1.074287
1.061498
1.046486
1.160005
1.178445
1.183736
1.306798
1.448369
1.574413
1.662373
1.713681
1.596139
1.435883
1.278901
1.067401
0.960879
0.971410
0.969121
0.964400
0.950150
0.938099
0.927827
1.019185
1.171084
1.188800
1.185852
1.305245
1.436033
1.552352
1.634743
1.686625
1.574772
1.420332
1.269719
1.065486
1.026746
1.046414
1.051902
1.053185
1.047859
1.042078
1.035575
1.026945
1.156640
1.199585
1.182727
1.295824
1.436229
1.562521
1.653448
1.718031
1.620738
1.474570
1.328460
1.125113
1.058686
1.064956
1.063952
1.063209
1.059501
1.056924
1.054520
1.050379
1.168744
1.189460
1.195270
1.321495
1.468556
1.601724
1.700798
1.767510
1.667317
1.514905
1.358005
1.142898
1.067358
1.081836
1.082947
1.079566
1.066742
1.051009
1.034171
1.121824
1.148666
1.155362
1.160816
1.281437
1.424830
1.559487
1.661518
1.729078
1.629498
1.481730
1.332632
1.127141
1.053292
1.064722
1.064727
1.061765
1.053100
1.042986
1.031553
1.017415
1.018113
1.032657
1.050811
1.176279
1.333331
1.482409
1.603899
1.689230
1.605920
1.468266
1.325240
1.125792
1.073686
1.082165
1.080325
1.076169
1.068948
1.061081
1.052390
1.038220
1.158088
1.182269
1.196223
1.324620
1.468618
1.593784
1.682539
1.736363
1.630088
1.477915
1.327057
1.125359
1.047188
1.060938
1.063438
1.062469
1.056392
1.049425
1.041803
1.135798
1.153841
1.170541
1.172092
1.291998
1.436268
1.570254
1.670569
1.743812
1.656118
1.510656
1.358608
1.152849
1.071406
1.078606
1.076557
1.072571
1.065522
1.054228
1.045729
1.035854
1.156180
1.185307
1.199466
1.330553
1.475597
1.599764
1.687146
1.744619
1.641295
1.490459
1.341856
1.141190
1.054907
1.067986
1.070416
1.070123
1.063391
1.055178
1.045708
1.136264
1.153277
1.158680
1.163444
1.282752
1.427007
1.561145
1.665902
1.738934
1.648912
1.508386
1.358557
1.144027
1.105238
1.104155
1.095821
1.090191
1.085138
1.081755
1.078573
1.071017
1.195113
1.218488
1.226901
1.353127
1.494498
1.616602
1.698683
1.746061
1.629697
1.471059
1.316697
1.111468
1.006763
1.020896
1.022905
1.021614
1.013544
1.004229
0.993568
1.084054
1.099629
1.105680
1.112432
1.232578
1.377413
1.513269
1.621653
1.696184
1.605826
1.465794
1.323393
1.124315
1.070809
1.077493
1.073989
1.069849
1.062469
1.054721
1.049465
1.040668
1.150136
1.165767
1.171979
1.298648
1.443846
1.572232
1.660889
1.715353
1.606997
1.453415
1.298908
1.088507
1.004450
1.014063
1.011985
1.006805
0.998695
0.992113
0.985110
1.076656
1.092058
1.098179
1.103293
1.222802
1.366564
1.500341
1.606658
1.679431
1.588051
1.449185
1.308485
1.112411
1.062626
1.071630
1.070501
1.068701
1.065436
1.057232
1.052791
1.045694
1.153394
1.166304
1.251122
1.393450
1.536925
1.648675
1.720438
1.760465
1.640006
1.475638
1.312146
1.096027
1.012336
1.026185
1.024934
1.022691
1.017324
1.012567
1.007195
0.998481
1.129287
1.170971
1.172405
1.295860
1.436393
1.560242
1.645067
1.697273
1.582747
1.427803
1.280201
1.076221
0.949770
0.965394
0.968993
0.967310
0.955726
0.941814
0.926062
1.018287
1.093166
1.094928
1.096400
1.218808
1.360748
1.494425
1.595601
1.665380
1.700568
1.570530
1.400935
1.186986
0.965601
0.889532
0.906287
0.918576
0.921857
0.919105
0.918645
1.011733
1.031383
1.041917
1.049223
1.175361
1.330637
1.479995
1.593114
1.678587
1.599723
1.463601
1.321161
1.119477
1.124973
1.134946
1.134717
1.130531
1.120994
1.110843
1.099093
1.084105
1.195255
1.214657
1.216302
1.339181
1.481247
1.601988
1.682018
1.727828
1.607070
1.440413
1.278362
1.066490
0.935203
0.950459
0.952024
0.951384
0.945213
0.940368
0.934531
1.027442
1.044640
1.051947
1.059393
1.180997
1.327178
1.466641
1.577549
1.653401
1.690540
1.560498
1.385121
1.167907
0.987268
1.012897
1.019468
1.025867
1.029028
1.032780
1.035849
1.036397
1.164741
1.198123
1.210562
1.340491
1.487432
1.617564
1.707130
1.764646
1.656685
1.496734
1.287602
1.064320
1.087272
1.092779
1.086941
1.082836
1.068793
1.050385
1.030039
1.121301
1.126371
1.133233
1.141827
1.261300
1.404656
1.540460
1.642112
1.707368
1.732587
1.588023
1.403313
1.185561
0.961122
0.935485
0.942925
0.946708
0.940639
0.933277
0.923263
1.007810
1.174233
1.210952
1.211063
1.332005
1.459283
1.561702
1.630664
1.677405
1.567571
1.412452
1.256452
1.045882
1.018714
1.035851
1.039305
1.043198
1.046333
1.048994
1.053386
1.052645
1.181632
1.210651
1.222311
1.350839
1.495747
1.624411
1.710691
1.765263
1.656434
1.497560
1.340258
1.126040
1.082608
1.090817
1.087374
1.084097
1.071545
1.054474
1.035269
1.126656
1.166877
1.163946
1.224991
1.351044
1.489368
1.606790
1.684703
1.731702
1.740288
1.586967
1.398543
1.182153
0.954020
0.912426
0.928102
0.941062
0.944246
0.945571
0.943826
0.942187
1.062268
1.097618
1.109960
1.242400
1.391557
1.519215
1.610406
1.672055
1.572087
1.426654
1.287533
1.088983
1.008782
1.026176
1.031811
1.037232
1.036141
1.033477
1.028960
1.021785
1.135095
1.155802
1.166340
1.296147
1.443416
1.575500
1.669248
1.731616
1.697853
1.552592
1.384958
1.167227
0.985565
1.003771
1.006172
1.006379
1.002928
0.996766
0.994416
0.990348
1.123108
1.156105
1.167710
1.296530
1.440020
1.567357
1.653457
1.707971
1.599984
1.447811
1.293124
1.085269
1.002297
1.013260
1.011862
1.009129
0.998510
0.985110
0.969878
1.056404
1.201798
1.216024
1.209761
1.325889
1.453635
1.564578
1.637950
1.681441
1.563280
1.401697
1.241639
1.030182
0.959394
0.976107
0.977869
0.980541
0.977140
0.975741
0.972383
0.963725
0.965676
1.002875
0.998204
1.112724
1.264834
1.415370
1.531469
1.611002
1.525443
1.389108
1.249176
1.050795
0.982435
0.994182
0.993833
0.993597
0.989050
0.981071
0.978043
1.069538
1.221634
1.238157
1.231473
1.349412
1.479328
1.592559
1.671846
1.721318
1.735607
1.592808
1.409199
1.191623
0.965370
0.986826
1.004113
1.017264
1.022131
1.025030
1.026858
1.029222
1.165003
1.207314
1.219787
1.351322
1.501015
1.632488
1.726302
1.791723
1.683638
1.519772
1.357086
1.144464
1.063657
1.078781
1.082901
1.084817
1.076394
1.064682
1.051185
1.134843
1.275198
1.300610
1.299262
1.417282
1.547832
1.660167
1.739698
1.789560
1.795584
1.636703
1.435190
1.207191
0.970710
0.996613
1.012167
1.027933
1.033418
1.036485
1.037707
1.039695
1.052449
1.075009
1.096741
1.229826
1.394156
1.549633
1.662473
1.742064
1.658387
1.519694
1.380058
1.173541
1.132786
1.135731
1.131718
1.129306
1.124149
1.117229
1.109459
1.099300
1.197187
1.204440
1.208945
1.334161
1.483127
1.619801
1.716319
1.774024
1.665851
1.507862
1.349698
1.143248
1.056656
1.073466
1.074329
1.072700
1.064662
1.053758
1.041702
1.027346
1.137093
1.153598
1.162203
1.289149
1.437241
1.571248
1.668922
1.730577
1.629045
1.475704
1.321085
1.113488
1.026128
1.034105
1.027765
1.019809
1.007629
0.995288
0.982404
1.039002
1.165990
1.175263
1.168580
1.286150
1.419782
1.537583
1.620687
1.670212
1.680414
1.533065
1.353232
1.139141
0.916767
0.901971
0.913018
0.925518
0.928498
0.929476
0.928795
0.998011
1.162923
1.199060
1.202120
1.191465
1.292255
1.412681
1.522157
1.609155
1.539321
1.412298
1.278801
1.091673
1.120386
1.130306
1.126252
1.123811
1.117107
1.105027
1.096497
1.085725
1.210508
1.235980
1.243857
1.372217
1.516931
1.640471
1.718684
1.760222
1.641810
1.479929
1.322219
1.116820
1.026686
1.038051
1.039148
1.040745
1.039141
1.037997
1.036461
1.031665
1.158299
1.184035
1.198603
1.330355
1.478169
1.609160
1.703010
1.761584
1.658463
1.510847
1.360388
1.151805
1.065504
1.076558
1.072661
1.067355
1.057294
1.042231
1.030594
1.089772
1.229210
1.241299
1.239733
1.361029
1.497156
1.619431
1.704803
1.755150
1.644881
1.480891
1.318112
1.104749
1.032274
1.050681
1.053743
1.055285
1.048796
1.035922
1.024492
1.014216
1.143630
1.168627
1.180531
1.310408
1.456863
1.587635
1.677865
1.731680
1.625016
1.464532
1.303523
1.089166
1.001552
1.014956
1.011027
1.005883
0.993316
0.974161
0.955865
0.997654
1.127549
1.139969
1.142581
1.269427
1.411336
1.537789
1.628836
1.687550
1.714487
1.577480
1.401949
1.183564
1.013101
1.042777
1.052489
1.060607
1.065572
1.065536
1.068372
1.069874
1.208243
1.241709
1.248673
1.377120
1.523160
1.650592
1.733696
1.787805
1.673563
1.508070
1.348566
1.139246
1.003984
1.025308
1.031029
1.033895
1.024579
1.012331
0.997739
1.035214
1.135323
1.278002
1.298648
1.430249
1.564704
1.673006
1.747522
1.793027
1.811881
1.670324
1.472233
1.268402
1.037888
0.959777
0.976100
0.992746
0.998981
1.003273
1.005587
1.007942
1.068633
1.098432
1.117650
1.251153
1.409445
1.552379
1.648961
1.715131
1.622383
1.480526
1.338255
1.133946
1.074902
1.080907
1.079646
1.081272
1.082831
1.082608
1.080624
1.075472
1.176833
1.179457
1.180871
1.306822
1.457564
1.596605
1.696693
1.758746
1.780202
1.639438
1.454636
1.232551
1.006166
1.018575
1.026821
1.034579
1.034703
1.030281
1.024787
1.019051
1.122326
1.136223
1.140498
1.269186
1.423347
1.563359
1.668192
1.736723
1.633844
1.473902
1.313467
1.100824
1.037920
1.056662
1.058500
1.060058
1.054386
1.043001
1.030949
1.087549
1.207595
1.218394
1.212630
1.333915
1.471127
1.588682
1.667618
1.714113
1.726071
1.582392
1.397502
1.182755
0.954602
0.879779
0.895428
0.907942
0.916388
0.920161
0.927883
0.936635
1.074704
1.113160
1.127643
1.262135
1.414694
1.551572
1.652285
1.722192
1.629313
1.470273
1.307494
1.084895
1.097068
1.116137
1.116066
1.117724
1.112077
1.100973
1.091014
1.079408
1.204171
1.229767
1.245586
1.337909
1.467749
1.592454
1.676820
1.730054
1.622902
1.466933
1.312026
1.107172
0.982271
0.999017
0.999820
0.998163
0.988235
0.969753
0.953721
1.012732
1.166903
1.186692
1.188118
1.312538
1.448309
1.568396
1.651501
1.703383
1.723836
1.580662
1.397669
1.178474
0.952407
0.962943
0.977181
0.989532
0.993948
0.991290
0.990696
0.989798
1.124338
1.157111
1.169910
1.302670
1.452398
1.585303
1.680015
1.741953
1.636930
1.470663
1.308703
1.097671
1.033430
1.054431
1.060605
1.064603
1.059573
1.048128
1.037543
1.027161
1.152011
1.176919
1.191998
1.326289
1.475829
1.607768
1.696949
1.750232
1.774675
1.637536
1.458470
1.241749
1.017177
0.983265
0.994856
1.003037
1.004329
0.999812
0.998489
1.064276
1.204342
1.226308
1.224083
1.349901
1.491398
1.613558
1.697972
1.754132
1.654223
1.497619
1.340789
1.133635
1.103313
1.122371
1.126878
1.128856
1.124213
1.112283
1.100718
1.088678
1.213229
1.240940
1.252775
1.252320
1.357390
1.481748
1.588865
1.665654
1.581680
1.450541
1.316224
1.125455
1.044627
1.053455
1.053272
1.054110
1.055230
1.053167
1.053460
1.050935
1.153603
1.157767
1.302110
1.470490
1.621982
1.738411
1.813026
1.852273
1.864855
1.720272
1.536003
1.317575
1.088175
1.034363
1.045102
1.051650
1.048217
1.037362
1.027593
1.018892
1.152200
1.188553
1.205175
1.208258
1.320327
1.451199
1.568059
1.656728
1.718117
1.609502
1.454592
1.252247
1.041064
1.064461
1.069340
1.072339
1.068884
1.058716
1.049466
1.041743
1.165697
1.190568
1.204673
1.276464
1.394079
1.518457
1.619416
1.688285
1.732301
1.610929
1.441061
1.229954
1.010273
1.033681
1.037491
1.038533
1.038952
1.034462
1.032916
1.029704
1.157015
1.182696
1.193672
1.327187
1.475719
1.604538
1.690570
1.739231
1.757791
1.620609
1.443472
1.229605
1.004743
1.000758
1.010949
1.018494
1.024080
1.023642
1.025506
1.028752
1.159069
1.188209
1.201733
1.336824
1.488158
1.621656
1.712828
1.768151
1.660433
1.503081
1.347324
1.139524
1.055806
1.066896
1.065915
1.063878
1.060302
1.054857
1.050195
1.044543
1.170590
1.188729
1.201389
1.333637
1.483312
1.618051
1.713658
1.766792
1.785392
1.645310
1.464199
1.245697
1.018641
1.008832
1.017742
1.023752
1.023363
1.014182
1.006865
1.001394
1.126938
1.152311
1.167381
1.282957
1.415651
1.543959
1.640200
1.701090
1.602004
1.458483
1.316816
1.122543
1.033047
1.055143
1.061268
1.063108
1.058335
1.046350
1.035405
1.025222
1.118219
1.111269
1.229085
1.380297
1.530304
1.653248
1.739753
1.790311
1.813043
1.673904
1.488104
1.269680
1.042171
0.998918
1.020604
1.037367
1.040819
1.035599
1.031585
1.063812
1.168329
1.175135
1.173852
1.304929
1.460082
1.599687
1.705177
1.777393
1.822592
1.701717
1.525263
1.303293
1.128886
1.154618
1.164906
1.171712
1.174390
1.169311
1.164183
1.160155
1.285743
1.318968
1.329402
1.327008
1.433490
1.562768
1.672641
1.749004
1.662753
1.515298
1.363870
1.156395
1.114896
1.121325
1.116940
1.111818
1.104752
1.096256
1.085451
1.074259
1.197847
1.216936
1.228806
1.360332
1.509536
1.644256
1.740553
1.795259
1.815596
1.671648
1.484805
1.266576
1.036059
1.018399
1.031913
1.041781
1.042102
1.034807
1.029650
1.063900
1.172574
1.181481
1.182510
1.311043
1.461791
1.599628
1.699859
1.764560
1.798801
1.667974
1.488404
1.268176
1.038285
1.052073
1.062547
1.069134
1.068909
1.060341
1.053129
1.047043
1.175081
1.203593
1.217801
1.352531
1.502694
1.633859
1.721093
1.770642
1.792591
1.656996
1.483101
1.266826
1.039061
1.059925
1.072081
1.081398
1.084060
1.078886
1.076277
1.075060
1.202149
1.230691
1.243563
1.377882
1.530022
1.665358
1.760513
1.820465
1.852274
1.720507
1.539075
1.315514
1.090648
1.125440
1.138386
1.147635
1.148079
1.140163
1.133177
1.127221
1.257844
1.292479
1.303895
1.303864
1.412067
1.542133
1.656670
1.741910
1.800517
1.687914
1.518914
1.302553
1.072506
1.082606
1.083199
1.079988
1.072519
1.059010
1.046252
1.034469
1.165444
1.190864
1.200692
1.330972
1.477272
1.606493
1.694765
1.743407
1.758684
1.612659
1.430947
1.212762
0.984919
0.960457
0.971662
0.979257
0.977734
0.968511
0.960349
0.952694
1.078559
1.105118
1.122091
1.258126
1.408185
1.540298
1.631127
1.683315
1.707539
1.575893
1.408599
1.204645
0.984156
0.955110
0.969402
0.980999
0.987863
0.988192
0.990277
0.993389
1.123807
1.152726
1.170307
1.203995
1.319327
1.450453
1.565504
1.652529
1.714672
1.614246
1.462352
1.255947
1.067002
1.091613
1.094586
1.094440
1.092535
1.085680
1.079533
1.073433
1.200777
1.222262
1.235014
1.366947
1.515435
1.647791
1.737969
1.788455
1.803993
1.660810
1.483270
1.263887
1.035639
1.044036
1.058708
1.068700
1.068474
1.060653
1.053477
1.046443
1.135410
1.135353
1.139275
1.269229
1.424955
1.568613
1.672711
1.739075
1.774748
1.648777
1.475813
1.264106
1.039339
1.003504
1.008815
1.010470
1.011045
1.006972
1.006015
1.003435
1.137837
1.166920
1.176882
1.307921
1.454845
1.584289
1.672847
1.725695
1.747005
1.609606
1.434506
1.221950
1.000023
0.986036
1.001807
1.015173
1.020969
1.019530
1.020455
1.023227
1.154067
1.186969
1.203598
1.339819
1.492760
1.629617
1.725754
1.789289
1.823388
1.694729
1.516302
1.299411
1.074782
1.110366
1.126782
1.140451
1.145015
1.141538
1.139479
1.139190
1.267825
1.304089
1.319287
1.322058
1.432096
1.564906
1.680862
1.771190
1.834046
1.730206
1.564922
1.347532
1.155848
1.178609
1.182647
1.185201
1.184476
1.177747
1.170959
1.166045
1.293630
1.321491
1.332681
1.462480
1.610332
1.741859
1.830180
1.881006
1.769466
1.605933
1.441544
1.222880
1.170586
1.191585
1.198274
1.200504
1.192953
1.177032
1.161521
1.146765
1.259759
1.280607
1.297050
1.427598
1.578228
1.715562
1.812638
1.868613
1.759499
1.585986
1.407706
1.180776
1.097762
1.111994
1.111034
1.105972
1.095915
1.079226
1.063954
1.119159
1.240273
1.244096
1.238221
1.357438
1.495864
1.620610
1.709055
1.760696
1.771090
1.621442
1.428145
1.198454
0.965749
0.967683
0.978292
0.986657
0.988615
0.988396
0.985439
0.980301
1.114845
1.148887
1.161067
1.290464
1.436432
1.565839
1.657726
1.711202
1.725527
1.582106
1.402000
1.183119
0.956233
0.986710
1.004144
1.017986
1.025964
1.027281
1.029665
1.031384
1.170218
1.205703
1.217725
1.350515
1.499107
1.629011
1.716769
1.773088
1.667669
1.504417
1.343034
1.134619
1.023335
1.046732
1.054608
1.058750
1.052993
1.042876
1.029537
1.074880
1.202077
1.216363
1.221013
1.349422
1.493236
1.621517
1.711637
1.766378
1.686746
1.521245
1.347386
1.127476
1.011556
1.032508
1.037392
1.039232
1.034664
1.021953
1.009912
0.995650
1.122647
1.145592
1.158805
1.288349
1.434961
1.566776
1.661557
1.718150
1.737500
1.595534
1.418725
1.200629
0.974673
0.996958
1.012187
1.024039
1.027490
1.027325
1.024319
1.088504
1.216940
1.235707
1.232829
1.354155
1.492036
1.613445
1.698332
1.752190
1.645526
1.480943
1.315502
1.102780
1.029976
1.051355
1.056632
0.900000
0.937470
0.946914
0.941174
0.933445
0.925536
0.917926
0.910718
0.903553
0.908154
0.859599
0.787909
0.712481
0.697259
0.718387
0.753840
0.796000
0.838454
0.848686
0.813455
0.750363
0.671911
0.580160
0.483253
0.390759
0.296226
0.199450
0.098325
0.042881
0.060493
0.172617
0.318204
0.419274
0.605556
0.797678
0.974906
1.132950
1.267269
1.364636
1.311754
1.219212
1.119401
0.952619
0.756994
0.761622
0.796187
0.816920
0.834691
0.851951
0.871048
0.977739
1.137703
1.165022
1.303359
1.452988
1.584941
1.692864
1.775454
1.825286
1.706078
1.526597
1.299425
1.180462
1.220471
1.239302
1.253531
1.256225
1.252023
1.243888
1.262118
1.345547
1.459354
1.481333
1.473851
1.579935
1.707617
1.813023
1.888295
1.925300
1.800580
1.620695
1.402598
1.169016
1.153948
1.163112
1.166839
1.159769
1.143324
1.126041
1.149763
1.282813
1.316373
1.330844
1.332208
1.438365
1.561808
1.673105
1.751894
1.791039
1.656787
1.480130
1.267720
1.043043
1.021706
1.034956
1.042966
1.040169
1.028749
1.017911
1.050978
1.160087
1.164973
1.165972
1.295495
1.446405
1.585678
1.689336
1.757943
1.792171
1.657831
1.482808
1.273954
1.047576
1.020652
1.034635
1.044216
1.042918
1.033359
1.024220
1.015843
1.112809
1.163475
1.168745
1.301175
1.453339
1.591413
1.692680
1.759074
1.792782
1.658763
1.482207
1.272149
1.044639
1.014635
1.028011
1.037386
1.035529
1.025168
1.015123
1.041617
1.139035
1.137195
1.136422
1.265578
1.419102
1.561899
1.670606
1.743013
1.781022
1.649882
1.475610
1.266463
1.039259
1.018014
1.033649
1.044742
1.045649
1.038324
1.031060
1.024608
1.159192
1.191833
1.210078
1.345854
1.496504
1.632497
1.728435
1.789239
1.819680
1.684461
1.506689
1.292697
1.068002
0.988528
0.997504
1.002027
0.995296
0.979347
0.963559
0.992868
1.100625
1.247114
1.260935
1.394338
1.529967
1.638991
1.715297
1.762564
1.775172
1.624403
1.435188
1.249078
1.031373
0.955815
0.984856
1.005047
1.011418
1.009084
1.006359
1.004746
1.143110
1.179072
1.195954
1.330854
1.481346
1.616221
1.709298
1.768657
1.795678
1.656389
1.474882
1.253514
1.023301
1.043046
1.052619
1.058419
1.052674
1.039132
1.023413
1.046900
1.175496
1.197196
1.209647
1.214457
1.322372
1.447906
1.562901
1.646844
1.691236
1.562038
1.391721
1.182255
0.955636
0.980290
0.987565
0.990543
0.984609
0.969869
0.955227
0.940807
1.063144
1.087583
1.109788
1.247470
1.399568
1.536807
1.637255
1.694732
1.717933
1.578046
1.407296
1.202929
0.990074
0.923514
0.936922
0.945224
0.944804
0.936623
0.930311
0.965052
1.070305
1.214950
1.228785
1.364665
1.505032
1.621725
1.708438
1.766625
1.800198
1.673563
1.499349
1.324274
1.111227
1.001904
1.030008
1.046704
1.047471
1.040611
1.032978
1.059859
1.180191
1.206512
1.213833
1.346234
1.496073
1.626469
1.722433
1.786290
1.814179
1.677724
1.499597
1.283749
1.086087
1.128434
1.144619
1.156781
1.161577
1.158678
1.154737
1.152277
1.277462
1.306602
1.322657
1.328501
1.438332
1.570122
1.686637
1.775820
1.827315
1.714668
1.547768
1.330506
1.131426
1.162498
1.165896
1.165446
1.154830
1.134000
1.112122
1.092045
1.209772
1.224371
1.241326
1.374495
1.526130
1.664634
1.766563
1.823269
1.837440
1.686324
1.498229
1.279810
1.048534
0.994335
1.005468
1.011614
1.005932
0.989998
0.975136
1.003170
1.135025
1.154997
1.170592
1.305947
1.455119
1.589772
1.689008
1.747436
1.768879
1.624477
1.443887
1.230561
1.001287
0.992355
1.008304
1.019485
1.020153
1.012213
1.004957
0.998481
1.133390
1.162778
1.181133
1.316556
1.467761
1.605808
1.704594
1.765798
1.795370
1.659108
1.484823
1.272594
1.050858
1.019313
1.031463
1.039466
1.035637
1.022629
1.008635
1.036262
1.137060
1.132985
1.133588
1.263370
1.417033
1.562594
1.675329
1.750486
1.791959
1.664269
1.490821
1.320984
1.115637
0.961474
0.984918
1.001605
1.006925
1.004311
1.002025
1.001769
1.103764
1.258759
1.287662
1.284470
1.400930
1.528397
1.633878
1.712566
1.761752
1.638956
1.470376
1.261414
1.049953
1.085535
1.098008
1.106261
1.104519
1.094056
1.082881
1.073162
1.198833
1.225829
1.243415
1.252132
1.362816
1.493295
1.610590
1.698486
1.748941
1.625643
1.458746
1.245997
1.023605
1.051113
1.058564
1.061742
1.054028
1.035834
1.017603
1.042782
1.177715
1.193630
1.204388
1.336800
1.484464
1.618636
1.716772
1.773770
1.796066
1.652832
1.473453
1.261501
1.033461
1.005893
1.021320
1.032295
1.031933
1.023105
1.014545
1.006362
1.096301
1.239007
1.260497
1.260593
1.375684
1.504914
1.621770
1.709189
1.761147
1.639480
1.469192
1.255687
1.031549
1.063611
1.075986
1.083162
1.081067
1.070266
1.059110
1.090852
1.190740
1.186782
1.187921
1.317930
1.470595
1.613259
1.721132
1.790196
1.822980
1.687178
1.509015
1.296283
1.067375
1.071159
1.088119
1.100300
1.102186
1.095534
1.088911
1.083167
1.213441
1.243364
1.264098
1.275721
1.389544
1.523019
1.641379
1.733195
1.789653
1.673667
1.509611
1.298627
1.074695
1.085297
1.084687
1.079605
1.065338
1.040776
1.015842
1.000722
1.109655
1.120772
1.136515
1.270005
1.424923
1.569436
1.683971
1.755316
1.781590
1.637766
1.453350
1.266934
1.044373
0.972984
0.994966
1.008151
1.006052
0.994010
0.980512
0.967154
1.091612
1.203312
1.225766
1.352795
1.486509
1.603217
1.684013
1.728122
1.740363
1.589959
1.405514
1.225373
1.013805
0.925965
0.947049
0.964083
0.972512
0.971556
0.972640
0.975572
1.108745
1.141514
1.160451
1.298162
1.451270
1.588232
1.683913
1.743654
1.770770
1.638427
1.466058
1.251136
1.024598
1.047234
1.060442
1.068383
1.071353
1.067539
1.064630
1.062370
1.187383
1.354094
1.389359
1.386625
1.492616
1.609290
1.710968
1.783125
1.817525
1.681277
1.502956
1.285682
1.065461
1.109689
1.131218
1.145711
1.148752
1.150196
1.149163
1.176896
1.289320
1.394974
1.418578
1.420837
1.531798
1.658414
1.772491
1.857377
1.906570
1.784367
1.609661
1.391125
1.181275
1.218284
1.230613
1.237992
1.234447
1.219241
1.202452
1.187082
1.297333
1.320711
1.341348
1.474650
1.626801
1.767733
1.870128
1.932568
1.956138
1.813560
1.622448
1.397730
1.160432
1.174140
1.186051
1.193150
1.188637
1.174818
1.159688
1.145329
1.260780
1.282280
1.301423
1.314159
1.426762
1.561290
1.682528
1.776608
1.832145
1.713111
1.545877
1.330457
1.127647
1.162716
1.169463
1.171523
1.164721
1.148281
1.130937
1.113805
1.232203
1.384751
1.414322
1.419830
1.531456
1.652052
1.754849
1.827830
1.865446
1.733080
1.553845
1.334753
1.104603
1.117370
1.134038
1.140641
1.130033
1.109994
1.087460
1.103549
1.229932
1.388002
1.414393
1.412172
1.521409
1.634559
1.729069
1.793494
1.823205
1.684301
1.504393
1.329849
1.118259
1.050061
1.080446
1.103150
1.112323
1.112102
1.108672
1.102316
1.230986
1.263609
1.285965
1.297315
1.412417
1.545610
1.662571
1.753312
1.812232
1.698719
1.534875
1.320209
1.118446
1.151803
1.155315
1.154525
1.145952
1.128065
1.108904
1.089480
1.210833
1.225469
1.244362
1.378612
1.531525
1.672253
1.779632
1.844114
1.866094
1.720334
1.534734
1.349988
1.128461
1.049421
1.073984
1.088656
1.086959
1.074266
1.059874
1.080563
1.206588
1.364686
1.395833
1.395688
1.505625
1.621178
1.720031
1.789295
1.824719
1.690942
1.513308
1.340535
1.121423
1.126588
1.149776
1.167913
1.175716
1.174807
1.172903
1.171356
1.295009
1.329649
1.349469
1.358369
1.471701
1.606752
1.725935
1.817943
1.874193
1.767012
1.603035
1.387169
1.166718
1.187913
1.188644
1.184392
1.169772
1.144907
1.116956
1.089230
1.205687
1.219751
1.237077
1.370407
1.521999
1.660214
1.764169
1.821853
1.833969
1.679108
1.487797
1.297218
1.075493
0.949086
0.976590
0.992413
0.993264
0.983773
0.973389
1.007176
1.150405
1.320621
1.353624
1.350430
1.458159
1.567695
1.657757
1.714213
1.739364
1.597052
1.420627
1.252623
1.044603
0.998245
1.028752
1.050123
1.055470
1.050734
1.045940
1.081753
1.232232
1.267372
1.283610
1.288046
1.397690
1.524534
1.638360
1.723808
1.775713
1.656918
1.492286
1.280621
1.084427
1.126316
1.137008
1.143060
1.141008
1.130076
1.117497
1.104960
1.229507
1.247811
1.267048
1.295392
1.408869
1.542262
1.660310
1.753700
1.808313
1.687139
1.519086
1.306066
1.098988
1.137481
1.145311
1.147639
1.140591
1.124258
1.106437
1.087930
1.203157
1.351382
1.381091
1.390120
1.501956
1.623783
1.730033
1.804723
1.839095
1.702343
1.523008
1.342646
1.122479
1.084773
1.112997
1.131673
1.135050
1.127898
1.119171
1.142690
1.266282
1.428285
1.466534
1.466833
1.575505
1.691288
1.790969
1.862246
1.900001
1.769001
1.585652
1.361384
1.167099
1.204716
1.217810
1.225439
1.222636
1.209205
1.193445
1.178154
1.293199
1.315856
1.334519
1.469808
1.622691
1.761639
1.858172
1.913535
1.931811
1.785641
1.596982
1.374681
1.142138
1.109401
1.120084
1.124269
1.117758
1.100479
1.081621
1.062992
1.191189
1.210140
1.227013
1.239170
1.351966
1.485350
1.609251
1.706622
1.766494
1.651495
1.493989
1.336701
1.133164
1.052120
1.069902
1.079565
1.073715
1.057818
1.041488
1.043286
1.168150
1.331728
1.360507
1.364854
1.479169
1.597965
1.697306
1.764297
1.800994
1.671805
1.504716
1.303062
1.071384
1.099040
1.111290
1.117843
1.114131
1.100130
1.085877
1.093004
1.229603
1.249315
1.261904
1.269331
1.381246
1.513323
1.634720
1.730626
1.792644
1.683594
1.528550
1.369118
1.163801
1.070993
1.091989
1.104248
1.103372
1.088113
1.068807
1.069057
1.194448
1.364015
1.395238
1.393780
1.502855
1.615070
1.709382
1.772226
1.805251
1.672623
1.499037
1.330654
1.117037
1.092724
1.116178
1.131507
1.134168
1.126449
1.117868
1.109229
1.237793
1.263041
1.280629
1.290838
1.403755
1.537674
1.656912
1.749172
1.807053
1.693959
1.531653
1.316441
1.112105
1.147816
1.152051
1.149884
1.137632
1.114754
1.089599
1.069749
1.171144
1.169399
1.185749
1.321476
1.480876
1.631102
1.748444
1.821841
1.851159
1.711127
1.531267
1.309641
1.078524
1.065392
1.073244
1.075052
1.065331
1.044036
1.021746
1.002160
1.095204
1.245383
1.269566
1.278610
1.398938
1.530103
1.646162
1.731204
1.776758
1.650300
1.485296
1.324618
1.116576
1.072586
1.099360
1.117580
1.121049
1.111944
1.102904
1.092539
1.210989
1.371928
1.406202
1.413703
1.527665
1.649283
1.755645
1.830974
1.878154
1.758580
1.586600
1.366026
1.162050
1.193363
1.196006
1.192325
1.180004
1.157639
1.133137
1.108057
1.225539
1.230675
1.245909
1.379201
1.533463
1.676079
1.787253
1.849602
1.865248
1.713668
1.524226
1.334995
1.108607
1.000918
1.026397
1.040115
1.039023
1.024989
1.009846
1.015609
1.147787
1.312819
1.342213
1.343425
1.454193
1.570322
1.670484
1.739482
1.772185
1.633973
1.457674
1.287850
1.074983
1.043854
1.073526
1.091057
1.096497
1.093534
1.089542
1.082466
1.210566
1.234871
1.254081
1.266279
1.380999
1.515000
1.634043
1.725270
1.782452
1.669497
1.512636
1.316214
1.086358
1.112716
1.123680
1.129126
1.127694
1.116226
1.104010
1.091335
1.217483
1.232247
1.249058
1.299438
1.418050
1.552566
1.673854
1.765647
1.822978
1.710021
1.550036
1.386929
1.179413
1.058644
1.084109
1.097686
1.095967
1.085224
1.073064
1.076937
1.208915
1.380293
1.410352
1.405665
1.514919
1.629388
1.726994
1.794930
1.831488
1.699685
1.525113
1.354721
1.141734
1.077684
1.106523
1.126793
1.134297
1.130362
1.121034
1.108850
1.234776
1.261473
1.279081
1.288268
1.403080
1.536772
1.659072
1.753868
1.813121
1.701586
1.541793
1.374613
1.160103
1.085443
1.096928
1.102448
1.101178
1.090565
1.078561
1.067101
1.193491
1.212370
1.230827
1.359055
1.503543
1.640103
1.747983
1.811470
1.838102
1.698399
1.520185
1.342793
1.123598
1.065846
1.085076
1.097841
1.101139
1.094182
1.087258
1.080726
1.205615
1.369707
1.401903
1.402772
1.512899
1.632160
1.736302
1.807400
1.844286
1.712011
1.536362
1.365821
1.145847
1.132906
1.157777
1.175471
1.183139
1.182925
1.180844
1.176087
1.286806
1.428063
1.460707
1.465104
1.574769
1.695457
1.800847
1.872141
1.909052
1.780810
1.606873
1.390519
1.161697
1.178014
1.187584
1.191132
1.184264
1.166919
1.147504
1.128247
1.241572
1.252888
1.271649
1.407024
1.562429
1.708413
1.821176
1.889364
1.915566
1.774148
1.590284
1.411077
1.186275
1.104199
1.122480
1.134223
1.134568
1.124241
1.113248
1.101849
1.221164
1.240694
1.260050
1.276061
1.391400
1.530680
1.662330
1.767816
1.835901
1.728064
1.569703
1.358642
1.176650
1.205598
1.215768
1.219684
1.214535
1.197297
1.177790
1.156317
1.264827
1.405862
1.430285
1.439690
1.554275
1.681470
1.793346
1.874410
1.918170
1.790918
1.614681
1.435127
1.208932
1.131171
1.151008
1.159740
1.152423
1.135216
1.115414
1.112108
1.230561
1.386845
1.414717
1.416935
1.529851
1.647444
1.746869
1.812826
1.843321
1.705187
1.526267
1.351839
1.136130
1.066676
1.093721
1.111316
1.116453
1.109996
1.098242
1.084061
1.208365
1.227195
1.245354
1.258222
1.374203
1.508783
1.631729
1.724464
1.782078
1.668326
1.509313
1.351593
1.143824
1.093494
1.107618
1.116672
1.120049
1.114260
1.108210
1.102080
1.226916
1.390818
1.420808
1.422248
1.533049
1.654528
1.762711
1.842326
1.889248
1.766668
1.591090
1.410219
1.180044
1.194615
1.217999
1.231246
1.230166
1.219598
1.206220
1.189701
1.291573
1.432159
1.463691
1.469418
1.581300
1.702261
1.805085
1.868564
1.895201
1.753948
1.570168
1.355292
1.121829
1.100304
1.116872
1.124302
1.124693
1.112766
1.097390
1.079298
1.195141
1.206082
1.221733
1.236843
1.353126
1.492027
1.624475
1.732563
1.802591
1.697758
1.539921
1.376293
1.163899
1.053813
1.075617
1.085897
1.085040
1.074100
1.062235
1.047577
1.167595
1.335021
1.363962
1.366509
1.479638
1.598557
1.701392
1.771047
1.805017
1.671568
1.501701
1.333838
1.118813
1.051167
1.077800
1.092019
1.093218
1.081810
1.066370
1.045695
1.165499
1.174231
1.191043
1.206171
1.322940
1.458748
1.582407
1.676813
1.737003
1.626244
1.474280
1.320404
1.120014
1.028844
1.045041
1.053846
1.059490
1.059695
1.059637
1.057261
1.184452
1.351505
1.378444
1.377672
1.488935
1.608492
1.713424
1.788266
1.831900
1.711551
1.545136
1.373355
1.151590
1.138746
1.159200
1.170883
1.174211
1.165504
1.155188
1.144574
1.259661
1.375023
1.395458
1.397360
1.508124
1.632378
1.741051
1.814354
1.853818
1.727558
1.559571
1.348966
1.118496
1.116802
1.129544
1.134121
1.132842
1.121110
1.109302
1.096347
1.215191
1.370175
1.394367
1.397250
1.511808
1.635895
1.746082
1.825210
1.870555
1.749727
1.583701
1.414132
1.197848
1.125758
1.151296
1.165177
1.167807
1.158137
1.144804
1.126510
1.241237
1.394832
1.420869
1.423600
1.537017
1.657384
1.760854
1.828872
1.863682
1.732864
1.559056
1.390045
1.173808
1.127482
1.145392
1.155905
1.161880
1.161250
1.159456
1.154882
1.270389
1.420795
1.446380
1.446712
1.558620
1.680779
1.787782
1.860798
1.901124
1.775224
1.601141
1.421329
1.194939
1.174239
1.194049
1.204753
1.208333
1.201283
1.192302
1.180275
1.289140
1.433887
1.460584
1.463386
1.575831
1.697043
1.800960
1.867707
1.901021
1.769421
1.590441
1.410992
1.188450
1.140463
1.157772
1.166733
1.170816
1.165941
1.159104
1.151130
1.267073
1.277370
1.290504
1.302173
1.417606
1.554626
1.678723
1.771985
1.828099
1.713583
1.555099
1.350400
1.128765
1.143636
1.156106
1.160455
1.157628
1.145833
1.132096
1.113264
1.221864
1.363870
1.383935
1.391911
1.508030
1.636073
1.750324
1.835061
1.882783
1.763024
1.596679
1.427408
1.208236
1.137765
1.159395
1.169486
1.169400
1.154708
1.136983
1.116010
1.227413
1.376259
1.399660
1.404697
1.518797
1.641366
1.748237
1.822560
1.861261
1.732610
1.560022
1.392343
1.174899
1.142188
1.159999
1.170269
1.175297
1.170000
1.160397
1.147992
1.257947
1.278067
1.289787
1.303243
1.419037
1.557548
1.686204
1.788012
1.852348
1.743375
1.581291
1.414456
1.195894
1.136608
1.155355
1.162471
1.159675
1.143681
1.124025
1.099983
1.213057
1.355250
1.375377
1.380033
1.494746
1.617640
1.723900
1.794733
1.831506
1.703486
1.533905
1.365589
1.148162
1.088199
1.111276
1.123430
1.125648
1.116722
1.104125
1.086138
1.206091
1.212897
1.226160
1.238413
1.352782
1.488183
1.613660
1.708651
1.769920
1.662033
1.507418
1.351390
1.137727
1.105970
1.119604
1.125637
1.127834
1.122764
1.116898
1.106880
1.227684
1.252254
1.279497
1.281302
1.391504
1.527725
1.656408
1.759520
1.829799
1.728536
1.570134
1.402370
1.180630
1.179924
1.196635
1.204973
1.207226
1.200965
1.192441
1.181178
1.287002
1.428300
1.453617
1.446284
1.535034
1.648178
1.755784
1.837515
1.882423
1.758446
1.584072
1.362906
1.176685
1.206891
1.216237
1.216514
1.211540
1.196593
1.179921
1.160732
1.273445
1.276649
1.288206
1.299448
1.412300
1.548652
1.669984
1.762331
1.815268
1.693084
1.529958
1.366866
1.153838
1.070117
1.090048
1.100511
1.094957
1.074061
1.053879
1.033053
1.134137
1.293998
1.325820
1.337308
1.454897
1.582988
1.697899
1.783412
1.834520
1.724536
1.567304
1.356214
1.222333
1.242546
1.248874
1.248702
1.247947
1.240383
1.229821
1.215336
1.311674
1.442000
1.464419
1.551935
1.645089
1.746511
1.820737
1.863133
1.882567
1.758556
1.593250
1.376292
1.240788
1.273363
1.286855
1.291782
1.284166
1.262653
1.236492
1.221590
1.323376
1.459771
1.487454
1.493198
1.605795
1.725247
1.824567
1.884403
1.910909
1.772419
1.589734
1.406992
1.188050
1.018902
1.050996
1.071638
1.080599
1.082137
1.081147
1.075796
1.206663
1.235664
1.252946
1.260890
1.374061
1.505590
1.625905
1.712336
1.765144
1.649170
1.487004
1.320914
1.107373
1.098309
1.116110
1.127891
1.136840
1.141821
1.145607
1.145562
1.268488
1.426900
1.454524
1.453320
1.562516
1.685015
1.790861
1.859817
1.892053
1.768191
1.597735
1.374277
1.255338
1.285835
1.293866
1.294900
1.287593
1.268516
1.246704
1.222695
1.319422
1.454080
1.478055
1.481493
1.589414
1.712363
1.814969
1.883595
1.915112
1.778786
1.596231
1.411682
1.187262
1.112162
1.133670
1.147255
1.151053
1.144287
1.135805
1.123850
1.244622
1.405083
1.436176
1.437937
1.548721
1.667114
1.769165
1.838610
1.875206
1.745564
1.565805
1.385555
1.161295
1.142863
1.163885
1.177270
1.182131
1.176777
1.168901
1.160261
1.284979
1.305273
1.319196
1.327066
1.439532
1.573068
1.690376
1.779057
1.833157
1.716223
1.552300
1.357072
1.120147
1.116616
1.133617
1.143653
1.144954
1.135665
1.125149
1.113693
1.238555
1.398791
1.428281
1.428936
1.539550
1.656835
1.754529
1.817801
1.852465
1.722603
1.550003
1.381576
1.163066
1.139636
1.162394
1.178799
1.184598
1.179895
1.173568
1.165783
1.286190
1.305738
1.322284
1.333712
1.447375
1.583803
1.704812
1.800325
1.862850
1.754411
1.592564
1.376658
1.186721
1.211051
1.215746
1.213484
1.202539
1.180035
1.153568
1.135682
1.242708
1.238845
1.253671
1.387607
1.544675
1.692436
1.807149
1.878032
1.906652
1.768567
1.589064
1.376949
1.140152
1.109574
1.122122
1.127325
1.119936
1.101030
1.079689
1.078263
1.182047
1.181071
1.195448
1.315967
1.455843
1.597689
1.713213
1.788878
1.831307
1.707201
0.900000
0.936703
0.967592
0.996670
1.011473
1.013589
1.014099
1.013230
1.008988
0.998937
0.980615
0.951133
0.906717
0.858972
0.876791
0.925029
0.998939
1.101275
1.214295
1.300085
1.312884
1.279310
1.212691
1.160756
1.050409
0.915425
0.783961
0.677135
0.591873
0.525302
0.466846
0.413899
0.367084
0.323192
0.278439
0.225651
0.191025
0.196861
0.234327
0.293291
0.387258
0.556731
0.753981
0.941166
1.107850
1.252261
1.377354
1.472386
1.409491
1.300196
1.128430
0.996553
1.050691
1.087069
1.109383
1.114911
1.115813
1.108889
1.135366
1.242528
1.394204
1.429051
1.436924
1.548061
1.670987
1.783466
1.873501
1.923691
1.802836
1.619649
1.385037
1.302494
1.335154
1.350156
1.357938
1.352398
1.335722
1.314615
1.291436
1.385680
1.405871
1.427151
1.549911
1.687257
1.813555
1.904015
1.955909
1.968053
1.819328
1.632571
1.408015
1.169865
1.172142
1.188391
1.196665
1.189142
1.168270
1.143387
1.162148
1.283547
1.437625
1.468708
1.472867
1.586201
1.704818
1.806617
1.877841
1.917211
1.785615
1.603822
1.416863
1.189326
1.152007
1.177369
1.192130
1.190088
1.177816
1.161403
1.186622
1.328753
1.502115
1.541184
1.535757
1.633459
1.734026
1.817691
1.873333
1.898291
1.760380
1.572851
1.341612
1.211942
1.247133
1.264182
1.274858
1.273344
1.261278
1.245691
1.229109
1.337103
1.357578
1.374410
1.501648
1.647182
1.782074
1.879037
1.934335
1.946331
1.798841
1.606520
1.379075
1.139155
1.111918
1.126792
1.133653
1.124845
1.103650
1.076357
1.092085
1.196535
1.343357
1.368628
1.487229
1.621344
1.736270
1.818172
1.867799
1.886677
1.740919
1.548208
1.356348
1.131000
1.062251
1.094537
1.115272
1.118567
1.111113
1.100567
1.135106
1.289037
1.323584
1.335177
1.463826
1.603126
1.725882
1.811695
1.862300
1.760733
1.594244
1.428500
1.212373
1.187445
1.213687
1.222461
1.224863
1.213418
1.191014
1.164708
1.176759
1.294384
1.305479
1.323388
1.336990
1.444565
1.573536
1.688854
1.780574
1.835529
1.716235
1.550673
1.340309
1.118871
1.099552
1.112904
1.119591
1.113711
1.097068
1.077506
1.105589
1.247800
1.268729
1.285970
1.294986
1.402878
1.527742
1.642648
1.732266
1.783370
1.660070
1.494090
1.327085
1.116581
1.049288
1.071148
1.086517
1.090878
1.084891
1.076488
1.066915
1.199350
1.227791
1.251178
1.387773
1.539142
1.676859
1.778201
1.838931
1.861833
1.718970
1.538073
1.317275
1.087214
1.112569
1.127484
1.135524
1.128611
1.110212
1.088394
1.110630
1.232099
1.241738
1.259061
1.393748
1.545190
1.684467
1.789244
1.851396
1.873408
1.729953
1.548256
1.331377
1.099048
1.120674
1.136193
1.145247
1.140817
1.125478
1.107397
1.086305
1.207433
1.222114
1.246067
1.381583
1.536851
1.682701
1.795722
1.868257
1.896800
1.757401
1.574622
1.354432
1.120024
1.099235
1.111462
1.116121
1.104199
1.080207
1.052503
1.072616
1.157618
1.282919
1.292514
1.430109
1.576698
1.700541
1.788058
1.838635
1.853110
1.706274
1.520590
1.338858
1.124356
1.004811
1.041139
1.066370
1.074432
1.068856
1.062277
1.095651
1.232980
1.406871
1.444568
1.442887
1.550572
1.662541
1.759049
1.827727
1.866003
1.737213
1.560486
1.338390
1.203254
1.232408
1.241500
1.243793
1.233647
1.211931
1.184968
1.154899
1.270994
1.286848
1.307322
1.438957
1.589960
1.728816
1.831851
1.891200
1.905319
1.753111
1.561540
1.336774
1.103107
1.041576
1.063742
1.074114
1.064377
1.041944
1.015215
1.035793
1.128965
1.267646
1.286941
1.424968
1.569382
1.690241
1.774120
1.823227
1.841897
1.701144
1.516873
1.336750
1.119108
0.996947
1.026717
1.048275
1.054829
1.053104
1.045601
1.071165
1.166008
1.172420
1.182045
1.318517
1.477372
1.623806
1.729491
1.801624
1.844750
1.719037
1.543667
1.327835
1.094121
1.080594
1.093821
1.100307
1.095646
1.080599
1.062156
1.042341
1.167719
1.337713
1.369515
1.369188
1.475239
1.584475
1.674954
1.732774
1.753339
1.611294
1.436255
1.262536
1.049790
0.967670
1.002254
1.024935
1.030351
1.024587
1.016357
1.006625
1.136438
1.303988
1.340957
1.345555
1.455650
1.571262
1.668852
1.734750
1.766650
1.637708
1.469579
1.299453
1.082947
1.069974
1.095776
1.115007
1.121847
1.117761
1.111710
1.104049
1.234181
1.260328
1.281160
1.414287
1.563783
1.702267
1.802634
1.864582
1.890657
1.750979
1.567907
1.349862
1.115154
1.101493
1.117138
1.125273
1.116953
1.096466
1.072392
1.095055
1.224950
1.239530
1.256091
1.338087
1.457182
1.582326
1.688761
1.759126
1.793545
1.658505
1.488035
1.326594
1.127672
1.003265
1.033246
1.055194
1.065553
1.065377
1.065730
1.088771
1.223576
1.398262
1.436904
1.440809
1.552432
1.670762
1.774533
1.850327
1.894765
1.770356
1.596673
1.374955
1.212038
1.240592
1.250102
1.251718
1.238696
1.213624
1.183934
1.197813
1.314813
1.460695
1.487775
1.490345
1.594170
1.704274
1.796456
1.854672
1.869902
1.723163
1.533301
1.341639
1.113553
1.054496
1.085978
1.105260
1.106326
1.094965
1.078889
1.102988
1.236893
1.399153
1.433026
1.430830
1.535446
1.641799
1.728164
1.783148
1.804895
1.666095
1.492871
1.316101
1.102967
1.039078
1.067997
1.089338
1.098930
1.095144
1.089758
1.122301
1.258121
1.284367
1.302035
1.438301
1.587905
1.722600
1.819000
1.878648
1.905981
1.770266
1.585648
1.359486
1.139837
1.176230
1.188144
1.193126
1.185002
1.165324
1.141065
1.113623
1.235390
1.252318
1.272035
1.404768
1.555506
1.692911
1.794012
1.850807
1.870825
1.727365
1.539337
1.316203
1.081575
1.042987
1.056405
1.062418
1.053607
1.032471
1.008355
1.037388
1.166633
1.177701
1.195449
1.327848
1.476712
1.613290
1.719015
1.781193
1.799643
1.656265
1.469887
1.280862
1.055313
0.990661
1.016309
1.032679
1.035816
1.031276
1.020118
1.047385
1.183062
1.203893
1.219407
1.352576
1.498796
1.630002
1.724921
1.776958
1.792941
1.649572
1.472913
1.297713
1.086426
0.985576
1.022625
1.048620
1.056617
1.053051
1.047160
1.082931
1.228664
1.263669
1.281317
1.287909
1.394863
1.521978
1.642529
1.739483
1.797722
1.682336
1.517346
1.303342
1.157488
1.191147
1.205297
1.212330
1.206132
1.188349
1.166036
1.138793
1.256504
1.270737
1.295249
1.429471
1.584287
1.730111
1.840663
1.912342
1.939125
1.797227
1.613783
1.391635
1.156540
1.144780
1.159246
1.165999
1.155352
1.129092
1.098612
1.112777
1.214534
1.361980
1.392565
1.403626
1.521289
1.646960
1.757420
1.837766
1.879438
1.749908
1.572435
1.390686
1.166277
1.118971
1.145735
1.160709
1.158322
1.143456
1.125892
1.152122
1.288874
1.458564
1.494129
1.491472
1.592953
1.697161
1.783872
1.838041
1.854484
1.704945
1.517281
1.293980
1.061861
1.102817
1.121757
1.132773
1.131100
1.117886
1.101043
1.082279
1.206390
1.224880
1.245098
1.379501
1.531942
1.672261
1.776745
1.837335
1.855790
1.711400
1.529004
1.323271
1.085153
1.011772
1.035136
1.050375
1.051049
1.039849
1.026750
1.059234
1.196954
1.357437
1.389441
1.391528
1.499731
1.612170
1.707152
1.771208
1.802297
1.668061
1.494386
1.325201
1.108459
1.093814
1.122362
1.143220
1.149660
1.144927
1.137353
1.168976
1.308393
1.336902
1.355452
1.364301
1.473297
1.599770
1.711160
1.799160
1.852337
1.736459
1.575146
1.365505
1.140687
1.141270
1.152433
1.155963
1.145998
1.124355
1.098210
1.080569
1.198830
1.356210
1.384895
1.392721
1.504357
1.622179
1.722939
1.794028
1.822615
1.680607
1.500911
1.323780
1.103649
1.048863
1.074289
1.091796
1.095589
1.088049
1.077245
1.110377
1.250232
1.275535
1.295036
1.330857
1.441851
1.568933
1.682917
1.770476
1.818190
1.691886
1.522687
1.314163
1.087819
1.131557
1.151003
1.162542
1.159909
1.143934
1.124453
1.146584
1.265877
1.415387
1.446427
1.455297
1.567798
1.687564
1.789372
1.862322
1.898084
1.764138
1.584006
1.402103
1.177285
1.133397
1.158476
1.174824
1.175993
1.164933
1.150680
1.177890
1.287526
1.437617
1.471152
1.476745
1.589511
1.709083
1.813498
1.886124
1.924402
1.792923
1.612994
1.391553
1.157095
1.196944
1.217360
1.229345
1.226518
1.210912
1.191368
1.214932
1.330289
1.477149
1.504993
1.509156
1.618817
1.735505
1.834667
1.902516
1.932687
1.793801
1.612830
1.393228
1.164789
1.147509
1.171311
1.183442
1.176399
1.155730
1.131681
1.154527
1.281314
1.435629
1.466841
1.474465
1.585378
1.699761
1.796289
1.861167
1.888367
1.747003
1.567070
1.389558
1.170516
1.111146
1.146267
1.170252
1.176730
1.171053
1.162153
1.194057
1.327607
1.488550
1.523706
1.524536
1.629598
1.741007
1.838046
1.903856
1.932268
1.793673
1.608731
1.382633
1.165439
1.208045
1.227247
1.238240
1.234783
1.216526
1.193695
1.211991
1.320805
1.459675
1.487284
1.494567
1.605186
1.723784
1.821723
1.890103
1.925774
1.795564
1.614780
1.432326
1.203752
1.147689
1.171503
1.187089
1.187510
1.173398
1.155535
1.174510
1.289042
1.436519
1.468643
1.475023
1.586486
1.703297
1.798183
1.861436
1.891801
1.755562
1.576123
1.358899
1.122670
1.146065
1.157619
1.160493
1.150570
1.127837
1.100574
1.090599
1.202769
1.276883
1.291767
1.302877
1.415298
1.544564
1.662295
1.750061
1.796653
1.668395
1.499469
1.330510
1.110109
1.066170
1.085342
1.095986
1.093960
1.079552
1.062216
1.050983
1.178262
1.297030
1.318797
1.330128
1.443086
1.568949
1.680190
1.763077
1.806372
1.677439
1.510241
1.344609
1.126678
1.094402
1.117477
1.131824
1.132730
1.121478
1.107599
1.113057
1.234941
1.388104
1.418831
1.428837
1.541224
1.663936
1.773086
1.852634
1.893420
1.763819
1.589044
1.370966
1.148130
1.184247
1.195132
1.196841
1.183023
1.152115
1.117538
1.113152
1.202829
1.338135
1.366409
1.381661
1.500678
1.631558
1.748878
1.835980
1.879627
1.749588
1.574434
1.400136
1.175945
1.154280
1.176611
1.190071
1.190960
1.176728
1.159765
1.161072
1.271884
1.418028
1.451925
1.464124
1.577140
1.701043
1.812166
1.892288
1.932786
1.801709
1.621502
1.398743
1.162024
1.192098
1.204135
1.207815
1.194624
1.166176
1.132008
1.126190
1.210844
1.346923
1.373094
1.388767
1.511829
1.645811
1.765477
1.853152
1.899698
1.772125
1.596486
1.416790
1.192285
1.126776
1.155660
1.171140
1.167345
1.148438
1.124910
1.125536
1.236636
1.383199
1.404370
1.409881
1.528036
1.653668
1.761313
1.834816
1.872849
1.739816
1.569160
1.402223
1.192905
1.117550
1.142871
1.159709
1.162603
1.152422
1.138548
1.122892
1.241006
1.392985
1.425655
1.437842
1.553218
1.678038
1.789634
1.869563
1.909969
1.779255
1.603478
1.425218
1.200935
1.130198
1.157974
1.173496
1.170828
1.151378
1.128490
1.125914
1.239305
1.390712
1.420614
1.431676
1.548154
1.672250
1.781682
1.859366
1.897847
1.765197
1.587789
1.406651
1.181229
1.119883
1.147983
1.163260
1.160553
1.142608
1.120384
1.122100
1.240533
1.396467
1.424543
1.431634
1.546028
1.666119
1.770149
1.841561
1.873825
1.735765
1.561036
1.390780
1.173557
1.118482
1.145248
1.164355
1.170475
1.162243
1.151878
1.141524
1.260447
1.408860
1.440158
1.452306
1.567704
1.693287
1.805725
1.887487
1.930416
1.802084
1.623652
1.400358
1.205620
1.239516
1.249812
1.250909
1.237313
1.206681
1.171426
1.168206
1.252279
1.379910
1.403343
1.416492
1.533640
1.664778
1.782813
1.869794
1.913161
1.782337
1.605440
1.385820
1.150393
1.184444
1.198270
1.203038
1.193910
1.168435
1.139576
1.134384
1.223749
1.352560
1.378415
1.396660
1.517245
1.650460
1.770084
1.858273
1.902943
1.778364
1.606669
1.404826
1.160437
1.180842
1.203243
1.216691
1.218153
1.204458
1.188283
1.171421
1.275787
1.416128
1.449733
1.464962
1.576961
1.702412
1.817215
1.899870
1.938903
1.808692
1.629491
1.403605
1.214445
1.246250
1.256833
1.257967
1.243798
1.213008
1.176631
1.165930
1.247497
1.373659
1.398514
1.414494
1.533273
1.665168
1.783027
1.867962
1.908534
1.775001
1.598589
1.423875
1.201223
1.129030
1.158282
1.176341
1.176388
1.160254
1.140671
1.140517
1.255796
1.406038
1.437954
1.450302
1.565298
1.689235
1.799433
1.879194
1.919270
1.788396
1.609820
1.427078
1.198432
1.162482
1.189965
1.205140
1.202815
1.185126
1.162004
1.158288
1.273998
1.422163
1.451316
1.461188
1.573867
1.694189
1.798945
1.870317
1.900215
1.760051
1.583388
1.411282
1.191151
1.120420
1.145394
1.162438
1.165533
1.150009
1.130240
1.132048
1.246900
1.389551
1.417099
1.430321
1.546673
1.670961
1.780514
1.858437
1.898657
1.768972
1.592974
1.414590
1.187060
1.147138
1.167813
1.179343
1.178342
1.164757
1.147114
1.125917
1.246374
1.395311
1.421041
1.429104
1.543202
1.666165
1.771392
1.844466
1.879602
1.744357
1.570712
1.400014
1.179257
1.118313
1.144052
1.161947
1.164703
1.151919
1.136481
1.141572
1.256869
1.401695
1.431317
1.445371
1.561825
1.688269
1.801937
1.885412
1.929837
1.803124
1.628386
1.449571
1.220326
1.199871
1.220492
1.231864
1.229039
1.209910
1.186375
1.183274
1.289083
1.422567
1.447961
1.444698
1.539776
1.658077
1.771659
1.861555
1.913359
1.791376
1.621162
1.447142
1.221869
1.194127
1.214759
1.226147
1.223649
1.208422
1.187754
1.162531
1.271478
1.411106
1.436981
1.449455
1.564859
1.691641
1.804868
1.885825
1.924478
1.791370
1.616517
1.441478
1.224287
1.058268
1.093485
1.115476
1.119048
1.101391
1.077202
1.079837
1.178054
1.319474
1.345507
1.359135
1.484828
1.616682
1.730686
1.810040
1.854498
1.729872
1.562320
1.391729
1.176159
1.123883
1.148957
1.162166
1.160624
1.148308
1.131205
1.110876
1.225386
1.378794
1.403739
1.409473
1.520950
1.642834
1.750593
1.830703
1.871926
1.741716
1.568712
1.352627
1.125066
1.164393
1.186633
1.196785
1.189995
1.165165
1.136452
1.125961
1.214016
1.339098
1.368637
1.390363
1.514035
1.652599
1.780181
1.877476
1.936862
1.824895
1.656137
1.480213
1.252278
1.194598
1.220429
1.230943
1.221083
1.193769
1.157175
1.125122
1.185471
1.301072
1.321779
1.339547
1.469344
1.613161
1.743257
1.836337
1.892567
1.778890
1.612594
1.442558
1.221917
1.157951
1.178359
1.188258
1.187854
1.173030
1.153577
1.132970
1.244965
1.386529
1.408416
1.413082
1.512540
1.630894
1.741765
1.826664
1.874923
1.753083
1.589162
1.425808
1.220236
1.040752
1.088284
1.114357
1.121550
1.112851
1.097769
1.075740
1.183449
1.337421
1.368008
1.380098
1.503013
1.631966
1.745609
1.823919
1.870219
1.751568
1.589648
1.425294
1.208673
1.149541
1.169064
1.179499
1.177797
1.163710
1.144930
1.130889
1.245954
1.391395
1.410267
1.402516
1.494666
1.607463
1.713641
1.796795
1.844872
1.733226
1.569165
1.404261
1.197680
1.024978
1.069354
1.091903
1.095907
1.082396
1.062089
1.040717
1.131619
1.278160
1.305598
1.318443
1.444853
1.579727
1.699675
1.785685
1.838895
1.725905
1.567994
1.406102
1.199948
1.125901
1.154222
1.170956
1.173216
1.162237
1.147019
1.128277
1.244761
1.396256
1.420397
1.427841
1.541895
1.666290
1.776827
1.857234
1.898337
1.768216
1.593141
1.415686
1.189257
1.114971
1.140452
1.154121
1.149587
1.122547
1.094768
1.074479
1.152375
1.281503
1.442796
1.479180
1.613987
1.742488
1.840582
1.897768
1.925329
1.794826
1.614540
1.433951
1.203857
1.187624
1.213089
1.227912
1.230833
1.221879
1.209618
1.191153
1.289896
1.420911
1.446916
1.435225
1.525699
1.643952
1.760574
1.853766
1.910818
1.796644
1.632150
1.463055
1.239867
1.217750
1.239058
1.249595
1.248627
1.231520
1.210590
1.187395
1.289126
1.417950
1.439969
1.430064
1.521247
1.640265
1.757641
1.853700
1.912668
1.799733
1.632998
1.466426
1.245294
1.196284
1.213760
1.220685
1.215165
1.197652
1.175069
1.155517
1.253391
1.378854
1.398767
1.413830
1.532435
1.663001
1.779623
1.864742
1.906253
1.774250
1.598086
1.421054
1.198229
1.055500
1.085259
1.100030
1.095472
1.073933
1.050828
1.050671
1.145705
1.279460
1.303439
1.320792
1.447396
1.584239
1.707071
1.798455
1.849350
1.858643
1.708630
1.510832
1.283528
1.045796
1.091736
1.123021
1.137248
1.135278
1.126513
1.111741
1.229981
1.377267
1.407534
1.417252
1.534457
1.657413
1.763474
1.832644
1.866396
1.733070
1.562915
1.398420
1.183142
1.112516
1.138307
1.153039
1.157387
1.142481
1.123422
1.105253
1.216524
1.356107
1.379986
1.393240
1.503580
1.628771
1.743349
1.829519
1.879034
1.759166
1.594099
1.426867
1.205044
1.135841
1.154817
1.162596
1.157178
1.135761
1.110275
1.113514
1.227727
1.375037
1.397883
1.405848
1.521046
1.645442
1.755239
1.833245
1.871774
1.740685
1.568908
1.396823
1.177575
1.059264
1.088483
1.103948
1.100425
1.078377
1.064109
1.047111
1.124060
1.253603
1.276486
1.429193
1.590670
1.730183
1.831930
1.890243
1.917691
1.787058
1.609822
1.434358
1.209310
1.172875
1.202362
1.220900
1.227098
1.218842
1.207736
1.193757
1.295043
1.426097
1.453803
1.443376
1.532242
1.646712
1.760412
1.850071
1.900022
1.785589
1.628151
1.417067
1.256124
1.278749
1.283489
1.277318
1.256882
1.220067
1.177663
1.175650
1.264593
1.383603
1.392645
1.370686
1.463251
1.583270
1.699263
1.789423
1.840711
1.836844
1.677638
1.485530
1.265676
1.034503
0.968619
1.007903
1.031431
1.037609
1.037224
1.031246
1.144773
1.296730
1.333174
1.344675
1.466132
1.593900
1.704539
1.783327
1.829269
1.714316
1.552748
1.389538
1.173351
1.178675
1.207731
1.225227
1.232623
1.227428
1.219313
1.208465
1.313081
1.450341
1.479042
1.460764
1.546452
1.658517
1.769347
1.855525
1.904118
1.791031
1.634336
1.419655
1.286896
1.312931
1.320208
1.317318
1.298012
1.260363
1.214902
1.215083
1.294693
1.414728
1.564833
1.566276
1.661549
1.770337
1.864541
1.928149
1.961905
1.830948
1.652186
1.469915
1.244614
1.153250
1.187135
1.206445
1.203381
1.187465
1.165803
1.159984
1.259020
1.401929
1.430893
1.442972
1.562122
1.689481
1.801763
1.881119
1.923590
1.797548
1.626163
1.409502
1.216786
1.254972
1.269660
1.274981
1.267019
1.242300
1.211321
1.210595
1.295166
1.413138
1.436470
1.435836
1.528608
1.651581
1.776816
1.881188
1.941902
1.828553
1.661466
1.484933
1.254031
1.294392
1.312855
1.322205
1.313889
1.287976
1.255704
1.241188
1.333139
1.454073
1.477091
1.463230
1.551127
1.669157
1.788783
1.886855
1.944007
1.823858
1.650840
1.471508
1.244332
1.200229
1.226095
1.239548
1.232663
1.208969
1.178157
1.171555
1.279328
1.418413
1.443870
1.454919
1.569121
1.692195
1.800204
1.877055
1.910669
1.772138
1.592526
1.412683
1.194114
1.030306
1.067504
1.089476
1.091788
1.076763
1.058037
1.068938
1.184703
1.339183
1.511129
1.543476
1.669086
1.782589
1.862240
1.905707
1.922992
1.784732
1.602814
1.422638
1.195675
1.186800
1.215858
1.234998
1.240801
1.232923
1.220508
1.204679
1.308711
1.443800
1.473557
1.458904
1.545195
1.657840
1.769367
1.857856
1.904927
1.785590
1.622889
1.408615
1.244361
1.275348
1.285843
1.286208
1.268725
1.232411
1.191910
1.195814
1.279394
1.401955
1.425637
1.441592
1.562290
1.694758
1.813264
1.899804
1.945711
1.822001
1.655094
1.487518
1.283190
1.062892
1.083933
1.116743
1.128791
1.124995
1.112437
1.115262
1.228574
1.393582
1.429246
1.435972
1.556671
1.678706
1.779602
1.847107
1.887680
1.765221
1.602755
1.433716
1.232164
1.080661
1.106567
1.123286
1.127793
1.119541
1.104914
1.092866
1.218499
0.900000
0.941213
0.976933
1.011126
1.028621
1.034690
1.039738
1.042454
1.040498
1.031503
1.012816
0.981355
0.934537
0.891340
0.926111
0.981437
1.061788
1.168256
1.263798
1.331051
1.329897
1.281822
1.208603
1.164748
1.073153
0.957997
0.848508
0.757129
0.617084
0.578635
0.479116
0.380686
0.309397
0.268619
0.250539
0.232563
0.219488
0.234439
0.252856
0.335476
0.423414
0.501795
0.597500
0.698631
0.738065
0.827366
0.973583
1.079892
1.109196
1.061494
1.077870
1.078888
1.130881
1.242593
1.346340
1.432483
1.501093
1.536836
1.553354
1.562545
1.559417
1.555543
1.543990
1.526465
1.512932
1.498155
1.472724
1.526174
1.632288
1.766796
1.797797
1.881101
1.955500
2.008206
2.035386
2.036329
1.910321
1.739792
1.565195
1.345812
1.329598
1.359108
1.372831
1.369891
1.363182
1.357859
1.344552
1.341749
1.394468
1.452760
1.471843
1.568599
1.711706
1.753529
1.711165
1.742154
1.813581
1.880483
1.928598
1.948203
1.817631
1.619232
1.377500
1.263509
1.283120
1.289879
1.290142
1.290134
1.285099
1.277403
1.293736
1.393968
1.549982
1.608492
1.597614
1.664175
1.746418
1.812920
1.869104
1.780709
1.628994
1.400293
1.379406
1.381859
1.367563
1.342037
1.303315
1.264364
1.217008
1.184735
1.270657
1.360158
1.492389
1.650306
1.811403
1.951646
2.050273
2.095332
1.986841
1.756557
1.515791
1.288396
1.072366
1.027595
1.068886
1.091631
1.101380
1.113597
1.119369
1.127330
1.184009
1.306957
1.480864
1.531695
1.622585
1.737452
1.841110
1.918822
1.966486
1.839304
1.642035
1.434452
1.185927
1.225575
1.252494
1.264692
1.263321
1.260837
1.250777
1.243162
1.336783
1.492494
1.537819
1.670614
1.809580
1.921943
1.994259
1.926563
1.737797
1.517880
1.337160
1.167466
1.197171
1.253515
1.284158
1.295972
1.291151
1.277902
1.257056
1.243270
1.295374
1.415002
1.577424
1.615434
1.734493
1.857707
1.950806
2.010922
2.039993
1.906265
1.695177
1.469508
1.216012
1.193751
1.224850
1.242533
1.242504
1.227831
1.206756
1.198353
1.302797
1.463130
1.503869
1.510467
1.620541
1.736556
1.829482
1.888938
1.924485
1.801551
1.626783
1.449003
1.221983
1.204896
1.230800
1.246340
1.247393
1.231990
1.211318
1.208883
1.323260
1.471045
1.499866
1.507247
1.617871
1.737846
1.841582
1.913525
1.948810
1.817216
1.642732
1.468739
1.246295
1.176545
1.201813
1.217935
1.217852
1.201886
1.181831
1.182199
1.294088
1.432055
1.459856
1.451763
1.543684
1.660504
1.774895
1.868479
1.924092
1.805362
1.636219
1.460320
1.231525
1.242831
1.265252
1.277159
1.273433
1.251770
1.222523
1.217254
1.312551
1.436634
1.460169
1.451576
1.540911
1.656461
1.771641
1.865957
1.917594
1.794509
1.622562
1.402486
1.212912
1.242798
1.249857
1.245803
1.224373
1.182935
1.179086
1.187762
1.280870
1.407726
1.428600
1.438798
1.552471
1.676121
1.783030
1.857508
1.895568
1.767645
1.589249
1.408444
1.181636
1.116844
1.141086
1.155036
1.151726
1.133233
1.108399
1.111820
1.213737
1.356772
1.388868
1.409932
1.529474
1.660086
1.777634
1.865858
1.919921
1.807847
1.634039
1.448374
1.213233
1.239012
1.260743
1.269445
1.260610
1.236750
1.206749
1.191017
1.287205
1.421316
1.451922
1.469139
1.581720
1.710593
1.827995
1.918561
1.970301
1.852997
1.669927
1.473729
1.229117
1.226925
1.247050
1.256226
1.249084
1.223444
1.191005
1.177504
1.269153
1.403458
1.563476
1.540390
1.621915
1.725788
1.823846
1.897230
1.940972
1.813650
1.633560
1.449149
1.220692
1.212073
1.245593
1.264378
1.263832
1.245010
1.220438
1.213240
1.309994
1.446978
1.478287
1.491035
1.605180
1.731302
1.844670
1.927177
1.970599
1.848373
1.668569
1.479474
1.241486
1.237537
1.258803
1.269181
1.261479
1.235335
1.201187
1.190656
1.282192
1.408953
1.431969
1.428162
1.522461
1.640231
1.751096
1.837874
1.885404
1.759872
1.590273
1.420271
1.200879
1.131620
1.152838
1.162962
1.158579
1.138146
1.111833
1.126917
1.249425
1.403273
1.429541
1.435690
1.546609
1.664011
1.765784
1.837880
1.869380
1.733328
1.559885
1.392261
1.181055
1.082933
1.117877
1.143391
1.152241
1.146208
1.137395
1.147329
1.269643
1.418914
1.452281
1.463525
1.571643
1.693909
1.806279
1.892797
1.947811
1.839924
1.673105
1.497223
1.265950
1.296529
1.316801
1.326522
1.320271
1.297567
1.268074
1.231532
1.321414
1.446343
1.475815
1.496473
1.603731
1.722122
1.827536
1.903108
1.941859
1.824692
1.654583
1.430084
1.267001
1.290290
1.295081
1.288703
1.264069
1.222080
1.194114
1.199877
1.279348
1.395898
1.488368
1.477391
1.565788
1.678297
1.785503
1.865685
1.908786
1.786227
1.616269
1.441616
1.275009
1.055840
1.102697
1.132432
1.139001
1.128769
1.113006
1.116021
1.234632
1.385770
1.414709
1.422422
1.540309
1.662844
1.767322
1.837176
1.872015
1.741399
1.570459
1.402454
1.185701
1.143459
1.172170
1.190952
1.196785
1.189979
1.176507
1.157132
1.269819
1.410314
1.436790
1.434836
1.531451
1.651103
1.766119
1.859649
1.914594
1.803229
1.640003
1.468724
1.245558
1.191653
1.220779
1.235354
1.225384
1.191629
1.148028
1.154119
1.245689
1.379543
1.537767
1.571368
1.698835
1.818540
1.908771
1.961194
1.977554
1.835557
1.644683
1.447627
1.211557
1.149777
1.181919
1.200285
1.198396
1.176818
1.146456
1.155440
1.267155
1.409130
1.435652
1.447028
1.562686
1.685027
1.788535
1.860298
1.898683
1.773425
1.601339
1.428565
1.209004
1.140544
1.168384
1.185007
1.181784
1.160792
1.134282
1.152357
1.259558
1.396883
1.427104
1.436419
1.538648
1.661665
1.779356
1.873366
1.934483
1.829009
1.661102
1.480462
1.244962
1.274901
1.290872
1.295471
1.281765
1.248426
1.205994
1.219097
1.308511
1.428236
1.444561
1.431262
1.523088
1.643001
1.763017
1.860424
1.913794
1.791010
1.619857
1.443421
1.215625
1.175590
1.194195
1.201255
1.190733
1.160354
1.127769
1.139557
1.237044
1.368330
1.525736
1.560265
1.688929
1.809970
1.901900
1.954627
1.975989
1.837485
1.645228
1.448828
1.212328
1.149005
1.179614
1.193976
1.185490
1.156252
1.120175
1.117773
1.202318
1.333005
1.496196
1.534037
1.666533
1.791255
1.884982
1.940964
1.965048
1.828919
1.637190
1.438512
1.200502
1.183476
1.214203
1.229049
1.222535
1.197014
1.165072
1.163180
1.265420
1.406018
1.569915
1.582800
1.686482
1.797145
1.891555
1.956022
1.983318
1.849106
1.657410
1.453406
1.211033
1.260941
1.286882
1.301303
1.297778
1.277919
1.249402
1.235076
1.328863
1.450405
1.443751
1.415783
1.501204
1.620225
1.741507
1.836343
1.896567
1.787442
1.619416
1.446049
1.224440
1.143068
1.174845
1.191672
1.184630
1.158260
1.126382
1.115673
1.206058
1.337037
1.498714
1.541132
1.674432
1.802142
1.903772
1.967631
2.000179
1.991264
1.827254
1.607121
1.365706
1.139806
1.191444
1.222300
1.231520
1.225672
1.212894
1.209326
1.288692
1.424982
1.457781
1.467258
1.586231
1.716701
1.829329
1.906770
1.954009
1.833547
1.663922
1.492551
1.272091
1.196640
1.219757
1.233071
1.229811
1.210718
1.185150
1.181696
1.285002
1.417022
1.570141
1.600435
1.724368
1.843092
1.936290
1.990131
2.011491
1.873183
1.677811
1.477565
1.237288
1.217095
1.244681
1.256845
1.248629
1.223374
1.190394
1.173979
1.269655
1.398001
1.425719
1.407715
1.490222
1.605670
1.722457
1.819620
1.876431
1.764476
1.598497
1.424188
1.196936
1.184330
1.208712
1.221525
1.217189
1.197760
1.172057
1.164051
1.263696
1.393164
1.418755
1.403098
1.491676
1.612406
1.734414
1.836796
1.899656
1.792547
1.630763
1.459285
1.236786
1.176355
1.205142
1.217715
1.207090
1.175916
1.138350
1.136704
1.209917
1.331880
1.489978
1.530915
1.668177
1.800891
1.905139
1.969163
2.000623
1.871836
1.685384
1.491535
1.254921
1.235946
1.264918
1.278765
1.270422
1.243551
1.208767
1.207564
1.303679
1.433010
1.459641
1.476279
1.589208
1.714960
1.829202
1.912268
1.959654
1.841334
1.665219
1.480435
1.245141
1.176836
1.192240
1.196095
1.179269
1.140826
1.132582
1.112344
1.192017
1.316462
1.474093
1.509575
1.643380
1.770710
1.867914
1.923168
1.947850
1.812904
1.627010
1.439621
1.222769
1.096535
1.135590
1.159032
1.159299
1.140731
1.115727
1.084937
1.188331
1.329854
1.355436
1.370240
1.492769
1.625739
1.744745
1.832346
1.884618
1.773013
1.607967
1.434609
1.209921
1.171940
1.197950
1.209841
1.200027
1.169958
1.157149
1.160622
1.265291
1.403652
1.425879
1.436970
1.553059
1.678224
1.787960
1.865028
1.905932
1.783096
1.610916
1.435269
1.212989
1.104710
1.134816
1.151586
1.147018
1.122040
1.108075
1.110573
1.217754
1.361802
1.528760
1.565665
1.695170
1.815421
1.907841
1.960798
1.984983
1.851425
1.662349
1.468554
1.231412
1.233823
1.258096
1.271851
1.265251
1.242361
1.212912
1.176346
1.264551
1.389046
1.417354
1.440350
1.557974
1.694577
1.822997
1.922769
1.984993
1.928867
1.753281
1.552507
1.311249
1.199998
1.230921
1.244916
1.236462
1.206907
1.169811
1.132677
1.206354
1.325284
1.482502
1.525371
1.663849
1.797840
1.904565
1.969346
1.999992
1.966769
1.794163
1.583874
1.345359
1.138963
1.194897
1.225286
1.232353
1.221946
1.204479
1.181455
1.283010
1.424125
1.459206
1.475449
1.592245
1.717305
1.827891
1.903326
1.941376
1.826048
1.663068
1.448189
1.242082
1.281758
1.290880
1.288468
1.267102
1.225162
1.216694
1.211878
1.287190
1.394771
1.535696
1.561963
1.682481
1.808135
1.914935
1.983679
2.018120
1.893130
1.709449
1.521018
1.345307
1.127899
1.179449
1.209529
1.218493
1.205173
1.183924
1.156673
1.251603
