1.923290
0.000000
67.407318
10.684602
11.629790
12.606141
12.481017
11.891495
12.502331
35.098312
0.000000
0.000000
0.000000
0.000000
0.000000
0.000000
0.000000
0.000000
0.000000
0.000000
0.000000
0.000000
0.000000
4.555471
1.936849
0.000000
0.000000
0.000000
0.000000
0.000000
0.000000
0.000000
0.000000
0.000000
0.000000
0.000000
0.000000
0.000000
0.000000
0.000000
0.000000
0.000000
0.000000
0.000000
0.000000
0.000000
139.558273
142.639893
118.884567
90.217262
0.000000
16.047955
8.667892
8.560229
112.371201
0.000000
0.000000
0.000000
-62.771118
-23.844948
0.000000
0.000000
0.000000
0.000000
0.000000
0.000000
155.197067
207.068985
203.041824
162.094727
1.322996
10.842196
10.770209
10.412506
9.667326
0.000000
0.000000
0.000000
0.000000
0.000000
0.000000
0.000000
0.000000
0.000000
2.168486
0.000000
0.000000
24.491169
60.360363
0.000000
0.000000
0.000000
0.000000
0.000000
0.000000
0.000000
0.000000
0.000000
0.000000
0.000000
0.000000
0.000000
0.000000
176.418884
0.000000
11.517159
9.897087
12.226578
21.828819
0.000000
0.000000
0.000000
0.000000
0.000000
0.000000
0.000000
0.000000
0.000000
0.000000
0.000000
0.000000
0.000000
295.193665
249.949997
3.031203
13.308020
11.792192
13.148619
12.758436
0.000000
0.000000
0.000000
0.000000
0.000000
0.000000
0.000000
0.000000
0.000000
0.000000
0.000000
0.000000
0.000000
725.411133
256.459412
2.314333
12.385954
13.004127
71.053093
111.709572
0.000000
0.000000
0.000000
0.000000
0.000000
0.000000
0.000000
0.000000
0.000000
0.000000
0.000000
0.000000
0.000000
875.613098
242.695404
4.156515
13.224074
13.025377
138.019135
135.743515
0.000000
0.000000
0.000000
0.000000
0.000000
0.000000
0.000000
0.000000
0.000000
0.000000
0.000000
0.000000
0.000000
173.002121
236.024597
2.991261
13.064589
12.907406
73.819725
101.738777
0.000000
0.000000
0.000000
0.000000
0.000000
0.000000
0.000000
0.000000
0.000000
0.000000
0.000000
0.000000
0.000000
191.353317
246.660019
3.094251
12.822005
12.847340
62.032047
100.439285
0.000000
0.000000
0.000000
0.000000
0.000000
0.000000
0.000000
0.000000
0.000000
0.000000
0.000000
0.000000
0.000000
707.488342
258.324219
2.712452
12.829000
13.063745
106.281067
130.522690
0.000000
0.000000
0.000000
0.000000
0.000000
0.000000
0.000000
0.000000
0.000000
0.000000
0.000000
0.000000
0.000000
0.000000
249.290100
4.255910
13.031767
12.447494
105.045219
128.604813
0.000000
0.000000
0.000000
0.000000
0.000000
0.000000
0.000000
0.000000
0.000000
0.000000
0.000000
0.000000
0.000000
240.522186
246.066071
3.037894
12.705441
12.716454
107.626129
10.118138
0.000000
0.000000
0.000000
0.000000
0.000000
0.000000
0.000000
0.000000
0.000000
0.000000
0.000000
0.000000
0.000000
0.000000
274.079590
0.000000
12.873281
12.713969
107.499237
123.307404
0.000000
0.000000
0.000000
0.000000
0.000000
0.000000
0.000000
0.000000
0.000000
0.000000
0.000000
0.000000
0.000000
271.455994
233.755707
2.738335
13.025131
13.046187
12.608953
106.535049
0.000000
0.000000
0.000000
0.000000
0.000000
0.000000
0.000000
0.000000
0.000000
0.000000
0.000000
0.000000
0.000000
0.000000
270.473663
0.000000
12.663690
13.009405
86.503220
130.797256
0.000000
0.000000
0.000000
0.000000
0.000000
0.000000
0.000000
0.000000
0.000000
0.000000
0.000000
0.000000
0.000000
174.238586
237.433075
0.000000
13.268771
12.898504
115.788536
129.385956
0.000000
0.000000
0.000000
0.000000
0.000000
0.000000
0.000000
0.000000
0.000000
0.000000
0.000000
0.000000
0.000000
899.125916
239.683929
6.619627
13.104568
12.655046
78.047020
107.472008
0.000000
0.000000
0.000000
0.000000
0.000000
0.000000
0.000000
0.000000
0.000000
0.000000
0.000000
0.000000
0.000000
260.501770
234.811523
3.336482
12.645474
12.858076
70.575012
11.014482
0.000000
0.000000
0.000000
0.000000
0.000000
0.000000
0.000000
0.000000
0.000000
0.000000
0.000000
0.000000
0.000000
0.000000
258.450287
0.000000
12.707693
12.899751
138.245865
130.946289
0.000000
0.000000
0.000000
0.000000
0.000000
0.000000
0.000000
0.000000
0.000000
0.000000
0.000000
0.000000
0.000000
170.064789
230.880280
6.559523
13.200706
13.183277
64.769432
106.236328
0.000000
0.000000
0.000000
0.000000
0.000000
0.000000
0.000000
0.000000
0.000000
0.000000
0.000000
0.000000
0.000000
0.000000
247.174316
6.827795
12.577185
12.648127
105.026360
11.707758
0.000000
0.000000
0.000000
0.000000
0.000000
0.000000
0.000000
0.000000
0.000000
0.000000
0.000000
0.000000
0.000000
0.000000
266.872314
4.934562
12.634369
12.252258
134.612900
29.512543
0.000000
0.000000
0.000000
0.000000
0.000000
0.000000
0.000000
0.000000
0.000000
0.000000
0.000000
0.000000
0.000000
0.000000
271.444214
0.000000
12.587060
12.393929
114.382751
122.430687
0.000000
0.000000
0.000000
0.000000
0.000000
0.000000
0.000000
0.000000
0.000000
0.000000
0.000000
0.000000
0.000000
0.000000
663.126404
2.553882
12.343629
12.593991
121.363632
6.291349
0.000000
0.000000
0.000000
0.000000
0.000000
0.000000
0.000000
0.000000
0.000000
0.000000
0.000000
0.000000
0.000000
238.782166
252.954819
6.834459
12.703847
12.870229
97.694069
115.483025
0.000000
0.000000
0.000000
0.000000
0.000000
0.000000
0.000000
0.000000
0.000000
0.000000
0.000000
0.000000
0.000000
0.000000
211.268417
0.000000
11.708186
12.410738
130.069199
136.295639
0.000000
0.000000
0.000000
0.000000
0.000000
0.000000
0.000000
0.000000
0.000000
0.000000
0.000000
0.000000
0.000000
0.000000
259.529388
0.314071
12.550188
12.814826
102.204796
115.234406
0.000000
0.000000
0.000000
0.000000
0.000000
0.000000
0.000000
0.000000
0.000000
0.000000
0.000000
0.000000
0.000000
0.000000
267.907074
0.000000
12.424667
12.977005
136.203018
138.194183
0.000000
0.000000
0.000000
0.000000
0.000000
0.000000
0.000000
0.000000
0.000000
0.000000
0.000000
0.000000
0.000000
0.000000
264.819427
0.000000
13.230589
12.410882
119.267456
124.362610
0.000000
0.000000
0.000000
0.000000
0.000000
0.000000
0.000000
0.000000
0.000000
0.000000
0.000000
0.000000
0.000000
0.000000
210.835236
2.819723
138.648102
11.560749
135.271896
138.348373
0.000000
0.000000
0.000000
0.000000
0.000000
0.000000
0.000000
0.000000
0.000000
0.000000
0.000000
0.000000
0.000000
0.000000
254.485092
0.000000
12.473669
12.732223
113.309669
8.824213
0.000000
0.000000
0.000000
0.000000
0.000000
0.000000
0.000000
0.000000
0.000000
0.000000
0.000000
0.000000
0.000000
255.070160
233.008621
2.676943
13.507820
13.214298
21.030569
104.041008
0.000000
0.000000
0.000000
0.000000
0.000000
0.000000
0.000000
0.000000
0.000000
0.000000
0.000000
0.000000
0.000000
146.115570
224.207550
3.795790
12.798866
12.968715
10.617108
11.570674
0.000000
0.000000
0.000000
0.000000
0.000000
0.000000
0.000000
0.000000
0.000000
0.000000
0.000000
0.000000
455.849762
200.880798
242.939941
0.000000
12.588445
12.510301
135.854355
136.694534
0.000000
0.000000
0.000000
0.000000
0.000000
0.000000
0.000000
0.000000
0.000000
0.000000
0.000000
0.000000
0.000000
0.000000
241.005005
3.954239
12.753999
12.749320
63.977833
104.768967
0.000000
0.000000
0.000000
0.000000
0.000000
0.000000
0.000000
0.000000
0.000000
0.000000
0.000000
0.000000
0.000000
0.000000
265.501190
0.000000
12.772344
12.652788
114.478966
12.116716
0.000000
0.000000
0.000000
0.000000
0.000000
0.000000
0.000000
0.000000
0.000000
0.000000
0.000000
0.000000
0.000000
258.891144
211.583115
2.197474
13.082876
13.164402
48.619946
12.655300
0.000000
0.000000
0.000000
0.000000
0.000000
0.000000
0.000000
0.000000
0.000000
0.000000
0.000000
0.000000
0.000000
190.515594
232.941086
2.898090
12.809390
12.841532
12.306747
81.930008
0.000000
0.000000
0.000000
0.000000
0.000000
0.000000
0.000000
0.000000
0.000000
0.000000
0.000000
0.000000
0.000000
0.000000
602.243896
3.318778
12.288297
12.325864
130.908142
7.224991
0.000000
0.000000
0.000000
0.000000
0.000000
0.000000
0.000000
0.000000
0.000000
0.000000
0.000000
0.000000
0.000000
222.654755
228.462311
2.009079
67.014053
13.182165
50.314186
107.050262
0.000000
0.000000
0.000000
0.000000
0.000000
0.000000
0.000000
0.000000
0.000000
0.000000
0.000000
0.000000
0.000000
187.188354
234.586166
3.016475
13.018122
12.921208
12.190003
130.811600
0.000000
0.000000
0.000000
0.000000
0.000000
0.000000
0.000000
0.000000
0.000000
0.000000
0.000000
0.000000
0.000000
0.000000
246.943436
3.008387
12.933971
12.955532
67.382126
130.149628
0.000000
0.000000
0.000000
0.000000
0.000000
0.000000
0.000000
0.000000
0.000000
0.000000
0.000000
0.000000
0.000000
0.000000
254.540253
0.000000
12.646310
12.175822
85.595924
5.667567
0.000000
0.000000
0.000000
0.000000
0.000000
0.000000
0.000000
0.000000
0.000000
0.000000
0.000000
0.000000
0.000000
157.670654
236.502747
2.995673
50.206203
12.693153
49.705891
101.391762
0.000000
0.000000
0.000000
0.000000
0.000000
0.000000
0.000000
0.000000
0.000000
0.000000
0.000000
0.000000
0.000000
662.265686
243.234589
0.000000
12.430049
12.702028
132.036957
10.412471
0.000000
0.000000
0.000000
0.000000
0.000000
0.000000
0.000000
0.000000
0.000000
0.000000
0.000000
0.000000
0.000000
0.000000
270.685822
0.000000
12.592543
12.711614
126.935402
134.392792
0.000000
0.000000
0.000000
0.000000
0.000000
0.000000
0.000000
0.000000
0.000000
0.000000
0.000000
0.000000
0.000000
189.097519
237.715317
2.056869
12.248622
12.746645
13.603036
11.563925
0.000000
0.000000
0.000000
0.000000
0.000000
0.000000
0.000000
0.000000
0.000000
0.000000
0.000000
0.000000
0.000000
198.936401
240.540558
2.784637
22.790981
12.758534
18.194317
134.856796
0.000000
0.000000
0.000000
0.000000
0.000000
0.000000
0.000000
0.000000
0.000000
0.000000
0.000000
0.000000
0.000000
374.300720
220.586166
0.000000
12.194931
12.687393
12.297112
10.661105
0.000000
0.000000
0.000000
0.000000
0.000000
0.000000
0.000000
0.000000
0.000000
0.000000
0.000000
0.000000
0.000000
116.709068
227.550705
0.000000
12.933205
12.673518
104.189667
130.724823
0.000000
0.000000
0.000000
0.000000
0.000000
0.000000
0.000000
0.000000
0.000000
0.000000
0.000000
0.000000
0.000000
399.299927
249.094360
2.489036
12.276869
12.906914
97.108780
11.326023
0.000000
0.000000
0.000000
0.000000
0.000000
0.000000
0.000000
0.000000
0.000000
0.000000
0.000000
0.000000
0.000000
0.000000
250.955322
5.505054
95.090454
12.357283
87.229683
132.170486
0.000000
0.000000
0.000000
0.000000
0.000000
0.000000
0.000000
0.000000
0.000000
0.000000
0.000000
0.000000
0.000000
947.930298
234.354294
3.643539
12.541648
12.828926
12.620294
11.651203
0.000000
0.000000
0.000000
0.000000
0.000000
0.000000
0.000000
0.000000
0.000000
0.000000
0.000000
0.000000
0.000000
170.785828
232.378769
0.000000
11.785666
12.365454
137.160019
11.447616
0.000000
0.000000
0.000000
0.000000
0.000000
0.000000
0.000000
0.000000
0.000000
0.000000
0.000000
0.000000
0.000000
0.000000
246.439911
0.000000
12.210967
12.626854
106.822403
12.342273
0.000000
0.000000
0.000000
0.000000
0.000000
0.000000
0.000000
0.000000
0.000000
0.000000
0.000000
0.000000
0.000000
0.000000
238.820374
0.000000
11.865608
13.180503
100.109627
101.853386
0.000000
0.000000
0.000000
0.000000
0.000000
0.000000
0.000000
0.000000
0.000000
0.000000
0.000000
0.000000
0.000000
911.299377
235.149933
2.470193
45.938381
13.330654
13.298463
10.521276
0.000000
0.000000
0.000000
0.000000
0.000000
0.000000
0.000000
0.000000
0.000000
0.000000
0.000000
0.000000
0.000000
0.000000
238.551773
2.656038
53.759499
13.219738
11.749423
11.920415
0.000000
0.000000
0.000000
0.000000
0.000000
0.000000
0.000000
0.000000
0.000000
0.000000
0.000000
0.000000
0.000000
0.000000
189.388504
0.000000
119.669960
12.852137
119.322823
11.202030
0.000000
0.000000
0.000000
0.000000
0.000000
0.000000
0.000000
0.000000
0.000000
0.000000
0.000000
0.000000
0.000000
120.640518
258.816223
2.518494
19.324898
12.961076
11.772554
132.599747
0.000000
0.000000
0.000000
0.000000
0.000000
0.000000
0.000000
0.000000
0.000000
0.000000
0.000000
0.000000
0.000000
472.309296
221.716034
0.000000
12.212150
12.512930
11.274603
8.117492
0.000000
0.000000
0.000000
0.000000
0.000000
0.000000
0.000000
0.000000
0.000000
0.000000
0.000000
0.000000
0.000000
0.000000
219.494064
0.000000
135.986191
12.835291
129.614639
136.589294
0.000000
0.000000
0.000000
0.000000
0.000000
0.000000
0.000000
0.000000
0.000000
0.000000
0.000000
0.000000
0.000000
919.389343
246.595474
3.092320
38.609463
12.815946
40.996071
107.746605
0.000000
0.000000
0.000000
0.000000
0.000000
0.000000
0.000000
0.000000
0.000000
0.000000
0.000000
0.000000
0.000000
881.881409
246.265274
0.000000
79.711502
12.920174
70.053505
131.466095
0.000000
0.000000
0.000000
0.000000
0.000000
0.000000
0.000000
0.000000
0.000000
0.000000
0.000000
0.000000
0.000000
0.000000
277.462006
0.000000
12.114731
12.312699
14.549865
11.081450
0.000000
0.000000
0.000000
0.000000
0.000000
0.000000
0.000000
0.000000
0.000000
0.000000
0.000000
0.000000
0.000000
531.532349
238.996613
0.000000
12.848306
11.789808
12.631667
10.967196
0.000000
0.000000
0.000000
0.000000
0.000000
0.000000
0.000000
0.000000
0.000000
0.000000
0.000000
0.000000
0.000000
656.695679
243.428894
0.000000
85.412025
13.084619
63.187016
11.980835
0.000000
0.000000
0.000000
0.000000
0.000000
0.000000
0.000000
0.000000
0.000000
0.000000
0.000000
0.000000
0.000000
578.698425
249.346970
0.000000
39.602394
12.229551
39.806885
11.689362
0.000000
0.000000
0.000000
0.000000
0.000000
0.000000
0.000000
0.000000
0.000000
0.000000
0.000000
0.000000
0.000000
517.869446
246.293884
2.916207
41.911491
13.220352
12.855927
11.923199
0.000000
0.000000
0.000000
0.000000
0.000000
0.000000
0.000000
0.000000
0.000000
0.000000
0.000000
0.000000
0.000000
814.976013
133.519104
4.152626
12.594440
12.243573
12.546741
111.708839
0.000000
0.000000
0.000000
0.000000
0.000000
0.000000
0.000000
0.000000
0.000000
0.000000
0.000000
0.000000
0.000000
123.675201
246.811249
0.000000
126.786102
12.672998
11.448437
11.711561
0.000000
0.000000
0.000000
0.000000
0.000000
0.000000
0.000000
0.000000
0.000000
0.000000
0.000000
0.000000
0.000000
0.000000
0.000000
0.000000
0.000000
0.000000
134.640427
138.065445
0.000000
0.000000
0.000000
0.000000
0.000000
0.000000
0.000000
0.000000
0.000000
0.000000
0.000000
0.000000
0.000000
132.577332
231.450912
0.000000
12.518263
12.683347
13.178679
10.819254
0.000000
0.000000
0.000000
0.000000
0.000000
0.000000
0.000000
0.000000
0.000000
0.000000
0.000000
0.000000
0.000000
0.000000
263.041412
0.000000
61.119537
12.874179
11.427024
9.713440
0.000000
0.000000
0.000000
0.000000
0.000000
0.000000
0.000000
0.000000
0.000000
0.000000
0.000000
0.000000
0.000000
0.000000
0.000000
0.000000
126.002769
11.776855
136.115189
5.414554
0.000000
0.000000
0.000000
0.000000
0.000000
0.000000
0.000000
0.000000
0.000000
0.000000
0.000000
0.000000
0.000000
0.000000
201.164764
0.000000
105.116837
12.488273
11.388072
9.606093
0.000000
0.000000
0.000000
0.000000
0.000000
0.000000
0.000000
0.000000
0.000000
0.000000
0.000000
0.000000
0.000000
0.000000
203.549622
0.000000
12.056735
12.480313
11.765663
9.024791
0.000000
0.000000
0.000000
0.000000
0.000000
0.000000
0.000000
0.000000
0.000000
0.000000
0.000000
0.000000
0.000000
0.000000
257.232361
0.000000
81.636803
12.869842
12.684476
11.786761
0.000000
0.000000
0.000000
0.000000
0.000000
0.000000
0.000000
0.000000
0.000000
0.000000
0.000000
0.000000
0.000000
0.000000
164.643127
1.559226
90.020332
13.017216
12.824015
130.753357
0.000000
0.000000
0.000000
0.000000
0.000000
0.000000
0.000000
0.000000
0.000000
0.000000
0.000000
0.000000
0.000000
0.000000
253.062408
0.000000
24.840317
12.207222
12.442037
112.800011
0.000000
0.000000
0.000000
0.000000
0.000000
0.000000
0.000000
0.000000
0.000000
0.000000
0.000000
0.000000
0.000000
0.000000
132.244919
0.000000
131.203506
11.867852
11.826813
9.063479
0.000000
0.000000
0.000000
0.000000
0.000000
0.000000
0.000000
0.000000
0.000000
0.000000
0.000000
0.000000
0.000000
0.000000
650.538574
0.000000
132.287842
12.792335
11.726431
7.317040
0.000000
0.000000
0.000000
0.000000
0.000000
0.000000
0.000000
0.000000
0.000000
0.000000
0.000000
0.000000
0.000000
0.000000
258.070770
0.479983
27.406315
12.207224
12.582429
134.884201
0.000000
0.000000
0.000000
0.000000
0.000000
0.000000
0.000000
0.000000
0.000000
0.000000
0.000000
0.000000
0.000000
0.000000
165.330597
0.000000
77.732323
12.363813
11.709927
10.349043
0.000000
0.000000
0.000000
0.000000
0.000000
0.000000
0.000000
0.000000
0.000000
0.000000
0.000000
0.000000
0.000000
276.309265
143.073517
0.000000
98.002144
12.562066
12.163456
10.457241
0.000000
0.000000
0.000000
0.000000
0.000000
0.000000
0.000000
0.000000
0.000000
0.000000
0.000000
0.000000
0.000000
583.973938
252.394577
0.000000
92.317314
12.168349
13.091697
9.905055
0.000000
0.000000
0.000000
0.000000
0.000000
0.000000
0.000000
0.000000
0.000000
0.000000
0.000000
0.000000
0.000000
0.000000
148.510727
0.000000
97.352257
12.836168
10.908829
11.804592
0.000000
0.000000
0.000000
0.000000
0.000000
0.000000
0.000000
0.000000
0.000000
0.000000
0.000000
0.000000
0.000000
347.497070
260.587341
0.000000
45.501328
12.514983
12.635982
10.714211
0.000000
0.000000
0.000000
0.000000
0.000000
0.000000
0.000000
0.000000
0.000000
0.000000
0.000000
0.000000
0.000000
0.000000
181.567261
0.000000
60.476517
12.264597
12.704071
9.789948
0.000000
0.000000
0.000000
0.000000
0.000000
0.000000
0.000000
0.000000
0.000000
0.000000
0.000000
0.000000
0.000000
0.000000
737.671448
0.000000
131.009689
12.056612
11.369269
6.831954
0.000000
0.000000
0.000000
0.000000
0.000000
0.000000
0.000000
0.000000
0.000000
0.000000
0.000000
0.000000
0.000000
140.553909
262.196198
0.000000
51.717411
12.207087
12.774431
134.552505
0.000000
0.000000
0.000000
0.000000
0.000000
0.000000
0.000000
0.000000
0.000000
0.000000
0.000000
0.000000
0.000000
0.000000
0.000000
3.831752
133.773560
11.746755
137.495850
8.323494
0.000000
0.000000
0.000000
0.000000
0.000000
0.000000
0.000000
0.000000
0.000000
0.000000
0.000000
0.000000
0.000000
0.000000
288.788086
0.000000
74.035530
12.125731
12.780799
11.540276
0.000000
0.000000
0.000000
0.000000
0.000000
0.000000
0.000000
0.000000
0.000000
0.000000
0.000000
0.000000
0.000000
54.804729
253.759308
0.000000
88.263771
12.221614
12.890737
11.990449
0.000000
0.000000
0.000000
0.000000
0.000000
0.000000
0.000000
0.000000
0.000000
0.000000
0.000000
0.000000
0.000000
0.000000
118.029655
0.000000
125.363922
12.832446
13.217720
11.512801
0.000000
0.000000
0.000000
0.000000
0.000000
0.000000
0.000000
0.000000
0.000000
0.000000
0.000000
0.000000
0.000000
113.313950
238.654419
4.251281
97.553490
12.913925
12.197772
11.956324
0.000000
0.000000
0.000000
0.000000
0.000000
0.000000
0.000000
0.000000
0.000000
0.000000
0.000000
0.000000
0.000000
0.000000
152.790756
0.000000
122.015450
12.407255
104.362984
112.411995
0.000000
0.000000
0.000000
0.000000
0.000000
0.000000
0.000000
0.000000
0.000000
0.000000
0.000000
0.000000
0.000000
374.191467
259.762360
0.000000
97.589378
11.903829
100.448433
12.444895
0.000000
0.000000
0.000000
0.000000
0.000000
0.000000
0.000000
0.000000
0.000000
0.000000
0.000000
0.000000
0.000000
0.000000
268.338654
0.000000
102.362267
12.064089
103.089973
11.678133
0.000000
0.000000
0.000000
0.000000
0.000000
0.000000
0.000000
0.000000
0.000000
0.000000
0.000000
0.000000
0.000000
0.000000
263.497864
0.000000
97.540779
12.807184
12.195505
110.103172
0.000000
0.000000
0.000000
0.000000
0.000000
0.000000
0.000000
0.000000
0.000000
0.000000
0.000000
0.000000
0.000000
0.000000
201.250946
2.159473
109.524788
13.005707
103.597099
11.482868
0.000000
0.000000
0.000000
0.000000
0.000000
0.000000
0.000000
0.000000
0.000000
0.000000
0.000000
0.000000
0.000000
0.000000
273.883453
0.000000
92.429504
12.393545
103.281174
135.060608
0.000000
0.000000
0.000000
0.000000
0.000000
0.000000
0.000000
0.000000
0.000000
0.000000
0.000000
0.000000
0.000000
0.000000
31.440006
1.937012
147.541656
11.917600
12.770331
12.820073
12.903735
12.090154
12.496404
11.355494
12.122299
0.000000
0.000000
0.000000
0.000000
0.000000
0.000000
0.000000
0.000000
0.000000
0.000000
0.000000
0.000000
0.000000
0.000000
0.000000
0.000000
0.000000
0.000000
0.000000
0.000000
0.000000
0.000000
0.000000
0.000000
0.000000
0.000000
0.000000
0.000000
0.000000
0.000000
0.000000
0.000000
0.000000
308.507446
301.002258
3.639475
12.809637
12.137975
12.113367
125.075523
0.000000
0.000000
0.000000
0.000000
0.000000
0.000000
0.000000
0.000000
0.000000
0.000000
0.000000
0.000000
0.000000
184.023209
282.909393
0.000000
126.621521
12.227017
12.513612
136.685516
0.000000
0.000000
0.000000
0.000000
0.000000
0.000000
0.000000
0.000000
0.000000
0.000000
0.000000
0.000000
0.000000
0.000000
265.989319
0.000000
68.897881
11.960215
12.470695
10.398620
0.000000
0.000000
0.000000
0.000000
0.000000
0.000000
0.000000
0.000000
0.000000
0.000000
0.000000
0.000000
0.000000
0.000000
255.433304
0.000000
41.400501
12.685946
12.521834
111.615730
0.000000
0.000000
0.000000
0.000000
0.000000
0.000000
0.000000
0.000000
0.000000
0.000000
0.000000
0.000000
0.000000
0.000000
274.234833
0.000000
76.865814
12.044266
12.398767
128.594925
0.000000
0.000000
0.000000
0.000000
0.000000
0.000000
0.000000
0.000000
0.000000
0.000000
0.000000
0.000000
0.000000
0.000000
272.558746
0.000000
86.582260
12.156946
12.515057
130.542694
0.000000
0.000000
0.000000
0.000000
0.000000
0.000000
0.000000
0.000000
0.000000
0.000000
0.000000
0.000000
0.000000
0.000000
272.763123
0.000000
83.177513
12.100572
11.958735
8.796255
0.000000
0.000000
0.000000
0.000000
0.000000
0.000000
0.000000
0.000000
0.000000
0.000000
0.000000
0.000000
0.000000
0.000000
265.574738
0.000000
45.130726
12.069420
12.385339
109.083519
0.000000
0.000000
0.000000
0.000000
0.000000
0.000000
0.000000
0.000000
0.000000
0.000000
0.000000
0.000000
0.000000
0.000000
260.397705
0.000000
47.475243
11.942648
12.361878
9.055814
0.000000
0.000000
0.000000
0.000000
0.000000
0.000000
0.000000
0.000000
0.000000
0.000000
0.000000
0.000000
0.000000
564.842468
263.115845
0.000000
113.802406
12.049308
12.629836
10.007974
0.000000
0.000000
0.000000
0.000000
0.000000
0.000000
0.000000
0.000000
0.000000
0.000000
0.000000
0.000000
0.000000
0.000000
278.649597
0.000000
129.584229
12.482843
11.329778
8.477125
0.000000
0.000000
0.000000
0.000000
0.000000
0.000000
0.000000
0.000000
0.000000
0.000000
0.000000
0.000000
0.000000
0.000000
282.351868
0.000000
58.247692
12.841473
12.686851
125.791336
0.000000
0.000000
0.000000
0.000000
0.000000
0.000000
0.000000
0.000000
0.000000
0.000000
0.000000
0.000000
0.000000
264.022430
243.974533
1.920824
12.193552
12.239283
12.581654
11.205934
0.000000
0.000000
0.000000
0.000000
0.000000
0.000000
0.000000
0.000000
0.000000
0.000000
0.000000
0.000000
0.000000
0.000000
265.894470
0.000000
118.742271
12.517831
12.720063
9.792657
0.000000
0.000000
0.000000
0.000000
0.000000
0.000000
0.000000
0.000000
0.000000
0.000000
0.000000
0.000000
0.000000
0.000000
255.735977
0.000000
134.954330
12.387308
12.194319
8.676250
0.000000
0.000000
0.000000
0.000000
0.000000
0.000000
0.000000
0.000000
0.000000
0.000000
0.000000
0.000000
0.000000
0.000000
272.089325
0.000000
114.110634
12.353825
12.281446
13.868646
0.000000
0.000000
0.000000
0.000000
0.000000
0.000000
0.000000
0.000000
0.000000
0.000000
0.000000
0.000000
0.000000
0.000000
272.366974
0.000000
91.014702
12.078955
12.625682
8.365026
0.000000
0.000000
0.000000
0.000000
0.000000
0.000000
0.000000
0.000000
0.000000
0.000000
0.000000
0.000000
0.000000
0.000000
266.410522
0.000000
98.340607
12.730648
12.569581
111.406311
0.000000
0.000000
0.000000
0.000000
0.000000
0.000000
0.000000
0.000000
0.000000
0.000000
0.000000
0.000000
0.000000
155.070343
241.641464
2.746055
12.868925
12.140247
12.719367
104.413055
0.000000
0.000000
0.000000
0.000000
0.000000
0.000000
0.000000
0.000000
0.000000
0.000000
0.000000
0.000000
0.000000
0.000000
269.944031
0.000000
107.118217
11.825131
11.988187
9.463758
0.000000
0.000000
0.000000
0.000000
0.000000
0.000000
0.000000
0.000000
0.000000
0.000000
0.000000
0.000000
0.000000
0.000000
259.349213
0.000000
129.931732
12.430578
12.321800
13.351377
0.000000
0.000000
0.000000
0.000000
0.000000
0.000000
0.000000
0.000000
0.000000
0.000000
0.000000
0.000000
0.000000
0.000000
275.548584
0.000000
88.149132
12.022529
12.273726
127.911324
0.000000
0.000000
0.000000
0.000000
0.000000
0.000000
0.000000
0.000000
0.000000
0.000000
0.000000
0.000000
0.000000
0.000000
261.404388
0.000000
71.894287
12.530414
12.630056
132.172836
0.000000
0.000000
0.000000
0.000000
0.000000
0.000000
0.000000
0.000000
0.000000
0.000000
0.000000
0.000000
0.000000
0.000000
272.198334
0.000000
81.730492
11.932376
12.371480
85.456772
0.000000
0.000000
0.000000
0.000000
0.000000
0.000000
0.000000
0.000000
0.000000
0.000000
0.000000
0.000000
0.000000
0.000000
174.266403
0.000000
123.206154
12.481558
12.368846
12.097601
0.000000
0.000000
0.000000
0.000000
0.000000
0.000000
0.000000
0.000000
0.000000
0.000000
0.000000
0.000000
0.000000
390.410065
263.132446
0.000000
88.550026
11.952760
11.419330
8.979006
0.000000
0.000000
0.000000
0.000000
0.000000
0.000000
0.000000
0.000000
0.000000
0.000000
0.000000
0.000000
0.000000
0.000000
279.832306
0.000000
83.749298
11.891368
12.094995
9.836205
0.000000
0.000000
0.000000
0.000000
0.000000
0.000000
0.000000
0.000000
0.000000
0.000000
0.000000
0.000000
0.000000
0.000000
135.929642
0.000000
133.023193
11.617185
12.469732
134.431976
0.000000
0.000000
0.000000
0.000000
0.000000
0.000000
0.000000
0.000000
0.000000
0.000000
0.000000
0.000000
0.000000
235.713257
239.844345
1.820102
33.481110
12.532931
12.666315
12.414639
0.000000
0.000000
0.000000
0.000000
0.000000
0.000000
0.000000
0.000000
0.000000
0.000000
0.000000
0.000000
0.000000
0.000000
261.384583
0.000000
101.965309
12.330531
11.979691
10.575789
0.000000
0.000000
0.000000
0.000000
0.000000
0.000000
0.000000
0.000000
0.000000
0.000000
0.000000
0.000000
0.000000
0.000000
260.135803
0.000000
112.154724
11.622037
12.398062
13.306184
0.000000
0.000000
0.000000
0.000000
0.000000
0.000000
0.000000
0.000000
0.000000
0.000000
0.000000
0.000000
0.000000
0.000000
166.152206
0.000000
133.572281
11.758644
12.498505
9.575232
0.000000
0.000000
0.000000
0.000000
0.000000
0.000000
0.000000
0.000000
0.000000
0.000000
0.000000
0.000000
0.000000
506.130554
270.001068
0.000000
106.251945
11.777033
12.251162
12.118119
0.000000
0.000000
0.000000
0.000000
0.000000
0.000000
0.000000
0.000000
0.000000
0.000000
0.000000
0.000000
0.000000
0.000000
256.624176
0.000000
90.999306
11.994266
12.741799
11.674847
0.000000
0.000000
0.000000
0.000000
0.000000
0.000000
0.000000
0.000000
0.000000
0.000000
0.000000
0.000000
0.000000
0.000000
96.050003
0.000000
132.626709
11.475821
12.326046
10.013773
0.000000
0.000000
0.000000
0.000000
0.000000
0.000000
0.000000
0.000000
0.000000
0.000000
0.000000
0.000000
0.000000
333.813416
280.124695
0.000000
112.707855
12.213769
12.418551
13.800421
0.000000
0.000000
0.000000
0.000000
0.000000
0.000000
0.000000
0.000000
0.000000
0.000000
0.000000
0.000000
0.000000
0.000000
270.651154
0.000000
95.555069
11.968854
12.383307
10.162581
0.000000
0.000000
0.000000
0.000000
0.000000
0.000000
0.000000
0.000000
0.000000
0.000000
0.000000
0.000000
0.000000
0.000000
252.396744
0.000000
117.433502
12.177304
12.746037
11.215054
0.000000
0.000000
0.000000
0.000000
0.000000
0.000000
0.000000
0.000000
0.000000
0.000000
0.000000
0.000000
0.000000
0.000000
286.283020
0.000000
93.108429
11.632782
12.408822
9.263591
0.000000
0.000000
0.000000
0.000000
0.000000
0.000000
0.000000
0.000000
0.000000
0.000000
0.000000
0.000000
0.000000
0.000000
277.045288
0.000000
98.669769
11.843528
12.079839
9.220780
0.000000
0.000000
0.000000
0.000000
0.000000
0.000000
0.000000
0.000000
0.000000
0.000000
0.000000
0.000000
0.000000
0.000000
262.064270
0.000000
123.980965
12.428330
11.128565
8.362098
0.000000
0.000000
0.000000
0.000000
0.000000
0.000000
0.000000
0.000000
0.000000
0.000000
0.000000
0.000000
0.000000
0.000000
184.052643
0.000000
134.836273
11.768728
12.226081
8.768974
0.000000
0.000000
0.000000
0.000000
0.000000
0.000000
0.000000
0.000000
0.000000
0.000000
0.000000
0.000000
0.000000
112.507492
276.826630
0.000000
110.742493
12.008571
12.491093
14.176326
0.000000
0.000000
0.000000
0.000000
0.000000
0.000000
0.000000
0.000000
0.000000
0.000000
0.000000
0.000000
0.000000
0.000000
262.152191
0.000000
102.492882
11.873584
12.500236
9.367417
0.000000
0.000000
0.000000
0.000000
0.000000
0.000000
0.000000
0.000000
0.000000
0.000000
0.000000
0.000000
0.000000
0.000000
261.388306
0.000000
115.181259
12.436387
12.146888
7.460134
0.000000
0.000000
0.000000
0.000000
0.000000
0.000000
0.000000
0.000000
0.000000
0.000000
0.000000
0.000000
0.000000
0.000000
276.118469
0.000000
12.434256
11.780519
12.050085
9.265619
0.000000
0.000000
0.000000
0.000000
0.000000
0.000000
0.000000
0.000000
0.000000
0.000000
0.000000
0.000000
0.000000
0.000000
261.012634
0.000000
120.718109
12.334868
12.635081
6.176109
0.000000
0.000000
0.000000
0.000000
0.000000
0.000000
0.000000
0.000000
0.000000
0.000000
0.000000
0.000000
0.000000
0.000000
293.027832
0.000000
105.979576
12.596834
12.828930
9.632712
0.000000
0.000000
0.000000
0.000000
0.000000
0.000000
0.000000
0.000000
0.000000
0.000000
0.000000
0.000000
0.000000
0.000000
278.212585
0.000000
127.081490
11.671850
11.514988
8.093701
0.000000
0.000000
0.000000
0.000000
0.000000
0.000000
0.000000
0.000000
0.000000
0.000000
0.000000
0.000000
0.000000
0.000000
261.523987
0.000000
147.350388
11.449246
11.928917
8.327900
0.000000
0.000000
0.000000
0.000000
0.000000
0.000000
0.000000
0.000000
0.000000
0.000000
0.000000
0.000000
0.000000
0.000000
266.020874
0.000000
144.472565
12.234373
12.248916
7.009130
0.000000
0.000000
0.000000
0.000000
0.000000
0.000000
0.000000
0.000000
0.000000
0.000000
0.000000
0.000000
0.000000
0.000000
277.901306
0.000000
146.844910
12.415407
12.205493
11.475911
0.000000
0.000000
0.000000
0.000000
0.000000
0.000000
0.000000
0.000000
0.000000
0.000000
0.000000
0.000000
0.000000
0.000000
258.587280
0.000000
116.458450
11.786582
11.851815
8.668658
0.000000
0.000000
0.000000
0.000000
0.000000
0.000000
0.000000
0.000000
0.000000
0.000000
0.000000
0.000000
0.000000
0.000000
289.729828
0.000000
103.744751
11.599654
11.701804
10.707704
0.000000
0.000000
0.000000
0.000000
0.000000
0.000000
0.000000
0.000000
0.000000
0.000000
0.000000
0.000000
0.000000
0.000000
279.054169
0.000000
109.764534
11.730898
11.572346
6.977199
0.000000
0.000000
0.000000
0.000000
0.000000
0.000000
0.000000
0.000000
0.000000
0.000000
0.000000
0.000000
0.000000
0.000000
190.663452
0.000000
155.590347
11.557357
12.166361
10.409512
0.000000
0.000000
0.000000
0.000000
0.000000
0.000000
0.000000
0.000000
0.000000
0.000000
0.000000
0.000000
0.000000
0.000000
276.089172
0.000000
86.848869
11.945959
12.495736
8.483953
0.000000
0.000000
0.000000
0.000000
0.000000
0.000000
0.000000
0.000000
0.000000
0.000000
0.000000
0.000000
0.000000
0.000000
282.292389
0.000000
119.755341
11.642118
12.277853
10.591386
0.000000
0.000000
0.000000
0.000000
0.000000
0.000000
0.000000
0.000000
0.000000
0.000000
0.000000
0.000000
0.000000
0.000000
572.963623
0.000000
126.999771
11.393383
11.151398
7.480686
0.000000
0.000000
0.000000
0.000000
0.000000
0.000000
0.000000
0.000000
0.000000
0.000000
0.000000
0.000000
0.000000
0.000000
164.113571
0.000000
121.606621
11.507549
11.346973
8.523145
0.000000
0.000000
0.000000
0.000000
0.000000
0.000000
0.000000
0.000000
0.000000
0.000000
0.000000
0.000000
0.000000
0.000000
269.763763
0.000000
96.190742
11.264148
12.417524
10.295406
0.000000
0.000000
0.000000
0.000000
0.000000
0.000000
0.000000
0.000000
0.000000
0.000000
0.000000
0.000000
0.000000
0.000000
264.079254
0.000000
101.728638
11.256881
12.452336
9.283015
0.000000
0.000000
0.000000
0.000000
0.000000
0.000000
0.000000
0.000000
0.000000
0.000000
0.000000
0.000000
0.000000
0.000000
268.108063
0.000000
104.458397
11.195725
12.153231
9.762533
0.000000
0.000000
0.000000
0.000000
0.000000
0.000000
0.000000
0.000000
0.000000
0.000000
0.000000
0.000000
0.000000
0.000000
168.397827
0.000000
147.862701
11.592891
11.418463
10.117959
0.000000
0.000000
0.000000
0.000000
0.000000
0.000000
0.000000
0.000000
0.000000
0.000000
0.000000
0.000000
0.000000
0.000000
267.861481
0.000000
93.814453
11.240701
12.058744
11.202166
0.000000
0.000000
0.000000
0.000000
0.000000
0.000000
0.000000
0.000000
0.000000
0.000000
0.000000
0.000000
0.000000
0.000000
249.971512
0.000000
122.125153
13.014232
11.501820
7.135406
0.000000
0.000000
0.000000
0.000000
0.000000
0.000000
0.000000
0.000000
0.000000
0.000000
0.000000
0.000000
0.000000
0.000000
0.000000
0.000000
152.305466
10.762644
11.323603
10.466774
0.000000
0.000000
0.000000
0.000000
0.000000
0.000000
0.000000
0.000000
0.000000
0.000000
0.000000
0.000000
0.000000
466.817902
271.028809
0.000000
113.622879
11.335181
12.211915
9.233820
0.000000
0.000000
0.000000
0.000000
0.000000
0.000000
0.000000
0.000000
0.000000
0.000000
0.000000
0.000000
0.000000
0.000000
147.060349
223.170609
2.528441
12.451252
12.440314
76.500084
102.001587
0.000000
0.000000
0.000000
0.000000
0.000000
0.000000
0.000000
0.000000
0.000000
0.000000
0.000000
0.000000
0.000000
167.234726
222.609589
6.694938
12.407303
12.482208
70.305023
109.207848
0.000000
0.000000
0.000000
0.000000
0.000000
0.000000
0.000000
0.000000
0.000000
0.000000
0.000000
0.000000
0.000000
267.203644
227.526993
5.675947
12.035776
12.245721
90.138573
105.466461
0.000000
0.000000
0.000000
0.000000
0.000000
0.000000
0.000000
0.000000
0.000000
0.000000
0.000000
0.000000
0.000000
0.000000
281.014648
0.000000
11.953253
11.121741
127.878319
130.056122
0.000000
0.000000
0.000000
0.000000
0.000000
0.000000
0.000000
0.000000
0.000000
0.000000
0.000000
0.000000
0.000000
258.609528
214.984268
0.000000
12.098498
11.693457
105.654518
133.990768
0.000000
0.000000
0.000000
0.000000
0.000000
0.000000
0.000000
0.000000
0.000000
0.000000
0.000000
0.000000
0.000000
0.000000
229.738937
0.000000
12.080349
11.285378
137.829651
132.663712
0.000000
0.000000
0.000000
0.000000
0.000000
0.000000
0.000000
0.000000
0.000000
0.000000
0.000000
0.000000
0.000000
203.697189
224.016876
0.042476
11.708210
11.373968
71.150505
108.783249
0.000000
0.000000
0.000000
0.000000
0.000000
0.000000
0.000000
0.000000
0.000000
0.000000
0.000000
0.000000
0.000000
0.000000
207.866089
0.000000
12.527156
11.001871
135.086029
133.438690
0.000000
0.000000
0.000000
0.000000
0.000000
0.000000
0.000000
0.000000
0.000000
0.000000
0.000000
0.000000
0.000000
153.165833
225.071274
0.000000
11.648888
11.152720
116.791481
135.859406
0.000000
0.000000
0.000000
0.000000
0.000000
0.000000
0.000000
0.000000
0.000000
0.000000
0.000000
0.000000
0.000000
0.000000
214.843796
0.000000
12.339569
11.520089
129.259308
133.717880
0.000000
0.000000
0.000000
0.000000
0.000000
0.000000
0.000000
0.000000
0.000000
0.000000
0.000000
0.000000
0.000000
229.464432
247.192902
0.000000
10.468579
11.425450
129.871384
130.682602
0.000000
0.000000
0.000000
0.000000
0.000000
0.000000
0.000000
0.000000
0.000000
0.000000
0.000000
0.000000
0.000000
165.509384
218.119339
0.000000
12.222916
12.155640
86.502525
109.582336
0.000000
0.000000
0.000000
0.000000
0.000000
0.000000
0.000000
0.000000
0.000000
0.000000
0.000000
0.000000
0.000000
466.085724
207.336990
0.000000
12.416664
11.376553
136.658630
132.625854
0.000000
0.000000
0.000000
0.000000
0.000000
0.000000
0.000000
0.000000
0.000000
0.000000
0.000000
0.000000
0.000000
312.915985
242.791321
0.000000
11.629557
12.019388
110.309837
109.665321
0.000000
0.000000
0.000000
0.000000
0.000000
0.000000
0.000000
0.000000
0.000000
0.000000
0.000000
0.000000
0.000000
82.160484
251.616516
0.000000
11.495177
12.070074
111.084526
111.598785
0.000000
0.000000
0.000000
0.000000
0.000000
0.000000
0.000000
0.000000
0.000000
0.000000
0.000000
0.000000
0.000000
0.000000
274.286530
0.000000
11.873742
10.868936
135.725540
138.383209
0.000000
0.000000
0.000000
0.000000
0.000000
0.000000
0.000000
0.000000
0.000000
0.000000
0.000000
0.000000
0.000000
83.840370
220.710144
3.865297
11.375781
12.470464
115.774025
135.631836
0.000000
0.000000
0.000000
0.000000
0.000000
0.000000
0.000000
0.000000
0.000000
0.000000
0.000000
0.000000
0.000000
159.766373
251.646713
0.000000
12.037758
10.347438
136.984406
137.727661
0.000000
0.000000
0.000000
0.000000
0.000000
0.000000
0.000000
0.000000
0.000000
0.000000
0.000000
0.000000
0.000000
274.431824
227.184692
0.000000
12.987815
11.478363
80.330956
130.925476
0.000000
0.000000
0.000000
0.000000
0.000000
0.000000
0.000000
0.000000
0.000000
0.000000
0.000000
0.000000
0.000000
0.000000
297.503662
0.000000
10.448209
11.961350
138.913712
15.024853
0.000000
0.000000
0.000000
0.000000
0.000000
0.000000
0.000000
0.000000
0.000000
0.000000
0.000000
0.000000
527.592590
283.497009
0.000000
144.910400
11.196269
11.926623
8.240816
0.000000
0.000000
0.000000
0.000000
0.000000
0.000000
0.000000
0.000000
0.000000
0.000000
0.000000
0.000000
0.000000
0.000000
540.109314
0.000000
76.796417
11.006180
10.977847
6.973399
0.000000
0.000000
0.000000
0.000000
0.000000
0.000000
0.000000
0.000000
0.000000
0.000000
0.000000
0.000000
0.000000
0.000000
0.000000
0.000000
155.222672
13.409785
11.027568
6.818248
0.000000
0.000000
0.000000
0.000000
0.000000
0.000000
0.000000
0.000000
0.000000
0.000000
0.000000
0.000000
0.000000
0.000000
199.329941
0.000000
148.006104
11.084490
12.997252
11.306528
0.000000
0.000000
0.000000
0.000000
0.000000
0.000000
0.000000
0.000000
0.000000
0.000000
0.000000
0.000000
0.000000
0.000000
155.174393
0.000000
119.929352
11.591784
11.401821
10.234222
0.000000
0.000000
0.000000
0.000000
0.000000
0.000000
0.000000
0.000000
0.000000
0.000000
0.000000
0.000000
0.000000
0.000000
166.351242
0.000000
112.303688
11.742193
10.754173
8.787728
0.000000
0.000000
0.000000
0.000000
0.000000
0.000000
0.000000
0.000000
0.000000
0.000000
0.000000
0.000000
0.000000
0.000000
131.870224
0.000000
137.491409
11.740261
12.482642
8.174689
0.000000
0.000000
0.000000
0.000000
0.000000
0.000000
0.000000
0.000000
0.000000
0.000000
0.000000
0.000000
0.000000
0.000000
263.592712
0.000000
109.080414
11.636862
10.758585
10.511831
0.000000
0.000000
0.000000
0.000000
0.000000
0.000000
0.000000
0.000000
0.000000
0.000000
0.000000
0.000000
0.000000
0.000000
539.031311
0.000000
148.353607
10.842161
11.837032
10.680302
0.000000
0.000000
0.000000
0.000000
0.000000
0.000000
0.000000
0.000000
0.000000
0.000000
0.000000
0.000000
0.000000
0.000000
269.151978
0.000000
144.722916
11.389065
11.764923
5.929963
0.000000
0.000000
0.000000
0.000000
0.000000
0.000000
0.000000
0.000000
0.000000
3.886441
1.736184
0.000000
82.067719
28.890083
29.317272
31.851774
30.156883
30.831783
27.316698
31.103903
25.272541
16.285725
0.000000
0.000000
0.000000
0.000000
0.000000
0.000000
0.000000
0.000000
0.000000
0.000000
0.000000
0.000000
0.000000
0.000000
0.000000
0.000000
0.000000
0.000000
0.000000
0.000000
0.000000
0.000000
0.000000
0.000000
0.000000
0.000000
0.000000
0.000000
0.000000
0.000000
0.000000
0.000000
0.000000
0.000000
0.000000
0.000000
0.000000
0.000000
0.000000
150.391327
261.619263
241.808868
1.265388
133.411514
11.861318
12.560112
11.964148
0.000000
0.000000
0.000000
0.000000
0.000000
0.000000
0.000000
0.000000
0.000000
0.000000
0.000000
0.000000
0.000000
116.413292
258.789581
0.000000
132.728439
11.169224
11.103188
9.155913
0.000000
0.000000
0.000000
0.000000
0.000000
0.000000
0.000000
0.000000
0.000000
0.000000
0.000000
0.000000
0.000000
207.128815
246.693237
0.000000
11.220127
12.090488
11.857150
11.085663
0.000000
0.000000
0.000000
0.000000
0.000000
0.000000
0.000000
0.000000
0.000000
0.000000
0.000000
0.000000
0.000000
221.075775
229.165482
0.000000
11.901969
11.497926
11.633475
10.718404
0.000000
0.000000
0.000000
0.000000
0.000000
0.000000
0.000000
0.000000
0.000000
0.000000
0.000000
0.000000
0.000000
631.457886
256.148010
0.000000
131.279785
11.206450
11.038132
8.544947
0.000000
0.000000
0.000000
0.000000
0.000000
0.000000
0.000000
0.000000
0.000000
0.000000
0.000000
0.000000
0.000000
833.235962
261.576569
0.000000
42.885555
11.947783
11.545917
11.114162
0.000000
0.000000
0.000000
0.000000
0.000000
0.000000
0.000000
0.000000
0.000000
0.000000
0.000000
0.000000
0.000000
164.387253
223.813705
0.000000
11.573716
11.200992
11.705230
9.096073
0.000000
0.000000
0.000000
0.000000
0.000000
0.000000
0.000000
0.000000
0.000000
0.000000
0.000000
0.000000
0.000000
329.506226
288.211304
0.000000
133.251602
11.352669
11.572524
16.728642
0.000000
0.000000
0.000000
0.000000
0.000000
0.000000
0.000000
0.000000
0.000000
0.000000
0.000000
0.000000
0.000000
0.000000
276.421051
0.000000
115.360695
11.654613
11.997153
8.151874
0.000000
0.000000
0.000000
0.000000
0.000000
0.000000
0.000000
0.000000
0.000000
0.000000
0.000000
0.000000
0.000000
0.000000
272.423309
0.000000
97.238464
11.167594
10.405011
9.462099
0.000000
0.000000
0.000000
0.000000
0.000000
0.000000
0.000000
0.000000
0.000000
0.000000
0.000000
0.000000
0.000000
517.408508
260.817963
0.000000
126.021957
11.298863
11.757735
12.523411
0.000000
0.000000
0.000000
0.000000
0.000000
0.000000
0.000000
0.000000
0.000000
0.000000
0.000000
0.000000
0.000000
0.000000
272.408997
0.000000
132.221085
11.462643
12.012423
8.560550
0.000000
0.000000
0.000000
0.000000
0.000000
0.000000
0.000000
0.000000
0.000000
0.000000
0.000000
0.000000
0.000000
163.214249
264.956940
0.000000
125.696327
11.415811
11.754003
110.544411
0.000000
0.000000
0.000000
0.000000
0.000000
0.000000
0.000000
0.000000
0.000000
0.000000
0.000000
0.000000
0.000000
0.000000
284.326416
0.000000
10.575216
11.136329
12.393188
13.341801
0.000000
0.000000
0.000000
0.000000
0.000000
0.000000
0.000000
0.000000
0.000000
0.000000
0.000000
0.000000
0.000000
0.000000
254.459244
0.000000
133.707275
11.294130
11.421258
8.583978
0.000000
0.000000
0.000000
0.000000
0.000000
0.000000
0.000000
0.000000
0.000000
0.000000
0.000000
0.000000
0.000000
553.850403
274.352997
0.000000
111.417801
11.472142
11.193306
98.690651
0.000000
0.000000
0.000000
0.000000
0.000000
0.000000
0.000000
0.000000
0.000000
0.000000
0.000000
0.000000
0.000000
0.000000
287.262360
0.000000
132.845734
11.267768
12.217315
135.389511
0.000000
0.000000
0.000000
0.000000
0.000000
0.000000
0.000000
0.000000
0.000000
0.000000
0.000000
0.000000
0.000000
0.000000
277.247009
0.000000
121.329735
10.901922
11.524373
8.376025
0.000000
0.000000
0.000000
0.000000
0.000000
0.000000
0.000000
0.000000
0.000000
0.000000
0.000000
0.000000
0.000000
0.000000
285.020020
0.000000
97.794395
11.470203
10.563655
8.675571
0.000000
0.000000
0.000000
0.000000
0.000000
0.000000
0.000000
0.000000
0.000000
0.000000
0.000000
0.000000
0.000000
0.000000
285.637634
0.000000
119.365082
11.329442
10.608312
9.789691
0.000000
0.000000
0.000000
0.000000
0.000000
0.000000
0.000000
0.000000
0.000000
0.000000
0.000000
0.000000
0.000000
297.798279
261.284058
0.000000
127.492393
11.529334
11.468289
13.116096
0.000000
0.000000
0.000000
0.000000
0.000000
0.000000
0.000000
0.000000
0.000000
0.000000
0.000000
0.000000
0.000000
0.000000
276.468933
0.000000
17.963484
11.910440
11.734388
10.147902
0.000000
0.000000
0.000000
0.000000
0.000000
0.000000
0.000000
0.000000
0.000000
0.000000
0.000000
0.000000
0.000000
866.272095
247.729965
0.000000
108.278435
11.473969
10.879367
10.116854
0.000000
0.000000
0.000000
0.000000
0.000000
0.000000
0.000000
0.000000
0.000000
0.000000
0.000000
0.000000
0.000000
0.000000
292.273254
0.000000
135.025787
11.318611
11.760398
8.185369
0.000000
0.000000
0.000000
0.000000
0.000000
0.000000
0.000000
0.000000
0.000000
0.000000
0.000000
0.000000
0.000000
0.000000
276.606628
0.000000
103.010468
11.381962
12.189204
9.327879
0.000000
0.000000
0.000000
0.000000
0.000000
0.000000
0.000000
0.000000
0.000000
0.000000
0.000000
0.000000
0.000000
0.000000
255.150391
0.000000
133.265152
10.936894
11.420062
8.558350
0.000000
0.000000
0.000000
0.000000
0.000000
0.000000
0.000000
0.000000
0.000000
0.000000
0.000000
0.000000
0.000000
67.588600
267.617981
0.000000
133.138885
11.090496
11.930022
8.677001
0.000000
0.000000
0.000000
0.000000
0.000000
0.000000
0.000000
0.000000
0.000000
0.000000
0.000000
0.000000
0.000000
0.000000
306.136108
0.000000
131.855545
11.601510
11.059526
13.148466
0.000000
0.000000
0.000000
0.000000
0.000000
0.000000
0.000000
0.000000
0.000000
0.000000
0.000000
0.000000
0.000000
0.000000
284.925201
0.000000
112.642471
11.094840
11.934649
8.492011
0.000000
0.000000
0.000000
0.000000
0.000000
0.000000
0.000000
0.000000
0.000000
0.000000
0.000000
0.000000
0.000000
0.000000
265.383179
0.000000
132.956421
10.779119
11.997333
8.844828
0.000000
0.000000
0.000000
0.000000
0.000000
0.000000
0.000000
0.000000
0.000000
0.000000
0.000000
0.000000
0.000000
766.027954
263.921997
0.000000
123.175056
11.898629
11.929895
11.705452
0.000000
0.000000
0.000000
0.000000
0.000000
0.000000
0.000000
0.000000
0.000000
0.000000
0.000000
0.000000
0.000000
717.481506
251.158493
0.000000
15.998169
10.767034
12.216086
10.751586
0.000000
0.000000
0.000000
0.000000
0.000000
0.000000
0.000000
0.000000
0.000000
0.000000
0.000000
0.000000
0.000000
0.000000
263.140808
0.000000
111.149368
11.406373
11.685699
8.938547
0.000000
0.000000
0.000000
0.000000
0.000000
0.000000
0.000000
0.000000
0.000000
0.000000
0.000000
0.000000
0.000000
0.000000
271.878204
0.000000
101.302353
11.572024
11.127048
10.326863
0.000000
0.000000
0.000000
0.000000
0.000000
0.000000
0.000000
0.000000
0.000000
0.000000
0.000000
0.000000
0.000000
0.000000
282.196320
0.000000
132.469055
11.301458
11.760098
7.897457
0.000000
0.000000
0.000000
0.000000
0.000000
0.000000
0.000000
0.000000
0.000000
0.000000
0.000000
0.000000
0.000000
0.000000
271.560638
0.000000
116.315994
11.653658
11.030432
9.240900
0.000000
0.000000
0.000000
0.000000
0.000000
0.000000
0.000000
0.000000
0.000000
0.000000
0.000000
0.000000
0.000000
0.000000
270.951355
0.000000
95.097641
11.238053
11.094322
10.315934
0.000000
0.000000
0.000000
0.000000
0.000000
0.000000
0.000000
0.000000
0.000000
0.000000
0.000000
0.000000
0.000000
0.000000
270.050385
0.000000
129.138123
10.955519
11.651025
9.238283
0.000000
0.000000
0.000000
0.000000
0.000000
0.000000
0.000000
0.000000
0.000000
0.000000
0.000000
0.000000
0.000000
156.896210
249.291199
0.000000
12.528053
11.102064
11.655908
11.662098
0.000000
0.000000
0.000000
0.000000
0.000000
0.000000
0.000000
0.000000
0.000000
0.000000
0.000000
0.000000
0.000000
869.890686
240.865906
0.000000
10.764093
11.132077
11.659380
10.246852
0.000000
0.000000
0.000000
0.000000
0.000000
0.000000
0.000000
0.000000
0.000000
0.000000
0.000000
0.000000
0.000000
585.718994
261.098511
0.000000
11.145563
11.863949
10.953286
11.267613
0.000000
0.000000
0.000000
0.000000
0.000000
0.000000
0.000000
0.000000
0.000000
0.000000
0.000000
0.000000
0.000000
816.490051
247.107559
0.000000
10.847939
11.616935
11.149595
11.172962
0.000000
0.000000
0.000000
0.000000
0.000000
0.000000
0.000000
0.000000
0.000000
0.000000
0.000000
0.000000
0.000000
141.034256
255.489807
0.000000
109.149780
11.747838
11.418800
11.104794
0.000000
0.000000
0.000000
0.000000
0.000000
0.000000
0.000000
0.000000
0.000000
0.000000
0.000000
0.000000
0.000000
633.864319
276.520660
0.000000
132.847534
10.359661
11.365644
8.552083
0.000000
0.000000
0.000000
0.000000
0.000000
0.000000
0.000000
0.000000
0.000000
0.000000
0.000000
0.000000
0.000000
0.000000
269.547974
0.000000
145.868439
10.781172
10.338263
8.406739
0.000000
0.000000
0.000000
0.000000
0.000000
0.000000
0.000000
0.000000
0.000000
0.000000
0.000000
0.000000
0.000000
0.000000
272.115112
0.000000
135.099396
11.470846
10.574419
9.189214
0.000000
0.000000
0.000000
0.000000
0.000000
0.000000
0.000000
0.000000
0.000000
0.000000
0.000000
0.000000
0.000000
0.000000
275.406189
0.000000
128.010071
11.054902
10.611066
9.706981
0.000000
0.000000
0.000000
0.000000
0.000000
0.000000
0.000000
0.000000
0.000000
0.000000
0.000000
0.000000
0.000000
130.924637
261.621338
0.000000
139.688477
11.297125
12.031515
10.504413
0.000000
0.000000
0.000000
0.000000
0.000000
0.000000
0.000000
0.000000
0.000000
0.000000
0.000000
0.000000
0.000000
0.000000
271.988953
0.000000
123.411003
11.396595
11.579428
10.874568
0.000000
0.000000
0.000000
0.000000
0.000000
0.000000
0.000000
0.000000
0.000000
0.000000
0.000000
0.000000
0.000000
106.758247
263.377014
0.000000
127.957932
10.743309
11.245649
9.845458
0.000000
0.000000
0.000000
0.000000
0.000000
0.000000
0.000000
0.000000
0.000000
0.000000
0.000000
0.000000
0.000000
857.891052
247.381287
0.000000
6.508060
10.993433
11.636278
10.436528
0.000000
0.000000
0.000000
0.000000
0.000000
0.000000
0.000000
0.000000
0.000000
0.000000
0.000000
0.000000
0.000000
0.000000
266.821381
0.000000
93.913673
10.999863
11.631068
9.858235
0.000000
0.000000
0.000000
0.000000
0.000000
0.000000
0.000000
0.000000
0.000000
0.000000
0.000000
0.000000
0.000000
0.000000
265.254211
0.000000
0.000000
11.327711
11.585028
9.865850
0.000000
0.000000
0.000000
0.000000
0.000000
0.000000
0.000000
0.000000
0.000000
0.000000
0.000000
0.000000
0.000000
0.000000
259.465363
0.000000
0.000000
11.422856
11.766284
9.791814
0.000000
0.000000
0.000000
0.000000
0.000000
0.000000
0.000000
0.000000
0.000000
0.000000
0.000000
0.000000
0.000000
0.000000
282.811890
0.000000
105.674454
10.654152
11.625829
9.842767
0.000000
0.000000
0.000000
0.000000
0.000000
0.000000
0.000000
0.000000
0.000000
0.000000
0.000000
0.000000
0.000000
43.704887
255.195160
0.000000
139.727371
11.297147
11.815159
11.646050
0.000000
0.000000
0.000000
0.000000
0.000000
0.000000
0.000000
0.000000
0.000000
0.000000
0.000000
0.000000
0.000000
0.000000
267.367706
0.000000
131.202530
10.604881
11.685789
10.007298
0.000000
0.000000
0.000000
0.000000
0.000000
0.000000
0.000000
0.000000
0.000000
0.000000
0.000000
0.000000
0.000000
0.000000
270.103394
0.000000
122.850098
11.094791
11.965902
10.689673
0.000000
0.000000
0.000000
0.000000
0.000000
0.000000
0.000000
0.000000
0.000000
0.000000
0.000000
0.000000
0.000000
469.372620
256.339020
0.000000
134.279678
10.820186
11.216912
9.924600
0.000000
0.000000
0.000000
0.000000
0.000000
0.000000
0.000000
0.000000
0.000000
0.000000
0.000000
0.000000
0.000000
0.000000
278.093231
0.000000
111.985344
10.735810
11.173192
10.248528
0.000000
0.000000
0.000000
0.000000
0.000000
0.000000
0.000000
0.000000
0.000000
0.000000
0.000000
0.000000
0.000000
0.000000
262.495575
0.000000
106.175079
11.143645
10.533246
10.247048
0.000000
0.000000
0.000000
0.000000
0.000000
0.000000
0.000000
0.000000
0.000000
0.000000
0.000000
0.000000
0.000000
0.000000
286.075470
0.000000
126.015076
10.584373
11.728056
9.848013
0.000000
0.000000
0.000000
0.000000
0.000000
0.000000
0.000000
0.000000
0.000000
0.000000
0.000000
0.000000
0.000000
0.000000
267.433105
0.000000
120.180511
11.194484
10.049612
9.026888
0.000000
0.000000
0.000000
0.000000
0.000000
0.000000
0.000000
0.000000
0.000000
0.000000
0.000000
0.000000
0.000000
0.000000
268.198090
0.000000
106.705521
11.171854
11.552810
10.639682
0.000000
0.000000
0.000000
0.000000
0.000000
0.000000
0.000000
0.000000
0.000000
0.000000
0.000000
0.000000
0.000000
0.000000
260.769897
0.000000
112.282448
11.060608
11.604520
10.932195
0.000000
0.000000
0.000000
0.000000
0.000000
0.000000
0.000000
0.000000
0.000000
0.000000
0.000000
0.000000
0.000000
0.000000
259.592560
0.000000
108.690216
10.760194
10.372263
10.310333
0.000000
0.000000
0.000000
0.000000
0.000000
0.000000
0.000000
0.000000
0.000000
0.000000
0.000000
0.000000
0.000000
0.000000
265.974518
0.000000
145.577774
11.265887
11.659751
11.141108
0.000000
0.000000
0.000000
0.000000
0.000000
0.000000
0.000000
0.000000
0.000000
0.000000
0.000000
0.000000
0.000000
0.000000
227.806854
0.000000
140.006790
11.450616
10.536568
8.140482
113.096397
0.000000
0.000000
0.000000
0.000000
0.000000
0.000000
0.000000
0.000000
0.000000
0.000000
0.000000
0.000000
0.000000
310.367828
232.564407
0.000000
10.508565
11.466618
133.671875
130.976700
0.000000
0.000000
0.000000
0.000000
0.000000
0.000000
0.000000
0.000000
0.000000
0.000000
0.000000
0.000000
171.015427
240.254425
202.821625
0.000000
11.174007
11.283016
11.438938
8.666232
0.000000
0.000000
0.000000
0.000000
0.000000
0.000000
0.000000
0.000000
0.000000
0.000000
0.000000
0.000000
0.000000
705.776855
191.976624
0.000000
11.064141
10.827942
136.458221
131.269882
0.000000
0.000000
0.000000
0.000000
0.000000
0.000000
0.000000
0.000000
0.000000
0.000000
0.000000
0.000000
863.090149
246.689178
166.705460
0.000000
11.144740
11.538099
11.342139
7.679036
0.000000
0.000000
0.000000
0.000000
0.000000
0.000000
0.000000
0.000000
0.000000
0.000000
0.000000
0.000000
0.000000
212.183655
140.097107
0.000000
11.450098
11.256345
135.681885
131.415604
0.000000
0.000000
0.000000
0.000000
0.000000
0.000000
0.000000
0.000000
0.000000
0.000000
0.000000
0.000000
0.000000
272.263672
225.741272
0.000000
10.494302
11.343424
10.392565
9.187894
0.000000
0.000000
0.000000
0.000000
0.000000
0.000000
0.000000
0.000000
0.000000
0.000000
0.000000
0.000000
0.000000
183.783783
174.214523
0.000000
11.277755
11.082645
135.112106
133.274979
0.000000
0.000000
0.000000
0.000000
0.000000
0.000000
0.000000
0.000000
0.000000
0.000000
0.000000
0.000000
0.000000
284.251831
230.707550
0.000000
11.578332
11.543324
10.968642
114.906517
0.000000
0.000000
0.000000
0.000000
0.000000
0.000000
0.000000
0.000000
0.000000
0.000000
0.000000
0.000000
0.000000
314.520020
194.609146
0.000000
10.995872
10.437026
136.130951
133.504166
0.000000
0.000000
0.000000
0.000000
0.000000
0.000000
0.000000
0.000000
0.000000
0.000000
0.000000
0.000000
0.000000
278.338196
163.789627
0.000000
11.639093
10.721654
132.782593
134.499390
0.000000
0.000000
0.000000
0.000000
0.000000
0.000000
0.000000
0.000000
0.000000
0.000000
0.000000
0.000000
0.000000
267.229553
171.775620
0.000000
10.130171
11.370483
128.723785
133.824020
0.000000
0.000000
0.000000
0.000000
0.000000
0.000000
0.000000
0.000000
0.000000
0.000000
0.000000
0.000000
0.000000
266.340576
222.477707
0.000000
11.586919
11.551989
10.541691
108.466194
0.000000
0.000000
0.000000
0.000000
0.000000
0.000000
0.000000
0.000000
0.000000
0.000000
0.000000
0.000000
0.000000
266.874603
224.823349
0.000000
10.738336
10.838593
70.869377
108.250809
0.000000
0.000000
0.000000
0.000000
0.000000
0.000000
0.000000
0.000000
0.000000
0.000000
0.000000
0.000000
0.000000
223.943390
172.794006
0.000000
10.602891
11.075304
135.064331
132.561020
0.000000
0.000000
0.000000
0.000000
0.000000
0.000000
0.000000
0.000000
0.000000
0.000000
0.000000
0.000000
0.000000
268.336243
194.158844
0.000000
11.195749
10.229148
104.352379
107.244896
0.000000
0.000000
0.000000
0.000000
0.000000
0.000000
0.000000
0.000000
0.000000
0.000000
0.000000
0.000000
0.000000
266.143433
215.630051
0.000000
10.839544
11.276816
10.552260
111.340416
0.000000
0.000000
0.000000
0.000000
0.000000
0.000000
0.000000
0.000000
0.000000
0.000000
0.000000
0.000000
0.000000
280.714996
175.260208
0.000000
9.547239
11.592765
135.333832
134.204453
0.000000
0.000000
0.000000
0.000000
0.000000
0.000000
0.000000
0.000000
0.000000
0.000000
0.000000
0.000000
0.000000
278.692444
218.491302
0.000000
11.051873
11.484806
129.185593
112.389580
0.000000
0.000000
0.000000
0.000000
0.000000
0.000000
0.000000
0.000000
0.000000
0.000000
0.000000
0.000000
0.000000
301.820068
242.922134
0.000000
11.232088
10.480851
10.758056
112.524994
0.000000
0.000000
0.000000
0.000000
0.000000
0.000000
0.000000
0.000000
0.000000
0.000000
0.000000
0.000000
0.000000
202.545715
162.965683
0.000000
8.899117
11.992369
10.621685
0.000000
0.000000
0.000000
0.000000
0.000000
0.000000
0.000000
0.000000
0.000000
0.000000
0.000000
0.000000
0.000000
725.646790
257.277985
0.000000
137.352173
11.332618
11.103703
11.121989
0.000000
0.000000
0.000000
0.000000
0.000000
0.000000
0.000000
0.000000
0.000000
0.000000
0.000000
0.000000
0.000000
182.967545
237.460358
0.000000
2.195647
9.482863
10.704770
11.152335
0.000000
0.000000
0.000000
0.000000
0.000000
0.000000
0.000000
0.000000
0.000000
0.000000
0.000000
0.000000
0.000000
0.000000
288.511841
0.000000
144.184372
10.387974
11.509335
9.115097
0.000000
0.000000
0.000000
0.000000
0.000000
0.000000
0.000000
0.000000
0.000000
0.000000
0.000000
0.000000
0.000000
623.838318
259.202576
0.000000
46.920071
9.713995
10.496001
10.362150
0.000000
0.000000
0.000000
0.000000
0.000000
0.000000
0.000000
0.000000
0.000000
0.000000
0.000000
0.000000
0.000000
0.000000
259.111328
0.000000
113.590172
11.006738
11.157546
11.395684
0.000000
0.000000
0.000000
0.000000
0.000000
0.000000
0.000000
0.000000
0.000000
0.000000
0.000000
0.000000
0.000000
805.189453
245.805008
0.000000
9.308993
11.868038
11.099585
10.629733
0.000000
0.000000
0.000000
0.000000
0.000000
0.000000
0.000000
0.000000
0.000000
0.000000
0.000000
0.000000
0.000000
0.000000
298.103607
0.000000
142.438873
10.453722
11.529355
9.171104
0.000000
0.000000
0.000000
0.000000
0.000000
0.000000
0.000000
0.000000
0.000000
0.000000
0.000000
0.000000
0.000000
534.411255
259.737061
0.000000
139.159592
11.232363
11.337295
11.505736
0.000000
0.000000
0.000000
0.000000
0.000000
0.000000
0.000000
0.000000
0.000000
0.000000
0.000000
0.000000
0.000000
278.480713
246.723083
0.000000
126.599854
10.953335
11.271230
11.763741
0.000000
0.000000
0.000000
0.000000
0.000000
0.000000
0.000000
0.000000
0.000000
0.000000
0.000000
0.000000
0.000000
0.000000
809.132324
0.000000
132.382111
16.221563
10.264952
7.372692
0.000000
0.000000
0.000000
0.000000
21.615614
37.974579
40.321449
34.345860
35.200039
30.448938
34.814350
22.144762
0.000000
0.000000
0.000000
0.000000
0.000000
0.000000
0.000000
0.000000
0.000000
0.000000
0.000000
0.000000
0.000000
0.000000
0.000000
0.000000
0.000000
0.000000
0.000000
0.000000
148.469330
0.000000
0.000000
0.000000
0.000000
0.000000
0.000000
0.000000
0.000000
0.000000
0.000000
0.000000
0.000000
0.000000
0.000000
0.000000
0.000000
0.000000
200.562057
131.074692
0.000000
128.845337
61.561966
59.743675
72.745384
180.886887
66.886169
68.070618
62.041500
66.880959
1.027076
11.438891
11.799858
10.718019
132.350906
133.427841
25.444324
0.000000
0.000000
0.000000
0.000000
0.000000
0.000000
0.000000
0.000000
0.000000
0.000000
50.468403
40.747265
164.360764
86.580795
0.767229
128.017578
10.175141
130.354752
131.314102
128.806274
130.811707
124.852684
27.472681
0.000000
0.000000
0.000000
0.000000
0.000000
0.000000
0.000000
0.000000
173.302231
64.187584
48.440296
48.561504
65.483391
77.171257
4.204498
161.248367
7.337909
130.988754
128.568237
131.662842
0.000000
0.000000
0.000000
0.000000
0.000000
0.000000
0.000000
0.000000
0.000000
0.000000
0.000000
0.000000
0.000000
134.992310
0.319255
154.766815
9.491408
10.048941
146.026596
62.281860
0.000000
0.000000
0.000000
0.000000
0.000000
0.000000
0.000000
0.000000
0.000000
0.000000
0.000000
0.000000
121.721016
69.102379
3.502739
157.755722
9.846956
131.898483
137.805038
134.936188
0.000000
0.000000
0.000000
0.000000
0.000000
0.000000
0.000000
0.000000
0.000000
0.000000
0.000000
0.000000
0.000000
253.326752
0.000000
152.225891
10.293361
9.757657
11.524535
0.000000
0.000000
0.000000
0.000000
0.000000
0.000000
0.000000
0.000000
0.000000
0.000000
0.000000
0.000000
0.000000
60.369316
225.808121
0.000000
151.747772
12.101117
10.675286
141.739334
129.468460
0.000000
0.000000
0.000000
0.000000
0.000000
0.000000
0.000000
0.000000
0.000000
0.000000
0.000000
0.000000
0.000000
279.929688
0.000000
119.521332
9.850310
8.739152
9.914256
0.000000
0.000000
0.000000
0.000000
0.000000
0.000000
0.000000
0.000000
0.000000
0.000000
0.000000
0.000000
0.000000
0.000000
278.460052
0.000000
130.401596
7.448914
9.927137
9.316257
0.000000
0.000000
0.000000
0.000000
0.000000
0.000000
0.000000
0.000000
0.000000
0.000000
0.000000
0.000000
0.000000
0.000000
244.797363
0.000000
0.000000
11.199184
10.731977
10.670757
0.000000
0.000000
0.000000
0.000000
0.000000
0.000000
0.000000
0.000000
0.000000
0.000000
0.000000
0.000000
0.000000
0.000000
255.438080
0.000000
109.651810
14.280143
10.992949
11.661917
0.000000
0.000000
0.000000
0.000000
0.000000
0.000000
0.000000
0.000000
0.000000
0.000000
0.000000
0.000000
0.000000
0.000000
253.424835
0.000000
134.478271
20.837532
11.308063
11.468779
0.000000
0.000000
0.000000
0.000000
0.000000
0.000000
0.000000
0.000000
0.000000
0.000000
0.000000
0.000000
0.000000
0.000000
286.492371
0.000000
131.376541
10.373449
9.812343
9.589876
0.000000
0.000000
0.000000
0.000000
0.000000
0.000000
0.000000
0.000000
0.000000
0.000000
0.000000
0.000000
0.000000
0.000000
296.829712
0.000000
131.324402
11.362763
11.030279
11.580914
0.000000
0.000000
0.000000
0.000000
0.000000
0.000000
0.000000
0.000000
0.000000
0.000000
0.000000
0.000000
0.000000
0.000000
296.833618
0.000000
137.546265
9.477303
10.012127
9.481525
0.000000
0.000000
0.000000
0.000000
0.000000
0.000000
0.000000
0.000000
0.000000
0.000000
0.000000
0.000000
0.000000
0.000000
263.906616
0.000000
0.000000
9.005177
10.732630
11.703738
0.000000
0.000000
0.000000
0.000000
0.000000
0.000000
0.000000
0.000000
0.000000
0.000000
0.000000
0.000000
0.000000
578.964905
267.970642
0.000000
136.515915
8.914433
10.646626
10.222005
0.000000
0.000000
0.000000
0.000000
0.000000
0.000000
0.000000
0.000000
0.000000
0.000000
0.000000
0.000000
0.000000
0.000000
279.278351
0.000000
128.443008
11.642253
9.726435
9.571977
0.000000
0.000000
0.000000
0.000000
0.000000
0.000000
0.000000
0.000000
0.000000
0.000000
0.000000
0.000000
0.000000
0.000000
244.152649
0.000000
0.000000
10.360393
11.140490
8.992183
134.259109
0.000000
0.000000
0.000000
0.000000
0.000000
0.000000
0.000000
0.000000
0.000000
0.000000
0.000000
0.000000
239.078217
278.237518
0.000000
124.909027
10.266870
9.906378
8.831482
0.000000
0.000000
0.000000
0.000000
0.000000
0.000000
0.000000
0.000000
0.000000
0.000000
0.000000
0.000000
0.000000
0.000000
302.368500
0.000000
135.802795
10.435243
9.792475
10.444382
0.000000
0.000000
0.000000
0.000000
0.000000
0.000000
0.000000
0.000000
0.000000
0.000000
0.000000
0.000000
0.000000
265.013062
246.772629
0.000000
0.000000
10.431838
10.404264
11.219169
0.000000
0.000000
0.000000
0.000000
0.000000
0.000000
0.000000
0.000000
0.000000
0.000000
0.000000
0.000000
0.000000
0.000000
247.576065
0.000000
146.761719
17.176523
11.928255
8.073442
0.000000
0.000000
0.000000
0.000000
0.000000
0.000000
0.000000
0.000000
0.000000
0.000000
0.000000
0.000000
0.000000
184.444763
243.592636
0.000000
135.457199
9.804539
10.922406
10.848433
0.000000
0.000000
0.000000
0.000000
0.000000
0.000000
0.000000
0.000000
0.000000
0.000000
0.000000
0.000000
0.000000
0.000000
284.817932
0.000000
139.784485
16.692863
10.733917
9.541684
0.000000
0.000000
0.000000
0.000000
0.000000
0.000000
0.000000
0.000000
0.000000
0.000000
0.000000
0.000000
0.000000
0.000000
288.975220
0.000000
64.384529
9.953798
11.195701
9.385695
0.000000
0.000000
0.000000
0.000000
0.000000
0.000000
0.000000
0.000000
0.000000
0.000000
0.000000
0.000000
0.000000
620.712158
267.493591
0.000000
135.104874
16.292576
9.915895
12.042841
0.000000
0.000000
0.000000
0.000000
0.000000
0.000000
0.000000
0.000000
0.000000
0.000000
0.000000
0.000000
0.000000
0.000000
263.057861
0.000000
113.428703
14.278708
10.818050
11.361889
0.000000
0.000000
0.000000
0.000000
0.000000
0.000000
0.000000
0.000000
0.000000
0.000000
0.000000
0.000000
0.000000
0.000000
288.804382
0.000000
0.000000
8.311786
10.262587
10.298233
111.206108
0.000000
0.000000
0.000000
0.000000
0.000000
0.000000
0.000000
0.000000
0.000000
0.000000
0.000000
0.000000
0.000000
294.584961
0.000000
0.000000
8.922924
11.011651
10.505809
115.243095
0.000000
0.000000
0.000000
0.000000
0.000000
0.000000
0.000000
0.000000
0.000000
0.000000
0.000000
0.000000
0.000000
303.257172
0.000000
133.238220
10.449122
9.347474
11.338123
0.000000
0.000000
0.000000
0.000000
0.000000
0.000000
0.000000
0.000000
0.000000
0.000000
0.000000
0.000000
0.000000
172.157700
289.428406
0.000000
0.000000
12.039634
10.300169
9.641755
144.388977
0.000000
0.000000
0.000000
0.000000
0.000000
0.000000
0.000000
0.000000
0.000000
0.000000
0.000000
0.000000
289.812042
268.755280
0.000000
0.000000
10.859616
10.063718
12.386415
0.000000
0.000000
0.000000
0.000000
0.000000
0.000000
0.000000
0.000000
0.000000
0.000000
0.000000
0.000000
0.000000
747.763306
202.879700
0.000000
12.118907
15.544987
10.099329
10.155682
0.000000
0.000000
0.000000
0.000000
0.000000
0.000000
0.000000
0.000000
0.000000
0.000000
0.000000
0.000000
0.000000
0.000000
291.271729
0.000000
133.812378
7.748475
9.005281
10.917265
0.000000
0.000000
0.000000
0.000000
0.000000
0.000000
0.000000
0.000000
0.000000
0.000000
0.000000
0.000000
0.000000
0.000000
275.924194
0.000000
132.186966
10.742811
9.395621
9.377882
0.000000
0.000000
0.000000
0.000000
0.000000
0.000000
0.000000
0.000000
0.000000
0.000000
0.000000
0.000000
0.000000
496.509827
268.436279
0.000000
0.000000
9.562684
10.166547
10.113304
114.275307
0.000000
0.000000
0.000000
0.000000
0.000000
0.000000
0.000000
0.000000
0.000000
0.000000
0.000000
0.000000
361.896576
273.589111
0.000000
0.000000
5.151389
10.825239
9.419641
112.802292
0.000000
0.000000
0.000000
0.000000
0.000000
0.000000
0.000000
0.000000
0.000000
0.000000
0.000000
0.000000
0.000000
280.023376
204.279205
0.000000
13.300387
10.874462
10.353981
132.530899
0.000000
0.000000
0.000000
0.000000
0.000000
0.000000
0.000000
0.000000
0.000000
0.000000
0.000000
0.000000
0.000000
294.399109
239.630066
0.000000
13.696247
9.412539
10.062911
106.204147
0.000000
0.000000
0.000000
0.000000
0.000000
0.000000
0.000000
0.000000
0.000000
0.000000
0.000000
0.000000
0.000000
284.872772
203.150742
0.000000
5.504382
10.208968
134.858673
109.341866
0.000000
0.000000
0.000000
0.000000
0.000000
0.000000
0.000000
0.000000
0.000000
0.000000
0.000000
0.000000
0.000000
295.524597
215.155777
0.000000
10.069201
9.612407
10.446781
110.740952
0.000000
0.000000
0.000000
0.000000
0.000000
0.000000
0.000000
0.000000
0.000000
0.000000
0.000000
0.000000
0.000000
320.575836
229.593979
0.000000
2.832443
10.796676
134.839798
131.533630
0.000000
0.000000
0.000000
0.000000
0.000000
0.000000
0.000000
0.000000
0.000000
0.000000
0.000000
0.000000
425.995300
281.221954
221.004700
0.000000
5.021566
9.694795
9.763701
111.663841
0.000000
0.000000
0.000000
0.000000
0.000000
0.000000
0.000000
0.000000
0.000000
0.000000
0.000000
0.000000
275.372284
254.087311
197.704865
0.000000
7.010864
9.947246
10.198453
8.712354
0.000000
0.000000
0.000000
0.000000
0.000000
0.000000
0.000000
0.000000
0.000000
0.000000
0.000000
0.000000
0.000000
308.442261
197.280304
0.000000
17.216894
11.272784
134.715378
127.320343
0.000000
0.000000
0.000000
0.000000
0.000000
0.000000
0.000000
0.000000
0.000000
0.000000
0.000000
0.000000
188.558640
232.803192
146.371429
0.000000
13.456897
10.448133
11.092575
