-6.582884
-0.793564
1.353293
2.007487
3.357847
3.684140
4.918455
5.274317
4.897907
6.748840
7.323614
9.582443
10.434332
13.237295
17.860008
18.513966
-0.000000
-4.809817
6.341818
-8.180312
-20.060001
-16.442554
-11.268974
-5.470522
-1.043996
-6.316468
-4.034128
-2.937289
-1.765913
6.498333
5.143151
13.228244
-3.277069
1.325453
3.495750
3.997147
4.949218
4.994857
5.560212
7.609845
-10.943333
-1.445224
-0.773519
-2.571669
-9.190257
-8.162134
-5.440607
-3.924053
-3.347813
0.573495
20.059986
0.947901
19.935129
17.393618
8.811091
8.796491
-0.000000
0.000002
-0.000002
-0.000001
-20.044880
-18.713923
-18.904556
-10.405741
-6.664415
-10.973346
-10.741486
-0.150751
4.620266
2.043462
0.292524
-0.058941
2.798289
4.600073
7.395174
5.498702
5.827508
-5.544609
-3.244251
-2.124032
-0.332509
1.508749
-8.987159
-11.508826
-7.706195
-6.140948
-7.205355
-4.897545
-4.354384
-5.253694
-6.248415
0.846232
9.516198
12.120843
9.423221
-5.437032
-3.507585
-2.865093
-1.449113
-0.431553
0.573075
1.950061
2.755532
-5.390377
-9.231915
-6.159939
-10.474321
-6.956710
-2.798228
-3.375930
1.803490
6.648443
7.656833
5.998142
-5.172820
-5.980204
-4.752542
-4.464246
-3.554673
-1.989658
-1.039309
0.311953
1.275001
2.946111
-4.616845
-5.633042
-7.002357
-3.651191
-1.786375
-1.640507
1.816230
4.445148
7.586791
5.502663
4.063869
1.521872
-4.237520
-3.659759
-3.281609
-2.060123
-0.396956
0.648571
1.865483
3.272615
0.871488
-4.825129
-5.198207
-4.869160
-2.280514
-1.316685
-0.347186
3.185564
6.754213
7.650015
7.219534
5.504735
2.871401
1.875888
-3.147022
-3.476755
-2.130328
-0.489633
0.259147
1.814249
4.173932
-3.150649
-4.581254
-7.259114
-7.412678
-3.390905
-2.259484
-1.332724
4.945148
7.433458
7.813387
6.173162
3.585953
-5.057980
-3.765871
-3.734787
-2.843939
-1.310362
-0.285657
1.040595
1.931516
3.025177
-3.852871
-4.409820
-8.150876
-4.752022
-2.262914
-1.452457
0.580383
5.807523
7.220047
7.034670
5.986507
3.164982
-4.000679
-3.175760
-4.299246
-2.664090
-0.892780
0.142701
1.797994
3.938195
-0.779441
-3.834186
-6.902962
-7.283857
-3.474408
-1.480156
-1.559329
3.758591
6.418199
7.222319
6.275767
4.790514
2.587023
-3.347475
-3.104037
-2.442598
-1.379913
-0.414001
0.782355
1.632493
3.089716
-3.506400
-4.187633
-7.312946
-4.453702
-2.215694
-0.697675
1.469338
5.835640
7.039891
7.037780
5.465482
3.081694
1.681855
-3.081824
-3.314351
-2.047583
-1.000811
0.651502
1.807670
3.537539
0.331733
-4.904957
-5.865729
-9.183609
-4.588518
-1.053487
-1.444133
1.471489
5.247519
7.048985
7.407589
5.884430
3.338477
-3.562420
-3.168607
-3.602393
-1.937236
-0.916886
0.899431
2.148095
3.096254
-3.043683
-6.105900
-7.836093
-4.695315
-2.710944
-2.290399
1.417207
6.385222
7.888211
7.791646
6.288484
4.079336
2.784381
-3.224310
-3.396228
-2.010942
-0.244677
1.065468
2.467253
2.205638
-4.238039
-5.885573
-6.629064
-5.870486
-2.617394
-2.690887
-0.920024
5.151770
7.957784
8.645527
7.406643
4.893407
3.476017
-3.337559
-3.644345
-2.149567
-0.364901
0.594602
2.394356
5.082085
-4.538036
-4.977379
-7.406063
-6.829772
-2.622951
-2.057200
-1.478803
4.218773
6.975213
8.532796
7.923045
4.864280
3.332679
-3.069414
-3.208413
-2.013558
-0.923487
0.664765
1.654622
4.109893
-3.514160
-5.630092
-6.392607
-9.280609
-3.587593
-0.962214
-1.933079
3.432379
6.040322
7.215472
6.681495
4.713178
-3.965119
-3.436818
-3.564783
-3.374412
-1.921612
-0.897773
0.437158
1.755699
3.938294
-2.338952
-4.209122
-7.256594
-4.383261
-2.176926
-0.475669
1.186013
5.716986
6.693638
6.486422
5.762045
3.113423
-4.045404
-2.888414
-3.866895
-2.277784
-0.496830
0.452650
2.186296
4.433039
-0.922139
-4.035682
-7.146047
-7.707449
-3.766215
-0.822370
-1.361858
4.439938
5.907433
6.795210
6.279961
4.849640
2.675738
-3.311968
-3.123191
-2.381889
-1.504175
0.060393
0.812810
2.115552
3.356838
-3.489709
-5.361591
-7.820746
-4.731465
-2.356701
-1.118535
2.173801
6.070378
7.013800
6.844657
5.686708
3.197184
-2.391012
-2.864169
-3.426865
-1.967369
-0.191190
0.813602
2.601928
5.186615
-2.923178
-4.855069
-7.779789
-7.930934
-3.414111
-0.659554
-1.571044
4.120051
5.891277
7.430847
7.431172
4.847561
-1.391861
-3.360333
-3.363418
-2.534361
-0.943128
-0.098410
1.284367
3.703591
-0.457556
-3.988991
-7.046018
-6.782992
-3.554255
-1.882179
-1.507746
6.004813
7.115962
7.848952
5.970880
4.254490
2.223429
-3.610808
-3.221573
-2.064200
-1.040401
0.575403
1.141072
2.310841
2.834470
-4.403934
-5.140851
-6.996951
-5.213401
-1.212013
-0.477091
0.355553
6.216999
7.183574
7.489368
6.506542
3.871267
-3.631073
-3.061951
-3.815330
-2.225963
-0.544370
0.312638
2.093122
5.012240
-2.982822
-4.185108
-8.625879
-8.155334
-3.216365
-0.914641
-1.512185
4.485816
6.330374
7.118371
6.707188
3.933789
-3.892650
-3.293560
-3.595026
-2.369359
-1.251614
0.392215
1.320509
3.326980
1.865721
-3.220781
-6.496594
-7.379748
-4.178482
-1.031016
-1.345623
4.438204
5.950873
7.168571
6.790081
5.529349
3.450420
-3.749182
-2.736860
-2.855720
-1.091912
-0.078160
1.379899
2.605000
2.350753
-4.398776
-5.103381
-8.927549
-6.054523
-1.756817
-1.624486
0.974528
4.914217
6.976544
7.494817
6.595043
4.080514
-3.941686
-2.988882
-3.223356
-1.820434
-0.010302
0.919241
2.595435
5.268944
-3.828731
-4.633353
-7.750351
-7.416368
-2.556234
-1.171071
-0.892415
4.943981
6.639297
7.772807
7.352453
4.387046
-4.012999
-3.187326
-3.404939
-1.916246
-0.691048
0.803916
1.588774
4.502937
-2.219403
-4.259822
-7.533947
-7.753781
-2.988359
-0.343354
-1.448280
5.768388
6.325856
7.566250
6.559631
4.254047
-2.337205
-3.468392
-3.396602
-2.324211
-0.605105
0.331116
1.569741
3.889420
-0.780812
-4.382455
-6.580524
-8.119555
-4.560366
-0.514918
-1.568443
4.651708
6.173051
7.711766
6.656404
4.894482
2.895326
-3.558550
-3.456717
-2.648137
-1.563869
0.106209
1.046216
3.107672
0.977213
-3.834379
-6.356920
-8.636003
-5.324356
-1.427969
-1.539577
2.782726
5.487297
7.751503
7.257345
5.889763
4.086389
-4.197747
-2.964848
-3.018584
-1.273390
-0.220794
1.527249
2.723847
2.475964
-4.418238
-6.618173
-7.043835
-5.759345
-2.130371
-2.004426
1.100049
5.090551
7.356209
8.146206
7.424728
5.047188
3.812985
-2.895304
-3.102206
-1.436774
0.153650
0.948342
2.127154
1.396673
-5.423364
-4.927639
-7.418455
-7.126681
-2.324734
-2.082245
-0.131699
4.513413
7.084558
8.156322
7.061430
4.650867
-4.002269
-3.118267
-3.587009
-1.947316
-0.192864
0.759931
2.539519
5.153773
-4.233593
-5.117663
-7.734496
-7.887747
-2.576175
-1.310169
-0.956187
4.285141
6.317607
8.010736
7.607915
4.707731
-3.754139
-3.134137
-3.380503
-2.023139
-0.759217
0.794780
1.642985
4.520375
-2.455429
-4.493077
-7.867683
-8.022891
-2.646168
-0.383372
-1.317152
5.543720
6.045537
7.365606
6.698604
4.225511
-4.137892
-3.314803
-3.188036
-2.335153
-0.708560
0.159744
1.476087
3.567179
0.905823
-4.443815
-6.292076
-9.104910
-4.337173
-0.240743
-1.213333
2.922934
5.039148
6.886305
7.229093
5.500325
3.321363
-3.329254
-2.925329
-3.308194
-1.832252
-0.083075
1.116632
2.518767
2.882337
-3.496134
-4.866878
-9.401272
-7.172895
-2.541395
-1.369663
-0.265137
4.201056
6.954308
7.494471
6.733358
3.933275
-3.609706
-3.020956
-3.641212
-2.073090
-0.251897
0.743866
2.359684
5.196005
-1.899426
-3.915374
-8.318827
-7.056324
-2.636617
-0.392018
-1.038659
5.704859
6.283454
7.779473
7.345543
4.699909
3.015957
-3.099008
-2.979746
-2.023358
-0.317329
0.454925
1.791697
4.073281
-1.418761
-4.929125
-6.902686
-8.620306
-3.836126
-0.280495
-1.708475
5.113808
5.935255
7.420073
6.684177
4.529423
2.718629
-3.601711
-3.422679
-2.365198
-1.233924
0.472834
1.398801
3.344287
0.429256
-4.428833
-6.414162
-8.811563
-4.636303
-1.222044
-1.670202
3.725589
5.587048
7.704447
7.301592
5.643517
3.880758
-3.470384
-2.945383
-2.913973
-1.148395
-0.141670
1.495570
3.149540
0.121646
-4.515494
-6.367580
-7.918977
-5.842216
-2.083068
-2.049227
2.494091
5.541554
8.024494
7.455146
6.205756
4.431473
-4.563949
-3.101545
-2.750321
-1.005139
-0.026713
1.886053
3.139353
-0.678657
-5.170631
-5.837562
-6.133458
-5.726851
-2.563917
-2.537702
1.619389
5.307985
8.315549
8.343945
6.986299
5.031356
4.129807
-3.169489
-2.610092
-0.952137
0.094231
1.699602
2.938004
-1.774360
-6.047639
-5.179819
-5.942473
-6.026233
-2.540953
-2.608582
0.833476
4.593715
7.962051
8.716805
7.145713
5.258907
4.426577
-3.257320
-2.763188
-1.214173
0.400370
1.337850
3.035417
-2.142276
-6.757785
-4.998804
-6.461882
-6.518248
-2.578724
-2.779412
0.046363
4.062728
7.745894
8.669920
7.088196
5.321561
-4.778886
-3.293851
-3.150460
-1.420934
-0.270190
1.361617
2.898580
-1.426727
-6.167612
-5.421808
-7.728384
-6.607404
-2.388316
-2.546838
0.299243
4.155366
7.491005
8.105138
6.715454
4.749943
-3.814441
-3.183417
-3.199049
-1.415829
-0.297943
1.288476
2.981671
-0.609142
-5.327494
-5.826699
-7.555085
-6.084031
-2.281663
-2.298532
1.376885
4.958937
7.867412
7.849429
6.401706
4.403357
-4.050610
-3.235186
-3.146281
-1.337553
-0.326766
1.549614
3.272834
-0.344474
-5.081605
-6.468148
-6.661081
-5.863585
-2.395052
-2.286544
1.353381
5.077299
8.051727
7.977396
6.653181
4.813062
0.947311
-3.150569
-3.179876
-1.708117
0.028309
1.265205
2.687602
1.712770
-5.262571
-6.340065
-6.643983
-5.881998
-2.614245
-2.529239
0.711144
5.132499
7.497932
8.596269
7.266246
4.974564
3.783960
-3.218089
-3.095783
-1.482612
0.197763
1.111434
2.466241
1.070812
-6.188704
-4.937547
-7.340559
-6.771411
-2.635718
-2.638243
-0.107511
4.215915
7.278915
8.757262
7.197599
5.008665
-2.342017
-3.250563
-3.480017
-1.607946
-0.375181
1.394977
2.551551
1.353251
-5.764347
-5.700075
-8.229339
-7.432949
-2.572282
-2.153512
-0.667089
3.509393
6.942848
8.428536
7.207455
4.640276
-3.890138
-3.188807
-3.679473
-1.993925
-0.118794
0.912920
2.643416
5.599544
-4.348577
-5.032859
-8.455358
-6.751059
-2.377648
-1.439238
-0.415132
4.573881
6.691323
8.208077
7.428008
4.488544
-4.196977
-3.021004
-3.162583
-1.657268
-0.374489
1.189151
2.291677
5.225793
-4.477315
-5.350498
-7.655687
-7.962456
-2.536982
-0.929728
-1.387919
4.113541
6.628475
7.889408
7.321601
4.089308
-3.978314
-3.347813
-3.615288
-2.762114
-0.817777
0.164356
1.804978
4.857256
-1.621701
-3.917529
-7.672101
-7.221973
-3.851216
-0.802543
-1.668498
5.037654
6.446450
7.750313
6.711888
4.018739
-3.910127
-3.466732
-3.512164
-2.536978
-0.758588
0.308976
1.791490
4.329240
-0.460139
-4.019779
-6.949814
-7.409234
-4.106320
-1.269662
-1.582397
4.911434
6.677479
8.047645
6.906086
4.936012
3.239338
-3.572398
-3.219627
-2.244379
-1.217534
0.558246
1.861831
3.956359
-1.755113
-4.727773
-6.072944
-6.776425
-4.571800
-2.168670
-2.156041
3.488759
6.070396
8.314210
8.275764
6.091517
4.718036
3.678466
-3.053793
-2.850881
-1.113744
-0.048770
1.748992
3.377679
-1.202713
-5.977516
-6.314405
-7.406986
-5.320189
-2.482831
-2.506938
1.695350
5.093717
7.999769
8.764227
6.796041
4.954880
-5.009828
-3.268706
-2.696728
-0.894819
0.083373
1.828701
3.477562
-1.858295
-6.497326
-5.190121
-6.388785
-5.137946
-2.560599
-2.854620
1.847899
5.237474
8.124779
8.652247
6.616312
5.020596
-1.696580
-3.249727
-2.760109
-1.157737
0.521582
1.596296
3.142723
-2.545673
-6.932678
-5.136307
-6.161832
-5.516280
-2.708478
-3.102089
1.132664
4.737403
8.083241
9.149095
6.985502
5.309407
-2.970709
-3.472682
-2.615989
-0.844062
0.308246
1.863973
3.456601
-3.121728
-7.611845
-4.580682
-5.740908
-5.684441
-2.923260
-3.393843
0.864631
4.575807
8.165306
9.379660
6.973952
5.409333
-4.650671
-3.692935
-2.793223
-1.138947
0.563582
1.670015
3.431041
-3.297457
-7.785769
-4.742632
-6.170523
-5.684772
-2.855504
-3.258137
0.439494
4.537365
7.914823
9.280148
6.889887
5.165572
-5.276414
-3.666878
-2.939179
-1.075403
0.085556
1.654789
3.298766
-2.998804
-7.578912
-4.593563
-6.543356
-5.728455
-2.862223
-3.191289
0.681677
4.687707
7.974713
8.935965
6.554836
4.906062
-4.633188
-3.741405
-3.013713
-1.215152
0.001633
1.705014
3.371343
-2.412549
-7.109977
-5.108963
-6.551528
-5.536711
-3.027908
-3.254216
0.801602
4.989779
8.115112
8.765812
6.556652
4.810159
-5.095318
-3.624635
-3.195980
-1.643523
0.081756
1.344795
2.985418
-1.913980
-6.301416
-5.221560
-6.771820
-5.439538
-3.123579
-3.208973
0.878485
5.177387
8.297913
8.945306
6.749349
4.996499
-2.324638
-3.520161
-3.307098
-1.690755
-0.004472
1.333877
3.219325
-1.628376
-6.260557
-5.576180
-6.840671
-5.497702
-3.270940
-3.274241
0.597321
5.172927
8.338434
9.053123
6.862728
5.038859
-3.440880
-3.581452
-3.303374
-1.705613
0.083773
1.486740
3.145962
-1.654809
-6.139606
-5.378540
-6.412785
-5.162202
-3.246008
-3.246607
0.327236
5.265598
8.415376
9.317551
7.040051
5.179668
3.964195
-3.452001
-3.525353
-1.677369
-0.510045
1.421714
3.008461
-1.554761
-6.201733
-5.477582
-7.023477
-5.593864
-3.271000
-3.207438
0.135507
4.995460
8.412369
9.325992
6.975460
5.103801
-4.226390
-3.626919
-3.483737
-1.839998
-0.084028
1.518293
3.285478
-1.446300
-6.217826
-5.479119
-6.669126
-5.506327
-3.326923
-3.452345
-0.202598
4.777274
8.557834
9.591601
7.260771
5.356571
3.673009
-3.590307
-3.699474
-2.008362
-0.601602
1.448321
3.076828
-1.165631
-5.955665
-5.720052
-7.082167
-5.473992
-3.334794
-3.369910
-0.196604
4.982814
8.570469
9.518195
7.104742
5.151184
-1.650852
-3.583784
-3.757181
-1.997465
-0.314868
1.123041
3.025912
-0.857114
-5.660968
-5.588672
-6.640479
-5.064308
-3.343966
-3.330440
0.164470
5.489444
8.592233
9.313703
6.806393
4.777902
-1.602208
-3.593571
-3.670708
-1.750638
-0.456287
1.547215
3.179305
-1.064622
-5.833149
-5.255167
-5.455854
-5.039611
-3.468507
-3.727651
-0.889415
4.729618
8.814670
10.134930
7.636081
5.685416
4.440069
-3.666065
-3.721975
-1.991230
-0.762162
1.292593
2.909686
-1.274736
-6.118298
-5.944602
-7.776553
-5.857378
-3.433504
-3.352687
-0.681599
4.970669
8.602267
9.524593
6.879240
4.733572
-4.758619
-3.789658
-3.898230
-1.957440
-0.476368
1.564567
3.240195
-0.588074
-5.448528
-5.248373
-5.842003
-4.704210
-3.277665
-3.356573
-0.230069
5.375343
8.699780
9.674700
7.020856
5.045976
3.817280
-3.503020
-3.884752
-1.953529
-0.759316
1.443073
3.198874
-0.833192
-5.754895
-5.632357
-7.401156
-5.392064
-3.280651
-3.466912
-0.985843
4.916134
8.734781
9.743388
7.189501
5.019383
-3.418152
-3.642544
-3.932733
-2.023898
-0.541503
1.500499
3.152690
-0.645335
-5.490034
-5.261064
-6.015040
-4.635798
-3.319998
-3.521242
-0.443000
5.423287
8.747278
9.613018
6.839976
4.703421
2.187299
-3.635458
-3.900210
-2.160423
-0.325112
1.116848
2.974014
-0.758168
-5.478991
-5.417576
-5.968451
-4.710188
-3.138238
-3.192060
-0.226456
5.465867
8.606506
9.483028
6.648209
4.528766
-2.138299
-3.575097
-3.902939
-1.999311
-0.842752
1.303247
2.980735
-0.748584
-5.688256
-5.059772
-6.363141
-5.361078
-3.337743
-3.493786
-0.877684
4.830741
8.939546
9.896637
7.080859
5.063999
1.627873
-3.649167
-4.445185
-2.451596
-0.652308
0.915571
2.757056
2.047652
-5.271123
-6.104951
-6.611903
-4.633657
-3.274449
-3.630046
-0.917808
5.227204
8.212205
9.865200
7.324102
4.869507
3.279887
-3.647126
-4.291541
-2.194870
-0.296073
1.108634
2.523514
1.451577
-5.843171
-4.455914
-5.447462
-4.559944
-3.456382
-3.343267
-0.400956
5.673310
8.192218
9.738705
6.758056
4.493405
3.169423
-3.628809
-4.441081
-2.089513
-0.959727
1.109382
2.299382
1.153579
-6.316834
-4.395370
-7.258806
-5.864543
-3.479397
-3.455217
-0.887457
5.036316
8.088456
9.572868
6.562609
4.308554
-5.351580
-3.839799
-4.438812
-2.221757
-1.044789
1.351720
2.476597
1.677425
-5.582645
-4.959616
-6.428372
-4.869631
-3.414675
-3.440499
-0.186028
5.675941
8.210655
9.370481
6.431133
4.108952
-3.595425
-3.720013
-4.220629
-2.246633
-0.214587
1.249141
2.761097
1.699853
-5.786024
-4.774167
-5.548543
-4.806257
-3.434440
-3.627765
-1.014293
5.123682
8.288459
9.956455
7.148322
4.793566
3.348667
-3.809748
-4.411767
-2.149872
-0.994872
0.923855
2.175635
1.232467
-5.744470
-5.116048
-6.330773
-4.405807
-3.247000
-3.450067
-0.354392
6.284738
8.401716
8.855117
5.458879
3.018260
-4.342692
-3.873595
-3.472874
-1.963711
0.390446
1.772259
3.003777
1.472624
-6.351324
-3.746499
-3.666867
-4.745237
-3.685311
-3.570277
-0.412780
5.792317
8.210975
9.668411
7.028623
4.695553
3.521758
-3.813629
-4.841256
-2.593910
-1.168438
0.744909
2.389270
1.260843
-6.038393
-5.131621
-7.972499
-6.387900
-3.612350
-3.736796
-2.101872
4.345940
8.195234
9.838937
6.823436
4.336250
-4.980450
-3.946258
-4.731284
-2.723975
-0.740556
0.976500
2.458764
2.218428
-5.024991
-5.139735
-6.242216
-4.445034
-2.656269
-3.171564
-0.325383
5.723917
8.277363
9.186481
6.112546
3.724323
-5.040934
-3.757186
-3.873050
-2.245561
0.101057
1.657922
3.187680
1.812394
-5.826985
-4.398127
-3.950145
-4.064660
-3.495320
-4.001958
-1.492637
5.046929
8.321826
10.216258
7.556034
5.065054
3.687224
-3.866752
-4.532832
-2.301356
-0.547599
0.634309
2.127730
0.934065
-6.181601
-5.055443
-6.282731
-4.682510
-3.536445
-3.728712
-0.912808
6.112673
8.318659
8.832230
5.310224
2.856027
-4.534247
-4.105122
-3.874775
-2.251167
0.162936
1.611571
2.737381
1.844904
-5.895399
-4.364028
-3.870629
-4.814721
-3.209344
-2.945869
0.260339
5.859411
8.143147
9.334218
6.534247
4.169919
3.022116
-3.736170
-4.504492
-2.263389
-1.145888
0.822176
2.370560
1.441683
-5.974101
-4.614656
-7.423458
-6.239606
-3.449085
-3.489642
-1.035692
5.097323
8.109921
9.272359
6.203465
3.845575
-4.543857
-3.876246
-4.448333
-2.608248
-0.484056
1.153944
2.683707
2.018408
-5.091489
-4.866768
-5.211195
-4.196176
-2.821164
-3.356026
-0.476363
5.645894
8.162277
9.186085
6.405127
3.928799
2.590602
-3.768756
-4.105372
-1.857350
-0.507680
1.605349
2.937525
1.659107
-5.987944
-4.445874
-4.392717
-4.457983
-3.524540
-3.986786
-1.681226
4.833258
8.296108
10.210781
7.440655
4.989765
3.587247
-3.895746
-4.674980
-2.482668
-0.631181
0.842580
2.376621
1.221232
-6.175858
-4.710204
-7.125619
-5.483836
-3.324622
-3.489638
-1.106673
5.196280
8.130283
9.561777
6.423541
3.985493
-4.711199
-3.859316
