0.009862
-0.561000
-1.557235
-0.692677
-0.183872
0.027521
0.037892
-0.751389
0.883940
0.363065
-0.331549
0.020720
0.078690
-0.070469
0.093251
0.219003
0.471731
-0.880708
-0.184167
0.613682
-0.314395
0.059702
1.282196
-0.192610
-1.589874
-1.841504
-1.463256
-1.940020
-1.554226
-1.023663
1.049945
7.719759
3.755400
-2.119980
-3.268124
0.083646
2.222674
2.880970
0.749921
-1.285519
-0.432568
-0.637966
-2.690697
1.077318
1.598805
0.134540
0.912100
-0.290724
-1.831923
-0.436654
2.653882
5.792475
7.840239
5.083399
4.399013
3.416848
3.204728
5.340117
0.948793
0.120609
-8.117384
-10.375689
-9.659595
-6.329027
-5.432398
-5.321937
-4.851033
-4.230679
-4.056044
-1.615371
0.951947
2.092003
0.490828
1.421691
2.105392
1.164848
-0.848262
-1.508711
-1.939925
-1.882331
0.187022
-1.322598
-0.239404
-1.236293
-3.251772
-3.355963
-1.462392
-1.963891
-1.248146
0.147590
1.087780
1.607954
2.625850
3.163801
2.443285
0.792392
0.510255
1.603169
3.468212
6.772965
8.061272
5.184272
1.668405
1.960732
1.786256
-0.123667
0.360087
0.509014
-0.238858
-0.221787
0.216168
1.317026
1.236993
0.563080
0.156053
-1.241340
-0.983377
-0.004630
0.157552
2.462347
3.494749
1.526205
-0.087275
1.303737
3.993441
2.877205
1.800129
1.551525
0.062583
1.387978
-2.443918
-0.214744
-1.521697
-1.767730
-0.933204
-1.249665
-2.316966
-2.189250
-1.533635
0.328739
3.802691
3.363458
1.704815
1.717940
4.608227
2.775491
4.159401
1.076982
0.622205
-0.536314
-1.421263
-3.520176
-0.976735
-0.721645
-2.647657
-2.680393
-3.589778
-4.323965
-4.255456
-2.974878
-0.416989
3.002301
2.690106
-0.219511
-0.668085
1.812136
1.266951
0.153478
0.582678
0.118506
-1.144082
-1.768740
-1.043602
0.337735
-0.290256
-0.949273
-1.514928
-2.275728
-3.190176
-1.792017
-0.673431
2.506623
3.673826
1.603884
-0.722977
0.815346
2.235093
2.513634
0.127858
-0.047192
-1.021696
-1.740642
-2.629431
-0.334191
0.969193
-0.456701
-1.139496
-1.953686
-2.639315
-3.026439
-1.675197
0.322290
3.209059
3.785855
0.905104
-0.531498
1.990946
1.767797
-1.530463
0.892724
0.793845
-0.408060
0.266776
-0.632785
0.402492
0.352887
-0.452519
-0.771404
-1.633860
-2.241471
-1.476952
-0.547362
2.753031
3.933187
2.036652
0.168446
1.713101
3.186146
3.436812
0.797234
0.523293
-0.183608
-1.310165
-2.862994
-0.785664
0.367919
-1.306093
-1.631402
-2.279590
-3.349106
-3.680655
-1.981078
-0.631034
2.481745
3.646799
1.387532
-1.139912
-0.264221
1.465351
1.296245
0.952795
0.459382
-0.635798
-0.637500
-1.517442
0.887342
1.573771
-0.301794
-1.394410
-2.645458
-3.190446
-2.917933
-1.586368
1.469227
4.439484
3.561150
0.220727
2.506499
1.445254
1.421676
0.601240
0.595913
-0.365331
-1.090644
-2.228508
-0.397643
0.404017
-0.413232
-1.165667
-2.677434
-3.776947
-3.780356
-2.252201
-0.083129
3.441767
4.089709
0.713810
3.110526
0.682323
0.546766
0.011679
0.601533
-0.226295
-1.062617
-1.469435
0.310405
1.119116
0.240338
-0.776779
-2.599127
-3.914272
-4.011317
-2.419677
-0.363980
3.190702
4.585473
0.667761
-0.277417
1.946416
0.559530
0.165370
0.878710
0.220188
-0.683097
-0.975124
0.159704
1.193568
0.482741
-0.452453
-1.797164
-3.171606
-3.524759
-1.644274
-0.193564
2.934301
3.427206
0.422475
-1.119368
0.050114
1.551883
-0.423109
0.746517
0.449982
-0.851513
0.902609
0.720814
1.506037
0.621144
-0.124469
-0.598174
-1.617724
-2.196582
-0.937831
-0.062077
2.882815
4.084709
2.208770
0.309366
2.003300
3.516007
3.972857
0.704770
0.164988
-0.479990
-1.464651
-1.823320
0.324198
0.842457
-1.302598
-1.866050
-2.592795
-3.124042
-3.573734
-2.440331
-0.232270
3.192021
3.896624
1.082226
-0.782176
2.222052
1.762091
0.581520
1.149289
0.574955
-0.667135
1.055006
-0.005154
0.956810
0.426306
-0.987688
-1.711943
-2.755653
-3.353548
-2.323519
-1.104487
2.631730
4.317986
2.385333
0.353964
1.743249
3.141519
3.147193
0.830633
0.304358
-0.617950
-1.364549
-3.084859
-0.246054
0.741338
-1.365536
-2.296210
-3.248172
-3.954373
-4.171799
-2.770709
-0.408796
3.015470
3.850345
0.684964
-1.331548
1.883080
1.274295
-3.422675
0.720384
0.390698
-0.688727
1.499201
1.201385
1.884557
0.822727
-0.638374
-1.848576
-3.119099
-3.707390
-2.052657
-0.612181
3.051919
4.041447
1.731953
0.794970
3.745145
3.186961
0.629224
1.819742
1.118578
-0.296080
0.759539
-0.825456
-0.121340
-0.725911
-1.666711
-1.616050
-2.678965
-3.442831
-2.592783
-1.749601
2.119649
4.568219
2.852796
0.414748
2.310476
3.400688
3.053266
-0.684482
-0.988166
-1.937488
-2.922707
-1.054348
1.088174
1.500303
-0.593640
-2.115607
-3.538242
-4.710214
-4.796388
-3.359397
-1.119774
2.509046
3.330778
0.346189
-0.431657
2.772555
2.161914
0.263467
0.514091
-0.046517
-1.091895
0.831732
1.454065
1.691336
0.207502
-0.842812
-1.847788
-3.227446
-3.442009
-1.563854
-0.365619
3.021848
4.309725
2.251044
0.486606
2.527076
2.757509
2.681597
1.629336
0.441237
-0.885902
-0.100632
-2.337265
0.530709
0.484846
-1.287076
-2.259154
-3.728941
-4.216202
-3.925865
-2.565213
0.862541
4.470548
3.736428
0.258506
2.063627
2.213863
1.382281
1.246138
0.634724
-0.432414
-0.709948
-1.610413
1.005839
1.372768
-0.246056
-1.770449
-3.244680
-4.159349
-4.267109
-2.552601
0.022465
3.713494
4.315636
0.820059
0.015162
2.883377
1.935905
0.890686
0.634427
0.042778
-0.896518
0.242111
1.173084
1.474665
0.045259
-1.243586
-2.462215
-3.733504
-4.115866
-1.986933
-0.497499
3.263992
4.181690
1.323058
0.585493
3.421844
3.159472
0.815551
0.932279
0.005704
-1.382326
1.051630
0.725859
1.127280
-0.181284
-1.349194
-2.324317
-3.429710
-4.161005
-2.634166
-1.307227
2.591584
4.250895
1.767116
0.633111
2.011454
3.267431
1.535959
0.836704
0.019263
-1.492242
0.832125
-0.323789
1.221441
0.419030
-1.337549
-2.270209
-3.590075
-4.385014
-3.567652
-2.582072
1.046666
4.394524
3.415384
0.923094
3.810111
2.503045
1.842768
1.373628
0.416187
-0.808010
-1.090848
-2.121153
1.187436
0.950053
-0.827693
-2.335916
-4.223815
-5.035551
-4.838085
-3.253743
0.087872
4.212907
4.935185
3.191985
3.814527
2.281446
0.986200
1.662905
1.498125
0.601353
0.108375
-1.247443
0.797627
0.438469
-1.080249
-1.775433
-3.555660
-4.737333
-4.637550
-2.985436
-0.180009
3.996572
4.156392
1.366887
3.120966
2.545646
1.504686
0.286665
0.258618
-0.728806
-1.223212
-0.945179
1.523637
1.587319
-0.187965
-1.683494
-3.218494
-4.465407
-4.601697
-2.936253
-0.536203
3.187112
4.215452
0.877385
0.131580
2.896368
1.952093
0.873061
0.586482
0.094875
-0.830730
0.409520
1.663011
1.864251
0.280257
-1.170030
-2.474816
-3.804327
-4.146313
-1.956669
-0.459510
3.250640
4.011448
1.192877
0.387621
3.547982
2.765433
0.671807
0.841686
-0.119790
-1.372875
1.147136
0.909561
1.262390
0.024014
-1.143522
-2.031309
-3.132365
-3.862416
-2.221241
-0.837733
2.728025
4.149893
1.806497
0.430623
1.650527
2.529249
1.788635
0.757202
-0.613017
-1.755559
-1.272493
-1.937752
1.494466
1.790315
-0.775719
-2.303328
-3.747351
-4.743145
-4.231757
-2.705942
0.112481
3.313500
3.253156
0.114119
1.339487
2.442055
1.739172
1.063168
0.655475
-0.026528
-0.529141
0.024334
1.806615
1.836369
0.256174
-1.203088
-2.761127
-3.780049
-3.895415
-2.236989
0.226568
3.774545
4.423040
1.309996
0.163070
3.275686
2.658240
1.400082
1.096773
0.233010
-1.032657
1.026443
0.561559
1.078027
-0.196052
-1.259663
-2.357195
-3.785737
-4.347485
-2.627673
-1.062891
2.918327
4.036301
1.343664
0.279268
1.582731
2.470775
0.516218
0.739818
-0.097863
-1.534199
1.393836
0.143974
1.475777
0.664880
-1.124830
-2.186733
-3.539736
-4.394746
-3.199541
-1.860875
1.813587
4.440695
2.862053
1.033391
3.479039
2.373922
1.741991
1.764037
0.516766
-0.700826
-0.300428
-2.055773
1.056811
0.807366
-0.907722
-2.246563
-3.945089
-4.792891
-4.403919
-2.922803
0.535557
4.267201
3.955578
1.384676
3.981633
1.953599
0.865620
1.652261
1.002860
-0.129989
-0.419055
-1.567560
1.146429
0.633639
-0.960792
-2.041024
-3.965784
-4.760797
-4.679600
-3.339960
0.264073
4.620120
4.332585
4.037198
4.830626
2.058370
1.056336
1.789822
1.028612
0.095705
-0.410946
-1.637731
1.042173
0.458601
-1.195158
-2.013781
-4.082397
-5.076195
-4.828447
-3.636373
-0.097332
4.143206
3.976345
1.597792
4.972441
2.248099
1.150052
1.527990
0.659239
-0.217673
-0.771175
-1.435806
1.593222
0.961659
-1.016807
-1.939216
-3.974426
-5.193899
-4.946184
-3.656893
-0.197667
3.762053
3.569308
1.480973
3.998013
2.368601
1.196282
0.650959
0.031808
-0.831815
-1.094800
-1.129883
2.235771
1.609940
-0.386484
-1.847431
-3.767266
-4.918050
-4.846875
-3.309548
-0.056660
3.707296
3.637700
1.069575
3.580469
2.345106
1.218824
0.991284
0.444066
-0.546640
-0.721667
-0.827951
2.171016
1.602861
-0.193044
-1.546602
-3.424842
-4.436212
-4.352684
-3.006944
0.405537
4.443959
4.318581
1.513438
4.060810
2.327971
1.341542
1.144348
0.507081
-0.497809
-0.799781
-1.477796
1.518356
1.167401
-0.529368
-1.694387
-3.592057
-4.510350
-4.461050
-3.200789
0.264308
4.524981
4.463762
1.672139
4.353798
2.357007
1.625090
0.721457
0.346022
-0.648873
-1.163125
-1.730699
1.382309
1.087263
-0.576681
-1.850470
-3.829977
-5.090211
-4.909405
-2.882109
-0.002540
4.187654
4.576106
1.580642
3.982344
2.252355
0.953400
1.614472
1.076658
0.203723
-0.436147
-1.408100
0.660690
0.583655
-0.902194
-1.601524
-3.328073
-4.563398
-4.527313
-2.933609
-0.135509
3.851699
3.839974
1.443341
2.942035
2.365328
0.936706
0.543703
0.248134
-0.754331
-1.325855
-1.581733
1.261562
1.540485
-0.051588
-1.527321
-3.225519
-4.614462
-4.699165
-2.798148
-0.307409
3.256700
3.772165
0.330603
2.354069
2.278114
1.390083
0.714888
0.557253
-0.180500
-0.717225
-0.661375
1.966495
2.065343
0.516484
-1.067054
-2.727437
-3.994042
-4.143006
-2.478052
0.015643
3.706961
3.963049
0.502846
-0.103149
2.869338
1.781278
0.853710
0.628702
-0.167916
-1.035153
-0.653006
0.769385
1.392904
0.348803
-0.893018
-2.285098
-3.439597
-3.979689
-1.809454
-0.067318
3.394654
3.802615
0.743711
-0.173791
2.540257
2.066154
-1.171913
-0.023781
-0.660543
-1.862300
0.481512
1.429688
2.250927
0.848114
-0.761647
-2.041723
-3.507127
-3.890940
-1.912285
-0.406048
2.901515
3.856341
1.152967
0.392930
2.321989
2.645888
-0.405300
0.644010
0.109442
-1.412614
0.980962
0.467587
1.245172
0.459721
-0.723805
-1.707776
-2.973210
-3.852234
-2.379096
-1.126614
2.444239
4.110620
2.151238
0.505735
2.087368
2.918948
1.810919
1.252704
0.415262
-1.147713
0.781541
-0.304251
0.982151
0.284315
-0.791099
-2.169065
-3.960557
-4.517563
-3.843955
-2.699724
1.211115
4.745843
3.518940
1.201269
2.860749
2.015140
0.000281
0.515337
0.521393
-0.906826
-1.172807
-2.137522
0.755486
0.738464
-0.624401
-2.231296
-4.300839
-5.175152
-4.461700
-2.705682
0.578330
3.931270
3.398391
1.376285
3.106408
1.617252
0.220484
1.394497
1.073526
0.194082
-0.004911
-0.590744
1.521853
0.886091
-0.513791
-1.445199
-3.422146
-4.092849
-3.903198
-2.561531
1.099205
4.637239
3.912661
1.501512
4.223265
2.147144
0.939620
1.029789
0.461020
-0.613849
-0.838640
-1.695302
1.118976
0.626468
-0.959451
-1.802793
-3.718384
-4.670667
-4.358365
-3.019641
0.602493
4.272695
3.857876
1.301701
3.894291
1.807831
0.679089
1.015474
0.324426
-0.578995
-0.484643
-1.224068
1.524106
0.946989
-0.773199
-1.527945
-3.480868
-4.437735
-4.201628
-2.878822
0.760579
4.353764
3.777617
1.416786
3.980864
2.139099
0.840323
0.454613
-0.128790
-0.978472
-0.750157
-1.455188
1.659314
1.144735
-0.694589
-1.548164
-3.509996
-4.593662
-4.305650
-2.862996
0.587927
4.034708
3.564879
1.111428
3.615261
2.069489
0.750976
0.505153
0.028293
-0.828998
-0.767385
-1.134518
1.611983
1.197970
-0.479554
-1.233813
-3.149885
-4.086806
-3.974367
-2.681932
0.701833
4.116910
3.471609
1.141187
3.623406
2.149072
0.875671
0.221809
-0.137108
-1.046426
-0.998879
-1.363082
1.508985
1.194402
-0.400557
-1.264643
-3.110957
-4.115348
-3.954737
-2.591729
0.789743
4.290121
3.695351
1.010959
3.568071
2.068185
0.914598
0.313331
-0.004933
-0.901583
-1.123399
-1.437162
1.258674
1.032701
-0.368779
-1.260183
-3.216023
-4.032006
-3.990342
-2.598909
0.751772
4.372540
3.862692
1.263947
3.725735
1.083626
0.231508
0.121700
-0.030365
-0.968296
-1.412602
-1.525993
1.131572
1.072141
-0.228339
-1.261609
-3.334362
-4.178443
-4.008062
-2.595456
0.588645
4.158978
3.753954
0.869781
3.496920
1.357670
0.400977
0.288038
0.170954
-0.658433
-1.177625
-1.181469
1.183893
1.112750
-0.073772
-1.114766
-3.213495
-3.982152
-3.867562
-2.501522
0.618931
4.332491
3.596305
0.962470
3.480022
0.888525
0.134590
0.145533
0.132182
-0.725792
-1.510086
-1.355913
0.984260
1.090486
-0.001294
-1.006822
-3.159693
-4.050134
-3.827350
-2.509111
0.446109
3.928631
3.441653
0.631629
3.180303
1.036014
0.220788
-0.027375
0.010824
-0.811653
-1.377457
-1.068680
1.258002
1.379085
0.259943
-0.888398
-3.031698
-3.832771
-3.778786
-2.338589
0.572688
4.350962
3.294079
0.521385
2.930573
0.956091
0.238290
-0.168722
-0.047737
-0.835110
-1.446673
-1.054017
1.303378
1.526131
0.504723
-0.789676
-3.055460
-3.959151
-3.741596
-2.276564
0.488272
3.792458
3.352419
0.182555
2.481979
0.841774
0.053832
-0.083597
0.106152
-0.690949
-1.443883
-0.942429
1.124330
1.512309
0.608641
-0.637949
-2.830675
-3.586467
-3.525207
-2.130981
0.569340
3.944421
3.390250
0.417170
2.469262
0.741919
0.023412
0.165512
0.417851
-0.362346
-1.314532
-1.032859
0.717570
1.215748
0.409459
-0.533146
-2.674648
-3.272215
-3.251971
-2.088959
0.655072
4.302361
3.488033
0.706761
2.844781
0.627798
0.071465
-0.761248
-0.409976
-1.099242
-1.971042
-1.334803
1.109293
1.744728
0.854779
-0.605733
-3.116158
-4.039351
-3.833435
-2.162033
0.112308
3.126615
2.868967
-0.547317
1.884108
0.698587
-0.154028
0.120315
0.443344
-0.198118
-0.952437
-0.207012
1.140577
1.616326
0.912970
-0.163751
-2.252061
-2.882309
-2.979183
-1.710145
0.908093
4.424522
3.326799
0.461760
2.312157
0.663345
0.287927
-0.742392
-0.203990
-0.987509
-2.038090
-1.454667
0.624337
1.507306
0.766492
-0.529421
-2.779666
-3.662472
-3.566830
-2.064141
0.262018
3.257719
2.674846
-0.538722
1.432257
0.247294
-0.504750
-0.191134
0.372127
-0.254790
-1.217767
-0.448579
0.875999
1.658592
1.109284
-0.050994
-2.226712
-2.751406
-2.934954
-1.660310
0.759017
4.094251
3.043014
0.209173
1.646058
0.410498
0.027283
-0.365643
0.257600
-0.377772
-1.423317
-1.038975
0.433341
1.394089
0.813927
-0.206181
-2.402933
-3.048072
-3.026525
-1.844891
0.536581
4.003683
3.039624
0.236002
2.737969
0.160673
0.237693
-0.436294
0.208933
-0.471625
-1.479699
-1.075924
0.488966
1.399990
0.685931
-0.241987
-2.321772
-2.954353
-3.060669
-1.853012
0.588531
4.024868
2.996510
0.214748
1.584391
0.511031
0.096121
-1.025497
-0.376295
-1.071346
-1.984177
-1.200856
0.877268
1.867749
1.195071
-0.221568
-2.511512
-3.339693
-3.373980
-1.404972
0.512579
3.562279
3.719635
-0.043796
1.075618
0.778869
0.089614
0.083354
0.476074
-0.055665
-0.887168
-0.714624
-0.128662
1.089292
0.972655
0.280707
-1.740184
-2.566959
-2.676485
-1.270198
0.591559
4.214234
2.951089
0.509877
1.450357
1.292525
0.966462
-0.652434
-0.010125
-0.613870
-1.673232
-1.763512
-0.507156
0.875557
0.479881
-0.143818
-1.833045
-2.928803
-3.072901
-1.582230
0.198462
2.853097
2.439858
-0.333043
-0.236408
0.933456
0.142515
-0.387287
0.255604
-0.311495
-1.101876
-1.058558
-0.185858
1.248858
1.007511
0.252170
-1.361236
-2.150611
-2.561926
-1.035333
0.757216
4.721019
2.793108
-0.154266
1.245452
0.976429
0.544906
-0.285943
0.425386
-0.095861
-1.017863
-1.414502
-0.540997
0.920716
0.758931
0.169658
-1.551460
-2.293163
-2.616979
-1.194831
0.606859
4.093007
3.054334
0.264622
0.966626
0.858823
0.471955
-0.938547
-0.147548
-0.676093
-1.653293
-1.525611
-0.322124
1.258613
1.076397
0.119244
-1.925300
-3.057519
-3.132749
-1.502283
0.130640
2.684827
2.475043
-0.545441
1.288142
1.512819
1.331406
0.931114
1.421829
1.079041
-0.698411
-0.918146
-0.804509
0.374166
0.195651
0.409860
-0.685380
-1.461880
-1.702318
-0.608211
1.252739
4.394022
3.381070
1.224108
1.370266
1.620065
1.365897
-1.576168
-0.932567
-1.443453
-2.611056
-2.739471
-0.592847
0.973987
0.284113
-0.725824
-2.675462
-4.044422
-4.032957
-2.158457
-0.497016
2.055511
2.666824
-0.698796
0.284019
0.330216
-0.681704
-0.716078
0.220003
-0.156807
-0.798466
-0.238644
-0.095412
1.543002
1.669122
0.713960
-1.067257
-1.857849
-2.230119
-0.585916
1.110675
4.698945
2.912902
-0.520840
-0.358733
1.094165
0.816327
-0.141302
0.686387
0.132044
-0.855836
-1.455086
-0.831413
0.764470
0.839144
0.440403
-1.284301
-1.913749
-2.259047
-0.976673
0.780458
4.262167
3.360165
0.798152
1.540888
0.891725
0.572911
-1.339368
-0.421798
-0.798949
-1.906075
-1.860274
-0.496342
1.204057
0.995560
0.067701
-2.207158
-3.387596
-3.437250
-1.696610
-0.200677
2.273754
2.161505
-0.790569
0.123532
1.252013
0.999189
0.709373
1.328223
0.922316
-0.955257
-0.774610
-0.959036
0.458712
0.489276
0.612952
-0.489948
-1.265170
-1.521112
-0.366874
1.459508
4.294005
3.241933
1.089859
0.985502
1.724845
1.890928
-1.312533
-0.604181
-1.156245
-2.352382
-2.640876
-0.571228
0.915032
0.218025
-0.598790
-2.369534
-3.759824
-3.865188
-2.187358
-0.264709
2.536028
2.687619
-0.468081
-0.365066
0.817333
-0.203326
-0.581764
0.290880
-0.193102
-0.966383
-0.911802
-0.326086
1.321657
1.197589
0.420651
-1.164017
-2.060730
-2.356220
-0.813004
0.945566
4.175176
2.888789
-0.096500
1.568782
1.113271
0.848874
-0.407850
0.499382
0.034805
-0.966296
-1.610762
-0.867445
0.701716
0.666946
0.249085
-1.552652
-2.401645
-2.522151
-1.233780
0.509800
4.174177
3.131412
0.557126
0.877877
0.780917
0.377575
-1.367771
-0.396708
-0.784056
-1.858062
-1.671967
-0.431816
1.336511
1.237739
0.203963
-2.036651
-3.219113
-3.286820
-1.541568
-0.090576
2.274230
2.596799
-0.840022
-0.303940
0.617199
-0.000033
-0.179384
0.579427
0.235944
-0.517714
-0.535148
-0.362068
1.177008
1.166636
0.689261
-0.879656
-1.591373
-1.909015
