3.519370
1.067281
0.252751
0.244944
-0.269618
0.202186
-0.321513
-0.256728
-0.471449
0.042628
-0.965860
-1.340829
-1.346071
-0.278724
2.307882
7.149186
17.482035
20.368210
19.690098
12.181380
2.112560
-10.868140
-16.882748
-18.578512
-19.445517
-18.211372
-15.011381
-8.885994
-2.612785
-0.451817
7.001193
7.351743
3.413251
2.518891
1.529433
0.851658
-0.922540
-1.745104
6.316943
6.370557
1.620788
0.875033
-2.076920
-7.688042
-10.408919
-10.198354
-10.418948
-4.764385
1.041384
4.401240
-12.994795
8.553246
-0.818839
-2.638319
-2.214784
-1.853575
-1.045557
-0.782035
13.584352
13.181895
7.595053
1.156174
-4.119867
-7.492754
-8.227839
-8.482819
-7.456096
-1.320628
2.756704
5.453174
7.467524
5.879220
0.919135
-2.614235
-2.876336
8.456500
8.284614
7.248429
6.056666
5.586732
3.227427
-3.285620
-10.642173
-13.528746
-9.588665
-3.917896
2.632562
3.792019
3.941218
2.406080
4.600935
5.997604
6.399770
5.889984
5.035307
4.409225
2.906798
3.074319
2.713727
2.620225
1.576568
1.153231
-1.929715
-7.479606
-11.940626
-13.023944
-9.904263
-3.705880
0.623743
-1.933074
-1.398298
0.428404
3.814494
4.487563
4.594424
7.423217
6.652622
6.228152
6.035206
5.670403
8.971211
15.261480
11.702340
-11.180797
-20.004503
-22.008871
-16.356367
-6.661597
-1.709270
-4.908267
-4.947723
-0.814986
3.055156
5.607753
6.406870
7.394198
7.657628
7.333353
7.354420
7.035719
5.516207
9.145879
12.203405
7.166622
-12.452579
-19.233786
-19.886656
-14.194718
-4.265483
-0.576751
-3.323229
-6.624012
-4.406816
0.436077
3.716175
4.092111
7.175292
7.266134
7.436498
7.305523
6.784372
7.741756
12.563571
8.341382
-7.484555
-17.769379
-17.905445
-14.426465
-5.895673
1.427215
0.504209
-3.751137
-3.241434
-0.361757
4.282195
4.588340
7.895695
8.028974
7.725665
7.721485
7.819746
6.976741
10.492887
12.623240
5.903281
-14.913299
-20.209011
-20.057289
-13.559657
-3.430377
0.926902
-2.352572
-5.922351
-3.412262
1.081634
4.738117
4.760498
7.607382
7.683983
7.926245
7.998503
8.239923
7.270783
10.196788
7.865658
-3.221758
-18.322836
-19.224846
-16.564810
-8.085529
0.586320
0.447855
-3.686475
-4.410299
-1.923087
2.811194
3.643466
3.602561
6.750201
7.358486
7.331166
7.429049
6.718482
9.732091
12.566279
9.183164
-11.018214
-18.780584
-19.921530
-14.074437
-4.115677
1.300458
-2.094602
-5.387905
-3.007866
1.429883
4.967951
4.739465
6.980444
7.762720
7.753643
7.879158
8.038200
7.204463
9.580110
8.139015
-2.204926
-18.153708
-19.015564
-17.126150
-10.088987
-0.591816
1.859082
-1.158221
-5.310393
-3.477272
1.591213
4.177203
4.319874
7.487792
7.330552
7.476265
7.765277
7.379201
8.326397
12.993649
6.604664
-16.266825
-20.522745
-18.653664
-11.838009
-2.280385
1.608892
-1.637736
-5.860252
-4.514895
0.240843
4.718010
5.312392
7.051002
7.348100
7.497958
7.739465
7.454529
8.947570
13.105074
11.858463
-13.928392
-20.129103
-18.920361
-12.563629
-3.848707
0.999785
-0.683923
-4.884268
-4.085582
-0.379591
3.922668
4.459960
7.052302
7.779824
7.619116
7.874320
7.543056
6.918095
9.362681
14.980015
-9.781761
-21.380928
-19.229172
-13.672375
-4.621952
1.236938
0.630267
-3.939818
-3.511643
-0.239898
3.113645
3.230972
6.237276
6.879530
7.570690
7.712210
7.714244
6.726121
10.644555
12.068971
-6.299045
-18.994356
-19.144247
-15.791146
-6.765182
1.385470
2.209555
-2.003880
-2.525909
-1.078186
3.384957
3.649622
3.446219
6.817199
7.934788
8.071059
7.931563
7.770760
10.098015
13.259154
6.811660
-14.179483
-21.021725
-20.808651
-14.450940
-3.998509
1.134773
-1.694904
-4.466929
-2.322631
1.652161
5.047044
4.681153
7.968339
7.844681
8.092041
8.104521
8.341472
7.231179
11.011455
7.080787
-7.215713
-20.432636
-19.814230
-15.897178
-7.470159
1.260909
1.680341
-2.010826
-3.394245
-1.722262
3.376654
3.834069
3.618630
6.799235
7.610128
7.645528
7.412961
7.189690
10.208698
13.258283
5.382275
-16.991461
-21.190063
-19.738262
-12.800995
-2.419802
1.688380
-0.911077
-4.635594
-3.069073
1.173219
4.753174
4.985246
7.294530
7.911437
8.000524
8.263063
8.068499
7.708778
10.974811
7.869548
-11.917970
-21.292009
-19.037447
-14.549729
-4.796142
2.159334
2.746996
-1.181317
-1.912772
-0.513067
4.009305
3.892656
3.646802
6.954111
7.394155
7.616699
7.180391
6.725858
11.819441
15.284004
-0.367399
-20.429399
-22.949387
-19.285107
-11.008300
-1.471503
-0.462936
-3.451097
-3.689969
-1.431404
2.983271
4.562270
4.719301
7.705825
7.682548
7.593571
7.591697
6.780904
9.476741
16.640705
9.727019
-14.580013
-21.962704
-21.025887
-14.014880
-3.880475
1.311684
1.500569
-1.656664
-1.409766
1.301521
4.032777
3.803054
7.158677
8.103515
8.139238
7.965852
8.191311
6.825417
10.832450
8.237345
-14.263484
-22.849436
-20.944431
-14.863865
-5.100872
1.839742
1.931273
-1.199522
-0.892814
0.820896
4.895763
4.530578
7.087291
7.727813
7.872600
8.193348
7.995437
7.604660
11.132792
14.934483
1.389657
-20.401663
-24.344727
-20.418346
-12.682940
-2.313489
0.449946
-1.755387
-4.196648
-2.602699
2.285458
3.794245
3.700006
6.836236
7.835585
7.864099
8.035362
7.541618
8.998146
12.916404
4.226136
-18.012856
-21.915642
-18.630882
-11.415100
-1.608836
3.028991
1.997143
-2.688079
-2.761069
0.769184
3.794847
4.012359
6.981685
7.931149
7.943764
7.791081
8.052003
6.728590
10.164196
10.079967
-13.556711
-22.830183
-20.050045
-13.587234
-3.925122
1.987901
2.208913
-1.708033
-1.946734
0.530729
4.053001
3.805227
6.517753
7.371712
7.717500
7.622741
7.781240
6.513309
10.592437
15.669065
-7.985183
-22.425100
-22.555773
-17.644426
-7.931607
0.281569
1.186727
-1.445907
-1.447784
0.284198
4.305059
4.113966
6.796504
7.778747
7.941513
7.664909
7.808097
6.666240
11.305204
16.850822
-2.539150
-20.782928
-23.292057
-19.122965
-11.268988
-1.428749
1.040681
-0.673184
-2.690607
-1.659733
2.482478
4.134105
4.097423
7.754378
8.026466
8.172230
8.042082
8.063002
11.021706
13.189745
1.844185
-20.143826
-22.762539
-19.135828
-11.424891
-1.885520
1.813771
0.309546
-3.982795
-3.194564
0.851685
4.083000
4.379058
7.628973
8.153682
8.229438
8.179324
8.421960
9.406431
9.140386
5.242352
-18.380529
-21.025778
-18.129517
-10.811092
-2.574402
1.955163
0.835543
-4.123007
-4.567027
-0.886226
2.410686
2.655361
5.598450
7.740096
7.781233
7.652347
7.466616
8.685023
11.389818
9.855617
-13.999167
-20.499283
-18.325727
-11.037558
-2.291234
2.957849
3.281382
-1.639887
-2.537967
0.334291
3.086417
3.169802
6.445897
8.283514
8.150959
7.983750
8.169327
6.786716
8.469796
8.474233
-13.500595
-22.347279
-19.454578
-12.788566
-3.351598
2.707959
3.659031
-0.956574
-1.672486
0.620056
3.579397
3.298234
5.805703
6.583470
7.883484
7.798182
7.913793
6.598917
9.835729
14.990787
-9.432606
-22.909952
-22.317825
-16.952099
-6.898532
1.124226
2.156136
-1.058449
-1.119795
0.651576
4.384121
3.641575
4.145442
6.543116
7.960217
7.999598
7.600029
7.231799
11.276887
15.351622
-2.423047
-21.702829
-22.776024
-19.042959
-11.857597
-1.389280
2.172461
1.024637
-2.195301
-1.416958
2.887302
4.545378
4.326462
7.802170
8.315541
8.529079
8.416954
8.691182
8.956509
7.702520
2.066063
-17.797192
-22.470680
-19.090073
-12.119310
-2.469599
2.570485
1.829922
-1.843483
-1.746514
1.072911
4.662984
4.684406
7.057071
8.379455
8.395538
8.332013
8.679814
7.402588
11.886099
11.451818
-11.556699
-23.947493
-22.014006
-16.491735
-6.653052
0.799338
1.227895
-2.004958
-1.938946
0.287561
4.428786
3.759077
3.523436
6.664136
7.855160
7.592591
7.674026
6.455635
11.413632
15.292004
-6.274909
-21.307394
-22.426224
-17.841265
-9.484704
-0.108093
2.007964
-0.390551
-2.241709
-1.089054
3.411323
4.195983
4.053739
7.631302
8.149964
8.179888
7.934742
7.831848
10.580824
13.142588
0.815477
-20.140985
-22.688412
-19.117363
-11.325189
-1.695053
1.776813
-0.052411
-3.938363
-3.151745
1.192897
3.719476
3.942395
7.388919
7.989750
8.126683
8.025514
8.132492
10.736422
10.208361
2.683914
-19.406424
-20.902914
-18.123127
-10.534231
-1.663338
2.381390
0.490978
-4.503986
-4.515575
-0.461394
3.612455
4.228241
7.590390
8.064333
8.100353
8.267492
7.672244
9.933742
10.127711
5.278944
-17.433443
-20.453608
-17.571606
-10.372457
-2.409120
1.923073
0.667956
-4.311416
-4.936216
-1.370285
2.895022
3.658881
6.900464
7.619566
7.641283
7.830150
7.135227
8.854947
10.614574
7.949332
-15.542608
-19.812252
-17.044182
-10.163839
-2.537440
2.243117
2.233598
-2.769854
-3.973165
-0.945586
2.449464
3.021677
6.564674
7.633392
7.548556
7.665644
6.847153
8.187322
9.476257
6.902098
-14.465948
-19.575357
-17.477434
-10.250073
-2.372447
2.785963
3.100128
-1.893085
-3.129200
-0.213137
2.294677
5.221827
6.268362
8.187436
8.001947
8.136861
7.367869
8.548880
8.371758
4.736456
-16.002552
-19.839001
-17.734171
-10.125822
-1.696853
3.487782
2.802153
-2.660943
-3.599797
-0.447731
2.262427
2.600461
5.798210
8.200471
8.182682
8.447300
7.837510
9.680995
10.091598
4.872730
-16.796299
-20.105986
-17.871626
-10.389770
-1.710543
2.934768
1.672917
-3.645746
-3.984879
-0.533297
3.120479
3.653378
6.889163
8.247049
8.248818
8.545760
7.986471
10.213153
11.011152
5.465048
-17.570477
-20.828728
-18.500675
-11.002559
-2.364033
2.146035
1.032599
-3.796214
-4.033809
-0.562612
3.445825
4.054694
7.538732
8.110712
8.205459
8.070299
8.201878
8.815394
9.206525
7.501407
-16.889460
-20.539034
-18.359165
-11.190859
-2.934009
1.984108
1.131938
-4.035415
-4.579103
-0.859143
3.048908
3.582068
6.874097
7.974736
7.843117
8.024479
7.368574
8.798755
10.461241
9.822349
-13.953800
-20.540058
-18.740788
-11.626533
-3.034003
2.374096
2.419113
-2.783764
-3.332076
0.130190
3.410303
3.874535
7.526022
8.470584
8.220381
8.428706
7.835982
9.420433
6.865129
4.760995
-15.264528
-20.534985
-18.192200
-11.276087
-2.465765
3.042486
2.756929
-2.284683
-2.674650
0.459152
3.738755
4.130137
7.113752
8.637559
8.383538
8.662240
8.155054
7.459085
9.228076
10.948352
-14.023062
-23.035513
-20.498476
-14.079017
-4.313579
1.801041
1.708894
-3.089931
-2.958131
0.222651
3.868850
4.094833
6.830404
7.497410
8.200507
8.413834
7.948730
7.417730
10.563096
11.272154
-12.664576
-21.735497
-21.038769
-14.917633
-5.734584
1.259815
1.981052
-1.609753
-1.311823
0.681307
5.250366
5.415355
8.085518
8.902826
8.591908
8.637692
8.830365
7.554337
11.829331
12.039625
-8.502364
-22.338667
-23.213966
-17.938488
-9.634215
-0.845964
-0.404839
-2.857572
-2.124378
-0.120161
4.625375
5.647868
5.622494
9.088840
8.436728
8.857311
8.497525
8.142497
11.621548
15.155337
-0.165658
-20.679792
-24.183674
-19.934063
-12.681271
-2.927276
-0.688226
-2.955112
-4.663523
-2.973306
1.939520
4.976539
5.541957
8.178481
8.306452
8.473711
8.363241
8.273004
10.930476
13.567542
0.861632
-20.482265
-21.336897
-18.214169
-10.392747
-1.923067
0.931233
-1.541363
-5.575400
-4.314770
1.118737
4.535211
7.890765
7.571806
8.161867
8.432305
8.236956
8.205781
9.420585
8.347658
2.165947
-17.990541
-19.698732
-17.008860
-9.322133
-1.438411
2.865057
0.458518
-4.809542
-4.821521
-0.303566
2.750578
3.341248
6.309095
8.143693
8.127127
8.025467
7.238816
8.525172
12.253053
7.898140
-15.723495
-20.124113
-17.804649
-10.495822
-2.521191
2.159226
0.651131
-4.749084
-5.112247
-0.779905
2.417994
3.070195
6.634295
8.122371
7.976035
8.069324
7.491528
8.695127
10.351115
7.053039
-15.411429
-19.318293
-16.802444
-9.729970
-2.281090
2.607239
1.409416
-3.996025
-4.834730
-0.822388
2.208884
2.777203
6.031806
7.979766
7.869784
7.709678
7.084200
8.257869
10.700204
8.196856
-13.914739
-19.406778
-17.156679
-10.299748
-2.872068
2.174095
1.596264
-3.469248
-4.346517
-0.532147
2.507353
3.030446
6.603915
8.113160
7.738380
7.749957
6.772253
7.329877
9.891413
7.984515
-14.197434
-19.439077
-17.231958
-10.383071
-2.919939
2.303074
1.721524
-3.463184
-4.411870
-0.716901
2.054456
2.617759
6.013140
8.213522
7.893638
7.885124
6.922881
7.739158
11.325891
9.121413
-13.711246
-19.544384
-17.767931
-10.812284
-2.913342
2.389224
1.466722
-3.817792
-4.437492
-0.474679
2.538996
3.145697
6.871292
8.385214
8.106316
8.162617
7.257781
8.195317
11.302128
8.183545
-15.057344
-19.998465
-18.335266
-11.198280
-2.968542
2.116086
0.594586
-4.864195
-5.167727
-0.874797
2.761133
3.517784
6.878579
8.542069
8.508619
8.303473
7.667511
8.768793
11.859316
8.588899
-15.698232
-19.697903
-18.106468
-11.215147
-2.799323
2.139862
0.004090
-5.471158
-5.438634
-0.813315
3.291574
4.119440
7.354445
8.517607
8.426765
8.576781
7.806283
8.868887
11.335286
7.829833
-15.771256
-19.816578
-18.078264
-11.192502
-2.780893
2.185741
-0.264988
-5.747790
-5.628220
-0.963510
3.490097
4.404259
7.577096
8.550968
8.420044
8.573475
7.768278
9.263901
12.447394
9.935555
-15.684519
-20.059448
-18.497332
-11.785027
-3.366485
1.676923
-0.625769
-5.978633
-5.792254
-1.279118
3.213571
4.169170
7.218843
8.460818
8.471651
8.642175
7.829913
9.142040
12.472851
9.329276
-15.192040
-19.830727
-18.349846
-11.516035
-2.993707
2.195362
-0.250663
-5.642790
-5.357584
-0.775681
3.662176
4.575363
7.711712
8.690549
8.565969
8.710396
8.229287
10.101405
12.036136
9.356325
-15.637030
-20.330622
-18.959618
-12.019269
-3.425678
1.646964
-0.917322
-6.172130
-5.648522
-0.850543
3.899179
4.860962
7.909914
8.575564
8.606801
8.792828
8.029869
9.340026
12.073068
9.019742
-15.795382
-20.275436
-18.907682
-12.016310
-3.277583
1.783821
-1.139867
-6.461431
-5.734076
-0.895491
4.045208
5.053885
8.027972
8.667023
8.629417
8.839996
8.129221
9.704752
12.617625
9.439225
-15.862396
-20.302847
-19.043468
-12.273383
-3.515840
1.453179
-1.778461
-7.072814
-6.402120
-1.599286
3.954773
5.145793
8.245032
8.687153
8.568976
8.785192
8.066569
9.870741
14.574023
11.247510
-15.124370
-20.380058
-19.240032
-12.610835
-4.090324
0.921982
-1.539168
-6.340713
-5.483139
-0.783302
4.571965
5.622628
8.332733
8.617294
8.719182
8.865678
8.085948
9.314173
10.884826
7.797753
-15.875537
-19.974298
-18.577581
-11.794561
-3.094716
2.098539
-1.317365
-6.799187
-5.863756
-1.115233
4.201329
5.301556
8.296889
8.887568
8.827252
8.781292
8.265461
10.110653
15.381248
11.082696
-15.080476
-20.845469
-19.880352
-13.203232
-4.253662
0.665834
-2.243756
-6.913464
-5.706769
-1.001629
4.600522
5.764457
8.317942
8.787507
8.899487
8.818243
8.231503
9.913568
12.750733
8.612852
-15.735252
-20.033312
-18.804237
-12.317845
-3.579480
1.457110
-2.084105
-7.387738
-6.228886
-1.442662
4.335708
5.540481
8.306600
8.661044
8.770948
8.886601
8.264383
10.209097
14.512853
10.575937
-14.547368
-20.176830
-19.337572
-12.960582
-4.205043
0.859543
-2.571582
-7.375707
-6.326686
-1.746905
4.416094
5.743975
8.907128
8.758008
8.698460
8.970320
8.581566
10.823753
15.480497
10.598335
-15.088148
-19.844851
-19.516508
-13.038786
-4.283578
0.906352
-2.113171
-6.884585
-5.895431
-1.604171
4.074321
5.282952
8.466109
8.846137
8.701881
8.944890
8.378607
10.996908
15.442839
10.328918
-14.278877
-20.589544
-19.479628
-12.954709
-4.107740
0.956026
-2.076886
-6.877885
-5.577047
-0.823658
5.303679
6.528678
8.522561
8.905765
9.085474
8.869194
8.811647
9.144796
11.330186
9.469784
-15.114529
-20.543299
-19.477915
-13.043332
-4.343390
0.904922
-3.011399
-7.979622
-6.851031
-1.874983
4.184969
5.567547
8.541067
8.429057
8.549452
8.415078
8.005347
8.816713
15.003134
15.685660
-9.830300
-20.313717
-20.322414
-14.151953
-5.433644
0.200591
-2.539855
-7.138975
-5.936851
-1.511958
4.060579
5.365337
8.210058
8.589245
8.711044
8.528880
7.896238
9.065243
13.536108
13.206591
-10.999765
-20.467247
-19.701174
-13.428332
-4.655552
1.041684
-2.070213
-7.277968
-6.192477
-1.275431
4.493400
5.825652
8.407042
8.848132
8.839492
8.702888
8.191718
9.664676
12.632926
13.142953
-11.565143
-20.299429
-20.033024
-13.688772
-4.964868
0.335172
-3.520758
-8.106728
-6.591698
-1.626511
4.713742
6.192317
8.030254
8.715976
8.619259
8.585523
8.113819
9.424479
13.987825
14.169796
-10.607860
-20.059956
-20.067806
-13.952020
-5.357131
0.076117
-3.149296
-7.526735
-6.134050
-1.265801
5.063283
6.533228
8.435850
8.978887
8.813088
8.710625
8.179798
9.410458
12.491187
11.940099
-12.626056
-20.571480
-20.137732
-13.620285
-5.212600
0.011054
-4.716170
-8.682756
-6.459191
-1.712003
4.838979
6.293958
8.130805
8.687871
8.485593
8.378930
7.986040
8.868872
14.867218
18.223787
-6.504541
-19.725229
-20.762451
-14.926229
-6.484263
-0.939490
-2.832106
-6.682124
-5.510900
-1.337828
4.904905
6.356327
8.397296
8.773535
8.969917
8.797017
8.193881
9.415090
10.611667
10.332986
-13.566497
-20.244984
-19.181293
-12.853631
-4.577665
0.989451
-2.401588
-7.400016
-5.977278
-1.188050
5.068573
6.477389
8.804055
9.038876
8.939521
9.006526
8.577217
9.799262
13.724324
12.050135
-11.216368
-20.472502
-20.342222
-13.923821
-5.369296
-0.418432
-5.028308
-8.968007
-6.927133
-1.887334
5.460411
7.143600
8.399654
8.893319
8.470103
8.737145
8.319818
9.284207
14.761376
15.773775
-9.506090
-20.008026
-20.537525
-14.658794
-6.368205
-0.845219
-3.836758
-7.710393
-6.241751
-1.728903
5.133388
6.757732
8.332198
8.701771
8.961061
8.685269
8.089619
9.261620
12.192604
11.957718
-12.196354
-20.308701
-19.828157
-13.476909
-5.443805
0.077584
-4.444675
-8.325368
-6.149025
-1.663468
4.864637
6.450175
8.852634
8.979505
8.800426
8.889423
8.327967
9.140622
14.554339
17.344162
-6.829561
-19.548317
-20.893139
-14.887015
-6.341747
-0.802417
-2.818922
-6.622890
-5.313857
-1.333328
4.953165
6.367686
8.503270
8.838336
9.139462
8.865676
8.258634
9.612133
12.265457
10.883839
-12.335902
-21.033922
-19.853897
-13.339165
-5.083343
0.410827
-2.978349
-7.682101
-6.265093
-1.410089
5.377590
6.872425
8.197101
9.030747
8.928526
8.973785
8.570810
9.803765
13.563880
12.801940
-11.135765
-20.547838
-20.447283
-14.090932
-5.722932
-0.597226
-4.990304
-8.878214
-7.016003
-2.194551
5.294658
7.030781
8.427806
8.810229
8.715188
8.707861
8.193944
9.408936
14.754787
15.377728
-9.570685
-20.100510
-20.447206
-14.498435
-6.262974
-0.625359
-3.642217
-7.634318
-6.141161
-1.602274
5.315915
6.954322
8.321324
8.969007
9.168022
8.928061
8.583134
9.003687
11.874923
12.406315
-11.048980
-20.471672
-19.597187
-13.432022
-4.997495
0.776073
-3.040044
-8.043447
-6.752947
-2.061551
4.449053
5.966034
8.888381
8.875450
8.708421
