0.267027
0.266579
0.267727
0.270347
0.274345
0.279561
0.285897
0.293262
0.301791
0.311282
0.321339
0.331739
0.342229
0.352499
0.362376
0.371483
0.379401
0.386430
0.391860
0.396349
0.399755
0.402407
0.404590
0.405730
0.406059
0.405376
0.403689
0.400666
0.396240
0.390868
0.383977
0.377162
0.372236
0.369458
0.367726
0.367233
0.367270
0.368312
0.369853
0.371055
0.371433
0.370750
0.370358
0.370754
0.372261
0.373313
0.373892
0.373625
0.371995
0.369386
0.366302
0.361997
0.358672
0.355531
0.351762
0.347258
0.342135
0.336771
0.332561
0.329967
0.329333
0.330448
0.332952
0.336599
0.339696
0.341617
0.342415
0.342334
0.342397
0.342455
0.342115
0.340830
0.338841
0.336200
0.332735
0.328369
0.323988
0.320002
0.317651
0.316765
0.317243
0.318385
0.319126
0.319681
0.319670
0.318938
0.317433
0.315152
0.312255
0.308887
0.305446
0.302233
0.299377
0.295862
0.291433
0.286123
0.281238
0.276873
0.273071
0.270516
0.269258
0.268905
0.268550
0.268048
0.266675
0.264409
0.261454
0.257731
0.253117
0.249070
0.246673
0.244913
0.242772
0.239513
0.235234
0.229937
0.224258
0.218860
0.213719
0.209654
0.206920
0.205218
0.203758
0.203278
0.204234
0.205783
0.206575
0.206675
0.206018
0.204930
0.205101
0.206541
0.207406
0.206957
0.205687
0.203655
0.200733
0.197724
0.194721
0.192435
0.191330
0.191483
0.192185
0.192892
0.194856
0.198387
0.201536
0.203877
0.205596
0.206406
0.206343
0.206995
0.208735
0.210474
0.211150
0.210858
0.209641
0.207464
0.205028
0.202589
0.200910
0.200403
0.200824
0.201446
0.202618
0.204923
0.207375
0.208846
0.209270
0.208718
0.207342
0.206634
0.207376
0.208545
0.209268
0.208986
0.207817
0.205690
0.202963
0.200368
0.198092
0.196880
0.196878
0.197605
0.198469
0.200270
0.202925
0.205542
0.207142
0.207780
0.207410
0.206207
0.205902
0.206680
0.207607
0.207902
0.207303
0.205738
0.203116
0.200256
0.197403
0.195247
0.194188
0.194308
0.195137
0.196408
0.199058
0.202377
0.204806
0.206157
0.206493
0.205958
0.205445
0.206194
0.207604
0.208829
0.209103
0.208457
0.206825
0.204358
0.201955
0.199686
0.198405
0.198318
0.198887
0.199622
0.201336
0.203781
0.206596
0.208426
0.209474
0.209460
0.208588
0.208551
0.209819
0.211296
0.211933
0.211639
0.210447
0.208256
0.205603
0.202974
0.200893
0.199906
0.200130
0.201192
0.202650
0.204897
0.207859
0.210201
0.211327
0.211439
0.210705
0.209236
0.208646
0.208853
0.209137
0.208777
0.207551
0.205280
0.201975
0.198587
0.195237
0.192711
0.191286
0.191158
0.191628
0.193572
0.196627
0.199078
0.200361
0.200862
0.200418
0.199217
0.199018
0.199903
0.200934
0.201404
0.201060
0.199885
0.197724
0.195206
0.192675
0.190825
0.190039
0.190587
0.191758
0.194304
0.197713
0.200629
0.202441
0.203372
0.203303
0.202400
0.202366
0.203354
0.204529
0.205170
0.205079
0.204168
0.202244
0.199929
0.197568
0.195902
0.195318
0.195887
0.197252
0.199562
0.203201
0.206494
0.208589
0.209695
0.209823
0.209075
0.209148
0.210401
0.211942
0.213038
0.213322
0.212741
0.211102
0.208959
0.206827
0.205252
0.204807
0.205525
0.206809
0.208535
0.210646
0.213087
0.214777
0.215378
0.214986
0.213750
0.212675
0.212704
0.213226
0.213450
0.212745
0.211096
0.208319
0.204954
0.201685
0.198693
0.196763
0.196129
0.196407
0.197042
0.198743
0.201093
0.203907
0.205854
0.206952
0.207070
0.206414
0.206500
0.207629
0.208866
0.209274
0.208772
0.207315
0.204816
0.202064
0.199300
0.197221
0.196237
0.196426
0.197314
0.198708
0.201210
0.204351
0.206590
0.207761
0.208062
0.207579
0.206987
0.207617
0.208843
0.209844
0.209930
0.209110
0.207273
0.204568
0.201917
0.199402
0.197862
0.197495
0.197827
0.198401
0.200033
0.203035
0.205742
0.207412
0.208206
0.208103
0.207216
0.207212
0.208256
0.209369
0.209738
0.209220
0.207765
0.205283
0.202502
0.199724
0.197667
0.196684
0.196873
0.197838
0.199484
0.202434
0.205386
0.207341
0.208297
0.208457
0.207829
0.207310
0.207877
0.208861
0.209498
0.209281
0.208175
0.205979
0.203098
0.200301
0.197782
0.196320
0.196017
0.196497
0.197471
0.199476
0.202393
0.204398
0.205380
0.205508
0.204860
0.204465
0.205636
0.207408
0.208854
0.209133
0.208514
0.206999
0.204706
0.202514
0.200476
0.199426
0.199637
0.200678
0.201798
0.203647
0.206235
0.208737
0.210363
0.211228
0.211290
0.210741
0.210674
0.211475
0.212315
0.212396
0.211645
0.209982
0.207251
0.204337
0.201420
0.199227
0.198153
0.198233
0.198939
0.200404
0.202634
0.205033
0.206445
0.207058
0.206857
0.205932
0.205453
0.206043
0.206921
0.207249
0.206695
0.205231
0.202630
0.199687
0.196752
0.194295
0.192894
0.192750
0.193435
0.194647
0.196895
0.200314
0.202971
0.204448
0.205102
0.205008
0.204501
0.205175
0.206592
0.207911
0.208372
0.207994
0.206667
0.204360
0.201917
0.199532
0.198007
0.197619
0.198223
0.199289
0.201377
0.204394
0.206885
0.208305
0.208907
0.208663
0.207644
0.207508
0.208337
0.209231
0.209490
0.208947
0.207475
0.204938
0.202190
0.199464
0.197453
0.196537
0.196780
0.197613
0.199288
0.202180
0.204847
0.206489
0.207364
0.207423
0.206707
0.206556
0.207524
0.208697
0.209276
0.208984
0.207799
0.205529
0.202906
0.200323
0.198265
0.197306
0.197566
0.198433
0.199869
0.202305
0.205115
0.206936
0.207777
0.207874
0.207292
0.207028
0.208076
0.209469
0.210333
0.210218
0.209250
0.207282
0.204695
0.202222
0.200050
0.198938
0.199081
0.199946
0.201190
0.203120
0.205863
0.207796
0.208700
0.208725
0.208052
0.207123
0.207388
0.208202
0.208751
0.208377
0.207165
0.204953
0.201871
0.198848
0.195964
0.194027
0.193244
0.193407
0.194235
0.196469
0.199521
0.201802
0.202926
0.203271
0.202835
0.201749
0.201651
0.202283
0.202903
0.202818
0.201978
0.200254
0.197535
0.194653
0.191805
0.189758
0.188770
0.188923
0.190017
0.192955
0.196748
0.199891
0.202011
0.203286
0.203681
0.203266
0.203760
0.205313
0.206959
0.207991
0.208203
0.207530
0.205839
0.203800
0.201753
0.200454
0.200303
0.201154
0.202326
0.204412
0.207362
0.209847
0.211306
0.211954
0.211738
0.210699
0.210402
0.211077
0.211845
0.211966
0.211294
0.209734
0.207124
0.204343
0.201602
0.199608
0.198745
0.199101
0.200114
0.201932
0.204825
0.207422
0.209017
0.209778
0.209754
0.208917
0.208670
0.209553
0.210633
0.211148
0.210806
0.209565
0.207231
0.204569
0.201954
0.199885
0.198946
0.199259
0.200207
0.201686
0.204104
0.206904
0.208722
0.209625
0.209808
0.209293
0.209136
0.210277
0.211764
0.212717
0.212696
0.211800
0.209858
0.207322
0.204909
0.202820
0.201831
0.202089
0.203037
0.204333
0.206416
0.208774
0.210812
0.211726
0.211799
0.211212
0.210088
0.209902
0.210386
0.210794
0.210471
0.209343
0.207258
0.204154
0.200995
0.197883
0.195625
0.194466
0.194459
0.195159
0.196819
0.199530
0.201929
0.203344
0.204046
0.203919
0.203094
0.202978
0.203766
0.204704
0.205061
0.204601
0.203191
0.200659
0.197911
0.195140
0.193037
0.191996
0.192144
0.192969
0.194571
0.197616
0.200839
0.202932
0.204197
0.204718
0.204543
0.204756
0.206260
0.208082
0.209404
0.209783
0.209308
0.207805
0.205626
0.203550
0.201789
0.201115
0.201598
0.202617
0.204052
0.206142
0.208780
0.210616
0.211418
0.211430
0.210773
0.209940
0.210307
0.211186
0.211761
0.211425
0.210251
0.208084
0.205067
0.202134
0.199345
0.197525
0.196904
0.197222
0.197991
0.200013
0.202889
0.205006
0.206016
0.206307
0.205843
0.204823
0.204892
0.205678
0.206382
0.206304
0.205437
0.203678
0.200928
0.198103
0.195335
0.193407
0.192561
0.192674
0.193500
0.196095
0.199302
0.201733
0.203034
0.203497
0.203122
0.202026
0.201955
0.202675
0.203400
0.203417
0.202684
0.201080
0.198504
0.195775
0.193082
0.191207
0.190410
0.190866
0.192070
0.194902
0.198330
0.201093
0.202964
0.203999
0.204158
0.203538
0.203871
0.205014
0.206154
0.206544
0.206215
0.205023
0.202895
0.200589
0.198320
0.196921
0.196645
0.197508
0.198846
0.201634
0.204935
0.207592
0.209417
0.210500
0.210718
0.210105
0.210378
0.211439
0.212483
0.212747
0.212302
0.211036
0.208851
0.206525
0.204276
0.202944
0.202782
0.203612
0.204880
0.207314
0.210237
0.212492
0.213939
0.214680
0.214554
0.213591
0.213440
0.214045
0.214678
0.214593
0.213800
0.212192
0.209607
0.206938
0.204354
0.202692
0.202188
0.202717
0.203732
0.206092
0.208964
0.211197
0.212456
0.212949
0.212574
0.211388
0.211071
0.211545
0.212068
0.211894
0.210983
0.209163
0.206340
0.203456
0.200630
0.198684
0.197840
0.197969
0.198696
0.201039
0.203970
0.206233
0.207522
0.208049
0.207712
0.206570
0.206349
0.206928
0.207533
0.207410
0.206537
0.204745
0.201958
0.199082
0.196251
0.194263
0.193344
0.193534
0.194421
0.196900
0.199984
0.202364
0.203926
0.204762
0.204721
0.203892
0.203961
0.204801
0.205670
0.205857
0.205339
0.203988
0.201605
0.198913
0.196222
0.194228
0.193312
0.193574
0.194623
0.197330
0.200815
0.203672
0.205550
0.206645
0.206846
0.206225
0.206474
0.207784
0.209184
0.209967
0.209944
0.209061
0.207185
0.205004
0.202839
0.201433
0.201190
0.201992
0.203203
0.205462
0.208468
0.210964
0.212380
0.212999
0.212728
0.211593
0.211309
0.211991
0.212758
0.212957
0.212400
0.211008
0.208597
0.205950
0.203349
0.201505
0.200784
0.201197
0.202203
0.204210
0.206998
0.209332
0.210688
0.211241
0.210911
0.209747
0.209386
0.209981
0.210721
0.210915
0.210348
0.208878
0.206336
0.203621
0.200918
0.198935
0.198063
0.198404
0.199323
0.201157
0.204238
0.207044
0.208781
0.209782
0.209927
0.209258
0.209327
0.210517
0.211908
0.212786
0.212822
0.211978
0.210044
0.207704
0.205403
0.203651
0.203024
0.203519
0.204515
0.206190
0.208294
0.210590
0.211991
0.212445
0.212094
0.211057
0.210431
0.210759
0.211345
0.211479
0.210795
0.209200
0.206468
0.203370
0.200270
0.197665
0.196136
0.195782
0.196091
0.197238
0.199225
0.201878
0.203623
0.204525
0.204594
0.203965
0.203559
0.204327
0.205484
0.206240
0.206095
0.205097
0.203044
0.200317
0.197640
0.195223
0.193812
0.193592
0.194124
0.195293
0.197427
0.200354
0.202435
0.203486
0.203734
0.203243
0.202505
0.202923
0.203888
0.204654
0.204577
0.203714
0.201898
0.199180
0.196408
0.193758
0.192016
0.191325
0.191686
0.192797
0.195720
0.198941
0.201256
0.202709
0.203407
0.203242
0.202485
0.202730
0.203657
0.204563
0.204847
0.204412
0.203204
0.201019
0.198587
0.196180
0.194616
0.194136
0.194671
0.196077
0.199090
0.202508
0.205233
0.207007
0.207986
0.208072
0.207440
0.207715
0.208776
0.209844
0.210210
0.209830
0.208550
0.206283
0.203897
0.201576
0.200163
0.199927
0.200845
0.202171
0.204849
0.208014
0.210406
0.211877
0.212630
0.212511
0.211612
0.211689
0.212538
0.213378
0.213470
0.212821
0.211329
0.208905
0.206374
0.203930
0.202421
0.202099
0.202801
0.204036
0.206773
0.209885
0.212270
0.213851
0.214719
0.214712
0.213906
0.214039
0.214951
0.215879
0.216050
0.215484
0.214067
0.211718
0.209307
0.207000
0.205650
0.205514
0.206416
0.207677
0.210110
0.212918
0.215046
0.216440
0.217200
0.217088
0.216154
0.216143
0.216890
0.217668
0.217666
0.216932
0.215388
0.212938
0.210473
0.208125
0.206745
0.206578
0.207474
0.208783
0.211354
0.214281
0.216514
0.217967
0.218768
0.218689
0.217782
0.217727
0.218457
0.219215
0.219209
0.218461
0.216854
0.214299
0.211705
0.209229
0.207738
0.207484
0.208290
0.209512
0.211762
0.214489
0.216517
0.217663
0.218157
0.217765
0.216553
0.216228
0.216683
0.217184
0.216957
0.215982
0.214160
0.211393
0.208626
0.205960
0.204238
0.203706
0.204321
0.205421
0.207750
0.210527
0.212570
0.213721
0.214199
0.213778
0.212553
0.212219
0.212681
0.213235
0.213101
0.212226
0.210470
0.207749
0.204925
0.202173
0.200340
0.199669
0.200241
0.201304
0.203865
0.206939
0.209138
0.210335
0.210825
0.210401
0.209202
0.208918
0.209439
0.210099
0.210129
0.209443
0.207883
0.205362
0.202688
0.200061
0.198329
0.197734
0.198378
0.199586
0.202222
0.205326
0.207540
0.208788
0.209283
0.208846
0.207648
0.207332
0.207841
0.208527
0.208606
0.207977
0.206470
0.203990
0.201359
0.198769
0.197067
0.196565
0.197390
0.198725
0.201546
0.204871
0.207291
0.208738
0.209433
0.209178
0.208145
0.207973
0.208625
0.209464
0.209693
0.209226
0.207891
0.205588
0.203065
0.200574
0.198986
0.198553
0.199387
0.200723
0.203383
0.206523
0.208770
0.210003
0.210468
0.209979
0.208726
0.208315
0.208716
0.209333
0.209375
0.208716
0.207177
0.204653
0.201978
0.199344
0.197604
0.197006
0.197785
0.199153
0.201858
0.205032
0.207305
0.208568
0.209050
0.208563
0.207312
0.206925
0.207338
0.208014
0.208169
0.207650
0.206264
0.203895
0.201291
0.198708
0.197009
0.196429
0.197181
0.198524
0.201249
0.204421
0.206714
0.207937
0.208347
0.207778
0.206456
0.205982
0.206334
0.206960
0.207066
0.206488
0.205025
0.202561
0.199897
0.197251
0.195480
0.194837
0.195481
0.196695
0.199456
0.202748
0.205176
0.206494
0.206972
0.206456
0.205176
0.204788
0.205269
0.205991
0.206143
0.205601
0.204161
0.201725
0.199084
0.196459
0.194701
0.194201
0.195028
0.196335
0.199024
0.202259
0.204589
0.206060
0.206796
0.206522
0.205456
0.205213
0.205756
0.206613
0.206983
0.206735
0.205662
0.203614
0.201287
0.198951
0.197505
0.197166
0.197916
0.199418
0.202181
0.205336
0.207644
0.208763
0.208971
0.208172
0.206638
0.205904
0.206042
0.206496
0.206426
0.205645
0.203937
0.201196
0.198319
0.195460
0.193468
0.192806
0.193531
0.194791
0.197459
0.200765
0.203262
0.204749
0.205465
0.205164
0.204084
0.203837
0.204418
0.205261
0.205586
0.205262
0.204094
0.201942
0.199524
0.197100
0.195550
0.195097
0.195897
0.197457
0.200419
0.203823
0.206380
0.207677
0.207993
0.207270
0.205782
0.205086
0.205260
0.205794
0.205852
0.205231
0.203696
0.201133
0.198360
0.195594
0.193693
0.193014
0.193752
0.195090
0.197815
0.201122
0.203647
0.205103
0.205721
0.205286
0.204070
0.203714
0.204233
0.205042
0.205307
0.204912
0.203637
0.201364
0.198833
0.196298
0.194627
0.194130
0.194965
0.196312
0.199085
0.202368
0.204936
0.206512
0.207267
0.206982
0.205904
0.205662
0.206285
0.207131
0.207377
0.206940
0.205622
0.203311
0.200786
0.198270
0.196635
0.196135
0.196967
0.198333
0.200750
0.203798
0.206055
0.207247
0.207610
0.206938
0.205472
0.204816
0.204966
0.205449
0.205466
0.204849
0.203383
0.200911
0.198212
0.195491
0.193496
0.192605
0.193116
0.194406
0.197119
0.200499
0.203175
0.204639
0.205232
0.204769
0.203536
0.203242
0.204072
0.205203
0.205914
0.205894
0.205036
0.203140
0.200902
0.198646
0.197127
0.196879
0.198052
0.199593
0.201868
0.205139
0.207873
0.209491
0.210251
0.209960
0.208852
0.208675
0.209592
0.210706
0.211284
0.211104
0.210117
0.208152
0.205854
0.203552
0.202039
0.201729
0.202626
0.204064
0.206182
0.209159
0.211613
0.212823
0.212971
0.212053
0.210311
0.209478
0.209739
0.210249
0.210317
0.209615
0.208042
0.205421
0.202529
0.199654
0.197548
0.196647
0.197290
0.198544
0.200622
0.203679
0.206185
0.207458
0.207776
0.207021
0.205473
0.204945
0.205565
0.206411
0.206775
0.206379
0.205144
0.202892
0.200336
0.197777
0.195963
0.195366
0.196268
0.197664
0.199911
0.203053
0.205622
0.207039
0.207594
0.207072
0.205735
0.205309
0.205934
0.206817
0.207278
0.207046
0.206015
0.203970
0.201573
0.199160
0.197507
0.197002
0.197737
0.198932
0.200847
0.203623
0.205837
0.206748
0.206738
0.205666
0.204089
0.203760
0.204700
0.205852
0.206367
0.205979
0.204759
0.202614
0.200273
0.197940
0.196351
0.196177
0.197440
0.198956
0.200977
0.204061
0.206731
0.208439
0.209302
0.209122
0.208103
0.207870
0.208677
0.209660
0.210110
0.209862
0.208859
0.206897
0.204545
0.202137
0.200509
0.200052
0.200671
0.202119
0.204551
0.207682
0.210162
0.211324
0.211439
0.210455
0.208657
0.207650
0.207703
0.208108
0.208179
0.207507
0.205931
0.203250
0.200301
0.197356
0.195159
0.194126
0.194576
0.195662
0.197551
0.200339
0.202614
0.203697
0.203912
0.203062
0.201446
0.200936
0.201608
0.202500
0.202895
0.202546
0.201385
0.199227
0.196771
0.194300
0.192543
0.192064
0.193094
0.194600
0.197016
0.200354
0.203138
0.204820
0.205719
0.205518
0.204486
0.204341
0.205242
0.206407
0.207130
0.207195
0.206517
0.204857
0.202802
0.200695
0.199359
0.199182
0.200107
0.201465
0.203421
0.206013
0.208000
0.208668
0.208486
0.207253
0.205592
0.205097
0.205839
0.206827
0.207184
0.206656
0.205284
0.202949
0.200441
0.197942
0.196192
0.195826
0.196947
0.198343
0.200292
0.203266
0.206021
0.207852
0.208831
0.208757
0.207839
0.207757
0.208706
0.209775
0.210245
0.209983
0.208953
0.206966
0.204601
0.202195
0.200558
0.200068
0.200602
0.201867
0.203955
0.206883
0.209317
0.210489
0.210575
0.209567
0.207740
0.206758
0.206870
0.207258
0.207226
0.206427
0.204748
0.202002
0.199007
0.196010
0.193754
0.192698
0.193134
0.194167
0.196187
0.199255
0.201799
0.203149
0.203621
0.203018
0.201624
0.201273
0.202094
0.203137
0.203673
0.203484
0.202492
0.200512
0.198171
0.195795
0.194140
0.193711
0.194763
0.196278
0.198643
0.201886
0.204575
0.206153
0.206940
0.206622
0.205469
0.205182
0.205929
0.206955
0.207565
0.207526
0.206745
0.204965
0.202783
0.200559
0.199114
0.198822
0.199671
0.201248
0.203597
0.206865
0.209550
0.210933
0.211224
0.210401
0.208761
0.208028
0.208443
0.209142
0.209365
0.208807
0.207369
0.204873
0.202145
