0.000000
2.471315
4.872443
2.756290
2.451061
2.436554
2.418313
5.805335
14.141340
2.038425
-3.850026
-1.595075
-0.143331
1.540800
1.800464
0.572891
-1.607677
0.825080
4.900658
2.908618
2.418149
2.643312
-0.106647
26.639997
0.000000
1.604927
1.560043
1.506174
1.493331
-29.069834
0.106625
-3.067442
-2.949503
0.522388
0.426151
-0.814374
-2.832795
-3.890400
-3.874796
-1.982977
-0.342125
2.593422
2.915120
32.265968
0.000000
0.326946
1.810291
1.728694
-0.454057
-35.549999
0.058110
-3.677789
-2.961620
-2.658958
-0.361340
1.200918
2.294290
1.953064
0.383716
-0.380294
0.441385
-0.989761
-2.039632
-2.287102
-1.514235
0.000000
2.107801
18.412594
17.981983
5.778747
-30.939943
-1.044301
0.106642
1.633392
0.771562
-0.065280
-0.120414
-0.677087
-1.479124
-1.907222
-1.662901
-1.061185
15.693363
12.478857
4.834917
3.908512
0.000000
2.479930
2.480451
12.333015
13.551023
14.297132
-1.480848
-2.285878
-0.881604
0.285214
0.968675
0.858572
0.740902
0.881263
1.569322
1.958813
1.737805
0.925525
0.465621
1.468455
0.000000
16.861181
2.208955
23.864702
25.981363
7.286221
-21.594414
-0.961069
1.213344
1.383103
0.353759
-0.187653
0.437342
0.410472
1.491720
2.539433
2.469834
2.018816
0.777688
-2.110321
-1.167245
0.000000
2.626726
15.950829
27.987682
27.207090
-0.565646
-0.172598
-0.880580
0.145951
1.028493
0.044151
-0.288171
0.021263
0.086178
1.824753
1.878869
2.018865
1.612216
-1.824058
-1.411605
-1.292743
0.000000
2.028967
2.004344
27.904034
26.913591
10.360322
-0.579004
-0.860920
0.033704
0.363380
0.050141
-0.170550
-0.005489
0.462916
2.138423
1.967853
1.739040
0.077481
-1.096608
-1.236166
0.000000
2.078730
2.057836
27.893713
27.078539
11.163252
-7.618452
-0.782783
-0.067807
0.227479
0.667133
-0.122426
0.068434
0.082517
1.184810
2.260808
2.530534
2.184149
0.871342
-2.108925
-1.492640
0.000000
2.129053
2.057082
27.856539
27.115372
11.041483
-2.043566
-0.360026
-0.054941
0.069330
0.063954
-0.005846
0.205958
0.309972
2.037290
2.790047
2.581675
2.661230
-1.544175
-1.436424
0.000000
3.631860
2.089231
19.801191
27.160038
10.995727
-16.165018
-1.025801
-0.180768
0.142828
0.330214
0.212922
0.102988
0.094193
1.204483
2.280272
2.271175
2.054842
2.847756
-1.716451
-1.593684
0.000000
2.183379
2.052710
28.057875
27.232536
9.399147
-2.351801
-0.783350
-0.070978
0.245754
0.370441
-0.198777
0.171371
0.307931
1.721773
2.555536
2.456581
1.341897
-0.541099
-2.142240
7.789306
0.000000
2.056583
3.408953
27.532375
26.623705
11.716242
-1.432584
-0.301994
-0.066324
-0.033507
0.124240
0.072648
0.202940
1.014862
2.793901
2.855864
3.177184
-1.773215
-1.720928
6.274536
0.000000
2.115374
2.101001
27.375620
26.655863
15.010975
-1.389625
-0.549757
-0.241808
-0.060869
-0.124105
-0.094527
0.172277
0.567354
2.441936
2.602279
2.514617
-2.882733
-1.548597
5.385300
0.000000
2.371256
2.080683
27.145605
26.123465
14.467340
-1.334463
-0.620817
-0.295438
-0.120347
-0.240473
-0.130959
0.133396
0.476271
2.270763
2.843717
1.371272
-1.080676
-1.419728
6.022109
0.000000
3.346612
2.076011
27.599964
26.646242
11.903304
-3.637033
-0.672178
-0.273751
0.004424
0.250802
-0.076739
0.170496
0.408316
2.124190
2.494793
1.989467
0.836901
-2.603072
-1.849630
0.000000
6.409262
2.069624
23.602659
26.898455
9.622068
-9.035934
-0.846776
-0.012168
0.859594
0.658733
-0.161551
0.220336
0.159705
1.338155
2.556655
2.677077
2.409040
2.367968
-2.641067
-1.802204
0.000000
4.400158
2.091566
27.712660
26.880135
9.483606
-1.680804
-0.403629
0.084523
0.555646
0.344987
-0.178469
0.229725
0.457642
2.199889
2.723278
2.400145
1.513080
-1.586114
-1.367640
0.000000
4.622132
2.092865
19.813599
27.053644
10.798801
-16.284603
-0.981313
-0.051899
0.249442
0.619758
0.070760
0.082291
0.188560
1.355102
2.474025
2.608321
1.901778
-0.126471
-2.148967
-1.429733
0.000000
3.349236
2.060850
27.937281
26.961651
10.334505
-1.838945
-0.333206
0.058911
0.175910
0.084935
-0.094330
0.236289
0.521499
2.273415
2.977333
1.853444
0.518318
-1.891574
6.170056
0.000000
6.315883
2.037399
24.365936
26.568274
10.629290
-8.171122
-0.710045
-0.065252
0.575918
0.657377
-0.187292
0.084767
0.226852
1.854658
2.492151
2.556074
2.446772
-2.027617
-1.842556
0.000000
2.110312
2.091480
27.629869
26.828110
11.175429
-13.924690
-0.836581
-0.548601
0.291439
0.366897
0.165926
0.078990
0.166474
1.051602
2.225030
1.781100
1.806362
-0.454257
-2.073854
-1.472893
0.000000
7.555119
5.279531
27.371258
26.225544
9.674054
-1.545642
-0.318427
0.530631
0.708030
0.221298
-0.317989
0.196433
0.529973
2.310767
2.802955
1.924222
0.951910
-1.990281
7.013953
0.000000
6.187209
3.444424
27.481030
26.441248
9.832162
-4.185909
-0.617883
0.043557
0.811518
0.494437
-0.296556
0.224378
0.288336
1.760748
2.894943
2.809788
1.326471
-1.870728
-2.227652
7.075797
0.000000
4.342881
12.194687
27.358368
26.394604
11.079580
-0.988337
-0.226937
0.117576
0.081348
0.060507
-0.037773
0.250646
1.024545
2.871073
2.656950
4.196868
-0.900654
-1.202866
6.660837
0.000000
3.915228
3.664804
27.291893
26.132246
10.544604
-1.987119
-0.231230
0.132102
0.188550
0.155444
-0.116880
0.204150
0.667517
2.555407
2.903947
1.747271
-0.552515
-1.886604
6.228602
0.000000
4.717060
3.351128
27.321499
26.128954
10.674702
-3.695333
-0.511096
0.097476
0.704083
0.551598
-0.281714
0.130196
0.398658
2.015080
2.702844
2.113267
4.271529
-2.277605
-1.870288
0.000000
5.165007
4.115566
27.396589
26.320793
10.364276
-7.432810
-0.903810
-0.066892
0.738749
0.796163
-0.295002
0.088168
0.273190
1.614012
2.558349
2.340673
0.767972
-1.530713
-1.825030
0.000000
5.235318
4.981353
17.421764
26.582848
11.535723
-14.614940
-0.679403
-0.247421
0.243338
0.529208
-0.077586
0.014446
0.242320
1.156316
2.873262
2.396719
2.069125
-1.672427
-1.566087
6.022894
0.000000
4.292385
4.328873
27.173201
26.015509
13.226064
-0.808696
-0.321676
-0.082832
-0.039564
-0.072902
-0.093320
0.241345
0.991883
2.909534
4.594585
1.030254
-0.519578
2.058872
4.817474
0.000000
2.058484
2.044393
27.760954
26.540634
14.809631
-1.269930
-0.555296
-0.094052
0.098068
-0.066713
-0.113224
0.184210
0.798070
2.533776
2.236029
3.173923
-0.421630
-1.165915
5.814707
0.000000
4.248731
4.191609
27.507761
26.127699
11.796125
-1.605459
-0.370378
0.085682
0.258999
0.309415
-0.181479
0.172312
0.680553
2.404225
2.690301
1.665855
-0.328654
-1.785733
5.905113
0.000000
4.565340
3.193781
27.463493
26.169378
10.679739
-3.811178
-0.464839
0.128398
0.786442
0.496440
-0.284261
0.150326
0.473087
2.174634
2.742338
2.010376
1.872062
-2.123107
-1.581483
0.000000
5.524636
4.215877
27.491644
26.434488
9.652464
-8.173615
-0.842306
0.086189
0.952339
0.799594
-0.284333
0.143637
0.322765
1.704177
2.301912
2.359678
1.156815
1.435872
-2.348064
7.881347
0.000000
6.354342
7.639851
27.393646
26.240900
9.895814
-1.173526
-0.132848
0.509392
0.501447
-0.032200
-0.054663
0.329324
0.892459
2.832121
2.964286
2.967810
-0.586519
-1.849821
6.197180
0.000000
5.348599
4.219533
27.218138
26.044491
10.731989
-2.216698
-0.388766
-0.037527
0.418745
0.331216
-0.188917
0.240487
0.532328
2.427325
3.115713
2.250234
0.773613
-2.242603
5.904059
0.000000
5.496972
3.997529
27.394768
26.314070
11.046021
-7.420984
-0.829393
-0.067361
0.306988
0.712694
-0.163783
0.077980
0.322645
1.912899
2.399658
2.116795
0.537333
-1.265845
-1.575314
0.000000
7.795541
4.967402
19.235199
26.401884
10.660517
-15.413749
-0.814774
-0.170770
0.459439
0.672523
-0.169932
0.037532
0.303895
1.401606
3.021828
2.382907
2.724944
-1.356711
-1.706207
6.599247
0.000000
4.329183
8.021449
26.930782
25.741955
12.156116
-0.927722
-0.302336
0.087634
0.038276
0.029752
-0.091700
0.245321
1.158660
2.819847
2.284539
0.651209
-0.907003
-1.152659
5.371176
0.000000
3.043051
3.759174
27.323219
26.044489
14.771380
-0.813913
-0.454465
-0.140621
-0.061124
-0.057413
-0.094490
0.222825
1.131526
2.702281
4.868203
0.256483
4.040071
1.976014
4.566898
0.000000
2.035046
2.772639
27.003084
25.531601
15.533122
-0.684452
-0.665029
-0.060524
0.012534
-0.118414
-0.129727
0.160487
1.065914
2.523343
1.672821
0.106938
-0.360970
2.056539
4.412953
0.000000
2.028792
3.239065
26.934801
25.349892
14.237350
-0.627223
-0.792217
-0.015462
0.121962
-0.058343
-0.139419
0.133330
1.023500
2.416247
1.577400
0.891684
-0.625874
2.173265
4.831433
0.000000
2.574888
4.612177
26.974268
25.363579
14.229349
-0.693370
-0.509012
0.022380
0.107657
0.026305
-0.147646
0.152451
1.085416
2.555607
2.095835
0.837222
-0.647095
-1.160744
5.368214
0.000000
2.522108
4.548780
27.341959
25.976173
12.935965
-0.884068
-0.400116
-0.067458
-0.022332
0.028951
-0.039711
0.266142
1.137458
2.816441
2.261233
0.941650
-0.889632
-1.152705
5.368955
0.000000
2.525083
3.436075
27.263748
25.957264
13.176405
-0.804091
-0.446546
-0.087681
-0.030157
-0.024293
-0.076811
0.242912
1.087253
2.784595
2.275191
0.640344
-0.782701
2.088849
4.862542
0.000000
2.722545
3.415528
27.093298
25.677841
14.228012
-0.758043
-0.473764
-0.161989
0.040181
-0.062343
-0.191015
0.139153
0.959524
2.840546
2.428205
0.899398
-0.545370
2.350910
4.594251
0.000000
2.051043
2.031066
27.709236
26.375557
14.931558
-1.132244
-0.688660
-0.114053
0.104435
-0.051663
-0.160811
0.140182
0.857732
2.517530
2.108960
2.003189
-0.477450
-1.454240
5.360449
0.000000
3.074311
3.659987
27.505976
26.084190
13.139563
-1.551747
-0.416918
-0.063456
0.131472
0.022292
-0.196547
0.143245
0.865848
2.549408
2.623764
2.152314
-0.446700
-1.318235
5.517462
0.000000
3.636042
3.132035
27.554514
26.257225
11.354343
-2.092150
-0.431257
-0.080620
0.419451
0.359558
-0.213914
0.210490
0.750566
2.650751
2.879966
1.797777
-0.091259
-1.734193
6.945884
0.000000
4.507405
2.792126
27.335354
26.250387
10.644997
-4.094788
-0.562231
-0.058390
0.410318
0.596935
-0.272752
0.198762
0.644941
2.398506
2.682508
1.946339
6.058791
-2.142842
-1.396320
0.000000
8.261167
3.492423
27.396795
26.201967
9.800966
-4.468744
-0.550945
0.350937
0.653424
0.296672
-0.394770
0.256780
0.471410
2.178161
2.905157
2.701048
1.599338
-2.069667
-2.234404
0.000000
7.552242
3.513735
26.403187
26.500416
11.024356
-7.609050
-0.899164
-0.286057
0.455272
0.649002
-0.304085
0.151415
0.312699
1.716087
2.827034
2.783827
0.831971
-1.905355
-2.095955
0.000000
6.185451
4.090421
16.515856
26.521822
13.637993
-12.710046
-0.800625
-0.451452
-0.083087
-0.173440
-0.087727
0.048734
0.299149
1.452095
2.987870
2.206433
-1.596933
-1.182148
3.962856
0.000000
4.923095
2.414268
6.056561
26.288803
24.889650
16.054886
-0.813704
-0.354317
-0.118586
-0.110651
-0.192281
-0.156047
0.191223
1.245401
2.716580
3.000685
0.561426
-0.736414
2.730112
4.755234
0.000000
2.066541
4.349514
27.090298
25.620522
15.295156
-0.853741
-0.495202
-0.049741
-0.007147
0.042444
-0.072722
0.194840
1.326456
2.738248
1.584542
0.577886
-1.074187
3.043525
5.245922
0.000000
2.052938
3.710181
26.828789
25.433794
15.176620
-0.515354
-0.508410
0.003228
0.053780
0.014476
-0.091476
0.208904
1.314565
2.736913
1.545961
-0.221838
-0.954622
2.647463
4.997549
0.000000
2.069293
3.588248
26.547150
25.027292
15.123616
-0.372461
-0.594085
0.042242
0.082373
0.065958
-0.092590
0.168026
1.278514
2.542541
1.395604
0.651588
-1.003625
3.257055
5.107206
0.000000
2.080400
3.665502
26.196987
24.601662
15.028558
-0.237017
-0.659296
0.046434
0.106827
0.066764
-0.146474
0.119890
1.248189
2.547257
1.445004
-1.021983
-0.846789
2.870856
4.995590
0.000000
2.075664
3.438094
26.709400
25.208813
14.430772
-0.413357
-0.641307
0.029704
0.095011
0.115784
-0.072569
0.161626
1.274591
2.562096
1.465802
1.019590
-0.917615
2.969848
5.377835
0.000000
2.066422
3.666312
26.920002
25.512245
15.133641
-0.454333
-0.508473
-0.018575
0.032309
0.069426
-0.081143
0.177578
1.294488
2.716178
1.684090
0.802717
-1.070533
3.365205
5.387798
0.000000
2.070722
3.239053
27.016941
25.669689
16.234526
-0.650336
-0.492481
-0.081944
-0.034371
0.009673
-0.058330
0.183425
1.218717
2.760105
1.747630
0.476365
-0.680365
-0.395756
5.568930
0.000000
2.077738
3.481789
27.071514
25.753090
17.747644
-0.651032
-0.524096
-0.156300
-0.099936
-0.085831
-0.085177
0.165327
1.138218
2.675174
1.812246
0.513129
-1.271438
3.331392
5.332631
0.000000
2.081303
3.243804
27.162352
25.827295
18.547770
-0.694243
-0.550652
-0.200111
-0.126670
-0.090822
-0.087133
0.150000
1.155262
2.691892
1.840474
0.090215
-0.539244
4.245733
5.363328
0.000000
2.088892
2.818222
27.023178
25.740656
18.412645
-0.634745
-0.604252
-0.216336
-0.137980
-0.163721
-0.070580
0.155393
1.088100
2.570421
1.770295
0.562255
-0.712795
0.984029
5.565559
0.000000
2.084876
3.471423
27.182741
25.883379
18.696356
-0.758289
-0.581258
-0.259207
-0.163842
-0.098946
-0.079392
0.158365
1.089608
2.596711
2.024068
0.551934
-0.596370
4.244247
5.679296
0.000000
2.091558
3.752778
27.024412
25.736244
19.750868
-0.804610
-0.601804
-0.313584
-0.212201
-0.214125
-0.085283
0.151977
1.046582
2.598462
1.981446
0.422865
-0.509871
-0.725204
5.685018
0.000000
2.087945
3.425759
27.211210
26.013390
19.674456
-0.846243
-0.635583
-0.370232
-0.238513
-0.170143
-0.067271
0.162410
0.999455
2.654904
2.039867
-0.730900
-0.711687
-0.618767
5.519094
0.000000
2.094241
2.111315
27.063862
25.941574
19.125248
-0.746514
-0.690212
-0.366628
-0.245160
-0.172016
-0.044607
0.162762
1.002386
2.722508
1.908618
0.715102
-1.114768
4.162338
5.490101
0.000000
2.111439
2.849931
26.468336
25.154333
20.901297
-0.642376
-0.700285
-0.367037
-0.277600
-0.360280
-0.174216
0.088061
0.929323
2.364166
1.984466
1.068239
-0.270608
-0.825006
5.739217
0.000000
2.083058
2.864367
27.488741
26.415321
19.434423
-0.976038
-0.717918
-0.467318
-0.301392
-0.089508
-0.005235
0.184553
1.001058
2.800988
2.106353
0.392042
-0.777239
-0.779493
5.576488
0.000000
2.105361
2.123918
26.761423
25.678940
19.298201
-0.749147
-0.738791
-0.456979
-0.305750
-0.286931
-0.105636
0.134313
0.923858
2.415548
2.143595
0.375827
-0.381548
-0.757410
5.949894
0.000000
2.085523
2.281592
27.361969
26.273558
20.318695
-0.933173
-0.743125
-0.555016
-0.350251
-0.199124
-0.021627
0.176134
0.998403
2.621821
2.220310
-0.063676
-0.586817
-0.741742
5.666955
0.000000
2.103810
2.131570
26.816515
25.777674
19.070414
-0.742126
-0.798863
-0.486177
-0.325284
-0.271733
-0.060261
0.140443
0.915357
2.622041
2.096177
-0.053603
-1.361437
-0.722728
5.458449
0.000000
2.103086
2.132670
26.810642
25.729330
17.118675
-0.746456
-0.792227
-0.430889
-0.276489
-0.190372
-0.044609
0.143063
0.893835
2.527685
2.178174
4.219871
-1.380978
-1.020577
6.094039
0.000000
2.098891
2.125105
26.852468
25.692663
20.359322
-0.805174
-0.763485
-0.545081
-0.359408
-0.242181
-0.118303
0.122593
0.836937
2.700244
2.538825
1.698895
-0.364541
0.072134
5.847033
0.000000
2.092633
2.116456
27.323587
26.522964
19.315090
-1.512031
-0.871337
-0.450718
-0.188803
-0.145161
-0.017634
0.111084
0.731226
2.505486
2.210688
2.101833
-0.488694
-1.030219
5.401907
0.000000
2.089307
2.116323
27.251064
26.327227
16.496208
-1.190490
-0.880273
-0.344141
-0.115333
-0.150044
-0.071458
0.087446
0.719352
2.335784
2.229080
1.082475
-0.845460
-1.152017
-0.444711
0.000000
2.077374
2.101739
27.482170
26.469685
16.680439
-1.698739
-0.737104
-0.383355
-0.136264
-0.007289
-0.015588
0.139916
0.761400
2.401228
2.640582
3.459832
-0.573759
-1.234547
7.184235
0.000000
2.087514
2.112844
27.323517
26.518215
16.783646
-1.514455
-0.840524
-0.424299
-0.183801
-0.090422
-0.027862
0.143545
0.760977
2.502634
2.447870
2.574268
-0.404526
-1.215990
6.294053
0.000000
2.095006
2.125512
27.073881
26.138048
18.953560
-1.358351
-0.855060
-0.456652
-0.221649
-0.223211
-0.114062
0.088665
0.706055
2.434240
2.413812
3.915288
-0.322400
-1.248801
6.216033
0.000000
2.083248
4.090892
27.463064
26.913515
15.647803
-1.074735
-1.238449
-0.476065
-0.212837
0.061149
0.034767
0.184407
0.672481
2.537222
2.035529
0.568988
-1.245244
-0.982954
-0.928450
0.000000
2.082650
2.101526
27.295670
26.014101
17.353130
-0.821720
-0.823913
-0.377922
-0.132289
-0.342580
-0.251770
-0.039626
0.621371
2.435703
2.302042
3.525622
0.003917
-1.215313
5.282821
0.000000
2.073892
2.095531
27.698719
26.680195
17.951618
-1.895890
-0.830007
-0.607622
-0.346241
-0.087037
0.019080
0.199811
0.695224
2.530602
2.805880
1.451169
-0.625392
-1.689826
6.895277
0.000000
2.105423
2.139902
26.752436
26.168987
16.774612
-1.444462
-0.962872
-0.489254
-0.238364
-0.119426
-0.034503
0.161257
0.654149
2.553282
2.375002
1.815618
-0.530984
-1.041554
5.869638
0.000000
2.104480
2.140530
26.786718
25.789932
19.646835
-1.009845
-0.981772
-0.482006
-0.248839
-0.378840
-0.183486
0.020058
0.629723
2.337877
2.220760
2.057928
0.250101
-1.311108
6.011124
0.000000
2.094558
4.158293
27.674730
27.031895
15.450802
-1.139856
-1.214683
-0.502718
-0.228255
0.044757
0.023831
0.181414
0.599383
2.486200
2.158648
0.824826
-1.921889
-1.707664
-0.930460
0.000000
2.089560
2.114221
27.018402
25.829124
14.703414
-1.052208
-0.848993
-0.328117
-0.091035
-0.278025
-0.200234
0.001851
0.607322
2.488466
2.402628
1.448149
0.321570
-1.233726
-0.392238
0.000000
2.072725
2.094673
27.657759
26.591909
16.299055
-1.783209
-0.800646
-0.527350
-0.289919
-0.054187
-0.016769
0.181056
0.721331
2.550750
2.834270
4.540351
-1.342013
-1.230006
6.374030
0.000000
2.095745
2.126894
27.063492
26.267578
17.476336
-1.212874
-0.971113
-0.496626
-0.269153
-0.247230
-0.069392
0.108839
0.697182
2.457086
2.394877
2.186109
-0.443460
-1.114251
5.913160
0.000000
2.102197
2.137512
26.839874
25.800043
19.572386
-1.159420
-0.964190
-0.523216
-0.275853
-0.366114
-0.167153
0.053811
0.628615
2.289479
2.348091
1.163505
-2.014310
-1.043681
-0.251144
0.000000
2.076518
2.101470
27.529360
26.592407
16.213528
-1.700553
-0.889131
-0.491158
-0.213581
0.008049
