0.000000
-0.807866
-1.510955
-0.774316
-0.740025
-0.764164
-0.747043
-0.269325
0.410202
0.666991
1.986876
1.820811
1.840631
1.918338
1.567081
1.110173
0.380699
-0.705364
-2.192892
-1.774058
-2.261084
-0.887894
0.000000
-2.248570
-1.362305
-0.219286
0.986516
2.998856
2.189294
2.826274
2.717739
-4.312649
-1.274975
3.957948
5.638818
1.779281
-1.912877
-2.946753
-0.740024
1.448244
0.008499
0.052432
0.000000
7.501467
-1.232358
-2.744391
1.968547
-0.073355
3.686850
2.196605
-0.548742
-3.128210
-6.645706
-5.362955
-3.763192
-2.081190
-2.166810
-5.843944
3.910003
4.244978
-15.477639
-6.399427
-4.391475
0.000000
0.598937
0.733345
-1.883324
-1.602992
1.581554
2.440174
1.221923
-0.766188
1.026916
1.259031
0.536286
0.486368
0.988297
1.213307
0.295828
-1.668421
-3.171980
-3.835586
-3.256218
0.316748
0.000000
0.456338
1.142807
-1.583354
-0.877665
1.930539
3.850738
2.525273
0.570632
-1.711718
-2.293660
-0.932602
-0.021545
0.351864
1.706595
2.288944
1.462107
0.289787
0.483062
-0.665779
0.000000
-4.591535
-0.931329
-1.762417
-0.568048
-7.136634
1.490320
0.634834
-1.038883
-0.926888
-0.714110
0.450727
0.693485
0.493991
1.674700
1.340052
-0.184145
1.228342
1.994632
0.057337
-2.088988
0.000000
-5.733202
-2.049970
-3.466098
-1.739948
-12.045671
0.945882
1.005621
0.397153
-1.422703
-1.804826
-0.119514
0.794576
0.701112
2.501334
0.792393
2.403848
3.582497
2.735746
-1.773885
-5.910789
0.000000
-8.206707
-2.356132
-1.445726
-1.406146
-10.152790
2.029338
-0.026620
-0.123578
-1.730797
-1.773463
-0.458798
0.553962
1.337387
2.745165
1.191176
1.376280
1.185668
0.329935
-2.643931
0.000000
-7.182008
-1.433353
-1.996042
-1.281502
-7.493617
3.725000
0.556689
-0.538537
-1.438437
-2.016802
-1.072286
0.647023
1.187691
2.576214
1.901419
1.003537
1.364475
0.894792
-0.147495
-0.745966
0.000000
-4.501278
-1.183134
-1.307371
-1.226220
-9.080914
2.553625
-0.302599
-1.208124
-1.723840
-1.592481
-0.427015
1.021676
1.225332
2.463815
1.368386
0.470451
0.150549
1.531032
-0.675999
0.000000
-6.565591
-1.583182
-2.272228
-1.243252
-2.932647
3.408265
0.969837
-0.846434
-1.169777
-1.768011
-1.198133
0.074613
1.042088
2.376175
1.935859
1.394299
2.145698
0.878268
0.342547
-0.789118
0.000000
-6.788841
-1.930870
-1.406860
-1.313883
-9.902835
2.814401
-0.064695
-0.501298
-1.508804
-1.827166
-0.655023
0.673483
1.260749
2.694384
1.907188
0.872022
0.165514
0.439213
-1.301864
-0.007693
0.000000
-1.008353
-0.840824
-1.338760
-1.453266
-10.161678
1.700029
-1.139095
-1.958911
-2.080126
-1.294286
-0.285074
1.248549
2.119489
2.865125
1.547012
-0.005499
-0.405128
0.445161
-2.705815
0.000000
-4.213722
-0.992791
-1.310398
-1.295310
-9.254675
2.518749
-0.139107
-1.417432
-2.558717
-2.122074
-0.363730
0.990012
1.326443
3.179815
2.081854
0.209130
-0.823731
-0.212810
-3.660100
0.000000
-4.018169
-0.906749
-1.350462
-1.314779
-8.370564
2.793252
-0.047731
-1.679798
-2.868405
-2.329817
-0.511976
0.909668
1.407754
3.026602
2.123703
0.965884
-1.598043
-1.248193
-2.845570
0.000000
-3.052466
-0.818584
-1.508929
-1.260801
-8.357369
3.071007
0.330365
-1.240727
-2.390827
-2.211559
-0.695000
0.874272
1.487746
2.796301
1.924052
0.950845
0.415365
0.506234
-1.297841
0.000000
-6.191863
-0.582014
-1.614570
-1.228190
-3.097273
2.242137
0.268117
-1.114427
-1.397885
-1.600529
-0.715888
0.865785
1.306093
2.725668
1.852489
0.473823
1.301032
0.677379
0.721913
-1.180804
0.000000
-5.593268
-1.632700
-1.426712
-1.360262
-8.871590
1.756889
-0.531715
-0.974681
-1.577638
-1.649380
-0.394827
0.973120
1.479778
3.124606
1.846810
0.830402
0.156375
0.938242
-1.050023
0.000000
-7.461058
-1.903769
-2.501991
-1.359823
-1.274397
3.862222
0.430779
-1.200797
-1.622979
-1.954759
-1.060541
0.329169
1.370867
2.992072
2.693293
1.444134
1.450155
0.305440
-0.061012
-1.301136
0.000000
-5.338974
-1.578691
-1.416275
-1.380411
-10.979265
2.169128
-0.836719
-1.341056
-1.887892
-1.582759
-0.245458
1.088278
1.609589
3.257496
2.338682
0.850652
-0.567607
-0.294656
-1.428886
0.000000
-6.221506
-1.034087
-1.733385
-1.361440
-1.812611
2.727842
0.029804
-1.355826
-2.346278
-2.257371
-0.849930
0.826460
1.579516
3.339700
2.342159
1.046106
1.281575
1.754210
-0.037575
0.000000
-6.750989
-2.171440
-2.721085
-1.344408
-5.010903
3.724499
0.427101
-0.612745
-0.712961
-2.125232
-1.368697
0.126673
1.314664
3.438362
3.384625
1.656192
2.137276
1.564098
-0.198399
-3.054432
0.000000
-7.824739
-1.507411
-1.596125
-1.527578
-4.720760
1.806523
-0.952919
-1.906892
-2.602178
-2.183860
-0.454608
1.241514
2.043294
3.766458
2.522455
0.981903
-0.159562
0.215039
-1.335351
0.000000
-7.310310
-0.940902
-1.445437
-1.363812
-4.594585
1.620922
-0.453824
-1.317988
-2.135761
-2.028660
-0.538557
1.165525
1.635136
3.495714
2.420127
0.810957
-0.357210
1.204875
-1.519923
-2.236567
0.000000
-1.808089
-1.516589
-1.428814
-1.915567
-10.878121
1.056042
-1.022421
-1.524047
-2.457612
-1.527871
-0.125293
1.404877
2.726444
3.679094
2.116223
0.932102
-0.294777
2.394571
-1.910497
0.000000
-3.749459
-1.408187
-1.419307
-1.426601
-9.937817
1.953263
-0.813676
-1.792376
-2.602394
-1.924842
-0.310627
1.367802
1.922879
3.827378
2.623995
1.080488
-0.111498
-0.230362
-2.224604
0.000000
-6.601903
-1.306234
-1.292282
-1.404112
-5.683175
2.108031
-0.400945
-1.226046
-2.419930
-2.096081
-0.743490
1.082382
1.870064
3.776604
2.690555
1.079489
0.962018
0.613361
-0.340211
0.000000
-7.413826
-1.509276
-2.025438
-1.419045
-2.853132
2.432383
-0.280301
-0.924984
-1.979979
-2.326591
-1.042475
0.756421
1.722392
3.864991
3.121706
1.208704
1.199454
1.632099
-1.756221
0.000000
-7.702799
-1.980480
-2.586269
-1.428938
1.231365
4.772968
0.425992
-1.366127
-1.812589
-2.284809
-1.276055
0.275618
1.606582
3.565308
3.792957
1.758574
0.615256
-0.360358
-1.027813
-2.889435
0.000000
-2.525514
-1.594792
-1.462881
-1.485817
-9.924353
1.265692
-1.174235
-1.927758
-2.907282
-1.912157
-0.242514
1.415806
2.976729
4.235147
2.634126
1.009201
3.174159
-1.935116
-3.298490
0.000000
-1.936450
-2.033293
-1.415584
-1.451246
-10.710428
1.561260
-0.459406
-1.129105
-2.447649
-2.078041
-0.464745
1.126847
1.993614
4.247478
2.820287
1.426431
0.311350
0.382975
-3.051405
0.000000
-5.039377
-1.467547
-1.479683
-1.474950
-7.715526
1.852517
-0.822791
-1.625642
-2.742243
-2.292922
-0.431673
1.383769
2.097405
4.070221
2.812773
1.251172
-0.331005
-0.092737
-2.018682
0.000000
-5.719068
-1.315274
-0.960949
-1.411094
-5.838443
2.078428
-0.528891
-1.423825
-2.530422
-2.069241
-0.714494
1.203470
2.003604
3.846682
2.687499
1.101744
0.810537
-0.069200
-1.403885
0.000000
-7.334921
-1.532195
-1.751184
-1.402497
-3.174244
2.279271
-0.309556
-0.927336
-2.008816
-2.228642
-0.921961
0.996539
1.790643
3.697218
2.826956
1.226828
1.183069
1.179439
-1.430702
0.232664
0.000000
-1.330475
-1.200254
-1.489744
-1.651552
-9.336910
1.346609
-1.665286
-2.402786
-2.553078
-1.618327
0.044392
1.635426
2.709840
3.539498
2.130948
0.362272
-0.916280
1.941126
-1.562075
0.000000
-4.159554
-1.187092
-1.512745
-1.399567
-8.055592
1.728637
-0.762896
-1.773756
-2.657240
-1.949034
-0.442931
1.417085
1.868915
3.617690
2.385238
0.898052
0.372981
0.003975
-1.393914
0.000000
-6.721672
-1.624333
-1.884358
-1.428332
-3.297786
2.760722
-0.043789
-0.965690
-2.165922
-2.512100
-1.043442
0.746291
1.777325
3.784018
3.025074
1.473348
1.158254
0.934990
-1.868237
0.000000
-7.313600
-1.549085
-2.168418
-1.433381
1.592206
4.198217
0.257987
-1.618496
-2.063296
-2.362098
-1.185392
0.647485
1.713887
3.526232
3.528418
1.600641
0.715851
0.782272
-0.906460
-2.225682
0.000000
-1.755219
-1.692487
-1.438682
-1.673488
-10.532611
1.150813
-1.120708
-1.778938
-2.804637
-1.788317
-0.284265
1.538059
2.984570
4.210218
2.439239
0.847366
-1.245579
-2.782877
-3.017644
0.000000
-2.324057
-1.686780
-1.435171
-1.491909
-10.245289
0.993548
-0.978210
-1.682135
-2.767717
-1.904436
-0.323091
1.354674
3.098451
4.599220
2.771511
0.792558
4.150156
-3.148226
-3.800313
0.000000
-2.794139
-2.050404
-1.437700
-1.502829
-10.159850
1.032219
-0.827957
-1.460460
-2.816308
-1.917817
-0.422008
1.256922
3.188991
4.740039
2.900833
0.753114
-0.675892
-3.313761
-3.826021
0.000000
-2.876868
-2.112100
-1.458066
-1.583817
-9.455931
0.982081
-1.037614
-1.510236
-2.866676
-2.218751
-0.437913
1.306967
3.143074
4.650064
2.851538
1.422852
-0.263479
-2.768749
-3.314952
0.000000
-3.407156
-1.828474
-1.463971
-1.775042
-8.457539
1.267457
-1.095419
-1.823710
-3.082267
-2.251616
-0.280282
1.506431
3.079502
4.345305
2.621155
1.008680
-2.100197
-2.565306
-2.657372
0.000000
-2.644352
-1.615880
-1.436129
-1.732520
-9.028020
1.066733
-1.124112
-1.814597
-2.850000
-1.874367
-0.261664
1.585308
3.047707
4.272847
2.495923
0.891826
-1.631104
-1.849960
-3.145515
0.000000
-3.624370
-1.734160
-1.432635
-1.499971
-9.656246
1.211593
-0.979973
-1.645362
-2.826986
-1.892166
-0.348290
1.464403
3.006931
4.371091
2.557010
-0.036928
-0.682527
-2.450917
-3.635049
0.000000
-4.962510
-1.850940
-1.448294
-1.506041
-9.303580
1.424467
-0.957162
-1.890509
-2.989985
-2.325904
-0.290608
1.287460
1.982483
4.257071
2.699869
-0.025082
-1.087875
-2.001944
-3.542708
0.000000
-3.271259
-2.012299
-1.414350
-1.449147
-9.803881
1.746201
-0.450275
-1.219642
-2.522540
-2.216121
-0.523346
1.101575
1.860096
4.187840
2.614205
1.349527
-0.921991
-0.705600
-2.984421
0.000000
-4.035660
-1.575617
-1.441828
-1.488753
-8.309813
2.304631
-0.634903
-1.830980
-2.941890
-2.532828
-0.423608
1.298643
1.910499
3.908111
2.565364
1.080592
-0.901204
-0.942650
-2.031796
0.000000
-3.710550
-1.276597
-1.500458
-1.502849
-8.767607
2.076971
-0.744165
-1.916301
-2.891399
-2.236390
-0.476922
1.459136
1.879556
3.670578
2.367697
0.842566
-0.007264
-0.914829
-1.898030
0.000000
-5.021045
-1.492205
-1.606997
-1.368293
-7.499012
2.640772
-0.066182
-1.363266
-2.553379
-2.256224
-0.645929
1.186938
1.792946
3.608319
2.443389
1.231102
0.264600
0.028967
1.861827
0.000000
-7.003157
-0.820614
-1.993320
-1.403315
-3.639779
2.566446
-0.367206
-1.999020
-2.586369
-2.122248
-0.706381
1.166614
1.724837
3.369365
2.232998
0.890566
0.463143
0.520563
-0.649354
0.000000
-6.796158
-1.091497
-1.894302
-1.369936
-1.911357
2.748003
0.198630
-1.124218
-2.201389
-2.410038
-0.997247
0.861300
1.550115
3.443208
2.767291
1.027629
1.007738
1.284710
-1.839684
0.000000
-7.212774
-1.743338
-2.605617
-1.428852
1.201023
4.450731
0.672570
-1.381707
-2.165128
-2.760893
-1.391043
-0.140319
1.464365
3.300666
3.843863
2.071454
-0.066153
-0.261708
-4.072223
0.000000
-8.038240
-3.530138
-2.376616
-1.421011
-1.633966
-9.226242
1.735093
-0.850779
-2.248795
-3.108701
-1.958392
-0.156371
1.273732
2.680203
3.942808
2.380764
0.783668
-0.014020
-2.912213
-2.367437
0.000000
-1.824735
-1.554191
-1.354160
-1.842430
-9.719359
0.997798
-0.779171
-1.670534
-2.763221
-1.698009
-0.137033
1.414092
2.980035
4.155990
2.380778
0.646962
-0.075594
-3.036422
-3.699258
0.000000
-3.121155
-1.910243
-1.412208
-1.620085
-9.287630
1.130305
-0.817714
-1.510861
-2.728595
-1.936678
-0.241951
1.371034
3.083151
4.369401
2.585252
-0.164181
-1.024750
-3.835862
-3.378458
0.000000
-2.870397
-1.945527
-1.397218
-1.111696
-9.098615
1.054604
-0.845684
-1.444115
-2.768040
-1.916674
-0.239516
1.349541
3.127812
4.377110
2.631311
0.669108
-0.537439
-3.052161
-3.595890
0.000000
-3.770670
-2.128464
-1.410357
-0.947823
-8.598744
1.223289
-0.867354
-1.510640
-2.882292
-2.159761
-0.332089
1.350807
2.961971
4.196040
2.503915
0.184590
-0.661516
-4.070956
-3.322365
0.000000
-3.511698
-1.994083
-1.378501
-0.988716
-8.541304
1.165166
-0.828488
-1.465720
-2.771796
-1.948924
-0.208960
1.390925
2.877780
3.960749
2.287309
0.644114
-0.363310
-2.727860
-3.320652
0.000000
-3.797156
-1.919633
-1.380025
-1.023403
-8.389124
1.300778
-0.801339
-1.537149
-2.799954
-2.021041
-0.304056
1.389660
2.783464
3.879817
2.230161
0.311826
-0.732815
-2.671909
-3.353084
0.000000
-3.909550
-1.834293
-1.368635
-1.260074
-8.496283
1.396937
-0.686507
-1.612516
-2.771739
-1.856515
-0.238677
1.338928
2.758953
3.796923
2.185762
0.176972
-0.576880
-3.485555
-3.506776
0.000000
-3.722846
-1.595536
-1.356321
-1.473545
-8.191323
1.582180
-0.667596
-1.789327
-2.919136
-1.870565
-0.267114
1.277256
2.639382
3.678454
2.169619
-0.008739
-1.137294
-2.947256
-3.555864
0.000000
-3.120756
-1.547512
-1.328162
-1.520395
-8.278997
1.581123
-0.589676
-1.833323
-2.954639
-1.834951
-0.288184
1.252157
2.550758
3.555407
0.942531
0.242525
-1.093903
-4.046416
-3.267964
0.000000
-3.356343
-1.470696
-1.316235
-1.644562
-8.019904
1.752480
-0.523729
-1.838420
-3.000887
-1.826883
-0.286804
1.192099
2.470887
3.413718
2.019807
0.270714
-1.126245
-2.996230
-3.127956
0.000000
-3.051245
-1.338751
-1.291153
-1.476356
-7.853305
1.811654
-0.553440
-1.955775
-3.055140
-1.900654
-0.285235
1.253606
2.384432
3.295215
2.012179
-0.208876
-1.454721
-2.937066
-2.930083
0.000000
-2.954627
-1.275375
-1.268393
-1.516012
-7.653048
2.002395
-0.522344
-2.129879
-3.222300
-1.942674
-0.313663
1.156392
2.236841
3.122192
1.894065
-0.133151
-1.392166
-3.349350
-2.691852
0.000000
-2.436872
-1.095900
-1.232101
-1.620466
-7.602709
2.018027
-0.494841
-2.136821
-3.138678
-1.835007
-0.288063
1.171990
2.153489
3.016887
1.833140
-0.103174
-1.436112
-3.590116
-2.697721
0.000000
-2.372651
-1.109169
-1.222261
-1.529492
-7.917061
1.886252
-0.450113
-1.921693
-2.969928
-1.602659
-0.295092
1.095848
2.157420
3.071502
0.645231
0.297980
-1.208600
-2.724407
-3.243289
0.000000
-3.634917
-1.253971
-1.243076
-1.447994
-6.924651
2.480545
-0.413092
-2.335570
-3.523345
-2.077260
-0.321507
1.045362
1.871894
2.725583
1.829183
-1.462201
-1.911233
-2.533483
-2.066205
0.000000
-1.277479
-0.892526
-1.019365
-1.442772
-7.743863
1.893332
-0.440761
-2.065843
-2.981810
-1.624521
-0.336301
1.192955
2.013262
2.771354
0.036309
0.226984
-1.101715
-3.387383
-3.040207
0.000000
-4.098572
-0.986156
-1.218670
-1.400520
-7.138495
2.426617
-0.434930
-2.300045
-3.294159
-1.945714
-0.324197
1.052602
1.817666
2.577518
1.659237
-0.506881
-2.747793
-2.747807
-2.036757
0.000000
-1.283608
-0.649142
-1.030095
-1.471240
-7.561707
2.215449
-0.350711
-2.186103
-3.089334
-1.620124
-0.268932
1.057874
1.793877
2.534206
-1.222502
0.094809
-1.586563
-3.694737
-2.658009
0.000000
-3.074669
-0.849621
-1.148953
-1.310978
-7.467891
2.272016
-0.379501
-2.118612
-3.100153
-1.625800
-0.332671
0.985233
1.730042
2.515343
-0.352603
0.351742
-1.480267
-3.071852
-2.971120
0.000000
-3.354129
-0.858823
-1.153106
-1.281557
-7.540048
2.167683
-0.431578
-1.986687
-2.964518
-1.632867
-0.294228
1.084289
1.784391
2.500863
1.621068
0.511898
-1.287891
0.147534
-2.709879
0.000000
-3.247934
-0.778794
-1.127095
-1.190702
-6.778646
2.603743
-0.422043
-2.421671
-3.385641
-1.979522
-0.249882
1.125517
1.204120
2.432250
1.354807
-0.969606
-1.709348
-1.668962
-2.190739
0.000000
-1.831931
-0.996789
-1.081026
-1.107012
-7.642704
2.723690
0.239596
-1.783580
-3.025628
-1.904469
-0.364170
0.909435
1.027072
2.313047
-1.075133
-0.267060
0.705291
0.218757
-3.255946
0.000000
-3.792952
-1.082294
-1.135937
-1.121089
-7.265218
2.861971
0.080226
-1.596239
-2.775460
-2.080484
-0.388329
0.901553
1.051263
2.183631
1.086608
-0.988603
-0.175245
-1.508226
-2.518511
0.000000
-1.595753
-0.827025
-1.041555
-1.057226
-7.449182
2.719601
0.082238
-1.720701
-2.673446
-1.828715
-0.260145
1.117653
0.966275
2.111290
0.943111
-0.829770
-0.048365
1.609295
-2.575581
0.000000
-2.709584
-0.905534
-1.079576
-1.034829
-7.865011
2.823382
0.160288
-1.651690
-2.748598
-1.753467
-0.292919
0.994868
0.912358
2.192649
-1.933567
-0.389476
-0.173443
0.380577
-2.816746
0.000000
-3.453547
-0.940470
-1.116102
-1.082087
-6.805746
3.204175
0.246676
-1.968942
-3.212705
-2.171446
-0.335901
0.888391
0.932545
2.045354
1.091886
-0.024125
0.469431
2.702703
-2.142226
0.000000
-2.078674
-1.263760
-0.868735
-3.407393
-8.171959
2.438071
0.251938
-0.857779
-2.104561
-1.766508
-0.595499
1.017134
0.849201
2.410862
-0.712129
0.520533
1.651338
-1.361389
-4.749102
0.000000
-6.400956
-1.658473
-1.219878
-1.223206
-6.379657
3.390053
0.041041
-1.831231
-3.110936
-2.605901
-0.451011
0.710932
1.116676
2.040505
1.252143
-3.176930
-2.202027
0.578260
-1.588490
0.000000
-1.417335
-0.404552
-0.750689
-0.572371
-7.084018
2.925748
0.240499
-2.039884
-2.869596
-1.765910
-0.234617
1.207643
0.751513
1.790849
0.647177
-1.435236
0.130270
-0.638877
-2.083679
0.000000
-2.907761
-0.820971
-1.040620
-1.110214
-8.148343
2.913260
0.294995
-1.616297
-2.815986
-1.749250
-0.286883
0.991659
0.766714
2.223475
-1.025628
-0.318285
0.105627
-0.944965
-3.513247
0.000000
-5.130532
-1.205336
-1.125178
-1.108579
-6.640332
3.484040
0.351441
-1.948240
-3.442888
-2.355296
-0.438911
0.683188
0.842079
1.916119
1.148394
0.021747
0.571079
0.917937
-1.637776
0.000000
-2.690440
-1.262480
-1.504716
-3.618352
-7.619701
2.551123
0.310281
-0.992142
-2.111535
-1.658388
-0.507920
1.048162
0.738175
2.173181
-1.181447
0.364069
1.451813
-1.127199
-4.715419
0.000000
-6.436141
-1.534349
-1.230805
-1.236075
-6.699515
3.213411
0.027641
-1.672073
-2.924003
-2.490563
-0.471022
0.806090
1.108286
2.132856
1.217597
-2.412923
-1.454977
-1.265112
-1.661684
0.000000
-2.051613
-0.718789
-1.023153
-0.832174
-7.305428
2.798925
0.066646
-1.819091
-2.653706
-1.698725
-0.350572
1.205540
0.803201
1.938638
-0.950494
-0.801810
-0.148143
2.863258
-2.809470
0.000000
-3.666510
-0.976478
-1.047909
-1.036601
-7.901328
2.975305
0.301453
-1.599223
-2.857753
-1.802276
-0.321270
0.807559
0.814748
2.146475
-2.511912
-0.381479
-0.109143
-0.168447
-3.177016
0.000000
-4.534384
-1.044348
-1.107789
-1.054603
-6.497257
3.496984
0.356225
-2.072313
-3.455440
-2.349576
-0.365140
0.791637
0.804615
1.803972
1.084261
-2.215230
-0.169593
-1.638443
-2.636748
0.000000
-1.039034
-0.760531
-0.875954
-0.651635
-7.739054
2.601864
0.189958
-1.578405
-2.557555
-1.702830
-0.353343
1.074908
