0.000000
10.205096
10.417286
10.368490
10.271610
10.333977
10.411444
10.271422
7.651871
7.333609
10.044146
9.846334
9.415464
9.559994
9.340743
8.626881
6.534960
-9.525070
0.613498
-2.265036
0.410578
1.835890
0.790661
0.390532
-0.063047
-0.488600
-0.790789
-1.772484
-1.295038
-0.030399
0.277920
20.653826
22.196262
0.000000
-1.551883
-0.631276
13.495642
14.109903
3.757885
-2.437878
-0.840611
-0.139477
2.787636
-0.749983
-1.177338
0.704788
0.149027
-0.600398
-0.328389
-0.475663
5.750510
6.780559
15.546312
0.000000
0.440459
0.430133
-0.724317
-0.619275
-4.814099
-1.327527
5.625348
7.620547
3.902703
-1.976944
-2.215226
-0.540258
-0.166114
-1.782633
-1.740738
-0.783446
0.356845
-0.597528
0.604586
1.072171
0.000000
-8.805537
-11.112034
9.598907
8.739869
8.656583
11.107969
2.040967
-0.472897
-3.478329
-3.224925
-1.232496
0.484044
2.148582
2.560863
0.354118
-2.814634
-2.685374
-0.399870
1.115173
1.402426
0.000000
-3.544862
-2.488966
10.029782
9.955173
7.493458
-1.164241
-0.179272
-0.553901
-0.388782
0.203740
1.593425
1.163538
0.353803
1.443751
0.352046
-0.997348
-0.862252
-0.161894
0.019628
0.000000
-1.688819
-0.620873
9.521941
10.256838
7.024524
-5.099354
-0.745527
2.916810
-1.917911
-1.290473
1.514949
0.650310
0.379437
-0.219236
-0.173938
-1.798937
-2.060015
-0.275307
0.093782
0.000000
0.301028
1.138250
9.753600
10.614075
10.908499
2.172141
-3.772323
1.134723
2.748365
-0.493915
-0.362691
2.598328
0.723855
-0.224433
-0.182301
0.664752
-1.675203
-2.266479
-1.282433
0.125747
0.000000
-1.042519
-0.190423
9.695015
10.695729
8.448302
-3.902273
-1.028240
1.743690
-0.835329
-1.407756
1.059657
1.319997
0.070459
-0.028261
0.890455
-0.637295
-1.542199
-1.694722
-0.034155
0.087672
0.000000
-0.750278
-0.206436
9.313049
9.575218
6.562543
-3.717239
0.581105
2.564839
-1.488660
-1.347079
1.140003
0.502834
-0.190960
0.247792
0.882769
-1.455773
-1.956387
-0.941985
0.105227
0.000000
-1.124420
-0.330341
8.943293
9.640074
9.504911
7.597373
-1.714162
0.660971
-0.932957
-1.922606
-0.763385
0.862929
0.101464
0.000240
0.600894
0.685960
-1.061015
-1.658253
-0.160894
0.176926
0.000000
-0.670564
-0.189964
8.969660
9.659485
4.818863
-4.779175
0.482442
2.562924
-1.591489
-1.188627
1.377052
0.683085
-0.283232
0.109955
0.991965
-1.452370
-1.794186
-1.114132
0.133391
-1.240637
0.000000
-0.543918
-0.097558
9.197445
9.340100
7.923786
-1.806345
0.606631
0.665289
-2.420289
-1.480884
0.625263
0.345217
0.338028
0.913157
1.236955
-1.225630
-1.859534
-0.484664
0.248865
0.000000
-0.923053
-0.358370
8.850672
9.336693
7.767049
-2.708531
-0.201249
0.553105
-1.397136
-1.364149
0.803566
0.584432
0.011863
0.575014
1.495826
-0.797537
-2.288370
-0.966592
0.096847
0.000000
-1.220035
-0.608036
8.525717
8.991719
9.506925
-0.784530
-1.529614
-0.071793
-0.476734
-1.240306
0.710714
0.789406
0.010035
0.603318
1.566683
-0.651292
-2.029031
-0.734633
0.083507
0.000000
-1.686423
-1.002331
8.818789
9.025642
8.839139
7.666123
-1.975922
1.942708
-1.070480
-1.732655
0.343575
0.819904
0.040109
0.526188
1.424239
-0.405602
-1.686378
-0.868890
0.228388
0.067018
0.000000
-1.453921
-1.051205
8.739237
8.736860
7.694288
-2.571502
0.746459
0.527639
-1.829979
0.102405
0.909756
0.024455
0.347025
0.493598
-0.366465
-0.913256
-0.880384
0.163266
0.211150
0.000000
-1.456255
-0.765596
8.487036
8.754688
5.954444
-4.224960
0.423427
2.086487
-2.171894
-1.812711
1.149847
0.544755
-0.195639
0.373846
0.762838
-1.394562
-1.489370
-0.826261
0.210967
0.000000
-1.346416
-0.585071
8.062584
8.638355
8.578974
7.325860
-1.457272
1.000623
-1.508532
-2.548491
-1.203781
0.653916
0.390997
0.478825
0.866044
0.829845
-0.724877
-1.652942
-0.020466
0.310507
0.000000
-1.160499
-0.713581
8.173695
8.546203
6.141604
-3.924792
0.901117
2.572288
-1.974853
-1.901886
0.861710
0.520610
0.095717
0.728184
1.364271
-1.088412
-1.704306
-1.007116
0.252691
0.000000
-1.625267
-0.903399
7.815542
8.291329
8.142606
7.828670
-1.303200
1.216382
-2.167752
-2.818672
0.102834
0.525785
0.430223
0.875918
0.460742
-0.175200
-0.878276
-1.024261
0.397372
0.497205
0.000000
-1.119864
-0.662761
8.275442
8.250040
6.005518
-3.693482
0.652566
0.863349
-1.700935
-0.946060
0.354721
0.161882
0.303349
0.796319
0.750405
-0.249965
-1.606359
-0.275209
0.278839
0.000000
-1.820396
-1.378889
7.223313
7.812831
7.388757
-3.682582
-0.605740
2.693810
-1.382195
-1.918572
1.076605
0.818263
0.139154
0.820312
0.584288
-1.064154
-1.353878
-0.614088
0.521162
0.000000
-2.584106
-1.889655
7.566278
7.572482
7.351203
6.908272
-1.333784
1.308235
-2.361452
-3.031182
0.115403
0.628324
0.186007
1.093462
0.814887
-0.623686
-0.805075
-0.683082
0.415355
0.361498
0.000000
-1.379970
-0.823667
7.554502
7.541640
7.006348
-3.053996
0.536765
1.509753
-2.106497
-1.862889
-0.050387
0.253903
0.524086
1.057578
1.413938
-0.631271
-1.896713
-0.398735
0.433105
0.000000
-1.902750
-1.418558
7.306046
7.669349
10.192325
-0.763394
-0.373096
0.525495
-2.612397
-2.370008
-0.182927
0.885712
0.751346
1.523847
1.989945
-0.499725
-1.652934
-0.719871
0.322388
0.000000
-2.336965
-1.691327
7.179342
7.356602
7.196712
6.724254
-1.702602
1.713001
-1.975478
-2.862142
0.412057
0.848790
0.339696
1.312472
1.400307
-0.377604
-1.087464
-0.807589
0.436690
0.021260
0.000000
-1.894046
-1.380174
7.241959
7.109768
6.881914
-3.236009
1.467910
-1.122867
-2.761037
-0.379077
0.479844
0.321494
0.963218
0.821129
-0.199992
-0.586116
-1.217304
0.373130
0.385675
0.000000
-1.999065
-1.478159
7.068497
7.075156
6.897602
-3.613173
0.296007
1.255006
-2.470414
-1.768413
0.426552
0.606189
0.754050
1.039344
1.318043
-0.244897
-1.591282
-0.078812
0.418235
0.000000
-2.191373
-1.607445
7.057340
7.140812
8.567728
-2.158632
0.035552
-0.816047
-2.676923
-2.079385
-0.030088
0.798526
0.923592
1.790745
2.038911
-0.513050
-1.993915
-0.629092
0.352335
0.000000
-2.030959
-1.491461
7.187998
7.171122
11.201729
-0.304994
-1.208655
0.053825
-3.056291
-2.226677
-0.378712
1.243223
0.731236
1.643470
2.588334
0.151477
-1.650427
-0.791017
0.182063
0.000000
-2.950515
-2.404882
6.878801
7.187275
11.169811
0.061086
-1.571352
0.395182
-2.160370
-2.171659
0.411433
1.292971
0.743142
1.583919
1.851586
-0.471966
-1.470380
-0.540646
0.451889
0.000000
-3.146300
-2.453720
6.973889
7.025617
6.809322
6.863584
-1.194267
1.135984
-2.433312
-3.033797
-0.014497
0.950326
0.453451
1.638831
1.664693
-0.410180
-1.089334
-0.598256
0.560936
0.320124
0.000000
-2.341153
-1.772246
7.085069
6.885519
6.870772
-3.084080
1.613488
-1.424886
-2.955068
-0.525865
0.489619
0.395741
1.097341
1.008967
-0.216682
-0.669068
-1.080432
0.544267
0.396755
0.000000
-2.273691
-1.752259
6.991527
7.000322
7.449020
-3.225882
0.681100
1.032776
-3.216234
-2.447536
0.178354
0.501603
0.752244
1.544286
1.488760
-0.938275
-1.757311
-0.154041
0.547509
0.000000
-2.075907
-1.491239
7.224767
7.174429
10.977333
0.680406
0.007035
0.465828
-2.655614
-2.993202
-0.507135
0.675937
0.573546
1.497122
1.549511
-0.618859
-1.383819
-0.530353
0.417485
0.000000
-1.831431
-1.251463
7.356619
7.525620
7.324474
6.776718
-2.314764
1.740781
-1.414650
-3.037301
-0.502226
0.456851
0.350758
1.064775
0.952209
-0.024030
-0.786786
-1.232089
0.436319
0.461944
0.000000
-1.919732
-1.550120
7.157166
7.112764
6.694889
-3.232234
1.203571
0.833231
-2.859527
-1.688288
0.323186
0.636740
0.835535
0.910388
1.097503
-0.449679
-1.587868
0.148079
0.474288
0.000000
-2.116390
-1.534910
7.018609
7.050857
7.780663
-2.255086
-0.250401
-0.910208
-2.667789
-1.978475
-0.207864
0.776155
0.941091
1.647662
1.916228
-0.360267
-1.913338
-0.507381
0.401636
0.000000
-2.298389
-1.829186
6.930747
7.006990
8.483574
-1.324549
-0.126796
-0.935708
-2.946645
-1.839527
0.061504
1.135863
0.867872
1.876966
2.369961
-0.113619
-1.919660
-0.723548
0.144041
0.000000
-2.465131
-1.908444
6.868448
7.018040
9.286414
-0.740276
-2.251299
-1.007916
-2.541799
-1.735153
0.440661
1.444706
0.750725
1.790789
2.584354
0.213830
-1.660957
-0.677759
0.009803
0.000000
-3.159144
-2.571818
6.751777
6.906875
9.310075
-0.559333
-1.373366
-1.355204
-2.407316
-1.738155
0.262786
1.646393
0.861550
1.821424
2.416015
0.009541
-1.432157
-0.361552
0.113036
0.000000
-3.504554
-2.874749
6.958424
7.006880
8.897011
-0.699567
-1.129601
-1.305726
-2.603356
-1.819992
0.384425
1.629904
0.876485
1.760008
2.049234
-0.376889
-1.446032
-0.132959
0.373312
0.000000
-3.504459
-2.856488
7.173340
7.104334
8.918159
-0.655887
-0.519742
-1.218613
-2.811796
-2.003625
0.170843
1.427532
0.855179
1.736632
2.093519
-0.441018
-1.565794
-0.337453
0.402638
0.000000
-3.107028
-2.549485
7.034166
7.274219
9.479519
-1.007435
-0.379031
-1.093147
-2.580128
-1.750403
0.367838
1.302930
0.760430
1.707912
2.137826
-0.261233
-1.739272
-0.633675
0.243495
0.000000
-2.758780
-2.157640
7.062208
7.278259
9.666302
-0.751310
-1.018922
-0.857257
-2.583503
-1.843455
0.463823
1.317915
0.699177
1.628686
2.244066
-0.333976
-1.838825
-0.644786
0.145498
0.000000
-2.574152
-1.887285
7.405511
7.540620
10.332981
-0.078687
-0.715932
-0.003507
-2.735715
-1.964291
-0.116404
1.337167
0.628502
1.493143
2.444745
0.012565
-1.619696
-0.800337
0.189383
0.000000
-3.097650
-2.396782
7.249948
7.500397
10.168497
-0.106553
-0.850030
0.207236
-2.202817
-1.863910
0.192151
1.288932
0.651186
1.558319
2.147928
-0.504438
-1.751171
-0.574564
0.371062
0.000000
-3.130060
-2.317087
7.434566
7.463707
10.224169
0.112614
-0.340263
-0.078236
-2.616251
-2.658937
-0.257669
1.133546
0.607093
1.593214
1.988388
-0.702307
-1.585455
-0.449265
0.386699
0.000000
-2.627547
-1.918536
7.542002
7.682701
7.343593
7.052871
-1.869619
2.276724
-1.955145
-2.556560
-0.248903
0.782124
0.376861
1.162533
1.621665
-0.497023
-1.457450
-0.802098
0.354613
0.293236
0.000000
-2.027677
-1.530783
7.383721
7.318935
7.144928
-1.929989
1.530300
-2.044832
-2.585945
0.255205
0.699046
0.149775
0.996899
0.507621
-0.926405
-1.191479
-0.684276
0.429984
-0.271151
0.000000
-1.526978
-0.880392
7.843767
7.581252
6.787661
-2.405077
1.012035
0.278652
-2.575511
-0.027159
0.401994
-0.074000
0.588620
0.216329
-0.418224
-0.823359
-1.245528
0.173011
0.407992
0.000000
-1.199598
-0.652635
7.660071
7.643992
7.475552
-3.382060
0.052712
1.582427
-1.861231
-1.599628
0.244973
0.285199
0.449928
0.609496
1.223095
-0.524794
-1.957165
-0.434497
0.412287
0.000000
-1.582952
-1.131951
7.538278
7.674681
8.162823
-2.288905
-0.327058
0.085912
-2.209407
-1.010295
0.737691
0.894493
0.504558
1.334518
2.055439
-0.770390
-2.208878
-0.463776
0.310218
0.000000
-2.206666
-1.681059
7.727246
7.734716
8.158445
-0.995063
-0.710632
-1.099746
-2.996784
-1.776752
0.098928
1.322013
0.640032
1.653668
2.406679
-0.220380
-1.720900
-0.368869
0.238847
0.000000
-3.026772
-2.529551
6.994027
7.254256
8.558074
-0.915597
-1.410527
-0.728108
-2.096924
-1.241773
0.552016
1.443843
0.659538
1.593567
2.142639
-0.182580
-1.879467
-0.512632
0.222240
0.000000
-3.500455
-2.901653
6.967247
7.141433
8.403273
-0.399025
-0.979010
-1.145904
-2.412168
-1.478227
0.761866
1.707277
0.750498
1.452879
2.094007
-0.187454
-1.663718
-0.340510
0.250238
0.000000
-3.776260
-3.216478
6.852319
7.107070
8.177965
-0.441587
-1.253457
-1.222238
-2.265924
-1.433138
0.766814
1.777574
0.767734
1.351181
1.993376
-0.272669
-1.658144
-0.202067
0.307419
0.000000
-3.799287
-3.170002
7.224870
7.271208
8.632184
-0.239265
-1.206112
-0.981250
-2.230975
-1.475511
0.690917
1.711612
0.687481
1.260916
1.893994
-0.345269
-1.575465
-0.248105
0.325796
0.000000
-3.840738
-3.218916
7.244936
7.481690
8.890174
-0.476301
-1.331139
-1.076303
-2.035813
-1.226613
0.772653
1.580275
0.584459
1.211329
1.800926
-0.481063
-1.750596
-0.343719
0.336729
0.000000
-3.489470
-2.820837
7.547479
7.767832
8.986863
-0.627025
-1.195018
-0.855659
-2.104453
-1.205471
0.727223
1.429966
0.452705
1.183531
1.830208
-0.538318
-1.822530
-0.459708
0.288182
0.000000
-3.204444
-2.534652
7.869300
8.127769
9.357737
-0.732263
-1.318037
-0.512073
-1.425910
-0.948823
0.773153
1.255710
0.285803
1.169782
1.767760
-0.702563
-1.943479
-0.456279
0.289583
0.000000
-2.979330
-2.291963
8.116593
8.398902
9.495402
-0.701332
-1.190474
-0.543917
-1.787821
-0.986997
0.647003
1.233610
0.224399
1.130578
1.873757
-0.674192
-1.871283
-0.462274
0.269753
0.000000
-2.824680
-2.130520
8.241158
8.562205
9.811223
-0.848593
-1.603638
-0.052735
-1.122604
-0.745235
0.704684
1.138255
0.086335
1.069390
1.814302
-0.750086
-1.923955
-0.465647
0.266099
0.000000
-2.986360
-2.288298
8.454162
8.834985
9.747765
-0.924027
-1.485368
-0.214157
-1.273593
-0.906555
0.700059
1.134295
0.094971
0.968422
1.749080
-0.870202
-1.855453
-0.374198
0.300667
0.000000
-2.738074
-2.014934
8.591468
8.862710
9.003561
-0.669173
-1.609940
0.012045
-1.203080
-0.803436
0.690413
1.038307
-0.005921
0.902315
1.680421
-1.002422
-1.896209
-0.336868
0.288311
0.000000
-2.573755
-1.850896
8.832376
9.196619
9.648552
-1.052689
-1.405949
0.272228
-1.179076
-0.951365
0.695169
0.922915
-0.096368
0.865877
1.700755
-1.060905
-1.892291
-0.376758
0.284625
0.000000
-2.399395
-1.666928
9.063201
9.310486
9.577250
-1.305303
-1.304419
0.505165
-1.004207
-0.835309
0.699480
0.855294
-0.202893
0.841696
1.645482
-0.920158
-1.947352
-0.562829
0.213291
0.000000
-2.394841
-1.658224
8.878520
9.417926
10.185145
-1.535557
-1.627190
0.338765
-0.705102
-0.634732
1.055883
1.007460
-0.216320
0.714033
1.717362
-1.174985
-1.968135
-0.243796
0.226380
0.000000
-2.513905
-1.758388
9.656159
9.664862
10.029381
-0.593496
-1.090975
-0.082479
-1.482235
-1.107388
0.430669
0.838158
-0.205927
0.685170
1.573691
-1.037365
-1.771161
-0.374622
0.293816
0.000000
-2.108904
-1.411242
9.176091
9.509680
10.074502
-1.839943
-1.435521
0.871977
-0.510866
-0.585945
1.266079
0.779904
-0.377341
0.573834
1.500293
-1.289352
-2.068812
-0.454716
0.211129
0.000000
-2.168441
-1.402745
9.563066
9.839905
9.949618
-1.258052
-0.994211
0.142143
-1.092719
-0.903780
0.608455
0.697253
-0.375614
0.582226
1.477285
-1.176026
-1.828115
-0.426293
0.232806
0.000000
-1.943655
-1.177716
9.520801
10.011987
10.244640
-1.676054
-1.348405
0.909783
-0.555133
-0.582260
1.174584
0.765444
-0.490106
0.377292
1.453464
-1.174504
-2.003702
-0.560538
0.156581
0.000000
-2.057108
-1.251492
9.599652
10.190016
9.629116
-2.210920
-1.286423
0.217616
-0.088572
-0.607240
1.249207
0.809907
-0.450099
0.364043
1.300550
-1.143642
-1.936018
-0.572131
0.168914
0.000000
-2.203174
-1.395638
9.604828
10.052909
9.165358
-2.099389
-1.279821
0.737385
-0.483253
-0.645031
1.262942
0.758775
-0.427089
0.457424
1.318531
-1.429707
-2.013815
-0.381026
0.184086
0.000000
-1.999756
-1.200316
9.897042
10.139389
10.387533
-1.098314
-0.747333
1.292220
-1.308097
-0.964610
0.459830
0.742347
-0.461362
0.237175
1.418869
-0.907216
-2.061852
-0.640106
0.264570
0.000000
-2.017048
-1.196923
9.619718
10.314647
9.366652
-1.497670
-2.370246
2.121606
0.206202
-0.315031
1.538306
0.964918
-0.560976
-0.023792
1.069212
-1.150651
-2.190058
-0.820419
0.257063
0.000000
-2.465392
-1.551727
9.815918
10.342022
10.294595
-1.099563
-1.715376
2.131101
-0.620959
-0.693780
0.754431
0.908888
-0.472050
0.160133
1.070819
-1.098256
-2.035581
-0.717110
0.220816
0.000000
-2.066108
-1.163540
9.649555
10.284235
9.621198
-0.410420
-1.771988
1.193498
-0.332424
-0.512699
1.254033
0.811435
-0.599604
0.036968
1.138215
-1.131966
-2.221350
-0.882085
0.163579
0.000000
-1.768483
-0.943776
9.557542
10.296611
9.594116
-1.074370
-1.767246
1.726144
-0.088593
-0.380485
1.463318
0.874034
-0.606853
0.007927
1.073676
-1.215364
-2.263143
-0.685767
0.202195
0.000000
-2.037501
-1.176623
10.041275
10.438634
10.221999
-1.710546
-1.731621
0.898682
-0.537045
-0.640431
0.949213
0.835202
-0.580693
0.387637
1.272406
-1.004067
-2.122405
-1.094867
0.229446
0.000000
-1.584517
-0.942516
8.986536
9.921240
8.224125
-1.836242
-2.621768
2.467163
0.922789
0.116587
1.894786
1.229456
-0.570612
-0.089911
1.138258
-1.276719
-2.364140
-0.958447
0.218962
0.000000
-2.414653
-1.471118
10.524190
10.704474
11.182899
-1.066403
-0.678174
0.889648
-1.147408
-1.151126
0.676446
0.836354
-0.494987
-0.107466
0.907195
-1.146659
-1.913051
-0.549741
0.245408
0.000000
-1.542071
-0.713258
9.991680
10.709256
8.832275
-1.167767
-1.604337
1.967093
-0.138344
-0.400400
1.181933
0.648590
-0.677070
-0.075193
1.017911
-1.249946
-2.400108
-0.983047
0.091507
0.000000
-1.372627
-0.562076
9.688417
10.255639
9.226317
-1.251163
-2.015005
1.511146
0.342379
-0.164230
1.713666
0.993240
-0.664114
-0.173826
1.147056
-1.196572
-2.308805
-0.725763
0.186036
0.000000
-2.196177
-1.317807
10.434361
10.762087
10.634012
-1.953734
-1.828687
1.563634
-0.606397
-0.716073
1.052934
0.967296
-0.460365
0.290849
1.258377
-1.011413
-2.140993
-1.009647
0.239652
0.000000
-1.505670
-0.746422
9.258725
10.188149
8.267993
-1.903104
-2.481265
2.468184
1.067966
-0.049405
1.933673
1.166766
-0.572788
-0.107183
0.888951
-1.377757
-2.276181
-1.090263
0.100703
0.000000
-2.186626
-1.220151
10.244197
10.661324
10.783798
-1.542506
-0.651999
1.912032
-0.987110
-1.001250
0.702319
0.870761
-0.513548
-0.004179
0.920022
-1.187316
-2.042300
-0.822520
0.153859
0.000000
-1.483175
-0.679819
9.749748
10.381764
9.124972
-1.075155
-1.607127
0.655244
-0.047771
-0.322384
1.577711
0.827920
-0.672454
-0.112506
1.013825
-1.211903
-2.378473
-1.027877
0.084888
0.000000
-1.521172
-0.679571
9.830639
10.601670
9.419874
-1.458449
-1.977136
2.003922
0.271424
-0.265602
1.634595
0.966012
-0.667839
-0.202453
1.059391
-1.239198
-2.270698
-0.655951
0.189505
0.000000
-2.173463
-1.303279
10.322169
10.822551
10.601020
-0.827887
-1.530767
2.143714
-0.279554
-0.817979
0.578528
0.830837
-0.607708
-0.112611
0.994250
-1.044337
-1.915144
-0.775658
0.199126
0.000000
-1.815556
-0.928281
