-0.000069
0.000695
0.002861
0.006323
0.011071
0.017136
0.024588
0.033391
0.043231
0.054188
0.066405
0.079698
0.094193
0.109921
0.126743
0.144439
0.162575
0.180734
0.198766
0.216418
0.233463
0.250274
0.266707
0.283067
0.299228
0.314976
0.330384
0.345560
0.360526
0.375164
0.389571
0.403832
0.418090
0.432462
0.447082
0.462087
0.477821
0.494500
0.512240
0.531161
0.550983
0.572250
0.594717
0.618593
0.643784
0.670348
0.698171
0.726361
0.754550
0.782627
0.810142
0.836596
0.862466
0.888485
0.914964
0.941558
0.967534
0.992988
1.017801
1.041992
1.065443
1.087950
1.109903
1.132177
1.155928
1.179295
1.202398
1.225217
1.247726
1.270194
1.293406
1.317257
1.341046
-0.000066
-0.000401
0.000087
0.001989
0.005264
0.009925
0.015988
0.023333
0.031707
0.041268
0.051940
0.063588
0.076259
0.090057
0.104983
0.120765
0.136640
0.152660
0.168941
0.185170
0.200954
0.216612
0.232177
0.247662
0.263034
0.278205
0.293104
0.307704
0.322343
0.336975
0.351754
0.366632
0.381516
0.396431
0.411285
0.426006
0.440894
0.455863
0.470608
0.484622
0.497117
0.508197
0.518210
0.527513
0.537530
0.548169
0.558675
0.568465
0.577244
0.584490
0.590523
0.596181
0.601504
0.606342
0.610754
0.614598
0.618375
0.621824
0.624547
0.627466
0.631676
0.637037
0.642661
0.648683
0.654838
0.660941
0.667530
0.674880
0.682720
0.690142
0.696278
0.701593
0.706525
0.710683
0.714939
0.719717
0.724821
0.730076
0.735389
0.740659
0.746041
0.751755
0.758270
0.765956
0.774656
0.784329
0.794162
0.803895
0.813376
0.822991
0.833032
0.843047
0.852698
0.862022
0.871239
0.880122
0.888673
0.897442
0.906213
0.914595
0.922847
0.931414
0.940581
0.950445
0.961237
0.972934
0.985444
0.997925
1.009814
1.021654
1.033609
1.045955
1.058700
1.071616
1.083971
1.095433
1.106171
1.116623
1.126734
1.136458
1.146055
1.155829
1.166019
1.177031
1.189003
1.201800
1.215067
1.228160
1.240554
1.252604
1.264701
1.277120
1.289875
1.302634
1.314451
1.325154
1.335271
1.345320
1.355084
1.364526
1.373813
1.383204
1.393120
1.403817
1.415507
1.427957
1.440876
1.454030
1.466714
1.478847
1.491140
1.503622
1.516364
1.529250
1.541990
1.553572
1.563985
1.573949
1.583828
1.593347
1.602683
1.612000
1.621677
1.631974
1.643081
1.655142
1.667941
1.681084
1.694436
1.707458
1.719861
1.732202
1.745140
1.758371
1.771812
1.785180
1.797892
1.809440
1.820258
1.830738
1.840894
1.850918
1.860974
1.871271
1.882138
1.893684
1.906068
1.918934
1.931933
1.945194
1.958001
1.970185
1.982453
1.995125
2.007962
2.021074
2.034039
2.045943
2.056186
2.066025
2.075822
2.085346
2.094809
2.104358
2.114117
2.124295
2.135103
2.146820
2.159162
2.171666
2.184410
2.196864
2.208774
2.220782
2.233094
2.245718
2.258573
2.271380
2.283536
2.294459
2.304627
2.314563
2.324235
2.333829
2.343529
2.353482
2.363940
2.375127
2.387197
2.399878
2.412773
2.425768
2.438183
2.450359
2.462582
2.475130
2.487972
2.500847
2.513354
2.524271
2.533892
2.543331
2.552554
2.561524
2.570470
2.579448
2.588738
2.598549
2.609312
2.621039
2.633389
2.646005
2.658692
2.670944
2.682688
2.694411
2.706377
2.718578
2.730817
2.742802
2.753566
2.763495
2.773176
2.782642
2.791844
2.801024
2.810342
2.820055
2.830349
2.841642
2.853712
2.866384
2.879030
2.891287
2.902727
2.914165
2.925638
2.937228
2.948935
2.960504
2.971184
2.981079
2.990911
3.000709
3.010153
3.019385
3.028705
3.038408
3.048651
3.059907
3.072116
3.085110
3.098360
3.111165
3.123095
3.134872
3.146791
3.159080
3.171660
3.184108
3.195472
3.205924
3.216181
3.226346
3.236175
3.245902
3.255661
3.265672
3.276242
3.287751
3.300164
3.313144
3.326055
3.338489
3.350007
3.361520
3.373196
3.385134
3.397242
3.409168
3.420033
3.430039
3.439950
3.449854
3.459431
3.468845
3.478334
3.488155
3.498558
3.510007
3.522465
3.535575
3.548755
3.561288
3.572964
3.584429
3.595978
3.607853
3.619951
3.631876
3.642807
3.652926
3.662953
3.673020
3.682771
3.692449
3.702180
3.712176
3.722707
3.734233
3.746700
3.759776
3.772918
3.785590
3.797324
3.808819
3.820362
3.832188
3.844240
3.856148
3.867111
3.877263
3.887310
3.897417
3.907203
3.916832
3.926515
3.936528
3.947077
3.958619
3.971084
3.984333
3.997666
4.010555
4.022506
4.034289
4.046166
4.058381
4.070863
4.083221
4.094547
4.104984
4.115285
4.125583
4.135538
4.145365
4.155237
4.165379
4.176075
4.187749
4.200327
4.213530
4.226789
4.239635
4.251644
4.263519
4.275463
4.287701
4.300178
4.312515
4.323904
4.334491
4.344861
4.355152
4.365117
4.374882
4.384733
4.394947
4.405741
4.417561
4.430323
4.443818
4.457441
4.470622
4.482913
4.494942
4.507111
4.519621
4.532413
4.545072
4.556719
4.567569
4.578115
4.588525
4.598561
4.608417
4.618280
4.628429
4.639064
4.650611
4.663074
4.676337
4.689810
4.702868
4.715190
4.727252
4.739568
4.752220
4.765111
4.777858
4.789531
4.800280
4.810716
4.821083
4.831087
4.840906
4.850711
4.860770
4.871356
4.882904
4.895417
4.908735
4.922231
4.935363
4.947669
4.959674
4.971811
4.984217
4.996859
5.009365
5.020886
5.031604
5.042000
5.052238
5.062072
5.071704
5.081340
5.091290
5.101779
5.113257
5.125752
5.139059
5.152693
5.166065
5.178737
5.190973
5.203258
5.215736
5.228486
5.241164
5.252893
5.263879
5.274484
5.284893
5.294852
5.304566
5.314221
5.324172
5.334573
5.345817
5.358104
5.371218
5.384742
5.398281
5.411315
5.424151
5.437004
5.450236
5.463853
5.477469
5.490260
5.501912
5.512881
5.523501
5.533737
5.543702
5.553606
5.563616
5.574095
5.585228
5.597301
5.610158
5.623469
5.636924
5.650007
5.662652
5.675505
5.688561
5.701913
5.715396
5.728729
5.740908
5.751933
5.762406
5.772637
5.782531
5.792288
5.802036
5.812076
5.822631
5.833956
5.846303
5.859451
5.872932
5.886499
5.899681
5.912432
5.925276
5.938347
5.951766
5.965332
5.978798
5.991327
6.002861
6.013703
6.024072
6.034095
6.043999
6.053952
6.064200
6.074977
6.086561
6.099095
6.112142
6.125369
6.138740
6.151546
6.164188
6.176857
6.189766
6.203001
6.216233
6.228906
6.240077
6.250290
6.260357
6.270226
6.279852
6.289444
6.299090
6.309009
6.319428
6.330777
6.342937
6.355624
6.368523
6.381321
6.393671
6.405699
6.417927
6.430434
6.443215
6.455943
6.467791
6.478440
6.488474
6.498282
6.507782
6.517107
6.526414
6.535907
6.545842
6.556611
6.568383
6.580940
6.593876
6.606843
6.619442
6.631523
6.643589
6.655736
6.668180
6.680583
6.692289
6.702731
6.712521
6.722386
6.732021
6.741392
6.750710
6.760074
6.769812
6.780229
6.791654
6.803863
6.816587
6.829426
6.842036
6.854291
6.866396
6.878684
6.891187
6.903775
6.916163
6.927410
6.937704
6.947776
6.957774
6.967469
6.977037
6.986613
6.996451
7.006793
7.018132
7.030417
7.043440
7.056653
7.069768
7.082178
7.094253
7.106379
7.118702
7.131271
7.143755
7.155196
7.165678
7.175775
7.185694
7.195261
7.204681
7.214073
7.223654
7.233676
7.244617
7.256545
7.269267
7.282295
7.295331
7.307754
7.319643
7.331506
7.343454
7.355696
7.367883
7.379285
7.389582
7.399394
7.409262
7.418797
7.428140
7.437460
7.446901
7.456717
7.467321
7.478879
7.491173
7.503936
7.516669
7.529037
7.540884
7.552758
7.564779
7.577056
7.589303
7.600893
7.611191
7.620832
7.630680
7.640303
7.649641
7.658882
7.668225
7.677875
7.688182
7.699476
7.711543
7.724202
7.736960
7.749527
7.761621
7.773664
7.785892
7.798392
7.810968
7.823123
7.834006
7.844054
7.854127
7.864030
7.873620
7.883055
7.892556
7.902350
7.912712
7.924060
7.936248
7.949042
7.961915
7.974615
7.986693
7.998688
8.010818
8.023251
8.035797
8.048008
8.059003
8.069174
8.079329
8.089324
8.099031
8.108615
8.118242
8.128175
8.138728
8.150349
8.162880
8.176012
8.189117
8.201785
8.213732
8.225606
8.237507
8.249700
8.261995
8.273988
8.284933
8.295149
8.305431
8.315578
8.325452
8.335271
8.345187
8.355359
8.366096
8.377885
8.390583
8.403920
8.417408
8.430138
8.442039
8.453675
8.465355
8.477324
8.489441
8.501389
8.512322
8.522483
8.532715
8.542987
8.552993
8.562969
8.573028
8.583331
8.594134
8.605892
8.618450
8.631746
8.645365
8.658179
8.670050
8.681744
8.693521
8.705627
8.717936
8.730043
8.740881
8.750811
8.760851
8.771015
8.780917
8.790708
8.800575
8.810702
8.821452
8.833062
8.845531
8.858788
8.872360
8.885202
8.897060
8.908719
8.920449
8.932522
8.944793
8.956851
8.967664
8.977625
8.987698
8.997869
9.007818
9.017683
9.027629
9.037868
9.048753
9.060551
9.073250
9.086747
9.100450
9.113322
9.125244
9.136971
9.148773
9.160899
9.173174
9.185207
9.196074
9.206112
9.216306
9.226597
9.236640
9.246636
9.256731
9.267077
9.278055
9.289898
9.302573
9.315999
9.329679
9.342528
9.354495
9.366344
9.378181
9.390281
9.402524
9.414540
9.425384
9.435390
9.445584
9.455869
9.465905
9.475873
9.485962
9.496370
9.507463
9.519464
9.532341
9.545971
9.559744
9.572856
9.585054
9.597022
9.609074
9.621429
9.633946
9.646232
9.657457
9.667896
9.678362
9.688899
9.699230
9.709467
9.719755
9.730268
9.741361
9.753437
9.766382
9.780088
9.794168
9.807494
9.819765
9.831841
9.843977
9.856332
9.868840
9.880899
9.891868
9.902044
9.912258
9.922667
9.932834
9.942912
9.953057
9.963439
9.974371
9.986207
9.998864
10.012288
10.025941
10.039175
10.051742
10.064248
10.076735
10.089367
10.102176
10.114850
10.126643
10.137642
10.148517
10.159518
10.170253
10.180770
10.191358
10.202240
10.213673
10.226107
10.239478
10.253834
10.268344
10.282440
10.295769
10.309073
10.322525
10.336272
10.350238
10.363955
10.376558
10.388277
10.399853
10.411459
10.422766
10.433940
10.445135
10.456551
10.468532
10.481446
10.495213
10.509603
10.524094
10.538159
10.551410
10.564597
10.577872
10.591376
10.605069
10.618539
10.631041
10.642776
10.654266
10.665680
10.676838
10.687838
10.698915
10.710323
10.722314
10.735282
10.749191
10.763864
10.778596
10.792904
10.806332
10.819623
10.833025
10.846725
10.860614
10.874237
10.886850
10.898679
10.910310
10.921911
10.933239
10.944475
10.955762
10.967292
10.979398
10.992437
11.006411
11.021008
11.035688
11.049808
11.063079
11.076342
11.089708
11.103318
11.117077
11.130618
11.143144
11.154858
11.166454
11.178133
11.189547
11.200856
11.212202
11.223828
11.236020
11.249126
11.263119
11.277748
11.292477
11.306753
11.320066
11.333315
11.346631
11.360191
11.373935
11.387444
11.400015
11.411830
11.423409
11.434984
11.446308
11.457518
11.468778
11.480367
11.492531
11.505644
11.519655
11.534327
11.549107
11.563433
11.576914
11.590308
11.603802
11.617572
11.631529
11.645222
11.657941
11.669900
11.681653
11.693419
11.704917
11.716307
11.727750
11.739455
11.751752
11.764988
11.779156
11.793932
11.808772
11.823133
11.836573
11.849978
11.863483
11.877230
11.891119
11.904780
11.917457
11.929360
11.941105
11.952897
11.964440
11.975881
11.987361
11.999115
12.011471
12.024765
12.038927
12.053688
12.068509
12.082853
12.096320
12.109740
12.123236
12.136971
12.150862
12.164518
12.177269
12.189300
12.201145
12.212994
12.224583
12.236066
12.247597
12.259420
12.271852
12.285214
12.299500
12.314389
12.329288
12.343700
12.357248
12.370744
12.384382
12.398248
12.412244
12.425920
12.438558
12.450438
12.462193
12.474012
12.485580
12.497014
12.508488
12.520274
12.532701
12.546105
12.560334
12.575106
12.589869
12.604142
12.617537
12.630905
12.644352
12.658010
12.671785
12.685327
12.698035
12.710085
12.721985
12.733914
12.745592
12.757169
12.768795
12.780713
12.793253
12.806725
12.821063
12.835946
12.850805
12.865156
12.878475
12.891876
12.905447
12.919215
12.933104
12.946777
12.959509
12.971456
12.983335
12.995293
13.006964
13.018515
13.030083
13.041943
13.054439
13.067892
13.082157
13.096922
13.111720
13.125944
13.139606
13.153183
13.166888
13.180718
13.194668
13.208447
13.221421
13.233702
13.245813
13.257882
13.269677
13.281267
13.292930
13.304984
13.317715
13.331363
13.345856
13.360956
13.375902
13.390302
13.403922
13.417480
13.431377
13.445610
13.459941
13.473836
13.486611
13.498633
13.510561
13.522505
13.534160
13.545687
13.557166
13.568976
13.581464
13.594931
13.609160
13.623860
13.638633
13.652880
13.666314
13.679630
13.693121
13.706741
13.720486
13.734018
13.746719
13.758790
13.770650
13.782622
13.794293
13.805789
13.817279
13.829203
13.841684
13.855007
13.869167
13.884123
13.899175
13.913694
13.927545
13.941152
13.955057
13.969191
13.983439
13.997082
14.009537
14.021228
14.032712
14.044457
14.055938
14.067202
14.078343
14.089710
14.101637
14.114470
14.128191
14.142608
14.157222
14.171293
14.184872
14.198297
14.211894
14.225704
14.239665
14.253496
14.266306
14.278170
14.289693
14.301325
14.312688
14.323789
14.334783
14.345998
14.357738
14.370363
14.383997
14.398410
14.413172
14.427606
14.441448
14.455045
14.468752
14.482708
14.496878
14.510931
14.523972
14.536103
14.547842
14.559554
14.570964
14.582121
14.593190
14.604463
14.616326
14.629086
14.642849
14.657354
14.672152
14.686888
14.700953
14.714828
14.728683
14.742748
14.757066
14.771307
14.784574
14.796784
14.808500
14.820149
14.831551
14.842665
14.853654
14.864742
14.876381
14.888815
14.902294
14.916577
14.931313
14.946209
14.960712
14.974913
14.989118
15.003505
15.018147
15.032839
15.047215
15.060396
15.072683
15.084725
15.096685
15.108345
15.119844
15.131287
15.143110
15.155600
15.169065
15.183374
15.198235
15.213223
15.227801
15.241751
15.255410
15.269213
15.283112
15.297132
15.311039
15.324026
15.336275
15.348248
15.360097
15.371614
15.382969
15.394330
15.406059
15.418355
15.431623
15.445853
15.460884
15.476015
15.490828
15.504833
15.518598
15.532532
15.546665
15.560984
15.575131
15.588356
15.600925
15.613182
15.625322
15.637136
15.648778
15.660427
15.672389
15.684904
15.698350
15.712730
15.727876
15.743069
15.757835
15.771848
15.785638
15.799685
15.814028
15.828573
15.842909
15.856294
15.868990
15.881368
15.893626
15.905557
15.917333
15.929099
15.941161
15.953793
15.967339
15.981782
15.997048
16.012350
16.027164
16.041218
16.054995
16.069000
16.083216
16.097576
16.111681
16.124693
16.136887
16.148855
16.160954
16.172762
16.184435
16.196081
16.207954
16.220377
16.233734
16.248075
16.263056
16.278189
16.292894
16.306633
16.320240
16.333988
16.347902
16.362000
16.375925
16.388998
16.401421
16.413597
16.425854
16.437799
16.449570
16.461325
16.473448
16.486084
16.499607
16.514032
16.529247
16.544727
16.559744
16.574076
16.588148
16.602493
16.617178
16.632084
16.646832
16.660507
16.673279
16.685694
16.698036
16.710043
16.721876
16.733690
16.745789
16.758467
16.772060
16.786587
16.801859
16.817209
16.832102
16.846331
16.860239
16.874290
16.888514
16.902912
16.917107
16.930414
16.943075
16.955420
16.967606
16.979460
16.991163
17.002878
17.014904
17.027489
17.041027
17.055536
17.070883
17.086332
17.101377
17.115524
17.129436
17.143559
17.157894
17.172382
17.186638
17.199818
17.212175
17.224291
17.236523
17.248466
17.260283
17.272060
17.284067
17.296608
17.310083
17.324533
17.339533
17.354719
17.369423
17.383310
17.396988
17.410810
17.424803
17.438982
17.453011
17.466133
17.478518
17.490654
17.502949
17.514927
17.526745
17.538536
17.550728
17.563452
17.577038
17.591503
17.606750
17.622326
17.637506
17.652082
17.666391
17.680914
17.695723
17.710815
17.725792
17.739796
17.753027
17.765779
17.778212
17.790291
17.802128
17.814001
17.826168
17.838943
17.852674
17.867390
17.882915
17.898783
17.914284
17.929127
17.943581
17.958237
17.973093
17.988176
18.003107
18.017000
18.030169
18.042974
18.055595
18.067816
18.079817
18.091763
18.103872
18.116488
18.129894
18.144218
18.159294
18.174723
18.189762
18.204172
18.218388
18.232702
18.247231
18.261955
18.276611
18.290253
18.302900
18.315136
18.327518
18.339617
18.351454
18.363171
18.375174
18.387686
18.401045
18.415371
18.430498
18.445923
18.461521
18.476603
18.491415
18.506310
18.521481
18.536955
18.552410
18.566862
18.580215
18.592985
18.605482
18.617647
18.629501
18.641184
18.653000
18.665335
18.678406
18.692453
18.707302
18.722475
18.737839
18.752752
18.767303
18.782303
18.797691
18.813292
18.828880
18.843857
18.857624
18.870594
18.883108
18.895292
18.907135
18.918779
18.930317
18.942278
18.954842
18.968296
18.982698
18.997795
19.013170
19.028700
19.043623
19.058367
19.073427
19.088612
19.104008
19.119396
19.134104
19.147635
19.160461
19.172913
19.185028
19.196859
19.208605
19.220381
19.232594
19.245432
19.259230
19.273838
19.288908
19.304283
19.319338
19.333975
19.348818
19.363911
19.379194
19.394609
19.409920
19.424063
19.437016
19.449373
19.461538
19.473379
19.485054
19.496710
19.508682
19.521257
19.534729
19.549198
19.564363
19.579676
19.595097
19.609976
19.624838
19.639814
19.655052
19.670515
19.685963
19.700497
19.714029
19.726963
19.739267
19.751122
19.762716
19.774189
19.785810
19.797937
19.810781
19.824696
19.839460
19.854683
19.870096
19.885149
19.899897
19.914942
19.930130
19.945511
19.960922
19.976049
19.989981
20.002975
20.015434
20.027567
20.039408
20.051161
20.062860
20.074871
20.087461
20.101002
20.115414
20.130386
20.145538
20.160528
20.174980
20.189095
20.203320
20.217640
20.232113
20.246450
20.259777
20.272257
20.284409
20.296333
20.307938
20.319445
20.330992
20.342831
20.355152
20.368458
20.382814
20.398018
20.413603
20.428925
20.443378
20.457615
20.471903
20.486403
20.501160
20.515806
20.529453
20.542307
20.554811
20.567225
20.579300
20.591253
20.603203
20.615396
20.628023
20.641588
20.656122
20.671577
20.687357
20.702930
20.717627
20.732138
20.746708
20.761459
20.776474
20.791405
20.805403
20.818619
20.831451
20.844133
20.856474
20.868628
20.880777
20.893255
20.906162
20.919958
20.934700
20.950315
20.966295
20.982248
20.997410
21.012337
21.027430
21.042812
21.058525
21.074106
21.088636
21.102316
21.115486
21.128304
21.140776
21.153051
21.165344
21.177889
21.190956
21.204956
21.219925
21.235703
21.251787
21.267666
21.282902
21.297831
21.312979
21.328388
21.344040
21.359549
21.373981
21.387550
21.400686
21.413471
21.425894
21.438183
21.450474
21.463009
21.476057
21.490030
21.504950
21.520639
21.536465
21.552050
21.566851
21.581413
21.596012
21.610769
21.625729
21.640556
21.654552
21.667938
21.680904
21.693588
21.705965
21.718185
21.730438
21.743036
21.756071
21.770006
21.784977
21.800791
21.816963
21.832956
21.848120
21.863049
21.878174
21.893648
21.909409
21.925014
21.939560
21.953293
21.966581
21.979616
21.992329
22.004900
22.017496
22.030338
22.043678
22.057922
22.073076
22.089083
22.105253
22.121107
22.136181
22.151005
22.165958
22.181076
22.196411
22.211592
22.225872
22.239471
22.252684
22.265669
22.278336
22.290869
22.303408
22.316263
22.329590
22.343786
22.358921
22.374891
22.391195
22.407187
22.422226
22.437107
22.452221
22.467630
22.483301
22.498814
22.513323
22.527069
22.540417
22.553541
22.566343
22.579000
22.591675
22.604609
22.618036
22.632351
22.647575
22.663610
22.679846
22.695747
22.710865
22.725777
22.740871
22.756193
22.771744
22.787127
22.801575
22.815380
22.828760
22.841894
22.854717
22.867392
22.880079
22.893106
22.906605
22.920967
22.936272
22.952419
22.968863
22.984953
23.000265
23.015316
23.030531
23.046015
23.061741
23.077259
23.091825
23.105810
23.119352
23.132557
23.145441
23.158192
23.170961
23.184008
23.197529
23.211948
23.227285
23.243462
23.259705
23.275625
23.290768
23.305704
23.320908
23.336365
23.352032
23.367456
23.381935
23.395782
23.409245
23.422451
23.435368
23.448156
23.460983
23.474052
23.487608
23.502069
23.517410
23.533665
23.550034
23.566057
23.581211
23.596165
23.611217
23.626440
23.641825
23.656967
23.671148
23.684622
23.697788
23.710968
23.723886
23.736683
23.749485
23.762505
23.776001
23.790352
23.805618
23.821745
23.838051
23.853954
23.869068
23.883995
23.899115
23.914423
23.929907
23.945204
23.959587
23.973289
23.986679
24.000063
24.013170
24.026148
24.039148
24.052504
24.066402
24.081181
24.096777
24.113094
24.129494
24.145418
24.160677
24.175835
24.191282
24.207111
24.223148
24.238937
24.253757
24.267834
24.281445
24.294842
24.307970
24.320988
24.334063
24.347460
24.361483
24.376431
24.392275
24.408777
24.425201
24.441212
24.456343
24.471361
24.486483
24.501846
24.517330
24.532532
24.546906
24.560633
24.573997
24.587231
24.600225
24.613173
24.626160
24.639402
24.653259
24.668072
24.683817
24.700098
24.716364
24.732105
24.747005
24.761864
24.776773
24.791801
24.806932
24.821804
24.836004
24.849632
24.863054
24.876505
24.889746
24.902918
24.916130
24.929625
24.943663
24.958584
24.974373
-0.000009
0.000135
0.000526
0.001832
0.004450
0.008363
0.013495
0.019650
0.026916
0.035213
0.044568
0.055103
0.066878
0.079843
0.093773
0.108065
0.122489
0.136971
0.151409
0.165816
0.180329
0.194802
0.209158
0.223458
0.237661
0.251689
0.266064
0.280708
0.295602
0.310353
0.324947
0.339465
0.353899
0.368421
0.383086
0.397688
0.412696
0.427862
0.443241
0.458655
0.474499
0.490247
0.506059
0.522057
0.538329
0.554764
0.571238
0.586923
0.601132
0.614643
0.627954
0.641049
0.654067
0.666935
0.679773
0.692993
0.707052
0.722046
0.737709
0.753798
0.770265
0.786259
0.802261
0.818645
0.835405
0.851988
0.868497
0.884303
0.899365
0.913604
0.926968
0.939929
0.952525
0.964853
0.977303
0.990242
1.003978
1.018730
1.034367
1.050552
1.066879
1.082931
1.098677
1.114498
1.130446
1.146472
1.162527
1.177926
1.191911
1.204966
1.217571
1.229908
1.241977
1.253839
1.265585
1.277626
1.290222
1.303785
1.318257
1.333391
1.348839
1.364297
1.379386
1.394426
1.409418
1.424440
1.439581
1.454702
1.469030
1.482152
1.494687
1.507272
1.519667
1.531850
1.543980
1.556357
1.569152
1.582695
1.597319
1.612816
1.628759
1.644752
1.660361
1.675435
1.690584
1.705957
1.721546
1.737132
1.751874
1.765447
1.778442
1.791561
1.804455
1.817093
1.829644
1.842294
1.855293
1.869040
1.883812
1.899419
1.915586
1.931747
1.947515
1.962816
1.978172
1.993699
2.009439
2.025207
2.040191
2.054014
2.067251
2.080606
2.093713
2.106567
2.119326
2.132218
2.145473
2.159478
2.174494
2.190385
2.206898
2.223327
2.239302
2.254802
2.270365
2.286057
2.301980
2.317915
2.333054
2.347090
2.360545
2.374061
2.387313
2.400316
2.413227
2.426243
2.439626
2.453762
2.468904
2.484910
2.501509
2.518007
2.534014
2.549598
2.565249
2.581092
2.597157
2.613216
2.628424
2.642523
2.656053
2.669648
2.683002
2.696100
2.709114
2.722190
2.735637
2.749834
2.765029
2.781063
2.797611
2.814139
2.830218
2.845788
2.861430
2.877303
2.893409
2.909523
2.924786
2.938904
2.952443
2.965996
2.979293
2.992333
3.005273
3.018289
3.031712
3.045899
3.061102
3.077157
3.093726
3.110279
3.126381
3.142066
3.157748
3.173533
3.189533
3.205529
3.220732
3.234870
3.248444
3.262005
3.275306
3.288358
3.301302
3.314320
3.327761
3.341979
3.357238
3.373354
3.389981
3.406693
3.422975
3.438831
3.454698
3.470661
3.486807
3.502967
3.518288
3.532528
3.546195
3.559827
3.573248
3.586362
3.599306
3.612270
3.625568
3.639516
3.654454
3.670282
3.686682
3.703164
3.719303
3.735293
3.751330
3.767577
3.784100
3.800631
3.816363
3.830854
3.844670
3.858289
3.871650
3.884691
3.897552
3.910403
3.923695
3.937668
3.952652
3.968538
3.984942
4.001339
4.017362
4.033237
4.049111
4.065171
4.081461
4.097682
4.113033
4.127243
4.140885
4.154256
4.167313
4.180064
4.192704
4.205307
4.218363
4.232125
4.246972
4.262748
4.279139
4.295631
4.311835
4.327722
4.343417
4.359213
4.375088
4.390980
4.406412
4.420851
4.434613
4.448231
4.461712
4.474919
4.488066
4.501242
4.514685
4.528715
4.543756
4.559746
4.576446
4.593044
4.609362
4.624932
4.640450
4.655882
4.671355
4.686907
4.702243
4.717005
4.731263
4.745145
4.758815
4.772270
4.785614
4.799050
4.812861
4.827134
4.842323
4.858490
4.875437
4.892622
4.909562
4.925722
4.941851
4.958147
4.974799
4.991667
5.008128
5.023592
5.038319
5.052660
5.066773
5.080620
5.094388
5.108124
5.122025
5.136485
5.151866
5.168157
5.185058
5.201968
5.218472
5.234321
5.250158
5.266034
5.281865
5.297731
5.313455
5.328552
5.343055
5.357272
5.371356
5.385183
5.398834
5.412560
5.426664
5.441284
5.456761
5.473132
5.490255
5.507580
5.524702
5.541123
5.557500
5.574197
5.591259
5.608526
5.625420
5.641254
5.656292
5.670883
5.685181
5.699201
5.713135
5.726993
5.741076
5.755771
5.771396
5.787890
5.804892
5.821871
5.838434
5.854191
5.869983
5.885804
5.901524
5.917222
5.932770
5.947750
5.962180
5.976394
5.990552
6.004463
6.018218
6.032033
6.046215
6.060923
6.076477
6.092896
6.110023
6.127365
6.144355
6.160727
6.177001
6.193571
6.210455
6.227512
6.244247
6.259956
6.274890
6.289436
6.303747
6.317804
6.331777
6.345681
6.359792
6.374506
6.390160
6.406698
6.423735
6.440781
6.457427
6.473348
6.489277
6.505228
6.521031
6.536778
6.552367
6.567459
6.582074
6.596414
6.610630
6.624610
6.638421
6.652311
6.666596
6.681393
6.697016
6.713509
6.730718
6.748116
6.765158
6.781714
6.798199
6.815053
6.832271
6.849618
6.866570
6.882499
6.897692
6.912429
6.926854
6.941015
6.955081
6.968990
6.983171
6.997988
7.013727
7.030364
7.047406
7.064410
7.080913
7.096816
7.112698
7.128600
7.144305
7.159875
7.175261
7.190156
7.204591
7.218805
7.232997
7.246980
7.260834
7.274758
7.289105
7.303962
7.319627
7.336138
7.353351
7.370770
7.387780
7.404073
7.420351
7.437005
7.454014
7.471160
7.487922
7.503678
7.518710
7.533398
7.547920
7.562196
7.576382
7.590471
7.604790
7.619723
7.635547
7.652237
7.669330
7.686420
7.702985
7.718971
7.734930
7.750918
7.766717
7.782388
7.797868
7.812853
7.827382
7.841714
7.856026
7.870130
7.884073
7.898094
7.912514
7.927460
7.943200
7.959777
7.977038
7.994466
8.011423
8.027905
8.044304
8.061069
8.078179
8.095372
8.112159
8.127879
8.142865
8.157521
8.172008
8.186256
8.200412
8.214416
8.228678
8.243582
8.259398
8.276109
8.293203
8.310118
8.326509
8.342348
8.358168
8.374049
8.389750
8.405304
8.420656
8.435535
8.449993
8.464261
8.478489
8.492518
8.506392
8.520346
8.534719
8.549612
8.565310
8.581861
8.599056
8.616404
8.633305
8.649712
8.666065
8.682817
8.699939
8.717142
8.733919
8.749664
8.764715
8.779417
8.793923
8.808206
8.822379
8.836370
8.850650
8.865577
8.881422
8.898136
8.915205
8.932048
8.948345
8.964153
8.979926
8.995773
9.011462
9.027023
9.042355
9.057207
9.071627
9.085858
9.100100
9.114148
9.128057
9.142046
9.156482
9.171444
9.187202
9.203800
9.221040
9.238419
9.255260
9.271558
9.287788
9.304408
9.321374
9.338441
9.355087
9.370769
9.385795
9.400471
9.414983
9.429276
9.443485
9.457545
9.471886
9.486873
9.502782
9.519618
9.536786
9.553681
9.570015
9.585793
9.601562
9.617449
9.633248
9.649004
9.664482
9.679220
9.693474
9.707524
9.721666
9.735662
9.749560
9.763464
9.777670
9.792315
9.807739
9.824040
9.841154
9.858433
9.875278
9.891538
9.907601
9.923964
9.940536
9.957157
9.973185
9.988127
10.002464
10.016606
10.030927
10.045065
10.059066
10.072974
10.087049
10.101614
10.116999
10.133256
10.150287
10.167509
10.184232
10.200469
10.216662
10.232962
10.249404
10.265909
10.282199
10.297562
10.312161
10.326521
10.340970
10.355214
10.369320
10.383405
10.397726
10.412560
10.428190
10.444686
10.461951
10.479342
10.496284
10.512683
10.528921
10.545310
10.561872
10.578565
10.594949
10.610350
10.625072
10.639477
10.653851
10.668016
10.682085
10.696139
10.710388
10.725162
10.740762
10.757286
10.774551
10.791897
10.808797
10.825089
10.841171
10.857430
10.873742
10.890121
10.906150
10.921246
10.935877
10.950252
10.964782
10.979150
10.993398
11.007603
11.021994
11.036750
11.052197
11.068482
11.085604
11.103039
11.120035
11.136339
11.152708
11.169230
11.185919
11.202760
11.219391
11.235016
11.249899
11.264464
11.279122
11.293610
11.307937
11.322187
11.336568
11.351365
11.366891
11.383256
11.400384
11.417978
11.435427
11.452154
11.468847
11.485768
11.502822
11.520018
11.537045
11.553002
11.567925
11.582386
11.596961
11.611476
11.625764
11.639894
11.654056
11.668562
11.683756
11.699822
11.716657
11.734039
11.751434
11.768245
11.784780
11.801763
11.818879
11.836062
11.853077
11.869079
11.883941
11.898232
11.912522
11.926848
11.940900
11.954719
11.968478
11.982587
11.997362
12.013066
12.029606
12.046670
12.063958
12.080873
12.097483
12.114252
12.131437
12.148737
12.165998
12.182655
12.198101
12.212662
12.226946
12.241219
12.255232
12.268991
12.282521
12.296349
12.310773
12.326051
12.342295
12.359307
12.376529
12.393615
12.410131
12.426606
12.443170
12.459814
12.476582
12.493119
12.508650
12.523441
12.537878
12.552155
12.566190
12.580098
12.593881
12.607765
12.622184
12.637458
12.653755
12.670903
12.688260
12.705350
12.721971
12.738249
12.754643
12.770931
12.786965
12.802608
12.817462
12.831893
12.846086
12.860441
12.874677
12.888746
12.902740
12.916979
12.931593
12.946815
12.962885
12.979853
12.997278
13.014810
13.031807
13.048571
13.065742
13.083255
13.101034
13.118620
13.135449
13.151247
13.166430
13.181324
13.195997
13.210426
13.224660
13.238909
13.253656
13.269156
13.285583
13.302768
13.320409
13.338064
13.355110
13.371963
13.388869
13.405832
13.422782
13.439492
13.455174
13.470088
13.484690
13.499312
13.513865
13.528155
13.542289
13.556387
13.570812
13.585876
13.601877
13.618748
13.636169
13.653820
13.670953
13.687670
13.704668
13.721905
13.739200
13.756413
13.773147
13.788848
13.803846
13.818715
13.833596
13.848208
13.862609
13.876946
13.891633
13.906958
13.923133
13.940191
13.957824
13.975653
13.993137
14.010134
14.027023
14.044212
14.061616
14.079060
14.095920
14.111717
14.126966
14.141941
14.156763
14.171330
14.185780
14.200167
14.214727
14.229796
14.245717
14.262547
14.280127
14.297861
14.315146
14.331950
14.348591
14.365338
14.382112
14.398937
14.415414
14.430976
14.445953
14.460649
14.475417
14.490015
14.504567
14.519137
14.533908
14.549101
14.565057
14.581907
14.599561
14.617396
14.634755
14.651612
14.668286
14.685103
14.701982
14.718953
14.735535
14.751204
14.766328
14.781166
14.796102
14.810905
14.825663
14.840423
14.855366
14.870684
14.886733
14.903641
14.921323
14.939192
14.956548
14.973314
14.989994
15.006878
15.023932
15.041099
15.057944
15.073810
15.088997
15.103921
15.118982
15.133911
15.148767
15.163602
15.178600
15.194024
15.210185
15.227204
15.245004
15.262923
15.280316
15.297134
15.313896
15.330795
15.347814
15.364919
15.381711
15.397539
15.412659
15.427542
15.442569
15.457444
15.472232
15.486982
15.501926
15.517343
15.533499
15.550475
15.568191
15.586054
15.603488
15.620303
15.637068
15.654016
15.671088
15.688266
15.705127
15.720991
15.736225
15.751178
15.766262
15.781226
15.796077
15.810863
15.825769
15.841038
15.856997
15.873783
15.891398
15.909328
15.926794
15.943604
15.960539
15.977630
15.994833
16.012125
16.029137
16.045126
16.060295
16.075127
16.090143
16.105061
16.119846
16.134542
16.149336
16.164522
16.180433
16.197189
16.214758
16.232681
16.250402
16.267456
16.284494
16.301750
16.319092
16.336384
16.353352
16.369289
16.384357
16.399021
16.413809
16.428617
16.443247
16.457729
16.472233
16.487051
16.502542
16.518909
16.536057
16.553740
16.571522
16.588726
16.605640
16.622944
16.640493
16.658110
16.675491
16.692034
16.707495
16.722385
16.737234
16.752119
16.766726
16.781101
16.795452
16.810232
16.825699
16.842030
16.859215
16.876881
16.894733
16.912167
16.929129
16.946308
16.963900
16.981644
16.999228
17.015905
17.031534
17.046654
17.061605
17.076530
17.091181
17.105606
17.119841
17.134428
17.149614
17.165661
17.182598
17.200268
17.218306
17.235920
17.252985
17.270021
17.287197
17.304430
17.321602
17.338350
17.354090
17.369133
17.383898
17.398769
17.413492
17.428068
17.442566
17.457216
17.472345
17.488243
17.505081
17.522711
17.540703
17.558496
17.575663
17.592863
17.610205
17.627626
17.645012
17.662100
17.678186
17.693535
17.708538
17.723631
17.738672
17.753550
17.768320
17.783222
17.798429
17.814266
17.830931
17.848375
17.866358
17.884430
17.901882
17.919044
17.936632
17.954548
17.972601
17.990423
18.007292
18.023003
18.038122
18.053225
18.068394
18.083326
18.098032
18.112698
18.127701
18.143333
18.159815
18.177116
18.194927
18.212988
18.230644
18.247875
18.265343
18.283190
18.301201
18.319046
18.336004
18.351881
18.367157
18.382307
18.397459
18.412325
18.426922
18.441389
18.456253
18.471729
18.487989
18.505146
18.523008
18.541174
18.559105
18.576378
18.593508
18.611036
18.628658
18.646242
18.663221
18.679066
18.694416
18.709455
18.724373
18.739059
18.753572
18.767929
18.782393
18.797377
18.813103
18.829786
18.847233
18.865150
18.882975
18.900179
18.917259
18.934618
18.952034
18.969324
18.986238
19.002157
19.017401
19.032297
19.047293
19.062262
19.077053
19.091761
19.106512
19.121618
19.137424
19.154156
19.171682
19.189766
19.207924
19.225519
19.242847
19.260582
19.278454
19.296328
19.313993
19.331120
19.347263
19.362791
19.378269
19.393744
19.408998
19.424093
19.439268
19.454817
19.471003
19.487976
19.505764
19.524113
19.542391
19.560019
19.577305
19.594715
19.612371
19.630211
19.647861
19.664476
19.680227
19.695601
19.710842
19.726145
19.741280
19.756247
19.770994
19.785936
19.801413
19.817757
19.834980
19.852962
19.870998
19.888502
19.905624
19.922943
19.940292
19.957592
19.974762
19.991516
20.007313
20.022467
20.037413
20.052521
20.067465
20.082321
20.097187
20.112371
20.128019
20.144423
20.161711
20.179811
20.197996
20.215807
20.233051
20.250088
20.267405
20.284916
20.302498
20.319597
20.335716
20.351295
20.366646
20.382063
20.397354
20.412600
20.427795
20.443081
20.458807
20.475311
20.492733
20.510746
20.528610
20.546036
20.563005
20.579977
20.597166
20.614462
20.631800
20.648836
20.664944
20.680450
20.695675
20.711103
20.726475
20.741779
20.757034
20.772511
20.788298
20.804718
20.821911
20.839977
20.858370
20.876375
20.893682
20.911093
20.928791
20.946651
20.964617
20.982233
20.998755
21.014542
21.030001
21.045589
21.061108
21.076506
21.091780
21.107050
21.122667
21.138994
21.156187
21.174204
21.192471
21.210413
21.227783
21.245140
21.262808
21.280569
21.298288
21.315712
21.332123
21.347631
21.362743
21.377995
21.393269
21.408386
21.423349
21.438349
21.453646
21.469601
21.486427
21.504084
21.522243
21.540428
21.558060
21.575430
21.593235
21.611366
21.629498
21.647175
21.663816
21.679573
21.694849
21.710096
21.725416
21.740467
21.755234
21.769949
21.785036
21.800749
21.817299
21.834726
21.852682
21.870960
21.888966
21.906542
21.924143
21.942118
21.960299
21.978464
21.995895
22.012089
22.027544
22.042747
22.057890
22.072784
22.087479
22.101959
22.116739
22.132099
22.148203
22.165264
22.183170
22.201384
22.219732
22.237413
22.254841
22.272718
22.290773
22.308659
22.325891
22.342033
22.357763
22.373259
22.388651
22.403854
22.418856
22.433659
22.448431
22.463594
22.479445
22.496241
22.513853
22.532005
22.550394
22.568216
22.585762
22.603687
22.621870
22.639965
22.657612
22.674316
22.690248
22.705795
22.721294
22.736811
22.752087
22.767204
22.782372
22.797876
22.813995
22.830929
22.848713
22.866999
22.885530
22.903774
22.921562
22.939514
22.957891
22.976532
22.995060
23.012777
23.029310
23.045177
23.060892
23.076603
23.092049
23.107264
23.122318
23.137743
23.153780
23.170580
23.188263
23.206667
23.225361
23.243752
23.261503
23.279253
23.297281
23.315403
23.333256
23.350222
23.366154
23.381872
23.397350
23.412718
23.427866
23.442818
23.457670
23.472649
23.488073
23.504196
23.521257
23.539154
23.557354
23.575809
23.593798
23.611599
23.629726
23.648102
23.666676
23.684961
23.702147
23.718048
23.733471
23.748936
23.764360
23.779568
23.794474
23.809362
23.824656
23.840656
23.857624
23.875418
23.893665
23.911829
23.929565
23.947033
23.964817
23.982784
24.000536
24.017920
24.035002
24.051311
24.067009
24.082584
24.098265
24.113766
24.129086
24.144503
24.160303
24.176601
24.193628
24.211494
24.230000
24.248722
24.267025
24.284784
24.302624
24.320843
24.339287
24.357681
24.375240
24.391966
24.408340
24.424362
24.440212
24.455877
24.471411
24.486725
24.502295
24.518414
24.535336
24.553104
24.571619
24.590256
24.608269
24.625811
24.643459
24.661165
24.678860
24.696383
24.713316
24.729279
24.744808
24.760128
24.775543
24.790857
24.806061
24.821230
24.836521
24.852156
24.868467
24.885727
24.903841
24.922365
24.940649
24.958290
24.975904
24.993963
25.012232
25.030384
25.047932
25.064413
25.080387
25.096048
25.111763
25.127398
25.142895
25.158243
25.173609
25.189358
25.205858
25.223276
25.241482
25.260157
25.278608
25.296440
25.314127
25.332184
25.350424
25.368721
25.386711
25.403656
25.419653
25.435244
25.450939
25.466644
25.482178
25.497604
25.513029
25.528803
25.545244
25.562561
25.580700
25.599323
25.617928
25.635952
25.653690
25.671869
25.690298
25.708551
25.726280
25.743092
25.759266
25.775095
25.790840
25.806597
25.822115
25.837414
25.852722
25.868357
25.884575
25.901606
25.919516
25.937920
25.956583
25.975046
25.993086
26.011189
26.029762
26.048611
26.067354
26.085302
26.101969
26.117903
26.133600
26.149252
26.164677
26.179804
26.194750
26.210070
26.225956
26.242664
26.260269
26.278622
26.297377
26.315834
26.333761
26.351587
26.369720
26.387833
26.405497
26.422293
26.438173
26.453772
26.469118
26.484493
26.499725
26.514751
26.529665
26.544706
26.560205
26.576422
26.593615
26.611683
26.630177
26.648998
26.667433
26.685574
26.704018
26.722775
26.741705
26.760433
26.778227
26.794718
26.810549
26.826328
26.842054
26.857573
26.872807
26.887947
26.903435
26.919582
26.936724
26.954706
26.973257
26.991972
27.010250
27.028204
27.046434
27.064953
27.083340
27.101164
27.118143
27.134281
27.149979
27.165442
27.181009
27.196365
27.211418
27.226501
27.241917
27.257895
27.274624
27.292267
27.310638
27.329250
27.348080
27.366489
27.384706
27.403282
27.422146
27.441267
27.460125
27.477913
27.494419
27.510439
27.526472
27.542290
27.557783
27.572901
27.588049
27.603636
27.619883
27.637127
27.655151
27.673473
27.691746
27.709625
27.727327
27.745428
27.763668
27.781649
27.799126
27.815884
27.831911
27.847504
27.863035
27.878736
27.894266
27.909580
27.924973
27.940660
27.956818
27.973743
27.991564
28.010056
28.028732
28.047190
28.065153
28.083195
28.101835
28.120811
28.139730
28.157831
28.174738
28.191015
28.206930
28.222696
28.238281
28.253565
28.268621
28.283981
28.299896
28.316635
28.334299
28.352789
28.371710
28.390388
28.408529
28.426535
28.444838
28.463196
28.481256
28.498585
28.514936
28.530886
28.546570
28.562323
28.577921
28.593378
28.608761
28.624231
28.640127
28.656746
28.674318
28.692755
28.711548
28.730501
28.748859
28.767012
28.785576
28.804356
28.823090
28.841387
28.858620
28.875090
28.891193
28.907331
28.923433
28.939371
28.955145
28.970852
28.986897
29.003599
29.021231
29.039669
29.058664
29.077539
29.095877
29.113987
29.132458
29.151012
29.169319
29.187243
29.204727
29.221354
29.237419
29.253443
29.269585
29.285570
29.301428
29.317404
29.333698
29.350569
29.368200
29.386705
29.405834
29.424967
29.443527
29.461710
29.480173
29.498901
29.517731
29.536186
29.553583
29.570210
29.586506
29.602684
29.618881
29.634956
29.650906
29.666662
29.682653
29.699198
29.716646
29.734951
29.753889
29.772762
29.791096
29.809093
29.827370
29.845741
29.864052
29.882238
29.900059
29.917009
29.933353
29.949518
29.965767
29.981915
29.997995
30.014122
30.030449
30.047245
30.064812
30.083263
30.102476
30.121698
30.140434
30.158688
30.176916
30.195349
30.213768
30.231852
30.249063
30.265574
30.281809
30.297909
30.314074
30.330160
30.346184
30.362181
30.378304
30.394871
30.412199
30.430422
30.449329
30.468599
30.487577
30.505959
30.524504
30.543356
30.562397
30.581316
30.599319
30.616304
30.632977
30.649416
30.665735
30.681875
30.697926
30.713833
30.729837
30.746269
30.763399
30.781443
30.800249
30.819462
30.838533
30.856962
30.875340
30.894154
30.913225
30.932056
30.950079
30.967049
30.983656
30.999994
31.016277
31.032406
31.048351
31.064215
31.080149
31.096470
31.113434
31.131264
31.149948
31.168947
31.188158
31.206816
31.225206
31.244005
31.263079
31.282137
31.300629
31.317993
31.334509
31.350653
31.366796
31.382929
31.398884
31.414509
31.430077
31.446018
31.462603
31.480145
31.498526
31.517467
31.536493
31.554985
31.573233
31.591854
31.610540
31.628931
31.646814
31.664082
31.680565
31.696602
31.712616
31.728731
31.744711
31.760559
31.776508
31.792795
31.809635
31.827251
31.845760
31.864815
31.884115
31.903027
31.921452
31.940193
31.959408
31.978746
-0.000017
-0.000245
-0.001355
-0.002195
-0.001780
-0.000100
0.002485
0.005701
0.009336
0.013398
0.018296
0.024331
0.031218
0.038397
0.045618
0.052896
0.060190
0.067407
0.074546
0.081717
0.088890
0.096110
0.103485
0.110981
0.118569
0.126405
0.134243
0.142265
0.150624
0.158986
0.167517
0.176138
0.185442
0.195467
0.206367
0.218442
0.231688
0.245202
0.258524
0.271730
0.285078
0.298573
0.312106
0.325632
0.339180
0.352741
0.366228
0.379337
0.392265
0.405481
0.418719
0.431818
0.444775
0.457917
0.471714
0.486501
0.502438
0.519258
0.536608
0.553960
0.571245
0.588777
0.606376
0.623584
0.639818
0.654813
0.669098
0.683064
0.697192
0.711289
0.725212
0.738966
0.752886
0.767218
0.782276
0.798469
0.815743
0.833818
0.852106
0.870241
0.888133
0.906332
0.924639
0.942684
0.959884
0.975950
0.991096
1.005896
1.020686
1.035252
1.049657
1.063919
1.078141
1.092770
1.108058
1.124504
1.142126
1.160725
1.179683
1.198870
1.217630
1.236449
1.255332
1.274132
1.292923
1.311545
1.329300
1.346320
1.362907
1.379115
1.395104
1.411075
1.426968
1.442795
1.458998
1.476155
1.494521
1.513513
1.532351
1.550908
1.568890
1.586796
1.604816
1.622652
1.640082
1.656947
1.673385
1.689395
1.705022
1.720721
1.736577
1.752527
1.768582
1.784861
1.801405
1.818499
1.836419
1.855395
1.875095
1.894612
1.913523
1.932452
1.951616
1.970963
1.990383
2.009440
2.027495
2.044940
2.061980
2.079125
2.096202
2.113207
2.130181
2.147104
2.164231
2.181990
2.200580
2.220002
2.239994
2.259578
2.278496
2.297430
2.316749
2.336191
2.355719
2.374999
2.393189
2.410392
2.427183
2.444095
2.460936
2.477700
2.494391
2.511093
2.528112
2.545807
2.564382
2.583812
2.603643
2.623326
2.642377
2.661405
2.680643
2.699950
2.719074
2.737648
2.755234
2.772261
2.788976
2.805745
2.822455
2.839053
2.855533
2.872002
2.888672
2.905929
2.924082
2.943185
2.962775
2.982483
3.001598
3.020506
3.039854
3.059513
3.079247
3.098555
3.116729
3.133953
3.150725
3.167518
3.184282
3.200889
3.217310
3.233656
3.250327
3.267629
3.285844
3.304923
3.324579
3.344226
3.363291
3.382099
3.401322
3.420734
3.439886
3.458381
3.475774
3.492542
3.509016
3.525455
3.541899
3.558115
3.574116
3.590156
3.606482
3.623381
3.641160
3.659869
3.679101
3.698658
3.718115
3.737189
3.756328
3.775798
3.795416
3.815040
3.834207
3.852084
3.869017
3.885684
3.902266
3.918640
3.934694
3.950602
3.966853
3.983695
4.001446
4.020135
4.039493
4.059164
4.078762
4.097962
4.117210
4.136851
4.156594
4.175828
4.193738
4.210556
4.227098
4.243342
4.259489
4.275319
4.290828
4.306190
4.321684
4.337625
4.354272
4.372005
4.390739
4.409875
4.429212
4.448530
4.467475
4.486465
4.505775
4.525253
4.544704
4.563673
4.581471
4.598503
4.615379
4.632162
4.648720
4.665125
4.681381
4.697962
4.715176
4.733383
4.752512
4.772264
4.792425
4.812468
4.831983
4.851764
4.871777
4.891593
4.910843
4.929192
4.946727
4.963945
4.980906
4.997823
5.014511
5.030917
5.047295
5.063821
5.080753
5.098373
5.116919
5.136214
5.155773
5.175424
5.194675
5.213828
5.233368
5.253152
5.273108
5.292799
5.311352
5.328702
5.345611
5.362422
5.379080
5.395537
5.411655
5.427859
5.444540
5.462011
5.480506
5.499799
5.519345
5.538699
5.557666
5.576582
5.595874
5.615167
5.634070
5.652487
5.670110
5.687051
5.703613
5.720253
5.736874
5.753338
5.769723
5.786266
5.803109
5.820531
5.838834
5.858073
5.877752
5.897578
5.916913
5.935952
5.955453
5.975323
5.995330
6.014926
6.033450
6.051043
6.068181
6.085122
6.101967
6.118707
6.135127
6.151475
6.168172
6.185493
6.203803
6.223049
6.242765
6.262101
6.280918
6.299540
6.318522
6.337574
6.356245
6.374371
6.391764
6.408575
6.425035
6.441481
6.458014
6.474438
6.490800
6.507301
6.524122
6.541409
6.559475
6.578506
6.598216
6.618237
6.638241
6.657661
6.677321
6.697483
6.717894
6.738167
6.757617
6.775995
6.793822
6.811329
6.828732
6.845949
6.862938
6.879701
6.896676
6.914128
6.932361
6.951473
6.971300
6.991573
7.011361
7.030655
7.050050
7.069728
7.089383
7.108583
7.126826
7.144202
7.161312
7.178196
7.195026
7.211651
7.228076
7.244510
7.261143
7.278176
7.295882
7.314566
7.333974
7.353661
7.373427
7.392796
7.412109
7.431778
7.451665
7.471760
7.491607
7.510321
7.527914
7.545157
7.562371
7.579475
7.596427
7.613042
7.629640
7.646638
7.664430
7.683124
7.702310
7.721377
7.740190
7.758679
7.777199
7.796113
7.815012
7.833648
7.852010
7.869893
7.887037
7.903698
7.920309
7.937057
7.953750
7.970419
7.987277
8.004458
8.022182
8.040669
8.060070
8.080052
8.099930
8.119210
8.138284
8.157713
8.177296
8.196630
8.214998
8.232219
8.249033
8.265523
8.281964
8.298482
8.314913
8.331057
8.347040
8.363280
8.380175
8.398072
8.416961
8.436514
8.456452
8.476224
8.495646
8.515346
8.535347
8.555519
8.575495
8.594510
8.612144
8.628976
8.645724
8.662499
8.679130
8.695555
8.711787
8.728223
8.745207
8.763143
8.782032
8.801609
8.821504
8.841080
8.860317
8.879714
8.899399
8.918999
8.937874
8.955884
8.973042
8.989591
9.005882
9.022383
9.038734
9.054867
9.070965
9.087289
9.104101
9.121655
9.140153
9.159502
9.179141
9.199107
9.218699
9.238103
9.257871
9.277905
9.298128
9.318065
9.336906
9.354422
9.371423
9.388434
9.405354
9.422044
9.438320
9.454597
9.471282
9.488694
9.507168
9.526475
9.546035
9.565467
9.584557
9.603502
9.622831
9.642175
9.661187
9.679659
9.697487
9.714566
9.731213
9.747858
9.764689
9.781476
9.798177
9.814982
9.832074
9.849633
9.867962
9.887230
9.907114
9.927129
9.946732
9.965919
9.985471
10.005481
10.025632
10.045332
10.063993
10.081757
10.099083
10.116288
10.133547
10.150730
10.167677
10.184437
10.201459
10.218998
10.237362
10.256660
10.276665
10.296443
10.315649
10.334561
10.353662
10.372934
10.391919
10.410293
10.427804
10.444715
10.461399
10.477974
10.494605
10.511155
10.527585
10.544057
10.560737
10.577868
10.595719
10.614557
10.633994
10.653712
10.673532
10.692977
10.712337
10.732054
10.752003
10.772027
10.791568
10.809959
10.827406
10.844635
10.861932
10.879179
10.896315
10.913154
10.930071
10.947443
10.965660
10.984690
11.004086
11.023129
11.041933
11.060472
11.079046
11.097974
11.116868
11.135496
11.153859
11.171904
11.189285
11.206230
11.223076
11.240101
11.257147
11.274162
11.291356
11.308883
11.326924
11.345667
11.365256
11.385380
11.405434
11.424915
11.444086
11.463690
11.483383
11.502770
11.521212
11.538587
11.555540
11.572145
11.588765
11.605571
11.622375
11.638868
11.655174
11.671663
11.688785
11.706896
11.725955
11.745625
11.765618
11.785352
11.804847
11.824624
11.844589
11.864639
11.884274
11.902828
11.920131
11.936899
11.953686
11.970507
11.987249
12.003750
12.020109
12.036734
12.053993
12.072294
12.091538
12.111218
12.130742
12.149899
12.168921
12.188208
12.207735
12.227081
12.245701
12.263494
12.280461
12.296880
12.313094
12.329585
12.346048
12.362386
12.378718
12.395269
12.412219
12.429823
12.448326
12.467670
12.487311
12.507168
12.526654
12.545979
12.565640
12.585535
12.605350
12.624548
12.642657
12.659740
12.676378
12.693047
12.709674
12.726133
12.742226
12.758315
12.774776
12.791965
12.810228
12.829411
12.848935
12.868635
12.888196
12.907645
12.927439
12.947199
12.966662
12.985586
13.003735
13.020953
13.037692
13.054455
13.071450
13.088412
13.105207
13.121921
13.138900
13.156415
13.174757
13.194019
13.213843
13.233867
13.253546
13.272898
13.292409
13.312290
13.332009
13.351089
13.369200
13.386411
13.403313
13.419938
13.436604
13.453115
13.469411
13.485606
13.502024
13.518888
13.536395
13.554930
13.574362
13.594175
13.614263
13.634411
13.654190
13.674134
13.694353
13.714681
13.734828
13.754169
13.772282
13.789677
13.807036
13.824299
13.841335
13.858109
13.874760
13.891716
13.909242
13.927690
13.946927
13.966346
13.985621
14.004806
14.023788
14.042960
14.062419
14.081745
14.100546
14.118939
14.137016
14.154329
14.171261
14.188311
14.205474
14.222634
14.239733
14.257094
14.274887
14.293265
14.312366
14.332255
14.352452
14.372653
14.392248
14.411617
14.431425
14.451324
14.470865
14.489449
14.506914
14.523947
14.540665
14.557418
14.574389
14.591422
14.608197
14.624754
14.641445
14.658742
14.677016
14.696254
14.716117
14.736235
14.756027
14.775729
14.795714
14.815812
14.835815
14.855213
14.873539
14.890752
14.907537
14.924425
14.941360
14.958263
14.974863
14.991393
15.008196
15.025730
15.044333
15.063826
15.083612
15.103550
15.123223
15.142734
15.162574
15.182497
15.202092
15.221107
15.239486
15.257029
15.273977
15.290851
15.307995
15.325130
15.342122
15.359158
15.376472
15.394224
15.412605
15.431808
15.451698
15.471826
15.491931
15.511502
15.530997
15.550982
15.571204
15.591104
15.610106
15.627975
15.645351
15.662343
15.679366
15.696365
15.713274
15.729879
15.746515
15.763531
15.781266
15.800000
15.819630
15.839730
15.860113
15.880135
15.900086
15.920313
15.940657
15.960717
15.979902
15.997961
16.015373
16.032450
16.049549
16.066648
16.083691
16.100470
16.117180
16.134111
16.151716
16.170334
16.189861
16.209944
16.230238
16.250315
16.270260
16.290545
16.310886
16.330915
16.350338
16.368849
16.386499
16.403671
16.420788
16.438030
16.455164
16.472109
16.488997
16.506191
16.523951
16.542561
16.562122
16.582327
16.602833
16.623255
16.643318
16.663427
16.683838
16.704187
16.724037
16.743015
16.761036
16.778601
16.795835
16.813120
16.830297
16.847252
16.864019
16.881002
16.898460
16.916574
16.935652
16.955523
16.975702
16.996233
17.016359
17.036276
17.056492
17.076893
17.097050
17.116453
17.134737
17.152348
17.169594
17.186752
17.203852
17.220882
17.237608
17.254301
17.271334
17.289089
17.307920
17.327696
17.347954
17.368410
17.388699
17.408899
17.429443
17.449926
17.470079
17.489628
17.508337
17.526102
17.543352
17.560596
17.577890
17.595131
17.612232
17.629274
17.646580
17.664436
17.683174
17.702848
17.723093
17.743555
17.763868
17.783926
17.804205
17.824759
17.845106
17.864805
17.883509
17.901499
17.919151
17.936598
17.954071
17.971367
17.988379
18.005236
18.022398
18.040030
18.058310
18.077589
18.097639
18.118052
18.138832
18.159309
18.179508
18.199923
18.220568
18.240932
18.260454
18.278811
18.296370
18.313559
18.330690
18.347719
18.364637
18.381441
18.398203
18.415258
18.432943
18.451668
18.471369
18.491621
18.512093
18.532501
18.552654
18.573074
18.593515
18.613796
18.633833
18.653587
18.672123
18.689520
18.706915
18.724405
18.741823
18.759169
18.776461
18.793978
18.812050
18.830982
18.850849
18.871323
18.891928
18.912363
18.932398
18.952576
18.973063
18.993460
19.013002
19.031332
19.048824
19.065962
19.082932
19.099873
19.116678
19.133411
19.150143
19.167017
19.184277
19.202278
19.221327
19.241289
19.261683
19.282391
19.302881
19.323215
19.343836
19.364649
19.385530
19.405912
19.425150
19.443298
19.460999
19.478672
19.496284
19.513607
19.530519
19.547369
19.564568
19.582474
19.601442
19.621170
19.641150
19.661127
19.680832
19.700457
19.720476
19.740559
19.760319
19.779337
19.797255
19.814392
19.831175
19.848047
19.865192
19.882326
19.899467
19.916700
19.934134
19.952019
19.970648
19.990133
20.010172
20.030521
20.050795
20.070696
20.090670
20.110929
20.131109
20.150959
20.170317
20.188637
20.205933
20.223101
20.240337
20.257502
20.274542
20.291410
20.308485
20.326038
20.344482
20.363956
20.384279
20.404951
20.425674
20.446045
20.466522
20.487204
20.507765
20.527643
20.546486
20.564474
20.582191
20.599588
20.617022
20.634409
20.651632
20.668592
20.685669
20.703133
20.721283
20.740429
20.760527
20.781124
20.802149
20.822889
20.843346
20.863974
20.884851
20.905661
20.925900
20.945133
20.963238
20.980770
20.998240
21.015623
21.032928
21.050032
21.067049
21.084393
21.102432
21.121559
21.141666
21.162310
21.183100
21.203871
21.224470
21.245340
21.266268
21.286961
21.306997
21.326149
21.344439
21.362143
21.379761
21.397373
21.414900
21.432304
21.449612
21.467133
21.485138
21.503920
21.523701
21.544258
21.565102
21.586010
21.606579
21.627117
21.648043
21.669134
21.689905
21.709753
21.728468
21.746756
21.764641
21.782413
21.800121
21.817675
21.834984
21.852377
21.870174
21.888563
21.907906
21.928213
21.949015
21.970219
21.991146
22.011702
22.032511
22.053532
22.074265
22.094103
22.112720
22.130713
22.148363
22.165945
22.183455
22.200890
22.218140
22.235285
22.252659
22.270641
22.289650
22.309668
22.330269
22.351194
22.372030
22.392588
22.413399
22.434298
22.455105
22.475624
22.495594
22.514315
22.532152
22.549906
22.567759
22.585552
22.603193
22.620770
22.638546
22.656845
22.676012
22.696146
22.716970
22.738016
22.759005
22.779703
22.800648
22.821909
22.843044
22.863466
22.882696
22.901024
22.918982
22.936663
22.954321
22.971794
22.989010
23.006023
23.023207
23.040823
23.059174
23.078617
23.099039
23.119894
23.141037
23.162062
23.182804
23.203739
23.224909
23.246067
23.266790
23.286427
23.304905
23.322849
23.340710
23.358507
23.376219
23.393665
23.410992
23.428608
23.446882
23.466215
23.486313
23.506691
23.527147
23.547544
23.567772
23.588324
23.608942
23.629292
23.649115
23.668423
23.686764
23.704329
23.721809
23.739548
23.757360
23.775154
23.792999
23.811056
23.829559
23.848740
23.868799
23.889580
23.910576
23.931461
23.951851
23.972351
23.993320
24.014284
24.034658
24.054073
24.072536
24.090616
24.108364
24.126122
24.143871
24.161472
24.178970
24.196535
24.214485
24.233086
24.252693
24.273172
24.294098
24.315287
24.336216
24.356905
24.377848
24.398981
24.420134
24.440853
24.460476
24.478962
24.497017
24.515104
24.533201
24.551168
24.568865
24.586491
24.604475
24.623148
24.642694
24.662855
24.682938
24.702408
24.721603
24.740894
24.760498
24.780159
24.799494
24.818403
24.837214
24.855392
24.872898
24.890310
24.908009
24.925934
24.943874
24.961880
24.980261
24.999088
25.018478
25.038624
25.059431
25.080414
25.100990
25.121077
25.141376
25.161890
25.182175
25.201757
25.220404
25.238344
25.255846
25.273100
25.290550
25.308199
25.325764
25.343037
25.360315
25.378004
25.396587
25.416168
25.436693
25.457689
25.478899
25.499712
25.520678
25.541935
25.563387
25.584587
25.604765
25.623878
25.642460
25.660782
25.679190
25.697643
25.715818
25.733707
25.751606
25.769835
25.788778
25.808722
25.829544
25.850500
25.871069
25.891478
25.911901
25.932554
25.953098
25.973022
25.992285
26.010698
26.028301
26.045513
26.062912
26.080545
26.098211
26.115875
26.133636
26.151646
26.170189
26.189560
26.209829
26.230516
26.251442
26.272106
26.292564
26.313349
26.334307
26.354961
26.374777
26.393621
26.411627
26.429173
26.446690
26.464233
26.481714
26.499010
26.516214
26.533659
26.551691
26.570742
26.590828
26.611534
26.632578
26.653559
26.674273
26.695265
26.716387
26.737379
26.757772
26.777298
26.795780
26.813675
26.831476
26.849268
26.867029
26.884716
26.902266
26.919970
26.938166
26.957329
26.977493
26.998377
27.019545
27.040718
27.061686
27.082787
27.104099
27.125254
27.145714
27.165127
27.183556
27.201389
27.219042
27.236694
27.254284
27.271795
27.289246
27.306835
27.324856
27.343630
27.363470
27.384172
27.405214
27.426491
27.447458
27.468351
27.489609
27.511011
27.532013
27.552116
27.571138
27.589718
27.607874
27.625887
27.643942
27.661955
27.679598
27.697172
27.714994
27.733465
27.752985
27.773518
27.794682
27.816038
27.837130
27.858124
27.879408
27.900768
27.921745
27.941648
27.960400
27.978603
27.996456
28.014362
28.032352
28.050358
28.068258
28.086096
28.104136
28.122793
28.142466
28.163080
28.184195
28.205515
28.226658
28.247667
28.268970
28.290302
28.311274
28.331715
28.351439
28.370115
28.388174
28.406216
28.424295
28.442310
28.460205
28.478123
28.496307
28.515049
28.534700
28.555317
28.576509
28.598030
28.619505
28.640690
28.662170
28.683964
28.705610
28.726431
28.746014
28.764845
28.783371
28.801710
28.820065
28.838362
28.856310
28.874039
28.891905
28.910233
28.929461
28.949730
28.970806
28.992245
29.013697
29.034880
29.056105
29.077599
29.099197
29.120440
29.140734
29.159765
29.177994
29.195839
29.213812
29.231806
29.249712
29.267345
29.284996
29.302998
29.321829
29.341745
29.362633
29.383923
29.405329
29.426443
29.447601
29.469000
29.490473
29.511551
29.531641
29.550655
29.569199
29.587404
29.605600
29.623833
29.642004
29.659975
29.677927
29.696211
29.715185
29.735189
29.756199
29.777725
29.799423
29.820885
29.842220
29.863800
29.885521
29.906961
29.927591
29.947086
29.965824
29.984091
30.002298
30.020508
30.038675
30.056610
30.074469
30.092615
30.111496
30.131435
30.152386
30.173841
30.195570
30.217121
30.238537
30.260265
30.282118
30.303751
30.324726
30.344608
30.363688
30.382376
30.400978
30.419703
30.438326
30.456734
30.474993
30.493484
30.512497
30.532343
30.553152
30.574574
30.596294
30.617832
30.639162
30.660570
30.682173
30.703550
30.724314
30.744135
30.763062
30.781441
30.799622
30.817753
30.835783
30.853674
30.871428
30.889412
30.907921
30.927422
30.948023
30.969437
30.991180
31.013176
31.034754
31.056503
31.078602
31.100878
31.122902
31.143919
31.163807
31.183083
31.202038
31.220940
31.239838
31.258562
31.277010
31.295513
31.314407
31.334074
31.354790
31.376387
31.398180
31.419422
31.440439
31.461552
31.482924
31.504196
31.524708
31.543943
31.562143
31.579910
31.597490
31.615118
31.632671
31.650309
31.667936
31.685556
31.703449
31.722160
31.742014
31.762756
31.783840
31.805285
31.826365
31.847441
31.868763
31.890184
31.911777
31.933161
31.953535
31.972843
31.991785
32.010612
32.029411
32.048145
32.066612
32.085091
32.103958
32.123680
32.144516
32.166012
32.187469
32.208897
32.230042
32.251217
32.272770
32.294266
32.315220
32.335396
32.354664
32.373211
32.391365
32.409588
32.428043
32.446476
32.464867
32.483330
32.501972
32.521126
32.541145
32.562107
32.583546
32.605316
32.626835
32.648144
32.669807
32.691765
32.713562
32.734612
32.754486
32.773521
32.792118
32.810600
32.829094
32.847546
32.865650
32.883606
32.901760
32.920528
32.940369
32.961277
32.982784
33.004608
33.026249
33.047718
33.069492
33.091377
33.113052
33.133938
33.153675
33.172657
33.191280
33.209785
33.228420
33.247005
33.265297
33.283413
33.301674
33.320488
33.340336
33.361225
33.382767
33.404594
33.426361
33.447903
33.469631
33.491528
33.513195
33.534267
33.554325
33.573524
33.592236
33.610802
33.629501
33.648094
33.666534
33.684814
33.703304
33.722275
33.742092
33.762932
33.784473
33.806381
33.828327
33.849941
33.871548
33.893444
33.915394
33.936947
33.957634
33.977215
33.996094
34.014599
34.033123
34.051624
34.070015
34.088169
34.106468
34.125221
34.144825
34.165516
34.187119
34.209053
34.231087
34.252777
34.274578
34.296589
34.318737
34.340511
34.361229
34.380882
34.400051
34.418884
34.437664
34.456459
34.475182
34.493629
34.512104
34.530960
34.550598
34.571320
34.592953
34.614971
34.637066
34.658920
34.680756
34.702866
34.725048
34.746750
34.767254
34.786602
34.805370
34.823757
34.842236
34.860676
34.879017
34.897186
34.915314
34.933784
34.953041
34.973423
34.994816
35.016720
35.038898
35.060825
35.082592
35.104599
35.126797
35.149036
35.170990
35.191822
35.211319
35.230244
35.249203
35.268238
35.287224
35.305984
35.324684
35.343712
35.363430
35.384228
35.405968
35.428169
35.450401
35.472256
35.493984
35.516075
35.538181
35.559860
35.580639
35.600300
35.619240
35.637783
35.656319
35.674877
35.693371
35.711815
35.730354
35.749020
35.768173
35.788242
35.809307
35.830986
35.852966
35.874863
35.896542
35.918446
35.940617
35.962955
35.985081
36.006363
36.026226
36.045395
36.064465
36.083553
36.102547
36.121189
36.139702
36.158463
36.177841
36.198338
36.219860
36.242027
36.264385
36.286613
36.308727
36.331169
36.353607
36.375679
36.396782
36.416645
36.435650
36.454224
36.472725
36.491215
36.509598
36.527897
36.545998
36.564266
36.583115
36.603027
36.624008
36.645687
36.667660
36.689621
36.711346
36.733101
36.755135
36.777287
36.799320
36.820717
36.840771
36.859909
36.878883
36.897919
36.916901
36.935764
36.954514
36.973553
36.993145
37.013645
37.035206
37.057468
-0.000047
-0.000246
-0.000305
0.000563
0.002769
0.006306
0.011161
0.017324
0.024697
0.033084
0.042740
0.053784
0.066184
0.079939
0.094884
0.110752
0.127442
0.144767
0.162176
0.179391
0.196125
0.212336
0.228239
0.243929
0.259400
0.274540
0.289388
0.303961
0.318271
0.332090
0.345432
0.358676
0.372440
0.386879
0.402361
0.419240
0.436959
0.455024
0.472948
0.490778
0.508600
0.526839
0.545879
0.565657
0.585584
0.605103
0.623904
0.642472
0.661191
0.679903
0.698357
0.716307
0.733594
0.750196
0.766384
0.782413
0.798563
0.814740
0.830885
0.847345
0.864382
0.882224
0.901261
0.921470
0.942781
0.964527
0.986014
1.007315
1.029014
1.050827
1.072540
1.093176
1.112460
1.131079
1.149296
1.167245
1.185311
1.203663
1.222044
1.240057
1.258200
1.276911
1.296727
1.317685
1.339525
1.361684
1.383820
1.405760
1.427925
1.450151
1.472067
1.493219
1.513389
1.532917
1.552086
1.571067
1.590046
1.608969
1.627750
1.646308
1.665033
1.684319
1.704674
1.726167
1.748456
1.771106
1.793743
1.816039
1.838592
1.861483
1.884549
1.907460
1.929378
1.949957
1.969764
1.989433
2.009155
2.028799
2.048340
2.067686
2.087167
2.107118
2.127980
2.149899
2.172574
2.195290
2.217718
2.239826
2.262235
2.284810
2.307067
2.328388
2.348468
2.367847
2.386860
2.405766
2.424781
2.443700
2.462524
2.481340
2.500215
2.519504
2.539652
2.560863
2.582721
2.604826
2.627294
2.649379
2.671518
2.693901
2.716465
2.739161
2.761768
2.783336
2.803877
2.824126
2.844224
2.864203
2.884055
2.903682
2.923418
2.943633
2.964806
2.987055
3.009902
3.032719
3.055679
3.078237
3.100953
3.123906
3.146833
3.169105
3.190325
3.210512
3.230042
3.249230
3.268508
3.287720
3.306806
3.325742
3.344654
3.363945
3.384093
3.405326
3.427413
3.449824
3.472496
3.494817
3.517170
3.539810
3.562612
3.585452
3.607791
3.628829
3.648854
3.668463
3.687908
3.707293
3.726597
3.745696
3.764920
3.784580
3.805123
3.826774
3.849372
3.872352
3.895497
3.918114
3.940897
3.963900
3.986668
4.008568
4.029077
4.048687
4.067986
4.087057
4.106221
4.125331
4.144373
4.163238
4.182066
4.201270
4.221211
4.242204
4.264099
4.286340
4.308935
4.331283
4.353479
4.375816
4.398297
4.420699
4.442955
4.464307
4.484197
4.503477
4.522791
4.542040
4.561235
4.580326
4.599405
4.618826
4.639045
4.660443
4.682771
4.705496
4.728610
4.751512
4.774222
4.797255
4.820349
4.843205
4.865768
4.887413
4.908057
4.928206
4.948137
4.968155
4.988052
5.007793
5.027424
5.047212
5.067503
5.088652
5.110793
5.133541
5.156549
5.179410
5.202092
5.225171
5.248565
5.271733
5.293796
5.314507
5.334515
5.354103
5.373508
5.392981
5.412333
5.431282
5.450057
5.468982
5.488448
5.508961
5.530591
5.552916
5.575627
5.598295
5.620658
5.643168
5.665883
5.688608
5.710956
5.732278
5.752311
5.771590
5.790732
5.810007
5.829273
5.848418
5.867350
5.886423
5.906028
5.926712
5.948486
5.970996
5.993743
6.016531
6.039124
6.061956
6.084855
6.107467
6.129291
6.149938
6.169688
6.188970
6.208099
6.227215
6.246229
6.265163
6.283878
6.302677
6.321986
6.342329
6.363790
6.385946
6.408431
6.431163
6.453556
6.476026
6.498823
6.521790
6.544716
6.566971
6.587865
6.607791
6.627406
6.647081
6.666757
6.686369
6.705768
6.725280
6.745218
6.766051
6.788002
6.810828
6.833986
6.856874
6.879366
6.902031
6.924878
6.947471
6.969144
6.989478
7.008936
7.028082
7.047016
7.066113
7.085200
7.104253
7.123187
7.142029
7.161217
7.181218
7.202327
7.224346
7.246680
7.269452
7.291959
7.314327
7.336837
7.359547
7.382504
7.405476
7.427498
7.448040
7.467992
7.487961
7.507863
7.527625
7.547127
7.566584
7.586380
7.606979
7.628767
7.651474
7.674587
7.697773
7.720759
7.743701
7.766892
7.790009
7.812719
7.834890
7.855998
7.875857
7.895121
7.914384
7.933700
7.952957
7.972160
7.991333
8.010805
8.030950
8.052157
8.074361
8.097074
8.120056
8.142838
8.165533
8.188564
8.211833
8.235136
8.257974
8.279648
8.300176
8.320125
8.339947
8.359862
8.379783
8.399498
8.419107
8.438946
8.459410
8.480921
8.503489
8.526596
8.549299
8.571676
8.593934
8.616541
8.639076
8.661097
8.682130
8.702096
8.721457
8.740469
8.759506
8.778735
8.798126
8.817486
8.836730
8.855961
8.875723
8.896454
8.918215
8.940574
8.963276
8.986023
9.008508
9.031173
9.053952
9.076871
9.099660
9.121671
9.142453
9.162648
9.182649
9.202633
9.222486
9.242044
9.261434
9.281012
9.301191
9.322507
9.344895
9.367829
9.390837
9.413760
9.436562
9.459693
9.482783
9.505522
9.527592
9.548558
9.568511
9.587978
9.607369
9.626925
9.646483
9.666049
9.685477
9.705029
9.725102
9.746142
9.768193
9.790840
9.813801
9.836785
9.859510
9.882443
9.905682
9.928795
9.951309
9.972746
9.993214
10.013107
10.032825
10.052718
10.072565
10.092216
10.111672
10.131283
10.151360
10.172307
10.194340
10.217125
10.240232
10.263277
10.286095
10.308998
10.332069
10.354927
10.376994
10.397911
10.417934
10.437456
10.456769
10.476028
10.495254
10.514391
10.533302
10.552364
10.571952
10.592626
10.614440
10.637047
10.659972
10.682982
10.705706
10.728614
10.751727
10.774933
10.797992
10.820253
10.841101
10.861063
10.880828
10.900685
10.920572
10.940406
10.960008
10.979757
11.000026
11.021297
11.043684
11.066829
11.090087
11.113191
11.135991
11.158955
11.182069
11.204885
11.226708
11.247139
11.266662
11.285774
11.304705
11.323750
11.342819
11.361981
11.381075
11.400049
11.419379
11.439614
11.460980
11.483190
11.505701
11.528479
11.550968
11.573467
11.596060
11.618758
11.641562
11.664259
11.685883
11.706319
11.726461
11.746563
11.766664
11.786612
11.806334
11.826200
11.846552
11.867921
11.890437
11.913772
11.937268
11.960980
11.984393
12.007954
12.031762
12.055492
12.078503
12.100078
12.120416
12.140118
12.159595
12.179039
12.198458
12.217897
12.237199
12.256417
12.275964
12.296349
12.317885
12.340362
12.363179
12.386356
12.409238
12.432104
12.455239
12.478561
12.501921
12.524763
12.546381
12.566965
12.587050
12.606997
12.627006
12.647017
12.666809
12.686590
12.706689
12.727624
12.749692
12.772797
12.796353
12.820078
12.843337
12.866655
12.890248
12.913718
12.936479
12.957919
12.978322
12.998318
13.017997
13.037793
13.057659
13.077524
13.097260
13.116841
13.136663
13.157120
13.178576
13.201037
13.223920
13.247229
13.270370
13.293283
13.316354
13.339602
13.362735
13.385592
13.407599
13.428242
13.448202
13.468097
13.487961
13.507797
13.527463
13.547039
13.566881
13.587398
13.609095
13.631854
13.655141
13.678651
13.702065
13.725300
13.748805
13.772262
13.795411
13.818181
13.840127
13.860888
13.881064
13.901105
13.921278
13.941453
13.961535
13.981470
14.001533
14.022118
14.043699
14.066332
14.089594
14.113072
14.136449
14.159679
14.183216
14.206986
14.230536
14.253045
14.274248
14.294668
14.314654
14.334476
14.354458
14.374422
14.394193
14.413729
14.433372
14.453534
14.474720
14.497026
14.520001
14.543365
14.566718
14.589826
14.613032
14.636391
14.659541
14.682100
14.703600
14.724052
14.743879
14.763502
14.783243
14.802980
14.822597
14.841976
14.861481
14.881521
14.902629
14.924879
14.947893
14.971209
14.994562
15.017661
15.040942
15.064354
15.087681
15.110566
15.132441
15.153199
15.173293
15.193195
15.213223
15.233317
15.253358
15.273170
15.293071
15.313457
15.334867
15.357392
15.380663
15.404163
15.427711
15.451079
15.474628
15.498228
15.521533
15.543898
15.565017
15.585201
15.604862
15.624386
15.643868
15.663342
15.682839
15.702057
15.721371
15.741199
15.762106
15.784171
15.807066
15.830297
15.853744
15.876902
15.900080
15.923435
15.946939
15.970531
15.993690
16.015522
16.036238
16.056604
16.076899
16.097185
16.117420
16.137491
16.157703
16.178404
16.200077
16.222887
16.246563
16.270521
16.294758
16.318596
16.342596
16.366756
16.390720
16.413769
16.435415
16.456114
16.476368
16.496365
16.516491
16.536612
16.556692
16.576492
16.596262
16.616404
16.637165
16.658899
16.681488
16.704411
16.727793
16.751041
16.774096
16.797226
16.820335
16.843050
16.865288
16.886759
16.906931
16.926401
16.945864
16.965338
16.984823
17.004269
17.023706
17.043501
17.063997
17.085686
17.108465
17.131762
17.155350
17.178780
17.202017
17.225502
17.249050
17.272528
17.295769
17.318172
17.339333
17.359926
17.380339
17.400827
17.421370
17.441854
17.462177
17.482649
17.503653
17.525663
17.548725
17.572393
17.596071
17.619677
17.643181
17.666977
17.690788
17.714188
17.736340
17.757166
17.777151
17.796759
17.816339
17.836025
17.855864
17.875662
17.895264
17.915024
17.935312
17.956686
17.979179
18.002380
18.025787
18.049191
18.072453
18.095991
18.119690
18.143164
18.165798
18.187206
18.207800
18.227900
18.247860
18.267982
18.288197
18.308317
18.328190
18.348166
18.368654
18.390162
18.412807
18.436134
18.459871
18.483643
18.507202
18.530893
18.554724
18.578316
18.600992
18.622410
18.642902
18.662821
18.682600
18.702394
18.722229
18.742041
18.761595
18.781279
18.801485
18.822803
18.845259
18.868439
18.891863
18.915346
18.938583
18.962017
18.985498
19.008974
19.032284
19.054876
19.076107
19.096451
19.116625
19.136913
19.157255
19.177616
19.197828
19.218168
19.239038
19.260889
19.283846
19.307524
19.331436
19.355452
19.379234
19.403210
19.427258
19.450968
19.473553
19.494802
19.515131
19.534975
19.554712
19.574484
19.594351
19.614300
19.633989
19.653732
19.673925
19.695150
19.717518
19.740685
19.764210
19.787924
19.811359
19.834877
19.858536
19.882244
19.905819
19.928606
19.950045
19.970467
19.990574
20.010838
20.031199
20.051554
20.071692
20.091871
20.112459
20.133987
20.156651
20.180206
20.204077
20.228094
20.251867
20.275745
20.299734
20.323509
20.346371
20.367891
20.388371
20.408312
20.428083
20.447906
20.467819
20.487848
20.507664
20.527447
20.547596
20.568699
20.590952
20.614088
20.637493
20.661036
20.684361
20.707745
20.731190
20.754665
20.778069
20.800898
20.822447
20.842957
20.863121
20.883364
20.903742
20.924183
20.944450
20.964750
20.985462
21.007088
21.029848
21.053537
21.077545
21.101725
21.125608
21.149527
21.173584
21.197451
21.220409
21.242098
21.262863
21.283112
21.303095
21.323158
21.343334
21.363619
21.383663
21.403612
21.423876
21.444979
21.467228
21.490522
21.514200
21.538036
21.561691
21.585356
21.609129
21.632963
21.656534
21.679371
21.701035
21.721666
21.741835
21.762011
21.782312
21.802673
21.822840
21.843000
21.863525
21.884914
21.907473
21.931055
21.954992
21.979290
22.003281
22.027296
22.051579
22.075922
22.099951
22.123014
22.144867
22.166018
22.186743
22.207390
22.228243
22.249125
22.269775
22.290222
22.310772
22.331924
22.354116
22.377363
22.401085
22.424942
22.448652
22.472326
22.496206
22.520090
22.543512
22.565920
22.587130
22.607538
22.627460
22.647377
22.667429
22.687576
22.707634
22.727560
22.747755
22.768663
22.790733
22.813877
22.837481
22.861279
22.884924
22.908520
22.932301
22.956133
22.979830
23.003017
23.025135
23.046167
23.066639
23.087009
23.107603
23.128305
23.148806
23.169115
23.189587
23.210619
23.232767
23.256012
23.279905
23.303896
23.327848
23.351761
23.375923
23.400019
23.423655
23.446089
23.467258
23.487556
23.507465
23.527363
23.547384
23.567602
23.587894
23.608036
23.628347
23.649176
23.671095
23.694090
23.717731
23.741594
23.765423
23.789131
23.813107
23.837257
23.861216
23.884483
23.906569
23.927820
23.948540
23.969110
23.989899
24.010820
24.031660
24.052258
24.072927
24.094093
24.116259
24.139568
24.163509
24.187672
24.211811
24.235773
24.259912
24.283981
24.307600
24.330168
24.351543
24.372103
24.392204
24.412218
24.432329
24.452602
24.472929
24.493019
24.513247
24.534035
24.555925
24.578945
24.602556
24.626476
24.650450
24.674185
24.698132
24.722191
24.746231
24.770002
24.792856
24.814327
24.834936
24.855400
24.876026
24.896790
24.917532
24.938053
24.958704
24.979851
25.002048
25.025366
25.049332
25.073231
25.097069
25.120872
25.144859
25.168852
25.192566
25.215282
25.236773
25.257217
25.277122
25.296923
25.316809
25.336889
25.357132
25.377277
25.397566
25.418348
25.440121
25.462997
25.486685
25.510668
25.534866
25.558832
25.582979
25.607410
25.631914
25.655899
25.678743
25.700474
25.721457
25.742182
25.763084
25.784117
25.805023
25.825653
25.846233
25.867134
25.888952
25.911943
25.935904
25.960125
25.984209
26.008112
26.032047
26.056047
26.079826
26.102625
26.124063
26.144392
26.164223
26.183933
26.203741
26.223761
26.244072
26.264313
26.284578
26.305218
26.326777
26.349476
26.373081
26.397009
26.421234
26.445192
26.469259
26.493519
26.517872
26.542072
26.565563
26.587849
26.609255
26.630236
26.651237
26.672405
26.693590
26.714539
26.735479
26.756762
26.778925
26.802212
26.826452
26.851015
26.875647
26.899839
26.924141
26.948576
26.972807
26.996120
27.018169
27.039303
27.059940
27.080336
27.100901
27.121605
27.142435
27.163082
27.183577
27.204365
27.225975
27.248705
27.272343
27.296282
27.320459
27.344418
27.368382
27.392416
27.416496
27.440475
27.463955
27.486225
27.507206
27.527731
27.548325
27.568993
27.589699
27.610201
27.630774
27.651766
27.673681
27.696808
27.720924
27.745338
27.770103
27.794590
27.819103
27.843838
27.868616
27.893045
27.916492
27.938679
27.959997
27.980844
28.001696
28.022699
28.043779
28.064703
28.085453
28.106379
28.127943
28.150612
28.174324
28.198481
28.222836
28.247013
28.271168
28.295528
28.319975
28.344055
28.367172
28.389053
28.410065
28.430552
28.451042
28.471714
28.492487
28.513094
28.533585
28.554306
28.575714
28.598291
28.621958
28.646111
28.670481
28.694696
28.718889
28.743284
28.767719
28.791826
28.814964
28.836912
28.858049
28.878700
28.899281
28.920103
28.941055
28.961821
28.982395
29.003168
29.024591
29.047176
29.070839
29.094994
29.119419
29.143808
29.168081
29.192583
29.217133
29.241362
29.264660
29.286718
29.307911
29.328573
29.349159
29.369890
29.390732
29.411495
29.432056
29.452791
29.474110
29.496561
29.520107
29.544230
29.568560
29.592867
29.617052
29.641468
29.665949
29.690126
29.713589
29.735882
29.757263
29.778090
29.798786
29.819706
29.840754
29.861761
29.882555
29.903496
29.924984
29.947548
29.971237
29.995514
30.019979
30.044395
30.068727
30.093285
30.117840
30.142042
30.165340
30.187445
30.208727
30.229477
30.250095
30.270844
30.291725
30.312599
30.333256
30.354050
30.375380
30.397821
30.421398
30.445583
30.470051
30.494583
30.518921
30.543482
30.568111
30.592453
30.616173
30.638779
30.660406
30.681452
30.702288
30.723322
30.744465
30.765575
30.786423
30.807316
30.828653
30.851057
30.874569
30.898832
30.923336
30.947870
30.972252
30.996792
31.021355
31.045612
31.069160
31.091576
31.112944
31.133665
31.154215
31.174835
31.195574
31.216347
31.236885
31.257572
31.278761
31.301044
31.324476
31.348644
31.373024
31.397484
31.421755
31.446198
31.470631
31.494921
31.518806
31.541790
31.563530
31.584467
31.605200
31.626112
31.647171
31.668253
31.689095
31.710087
31.731554
31.754087
31.777763
31.802181
31.826809
31.851492
31.876070
31.900831
31.925541
31.949924
31.973305
31.995428
32.016487
32.036995
32.057442
32.077953
32.098679
32.119564
32.140255
32.161064
32.182331
32.204636
32.228050
32.252266
32.276745
32.301365
32.325821
32.350410
32.375111
32.399723
32.423737
32.446606
32.468369
32.489422
32.510151
32.531048
32.552097
32.573227
32.594059
32.614841
32.635975
32.657986
32.681179
32.705341
32.729836
32.754494
32.779018
32.803562
32.828133
32.852474
32.876087
32.898567
32.919968
32.940605
32.960972
32.981422
33.002045
33.022793
33.043320
33.063957
33.085011
33.107071
33.130337
33.154533
33.179001
33.203659
33.228031
33.252609
33.277233
33.301861
33.326347
33.350124
33.372631
33.394215
33.415421
33.436646
33.458084
33.479664
33.501019
33.522354
33.544025
33.566582
33.590298
33.614941
33.639809
33.664642
33.689167
33.713741
33.738422
33.762882
33.786320
33.808384
33.829453
33.850006
33.870350
33.890793
33.911514
33.932571
33.953632
33.974655
33.995987
34.018173
34.041492
34.065720
34.090187
34.114834
34.139275
34.163830
34.188457
34.212898
34.236774
34.259869
34.282055
34.303627
34.324741
34.345894
34.367271
34.388737
34.409950
34.431038
34.452347
34.474445
34.497700
34.522068
34.546906
34.572063
34.596912
34.621876
34.647057
34.672291
34.697094
34.720753
34.743145
34.764626
34.785587
34.806667
34.827999
34.849377
34.870464
34.891521
34.912846
34.935028
34.958412
34.982853
35.007610
35.032372
35.057034
35.081863
35.106831
35.131630
35.155830
35.178982
35.200928
35.221870
35.242477
35.263203
35.284122
35.305275
35.326416
35.347527
35.368950
35.391113
35.414429
35.438690
35.463249
35.488079
35.512680
35.537308
35.562126
35.587029
35.611694
35.635620
35.658390
35.680363
35.701790
35.723167
35.744808
35.766586
35.788223
35.809731
35.831474
35.853973
35.877632
35.902344
35.927406
35.952702
35.977757
36.002754
36.027962
36.053005
36.077316
36.100414
36.122471
36.143986
36.165047
36.186249
36.207699
36.229359
36.250820
36.272064
36.293495
36.315643
36.338963
36.363373
36.388100
36.413071
36.437969
36.462872
36.487865
36.512852
36.537548
36.561569
36.584377
36.605961
36.627018
36.648106
36.669357
36.690693
36.711876
36.732990
36.754402
36.776558
36.799911
36.824284
36.849052
36.874111
36.898933
36.923737
36.948742
36.973797
36.998680
37.022926
37.045944
37.067978
37.089497
37.110893
37.132549
37.154354
37.176029
37.197536
37.219246
37.241592
37.265068
37.289639
37.314701
37.339962
37.365074
37.390213
37.415565
37.440826
37.465473
37.488758
37.510799
37.532070
37.552895
37.573750
37.594810
37.616173
37.637470
37.658600
37.679928
37.701904
37.725033
37.749287
37.773987
37.798866
37.823677
37.848461
37.873447
37.898418
37.923054
37.946812
37.969376
37.991100
38.012272
38.033375
38.054752
38.076332
38.097824
38.119133
38.140656
38.162811
38.186115
38.210506
38.235329
38.260345
38.285225
38.310078
38.335144
38.360241
38.384987
38.408852
38.431515
38.453342
38.474651
38.495861
38.517338
38.539009
38.560574
38.581997
38.603603
38.625870
38.649284
38.673809
38.698795
38.723938
38.748981
38.774006
38.799229
38.824341
38.849010
38.872833
38.895477
38.917236
38.938450
38.959602
38.980965
39.002533
39.024044
39.045399
39.066967
39.089188
39.112560
39.137020
39.161907
39.187107
39.212227
39.237259
39.262516
39.287811
39.312809
39.336956
39.359859
39.381836
39.403252
39.424576
39.446133
39.467869
39.489517
39.510925
39.532471
39.554554
39.577759
39.602097
39.627018
39.652107
39.677189
39.702225
39.727444
39.752548
39.777214
39.801075
39.823799
39.845543
39.866714
39.887787
39.909019
39.930435
39.951897
39.973171
39.994637
40.016670
40.039856
40.064148
40.089008
40.114063
40.139076
40.164009
40.189148
40.214245
40.238983
40.263172
40.286274
40.308277
40.329651
40.350929
40.372334
40.393929
40.415501
40.436909
40.458515
40.480705
40.504021
40.528458
40.553467
40.578659
40.603817
40.628891
40.654186
40.679375
40.704136
40.728107
40.750950
40.772789
40.794022
40.815174
40.836468
40.857967
40.879494
40.900829
40.922359
40.944462
40.967697
40.992058
41.017002
41.042198
41.067463
41.092575
41.117893
41.143196
41.168148
41.192486
41.215740
41.237915
41.259407
41.280746
41.302223
41.323856
41.345512
41.366924
41.388443
41.410465
41.433540
41.457771
41.482719
41.507866
41.533070
41.558140
41.583435
41.608646
41.633503
41.657684
41.680748
41.702717
41.723988
41.745102
41.766319
41.787720
41.809174
41.830395
41.851814
41.873745
41.896790
41.921009
41.945930
41.971027
41.996166
42.021175
42.046375
42.071472
42.096294
42.120621
42.144131
42.166439
42.187958
42.209255
42.230701
42.252331
42.274040
42.295578
42.317276
42.339451
42.362686
42.387081
42.412224
42.437565
42.462975
42.488262
42.513741
42.539143
42.564201
42.588406
42.611427
42.633400
42.654713
42.675877
42.697166
42.718674
42.740231
42.761562
42.783035
42.805008
42.828079
42.852306
42.877243
42.902393
42.927582
42.952667
42.977921
43.003063
43.027893
43.052238
43.075733
43.098076
43.119621
43.140961
43.162449
43.184132
43.205887
43.227470
43.249203
43.271439
43.294697
43.319107
43.344273
43.369678
43.395184
43.420536
43.446068
43.471596
43.496803
43.521145
43.544285
-0.000029
-0.000373
-0.000754
-0.000208
0.001637
0.004761
0.009168
0.014685
0.021252
0.028951
0.037709
0.047555
0.058579
0.070830
0.084240
0.098616
0.113397
0.128288
0.143293
0.158192
0.172860
0.187451
0.202022
0.216635
0.231254
0.245848
0.260568
0.275556
0.290720
0.306156
0.321952
0.337854
0.353673
0.369325
0.384840
0.400727
0.417008
0.434140
0.452299
0.471376
0.490822
0.510300
0.529946
0.549718
0.569405
0.588906
0.608329
0.627833
0.647421
0.666875
0.686010
0.705412
0.724996
0.744420
0.763631
0.783126
0.803134
0.824146
0.846386
0.869640
0.893196
0.916516
0.939543
0.962702
0.985736
1.008453
1.030442
1.051600
1.072115
1.092216
1.111897
1.131619
1.151722
1.171981
1.192271
1.212748
1.233579
1.255388
1.278470
1.302580
1.326842
1.350790
1.374669
1.398851
1.423024
1.446945
1.469905
1.491558
1.512558
1.533053
1.553472
1.574210
1.595233
1.616476
1.637744
1.659240
1.681124
1.703941
1.727845
1.752383
1.776926
1.801462
1.825780
1.850287
1.874874
1.899305
1.923422
1.947185
1.970065
1.992209
2.013998
2.035966
2.058270
2.080830
2.103351
2.125788
2.148520
2.172125
2.196874
2.222526
2.248541
2.274625
2.300442
2.326544
2.352732
2.378654
2.403580
2.427202
2.449975
2.472240
2.494267
2.516443
2.538746
2.560962
2.582799
2.604506
2.626612
2.649759
2.674143
2.699423
2.725023
2.750814
2.776421
2.802053
2.827605
2.853165
2.878781
2.903701
2.927125
2.949325
2.971216
2.993205
3.015323
3.037445
3.059364
3.081480
3.104076
3.127730
3.152589
3.178309
3.204309
3.230538
3.256446
3.282579
3.308797
3.334974
3.360652
3.385158
3.408438
3.430929
3.453068
3.475292
3.497699
3.520234
3.542507
3.564704
3.587254
3.610710
3.635359
3.660937
3.686827
3.712938
3.738837
3.764837
3.790896
3.816767
3.841847
3.865632
3.888224
3.910067
3.931638
3.953310
3.975146
3.997072
4.018729
4.040469
4.062645
4.085867
4.110314
4.135695
4.161359
4.187262
4.212899
4.238674
4.264460
4.290302
4.316195
4.341424
4.365244
4.387924
4.410258
4.432656
4.455228
4.477881
4.500326
4.522835
4.545746
4.569605
4.594655
4.620584
4.646785
4.673240
4.699424
4.725817
4.752295
4.778569
4.803879
4.827789
4.850619
4.872770
4.894608
4.916692
4.938978
4.961376
4.983426
5.005329
5.027557
5.050707
5.075074
5.100368
5.125880
5.151534
5.177088
5.202673
5.228209
5.253762
5.279309
5.304188
5.327638
5.349874
5.371779
5.393790
5.415982
5.438318
5.460538
5.482900
5.505727
5.529537
5.554534
5.580412
5.606562
5.632978
5.659074
5.685358
5.711736
5.737973
5.763477
5.787835
5.811201
5.833971
5.856341
5.878726
5.901327
5.924051
5.946479
5.968719
5.991259
6.014638
6.039207
6.064757
6.090634
6.116857
6.142848
6.168859
6.194980
6.221044
6.246612
6.271192
6.294526
6.316933
6.338841
6.360811
6.382997
6.405267
6.427272
6.449329
6.471750
6.495091
6.519691
6.545362
6.571370
6.597679
6.623608
6.649720
6.675946
6.702204
6.728303
6.753593
6.777588
6.800633
6.823196
6.845725
6.868498
6.891437
6.914147
6.936747
6.959596
6.983241
7.008090
7.033967
7.060162
7.086660
7.112896
7.139255
7.165756
7.192124
7.217771
7.241990
7.264968
7.287081
7.308765
7.330654
7.352762
7.375088
7.397190
7.419214
7.441533
7.464700
7.489074
7.514457
7.540088
7.565971
7.591695
7.617484
7.643304
7.669163
7.694908
7.719948
7.743655
7.766193
7.788279
7.810417
7.832791
7.855328
7.877729
7.900167
7.922961
7.946612
7.971470
7.997353
8.023533
8.050052
8.076235
8.102553
8.129038
8.155433
8.181249
8.205943
8.229511
8.252365
8.274739
8.297132
8.319804
8.342648
8.365226
8.387627
8.410247
8.433655
8.458273
8.483970
8.509972
8.536230
8.562278
8.588402
8.614597
8.640716
8.666368
8.691000
8.714392
8.736859
8.758854
8.780918
8.803227
8.825706
8.847933
8.870169
8.892735
8.916185
8.940866
8.966613
8.992646
9.018961
9.044991
9.071129
9.097352
9.123601
9.149632
9.174841
9.198753
9.221675
9.244112
9.266537
9.289226
9.312117
9.334796
9.357413
9.380321
9.404032
9.428945
9.454915
9.481193
9.507759
9.534085
9.560513
9.587070
9.613462
9.639130
9.663440
9.686539
9.708822
9.730692
9.752677
9.774906
9.797373
9.819607
9.841803
9.864314
9.887684
9.912286
9.937931
9.963833
9.989972
10.015935
10.041990
10.068078
10.094170
10.120104
10.145313
10.169230
10.192052
10.214386
10.236732
10.259336
10.282135
10.304786
10.327433
10.350414
10.374229
10.399250
10.425312
10.451671
10.478345
10.504708
10.531181
10.557812
10.584361
10.610327
10.635139
10.658788
10.681667
10.704054
10.726466
10.749168
10.772079
10.794762
10.817268
10.840015
10.863537
10.888261
10.914053
10.940120
10.966405
10.992549
11.018754
11.045005
11.071116
11.096715
11.121343
11.144756
11.167233
11.189219
11.211265
11.233564
11.256085
11.278412
11.300747
11.323434
11.346996
11.371797
11.397644
11.423766
11.450151
11.476259
11.502459
11.528746
11.555043
11.581166
11.606619
11.630810
11.654012
11.676700
11.699302
11.722168
11.745254
11.768155
11.790991
11.814116
11.838036
11.863148
11.889322
11.915810
11.942470
11.968909
11.995457
12.022129
12.048627
12.074371
12.098733
12.121890
12.144286
12.166255
12.188309
12.210651
12.233315
12.255799
12.278216
12.300924
12.324448
12.349178
12.374975
12.401035
12.427431
12.453739
12.480077
12.506503
12.532853
12.558866
12.584046
12.607976
12.630848
12.653168
12.675507
12.698091
12.720867
12.743521
12.766089
12.788932
12.812488
12.837262
12.863123
12.889392
12.915964
12.942334
12.968702
12.995242
13.021838
13.048154
13.073648
13.097885
13.121160
13.143891
13.166546
13.189474
13.212605
13.235577
13.258389
13.281406
13.305094
13.329975
13.355976
13.382411
13.409099
13.435647
13.462220
13.488950
13.515548
13.541581
13.566423
13.590034
13.612761
13.634946
13.657188
13.679688
13.702443
13.725037
13.747504
13.770192
13.793595
13.818234
13.843959
13.870076
13.896399
13.922657
13.948941
13.975315
14.001552
14.027470
14.052774
14.076893
14.099806
14.122150
14.144497
14.167064
14.189841
14.212572
14.235239
14.258211
14.281911
14.306816
14.332806
14.359206
14.385888
14.412368
14.438860
14.465535
14.492202
14.518482
14.543815
14.567914
14.591104
14.613735
14.636305
14.659152
14.682269
14.705262
14.728098
14.751132
14.774823
14.799714
14.825729
14.852185
14.878769
14.905274
14.931815
14.958474
14.984937
15.010880
15.035821
15.059548
15.082317
15.104550
15.126786
