0.000000
32.126755
32.155807
31.577673
30.380770
28.412312
28.323847
26.213480
24.417221
22.355705
21.193699
19.738157
17.609612
16.832195
15.776307
10.863516
20.014486
16.197083
-0.060358
-9.356382
-5.218191
-3.714059
-1.891888
-0.568100
0.207583
0.636345
2.008004
1.418415
1.425364
0.935472
0.582044
0.831196
0.552266
0.008441
0.087378
0.039319
1.189958
4.203950
5.386274
35.549999
35.549999
35.263554
0.000000
25.451830
23.386471
17.617592
12.884322
1.434827
-2.986698
-3.996789
-4.238680
-5.231953
-3.931162
0.092280
5.024370
0.361453
10.548695
-0.106566
-0.104519
-0.003051
-0.097972
-0.019248
-0.032691
-0.048079
26.643305
26.640408
26.637896
26.636822
26.644402
26.644438
26.562876
26.562317
26.612835
26.646482
0.000000
29.940813
30.549683
30.807796
28.834087
28.998814
26.439112
25.541208
25.940968
25.610880
20.538883
20.261375
18.651533
17.518440
18.265966
8.485795
15.196979
3.849275
0.106541
-4.514647
-4.942870
-3.240834
-2.124771
-1.078130
-0.233378
0.367463
1.646930
3.733681
3.591551
3.632209
1.925381
-0.106642
-0.106625
-0.105396
25.979202
17.851643
11.844933
-22.022558
-16.368416
-5.837231
-2.890182
-0.863336
0.505380
1.307354
0.627594
0.979890
0.493024
-0.224175
-1.180436
-0.316697
5.130267
3.358932
-1.481189
0.000000
29.324039
25.090042
2.766136
1.753845
30.281973
8.726513
-13.184397
-3.547906
-1.103381
-1.909795
-0.865170
0.098254
0.905274
0.163983
-0.616425
-0.434696
-0.613867
6.383608
11.476214
14.171949
11.906278
0.000000
29.407091
29.889748
29.868347
29.899427
30.020832
30.273495
30.748739
18.616890
-14.798210
-2.276119
-1.228798
-2.903659
0.000338
0.548108
1.315250
0.612740
-1.068080
0.403388
-0.184244
0.361447
0.980606
0.236639
-0.888020
0.000000
30.082327
30.075293
32.188404
32.255753
16.518505
-0.903452
-2.930746
-2.569517
-0.676619
0.834807
1.532657
0.517825
-0.224894
-0.455970
-0.475830
-0.657155
0.117733
-0.596501
4.573868
0.000000
29.122126
29.382071
31.750448
31.921217
27.127890
-0.460063
-2.363667
-1.698996
-1.236132
0.711980
1.618412
0.428399
-0.044971
0.209182
0.113226
-0.380289
0.031132
-0.904612
-0.741480
0.000000
29.327276
29.516279
31.056049
31.360300
18.118450
-5.059630
-0.985927
-1.975002
-0.666347
-1.373554
0.584570
1.417390
0.346914
1.232776
1.169862
0.008976
-0.378366
-0.299666
-1.477728
0.000000
29.021236
29.249035
29.965391
30.244049
30.655670
20.161703
-7.935545
-0.446927
-0.541727
-0.675861
-0.214746
-0.292101
1.086683
0.255507
1.426316
1.764087
0.593895
-0.477096
-0.082246
-1.213494
-0.949639
0.000000
29.090675
29.260786
29.869253
30.292068
20.673410
-5.422649
0.156794
-0.626945
-0.537347
-0.135125
-0.472882
1.486871
0.565187
1.062039
1.461683
0.453837
0.499080
-0.315364
-1.619605
-1.026649
0.000000
29.231512
29.358297
30.319736
30.695305
20.042370
-5.717128
-0.007256
-0.550719
-0.432770
-1.255571
-0.096153
1.518376
0.450215
1.197268
1.256494
0.029038
-1.147674
-0.521093
-1.265459
-0.813090
0.000000
28.881250
29.044529
30.703274
31.083986
17.436535
-3.517446
-0.146999
-0.562881
-0.586270
-0.782695
0.864079
1.016793
0.423969
1.449923
1.276888
-0.626289
0.170531
-0.952893
-1.424690
0.000000
29.335226
29.421965
30.218868
30.534149
30.956163
20.153698
-2.883503
-0.625032
-1.110840
-1.563126
-0.550091
1.350362
1.233871
0.401622
1.182898
0.765443
-0.788603
-0.386259
-0.420412
-0.874620
0.000000
29.295773
29.433090
30.961424
31.275023
15.628279
-4.738901
-1.793748
-2.324506
-1.626881
0.273144
1.649144
1.274477
-0.276805
0.489449
-0.168690
-0.975633
-0.010125
-0.275721
-0.132623
0.000000
28.469492
28.645365
30.980757
31.234221
23.085831
-2.242053
-1.013812
-2.977440
-1.512141
-0.211002
1.518342
1.314516
-0.233419
0.345498
0.083481
-0.607052
0.103461
-0.256081
-0.646303
0.000000
28.545202
28.590767
30.422194
30.772144
17.915850
-5.897779
-1.713685
-3.461838
-1.658306
-0.474267
1.425415
1.376820
-0.128278
0.552441
0.177445
-0.758103
0.126761
-0.139236
-0.712351
0.000000
28.319763
28.492939
30.512226
30.839020
19.798885
-3.321175
-1.121628
-3.530626
-1.677550
-0.367248
1.373236
1.345796
-0.282224
0.411515
0.227822
-0.619042
0.407390
0.113594
-0.577835
0.000000
28.435875
28.595064
30.503839
30.836073
17.275719
-4.849254
-1.401576
-3.744435
-1.861235
-0.049415
1.398104
1.373477
-0.304305
0.315625
0.042907
-0.738546
0.255727
0.050068
-0.590438
0.000000
28.341009
28.561838
30.804392
31.100370
19.096939
-4.036243
-1.185431
-3.501329
-1.832184
-0.099020
1.454908
1.388126
-0.269595
0.302493
0.046568
-0.647112
0.241050
-0.030924
-0.619125
0.000000
28.440008
28.603554
30.649349
30.964317
17.351334
-4.784123
-1.214607
-3.518269
-1.900609
-0.410128
1.428747
1.408921
-0.224125
0.341578
0.032443
-0.681859
-0.030492
-0.113629
-0.576206
0.000000
28.212475
28.427753
30.685616
30.987574
19.909714
-3.399033
-0.923144
-3.207743
-1.675540
-0.389921
1.374533
1.374922
-0.246718
0.281182
0.160701
-0.341594
0.236444
-0.140240
-0.573893
0.000000
28.593540
28.775114
30.712633
31.037024
17.171068
-10.307132
-0.962029
-3.084714
-2.006239
-0.719958
1.208502
1.500959
-0.049234
0.435598
0.294720
-0.401072
0.099092
-0.029325
-0.725704
0.000000
28.521309
28.738722
30.558130
30.897097
18.389637
-9.055433
-0.799122
-3.216665
-1.858693
-0.712206
1.195772
1.477562
-0.119734
0.407543
0.376881
-0.312602
-0.053213
-0.073434
-0.695417
0.000000
28.565849
28.794605
30.618462
30.959846
31.322578
23.489574
-1.007252
-3.055147
-1.991988
-0.866857
0.979799
1.625864
-0.007961
0.218061
0.409564
-0.016188
-0.156380
-0.141027
-0.714604
4.602443
0.000000
29.048067
29.202055
31.229015
31.541058
21.290588
-3.756848
-2.498957
-1.108562
-1.054584
0.471582
1.800072
0.281477
0.261113
0.584761
0.270413
-0.552064
-0.281914
-0.816284
-0.671876
0.000000
28.892460
29.053850
30.672829
31.060127
17.824810
-5.840788
-1.024019
-1.695261
-0.675200
-1.281349
0.492193
1.264045
0.341806
1.533204
1.332452
-0.115770
-0.800679
-0.485460
-1.207022
0.000000
28.418835
28.483606
29.444275
29.846897
30.348776
21.923721
-6.750797
-0.638380
-1.246287
-0.733776
-1.353189
-0.153090
1.169710
0.347779
1.589128
1.372105
0.076176
-0.894103
-0.395438
-0.933270
0.000000
28.673449
29.088598
30.073212
30.475468
30.940756
18.540586
-1.705898
-0.276240
-1.036422
-1.171924
-0.803605
1.133430
0.937147
0.356059
1.378587
1.093077
-0.689121
0.085699
-0.880136
-1.204927
0.000000
29.043192
29.141466
30.356819
30.727779
18.446037
-8.180350
-1.051954
-1.062282
-1.538334
-1.157814
0.577884
1.691503
0.302572
0.681457
0.494474
-0.315390
-0.964827
-0.283177
-0.863594
0.163345
0.000000
28.965643
29.124910
31.149607
31.470186
19.562229
-4.080956
-2.083192
-1.643301
-1.473643
0.052455
1.715489
0.590618
0.228806
0.533872
0.308165
-0.590205
-0.030165
-0.934134
-0.839059
0.000000
28.810148
28.959568
30.877665
31.228262
18.313347
-5.260497
-1.931514
-1.796370
-1.933329
-0.854054
1.056539
1.300470
0.264729
0.942932
0.605317
-0.735610
-0.406307
-0.412110
-0.920882
0.000000
28.347242
28.458668
30.309639
30.677277
19.501396
-8.341375
-1.301068
-2.411902
-1.913971
-0.951366
0.934569
1.555596
0.089314
0.718057
0.822570
-0.328384
-0.443823
-0.222231
-0.787214
0.000000
28.231726
28.386412
30.207514
30.582628
30.987541
21.907669
-1.945947
-2.136160
-2.171264
-1.302405
0.751919
1.700767
0.241075
0.352658
0.573787
-0.012493
-0.351701
0.013101
-0.910533
-0.714314
0.000000
28.666105
28.819153
30.903656
31.247406
18.530655
-3.219650
-2.614277
-2.370003
-1.710071
0.380336
1.808521
0.675742
0.215556
0.405207
0.171486
-0.573088
0.051382
-0.879715
-0.823755
0.000000
28.756626
28.908709
31.144291
31.425196
18.555092
-4.901747
-2.960444
-2.214164
-1.742178
-0.220317
1.836865
1.064815
0.024320
0.368769
0.150409
-1.015885
-0.302675
-0.696108
-0.735940
0.000000
28.446432
28.609264
30.961166
31.251322
21.243757
-3.798784
-2.170851
-2.658494
-1.690497
-0.214247
1.645443
1.109738
0.033484
0.386086
0.172547
-0.947760
-0.208764
-0.477902
-0.646389
0.000000
28.236322
28.412050
30.720179
31.046072
22.486286
-2.192774
-1.917531
-3.239420
-1.645382
0.048696
1.647372
1.134745
-0.217432
0.538142
0.162774
-0.866015
0.204671
-0.110315
-0.546933
0.000000
28.264881
28.410496
30.669727
30.986227
21.740707
-1.130125
-1.903009
-3.671707
-1.551188
0.662082
1.439671
1.172242
-0.434469
0.471564
-0.031030
-0.952286
0.424304
0.296406
-0.372531
0.000000
28.235168
28.415010
30.866863
31.159046
20.103466
-1.232265
-1.513688
-3.846674
-1.467014
0.559589
1.253078
1.298656
-0.332911
0.290596
-0.241471
-0.987015
0.264956
0.272152
4.511642
0.000000
27.971384
28.174805
30.934515
31.184534
22.424526
-0.796170
-1.675459
-3.802030
-1.500564
0.481858
1.338380
1.301286
-0.336533
0.293572
-0.212757
-0.924602
0.199493
0.169586
4.582659
0.000000
27.756310
27.977003
30.802002
31.092817
24.334911
-0.390036
-2.077729
-3.539232
-1.379089
0.571737
1.325369
1.185864
-0.422381
0.448051
-0.042708
-0.923376
0.415158
0.451538
-0.421376
0.000000
28.156794
28.345274
30.897865
31.198063
19.662115
-1.944939
-1.814009
-3.954695
-1.534038
0.554389
1.313650
1.284057
-0.355045
0.398966
-0.247272
-1.043458
0.224090
0.375579
4.528238
0.000000
28.075911
28.258753
31.037733
31.307592
23.733387
-1.373785
-1.732683
-3.856674
-1.587171
0.462375
1.397690
1.245533
-0.399199
0.341569
-0.185637
-0.932429
0.266096
0.391029
-0.413567
0.000000
28.158422
28.386374
30.952162
31.255581
22.086489
-3.334896
-1.263343
-3.910977
-1.682973
0.485740
1.184589
1.269992
-0.447990
0.234959
-0.146750
-0.847004
0.505820
0.749812
-0.375341
0.000000
28.483011
28.697981
31.359028
31.584362
18.881502
-6.974164
-1.565215
-3.772337
-2.171812
0.186385
1.375584
1.385725
-0.323314
0.269517
-0.438295
-0.930685
0.118275
0.123995
4.844991
0.000000
28.462315
28.720919
31.538429
31.737139
25.517151
-2.617864
-1.152060
-3.405710
-1.527283
0.390882
1.440932
1.205962
-0.303578
0.272599
-0.205884
-0.716243
0.382290
0.090700
-0.580902
0.000000
28.530396
28.673841
30.857391
31.188139
19.684927
-4.461141
-1.004157
-3.823929
-1.794611
0.061296
1.466537
1.334779
-0.393060
0.177678
-0.295228
-0.753489
0.193207
0.173235
-0.440906
0.000000
28.408445
28.688427
31.134533
31.434771
22.246639
-3.299380
-1.141461
-3.408111
-1.581993
0.215302
1.397947
1.205959
-0.401359
0.210064
-0.171277
-0.648926
0.391558
0.296667
-0.442805
0.000000
28.482464
28.704256
30.924826
31.254147
19.369658
-4.914713
-1.038350
-4.110126
-1.715168
0.256334
1.286844
1.271447
-0.403221
0.206566
-0.217392
-0.755211
0.474403
0.434301
-0.473558
0.000000
28.596842
28.852552
31.102316
31.404053
18.307575
-5.781199
-1.224481
-3.856706
-1.787845
0.264085
1.279428
1.283066
-0.437274
0.093873
-0.358547
-0.757829
0.303038
0.447963
-0.379449
0.000000
28.513359
28.821373
31.259510
31.543074
21.289066
-4.739269
-0.990643
-3.765575
-1.724770
0.218367
1.294447
1.240446
-0.407664
0.104872
-0.282696
-0.679121
0.392181
0.439618
-0.423041
0.000000
28.608248
28.881113
31.148981
31.449942
19.910755
-5.476465
-1.065499
-4.084414
-1.794378
0.187304
1.238301
1.269442
-0.396146
0.155607
-0.309120
-0.719439
0.449372
0.505524
-0.432590
0.000000
28.605389
28.894848
31.111031
31.420792
19.724579
-5.782165
-1.152305
-3.972823
-1.738136
0.174209
1.290774
1.270534
-0.420188
0.108370
-0.331919
-0.684444
0.418636
0.420367
-0.449529
0.000000
28.635698
28.922953
31.108919
31.421028
18.501982
-5.896608
-1.373613
-3.378518
-1.735224
0.112207
1.237875
1.233212
-0.366621
0.166551
-0.249089
-0.734437
0.479496
0.504568
-0.493409
0.000000
28.751057
29.045139
31.038719
31.354757
19.239883
-6.079854
-1.485455
-3.929266
-1.697414
0.116813
1.279321
1.264745
-0.437658
0.155636
-0.213606
-0.620484
0.520636
0.509283
-0.456192
0.000000
28.706350
29.020147
31.013870
31.336102
17.040098
-6.493354
-1.660521
-3.963388
-1.569734
0.157106
1.304803
1.294713
-0.388601
0.228752
-0.167414
-0.645573
0.682988
0.471546
-0.636769
0.000000
29.045469
29.335636
31.167509
31.464516
16.613443
-7.359488
-1.448522
-3.694715
-1.984282
-0.085398
1.407773
1.414089
-0.339282
0.232943
-0.344341
-0.715336
0.294057
0.187503
-0.552997
0.000000
28.571339
28.902533
31.026005
31.351477
20.126513
-5.449295
-1.849208
-2.791908
-1.342592
-0.091876
1.384415
1.132809
-0.351452
0.564012
0.178346
-0.468829
0.725213
0.343622
-0.761493
0.000000
29.391731
29.617567
30.720675
31.044668
18.096420
-5.684901
-0.962458
-3.445656
-1.798360
-0.281463
1.530517
1.585980
-0.303939
0.022973
-0.084609
-0.471052
0.608730
0.570329
-0.595514
0.000000
29.046265
29.388000
31.245892
31.520048
16.249813
-15.579428
-2.052146
-2.908811
-1.567727
0.008819
1.403909
1.344518
-0.211332
0.149743
0.087720
-0.377048
0.758283
0.910608
-0.956204
0.000000
29.545944
29.755018
31.046402
31.314257
16.525244
-13.309372
-0.808564
-3.421195
-1.693699
-0.898911
1.160455
1.667800
0.058330
0.052045
0.206703
-0.383785
0.177924
0.513518
-0.834714
4.809868
0.000000
29.391418
29.643738
31.395973
31.730028
18.372118
-1.915660
-2.489770
-1.394568
-1.067679
0.959911
1.580441
0.187692
0.023800
0.401811
-0.021248
0.045148
0.466012
-0.728716
-0.217679
0.000000
29.538704
29.785213
31.239697
31.596550
17.665125
-2.067669
-1.466472
-1.821371
-1.412758
0.231201
1.630356
0.626500
-0.102248
0.553658
0.302758
-0.283139
0.366932
-0.666478
-0.881603
0.000000
29.563730
29.790543
31.175819
31.529196
17.050489
-6.526483
-1.334744
-2.120382
-0.500696
-0.827677
1.247995
1.305323
-0.046343
0.897853
0.439625
-0.466767
0.085627
0.006945
-0.988472
0.000000
29.172812
29.428806
30.673578
31.057337
18.833462
-8.039617
-0.949650
-2.827279
-1.783633
-0.738477
1.252012
1.595410
-0.111294
0.435248
0.191983
-0.549289
0.121645
0.295491
-0.579121
0.000000
28.786203
29.107182
30.926750
31.291813
17.798130
-12.219702
-1.488570
-3.183701
-1.614145
-0.495063
1.389552
1.372320
-0.291877
0.160896
0.078993
-0.330993
0.335276
0.423388
-0.465489
0.000000
28.763060
29.078482
30.864006
31.219580
17.535244
-11.368327
-1.135513
-3.534076
-1.830810
-0.636779
1.381207
1.444303
-0.238008
0.177705
0.159681
-0.221386
0.388539
0.474040
-0.508419
0.000000
28.894690
29.197117
30.776606
31.133919
17.522903
-13.310575
-1.513278
-3.183359
-1.738974
-0.658267
1.363461
1.409017
-0.218111
0.110086
0.219208
-0.381548
0.703979
0.851744
-0.601923
0.000000
29.111141
29.367613
30.815516
31.151688
17.335901
-12.819613
-0.908070
-3.937809
-1.932975
-0.374667
1.421135
1.577491
-0.227217
-0.038126
0.031118
-0.453655
0.435466
0.611696
-0.540493
0.000000
28.870266
29.217993
31.188721
31.498503
16.491436
-14.089732
-1.640699
-3.011424
-1.737326
-0.582502
1.463934
1.398739
-0.204612
0.195423
0.122381
-0.334898
0.238668
0.469501
-0.564755
0.000000
28.869482
29.161985
30.769678
31.126822
18.360878
-9.671830
-0.982352
-3.174176
-1.770124
-0.700089
1.309631
1.412826
-0.210369
0.193774
0.187607
-0.303202
0.209462
0.449983
-0.507701
0.000000
28.708632
29.006784
30.677273
31.067383
18.410393
-10.559907
-1.252135
-3.075347
-1.630585
-0.640313
1.321724
1.370715
-0.206422
0.079635
0.331315
-0.287639
0.680279
0.963518
-0.552595
0.000000
29.192730
29.447433
30.798616
31.140831
16.602577
-13.527962
-0.724677
-4.228490
-2.173772
-0.556339
1.567605
1.682424
-0.122532
-0.161381
-0.005062
-0.539249
0.328187
0.723534
-0.503275
0.000000
28.889776
29.278996
31.390152
31.667173
16.019501
-14.376598
-1.310295
-3.436981
-1.955637
-0.582221
1.459115
1.439909
-0.232732
0.059918
0.004244
-0.348972
-0.202626
0.300105
-0.445294
0.000000
28.481129
28.834539
30.832434
31.207945
31.606771
25.328455
-1.305184
-2.443305
-1.777514
-0.876251
0.962523
1.464159
-0.013882
0.029146
0.361172
0.169300
0.407083
0.501405
-0.526581
-0.617591
0.000000
29.534117
29.779810
31.250406
31.619728
16.449898
-1.135882
-3.434714
-1.945466
-1.292484
1.080351
1.732672
0.424480
-0.179918
0.206989
-0.323636
-0.062119
0.596230
-0.660884
5.793539
0.000000
29.518217
29.741447
31.685314
31.956177
18.320890
-2.313638
-2.375391
-1.294077
-1.072280
0.689198
1.697839
0.296631
-0.064043
0.360399
0.081364
-0.421321
0.014008
-0.682935
-0.691538
0.000000
29.275553
29.545225
31.299530
31.666164
18.030815
-4.556999
-0.900415
-1.753727
-0.525423
-0.558490
0.744345
0.763417
0.202194
1.475666
0.659745
-0.278010
-0.372284
-0.504551
-0.980283
0.000000
29.027126
29.154156
30.093193
30.571095
31.126865
20.625883
-1.865235
-0.460697
-1.385357
-0.428693
-0.959639
0.863951
0.870850
0.561991
1.625678
0.677998
-0.463934
-0.279614
-0.707602
-0.971539
0.000000
29.303209
29.555101
30.823036
31.259319
18.224781
-5.615824
-0.382500
-1.519662
-0.297444
-0.907355
0.587230
1.365224
0.190830
1.155691
1.034773
-0.390801
-0.862363
-0.187776
-1.135864
0.000000
28.830858
29.139706
30.694736
31.111115
31.539377
19.613525
-2.263342
-1.003963
-0.687170
-0.977371
-0.133853
1.317487
0.123970
0.796288
1.057671
0.311814
-0.887754
-0.354949
-0.707144
-0.729423
0.000000
29.142618
29.392521
30.981987
31.435734
19.500586
-5.105730
-0.577006
-1.263570
-0.299479
-0.872297
0.748601
1.024858
0.250455
1.508606
0.924649
-0.394696
-0.505750
-0.114581
-0.927076
0.000000
29.041924
29.183784
30.304399
30.758646
19.625179
-7.055219
-1.125427
-1.946840
-1.688938
-0.905641
1.130620
1.572582
0.003346
0.673306
0.463171
-0.630508
-0.285937
0.146159
-0.593917
0.000000
28.183659
28.465988
30.534851
30.962532
19.451391
-4.022369
-0.762592
-3.255682
-1.548831
-0.387069
1.330537
1.448125
-0.251363
0.213828
0.282161
-0.383899
0.136852
0.367564
-0.394364
0.000000
28.280846
28.622587
30.890329
31.261929
18.474756
-7.520822
-0.809228
-4.048617
-1.972244
-0.492870
1.503890
1.551554
-0.189514
0.125765
0.040635
-0.470331
-0.008635
0.244652
-0.386749
0.000000
28.149212
28.536999
31.104286
31.443035
20.772060
-4.502294
-0.884830
-2.599448
-1.543205
-0.411821
1.430243
1.458563
-0.216493
0.089214
-0.018578
-0.440381
-0.245606
0.078961
-0.392203
0.000000
28.290274
28.650362
31.038517
31.401188
20.432621
-6.041969
-0.703877
-2.194913
-1.693490
-0.709157
1.138498
1.353216
-0.099053
0.454982
0.301924
-0.312154
-0.043452
0.249659
-0.422456
0.000000
28.512451
28.820084
30.723118
31.145187
17.392767
-10.183164
-1.140866
-3.841422
-2.007395
-0.692679
1.322119
1.485177
-0.221137
0.239910
0.059120
-0.409213
-0.075929
0.352521
-0.344774
0.000000
28.095776
28.468168
30.925451
31.294344
21.415257
-3.884684
-0.944292
-2.772944
-1.295828
-0.369219
1.299633
1.318159
-0.294251
0.068970
0.078355
-0.296255
0.101983
0.402847
-0.336689
0.000000
28.433250
28.781824
30.927416
31.318027
17.946308
-9.166956
-1.098251
-3.669700
-1.953573
-0.659665
1.365387
1.438029
-0.214547
0.147344
0.074088
-0.407536
0.129967
0.497892
-0.332249
0.000000
28.376343
28.733000
30.923162
31.308117
19.026955
-6.853435
-0.701008
-3.596276
-1.677284
-0.447541
1.399886
1.395109
-0.270051
0.092938
0.018405
-0.359510
0.211436
0.489458
-0.326367
0.000000
28.566713
28.930088
30.994471
31.374565
18.218716
-8.920775
-0.930990
-3.781195
-1.865292
-0.585707
1.410042
1.423567
-0.287213
0.083876
-0.023252
-0.369441
0.132689
0.502355
-0.300891
0.000000
28.400486
28.766768
30.962812
31.344744
20.346735
-6.207898
-0.581089
-3.143615
-1.638246
-0.527164
1.288350
1.284641
-0.323046
0.141478
0.062588
-0.212457
0.184374
0.499030
-0.291167
0.000000
28.575790
28.929876
30.838085
31.238028
18.789726
-9.694010
-1.154172
-3.397752
-1.721100
-0.577937
1.320433
1.358535
-0.312395
0.174788
0.104648
-0.292736
0.293679
0.641614
-0.293734
0.000000
28.688461
29.019678
30.814255
31.208933
17.893625
-10.254540
-1.113907
-3.634937
-1.734956
-0.553593
1.432079
1.375188
-0.338517
0.046790
0.005025
-0.455067
0.538986
0.818591
-0.324548
0.000000
28.706650
29.046391
30.971600
31.344482
16.859066
-11.246304
-1.011823
-4.156291
-1.923027
-0.227473
1.464606
1.460149
-0.323697
-0.012432
-0.184565
-0.470901
0.470938
0.695898
-0.338048
0.000000
28.652197
29.053404
31.231241
31.565542
18.998878
-6.273463
-1.300724
-3.366132
-1.911745
-0.323226
1.427166
1.323851
-0.354348
0.200329
-0.136749
-0.487815
0.032964
0.538668
-0.355814
0.000000
28.489319
28.839722
30.814161
31.223688
19.966553
-3.126130
-1.301152
-3.243881
-1.471139
-0.434350
1.388000
1.175656
-0.473055
0.221043
0.001659
-0.493991
0.225582
0.814812
-0.312926
0.000000
28.678083
29.006990
30.697945
31.120380
18.480301
-5.536504
-1.410028
-4.119355
-1.660556
-0.034278
1.386601
1.292411
-0.502282
-0.067925
-0.239372
-0.558727
0.491146
0.954296
-0.299398
0.000000
28.570961
28.962141
31.091871
31.455254
16.938190
-6.729909
0.000000
20.006258
31.180967
29.903708
28.978395
28.003654
26.129444
26.079620
26.025179
23.228216
24.667732
20.648876
20.106882
19.613434
0.749353
-3.754703
-0.434823
-0.019226
-0.017146
-0.333448
-0.452679
-0.648545
0.014531
-0.260061
-0.064628
0.899162
-0.251957
0.399087
0.778662
0.971003
0.060792
0.000000
7.346963
27.325930
24.404572
27.186848
29.320267
25.889414
-3.203863
-1.108465
-0.344241
0.705962
1.570126
1.499645
1.155630
1.438190
0.517211
-0.459538
-0.342337
-0.181157
-0.918775
-0.960903
0.000000
29.688980
30.084841
32.069176
31.992756
10.920605
-2.847754
-2.825081
-2.583457
-1.222666
0.895769
0.924708
0.691794
0.808429
0.188895
-0.671866
-1.266228
0.264487
5.940331
6.330782
0.000000
28.749462
28.968777
31.020021
31.421432
24.093256
-2.775017
-0.813913
-1.854693
-0.558306
-1.032596
0.592989
1.144360
0.337533
1.279899
0.704519
-0.689329
-0.511239
-0.341752
-1.072255
0.000000
28.710421
28.892862
30.209576
30.785885
20.868788
-11.458933
-1.343936
-1.220417
-0.930032
-1.408618
-0.492907
1.304471
0.886670
0.442535
0.972077
-0.196234
-0.854943
0.309556
-0.518998
-0.848311
0.000000
29.029613
29.267488
31.393150
31.756405
19.293915
-3.855661
-2.897115
-2.454939
-1.003504
0.910303
1.773884
0.687739
-0.222613
0.218189
-0.073681
-0.379783
0.422390
-0.272360
-0.680088
0.000000
28.959644
29.234531
31.507864
31.813660
19.936615
-2.839490
-3.079951
-2.799539
-1.401400
0.723274
1.737413
0.767819
-0.199696
0.089666
-0.153601
-0.370757
0.383918
-0.275484
0.305921
0.000000
28.851744
29.147053
31.587189
31.870310
22.569828
-2.504508
-2.784118
-2.774651
-1.273120
0.840736
1.664926
0.643438
-0.277847
0.106399
-0.079539
-0.309768
0.463287
-0.255330
-0.608446
0.000000
28.921188
29.223131
31.526546
31.833256
21.578688
-2.366182
-2.816080
-2.765614
-1.377136
0.737713
1.658655
0.696720
-0.250879
0.177002
-0.037761
-0.306736
0.512739
-0.295926
-0.656940
0.000000
29.035357
29.329586
31.483360
31.807259
19.763168
-2.886869
-2.783507
-2.526115
-1.321678
0.635784
1.697829
0.749213
-0.212425
0.208017
-0.005352
-0.375204
0.421988
-0.329341
-0.664400
0.000000
28.999092
29.301283
31.449390
31.794239
20.511362
-2.918106
-2.574293
-2.273632
-1.396350
0.552846
1.622253
0.674230
-0.206279
0.219717
-0.005341
-0.393126
0.382175
-0.293765
-0.671522
0.000000
29.015327
29.317307
31.417566
31.778667
20.562429
-2.921097
-2.450899
-2.299019
-1.625921
0.082962
1.663093
0.857792
-0.229476
0.320127
-0.067080
-0.664108
0.127580
-0.388022
-0.719292
0.000000
29.013588
29.290434
31.412209
31.779711
19.469707
-6.075489
-2.833366
-1.843754
-1.110508
-0.372430
1.496785
0.827406
-0.102313
0.570780
0.060075
-0.690899
-0.202051
-0.470159
-0.777736
0.000000
28.769356
29.074266
31.073034
31.523163
20.296198
-5.673745
-2.122540
-1.735845
-0.842680
-0.565578
1.191283
0.795912
-0.097721
0.775528
0.361933
-0.604684
-0.365110
-0.319198
-0.840530
0.000000
28.741751
29.015331
30.728758
31.244019
21.178856
-8.655560
-2.328255
-2.213471
-1.562186
-0.739815
1.039386
1.186862
-0.085545
0.744060
0.420473
-0.579484
0.239185
0.181479
-0.638834
0.000000
28.769291
28.996695
30.823605
31.295347
18.187487
-7.552793
-2.385417
-3.190879
-1.716590
-0.163949
1.638832
1.311663
-0.535976
0.235671
-0.371859
-0.686292
-0.055640
0.478079
-0.340278
0.000000
27.953703
28.364107
31.261505
31.600416
26.082195
-2.440651
-1.433668
-2.224579
-1.154146
-0.101660
1.486377
1.051442
-0.533900
0.146383
-0.120892
-0.472075
0.248254
0.472178
-0.306143
0.000000
28.496670
28.822758
30.864992
31.325851
17.692247
-6.302855
-1.657443
-4.140476
-2.170760
-0.124991
1.587276
1.574406
-0.388392
0.216316
-0.466435
-0.738135
0.079279
0.392170
-0.373828
0.000000
28.101503
28.534447
31.355164
31.697174
25.278744
-3.598988
-1.351479
-1.561977
-1.208564
-0.198605
1.545019
1.021480
-0.432941
0.397119
-0.100879
-0.522237
0.103569
0.415468
-0.345175
0.000000
28.753775
29.101629
30.832670
31.292658
17.497459
-6.564485
-1.834657
-4.374848
-2.040523
-0.119975
1.648133
1.629619
-0.427300
0.220608
-0.498495
-0.754957
0.272012
0.507154
-0.415657
0.000000
28.416777
28.842794
31.341341
31.700891
22.070736
-6.567389
-1.729646
-1.952764
-1.407976
-0.159606
1.459730
1.080385
-0.401109
0.419881
-0.137182
-0.608076
0.192103
0.588216
-0.344287
0.000000
28.883654
29.250792
30.948008
31.377739
16.992661
-7.007522
-1.659088
-4.453963
-2.000995
-0.067556
1.552136
1.668715
-0.484303
0.076752
-0.594528
-0.689517
0.177722
0.521571
-0.369052
0.000000
28.281326
28.710384
31.387842
31.720560
24.202602
-4.545600
-1.342621
-1.296177
-1.122574
-0.335471
1.474996
0.847533
-0.487004
0.626762
0.032052
-0.434703
0.169358
0.546234
-0.365577
0.000000
29.145657
29.507578
30.754562
31.191250
17.827900
-6.724989
-1.142147
-4.628497
-2.043655
-0.243149
1.591344
1.783666
-0.499789
-0.001247
-0.695508
-0.759635
0.314261
0.760637
-0.367008
0.000000
28.485651
28.927078
31.400690
31.732880
22.334539
-6.451969
-1.794759
-1.917151
-1.466884
0.128813
1.467638
1.006697
-0.519741
0.367110
-0.126272
-0.466768
0.445066
0.713232
-0.368869
0.000000
29.170778
29.535931
30.883982
31.284866
17.241329
-6.879591
-0.954949
-4.497441
-2.083381
-0.243365
1.532956
1.758834
-0.494870
-0.049898
-0.717537
-0.729836
0.359438
0.705705
-0.402665
0.000000
28.585182
29.019350
31.403643
31.730968
21.675503
-7.261082
-1.834316
-1.759201
-1.177954
-0.127019
1.456192
0.887627
-0.536410
0.512376
-0.078834
-0.440972
0.450796
0.750799
-0.420528
0.000000
29.479029
29.775303
30.828564
31.219936
17.904060
-6.496468
-0.734401
-4.272136
-1.910572
-0.284110
1.502214
1.755565
-0.547080
-0.084187
-0.701697
-0.678775
0.375024
0.704990
-0.417066
0.000000
28.641537
29.073627
31.302641
31.646530
21.313999
-7.208385
-1.646316
-1.512887
-1.059036
-0.257754
1.467304
0.821855
-0.601042
0.568474
-0.015439
-0.361653
0.450039
0.771411
-0.441415
0.000000
29.637615
29.905918
30.750208
31.132906
18.423166
-6.180601
-0.605956
-3.996512
-1.788201
-0.401817
1.537373
1.764645
-0.523336
-0.225293
-0.656014
-0.680410
0.390786
0.826821
-0.418453
0.000000
28.706455
29.147100
31.241899
31.591988
19.973986
-7.979367
-1.523603
-2.073600
-1.332609
-0.408443
1.476840
0.912113
-0.602523
0.372819
-0.039139
-0.332261
0.466691
0.973397
-0.395793
0.000000
29.716070
30.000374
30.764137
31.134468
18.535486
-6.077421
-0.462381
-3.901766
-1.793460
-0.391996
1.421674
1.637447
-0.476753
-0.402440
-0.602364
-0.585449
0.709833
1.181736
-0.279089
0.000000
28.913107
29.341839
31.244957
31.573309
17.831882
-14.943057
-1.859364
-3.535022
-2.080544
-0.124941
1.483265
1.353797
-0.409375
-0.128868
-0.224342
-0.370867
1.048167
1.270914
-0.404370
0.000000
29.643440
29.988947
31.271811
31.545942
15.697948
-15.393007
-0.869604
-3.877874
-1.627025
-0.898514
1.415137
1.590479
-0.195483
-0.316959
-0.310863
-0.618957
0.582953
1.028805
-0.274278
0.000000
29.112982
29.533504
31.201771
31.525349
16.381582
-16.189648
-1.527448
-3.523004
-1.700568
-0.906346
1.454959
1.395801
-0.307638
-0.376811
-0.125731
-0.332815
0.428080
1.081020
-0.103759
0.000000
29.176914
29.508505
30.843809
31.210464
17.534218
-11.979660
-0.781172
-3.353261
-2.148418
-0.831900
1.322240
1.505754
-0.151660
-0.852394
-0.325932
-0.127007
0.963322
1.350327
0.068676
-0.703055
0.000000
29.745478
30.032211
31.494633
31.818047
15.681988
-1.306089
-3.636889
-2.020871
-0.802175
1.085501
1.406234
0.153284
-0.710819
-0.267200
-0.283585
0.604118
1.276151
-0.003056
-0.639104
0.000000
29.739075
30.055090
31.615692
31.905115
14.808609
-1.313704
-3.098190
-2.625072
-0.896774
0.549375
1.436203
0.577692
-0.613497
-0.018312
-0.271592
0.126650
1.198237
-0.128840
-0.786617
0.000000
29.672668
29.977058
31.577911
31.877619
15.496952
-3.095499
-2.016532
-3.345879
-1.005692
0.069819
1.136170
0.981484
-0.470928
0.179017
-0.300449
-0.518177
0.550514
-0.097106
-0.962610
0.000000
29.669216
30.009872
31.546223
31.850561
16.283247
-7.056159
-1.597382
-2.602440
-0.537264
-0.119656
1.352038
1.008641
-0.400921
0.435700
-0.132863
-0.507416
0.283924
0.348984
-0.909821
0.000000
29.145329
29.526537
30.695480
31.137419
20.528008
-12.556561
-1.842473
-1.150799
-1.069686
-1.058642
0.479143
1.324672
0.008279
-0.148982
0.376618
0.072277
0.169062
0.856045
-0.085345
-0.800119
0.000000
29.810791
30.143759
31.026684
31.496365
19.833651
-1.235059
-2.506700
-2.898036
-1.168297
0.683903
1.612034
0.580602
-1.029037
-0.306004
-0.226012
0.401051
0.868098
0.238281
-0.700921
0.000000
29.573963
29.873629
31.820320
32.057907
16.535049
-4.861801
-2.446177
-1.314731
-0.247322
1.253762
1.188609
-0.093547
-0.491014
0.877963
-0.169086
-0.481463
0.742322
0.022335
-0.571972
0.000000
29.614601
29.951189
31.154648
31.543383
19.057785
-2.061133
-1.710045
-3.206796
-1.701670
-0.274522
1.365311
1.062396
-0.702466
0.056410
-0.154516
-0.352852
0.659163
0.052475
-0.811842
0.000000
29.431993
29.781765
31.322762
31.703979
17.166229
-6.426977
-1.296331
-3.197721
-0.864353
-0.303077
1.227661
1.131972
-0.400885
0.546489
-0.235866
-0.564750
0.524668
0.363262
-0.798231
0.000000
29.283175
29.664688
30.975071
31.371069
18.290115
-9.752997
-1.381314
-2.087166
-0.869529
-0.834627
1.160438
1.236616
-0.421563
0.176147
0.024584
-0.358299
0.608308
0.867566
-0.289659
0.000000
29.362535
29.667912
30.850517
31.254820
17.585384
-13.985174
-1.044607
-3.892680
-1.963438
-0.791356
1.490415
1.543694
-0.413560
-0.565369
-0.401164
-0.427968
0.637763
1.353585
-0.006245
0.000000
29.049259
29.399994
31.048798
31.407063
15.829233
-13.674889
-0.828917
-4.336120
-2.066339
-0.360337
1.364976
1.359921
-0.383127
-0.753586
-0.559806
-0.387603
0.669622
1.497113
0.153738
0.000000
28.947863
29.390194
31.155794
31.475634
15.883837
-15.309805
-0.537828
-4.570566
-2.366867
-0.496159
1.296468
1.467984
-0.310781
-0.638949
-0.514951
-0.435008
0.729542
1.407057
0.020155
0.000000
29.060396
29.537018
31.286921
31.578129
14.949554
-16.762566
-1.067509
-4.355710
-1.962637
-0.585268
1.341190
1.451161
-0.242834
-0.601635
-0.432957
-0.474751
0.801023
1.307000
-0.034493
0.000000
29.224340
29.684122
31.218637
31.503330
15.254057
-16.138666
-0.991956
-3.756504
-1.775126
-0.873423
1.217468
1.506904
-0.051504
-0.803253
-0.424051
-0.338691
0.824549
1.468987
0.163592
-0.653823
0.000000
29.780437
30.098717
31.544281
31.859367
15.213907
-1.432794
-3.234450
-2.354954
-0.692882
0.866542
1.322580
0.281536
-0.814421
-0.362774
-0.430814
0.576484
1.440891
0.130863
-0.684385
0.000000
29.740250
30.075377
31.633713
31.921526
14.816507
-1.615759
-3.032593
-2.719378
-0.847739
0.497976
1.318372
0.723314
-0.791221
-0.220483
-0.379074
0.241908
1.244450
0.177545
-0.842827
0.000000
29.810356
30.129009
31.687050
31.939220
14.519840
-3.611625
-1.733722
-3.654746
-1.065641
0.454669
1.194596
0.790448
-0.632388
0.407286
-0.556233
-0.587628
0.550525
0.059826
-0.853189
0.000000
29.528172
29.899372
31.269632
31.609278
18.399082
-6.600091
-1.241233
-1.890558
-0.578026
-0.109591
0.943042
0.755678
-0.683299
0.481362
0.116764
-0.261889
0.559680
0.405531
-0.904078
0.000000
29.671402
30.005594
30.525593
30.942640
19.579384
-13.432782
-1.195842
-2.224287
-1.763712
-1.035970
0.493897
1.514467
0.356797
-0.452259
-0.018828
-0.200212
0.603155
1.341300
-0.076352
-0.785746
0.000000
29.988443
30.293533
31.390852
31.753637
15.839264
-1.689706
-2.806991
-2.592463
-1.314643
0.615830
1.411181
0.647802
-0.943400
-0.288928
-0.298071
0.346613
1.285476
0.322706
-0.727902
0.000000
29.756639
30.071817
31.732218
31.974552
13.163290
-3.600418
-2.112528
-3.568795
-0.796530
0.596468
1.089770
0.713049
-0.617920
0.220855
-0.570072
-0.442227
0.736054
0.099260
-0.816012
0.000000
29.738438
30.094694
31.546154
31.814247
15.445055
-6.705471
-1.675674
-2.725372
-0.752852
0.231814
1.365319
0.820937
-0.730854
0.363754
-0.209858
-0.399997
0.466004
0.202656
-0.899181
0.000000
29.292900
29.680712
30.650398
31.074003
19.864304
-13.145734
-1.574640
-0.916368
-1.337802
-0.522444
0.449029
1.173808
-0.064985
-0.123872
0.147171
0.132329
0.558461
0.979635
-0.138138
-0.782127
0.000000
30.217522
30.509451
31.072899
31.478535
17.725231
-1.902593
-1.579079
-2.970963
-1.025808
0.221553
1.241361
0.799206
-0.983723
-0.293837
-0.102928
0.328454
1.353902
0.436651
-0.790425
0.000000
29.918646
30.249664
31.697041
31.955391
14.089083
-3.368868
-1.844992
-4.091554
-1.269206
0.333810
1.250931
0.919430
-0.678752
0.292121
-0.883073
-0.732796
0.735479
0.451942
-0.579949
0.000000
29.283220
29.683306
31.334663
31.655495
20.042175
-5.714254
-1.557261
-2.389558
-1.076571
0.032669
1.316161
0.713388
-0.884945
0.205362
-0.048157
-0.388017
0.948213
0.764409
-0.669439
0.000000
29.973757
30.256016
30.991623
31.324234
18.320026
-8.408747
-1.008278
-3.266244
-1.178681
-0.889989
1.190893
1.663747
-0.292683
-0.469968
-0.625333
-0.713265
0.629365
1.208915
-0.104904
0.000000
29.061430
29.541031
31.179918
31.508085
17.042503
-15.889103
-1.855070
-3.333299
-2.023152
-0.507819
1.448322
1.285748
-0.441310
-0.607258
-0.368774
-0.303247
0.961220
1.483529
0.191797
0.000000
29.568377
30.003523
31.119209
31.414761
15.519712
-16.309536
-0.813902
-3.269917
-1.838812
-0.537217
1.099139
1.405822
-0.122700
-0.994909
-0.716850
-0.524153
0.663216
1.512094
0.320430
-0.677121
0.000000
29.595026
29.932314
31.734255
31.989340
14.293104
-2.015181
-4.064001
-1.720958
-0.210418
0.983690
1.188676
0.039684
-0.781369
-0.389830
-0.291366
0.845835
1.638011
0.210517
-0.662193
0.000000
30.076462
30.377941
31.556496
31.851795
15.342283
-1.693366
-2.330968
-2.924291
-0.727871
0.423201
1.302548
0.641614
-0.874025
-0.344940
-0.555235
0.247824
1.282106
0.245484
-0.830525
0.000000
29.753836
30.077379
31.746742
32.000263
14.056303
-4.078907
-2.137785
-3.263509
-0.885281
0.655939
1.087885
0.769119
-0.684652
0.050664
-0.549965
-0.375566
0.635064
0.063275
-0.884392
0.000000
29.746908
30.116667
31.413586
31.723013
16.858814
-7.678199
-1.165510
-2.152516
-0.566673
-0.193775
1.397447
0.983257
-0.619143
0.320333
-0.285086
-0.260099
0.539715
0.450814
-0.678235
0.000000
29.447651
29.835327
30.542952
30.934242
31.449038
19.549109
-2.750009
-0.777124
-1.634690
-0.578094
0.305326
1.129705
0.182261
-0.473691
0.028884
0.119396
0.433700
0.946438
0.156655
-0.706754
0.000000
30.153898
30.445793
31.157969
31.531507
17.325638
-3.431037
-1.365453
-2.915145
-0.891557
0.350749
1.186168
1.095287
-0.860069
-0.043332
-0.528786
-0.409376
0.787394
0.475345
-0.738469
0.000000
29.530630
29.924028
31.298187
31.624666
16.437073
-6.609228
-1.478435
-2.266198
-0.690660
0.021902
1.405293
0.808402
-0.762951
0.516845
-0.240482
-0.406515
0.563579
0.423021
-0.790928
0.000000
29.460865
29.861305
30.667269
31.063541
19.746780
-14.415260
-1.843520
-1.458162
-1.388129
-0.611323
0.569203
1.380447
-0.029556
-0.361389
-0.079130
0.002710
0.760791
0.836602
-0.064163
-0.716366
0.000000
30.116838
30.448576
31.248253
31.627930
15.645151
-3.384335
-0.811806
-1.559422
-0.371549
0.882968
1.274299
0.068049
-0.868515
-0.086141
-0.018000
0.505751
1.461082
-0.078149
-0.966444
0.000000
30.300564
30.611721
31.548704
31.831825
16.266695
-3.612080
-1.252979
-3.501668
-0.945126
0.231247
1.251517
1.328941
-0.696647
-0.227542
-1.280334
-0.890460
0.492570
0.870628
0.960384
0.000000
28.881477
29.363760
31.241955
31.573772
21.696238
-6.041352
-0.934435
-1.197119
-0.484595
-0.150717
1.386598
0.553157
-0.877965
0.523500
0.137967
-0.278537
0.556941
0.966603
-0.279787
0.000000
30.107067
30.361881
30.531704
30.839493
19.529079
-7.095980
-0.403127
-2.594706
-1.524477
-1.017802
0.964416
1.475852
-0.218752
-0.649143
-0.472871
-0.414053
0.829029
1.132920
0.067894
4.794033
0.000000
29.781313
30.161985
31.373463
31.753077
15.303860
-2.967129
-2.041348
-1.720947
-0.585448
0.922336
1.130897
-0.018177
-0.783669
-0.288860
-0.106668
0.818028
1.488934
0.247843
-0.695848
0.000000
30.244621
30.557667
31.463539
31.772003
16.028534
-1.711128
-1.722305
-3.394399
-1.208214
0.576014
1.125302
0.575726
-0.971155
-0.298588
-0.359654
0.236505
1.334912
0.327837
-0.759573
0.000000
29.814621
30.169458
31.589188
31.869123
15.044737
-3.746200
-1.951092
-3.667600
-1.134103
0.477942
1.081854
0.993219
-0.852163
0.009055
-0.654787
-0.455286
0.630414
0.350802
5.334890
0.000000
29.488535
29.885746
31.180689
31.548971
18.761261
-6.248190
-0.505941
-1.127644
-0.243147
-0.059831
1.390795
0.531760
-0.845401
0.656353
-0.149973
-0.194459
0.614699
0.457813
-0.768122
0.000000
30.086426
30.409689
30.605148
30.942448
19.649647
-13.594900
-1.629731
-1.451023
-1.954713
-0.756798
0.539464
1.360104
0.285935
-0.767417
-0.298018
-0.150945
0.554195
0.863089
-0.110180
4.898809
0.000000
29.925514
30.283472
31.366665
31.754234
16.225670
-4.979197
-0.681042
-1.550759
-0.333035
0.634594
1.533369
0.438158
-0.810901
0.344377
-0.315487
-0.128266
1.122246
0.175204
-0.924055
0.000000
30.401234
30.741295
31.681404
31.886303
15.218634
-6.559612
-1.452893
-3.675639
-1.209435
0.099577
1.156365
1.522880
-0.460065
-0.557501
-0.748558
-0.578856
0.405886
0.470562
5.929433
0.000000
29.208202
29.664000
31.396507
31.710085
32.015488
17.912840
-2.755194
-0.448943
-0.484536
-0.066049
1.276181
1.292990
-0.333570
-0.411805
0.225012
0.010958
0.812614
1.336903
-0.486463
-0.608589
0.000000
30.918619
31.145445
31.691038
31.869658
15.363161
-4.230166
-1.531007
-3.324055
-0.880151
0.210315
1.059019
1.425188
-0.870644
-0.564244
-1.277354
-0.654996
0.642500
0.810995
5.544319
0.000000
29.231401
29.671497
31.538183
31.821682
19.718019
-9.109024
-1.451044
-1.180751
-0.398533
0.344123
1.416952
0.512750
-0.828403
0.661510
-0.165586
-0.356340
0.485708
0.769600
-0.427969
0.000000
29.928261
30.229622
30.360500
30.739130
20.921486
-11.392791
-1.108264
-1.360125
-2.178680
-0.896354
0.312459
1.305211
0.196770
-0.561736
-0.091462
-0.273313
0.511371
1.016165
0.130211
-0.809534
0.000000
29.805365
30.204781
31.227821
31.660101
16.304691
-3.161955
-1.181249
-2.219256
-0.716986
0.834864
1.084943
0.258112
-0.965570
-0.257885
-0.021182
0.417731
1.490683
0.345689
-0.764208
0.000000
30.095606
30.417444
31.429760
31.743059
16.092768
-3.572341
-1.413669
-3.817971
-1.186974
0.315430
1.283218
1.243942
-0.931897
0.074544
-1.312973
-0.813964
0.807067
0.928024
-0.522709
0.000000
29.330011
29.767103
31.380440
31.687523
19.517462
-6.146496
-1.756676
-2.414504
-0.787243
0.222683
1.202765
0.604362
-0.997888
0.087211
-0.354111
-0.407737
1.024455
1.010105
-0.514466
0.000000
30.085478
30.377005
31.080215
31.400875
17.425503
-4.391181
-0.953978
-3.624892
-1.292907
-0.441448
1.290785
1.257385
-0.769006
-0.177534
-0.904611
-0.807495
0.550080
1.260191
-0.168559
0.000000
29.052334
29.526913
31.041960
31.415218
17.187496
-9.299070
-1.680682
-3.471579
-1.912106
-0.200845
1.385102
1.221151
-0.642940
-0.214813
-0.598855
-0.599447
0.857674
1.102162
-0.018821
0.000000
29.503893
29.908216
30.907513
31.232056
17.783897
-10.164181
-1.399706
-1.960960
-1.007169
-0.657365
1.065265
1.043703
-0.532206
-0.112797
-0.315922
-0.407216
0.891998
1.025365
0.008219
0.000000
29.522959
29.893694
30.750326
31.106754
17.569801
-15.653786
-1.741817
-1.655046
-1.794266
-0.721360
0.908318
1.182528
-0.082219
-0.563571
-0.264732
-0.223798
0.695778
0.976112
0.091426
4.570142
0.000000
29.778599
30.174503
31.147394
31.561449
16.136141
-3.443706
-0.936110
-1.477453
-0.478496
0.920729
1.144192
0.047388
-0.886275
-0.213207
-0.067702
0.447593
1.367741
0.251965
-0.809038
0.000000
30.270245
30.547253
31.367437
31.685219
16.918716
-3.575363
-1.289034
-3.646232
-1.124876
0.258460
1.299931
1.322114
-1.004939
-0.154324
-1.220146
-0.752849
0.761186
0.897531
-0.492810
0.000000
29.332239
29.771975
31.361782
31.676727
18.281313
-7.072355
-1.610565
-1.994168
-0.698996
0.465870
1.110684
0.527647
-0.975868
0.000000
12.821054
31.496679
30.209084
28.262968
26.304369
26.634363
6.918414
17.169285
23.533245
25.829504
14.879316
1.184151
2.153326
3.056257
1.158511
-1.084763
-0.612191
-0.215286
-0.169822
0.392653
0.907099
0.445914
0.016304
0.536732
0.755427
3.116656
0.803747
35.549999
33.778408
0.000000
28.274292
28.120228
27.087360
25.286602
8.841985
-3.250048
-2.687919
-2.428132
-1.379869
-0.511564
-0.415306
-0.207072
0.119290
0.208241
0.781297
0.716439
1.279066
1.799368
10.521738
0.000000
29.356236
29.860161
31.995306
31.857864
25.840656
-1.151599
-1.270931
-1.647440
-0.896219
0.621855
1.030410
0.519896
-0.400471
-0.403688
-0.156598
0.591043
1.036306
9.131504
10.206421
0.000000
30.103142
30.289392
32.233135
32.281345
24.823347
-4.717776
-2.126066
-2.972744
-1.150622
0.039294
1.467400
1.148389
-0.836000
-0.033828
-0.381907
-0.411104
-0.096334
7.250358
7.323448
0.000000
29.029257
29.439907
31.190334
31.735731
32.158241
25.871082
-1.944960
-1.720252
-1.139485
-1.055729
-0.294572
0.888968
-0.226001
0.554774
0.721422
-0.243680
-0.671496
0.723627
0.514608
-0.776570
0.000000
29.654961
30.116638
31.359549
31.861145
17.942299
-1.860674
-4.144222
-1.979968
-0.413160
1.150181
1.270572
-0.281963
-1.620121
-0.175535
-0.725418
-0.124341
1.132075
1.199834
4.503911
0.000000
28.943865
29.342041
32.060116
31.027996
23.506170
-1.166201
-3.421345
-1.790511
-0.121732
1.276021
1.045366
-0.152539
-1.006608
-0.231216
-0.324062
0.638204
1.509520
0.733703
-0.494983
0.000000
29.716951
30.035503
31.754568
32.037651
14.082241
-1.391366
-3.034023
-2.923393
-0.718578
0.734250
1.129794
0.275246
-0.784548
-0.379151
-0.621766
0.244427
1.372507
0.403736
-0.663942
0.000000
29.490528
29.863398
31.676033
32.013325
15.210642
-2.087703
-3.688373
-2.366807
-1.315253
0.653395
1.379323
0.429071
-0.872769
-0.230922
-0.451151
0.215384
0.989302
0.413763
3.988215
0.000000
29.524008
29.899551
31.549646
31.910587
16.812260
-5.076816
-2.065090
-1.975173
-0.589409
0.984544
1.144014
0.095509
-0.908379
-0.046454
-0.166632
0.127859
1.308625
0.319141
-0.785232
0.000000
29.882675
30.170265
31.323273
31.720999
18.000687
-3.059624
-1.707470
-3.424485
-1.040710
0.218062
1.188463
1.103655
-1.054975
-0.397745
-0.488309
-0.275181
0.426582
0.268498
5.467484
0.000000
29.628994
30.006641
31.631762
31.952934
17.433664
-7.049931
-0.330776
-0.843534
-0.161110
0.081471
1.769575
0.506840
-0.731910
0.735804
-0.375964
-0.298819
0.592628
0.442165
-0.669076
0.000000
30.342920
30.628595
31.331097
31.633783
18.440025
-9.685603
-1.526288
-2.419389
-1.172806
-0.476163
1.024946
1.281547
-0.423993
-0.797974
-0.118734
-0.123434
0.054074
0.079631
5.716135
5.326549
0.000000
29.491007
29.950089
31.607027
32.023006
18.223339
-11.523355
-0.968593
-0.770576
-0.194213
0.003936
1.632055
0.764640
-0.555753
0.788075
-0.258033
-0.412024
0.700837
0.495441
-0.408735
0.000000
30.335796
30.674822
31.681229
31.949469
14.601940
-11.089539
-1.680658
-3.672094
-1.917023
-0.399934
1.122014
1.654496
-0.498351
-0.782782
-0.665621
-0.424749
0.502295
0.620256
-0.394218
0.000000
28.879826
29.414410
31.453562
31.823406
31.973213
18.063595
-2.801258
-0.845694
-0.347057
0.027333
1.565168
1.061590
-0.557463
-0.338804
-0.007273
-0.072320
0.530842
1.261778
-0.057099
-0.572733
0.000000
30.746933
30.993397
31.785648
32.026680
15.252726
-2.832691
-1.763251
-3.404413
-1.123268
0.455157
1.241350
0.957408
-1.302571
-0.474738
-0.860799
-0.186890
0.861811
0.502479
5.485521
0.000000
29.173809
29.601871
31.651588
32.002354
21.334322
-3.895315
-1.344013
-0.816633
-0.213242
1.098046
1.033637
-0.406075
-1.007074
0.358097
0.109885
-0.161753
1.056790
0.603610
-0.744885
0.000000
30.317957
30.590429
31.127218
31.554380
19.622553
-2.815548
-1.508903
-2.953976
-0.847321
0.188755
1.383225
1.230832
-1.567157
-0.559343
-0.921721
-0.607258
0.461931
0.876631
4.953555
0.000000
29.042170
29.516722
31.430779
31.833809
20.425629
-8.911701
-1.478899
-0.716489
-0.278934
0.586155
1.614953
0.276645
-1.007947
0.641660
-0.369433
-0.255081
0.807996
0.940993
-0.381690
0.000000
30.304071
30.608654
30.975986
31.265844
19.094513
-8.622057
-0.986389
-2.402761
-1.342898
-0.515813
1.195306
1.447995
-0.613378
-0.631675
-0.570120
-0.359615
0.625672
0.553975
-0.246388
0.000000
29.103735
29.626919
31.091019
31.470535
31.880424
18.007814
-2.972224
-0.919552
-0.337293
-0.032136
1.577777
1.227066
-0.544477
-0.726204
-0.297189
-0.200440
0.972177
1.672788
0.354239
-0.471566
0.000000
30.816538
31.064232
31.877239
32.031414
12.831646
-2.425344
-1.804320
-3.053020
-0.689273
0.222104
1.001874
0.813522
-1.208794
-0.399464
-1.306426
-0.599636
0.892891
1.289317
5.545696
0.000000
29.202747
29.643677
31.770615
32.018959
22.182003
-3.966393
-2.404352
-1.837066
-0.320676
0.855757
1.051340
0.263661
-0.928245
0.125153
-0.364582
-0.040940
0.919468
0.794019
6.338619
0.000000
30.230568
30.546385
31.340321
31.651897
17.285982
-6.763258
-1.700787
-2.386495
-0.814968
-0.236903
1.324246
1.130164
-0.917847
0.000777
-0.521138
-0.370617
1.010114
0.569860
-0.639173
0.000000
29.836527
30.268122
31.624104
31.930550
16.117474
-12.122366
-2.184824
-3.261103
-1.228061
0.002739
1.225975
1.555960
-0.267424
-0.732892
-0.787214
-0.876857
0.188794
0.559174
-0.279395
0.000000
29.178617
29.726196
31.563171
31.842726
31.207243
18.736326
-2.625939
-0.616187
-0.597943
-0.080289
1.275688
1.238441
-0.310651
-0.548740
-0.002815
-0.299077
0.539139
1.594536
0.057672
-0.652038
0.000000
30.912624
31.155533
31.830435
32.013229
15.287781
-4.417025
-1.755194
-3.384602
-0.862618
0.226122
1.159927
1.323110
-1.259619
-0.479492
-1.572182
-0.879183
0.778442
1.231999
5.786864
0.000000
29.272938
29.710974
31.519388
31.841827
19.396559
-7.145013
-1.887826
-1.900006
-0.610255
0.653720
1.198947
0.204301
-1.299239
0.440431
-0.383205
-0.633557
0.733076
1.008002
-0.649114
0.000000
29.943733
30.289764
30.597460
31.029785
19.692846
-5.011278
-0.949771
-2.800048
-0.970134
-0.364123
1.141789
1.290123
-1.199125
-0.552664
-0.473444
-0.536043
0.440531
0.613803
4.390292
0.000000
29.119616
29.633104
30.741146
31.188839
18.900484
-14.888854
-1.976475
-0.813329
-0.065986
-0.061978
1.561413
1.005536
-0.866255
-0.560754
-0.482036
-0.454995
1.179582
1.614916
0.363604
0.000000
30.409258
30.938963
31.624954
31.846209
14.592525
-21.342560
-2.001697
-2.014476
-2.418865
-0.493683
0.293256
0.836899
0.671128
-1.255587
-0.217022
-1.617329
-0.624210
0.951102
1.760207
5.667702
0.000000
29.467716
29.898685
31.634062
31.816736
18.791683
-3.898208
-2.718862
-1.937264
-0.042642
0.655192
0.944399
0.276936
-1.082769
0.215093
-0.609477
-0.135621
1.301696
1.123268
5.904501
0.000000
30.370840
30.680202
31.281742
31.521027
17.877947
-2.624239
-1.635216
-2.682365
-0.997679
-0.353765
1.389839
0.934340
-1.230361
-0.300068
-0.776447
-0.522918
1.119299
0.788840
-0.673106
0.000000
29.839638
30.287128
31.605270
31.940556
16.256552
-7.090975
-1.914716
-3.340918
-0.866697
0.161675
1.107591
1.472009
-0.669578
-0.863637
-1.090846
-0.940974
0.296954
0.803278
6.753125
0.000000
29.041031
29.609869
31.379482
31.715057
31.498516
16.371460
-3.313969
-0.446543
-0.734791
-0.088153
1.333239
1.111811
-0.124708
-0.650094
-0.096744
-0.717997
0.530741
1.791020
0.406240
-0.479062
0.000000
31.082306
31.326086
31.836754
31.977072
15.415041
-4.207891
-1.511072
-3.372077
-1.474055
0.015501
1.248074
1.383456
-1.229550
-0.398680
-1.526013
-0.897762
0.864260
1.073072
6.245345
0.000000
29.336536
29.810356
31.469749
31.812922
14.789049
-8.679010
-1.832807
-2.352587
-0.547904
0.273075
1.304822
1.123415
-0.570790
-0.215958
-0.673975
-0.624151
0.193305
0.310578
6.294744
0.000000
28.921152
29.487049
30.426857
30.853054
31.368587
18.943556
-7.058179
-0.631019
-0.602874
-0.321167
0.021654
1.602260
0.799131
-1.094697
0.013772
-0.656854
-0.284612
1.966151
0.335141
-0.449890
0.000000
30.615252
30.985548
31.826256
32.013943
14.499426
-12.963127
-2.483186
-2.371385
-1.005705
-0.043982
0.668443
1.020281
0.441962
-0.989105
-0.202959
-1.887784
-0.231892
1.363211
1.246658
6.507594
0.000000
29.921852
30.291254
31.490374
31.433678
16.108353
-2.839432
-2.417716
-1.587858
0.126058
0.714136
0.823029
0.047982
-1.025203
-0.065824
-0.783349
-0.017970
1.216479
1.301791
6.416689
0.000000
30.641434
30.925732
31.356527
31.524668
17.629581
-2.547089
-1.889708
-2.823264
-1.175304
0.386213
1.385837
0.851425
-1.230161
-0.522795
-1.004792
0.145569
1.699246
0.805216
-1.047512
0.000000
30.054029
30.464518
31.749910
31.801327
14.643990
-4.948575
-1.753700
-3.330166
-0.614197
0.231915
1.124989
1.299591
-0.831058
-0.431231
-1.711665
-1.050713
0.470057
1.002406
5.564626
0.000000
29.085373
29.626415
31.328129
31.631132
17.012159
-19.782169
-3.172091
-1.060841
-0.485901
0.516591
1.326403
0.888952
-0.447170
-0.293642
-0.262515
-0.599617
0.440761
1.393164
0.678377
5.836933
0.000000
30.833830
31.129875
31.378155
31.579685
16.202806
-2.597726
-1.987196
-2.247069
-0.903561
0.680275
1.463375
0.631252
-0.913429
-0.537025
-1.005476
0.066583
1.585671
0.754899
-0.887197
0.000000
30.021837
30.420858
31.566347
31.858475
15.197159
-4.874038
-2.019555
-2.724532
-0.773848
0.510453
1.361160
1.041905
-0.981309
-0.133588
-1.248263
-0.839988
0.656037
0.751488
5.028690
0.000000
29.490412
29.987564
31.361984
31.717623
16.985250
-13.675480
-2.247126
-1.975817
-0.518824
-0.117161
1.469473
1.231884
-0.525252
-0.023428
-0.598185
-0.712649
0.280292
0.798000
-0.010216
0.000000
29.420918
29.947712
30.570156
30.873981
31.332386
17.040300
-2.964513
-0.250717
-0.996264
-0.330526
1.006806
1.299799
0.162092
-0.732815
-0.219045
-0.604472
0.125039
1.533782
0.766531
-0.520122
0.000000
30.717958
31.023769
31.719236
31.930065
15.348581
-4.204737
-1.743021
-3.350564
-1.310327
0.148119
1.401494
1.249830
-1.151274
-0.330135
-1.502813
-0.858696
1.044312
0.907364
6.867524
0.000000
29.383862
29.865150
31.510612
31.852364
15.986115
-8.420057
-2.068503
-2.423416
-0.548354
0.390844
1.452947
0.935514
-0.839411
-0.065120
-0.678675
-0.700685
0.168856
0.469278
6.036417
0.000000
29.013428
29.582916
30.404337
30.903652
31.484905
17.617306
-4.585265
-0.427476
-1.005044
-0.264510
0.816059
1.469173
0.599566
-0.799407
-0.580705
-0.900442
-0.011018
1.649199
0.508909
-0.538010
0.000000
30.683077
30.988916
31.954945
31.621038
12.302073
-7.526807
-2.386011
-2.880856
-1.136714
-0.020988
1.391932
1.458252
-0.509966
-0.042438
-1.510079
-0.914332
1.568574
0.635385
-0.568916
0.000000
29.859520
30.340818
31.923809
32.055115
13.601103
-13.156525
-2.568701
-3.304076
-1.192698
-0.160748
0.992858
1.489854
-0.417198
-1.033957
-0.385218
-0.733400
0.583534
0.319483
7.793184
0.000000
29.433311
29.966110
31.257853
31.563099
31.663849
19.328783
-4.643414
-0.869818
-0.515269
-0.115679
1.126014
1.396693
-0.170125
-0.591674
-0.049718
-0.748965
0.247694
1.878495
0.821867
-0.518638
0.000000
30.964664
31.216505
31.696617
31.923397
16.499584
-4.321045
-1.251019
-3.734119
-1.557773
0.005045
1.000237
1.307514
-1.590461
-0.813801
-1.318917
-0.563799
0.724649
1.091454
6.538286
0.000000
29.512825
29.913425
31.764725
30.979862
13.480480
-10.231627
-1.700830
-1.675156
-0.739374
0.554781
1.461215
1.192998
-0.658710
-0.020291
-0.855446
-0.838573
1.457351
0.788844
-0.099232
0.000000
30.370031
30.807127
31.482643
31.647717
18.409220
-18.112774
-2.514627
-2.709613
-1.658048
-0.651098
1.222971
1.439761
-0.479913
-0.686322
-0.480720
-0.902334
0.213223
1.077157
0.138927
0.000000
29.239231
29.806044
30.693583
31.065445
31.539234
17.515802
-4.298549
-0.186486
-1.178358
-0.321573
0.253261
1.537656
0.733400
-0.789617
0.011010
-0.876595
-0.448112
1.462391
0.464500
-0.475881
0.000000
30.637131
31.003210
31.827116
32.011738
12.538950
-7.402487
-2.107961
-3.115012
-1.523427
-0.164526
1.331327
1.524377
-0.668875
-0.579220
-1.297948
-0.948182
0.880269
0.770648
1.456869
0.000000
29.121958
29.685463
31.311390
31.705524
18.140720
-18.120203
-2.801507
-1.444570
-0.521093
-0.091288
1.334207
1.053860
-0.383219
-0.112287
-0.167804
-0.666245
0.051732
0.817362
0.316773
6.105505
0.000000
29.917786
30.382259
30.825634
31.339245
18.154186
-3.857526
-0.581603
-1.179746
-0.431252
0.597365
1.412261
0.514634
-0.775465
-0.566935
-0.847653
-0.377370
1.558942
0.650381
-0.687790
0.000000
30.453777
30.811714
31.727085
31.940224
13.017481
-8.614047
-2.268189
-2.698559
-0.924211
0.013441
1.720539
1.286272
-0.797285
0.152980
-1.373420
-0.898663
0.825613
0.918469
-0.257600
0.000000
29.683447
30.176914
31.661425
31.930094
17.323151
-12.758271
-2.762162
-2.685584
-1.301944
0.136411
1.460628
1.375904
-0.603076
-0.431039
-0.569780
-0.646168
0.265385
0.341295
6.809913
0.000000
29.098972
29.691975
30.880766
31.332359
31.770817
18.130554
-7.348822
-0.830814
-0.792495
-0.271153
0.020621
1.576793
0.580087
-0.764405
-0.127294
-0.769010
-0.501389
1.363535
0.772153
-0.167599
0.000000
30.732187
30.987860
31.859798
32.080978
14.694138
-7.497172
-1.895440
-3.190156
-1.098824
-0.283256
1.041312
1.465377
-0.659309
-0.588066
-1.761085
-1.276229
0.491559
1.310087
8.210383
0.000000
29.024084
29.554827
31.606625
31.905392
17.939402
-12.147416
-2.691492
-2.081487
-1.053585
0.306826
1.332181
1.044142
-0.712669
-0.151463
-0.444735
-0.854187
0.163345
0.568684
5.904138
0.000000
29.164389
29.669716
30.409185
30.800346
31.268257
19.163397
-4.700849
-0.938881
-0.524848
-0.152187
0.876842
1.588295
-0.157983
-1.138771
-0.462677
-0.710206
0.333945
1.834095
1.168885
-0.515499
0.000000
30.791332
31.082718
31.979797
29.952686
10.362549
-4.839623
-2.086149
-2.615992
-0.325637
-0.209835
0.640541
1.106718
-0.961703
-0.391591
-1.385016
-1.603673
0.348737
1.873170
6.325627
0.000000
29.552584
30.082939
31.430714
31.506428
18.771248
-11.637145
-2.947486
-2.355526
-0.746901
0.376702
1.137978
0.799286
-1.015559
-0.050373
-0.399021
-1.257195
-0.015698
1.088371
7.047811
0.000000
29.966618
30.346039
30.682755
30.963650
21.099741
-8.369425
-1.621492
-1.846739
-0.948852
-0.457972
0.774110
1.576524
-0.834082
-0.167440
-0.377729
-0.945493
0.570522
1.468450
0.314232
0.000000
29.542355
29.977152
30.639906
31.136471
18.517506
-16.690376
-2.272964
-2.131157
-1.657868
-0.678822
0.837588
1.401076
0.361863
-1.176827
-0.815527
-1.417460
-0.293232
0.975886
0.771399
6.104122
0.000000
29.388441
29.909380
31.607029
31.049471
13.605961
-7.115532
-1.380538
-1.630185
-0.277821
1.016797
1.339184
0.536232
-0.951234
0.002187
-1.196918
-0.623073
1.418906
0.711173
-0.661150
0.000000
30.492367
30.881760
31.551371
31.756138
15.463957
-7.303453
-2.194674
-2.651754
-1.034384
-0.224320
1.469402
1.334708
-0.946517
-0.073718
-1.307058
-0.938713
1.236596
0.898865
-0.504215
0.000000
29.826775
30.355045
31.649666
31.930889
14.884892
-13.318946
-2.786996
-2.439281
-1.064188
-0.023937
1.358901
1.484251
-0.339095
-0.586399
-0.955883
-0.991000
0.616755
0.611553
-0.067697
0.000000
29.191195
29.812365
31.004820
31.346424
31.718744
19.405132
-2.873006
-0.853673
-0.578076
-0.191073
1.265759
1.106720
-0.199806
-0.164674
-0.013234
-0.838246
-0.295223
1.330130
1.176280
6.021435
0.000000
30.652504
31.005463
31.143671
31.450960
19.234528
-3.414068
-2.055529
-2.166173
-0.979575
0.371771
1.426678
0.695181
-1.251542
-0.409527
-1.000717
-0.215441
1.325692
1.136294
5.124574
0.000000
29.754658
30.217268
31.682625
31.048658
13.289087
-6.421924
-2.043894
-2.464645
-0.637198
0.592722
1.559914
1.036333
-1.010230
0.169658
-1.504196
-0.889002
0.915037
0.807057
-0.420669
0.000000
29.794876
30.266382
31.520065
31.781204
17.045033
-8.549669
-2.244967
-1.994871
-0.706143
0.431536
1.399877
0.923714
-0.857446
-0.235169
-0.841351
-0.656366
0.710083
0.832063
-0.338780
0.000000
29.845989
30.326134
31.146042
31.531773
18.822470
-10.510195
-1.495318
-1.487539
-0.717396
-0.387284
1.085266
1.293530
-0.217331
-0.092580
-0.584348
-1.026179
0.143816
1.155088
0.271420
6.771044
0.000000
30.174553
30.622929
31.595156
31.966280
15.286510
-4.433612
-2.313660
-1.509344
-0.636189
0.935483
1.377614
0.117969
-0.499276
-0.276937
-0.974483
-0.128282
0.989223
0.567961
6.209848
0.000000
29.723625
30.233850
31.425035
31.861868
16.374657
-5.445315
-1.354381
-1.447425
-0.419033
0.773113
1.415410
0.533886
-0.644011
-0.264864
-0.812045
-0.380672
1.224024
0.738016
-0.735484
0.000000
30.107315
30.529186
31.589096
31.933056
16.616095
-4.772513
-2.340317
-2.851103
-1.023342
0.086479
1.519261
1.132998
-1.046357
-0.297662
-1.093827
-0.754794
0.588990
0.852359
5.129507
0.000000
29.351442
29.893307
31.465422
31.887524
15.464762
-8.489496
-1.039603
-1.574641
-0.202810
0.023832
1.623731
1.072350
-0.622527
-0.177397
-0.853954
-0.836504
0.503839
0.460773
1.587305
0.000000
29.579063
30.102098
31.131804
31.562229
20.858246
-11.266485
-2.115829
-1.431507
-0.625259
-0.147152
1.081152
1.110019
-0.758991
0.153378
-0.133448
-0.811059
0.432510
1.137769
0.244427
0.000000
29.933781
30.367615
31.083122
31.512630
18.389866
-18.975794
-2.938915
-2.505620
-1.213340
-0.440769
0.990319
1.666386
-0.494318
-1.482568
-0.591162
-0.529878
0.530709
0.444801
7.458037
6.864961
0.000000
29.838249
30.261276
31.993870
31.024517
19.197701
-3.037866
-1.040928
-0.466196
-0.114203
1.399042
1.308519
-0.521439
-0.507259
-0.280403
-0.768259
0.267750
1.254621
1.071966
-0.602364
0.000000
30.662125
30.955627
31.996838
31.632713
12.056870
-3.537109
-2.382049
-2.872561
-0.757383
0.315527
1.194811
0.787559
-1.485626
-0.646728
-1.292402
-0.171893
1.045842
0.994867
7.170348
0.000000
29.565224
29.965847
31.874800
32.073803
16.713408
-5.949727
-1.452696
-1.428454
-0.255014
1.051526
1.296552
0.310651
-0.763781
-0.144570
-1.060579
-0.576169
0.913016
0.826346
-0.515207
0.000000
30.408848
30.768394
31.697966
31.972225
19.602158
-3.452682
-2.211927
-2.931142
-1.072260
-0.121912
1.483887
1.120965
-0.982459
-0.217476
-1.219796
-0.972406
0.577260
1.008907
5.980795
0.000000
29.485922
29.991825
31.536192
31.967930
17.163883
-8.713585
-2.093664
-2.447261
-0.643301
-0.104470
1.444402
1.235140
-0.761589
-0.143209
-0.950158
-0.922093
0.201329
0.618326
5.230305
0.000000
29.241379
29.830683
31.381428
31.808945
18.460258
-10.973491
-1.245885
-1.084950
-0.303413
-0.121943
1.444287
1.029983
-0.558525
0.157766
-0.471762
-0.926039
0.060900
1.028937
0.414075
0.000000
29.993946
30.471813
31.186111
31.562634
19.378845
-15.958794
-2.817790
-2.316697
-1.311389
-0.568827
0.898339
1.431688
-0.383116
-0.304557
-0.284009
-1.059875
0.013184
1.064062
0.380046
0.000000
29.119541
29.717718
30.934746
31.492718
19.190100
-16.578949
-2.700181
-1.798128
-1.094059
-0.457058
0.985380
1.262348
-0.066593
-0.795107
-0.320152
-0.737122
-0.079508
0.787609
0.131067
6.579041
0.000000
29.770889
30.279203
31.719536
31.958874
16.974106
-4.698104
-1.226511
-1.026113
-0.326142
0.652863
1.574875
0.148861
-0.534738
0.000166
-0.845926
-0.209578
1.357193
0.823668
-1.022796
0.000000
30.359436
30.688217
31.874744
32.142662
13.546087
-5.517687
-2.434175
-3.676836
-0.993743
0.254421
1.441808
1.167184
-1.562305
-0.797020
-1.041592
-0.453413
0.702985
0.797537
7.300923
0.000000
29.746805
30.096420
31.997593
30.844166
18.328524
-8.419798
-1.796010
-1.373454
-0.290349
0.849928
1.681071
0.363437
-0.807909
0.467408
-1.250512
-0.561332
1.047294
0.725754
-0.527527
0.000000
30.483191
30.835613
31.914679
32.136826
15.828209
-7.055530
-2.727752
-3.558584
-1.538326
-0.303884
1.559837
1.531579
-1.350986
-0.478060
-0.984295
-0.776350
0.826533
0.439911
7.138270
0.000000
29.376102
29.905781
31.899822
32.207565
16.677410
-12.276621
-1.802644
-1.602160
-0.295869
-0.011039
1.232699
0.843715
-0.607134
0.829105
-0.651380
-1.172655
-0.017977
0.757605
-0.347242
0.000000
29.764925
30.285843
31.383522
31.796289
18.095448
-13.502186
-2.762846
0.000000
12.789317
32.155975
30.470875
29.240105
29.200125
27.500540
26.908001
26.428493
24.326916
23.253519
24.909248
20.279266
18.630413
16.115101
11.491234
8.687102
-33.378395
-1.800408
-2.612282
-2.902293
-0.512740
0.559917
0.617851
0.846440
1.548020
1.338937
1.834975
0.578188
0.133804
1.006437
0.501341
0.165884
1.378564
0.984798
-0.651095
-2.213881
0.000000
26.894518
25.784065
27.840900
27.214119
3.185959
-5.830937
-3.433373
-1.216581
-1.459810
0.753410
1.577244
0.647940
0.319460
-0.773676
-1.300892
-0.335871
1.441053
20.443316
24.080189
0.000000
29.740225
30.025211
32.055611
32.141468
32.888714
0.033204
-1.866265
-3.230775
-0.867790
0.382158
1.075530
0.589395
-0.902395
-0.743965
-0.691591
-1.094946
0.141299
1.245353
8.688839
0.000000
28.884455
29.391138
31.825335
32.171585
26.070559
-2.482646
-1.635225
-3.003296
-1.011016
-0.220688
1.287524
1.094354
-1.479896
0.143773
-0.347431
-0.940733
-0.040700
0.721058
6.528643
0.000000
29.172421
29.684219
31.374067
31.936621
21.087227
-7.652038
-1.796755
-1.738011
-0.604019
-0.026712
1.165618
0.814063
-0.971033
0.411574
-0.366228
-0.823968
0.428779
0.930220
-0.681644
0.000000
29.720379
30.164928
31.587070
32.017437
17.079369
-14.203829
-3.088285
-3.683319
-1.102036
-0.132247
1.506753
1.475840
-1.483397
-1.056627
-0.487339
-0.302915
-0.033900
0.291730
6.649423
0.000000
29.366175
29.785341
32.052128
32.245071
16.158190
-16.989967
-2.806970
-0.574224
-0.140976
0.255168
1.905057
1.030270
-0.750856
0.351428
-0.826675
-0.738079
0.702358
0.935484
0.411006
0.000000
30.149918
30.692425
32.040108
32.218117
12.306704
-23.690287
-3.099010
-4.287185
-2.438211
-0.636596
1.414485
1.841551
-0.123652
-0.720610
-0.922048
-0.934057
0.115805
0.767297
6.742990
0.000000
29.231768
29.783173
31.967525
32.226944
18.541424
-12.194315
-1.391112
-1.436499
-0.863508
-0.074489
1.340413
1.110232
-0.621631
0.875664
-0.414698
-1.317466
-0.392694
0.800248
0.433343
0.000000
29.410574
29.955978
31.208988
31.713917
19.466415
-10.667446
-2.169233
-2.156128
-1.670033
-0.611709
0.672222
1.564644
-1.045285
-1.213317
-0.032454
-0.294574
0.311372
0.670853
-0.603189
0.000000
29.418585
29.998692
31.618439
31.995449
30.141693
12.752506
-3.657517
-0.148591
-0.602951
-0.101374
0.938701
1.706682
0.295186
-0.329189
-0.247414
-0.924015
0.258909
1.132833
0.125288
-1.070601
0.000000
30.561846
30.819822
32.244255
31.659214
10.375908
-5.617211
-3.674497
-3.349622
-1.493036
0.189567
1.993204
1.412320
-0.697025
-0.395079
-1.492078
-0.900974
0.314806
1.077100
6.595802
0.000000
29.124023
29.648966
31.962994
32.213066
19.791006
-7.504444
-1.840979
-1.550154
-0.218001
0.900785
1.391592
0.479503
-0.951752
-0.200377
-0.732347
-0.620524
0.428126
0.588473
7.785956
0.000000
30.027617
30.447420
31.638504
32.036228
19.292336
-6.831824
-1.555110
-1.977652
-0.649315
-0.183235
1.130250
1.090981
-0.665464
0.203876
-0.929502
-1.065326
0.385507
0.862900
-0.544901
0.000000
29.795198
30.280987
31.817991
32.168495
15.882221
-14.153898
-3.564100
-3.210168
-1.240170
-0.337791
1.438600
1.633368
-1.022264
-0.519935
-0.820984
-0.819218
0.215991
0.452643
7.303484
0.000000
29.045776
29.642757
31.835279
32.195564
18.395294
-9.384052
-1.251941
-1.474333
-0.442851
-0.051113
1.104337
0.936897
-0.718954
0.717281
-0.422911
-1.240504
0.063502
0.937674
0.140315
0.000000
29.837233
30.346075
31.461481
31.889851
17.723719
-20.634150
-3.674604
-3.388815
-1.406951
-0.434919
1.235538
1.631984
-1.310356
-1.321227
-0.434873
-0.308730
0.384276
0.666547
7.106658
0.000000
29.488403
30.016184
31.761465
32.078934
29.708603
12.449022
-3.800509
-0.319431
-0.418628
-0.126080
0.993424
1.753986
-0.014607
-0.033595
-0.331320
-0.985811
0.518839
1.138831
-0.012997
-1.021646
0.000000
30.695269
30.955839
32.234188
30.241167
9.461750
-6.172298
-2.959907
-2.697197
-1.332412
0.445301
1.741591
1.207962
-0.503294
-0.709478
-1.570996
-0.722389
0.856909
0.729201
8.236897
0.000000
29.779461
30.166283
32.150261
32.200073
20.607512
-4.237435
-1.589025
-1.562339
-0.258779
0.913862
1.485670
0.062030
-0.570462
0.255010
-1.030163
-1.023841
0.838424
1.256906
7.327658
0.000000
29.908459
30.334658
31.566525
32.003754
18.069256
-4.875967
-2.579226
-2.568500
-0.817957
0.399870
1.539494
0.574629
-2.037229
-0.476018
-0.988483
-0.621528
0.177081
0.656065
7.045385
0.000000
29.348528
29.875721
31.877769
31.336626
18.738819
-7.320548
-1.351448
-0.543504
-0.183235
0.297101
1.959136
0.309104
-1.258541
0.544912
-1.104120
-0.887542
0.715269
1.201856
-0.112357
0.000000
30.553093
30.900784
31.906755
32.160286
15.839340
-7.410861
-2.594633
-3.660085
-1.599591
-0.509012
1.646231
1.609028
-1.180792
-0.549741
-1.510308
-1.046914
0.415417
1.018422
7.738524
0.000000
29.141939
29.673241
31.994865
31.388685
16.182823
-8.394838
-1.627035
-2.063172
-0.462580
0.135432
1.404467
0.966246
-0.677160
0.028463
-1.034759
-0.961022
0.227631
0.758669
0.729282
0.000000
29.702396
30.229546
31.511375
31.902821
17.567137
-12.369520
-2.189171
-1.777311
-0.440123
-0.108536
1.501517
1.267205
-0.775159
-0.462106
-0.704811
-0.888700
0.677557
0.580932
-0.497347
0.000000
29.861145
30.391293
31.665371
32.051270
19.079876
-8.127615
-1.735447
-1.936660
-0.769608
-0.243346
0.882145
1.054240
-0.785082
0.598004
-0.580897
-1.354016
0.018669
1.012597
-0.237179
0.000000
29.681190
30.227749
31.587017
32.018196
16.348446
-13.960965
-2.985220
-3.268171
-1.281630
-0.344207
1.163225
1.752073
-1.256976
-1.537002
-0.572750
-0.488894
0.339183
0.612899
8.288151
0.000000
29.296301
29.860878
31.934147
32.185753
15.666178
-16.969950
-2.191981
-1.017814
-0.389006
-0.133924
1.452327
1.276926
-0.616788
0.371030
-0.661572
-0.992912
0.598424
0.953094
0.352369
0.000000
30.343855
30.838243
31.880169
32.125359
15.166822
-21.609564
-3.304529
-3.368423
-2.456168
-0.806192
0.953861
1.976741
-0.028020
-1.435581
-0.576944
-0.593494
0.479114
0.366400
-0.157399
7.885756
0.000000
29.969648
30.395397
32.163071
30.325884
17.222469
-3.077798
-1.146432
-0.601983
-0.188426
1.037987
1.402026
-0.307742
0.407309
-0.214961
-1.430017
-0.612852
0.925804
1.090997
7.415567
0.000000
30.138067
30.585585
31.756493
31.504511
18.067122
-3.532393
-2.541711
-2.267407
-0.832126
0.750376
1.642260
-0.466031
-1.589615
-0.189466
-0.525368
0.126565
0.773522
0.019565
7.082818
0.000000
29.723871
30.246227
31.907719
30.594080
13.683901
-5.937002
-0.352703
-0.552647
-0.106597
0.682422
1.796697
0.443475
-0.634880
0.098418
-1.299705
-0.429552
1.302864
0.575961
-0.737520
0.000000
30.752506
31.027096
32.209618
30.965076
11.716261
-8.572386
-3.268225
-3.567518
-2.028051
-0.406233
1.874084
1.545214
-0.774136
-0.260133
-1.783407
-0.990224
0.547008
1.199480
7.938500
0.000000
29.547304
30.009979
31.989563
32.117767
18.075289
-8.910705
-2.643693
-2.154934
-0.687808
0.156570
1.476248
1.057155
-0.976097
-0.173512
-1.094644
-0.997641
0.286284
0.827512
7.886788
0.000000
29.599579
30.121220
31.704533
32.112778
17.453138
-7.508708
-1.580031
-1.907688
-0.524568
-0.146222
1.256200
1.263803
-0.613634
-0.138733
-0.979027
-1.071236
0.175043
0.714906
-0.464489
0.000000
29.680580
30.232262
31.742710
32.126419
17.525826
-12.097217
-2.724495
-2.598355
-0.891093
-0.246935
1.196736
1.295043
-0.704233
0.001805
-0.933033
-1.254727
0.167355
1.021530
-0.156798
0.000000
29.521729
30.085346
31.712528
32.114948
15.826733
-14.510581
-3.482160
-2.849392
-1.174488
-0.341915
1.385732
1.547099
-0.976934
-0.746283
-0.767591
-0.884606
0.591053
0.427688
8.189400
0.000000
29.375870
30.009098
31.937180
31.662983
17.037357
-17.679365
-2.225040
-1.396067
-0.368776
-0.215729
0.817248
1.324921
-0.226758
1.173878
-0.582095
-1.438483
-0.318372
0.731077
0.383133
0.000000
29.756701
30.325806
31.540888
31.953541
17.833778
-19.911667
-3.915962
-2.797074
-1.864524
-0.583457
1.006551
1.773145
-1.128783
-1.335985
-0.143857
-0.426757
0.273351
0.771094
-0.734227
0.000000
29.326851
29.983782
31.473026
31.894085
29.481266
12.936750
-3.798784
0.064998
-0.770435
-0.164547
0.137825
1.886431
0.850082
-0.599841
0.277251
-1.498496
-0.574829
1.029071
0.339983
-0.847403
0.000000
30.721554
30.975275
32.211506
29.619560
14.370541
-9.019039
-3.733222
-3.209192
-1.781978
-0.022606
1.892455
1.193142
-0.764419
-0.073158
-1.722715
-0.918700
0.574001
1.519474
-0.053552
0.000000
29.831308
30.317181
31.962532
31.865427
15.034475
-8.532961
-3.294666
-2.919181
-1.224229
0.129771
1.599835
1.275530
-1.624414
-0.719941
-0.511904
-0.207364
0.610961
0.772038
10.088316
0.000000
29.891769
30.371204
31.798214
32.120190
19.240835
-7.205416
-2.266548
-2.189110
-0.746118
-0.081048
1.143669
1.063604
-0.794941
-0.025167
-1.041979
-1.315439
0.046886
0.985094
7.784883
0.000000
29.424740
30.041321
31.477850
31.986282
19.387371
-6.814226
-1.303254
-1.540898
-0.468816
-0.135998
1.300090
1.273767
-0.792430
-0.620766
-0.859730
-0.934106
0.928535
0.677066
-0.804974
0.000000
29.987152
30.522614
31.892540
32.194336
15.872303
-14.545223
-2.986374
-2.553596
-0.900533
-0.289675
1.191010
1.266182
-0.599894
0.506705
-1.114829
-1.428284
0.069066
1.028033
-0.165757
0.000000
29.507130
30.095903
31.802517
32.146305
13.911964
-15.273834
-3.531301
-2.844739
-1.385946
-0.270159
1.415399
1.595143
-1.350814
-1.110934
-0.514615
-0.384939
0.662878
0.631827
9.221365
0.000000
29.642014
30.216793
31.846981
32.173199
17.804533
-11.345581
-2.031147
-2.061121
-0.635188
-0.252516
1.035620
1.296461
-0.573525
0.416885
-0.790313
-1.470061
0.018562
1.089374
0.257524
0.000000
29.715027
30.287880
31.538286
31.965576
18.458843
-21.322552
-4.233884
-3.039812
-1.463532
-0.488246
1.183167
1.793945
-0.955215
-1.346625
-0.589309
-0.699791
0.829102
0.801617
-0.503551
0.000000
29.600994
30.211096
31.843906
31.958504
17.071001
-22.791464
-3.837869
-2.047345
-0.906517
-0.423645
0.970374
1.464239
-0.472219
0.567579
-0.706935
-1.665776
-0.324313
0.992754
0.697018
0.000000
29.421251
30.074675
31.400978
31.864101
18.398724
-19.041576
-3.783308
-2.792864
-1.855807
-0.642435
0.987280
1.723330
-0.940929
-1.341917
-0.255250
-0.870612
0.265921
1.049601
0.025035
0.000000
29.291149
29.975119
31.468685
31.942402
29.491138
13.418844
-4.403844
-1.543865
-0.761667
-0.421480
0.840075
1.602197
0.251260
-0.039937
-0.637325
-1.420087
-0.319504
1.138785
1.093799
8.867816
0.000000
30.390150
30.833611
31.930534
30.894089
14.667225
-4.437440
-2.778675
-2.550182
-0.981105
0.369866
1.751688
0.564473
-0.605820
-0.449725
-1.352718
-0.651591
0.886813
1.244854
7.159489
0.000000
29.539362
30.109129
31.826664
31.377075
12.112123
-7.575742
-2.365939
-1.530366
-0.419144
0.666956
1.669534
0.508516
-0.902528
-0.533931
-1.239304
-0.729711
1.003891
1.011919
9.329636
0.000000
30.040241
30.518841
31.975500
31.043867
14.047535
-6.960214
-2.464516
-2.353388
-0.862294
0.034909
1.429053
0.801649
-0.437445
-0.032888
-1.673615
-1.326618
0.422386
1.435337
5.966938
0.000000
29.821133
30.339914
31.855692
31.748571
15.215275
-9.885408
-3.217379
-2.784506
-0.772045
-0.158186
1.707551
1.221184
-1.497362
-0.773477
-0.905240
-0.383942
0.587106
0.888773
9.695341
0.000000
29.764687
30.286232
31.849844
30.857573
17.148075
-9.090979
-2.579066
-2.019048
-0.657671
0.013199
1.332835
0.929208
-0.655992
-0.038092
-1.246812
-1.460332
0.118025
1.342432
7.105559
0.000000
29.629490
30.200659
31.481339
31.949989
16.376730
-9.325422
-2.512921
-2.151412
-0.707256
-0.182630
1.577990
1.214533
-1.331352
-0.779896
-1.065355
-0.842224
0.856328
0.964991
7.292803
0.000000
29.812634
30.360205
31.874653
30.663143
15.586903
-9.569335
-2.272124
-2.297974
-0.805710
-0.200374
1.272049
1.094844
-0.789477
0.131566
-1.262028
-1.265442
0.454976
1.303315
-0.205700
0.000000
29.973520
30.494699
31.944439
31.725517
15.534681
-15.135367
-3.612008
-2.830484
-1.101791
-0.358539
1.461319
1.602922
-0.696918
-1.157665
-0.808383
-0.450996
0.256472
0.697670
10.406014
0.000000
29.717268
30.262634
31.821445
32.090824
19.023972
-8.119933
-1.422394
-1.213472
-0.746366
-0.092922
1.107645
0.969546
-0.615375
0.105801
-0.759524
-1.440424
0.069993
1.333091
0.052186
0.000000
29.947819
30.476345
31.388844
31.881531
19.174915
-21.545212
-3.995283
-2.666995
-1.255378
-0.535968
0.980360
1.881069
-0.802202
-1.619105
-0.755899
-0.445261
0.331401
0.757615
8.949499
0.000000
29.423073
30.074656
31.774174
32.097775
16.822502
-16.475662
-2.535656
-1.647146
-0.601460
-0.144844
1.214809
1.247284
-0.611792
0.538184
-0.554452
-1.476295
-0.326127
1.144490
1.057251
0.000000
29.802567
30.357212
31.259989
31.746279
18.165573
-19.064524
-3.570170
-2.663136
-1.860991
-0.735481
0.969800
1.731119
-1.070775
-1.358951
-0.408003
-0.860625
0.143327
1.145835
-0.092470
0.000000
29.340736
30.008141
31.710300
32.071484
16.062969
-21.223888
-2.978140
-1.109091
-0.487164
-0.274478
0.985230
1.583573
-0.017166
0.038355
-0.848037
-1.327095
0.355580
1.048866
0.640244
9.660971
0.000000
30.800734
31.105768
32.175369
29.348351
9.960749
-4.951372
-3.339819
-3.070531
-1.058688
0.390868
1.892295
0.799987
-0.611248
-0.709598
-1.621129
-0.532018
1.141181
1.287194
8.415184
0.000000
29.793732
30.277517
32.066181
30.783562
11.796654
-7.540244
-2.696173
-1.986276
-0.527572
0.311839
1.685673
0.659641
-0.600800
-0.476353
-1.475702
-0.869892
0.861916
1.212766
9.378670
0.000000
29.916674
30.412270
31.987450
31.067110
14.714302
-6.911587
-2.632508
-2.246132
-0.811563
0.082041
1.469757
0.835545
-0.630226
-0.268089
-1.336473
-1.059502
0.663103
1.320234
8.658386
0.000000
29.730930
30.281876
31.881355
31.211643
13.525246
-7.109750
-2.321687
-2.328857
-0.842956
-0.169036
1.432887
1.160423
-0.783808
-0.299439
-1.496718
-1.329609
0.509199
1.163331
8.575679
0.000000
29.621294
30.183884
31.986809
30.998646
13.963902
-10.674843
-2.805992
-2.504465
-0.822460
-0.120373
1.388014
1.192663
-0.511477
-0.268069
-1.520075
-1.459120
0.174643
1.331702
6.670473
0.000000
29.577944
30.145565
31.857517
30.629454
14.322117
-10.375690
-2.953392
-2.731294
-0.896384
-0.173505
1.518762
1.276253
-0.919755
-0.477706
-1.328778
-1.376152
0.468297
1.300278
8.153237
0.000000
29.625984
30.187271
31.871496
31.734232
15.013863
-10.058294
-2.517191
-2.633269
-0.910805
-0.211911
1.345823
1.410001
-0.600012
-0.336421
-1.368550
-1.353065
0.159130
1.219863
-0.197177
0.000000
29.561136
30.160789
31.832367
32.026375
16.773331
-15.634447
-3.434711
-2.710357
-0.822254
-0.223471
1.426015
1.564428
-0.543224
-0.519630
-1.345028
-1.312587
0.622312
0.981334
0.175019
0.000000
29.762486
30.351667
31.956413
30.800970
15.543362
-15.149376
-3.253247
-2.147552
-1.026165
-0.322684
1.210605
1.404548
-0.519751
0.026268
-1.303751
-1.558599
0.102764
1.255362
0.010767
0.000000
29.741179
30.323841
31.816093
32.158852
16.792702
-15.144074
-3.599776
-2.688334
-1.343714
-0.472370
1.294138
1.726493
-0.802529
-0.977198
-0.994631
-0.504857
0.380819
0.773206
8.376896
0.000000
29.576271
30.202782
31.759127
32.123852
17.883051
-12.245567
-2.624358
-1.953401
-0.832489
-0.251244
1.037240
1.368452
-0.583750
-0.263013
-0.811622
-1.481965
-0.228103
1.016889
8.720535
0.000000
29.328796
30.033312
31.373829
31.887447
18.711424
-18.351673
-3.003482
-1.560901
-0.599255
-0.394052
1.097489
1.708568
-0.629470
-0.585926
-0.691594
-1.309114
0.458036
0.990765
-0.021482
0.000000
29.961441
30.576271
31.654549
32.028572
18.247299
-19.870531
-3.681762
-2.147537
-1.372114
-0.598086
0.385514
1.546456
-0.484130
0.452616
-0.634632
-1.711978
-0.722401
1.094496
0.914764
0.000000
29.213547
29.911085
31.366772
31.909353
17.685923
-22.203989
-4.328933
-2.664108
-1.521922
-0.522706
1.068913
1.775135
-0.961680
-2.059049
-0.414657
-0.571019
0.264204
1.080141
0.240429
0.000000
29.512337
30.162956
31.668839
31.264969
15.893389
-23.624756
-4.513225
-2.428110
-1.483762
-0.523066
1.108792
1.788490
-0.322874
-0.095629
-0.745917
-1.534570
-0.690371
0.991227
1.230911
8.701626
0.000000
29.959263
30.544012
31.648949
29.861704
21.378040
-2.758619
-1.673018
-0.873175
-0.416430
0.848448
1.595716
-0.241022
-0.373755
-0.656459
-1.155403
-0.204701
1.513444
1.256147
9.986414
0.000000
30.678482
31.057409
32.026794
29.057335
12.220287
-4.965180
-3.055511
-2.068251
-0.742593
0.512826
1.987248
0.350335
-0.883617
-1.047025
-1.575995
-0.040688
1.060955
0.563444
10.338031
0.000000
29.971054
30.454929
31.984596
27.704510
10.773262
-5.130969
-1.812185
-1.117639
-0.349645
0.805884
1.617186
-0.101043
0.095027
-0.412431
-1.456956
-0.992293
0.652135
1.456514
8.394170
0.000000
29.932861
30.490370
31.705753
29.669636
15.451092
-4.777066
-2.189737
-1.609839
-0.618711
0.880794
1.742463
-0.514871
-1.567596
-0.220289
-0.801081
-0.270372
1.290587
1.140633
9.675034
0.000000
30.312597
30.762398
31.991684
29.090742
10.158014
-5.579720
-2.270737
-1.602504
-0.665603
0.016322
1.795165
0.733027
-0.099260
-0.820465
-1.772935
-0.404723
1.100181
0.970062
9.816480
0.000000
30.261942
30.686577
32.147408
28.623928
10.760006
-7.803093
-2.991591
-2.393198
-0.773315
0.247316
1.609203
0.776299
0.117689
-0.378578
-1.768270
-1.171477
0.571957
1.573093
8.445465
0.000000
29.701410
30.267269
31.915657
29.656120
13.220797
-7.340092
-2.837979
-2.071319
-0.626360
0.464800
1.917791
0.327673
-1.813684
-0.479548
-0.681367
-0.289136
0.924977
1.070928
11.039662
0.000000
30.161785
30.644619
32.025379
29.802208
11.998219
-7.554958
-2.547656
-2.006565
-0.777719
0.022146
1.496440
0.846968
-0.615951
-0.403826
-1.454335
-1.139860
0.601116
1.453219
9.454755
0.000000
29.756073
30.311207
31.963997
29.076355
11.631388
-7.589192
-2.554472
-2.120527
-0.750700
0.105759
1.526770
0.897208
-0.615650
-0.387369
-1.415081
-1.170508
0.610674
1.539097
9.592055
0.000000
29.838692
30.368462
31.986679
30.396793
11.931122
-7.440184
-2.851549
-2.509976
-0.879228
-0.014720
1.652056
1.041628
-0.790977
-0.542492
-1.460374
-1.124377
0.755354
1.437951
9.888790
0.000000
29.722342
30.276192
32.021057
30.167738
11.600986
-7.500144
-2.681506
-2.520857
-0.837701
-0.096636
1.462689
1.188002
-0.604485
-0.306745
-1.645199
-1.472479
0.325125
1.460922
7.097755
0.000000
29.663935
30.231604
31.979046
29.542387
13.278507
-10.837979
-3.014610
-2.618778
-0.835322
-0.174184
1.697353
1.207245
-0.756146
-0.589109
-1.646380
-1.397778
0.731195
1.326885
10.091479
0.000000
29.895275
30.418810
32.061317
29.124239
13.074804
-10.869232
-3.083851
-2.411218
-0.930686
-0.185930
1.502815
1.382407
-0.467125
-0.424232
-1.769408
-1.430519
0.445555
1.437061
9.236713
0.000000
29.907114
30.431660
31.989948
29.660521
13.125755
-10.619915
-3.187636
-2.327750
-1.066202
-0.251256
1.659985
1.380481
-0.729217
-0.621353
-1.649486
-1.503672
0.739652
1.408509
8.274166
0.000000
29.883671
30.422474
32.024937
29.577700
13.287422
-10.639864
-2.916587
-2.332863
-1.072733
-0.284347
1.360480
1.616723
-0.465688
-0.421450
-1.632775
-1.511208
0.448650
1.324603
4.287028
0.000000
29.721310
30.322237
31.961424
29.845772
12.823635
-16.110817
-3.616778
-2.242884
-0.936870
-0.264609
1.432588
1.621547
-0.379312
-0.532035
-1.576818
-1.477106
0.691915
1.147009
10.846598
0.000000
29.913134
30.501862
32.027836
29.737734
12.749481
-15.948932
-3.350766
-2.231230
-1.212682
-0.402664
1.305670
1.625911
-0.332294
-0.045961
-1.662684
-1.727202
0.296125
1.413122
-0.067445
0.000000
29.830873
30.418184
31.919090
31.153263
16.125248
-15.805418
-3.532798
-2.473229
-1.345191
-0.387315
1.356635
1.732906
-0.581165
-0.719982
-1.411234
-1.205553
0.718088
1.069680
10.656646
0.000000
29.863865
30.475735
31.984394
29.894009
13.621202
-15.544455
-3.324579
-2.101085
-1.069214
-0.450771
1.209297
1.613540
-0.282954
-0.140945
-1.489529
-1.865968
-0.012569
1.349410
0.197975
0.000000
29.597271
30.236212
31.782064
31.749063
16.823648
-15.100649
-3.161435
-2.030832
-1.102984
-0.338717
1.164099
1.611187
-0.704865
-0.683233
-1.063575
0.000000
4.668838
32.177155
31.664217
30.005449
28.473207
27.879454
25.952097
26.057207
25.719238
22.853733
22.443691
22.902277
19.258221
16.063812
-0.378350
1.113219
-0.709827
-0.949185
-1.117171
-1.168865
-0.840349
-1.126043
-0.289246
0.162166
0.746573
2.114781
1.825968
2.185576
1.663334
2.042105
1.516477
-0.106634
26.358271
23.890570
24.398359
23.491737
7.989256
-2.751559
-2.949524
-3.401439
-2.373775
-1.481903
-1.202774
-0.780900
-0.280539
0.373934
0.641255
1.288080
2.499568
2.553903
28.850918
0.000000
29.780403
30.212578
31.795986
31.534798
13.257420
-11.576511
-3.893004
-2.970598
-1.253016
0.299524
1.109359
0.687727
-0.612283
-0.110226
-0.683522
-0.778934
-0.972677
1.984657
16.837414
0.000000
29.938923
30.241791
32.267620
30.843962
12.652115
-13.409845
-4.263918
-3.934892
-1.982852
-0.246667
1.007710
1.361988
-1.538911
-0.647151
-0.229357
-1.001321
0.534204
2.709268
19.428291
0.000000
29.767145
30.034559
32.271702
31.163818
12.751627
-14.446129
-4.641472
-3.752566
-1.763825
-0.237183
1.707878
1.630453
-0.934442
0.074101
-1.390547
-1.519608
-0.662473
1.910443
1.011527
0.000000
29.174292
29.641403
32.041359
32.269600
20.927624
-8.763983
-2.140006
-2.648766
-1.505780
-0.096921
1.530764
1.446755
-1.554944
-0.769121
-0.452446
-0.778527
0.190927
0.972501
8.244572
0.000000
29.741053
30.303867
32.004589
31.799862
17.602379
-9.909439
-1.766573
-1.747221
-0.683235
-0.479771
0.476264
1.517682
-0.063781
0.619155
-1.110450
-1.666870
-0.057030
0.936591
-0.090888
0.000000
29.882179
30.498604
32.012936
32.260548
16.979998
-21.498642
-3.792371
-2.840345
-1.688342
-0.419186
0.745927
1.822351
-0.294695
-0.211798
-0.845039
-1.461088
-0.311997
0.985928
0.301944
0.000000
29.133718
29.822277
31.882927
31.848568
17.849287
-19.903925
-3.113827
-2.208435
-1.118053
-0.319700
1.119112
1.900908
-0.583977
-0.817190
-0.827626
-1.182111
0.282896
0.832594
-0.324679
0.000000
29.773788
30.397848
32.058674
31.803543
17.133194
-16.834259
-2.602550
-1.757148
-1.108141
-0.420830
0.543205
1.571372
-0.200874
0.714257
-1.038833
-1.880633
-0.399426
1.168398
0.573368
0.000000
29.527489
30.176167
31.810328
32.173710
16.904541
-23.378593
-4.554376
-3.131341
-1.865747
-0.442385
1.007714
2.146560
-0.926461
-1.080199
-0.482390
-1.163234
-0.058264
1.183775
-0.205203
0.000000
29.323933
30.031702
32.002533
30.597025
18.358524
-23.133297
-3.682191
-2.211359
-0.770376
-0.530470
0.489182
1.434442
0.006351
0.551580
-1.007678
-1.854227
-0.406158
1.010043
0.524195
0.000000
29.637350
30.283249
31.903069
32.193680
16.501297
-21.779564
-3.975402
-2.731618
-1.867420
-0.426948
0.784901
1.966025
-0.498931
-0.619720
-0.424870
-1.357067
-0.503034
0.910132
0.404868
0.000000
28.987732
29.743292
31.592554
32.080212
17.252554
-16.054043
-2.437188
-0.911149
-0.553721
-0.374451
0.803698
1.764393
-0.145596
-0.151252
-0.793999
-1.396270
-0.501755
1.003151
1.061436
11.680330
0.000000
30.532108
30.927265
32.163704
28.361486
15.320553
-4.327282
-2.619290
-2.030011
-0.729549
0.368980
1.801162
0.203290
0.253734
-0.807233
-1.707262
-0.872705
0.975904
1.416112
8.897003
0.000000
29.837479
30.377617
32.109947
28.881962
9.631420
-5.942111
-3.213046
-2.105729
-0.639889
0.537142
2.199140
-0.256010
-1.275955
-0.517629
-1.115793
-0.266037
1.123645
0.387964
12.358234
0.000000
30.147316
30.589556
30.801350
28.919867
7.438103
-5.704327
-2.298711
-1.527945
-0.672198
0.322933
1.632239
0.450396
0.364205
-0.899879
-1.769751
-0.639762
0.973333
1.189514
10.656738
0.000000
30.191229
30.655426
32.159172
27.860689
10.559278
-5.311917
-2.993403
-2.202035
-0.620888
0.559893
2.012115
-0.098378
-0.567544
-0.502422
-1.368102
-0.667888
0.904529
1.131951
10.010441
0.000000
29.958328
30.491629
32.121677
28.683216
11.226332
-5.319224
-2.242011
-1.572783
-0.676053
0.335215
1.823338
0.293503
-0.272608
-0.682200
-1.534372
-0.698683
1.013069
1.073911
11.586872
0.000000
30.236980
30.696190
32.190716
27.807476
10.721319
-5.309191
-2.587752
-2.030120
-0.781862
0.355289
1.611273
0.424800
0.181732
-0.663425
-1.717802
-0.995622
0.771240
1.356090
9.816185
0.000000
29.853302
30.417885
32.094433
28.481041
10.077215
-5.717033
-2.761371
-1.976342
-0.667976
0.452216
2.023294
-0.144539
-1.369165
-0.399430
-1.033704
-0.262479
1.037980
0.530366
12.406725
0.000000
30.263676
30.712400
31.055099
28.959358
8.275568
-5.487487
-2.172286
-1.631503
-0.723728
0.266838
1.581579
0.566968
0.278683
-0.790870
-1.799920
-0.904521
0.858236
1.455024
10.451612
0.000000
30.053913
30.568340
32.132904
28.289610
10.162712
-5.445928
-2.827230
-2.226732
-0.687647
0.501486
1.900683
0.135696
-0.812003
-0.385603
-1.314990
-0.771176
0.895418
1.166348
10.633745
0.000000
29.953758
30.493694
32.143925
27.521812
9.044807
-5.578037
-2.307007
-1.675939
-0.722878
0.247324
1.757720
0.517728
-0.347315
-0.721326
-1.582396
-0.828733
0.957661
1.134657
12.068725
0.000000
30.191063
30.655865
32.194901
27.576885
10.302107
-5.225939
-2.367587
-2.077641
-0.819664
0.316275
1.506612
0.454885
0.302414
-0.512823
-1.763696
-1.309226
0.592825
1.677641
9.871384
0.000000
29.821335
30.417263
32.039234
28.888172
10.335533
-5.645293
-2.865071
-2.289075
-0.767950
0.382685
1.975613
0.008263
-1.750864
-0.316275
-0.839191
-0.352881
0.990214
0.823740
12.837826
0.000000
30.228483
30.689190
32.207428
26.991196
8.376640
-5.449861
-2.147112
-1.874929
-0.753382
0.036178
1.646402
0.917517
-0.129130
-0.756982
-1.721819
-1.025221
0.801808
1.327071
11.061359
0.000000
30.039095
30.538296
32.109215
27.585098
11.341835
-7.458530
-2.630933
-2.056163
-0.697433
0.259277
1.606730
0.743657
-0.053566
-0.426578
-1.655797
-1.237583
0.504380
1.629605
10.200647
0.000000
29.910915
30.457249
32.074959
29.770428
10.791029
-7.791712
-3.072934
-2.273203
-0.802233
0.180215
1.945411
0.625915
-1.141243
-0.453112
-1.224314
-0.965109
0.999167
1.244678
12.674734
0.000000
30.135818
30.610680
32.230232
27.424994
8.879368
-7.822113
-2.597605
-2.129835
-0.799863
-0.001036
1.519218
1.173295
0.058876
-0.694581
-1.892498
-1.137368
0.694246
1.377518
11.701695
0.000000
29.985758
30.488590
32.174210
27.678747
10.902119
-7.516592
-2.814497
-2.365923
-0.790133
0.244371
1.601845
0.930766
-0.538474
-0.356377
-1.483774
-1.302657
0.580197
1.747384
11.877533
0.000000
29.994816
30.517452
32.108475
28.130501
10.205605
-7.797583
-2.960012
-2.373864
-0.848214
-0.001179
1.760553
0.965774
-0.862132
-0.599295
-1.418868
-1.085559
0.817031
