-0.000022
-0.000040
-0.000058
-0.000073
-0.000087
-0.000100
-0.000111
-0.000121
-0.000129
-0.000136
-0.000141
-0.000146
-0.000150
-0.000153
-0.000156
-0.000180
-0.000211
-0.000232
-0.000245
-0.000253
-0.000258
-0.000259
-0.000258
-0.000254
-0.000249
-0.000235
-0.000205
-0.000152
-0.000068
0.000035
0.000095
0.000129
0.000046
-0.000066
-0.000160
-0.000206
-0.000206
-0.000167
-0.000134
-0.000151
-0.000203
-0.000268
-0.000332
-0.000391
-0.000442
-0.000486
-0.000523
-0.000553
-0.000573
-0.000586
-0.000589
-0.000585
-0.000573
-0.000554
-0.000530
-0.000520
-0.000507
-0.000481
-0.000441
-0.000370
-0.000264
-0.000126
0.000039
0.000229
0.000441
0.000673
0.000922
0.001184
0.001453
0.001729
0.002011
0.002299
0.002593
0.002891
0.003194
0.003495
0.003773
0.004052
0.004343
0.004642
0.004944
0.005247
0.005552
0.005860
0.006177
0.006490
0.006795
0.007092
0.007388
0.007678
0.007958
0.008223
0.008476
0.008716
0.008947
0.009169
0.009386
0.009598
0.009809
0.010007
0.010200
0.010401
0.010620
0.010825
0.011013
0.011170
0.011300
0.011407
0.011496
0.011574
0.011648
0.011722
0.011798
