0.000000
3.639027
4.716600
4.446484
3.786618
4.237448
5.456744
6.156049
6.630514
6.990852
6.577159
6.147173
5.289301
3.798481
2.474418
0.211523
0.286370
-0.065560
-0.473127
-0.371253
-0.033112
0.322456
0.526787
0.650568
0.560130
0.324713
0.106416
-0.015553
-0.167850
-0.206118
-0.596578
-0.694614
0.042138
0.615345
0.231347
-0.615425
0.000000
11.276046
10.714392
8.854083
7.580651
5.003574
4.725680
5.257529
6.213644
7.071998
7.506893
7.304743
6.337023
4.930497
3.391046
1.905039
0.472516
-0.180361
-0.459951
0.117090
2.040760
0.527051
-0.928904
-1.510468
-1.459495
-1.089059
-0.742815
-0.505008
-0.379273
-0.316637
-0.139111
0.108976
0.195655
0.122680
0.035955
-0.042690
-0.083861
-0.142296
-0.200351
-0.303125
-1.396350
-1.093906
1.375870
2.597539
1.444420
0.290414
0.000000
5.095006
4.766452
3.458849
2.929091
2.360278
2.327497
3.887248
5.018879
5.476499
5.170423
4.162670
2.707006
1.125968
-0.489719
-2.023675
-1.605030
0.106638
0.106634
0.777065
-0.921853
-1.618575
-1.539349
-1.136504
-0.699473
-0.433287
-0.393713
-0.468827
-0.525188
-0.418132
-0.363177
