3.528398
0.322835
-0.491548
-0.282654
-0.951664
-0.762329
-1.166271
-1.010479
-1.431086
-1.254180
-1.672091
-1.501812
-2.020683
-2.031876
-2.588120
-2.636418
-3.196829
-3.501897
2.463302
5.357188
8.236101
10.173850
10.680704
11.051105
9.382289
6.504661
2.973790
-0.847757
-4.719488
-8.446558
-11.749899
-14.500389
9.656361
2.486403
2.139212
2.056180
1.852750
0.925344
2.544176
2.151618
1.815937
1.230575
0.404994
1.428929
-0.444073
-1.859808
-0.374207
-1.711845
2.775174
0.403158
-2.713310
-2.836523
-2.782149
-2.876817
-2.732102
-3.068739
-2.947176
-3.320574
-3.070420
-4.407112
-3.300301
-2.396939
-0.542652
-0.086716
1.139709
0.917620
1.546085
1.304458
1.212524
1.982900
3.231503
4.149338
1.824103
8.934509
4.905725
-3.362970
-10.483623
-11.342836
-7.771788
-6.733472
-3.343167
1.961278
8.236720
6.272328
6.013428
5.578407
6.749162
6.562099
6.922227
6.505003
4.676296
3.260889
-0.607896
6.183695
0.422404
-10.056244
-13.715324
-13.878783
-11.737578
-10.049835
-9.356032
-2.283053
5.368982
9.730986
9.203105
8.683525
9.698600
8.975924
8.603275
6.480360
3.845845
0.288844
6.792038
2.288187
-3.233565
-13.305689
-17.524649
-18.690205
-15.844608
-12.853784
-11.627706
-3.214803
1.407762
14.435185
10.008752
10.079719
