0.000000
0.000000
0.000000
0.000004
0.000002
0.000002
0.000002
0.000002
0.000002
0.000002
0.000002
0.000001
0.000002
0.000001
0.000002
0.000001
0.000001
0.000001
0.000001
0.000000
0.000000
0.000000
0.000000
0.000000
0.000000
0.000000
0.000000
0.000000
0.000000
0.000000
0.000000
0.000000
0.000000
0.000000
0.000000
0.000000
0.000000
-1.044159
0.000000
0.000000
0.000000
0.000000
0.000009
0.000000
0.000001
0.000002
0.000001
0.000001
0.000002
0.000000
0.000000
0.000000
0.000000
0.000002
0.000002
0.000002
0.000002
0.000002
0.000002
0.000000
0.000000
0.000000
0.000000
0.000000
0.000000
0.000000
0.000000
0.000000
0.000000
0.000000
0.000000
0.000000
0.000000
0.000002
0.000002
0.000002
0.000001
0.000001
0.000001
0.000001
0.000000
0.000000
0.000000
0.000000
0.000000
0.000000
0.000000
0.000000
0.000000
0.000000
0.000000
0.000000
0.000000
0.000000
0.000000
0.000000
0.000000
0.000000
0.000005
0.000005
0.000002
0.000000
0.000000
0.000000
0.000000
0.000000
0.000000
0.000000
0.000000
0.000000
0.000000
0.000055
0.000027
0.000000
0.000005
0.000001
0.000013
0.000028
0.000017
0.000005
0.000001
0.000000
0.000000
0.000000
0.000000
0.000000
