0.000000
3.340076
6.001440
6.178868
4.345849
2.839303
2.419115
2.754017
3.881294
5.279373
7.253900
9.277125
2.011674
-2.723716
0.160410
-0.093741
-1.795824
-1.446670
-0.961002
0.020265
-0.665404
0.248536
2.761088
5.234920
7.671412
0.424342
0.264143
0.250659
0.211063
26.640669
26.640600
26.640612
11.489430
5.432395
26.640638
26.640558
26.640631
26.640673
0.000000
0.877527
3.412471
6.907337
2.330452
2.907803
1.740590
3.275958
0.200596
0.162701
2.989826
1.759671
0.604078
-2.847528
-0.224128
-0.670686
0.786109
1.472319
1.969625
-0.133388
-0.253761
-0.136248
35.549999
0.405250
3.016353
-1.407897
-0.545324
0.729707
1.177441
0.000000
26.942879
26.966707
25.887375
25.824236
23.328436
-0.477718
0.160912
-0.038166
0.545986
1.150984
-0.140464
-1.498689
-1.271408
-1.292910
-1.437981
9.317501
8.608710
6.127292
6.287650
6.024853
0.000000
13.314305
19.229156
18.065722
28.173561
27.069010
23.365967
-3.462246
0.218583
1.849212
0.859877
0.054854
-0.954081
-0.759885
0.284143
0.283206
0.154179
0.282743
7.304963
6.228357
6.667242
0.000000
21.836111
24.996208
23.885483
26.614727
2.703322
-2.342998
-1.723602
0.008454
1.003287
1.151427
1.192719
0.728383
0.417326
0.746250
0.698229
0.287348
1.506716
-1.281399
-0.169911
0.000000
26.448135
25.745279
24.372189
21.695093
0.144156
-6.500204
-2.994619
-0.102064
0.683274
0.810994
0.716718
1.049627
-0.777654
0.155504
0.575692
0.240089
-0.508192
-1.381749
5.454909
4.730072
0.000000
25.292002
25.141487
23.898134
22.237160
14.874378
-3.831914
-0.819669
1.503770
1.191511
0.678735
0.333881
-0.166132
0.414318
0.231763
0.435155
0.444573
-0.401128
0.339522
-0.326786
0.000000
5.624844
5.787773
24.291628
28.488207
1.333930
-3.794702
-1.772635
-0.389266
1.105385
1.974961
1.403396
-0.056702
0.611034
1.054359
0.221555
0.641907
8.249534
7.349193
7.073332
0.000000
25.610207
23.923965
21.665506
9.431790
5.096613
-3.420794
-2.168011
-0.405600
0.186717
0.083355
0.577499
0.738518
-0.676127
0.169909
0.345510
0.326666
0.117436
-0.697626
0.582456
-0.250388
0.000000
7.448008
25.077894
24.497429
25.049116
4.413918
-3.886783
-2.023205
-0.067163
1.132424
2.062812
1.381279
-0.052467
0.387058
1.090746
0.261555
-0.348130
-1.005323
-0.493700
7.393291
0.000000
22.712616
25.427477
23.962105
20.272547
6.608201
-4.265150
-0.920183
0.006369
1.161009
0.516771
0.470500
0.347616
-0.595589
-0.009875
0.117047
0.527257
0.402071
-0.072198
0.823046
0.000000
13.418130
1.918973
24.701056
24.211910
-3.774479
-9.306292
-3.920204
-1.336795
0.680333
2.457761
2.114252
0.866658
-0.160272
0.648362
0.578732
-0.155764
-0.700014
-0.723077
0.123152
0.000000
26.211153
25.409267
23.578650
21.622641
-2.046150
-4.648083
-2.136843
-0.807642
-0.113311
-0.548387
-0.073014
0.476663
-0.373676
0.564275
0.525982
0.655659
0.545297
-0.616660
0.313546
0.022118
0.000000
10.542204
17.584173
25.727917
14.999497
-0.727528
-3.059231
-1.761463
-0.084913
0.630009
1.630897
1.417611
-0.538362
0.291385
0.165724
-0.035248
-0.321199
-1.348365
0.139297
6.878733
0.000000
19.725109
25.605818
24.220264
18.850233
3.113410
-3.875922
-1.550541
-0.120966
0.519911
0.837934
1.293224
-0.061891
0.413943
0.293124
0.519915
0.431574
-0.674703
0.161672
0.057212
0.000000
15.291759
2.039154
24.996628
28.557236
-3.254373
-4.088976
-2.932819
-0.789311
0.224268
1.483407
1.564889
-0.155860
0.285893
0.205701
0.270432
0.013531
-1.082077
-0.214298
-0.024082
0.000000
21.027861
25.653450
24.348995
28.358744
1.556311
-2.578686
-2.794966
-0.660998
0.888979
1.055575
1.451315
0.466026
0.294678
0.249648
0.355931
0.490545
-0.245902
-0.173280
0.090837
0.000000
10.562756
2.056085
18.362288
23.444817
-7.626071
-4.914508
-3.105327
-1.086585
0.078073
1.495517
1.640808
0.224788
0.135878
0.204452
0.288620
-0.140186
-1.071766
-0.627315
4.123065
0.000000
26.901842
26.271229
25.025375
23.584108
1.391569
-3.265980
-2.876689
-0.534441
0.192345
0.362127
1.058984
0.637438
0.389339
0.496343
0.492645
0.519545
-0.254288
-0.551362
0.365118
0.000000
14.854145
2.031103
25.458628
24.683193
-7.255827
-3.329199
-3.186232
-0.661390
0.321321
1.168631
1.390564
0.803210
-0.058416
0.622619
1.003379
-0.042918
-0.947997
-0.982058
-0.000034
0.000000
27.637268
27.127079
25.900396
24.397791
-1.453757
-2.843521
-2.789191
-0.584469
-0.086663
0.463041
0.920348
0.381208
0.300849
0.696655
0.788446
0.507802
-0.233256
-0.641443
0.326962
0.000000
14.553514
2.058149
25.692217
24.684275
-4.749224
-4.960980
-3.579301
-0.849545
0.135496
1.001022
1.319365
0.805817
0.063947
0.772556
0.863816
0.115127
-0.926063
-0.977054
0.076886
0.000000
27.581251
27.265444
26.070110
24.584846
-1.827083
-6.228162
-3.695851
-0.787990
-0.023615
0.468644
1.005480
0.573521
0.267163
0.488026
0.590364
0.302891
-0.467549
-0.571189
0.398085
0.000000
18.255003
2.044096
25.494898
24.346430
-4.046801
-6.182847
-3.919491
-0.852258
0.274407
0.814497
1.291598
0.666246
-0.014890
0.492286
0.609982
0.030888
-0.889836
-0.615396
0.201190
0.000000
25.799875
26.745163
25.447252
23.871298
-0.751218
-3.691082
-3.239313
-0.559631
0.128809
0.603174
1.112328
0.696820
0.113888
0.521764
0.597461
0.141926
-0.558002
-0.510737
0.379301
0.000000
19.518805
2.039801
25.420794
24.216187
-3.951423
-5.529682
-3.796121
-0.826447
0.122666
0.794197
1.252322
0.606221
0.017157
0.557120
0.766308
0.049711
-0.892385
-0.632505
0.323134
0.000000
22.400541
26.721849
25.439457
23.835154
1.191525
-5.377753
-3.538636
-0.636487
0.168519
0.767207
1.254563
1.054333
-0.034817
0.691340
0.670729
0.038881
-0.570263
-0.609348
0.309051
0.000000
23.258446
2.006514
25.406469
24.149542
-3.266289
-5.147358
-3.743059
-0.958035
-0.061652
0.775588
1.164122
0.365484
0.082236
1.002187
0.975521
-0.049140
-1.044676
-0.721546
0.194302
0.000000
26.579550
27.035526
25.752035
24.061371
1.130407
-5.123806
-3.165265
-0.578768
0.174342
0.869429
1.460076
1.096930
-0.116558
0.681159
0.534379
0.004335
-0.603580
-0.548743
0.311398
0.000000
21.998838
2.052553
24.588377
23.328518
-3.285545
-4.326422
-3.500252
-0.912734
-0.012515
0.789688
1.146780
0.301760
0.085700
0.629425
0.868198
-0.198521
-1.031416
-0.628045
0.202781
0.000000
26.028364
26.436249
25.046463
23.302502
0.961464
-3.572909
-2.885080
-0.576371
0.015666
0.700817
1.383324
1.050108
-0.004270
0.759451
0.661343
0.078184
-0.375723
-0.581300
0.308783
0.000000
19.386028
2.074728
24.547937
23.278912
-1.983573
-5.557852
-3.694937
-1.006434
-0.033545
1.054691
1.354742
0.546043
0.013144
0.622378
0.712565
-0.312192
-1.112720
-0.764337
0.226589
0.000000
27.203856
26.279566
24.885323
23.132595
2.344753
-3.796207
-3.064164
-0.570662
-0.008038
0.677786
1.134062
0.964988
0.093236
0.761324
0.707586
0.111745
-0.308304
-0.607285
0.207844
0.000000
24.277472
2.045280
25.565779
24.303341
-3.792708
-4.740298
-3.537213
-0.866534
0.091146
0.918327
1.314238
0.622074
-0.107220
0.413892
0.552507
-0.511661
-1.345514
-0.607814
0.400820
0.000000
26.991444
25.934322
24.399477
22.530561
3.753893
-2.254299
-2.956413
-0.458765
-0.014440
0.824304
1.182178
0.876402
0.165931
0.875955
0.777026
0.261324
0.438453
-0.884374
0.017934
0.000000
27.563589
20.752003
26.621929
25.226509
-7.125095
-7.088465
-3.621778
-0.858341
0.104239
0.764591
1.466112
0.900380
-0.242978
0.313265
0.466201
-0.551919
-0.637364
-0.556570
0.494484
0.000000
26.556017
25.509933
23.907774
21.913378
5.555442
-2.167382
-2.791055
-0.409920
0.046347
0.869756
1.463245
1.371303
0.031819
0.835189
0.579342
0.350527
0.394542
-1.046757
-0.055186
0.000000
28.083172
7.281061
26.087225
24.740580
-6.113215
-9.550528
-4.173450
-1.185110
0.008153
0.838677
1.490689
0.526725
0.149526
0.133244
0.532681
-0.641036
-0.730758
-0.428619
5.578193
0.000000
26.580254
25.302532
23.521040
21.407257
5.960727
-5.111011
-2.886934
-0.376027
0.927455
1.232232
1.616436
1.338316
-0.314123
0.598480
0.483995
0.089827
0.058731
-0.515957
0.254355
0.000000
25.819569
2.051925
23.345083
21.974279
-11.136273
-6.771799
-3.498524
-1.061670
0.160528
1.134249
1.586279
0.294281
-0.046025
-0.151085
0.096633
-0.623172
-0.720772
-0.172675
6.560022
0.000000
24.639055
23.495962
21.647396
19.620836
8.535899
-2.487267
-2.498611
-0.513225
0.568716
1.227083
1.611660
1.054417
0.129709
0.387280
0.426348
0.216106
0.379075
-0.242575
0.192513
0.000000
18.676523
1.989128
14.161229
21.992153
-4.857486
-9.694015
-3.656214
-1.313013
0.080258
1.380165
1.907493
0.622390
-0.254336
-0.124372
0.141378
-0.909003
-0.933428
-0.459040
7.843535
0.000000
25.542789
24.230940
22.244328
19.998558
9.352932
-1.716625
-2.147711
-0.435410
0.406905
1.157494
1.587801
1.143240
-0.040084
0.503191
0.458471
0.165617
0.319714
-0.383262
0.153868
0.000000
21.609810
1.992767
18.474747
22.556952
-10.637297
-8.549841
-3.508612
-1.228875
0.103194
1.160751
1.730472
0.375970
-0.256872
-0.345056
-0.084255
-0.977315
-0.974147
3.990026
8.773643
0.000000
24.327112
22.897299
20.717607
18.385855
10.675999
-2.895013
-2.360382
-0.560366
0.031266
1.217487
1.601570
1.032380
0.158918
0.405451
0.453893
0.288683
0.341398
-0.356751
0.088612
0.000000
19.790096
1.988819
8.159544
22.507401
-5.816555
-9.562013
-3.607108
-1.376576
0.006172
1.068455
1.784525
0.624338
-0.137184
-0.234396
0.199873
-1.060771
-1.259395
7.492064
9.893913
0.000000
24.845530
23.046852
20.487566
17.819912
13.018684
-3.790356
-2.427623
-0.685997
-0.291705
1.209211
1.692615
1.262621
0.194648
0.610994
0.492852
0.541287
0.400685
-0.586084
-0.054841
0.000000
21.059072
1.988488
4.284139
22.799568
-3.362801
-9.461164
-3.289936
-1.368367
-0.052550
1.143356
1.778452
0.541643
-0.141057
-0.261490
0.185917
-1.085577
-1.331336
7.037405
9.797948
0.000000
24.766670
22.922697
20.289492
17.487297
12.661320
-3.474866
-2.246280
-0.815965
-0.388291
0.431545
0.938883
0.562106
0.493820
0.488127
0.725240
0.401667
0.258617
-0.367657
0.074218
0.000000
22.101534
1.918265
18.027933
22.226149
-11.632398
-4.549037
-2.541402
-1.149665
0.184333
1.197731
1.606872
0.066946
-0.233145
-0.414564
-0.254657
-1.316454
-0.965746
8.824252
10.404984
0.000000
23.258804
21.498262
18.781012
16.194511
10.268873
-3.691149
-1.943329
-0.932858
-0.549438
0.760223
1.410477
0.818430
0.410284
0.461659
0.617947
0.413544
0.261889
-0.324568
0.085900
0.000000
16.773249
1.947002
1.657394
21.164457
0.019928
-9.261574
-3.044950
-1.447426
0.059349
1.415652
1.894744
0.460350
-0.334725
-0.490350
-0.117700
-1.292708
8.751468
10.822783
10.404768
0.000000
23.642830
21.687620
18.676508
15.795313
9.245956
-3.734817
-1.933693
-1.010904
-0.630841
0.315473
1.107895
0.915141
0.364764
0.512861
0.567461
0.550488
0.417936
-0.372212
-0.062906
0.000000
16.733360
1.955257
3.246601
22.924854
-2.638587
-5.773355
-2.528115
-1.688816
-0.127768
1.292892
1.787649
0.406363
-0.215009
-0.094353
-0.466336
-1.103392
-0.637472
20.684734
10.994553
0.000000
23.802639
21.519699
18.159231
15.012733
7.846478
-4.999757
-2.100493
-1.080198
-0.646474
0.312085
0.940815
0.935415
0.447526
0.656231
0.878588
0.660762
0.358571
-0.526162
-0.222275
0.000000
17.677673
2.014343
2.406908
24.020819
-2.933355
-4.644557
-2.591239
-1.470528
-0.238408
0.934786
1.609301
0.522422
-0.183359
0.056413
-0.112980
-0.980558
-0.869991
13.141512
10.148942
0.000000
23.211432
21.068605
17.691471
14.598233
4.359685
-5.056694
-1.898878
-1.273919
-0.859986
0.662060
1.416302
1.225600
0.126109
0.457737
0.626629
0.178109
0.029783
-0.509332
-0.072218
0.000000
21.797571
1.990292
21.508020
22.486824
-6.144581
-1.839252
-2.009984
-1.079481
-0.081388
1.205111
1.623223
0.409881
-0.395562
-0.428402
-0.188048
-1.118682
-0.901876
-0.176169
8.914637
0.000000
24.199209
22.507862
20.100626
17.550776
9.383686
-4.483741
-1.705458
-1.083168
-0.102826
1.289879
1.755600
1.510068
-0.200917
0.536960
0.534751
0.285726
-0.130544
-0.653491
-0.040616
0.000000
24.537205
1.946495
15.640894
20.667866
-8.756877
-1.690053
-1.515002
-1.489820
-0.125451
1.577901
1.637328
0.083057
-0.447600
-0.597354
-0.541934
-1.268469
-0.868728
9.401146
12.226510
0.000000
20.107416
20.510523
17.691584
15.203525
7.276005
-4.285723
-1.188517
-1.474884
-1.242929
0.622568
1.434147
1.013845
0.303339
0.423057
0.480334
0.382685
0.105172
-0.312754
0.012661
0.000000
16.149273
1.904168
1.870580
20.734333
4.563235
-1.566202
-1.565909
-2.181141
-0.389983
1.423924
2.002936
0.357825
-0.345702
-0.361845
-0.964344
-1.223480
-0.340871
22.079357
12.956945
8.263714
0.000000
14.738208
16.848595
13.844252
2.338304
3.559025
-1.797957
-1.980390
-1.581875
0.155814
1.077554
0.254463
-0.094005
0.472240
0.456726
0.031401
-0.208173
-0.293184
0.166239
-0.506409
0.000000
2.313713
23.665104
22.070223
3.245906
-0.091115
-1.322182
-1.569182
-0.411130
1.277774
1.750782
0.860967
-1.127998
-0.187216
-0.303727
-0.667860
-0.677823
-0.462201
0.690962
-0.129048
0.000000
7.276335
20.929926
18.830847
14.768487
9.895497
-1.409077
-1.473032
-0.615385
1.311915
1.937162
1.275961
-0.535359
0.333484
0.807833
-0.123406
-0.554511
-0.591806
-0.359204
-0.525876
0.000000
15.093971
15.071825
21.245167
15.736514
1.479608
-1.222897
-2.032074
-0.414521
1.698603
2.206064
1.030194
-0.931670
0.226525
0.343918
-0.265564
-0.861944
-0.877000
0.580047
10.614288
0.000000
16.880978
20.204268
17.956163
16.510830
9.428461
-1.429738
-1.104788
-0.234901
1.420215
2.280287
1.322474
-0.735580
0.010096
0.326674
0.078996
-0.615348
-0.684784
0.118456
-0.256512
0.000000
13.966408
15.105663
18.108826
13.766356
0.460099
-0.665668
-1.575642
-0.469973
1.021127
1.737134
0.892174
-0.971779
-0.119108
0.053465
-0.327498
-0.699917
-0.618094
0.404787
-0.082590
0.000000
18.542109
19.195219
17.270542
17.405100
0.251498
-0.565933
-1.619938
-1.238001
0.842042
2.216653
1.548443
-0.381569
0.085160
0.200118
-0.262303
-0.651870
-0.424809
0.314979
-0.040848
0.000000
19.543312
18.246275
16.447443
11.935458
0.294000
-0.421366
-1.483345
-0.852405
0.867689
1.846855
0.912299
-0.387386
-0.120456
-0.045611
-0.337040
-0.549300
-0.342292
0.076428
-0.285433
0.000000
16.300064
2.365580
14.949213
22.984486
14.284191
0.451025
-1.466550
-1.149543
0.785707
2.190007
1.474650
0.053675
-0.032350
0.984936
-0.105633
-0.692829
-0.620409
-0.033106
-0.466336
0.000000
19.459236
17.581232
15.627525
18.562857
0.348608
-0.265196
-1.540953
-1.199270
0.912765
2.059188
1.341059
-0.443150
-0.079421
-0.010653
-0.114928
-0.512339
-0.463715
0.177829
-0.140784
0.000000
17.947786
8.957575
14.812550
22.370773
1.356695
-1.395872
-2.376220
-1.657123
0.694054
2.079323
1.289944
0.023585
0.052886
-0.083076
-0.409161
-0.696970
-0.463475
0.392989
-0.068736
0.000000
18.611559
17.049950
15.115050
20.372355
3.518504
-0.997944
-1.781332
-1.471710
0.655157
2.257313
1.715335
-0.190102
0.075902
0.099715
-0.256084
-0.704193
-0.485558
0.595636
0.186083
0.000000
17.935429
16.798168
14.818320
20.199371
0.067754
-0.760836
-1.659389
-1.151683
0.850951
2.048894
1.038984
-0.050027
-0.008439
-0.321591
-0.493058
-0.724982
-0.342206
0.588370
-0.040064
0.000000
17.655296
16.014277
14.126970
20.024981
1.865100
-0.812368
-1.932657
-1.422795
0.695590
2.127160
1.375902
0.034353
0.040963
0.008987
-0.298345
-0.699241
-0.298508
0.506680
0.009310
0.000000
17.065458
15.675797
13.714955
22.170059
1.340550
-1.283073
-2.162679
-1.545114
0.777391
2.276247
1.408393
-0.338989
-0.035492
-0.146277
-0.327605
-0.702362
-0.535206
0.637076
0.200892
0.000000
17.469942
15.944327
13.919010
22.559904
0.752860
-1.431042
-2.236697
-1.686486
0.602540
2.021393
1.260083
0.388138
0.171329
-0.139759
-0.376266
-0.717453
-0.477601
0.632527
0.090650
0.000000
17.477278
15.996383
13.990614
22.077343
1.989798
-1.164413
-2.142140
-1.646329
0.572855
2.004228
1.185400
0.195520
0.001671
-0.069867
-0.407087
-0.873008
-0.533178
0.722923
0.208754
0.000000
17.025219
15.504434
13.413505
23.436102
8.267518
-0.356592
-1.545799
-1.499205
0.599394
2.326284
1.517937
-0.043002
0.088163
-0.111752
-0.235817
-0.674809
-0.584892
0.474350
0.046766
0.000000
18.274328
16.556511
14.414537
22.494831
2.529408
-1.424517
-2.105700
-1.648628
0.508684
1.972115
1.492086
-0.049294
0.220968
-0.225968
-0.130981
-0.562374
-0.355578
0.775841
0.309739
0.000000
17.404675
15.786913
13.585906
24.373026
3.926476
-1.125347
-1.929961
-1.639432
0.518848
1.983351
1.303704
0.108555
0.158668
-0.256527
-0.414092
-0.740820
-0.532133
0.866799
0.250087
0.000000
17.246023
15.459684
13.216492
24.448179
10.384508
-0.399532
-1.558491
-1.591398
0.297166
2.004712
1.546169
0.237775
0.394086
-0.168704
-0.291621
-0.636703
-0.583308
0.647518
0.113891
0.000000
17.703575
16.101048
13.920929
22.939846
1.704880
-1.739738
-2.030481
-1.620999
0.378771
1.739902
1.440547
-0.294201
0.233269
-0.260494
-0.495030
-0.728087
-0.466148
1.132873
0.523227
0.000000
16.202719
14.548729
12.308056
23.202049
11.847999
-0.696428
-1.683448
-1.597959
0.209548
1.649077
1.173178
0.899991
0.569121
-0.172921
-0.615594
-0.695988
-0.549146
0.952688
0.240107
0.000000
16.815424
15.196756
12.975945
22.515207
3.751236
-1.883246
-1.845469
-1.531553
0.130449
1.323519
1.026217
0.382516
0.463742
-0.336278
-0.845586
-0.865366
-0.186093
1.506387
10.003101
0.000000
14.962517
13.104449
10.699079
21.919338
11.850244
-2.218678
-2.103777
-1.047981
0.279908
1.147169
0.646061
0.993332
0.668020
-0.010639
-0.817119
-0.716269
-0.509543
1.479393
0.618455
0.000000
17.035656
15.262376
12.870624
21.275690
3.531162
-1.738497
-1.517643
-1.002381
0.238617
1.186548
0.868546
0.399151
0.165293
-0.523859
-1.058134
-1.067072
-0.036818
1.804965
7.998389
0.000000
9.061925
13.297518
10.777420
21.352798
15.484378
-3.222170
-1.673000
-0.044895
0.555044
0.869799
-0.004620
-0.093532
-0.029367
-0.141664
-0.851015
-0.538303
4.779025
7.591260
8.750629
0.000000
15.522659
12.614055
9.616281
18.032301
11.764142
-3.096520
-1.800013
0.116704
0.572342
0.673840
-0.523198
-0.352956
0.187756
0.127464
-0.646641
-0.521357
4.810568
8.438388
8.855292
0.000000
15.768369
12.294115
9.295757
17.989588
11.347366
-2.640483
-1.911490
0.034372
0.538951
0.653899
-0.561965
-0.430498
0.319220
0.087029
-0.735627
-0.449415
1.399502
10.251478
9.743004
0.000000
15.187835
11.255621
8.218035
17.248026
10.224858
-2.625064
-2.153490
-0.105949
0.623564
0.626676
-0.704328
-0.313539
0.517341
0.128426
-0.603328
-0.118551
1.089494
10.119271
10.045493
0.000000
14.006692
10.407610
7.538816
16.714643
5.240334
-2.425453
-2.351768
-0.489253
0.411751
0.672232
-0.377708
-0.058573
0.599414
0.067903
-0.752998
-0.185447
0.600631
1.905419
9.332286
0.000000
7.793840
10.929725
8.378687
17.975231
7.628891
-2.671485
-2.377446
-0.654280
0.351081
0.766101
-0.256487
0.136098
0.435762
-0.005141
-0.883116
-0.226542
0.446971
2.078142
9.640471
0.000000
12.024375
11.194036
8.510959
3.840509
-10.001343
-2.962902
-2.376268
-0.606613
0.329689
0.698174
0.044455
0.312027
0.389406
-0.054251
-1.100017
-0.218064
0.556617
2.052691
0.000000
15.878189
13.820371
11.694663
8.972116
5.015919
-9.607426
-3.100125
-2.315930
-0.480521
0.364339
0.685636
-0.015183
0.167856
0.325931
-0.094274
-1.114433
-0.212108
1.128479
9.787088
0.000000
15.844373
13.580923
11.010925
8.008108
4.879446
-12.207088
-2.678133
-2.479290
-0.403505
0.542095
0.527009
-0.590000
-0.151638
0.465608
-0.155127
-0.771085
0.130427
1.612812
10.952759
0.000000
14.417422
12.053931
9.322523
6.321918
5.756002
-10.503710
-2.886185
-2.537167
-0.366451
0.570457
0.446076
-0.802347
0.045339
0.695285
-0.019759
-0.583386
0.275018
1.720991
11.053701
0.000000
13.904949
11.663340
8.957329
6.020290
-0.615232
-16.239075
-2.347537
-1.740431
-0.019636
1.117975
1.077060
-0.054481
0.085269
0.211226
-0.448224
-1.106864
-0.056044
0.695565
1.935925
0.000000
11.693009
1.409883
8.790199
6.413112
-6.825850
-12.987947
-2.070508
-1.729488
-0.647210
1.103802
1.508231
0.078478
0.425198
-0.315211
-0.853742
-1.425497
0.120788
1.001451
14.360209
0.000000
13.480992
10.526932
8.559445
5.819481
-1.073720
-16.118795
-2.670316
-2.366232
-0.550712
0.732074
0.479066
-0.237636
0.206880
0.026271
-0.476380
-0.826601
1.024383
10.760857
14.611659
0.000000
14.974359
12.474835
9.468925
6.262763
0.553219
-14.719241
-1.805996
-2.048618
-0.261044
1.643029
1.534036
-0.247250
0.013558
-0.293541
-0.460140
-0.707311
-0.027881
0.752229
17.771019
0.000000
13.010777
0.795058
8.078412
5.454802
-6.091987
-14.587482
-2.554909
-2.207335
-0.558036
0.972252
1.093138
0.046244
0.411558
-0.009789
-0.654540
-0.955885
0.272741
1.325148
13.191063
0.000000
14.664895
12.284176
9.576774
6.657856
-2.302785
-13.283938
-1.368137
-1.241020
-0.150985
1.563266
1.581130
-0.226003
0.016324
-0.356841
-0.513022
-0.910429
-0.253084
0.545916
15.488724
0.000000
12.572081
0.893679
8.202771
5.567814
-7.141504
-12.455988
-2.082673
-1.638080
-0.130234
1.305681
1.284530
-0.185478
0.344951
-0.212985
-0.708563
-1.212813
0.164228
1.228374
14.302466
0.000000
13.638650
11.179790
8.953542
6.324387
-3.273807
-10.659120
-1.070809
-0.912399
0.112044
1.451494
1.522199
-0.135753
0.276883
-0.447234
-0.677930
-1.028156
-0.248376
0.995239
17.265511
0.000000
12.865873
1.085700
8.550395
5.925860
-6.954238
-10.079243
-1.944299
-1.283916
-0.156725
1.296173
1.377966
-0.038949
0.553762
-0.278647
-0.819757
-1.001049
-0.150662
0.660729
15.784050
0.000000
13.723085
10.779541
9.097547
6.276882
-6.900138
-9.931253
-1.688697
-1.005951
-0.371868
1.231049
1.531010
0.072947
0.545016
-0.374579
-0.786251
-1.030643
-0.346376
0.513750
15.060017
0.000000
13.732813
9.179670
9.084014
6.156488
-6.170279
-11.679102
-2.014960
-1.324471
-0.404010
1.266189
1.463584
-0.138779
0.468089
-0.287028
-0.768096
-0.922164
-0.162709
0.861965
16.106182
0.000000
12.993742
9.925152
8.081349
5.153345
-8.147554
-9.601908
-1.743288
-1.162980
-0.055327
1.240969
1.124894
-0.405307
0.442789
-0.197781
-0.678848
-1.022241
-0.199098
1.073963
16.140102
0.000000
13.134008
10.519219
8.345913
5.374653
-6.383163
-8.555462
-0.968076
-0.591353
-0.084546
1.337376
1.332564
-0.314568
0.153939
-0.303391
-0.681509
-1.086003
-0.441684
1.098542
15.822968
0.000000
12.235324
8.887412
7.812523
5.020439
-5.587710
-8.836381
-1.671632
-0.815833
0.429331
1.302313
0.719238
-0.771876
0.197722
-0.149167
-0.576496
-0.814425
0.040803
1.319365
18.142111
0.000000
11.629582
9.055435
6.974885
3.831605
-12.081731
-5.222052
0.204901
-0.390519
0.114009
1.327847
0.768588
-0.317966
0.074645
-0.164750
-0.604344
-1.048198
-0.626705
0.630075
12.629654
0.000000
10.768071
0.623565
7.099518
4.383651
-5.050454
-1.467529
-3.021857
-1.248066
0.263973
1.236888
0.307397
-0.610599
0.188860
-0.222999
-0.810977
-0.654360
0.564744
14.218803
18.771587
0.000000
10.697100
8.460871
5.503408
2.538665
-9.170487
0.132926
-0.254950
-0.841110
0.164137
1.000337
0.301128
-0.540018
0.325638
0.002993
-0.543222
-0.766591
-0.416883
0.693025
18.035091
0.000000
11.053619
8.744650
7.010210
3.943160
-7.606676
0.116271
-0.578527
-1.021148
-0.074323
1.049928
0.459640
-0.276622
0.417249
-0.041170
-0.620333
-0.992740
-0.441599
1.272450
17.262501
0.000000
10.725952
8.531342
6.125538
3.029366
-7.791901
0.139698
-0.574278
-0.924588
0.114003
0.912396
0.059663
-0.469845
0.415901
-0.003112
-0.470812
-0.806424
-0.181595
0.830492
18.634991
0.000000
9.213722
6.957519
5.042963
1.774319
-8.788814
0.142868
-0.756372
-1.065445
-0.034944
0.695948
-0.073761
-0.347663
0.470792
0.077903
-0.501729
-0.993925
-0.021701
1.138470
15.563425
0.000000
9.449451
7.473814
5.211920
2.149538
-7.135839
0.140300
-1.122877
-0.727969
0.162579
0.613705
-0.391218
-0.907707
0.115788
-0.068412
-0.514193
-0.859739
0.855041
14.217884
18.747871
0.000000
8.695586
6.544790
3.660137
1.235256
-7.340190
0.148886
-1.542334
-1.096311
0.066267
0.691378
-0.210123
-0.576506
0.520993
-0.115519
-0.336884
-0.128370
0.703837
1.799266
22.630177
0.000000
8.555405
5.978310
3.694977
-0.175357
-13.895163
0.149581
-0.344078
-0.966886
-0.501019
0.438125
0.015909
-0.370766
0.336634
0.180191
-0.335488
0.260463
0.146748
1.734446
20.978954
0.000000
7.628642
5.899283
3.798872
1.663568
-5.454116
0.147606
-1.566277
-1.325957
0.052915
0.751159
-0.204147
-0.415678
0.231607
-0.291026
0.009566
0.461910
1.280673
25.813763
25.281267
0.000000
5.207808
2.581427
-0.004748
-0.490986
-15.181436
0.164506
-2.297892
-1.342616
-0.512580
-0.235346
-0.750861
-0.726914
0.295656
-0.023084
-0.459153
-0.241403
0.511446
15.767863
21.309353
0.000000
7.221971
5.498400
3.116764
1.057470
-6.096827
0.146237
-1.274670
-1.214791
0.416383
0.929713
-0.170010
-0.511759
0.052946
-0.182262
0.097717
0.720183
1.161549
28.342684
23.299137
0.000000
5.127935
2.774053
-0.181723
-0.553196
-13.609854
0.170783
-2.013943
-1.289153
-0.204211
-0.274382
-0.714597
-0.879916
0.216487
0.109741
-0.024920
0.546330
0.442801
1.816809
22.250519
0.000000
7.896154
6.861284
4.984623
2.508104
-7.702157
0.146300
-1.205725
-0.990778
0.300194
0.930906
-0.027037
-0.674768
-0.029866
-0.128720
0.061375
-0.210303
-0.266994
0.455884
1.188841
0.000000
6.651827
4.444261
2.422686
-2.769711
-12.213135
0.148949
-0.195196
-0.792749
0.104773
0.097145
-0.423810
-0.657749
0.362075
0.258104
0.170434
0.222770
0.242321
1.824655
21.302048
0.000000
9.282573
10.518609
7.013085
4.549451
-4.342469
0.143232
-2.896134
-2.034307
-0.227779
0.994072
0.189794
-0.572906
0.289547
-0.142092
0.018441
0.050912
0.225898
21.337208
25.015882
0.000000
8.370239
5.510580
2.294190
-1.893902
-19.126324
0.150030
-0.408775
-0.566837
-0.200842
-0.051664
-0.424638
-0.729159
0.252591
0.172688
0.367517
0.007056
0.236569
1.291516
18.362663
0.000000
8.486127
7.056672
4.804772
2.246689
-8.439528
0.146398
-0.785122
-1.051296
0.182620
0.687442
-0.298944
-0.803237
-0.354358
0.091573
0.442076
0.154471
0.024954
0.514863
26.800558
0.000000
5.436462
1.196851
1.063314
-3.658219
-17.236025
0.162099
-0.966177
-1.224511
-0.497302
-0.187284
-0.538879
-0.155384
0.647816
0.131145
0.410704
0.295363
0.648243
2.994720
24.684584
0.000000
7.569686
6.898738
4.515826
7.473997
-5.049214
0.130739
-1.365690
-1.702185
-0.544469
0.479275
-0.259199
-0.186118
0.029086
-0.044391
0.367928
0.061400
-0.093143
0.700953
18.091652
0.000000
6.586316
4.206758
1.126288
-1.674078
-8.833925
0.132265
-0.457270
-0.704432
-0.078951
-0.122258
-0.621689
-0.732804
0.246466
0.135010
0.538753
-0.000865
0.814997
17.014912
21.562027
0.000000
7.228267
6.148152
3.744884
7.367857
-6.804451
0.137613
-1.471943
-1.506544
0.089802
0.835270
-0.332354
-0.894860
-0.246520
0.247988
0.931211
0.429295
-0.095076
0.712395
33.346817
0.000000
5.108833
1.692187
-0.294180
-2.080588
-0.170062
0.135379
-0.681148
-1.025495
-0.167510
-0.220798
-0.714980
-0.592653
0.264408
0.205343
0.950651
0.507828
1.526076
2.572052
35.549999
0.000000
4.954747
3.841857
1.409566
-0.481926
-2.035204
0.128425
-0.365957
-0.764563
-0.084313
-0.013704
-0.704993
-0.775291
-0.065459
0.572920
0.304499
0.303929
-0.085533
0.710604
1.812894
0.000000
-0.175033
3.551652
1.215513
-0.137925
-4.243158
0.132070
-0.571135
-1.245095
-0.595652
-0.234551
-0.809327
-0.484588
0.323723
0.435947
1.013396
0.469398
0.680188
3.297221
35.549999
0.000000
5.080175
3.854110
1.310946
-0.176511
-1.374157
0.128433
-1.236131
-1.530547
-0.563824
0.028812
-0.676363
-0.288458
0.467494
0.769428
0.417088
0.526526
0.199759
3.003160
24.809355
0.000000
6.099045
3.925373
0.979798
-1.681088
-6.055305
0.136608
-0.938898
-1.234525
-0.564922
-0.077867
-0.807884
-0.703864
0.307787
0.407716
0.311830
-0.311679
0.993333
22.513844
28.725637
0.000000
6.495210
4.139555
0.657175
1.224811
0.129641
0.126484
-1.582689
-2.017718
-0.662579
-0.083341
-0.728775
-0.672193
0.049764
0.483512
0.745889
0.597777
1.142011
10.351936
35.549999
0.000000
4.888989
2.769879
-0.538395
-0.936150
0.107859
0.137164
-1.089304
-1.547076
-0.633241
-0.154386
-0.689957
-0.408805
0.379292
0.387044
1.147079
0.127965
1.442467
2.918226
35.549999
0.000000
4.140194
2.169999
-0.879577
-0.627724
-3.278002
0.134269
-1.110245
-1.289880
-0.462720
-0.352201
-0.774459
-0.162142
0.599350
0.720705
1.145761
0.092717
3.007635
35.549999
34.775097
0.000000
2.810784
0.750497
-3.081504
-0.250765
-0.260840
0.148958
-1.786907
-2.183322
-1.145997
-0.386240
-0.878816
-0.389082
0.570944
0.651599
0.341786
0.701158
2.309920
35.549999
32.957451
0.000000
4.230884
1.736546
-2.164160
-0.192895
0.115923
0.134506
-1.632543
-2.116186
-0.897705
-0.330440
-0.824087
-0.609714
0.326399
0.475462
0.531102
0.652805
1.776688
35.549999
34.855331
0.000000
3.719475
1.251719
-0.060474
-5.553445
0.110863
0.148301
-0.983589
-1.805920
-1.098021
-0.666592
-1.116230
-0.667127
0.411016
0.635002
0.777623
1.815152
1.781925
35.549999
33.194378
0.000000
2.683459
0.786191
-2.808408
-4.110558
-3.871012
0.149034
-1.045534
-1.659376
-0.991286
-0.408877
-0.975278
-0.333142
0.572055
0.635229
0.761372
-0.265542
3.831203
35.549999
31.973492
0.000000
3.431572
1.030080
-0.316705
-2.126425
0.125620
0.145936
-1.103567
-1.722275
-0.921517
-0.488298
-1.086268
-0.768431
0.371209
0.705746
0.743711
1.433537
1.286128
31.119581
32.256462
0.000000
3.242723
1.201875
-2.954136
-0.310531
-5.102560
0.144419
-1.237753
-1.610881
-0.864520
-0.398857
-0.984281
-0.403329
0.582823
0.690575
0.710100
-0.288307
4.113995
35.549999
32.271141
0.000000
3.095803
1.077205
-0.227345
-5.318696
0.122492
0.145563
-0.805588
-1.531167
-0.827089
-0.466012
-1.160914
-0.908147
0.272115
0.953889
0.970426
0.420882
1.112720
1.289398
35.549999
0.000000
3.382211
1.605066
-1.820199
-0.496632
-6.119079
0.124602
-2.214720
-1.605224
-0.730819
-0.390099
-1.140930
-0.381754
0.263882
0.139348
0.234092
2.067984
35.549999
35.549999
28.894651
0.000000
3.455726
0.650198
0.898788
-8.346968
-6.656138
0.133396
0.308371
-0.270902
-0.114058
-0.115835
-0.670683
-1.357289
-0.114081
0.786241
0.094244
1.112154
0.850875
1.017828
0.559000
0.000000
4.851221
0.878174
-2.127576
-1.101482
0.083304
0.153195
1.166522
0.221772
-0.265403
-0.751123
-1.824810
-1.185711
-0.106571
-0.033865
-0.269021
0.558749
35.549999
35.549999
26.535604
0.000000
1.139873
-2.896668
-0.115156
-10.881521
-1.948050
0.142512
1.916326
1.213332
0.652134
0.047710
-0.677764
-1.637969
-0.402461
1.110274
-0.437374
0.118812
0.430662
0.979105
1.515116
0.000000
-0.145961
0.629804
-3.234411
2.146905
0.109312
0.152085
0.838945
-0.782791
-1.219130
-1.337366
-2.117388
-0.969436
0.386646
0.235782
-0.083433
2.661917
35.549999
35.549999
27.665972
0.000000
2.857336
-0.515896
-0.154836
-8.051845
-5.003067
0.141139
-0.016232
-0.916529
-0.677143
-0.486865
-1.098694
-1.241511
0.140118
1.508595
1.029093
-0.776441
0.054154
0.459594
1.447112
0.000000
-0.130264
3.374287
0.422780
4.501076
-4.200054
0.114215
-1.993114
-1.716123
-0.748031
-0.228733
-0.957188
-0.074418
0.817151
1.062349
-0.096645
0.076812
35.549999
35.549999
27.664587
0.000000
2.439132
1.511783
-0.462685
-8.434434
-1.334098
0.130620
0.022986
-0.634646
-0.230202
-0.345124
-1.327295
-1.140514
0.290492
0.957038
0.458990
1.227709
0.643041
0.731322
0.486792
0.000000
2.857298
2.404534
-0.374615
0.174746
-5.042390
0.122500
-1.363686
-1.991075
-1.424432
-1.041732
-1.775771
-0.833591
0.699811
0.829998
0.385114
0.697808
35.549999
35.549999
27.174215
0.000000
1.506902
1.170098
-0.492942
-6.593431
-0.592559
0.146398
1.535174
-0.091115
-0.632393
-1.087684
-1.867183
-1.478791
0.133746
0.870425
0.607844
0.938608
0.812995
1.587766
1.182734
0.000000
4.629754
3.875690
1.101861
3.239805
-5.229162
0.128726
-1.181642
-2.640134
-2.114570
-1.343013
-1.937977
-0.740855
0.868600
1.373799
0.067727
0.664483
35.549999
35.549999
26.540718
0.000000
4.229752
2.880733
-0.422795
-1.019724
-3.357668
0.130349
-0.312341
-1.242673
-0.927250
-0.836580
-1.514793
-1.417194
0.260623
1.428877
0.290503
1.177335
0.264058
2.052754
35.549999
0.000000
5.899285
4.524787
1.573990
1.694577
-5.745032
0.126145
-0.958629
-2.336335
-1.869160
-1.238214
-1.743464
-0.965416
0.662013
1.307925
0.047565
0.122722
3.553785
35.549999
28.185472
0.000000
4.457774
3.181953
-0.384043
-1.806964
-3.996936
0.128620
-0.334077
-1.458177
-1.164922
-1.103436
-1.686926
-1.416623
0.270444
1.468432
0.405333
1.057310
0.186390
0.854288
0.566500
0.000000
6.343326
5.148277
2.421252
3.557323
-5.071826
0.116483
-1.414296
-2.166183
-1.554533
-0.802347
-1.492018
-0.523123
0.797280
0.738792
0.396878
1.056741
35.549999
35.549999
26.824362
0.000000
3.572844
2.560307
-0.382973
-7.474486
-0.412533
0.144783
0.921403
-0.448315
-0.743197
-0.897769
-1.576526
-1.482729
-0.078440
1.239130
0.584302
0.099309
0.336181
0.060675
1.010629
0.000000
-0.149725
4.125064
1.273342
4.513375
-4.063200
0.128243
-0.799183
-2.082600
-1.964530
-1.443436
-1.844243
-0.496958
0.914012
1.295131
0.486538
0.908125
35.549999
35.549999
26.424059
0.000000
2.646206
1.079433
-0.554555
-9.325907
-2.177970
0.161989
1.409328
-0.467289
-0.805275
-0.926611
-1.635890
-1.526381
0.174829
1.058484
0.219161
1.236558
0.310083
1.207362
35.549999
0.000000
6.119644
4.762709
2.220209
1.772488
0.112686
0.136909
-0.386901
-2.256702
-2.080834
-1.452268
-1.713225
-1.002929
0.447381
1.671733
0.763829
0.220831
1.189790
35.549999
30.068649
0.000000
4.663100
2.672992
-0.404320
-6.067496
-3.003664
0.153115
1.055003
-0.597967
-0.797855
-0.793784
-1.581923
-1.214422
0.326317
1.114486
0.527751
0.081389
1.230190
35.549999
31.670700
0.000000
4.303337
3.086500
-0.241961
-6.200911
-3.389153
0.161184
1.672393
-0.799382
-1.476673
-1.463855
-2.065886
-1.479027
0.142863
1.631763
0.657973
0.372667
0.665286
2.029197
35.549999
0.000000
5.203342
3.821661
0.800257
-4.068299
0.124293
0.136066
-0.761234
-2.087269
-1.731126
-1.066094
-1.509232
-0.758930
0.651185
1.622415
0.273496
0.126244
3.926189
35.549999
28.996159
0.000000
4.800247
2.791759
-0.385568
-6.778660
0.127213
0.148979
0.123981
-1.595249
-1.463758
-1.089594
-1.518144
-1.241323
0.194255
1.670652
0.829616
0.311407
0.707196
1.328297
35.549999
0.000000
6.199135
4.527609
1.776382
-0.308739
0.127090
0.136045
-0.384896
-2.265589
-2.239217
-1.674107
-1.801766
-0.976135
0.454980
1.791699
0.823265
0.157578
1.774482
35.549999
30.766171
0.000000
5.109313
2.822276
-0.263101
-0.363794
0.280442
0.179725
1.891644
-1.110196
-1.685540
-1.374857
-1.849080
-0.739401
0.284360
1.804468
0.941781
0.127245
0.853352
1.014473
35.549999
0.000000
5.000881
2.787208
-0.368798
-0.479513
0.247535
0.171902
1.456031
-0.639345
-0.887926
-0.931601
-1.585852
-1.465847
0.130507
1.403668
0.578790
0.110916
1.142277
29.442884
32.966923
0.000000
4.695034
3.081628
-0.195406
-0.213005
0.277679
0.177313
2.302187
-0.641988
-1.600904
-1.520704
-1.946598
-1.340913
0.151989
1.876559
0.882297
0.076041
0.307500
2.927166
34.395187
0.000000
5.111326
3.090865
-0.969105
-0.735539
0.273793
0.175618
1.868423
-0.457968
-1.003163
-1.030676
-1.630196
-1.409341
0.116716
1.580925
0.686859
0.123219
0.701011
35.549999
32.086048
0.000000
4.914386
2.531461
-0.330360
-0.450265
0.242043
0.178068
2.515108
-0.506404
-1.223072
-1.260932
-1.806697
-1.134767
0.209880
1.733937
0.787783
0.391120
0.826279
1.153811
0.001920
0.000000
5.190415
3.700545
0.864144
-0.321560
0.258638
0.169842
1.550714
-1.263054
-1.753670
-1.545731
-2.074438
-0.947078
0.444336
1.864785
0.843407
0.334326
2.228456
35.549999
26.584415
0.000000
3.880345
0.462147
-0.504679
-0.899572
0.179703
0.183323
2.403266
-0.744788
-1.365532
-1.279987
-1.409240
-1.070249
0.283886
1.269612
1.235485
0.941647
1.046581
2.364107
35.549999
0.000000
3.338778
1.338961
-0.288314
0.238787
-29.232483
-1.210286
3.191852
0.062972
-1.042168
-1.238705
-1.773756
-1.697494
-0.207150
1.569218
1.183939
0.279634
1.260506
1.348293
0.842264
0.000000
5.313623
3.339363
0.122231
-0.516001
-35.549973
-1.098965
2.516485
-0.751948
-1.878988
-1.689986
-1.656368
-0.801210
0.380133
1.966115
0.739030
0.074620
0.790769
35.549999
28.649387
0.000000
4.189258
1.455354
-1.993861
-0.785520
-26.299145
-0.908888
3.749645
0.646613
-0.441941
-0.852540
-1.343608
-1.881348
-0.360092
0.932966
1.196264
0.222682
1.049841
0.915367
1.187278
0.000000
6.739478
3.400059
1.754889
-0.483617
-35.549881
-1.228876
0.228279
-0.111367
-1.338598
-1.514724
-1.745643
-1.460771
0.020994
1.145618
0.770517
0.151647
35.549999
35.549999
26.213917
0.000000
3.984376
-0.100664
-0.514470
-0.918251
-24.041809
0.115347
0.134790
-0.893746
-1.968255
-1.660442
-1.793998
-1.446004
-0.208192
1.700885
1.376791
0.571676
0.268769
1.129141
35.549999
0.000000
6.357160
3.689868
0.441077
-0.118792
-35.549969
-1.284081
2.967241
-0.021411
-0.871757
-1.069316
-1.437942
-1.679242
-0.371192
1.234759
1.065171
0.706465
0.980831
0.939795
0.820855
0.000000
5.041050
3.039484
2.504482
0.571393
-35.549953
-1.764162
2.913223
-0.407850
-1.510357
-1.516400
-1.796179
-1.581468
-0.270523
1.300233
1.311470
0.794839
1.622349
1.062453
35.549999
26.480253
0.000000
0.741485
-0.446112
-0.711376
-10.120690
-2.801317
3.356529
0.874774
-0.289893
-0.626942
-1.138321
-1.692063
-0.451630
0.796920
1.384984
1.108028
1.215762
1.777441
4.327863
27.609608
0.000000
1.103922
-0.379396
0.905490
-11.594493
-2.523556
3.605240
0.193636
-1.105429
-1.306686
-1.728316
-0.907068
0.179686
1.118766
1.210833
0.831823
1.539909
1.458990
35.204483
28.232983
0.000000
2.739556
0.375101
1.335109
-11.421661
-2.479719
3.662220
0.011655
-1.389397
-1.421133
-1.692457
-1.208134
-0.025220
1.104007
1.216506
0.530409
1.992819
1.745616
1.111690
33.200340
0.000000
5.169988
1.733607
-0.108350
-8.315532
-2.160887
1.012461
-0.060700
-1.682685
-1.765444
-1.886249
-1.739738
-0.456609
1.323431
1.601326
1.001281
1.545232
1.871123
34.225525
24.469601
0.000000
3.423298
-2.443148
-0.673756
-11.636929
-1.251665
2.609200
0.116731
-0.900057
-0.961312
-1.347855
-1.200340
-0.064983
1.087127
1.291977
0.972523
1.422521
1.483568
7.983350
27.146328
0.000000
5.653497
-0.581101
0.387664
-12.044291
-1.905334
2.342817
0.001848
-1.279018
-1.272847
-1.610962
-1.416937
-0.131115
1.094477
1.393688
0.855325
1.215969
1.920458
35.549999
27.320070
0.000000
-0.215186
-2.122017
-0.596928
-11.203976
-1.354559
0.135507
-0.373376
-1.500534
-1.427729
-1.603082
-1.513415
-0.250561
0.999278
1.541586
1.083873
0.838972
1.999956
29.114838
22.002813
0.000000
-0.184622
-0.299937
-0.290583
-12.499886
-0.861512
4.119207
0.843235
-0.821957
-1.163341
-1.440542
-1.338901
-0.202163
0.876251
1.563936
1.169893
1.605776
1.563254
3.207214
28.336069
0.000000
2.829746
-0.075718
1.103558
-11.287617
-1.127313
0.241510
0.433580
-1.229325
-1.374445
-1.718660
-1.207702
-0.112906
1.061545
1.702274
0.578605
1.106830
1.717171
35.549999
27.747698
0.000000
-0.424540
-2.981589
-0.690191
-9.801744
-1.027243
0.146550
0.795713
-0.808871
-1.093306
-1.414650
-1.464369
-0.357103
0.850284
1.789330
0.788106
0.791595
1.844071
29.634354
22.092688
0.000000
-1.388803
-0.594563
0.554741
-13.285992
-1.056608
3.245382
1.118843
-0.828756
-1.096437
-1.409026
-1.149611
-0.094106
0.936440
1.830994
1.247397
1.829708
1.891730
0.937006
30.885181
0.000000
3.675046
-2.226317
1.094027
-9.941094
-1.101332
0.143537
0.837516
-0.858044
-1.128672
-1.525343
-1.467645
-0.305534
0.784868
1.347356
0.674623
1.584915
1.555490
0.886901
0.059811
0.000000
3.403888
0.542732
0.421850
-8.548944
-0.937078
0.145432
0.032100
-1.572466
-1.702587
-1.928492
-1.511450
-0.377889
0.650066
1.344870
1.321228
1.363607
1.787046
33.928371
25.758455
0.000000
2.393460
-0.337185
-0.487570
-10.501480
-0.411628
0.151767
0.508017
-1.131071
-1.148023
-1.300042
-1.482671
-0.434726
0.733337
1.493162
1.361717
1.575639
1.628630
1.165166
27.580223
0.000000
-0.389162
-0.113483
1.438603
-9.979042
-4.892835
0.916052
0.716994
-1.017380
-1.305590
-1.503021
-1.082583
-0.025558
0.957539
1.572164
1.211902
1.768905
1.668802
1.239223
35.549999
0.000000
1.256182
-0.752252
0.779710
-9.423278
-4.026922
0.156777
1.193117
-1.118495
-1.679715
-1.978411
-1.590381
-0.409101
0.643089
1.661890
1.019030
1.269622
1.408445
1.243328
33.283493
0.000000
2.746821
0.048852
-0.117746
-8.590794
-3.245728
0.155946
0.645253
-1.232444
-1.423676
-1.395559
-1.323298
-0.364653
0.842163
1.633092
1.340630
1.660039
1.722194
1.833437
31.081064
0.000000
0.049155
-1.243458
0.279620
-10.312019
-3.867272
0.156857
1.282592
-0.838438
-1.255421
-1.499430
-1.538650
-0.441228
0.721052
1.484238
1.088353
1.620664
1.798265
0.980786
20.844379
0.000000
0.428158
-0.714756
1.172493
-9.820621
-4.735412
0.154183
1.046375
-1.251377
-1.642600
-1.869483
-1.428186
-0.318241
0.709685
1.425504
1.258084
1.565508
2.096384
1.412817
34.205570
0.000000
1.361445
-0.370012
-0.120428
-9.405704
-3.886234
0.157561
0.881388
-1.235001
-1.490101
-1.576281
-1.390016
-0.377927
0.778816
1.597970
1.406490
1.739717
2.012678
2.553686
30.613136
0.000000
0.264527
-1.129857
-0.116567
-10.778604
-4.012778
0.154658
0.728966
-1.411979
-1.618649
-1.663100
-1.155433
-0.188292
0.834370
1.352710
1.240281
1.695150
1.871331
1.088758
33.946533
0.000000
0.926127
-0.719512
-0.118381
0.686768
0.224172
0.172491
1.784769
-0.943141
-1.516669
-1.728333
-1.336072
-0.286229
0.754741
1.491591
1.183181
1.819352
2.171438
1.188761
33.880455
0.000000
0.619796
-1.065364
-0.119233
0.624267
0.221976
0.175101
1.799060
-0.891412
-1.445485
-1.564375
-1.388228
-0.389715
0.730388
1.629742
1.252983
1.719773
2.070893
1.531784
33.345558
0.000000
0.584404
-0.952681
-0.118419
0.787558
0.205830
0.173648
1.828643
-0.960447
-1.513143
-1.688346
-1.427712
-0.369108
0.691782
1.444225
1.085876
1.638742
2.219022
1.321782
34.086197
0.000000
0.543942
-1.168937
0.385332
0.649638
0.241136
0.174631
2.249830
-0.622732
-1.334390
-1.584513
-1.313089
-0.370964
0.645728
1.294610
1.025055
1.755293
2.167192
1.327640
22.303268
0.000000
0.767273
-0.989609
1.319537
1.070236
0.241399
0.174360
1.686111
-1.243223
-1.847127
-1.906314
-1.134307
-0.218389
0.706805
1.484512
0.805536
1.515326
1.961674
1.466725
33.519844
0.000000
1.888938
-0.490857
-0.124836
0.314746
0.204720
0.176864
2.261035
-0.760415
-1.473244
-1.703781
-1.513957
-0.494404
0.623043
1.691695
1.308274
1.823050
2.130594
1.480038
7.349672
0.000000
0.259424
-1.447820
1.150409
1.135674
0.238381
0.174889
1.745429
-1.190999
-1.833426
-1.874037
-1.082758
-0.214822
0.731674
1.202598
0.940413
1.661500
2.033490
1.544638
28.425892
0.000000
1.545404
-0.754388
-0.117576
1.013031
0.203605
0.183149
1.203141
-1.868147
-2.367363
-1.800923
-0.634814
-0.187357
0.972509
1.591736
1.319150
1.772783
2.031157
35.549999
23.401308
0.000000
0.355538
-1.647014
0.049004
0.704901
-18.049622
-0.706507
3.966269
0.050952
-0.958602
-1.324930
-1.693206
-0.599146
0.221161
1.584610
0.425852
0.588382
2.166616
1.779233
0.478137
-0.122670
1.623242
-1.237185
-1.369141
1.166414
-35.549992
0.108041
3.356083
-0.211842
-1.388141
-1.704571
-1.175205
-0.744074
0.162801
1.196670
0.910089
1.201393
1.532463
33.933990
25.403288
0.000000
2.096154
-2.433413
-0.486193
-0.704050
-15.319687
-0.463731
3.837795
0.189961
-0.901924
-1.157190
-1.587843
-0.698670
0.183320
0.961245
1.489307
1.269830
2.376888
1.919776
0.586567
-0.118313
1.145836
-1.782503
3.486023
1.335950
-24.678673
-0.890241
1.851290
-2.011235
-2.471456
-1.701886
-0.885578
-0.294445
1.014032
1.162438
0.802219
1.860047
35.549999
30.055508
22.545725
0.000000
0.737236
-1.724735
-0.847235
-1.136469
-16.466167
0.111787
4.028546
-0.028060
-0.957593
-1.180250
-2.007085
-1.010079
-0.012410
0.781870
1.793611
0.814263
1.925050
1.739080
0.544741
0.000000
2.562416
0.761407
3.757184
1.402093
-28.378595
-0.884414
0.983130
-2.269766
-2.664857
-1.881197
-1.320643
-0.639541
0.537242
1.026308
1.008898
2.152848
35.549999
29.200430
20.947447
0.000000
3.825601
-2.432925
-0.803101
-1.125593
-25.446812
0.006467
3.647261
-0.583632
-1.601412
-1.569198
-2.098836
-1.165635
-0.161950
0.850713
1.865927
2.006797
1.556822
1.432997
-0.115237
24.419596
0.000000
6.314202
-1.436635
1.213076
-10.029324
-1.545139
4.211016
0.405341
-0.811633
-1.346279
-2.245491
-1.261764
-0.377520
1.234407
1.257829
0.739966
1.619826
1.613501
0.572611
25.845766
0.000000
5.209264
-1.443055
1.214175
-11.837899
-1.363130
3.463898
-0.330884
-1.591340
-1.713585
-1.149055
-0.667770
0.020699
1.463466
0.921818
0.914222
1.504763
1.571462
27.440554
19.436537
0.000000
5.292902
-1.966274
0.984436
-10.845297
-0.712427
4.737055
0.259154
-1.394909
-1.744879
-1.406537
-0.676946
0.209763
1.383548
0.786685
0.272653
2.157357
2.021625
0.767837
26.028820
0.000000
2.284845
-2.337855
1.274792
-12.824111
-1.883946
4.025105
-0.384919
-1.747975
-1.802969
-0.584613
-0.148541
0.570934
1.167864
0.360670
0.639810
2.066839
1.982373
33.805454
21.359797
0.000000
1.842295
-3.646702
1.043434
-11.490605
-0.662145
4.900781
0.632089
-0.963859
-1.290528
-1.335220
-0.620221
0.249028
0.958325
0.787141
0.979811
2.484062
2.288448
0.830146
23.228872
0.000000
-1.085574
-1.630474
1.352071
-12.313035
0.109448
0.134807
-1.753112
-2.966449
-1.996455
-0.743257
-0.592461
0.607501
1.179872
0.671573
1.608491
35.549999
31.975346
24.013437
14.688269
0.000000
0.614227
-0.751233
-0.279535
-14.091651
0.115021
4.332499
-0.276422
-1.945722
-1.913113
-1.507489
-0.869270
0.062697
0.972056
1.426101
0.969179
2.004165
1.937099
9.244808
23.745562
0.000000
3.275609
-2.267269
1.278466
-11.012391
-0.532732
4.986098
0.938009
-0.869179
-1.290842
-1.768273
-0.853634
0.033116
0.866696
0.854652
0.755885
2.438754
2.421625
1.029504
30.800385
0.000000
0.310724
-2.053548
1.346565
-13.050770
-0.532086
0.137587
-1.282585
-2.683813
-2.225466
-0.793824
-0.396592
0.654052
1.144335
1.073332
1.715634
2.908595
35.549999
26.248758
16.014414
0.000000
3.629494
-0.631469
0.750921
-13.478939
0.005098
2.026640
0.595622
-1.233296
-1.220079
-1.708110
-0.779765
0.108580
0.824138
1.693224
1.225356
2.355226
2.407651
1.191543
0.315858
0.000000
2.706899
-2.981189
1.320515
-10.120415
-0.388299
0.150398
-0.058837
-1.696583
-1.814764
-1.171579
-0.622490
0.469364
0.726978
0.931696
1.463089
2.453496
35.549999
26.195845
15.972985
0.000000
-0.439134
-4.971367
-0.487976
-12.609488
0.110007
0.242254
1.459963
-0.735126
-1.156247
-1.911032
-1.229562
-0.288962
0.623758
1.909652
1.568947
2.436867
2.207088
23.106087
21.363380
0.000000
1.167960
0.019140
1.280452
-11.577894
-0.281559
4.453686
0.935235
-1.224640
-1.616858
-1.697425
-0.745229
-0.019562
0.679910
1.232278
0.547409
2.521968
2.674906
1.371045
27.984230
0.000000
1.370475
-2.860688
1.569788
-11.534021
0.125107
0.170550
1.861656
-0.769845
-1.965350
-1.723621
-0.684732
0.018648
0.204193
1.304486
1.750658
1.877098
2.206727
34.099617
20.481524
0.000000
-2.169110
-2.060948
0.785647
-13.589783
-1.920906
0.164706
2.259929
-0.152701
-0.985054
-1.268982
-0.697948
-0.278829
0.352701
0.155861
0.780029
3.172384
3.687993
1.557278
24.906445
0.000000
-6.282045
-6.527189
-5.039238
-6.221345
0.121865
0.170859
6.629065
3.557988
0.551317
-0.548049
-0.965454
-0.908179
-0.788253
-0.137437
1.256660
2.982545
3.285913
25.449451
21.318333
0.000000
-5.499510
-3.764120
1.297116
-7.899373
0.115025
0.794859
6.641148
3.730540
1.020873
-0.189419
-1.042769
-1.039057
-0.852384
-0.291109
0.641668
2.669219
3.006043
23.930338
21.852406
0.000000
-3.417503
-3.122336
-3.108098
-6.233941
0.128607
1.995777
6.073670
2.790047
0.014922
-0.437578
-0.964756
-1.244506
-0.987117
-0.329219
1.277627
3.719782
24.360020
21.333277
20.120075
0.000000
-4.122068
-2.357505
0.951208
-12.634759
0.102532
0.181615
3.990699
0.692856
-0.786401
-1.015226
-0.972451
-0.640607
-0.253012
-0.009083
0.627316
3.054783
3.680481
25.306042
23.316133
0.000000
-4.101523
-4.123518
-3.523924
-7.080244
0.121170
1.393433
6.159874
2.883666
0.478091
-0.221401
-0.847327
-1.111537
-0.920770
-0.573439
1.480230
3.427699
12.858581
20.696812
21.413851
0.000000
-4.989559
-3.299411
1.087742
-12.855979
0.108316
0.181568
3.910001
0.726347
-0.716059
-0.994597
-0.594386
-0.348011
0.187071
0.539189
1.495955
3.747894
4.246761
15.714907
24.080307
0.000000
-4.248541
-3.680073
1.141663
1.267127
0.181856
0.180962
2.319835
-0.485024
-1.515396
-0.374897
0.346991
0.281792
0.387402
0.759394
1.937786
4.245363
3.340943
13.043419
24.276873
0.000000
-3.497588
-2.232634
1.301077
0.789637
0.168710
0.185314
0.948044
-1.105567
-1.894725
-0.559579
-0.100191
-0.036548
0.319952
0.844734
1.773996
3.632727
35.549999
27.775045
19.074129
0.000000
-3.360155
-5.346348
0.136426
0.079234
0.209381
0.189116
2.886395
-0.179967
-1.353134
-1.613339
-0.542791
-0.199203
0.521142
0.963820
2.326409
4.038962
2.827826
2.441057
27.131094
0.000000
-4.070174
-3.381637
1.283119
1.047418
0.191464
0.185298
0.802288
-1.770726
-2.458970
-0.775697
0.113494
0.164124
0.707113
0.732747
1.499915
3.373899
35.549999
28.344387
18.905849
0.000000
-3.415866
-4.047066
1.058909
0.774460
0.205216
0.185009
2.253466
-0.950605
-1.952836
-1.883528
-0.682392
-0.160470
0.464260
1.115571
1.604183
3.526530
4.041736
0.306056
26.355087
0.000000
-4.223470
-4.152182
1.269944
1.231739
0.257066
0.184386
2.567473
-0.813660
-2.070209
-1.465717
-0.092268
0.132309
0.566305
0.602429
2.055501
4.005164
3.732302
30.405087
21.689133
0.000000
-4.165018
-5.093536
0.993785
0.917775
0.260079
0.187162
3.113007
-0.323538
-1.581022
-1.860704
-0.768579
-0.238682
0.392495
0.541822
1.625186
3.840839
4.918999
-0.109855
32.078743
0.000000
-5.887177
-6.025887
-5.349277
1.351944
-35.549946
0.126950
3.788504
1.585000
-0.249729
-0.866944
-0.739414
-0.111836
0.057912
0.433025
0.989195
3.788982
35.549999
26.064075
18.379293
0.000000
-1.840337
-3.713576
0.547619
0.611901
-11.912744
0.135854
0.138910
-0.188395
-1.466732
-1.821661
-1.293059
-0.652784
-0.355593
1.094831
0.065811
2.152239
3.667350
3.206404
28.629669
0.000000
-1.526471
-2.862362
-2.145507
5.430869
-32.335598
0.131281
6.624111
2.333427
-0.181910
-0.830034
-0.709569
-0.286251
-0.538647
-0.010604
1.027122
3.098218
3.087466
13.782338
24.158592
0.000000
-1.831633
-3.282442
-1.014764
0.947730
-25.333281
0.127658
1.271460
1.251998
-0.855589
-1.578199
-1.055721
-0.520005
-0.039863
0.301873
0.732831
3.324878
3.931471
15.549644
26.167444
0.000000
-3.240069
-5.017102
-4.423033
1.307691
-27.707209
0.124208
5.569172
2.008649
-0.203043
-0.396627
-0.584105
-0.150391
-0.151532
-0.023888
1.389376
3.614527
4.660335
23.612812
25.565018
0.000000
-3.183524
-5.082396
0.164381
2.463506
-25.068180
0.131078
2.827391
1.575543
-0.748336
-1.167153
-0.735152
-0.253880
0.040723
-0.217635
1.119696
3.773104
4.800337
19.356283
24.174698
0.000000
-2.575681
-4.833026
-1.103908
1.087018
-16.406275
0.125751
1.411949
0.548582
-1.746401
-1.276919
-0.011097
0.314074
0.332589
0.605934
0.978648
3.764323
35.549999
29.086208
21.271832
0.000000
-2.639404
-6.416360
0.825109
0.447001
-14.768169
0.121619
0.165613
0.889153
-1.444076
-1.551466
-0.588793
-0.335399
0.050854
0.922061
2.024772
3.946191
1.941740
35.549999
24.453354
12.199568
0.000000
-4.796835
0.981034
1.126551
-12.095158
0.126251
0.261297
0.157757
-2.085203
-2.256171
-0.768402
-0.144957
0.349566
0.963457
1.988660
3.794157
4.871441
30.076391
25.049128
14.583559
0.000000
-6.885872
1.159730
1.180635
-13.485791
0.119186
0.151945
-0.587462
-2.473036
-2.174122
-0.580697
-0.110886
0.486121
1.321501
1.945461
3.502346
4.495266
35.549999
25.940702
14.640618
0.000000
-4.741827
0.670575
1.129238
-14.750543
0.114872
1.784571
-0.189078
-2.097823
-1.955453
-0.435405
-0.028769
0.454909
0.741463
1.329631
3.139565
4.438691
0.479712
30.145224
17.169857
0.000000
-4.553870
1.216416
1.186021
-15.084552
-2.142213
3.658550
-0.372575
-2.169916
-1.428737
0.002798
0.299152
0.607813
0.546226
1.191747
3.232292
4.561611
0.633226
28.919838
16.348816
0.000000
-5.973577
0.015925
1.129736
-13.699423
-1.765617
3.971621
-0.359324
-2.322915
-1.302118
0.227886
0.489189
0.723147
0.606591
1.327542
3.504429
4.857018
35.549999
24.502409
15.439144
0.000000
-6.215139
-1.710611
1.187301
-13.060644
0.129463
4.335799
1.075626
-1.481421
-1.865010
-1.023837
-0.132681
0.394224
0.722324
1.145018
3.129490
4.737640
0.185935
20.620333
20.075882
0.000000
-6.779793
1.334661
1.183532
-15.161315
-2.472616
0.122348
-1.286105
-2.606857
-1.539192
0.088747
0.228362
0.701616
0.748135
0.940010
2.766124
4.067799
35.369953
22.386822
15.686788
0.000000
-2.847798
-0.287912
1.020761
-15.596292
0.128832
0.161451
0.848495
-1.653804
-1.872092
-1.147151
-0.448329
0.058820
0.683649
0.942992
2.045919
4.101370
3.120585
25.166328
20.484753
0.000000
-2.997017
-3.425800
1.277745
-9.689369
0.115330
0.233232
1.699895
-0.787106
-1.377958
-1.067270
-0.353362
0.139116
0.740148
0.855152
2.091925
3.050461
34.181744
23.769672
14.303801
0.000000
-1.792383
1.045909
1.101142
-15.362290
0.099065
0.290119
0.283614
-1.790012
-2.108514
-0.894851
-0.239907
0.195938
0.506689
0.858712
2.507741
4.347514
4.340672
35.549999
21.037384
0.000000
-2.247274
-2.834643
1.251031
-10.460939
0.115533
1.315950
2.169518
-0.716517
-1.426671
-1.349693
-0.403535
0.238616
0.740067
1.211198
2.377836
3.742720
2.253477
15.820516
21.056643
0.000000
-5.452549
-2.155055
1.187333
-12.365630
0.118284
0.157205
0.353139
-1.991460
-2.376119
-0.771633
-0.280479
0.103728
0.657285
1.266716
1.650556
3.059089
35.549999
26.767012
15.971390
0.000000
-2.403975
-2.180454
1.068319
-13.200762
0.056796
2.085171
1.383791
-1.243358
-1.534181
-1.008467
-0.447957
0.086688
0.515922
0.882517
1.799526
3.918562
4.482571
18.124413
20.208740
0.000000
-6.939836
-5.576273
1.191618
-9.099792
0.117449
0.177525
3.365145
0.502610
-0.798407
-1.263752
-0.898246
-0.366165
0.285544
0.961526
2.178206
3.558888
3.229149
20.508478
21.055250
0.000000
-7.044512
-4.572411
1.083380
-13.989942
-0.110954
0.171499
1.447763
-1.190507
-2.136765
-0.374585
0.230221
0.499098
0.597860
0.818735
2.022493
3.336362
35.549999
28.428362
17.580246
0.000000
-4.531895
-3.366584
1.116013
-15.393969
-0.801627
0.174635
1.641248
-0.989598
-1.694369
-1.013742
-0.417854
0.055283
0.704830
1.251231
2.446573
4.133954
0.573115
12.832066
21.373346
0.000000
-4.408728
-3.903498
1.169128
-12.463593
-0.999824
0.174533
1.373278
-1.315689
-2.004686
-1.046312
-0.398881
0.152714
0.670890
1.043484
1.805990
2.728606
35.549999
24.993063
16.589493
0.000000
-4.206831
-2.682393
1.092878
-12.132545
-0.819409
0.178106
2.841055
-0.198918
-1.265885
-1.776853
-1.032510
-0.346662
0.449672
0.949001
1.231461
3.407980
3.875869
0.055703
26.279894
0.000000
-6.935500
-4.564471
4.168400
-7.978992
0.134591
0.329971
4.934927
1.057685
-0.772604
-1.069414
-0.655357
-0.372337
0.060307
0.938909
2.534052
35.549999
35.196785
21.524483
13.995738
0.000000
-0.437530
-2.872596
0.941186
-15.688815
0.115228
0.176593
1.838121
-1.340662
-2.297954
-1.932569
-1.123856
-0.458086
0.224400
1.404159
0.717762
1.945384
2.799641
28.523886
23.830633
0.000000
1.264052
-0.970186
1.269174
-12.266614
-0.412537
0.182163
0.539371
-2.472229
-3.168542
-1.146144
0.190104
0.290911
0.109123
1.090286
1.699157
3.440844
27.407230
28.526278
18.689886
0.000000
-1.900241
-2.723696
1.146332
-0.455065
0.209212
0.188065
1.229942
-0.442135
-1.406528
-1.812235
-0.859384
-0.371773
0.202522
1.305718
1.543216
3.026661
3.706020
0.253985
26.426058
0.000000
-1.523528
-4.491655
-2.551118
2.847500
0.311184
0.170872
6.496753
3.181538
0.860720
-0.911922
-1.641043
-1.048945
-0.445463
0.455912
0.848092
1.979043
1.753344
19.013496
22.618605
0.000000
-2.374383
-3.272554
-0.350983
0.865976
0.241479
0.187709
2.772963
-0.205386
-1.497491
-1.094909
-0.016875
0.040536
0.109178
0.499802
1.213405
3.647495
3.259996
22.323818
22.415098
0.000000
-2.375000
-3.406183
-0.986673
0.563400
0.247383
0.170995
6.821865
3.422675
0.580770
-0.455199
-1.150912
-1.091825
-1.026600
-0.755140
0.900692
3.228700
4.377090
34.534649
19.100586
0.000000
-2.095799
-5.023717
-4.418064
-3.441227
0.175148
0.170954
5.707925
5.051859
0.593668
-0.774938
-1.360623
-2.196264
-2.213878
-1.118927
0.570821
3.312537
19.266140
32.169903
18.025177
0.000000
-2.858096
-5.818385
-5.135302
-3.960055
0.239797
0.473238
7.938245
5.440355
1.200266
-0.176035
-0.924824
-1.731777
-1.726855
-0.470295
1.419483
3.607645
4.946175
32.485203
18.481121
0.000000
-5.354441
-6.184198
-4.425329
-4.054335
0.278819
0.168282
8.017898
5.398410
1.346962
-0.569855
-1.321226
-0.987719
-1.433230
-0.469117
0.823467
3.204674
4.455966
35.549999
21.315048
0.000000
-5.661107
-6.364349
-4.145808
-3.283462
-32.479988
0.152581
8.277864
5.440983
1.207054
-0.298505
-0.702164
-0.501890
-1.154666
-0.958267
1.070461
3.373483
2.709199
28.987007
23.211672
0.000000
-4.054436
-4.571064
1.495212
-0.177877
-30.626282
0.140147
8.168096
4.579474
1.172018
-0.137822
-0.715196
-0.737277
-0.654073
-0.378316
1.096399
3.504127
3.895319
33.329308
17.061800
0.000000
-2.612276
-4.421839
-0.441489
1.613885
-30.324339
0.134761
6.853868
2.184803
-0.415143
-1.410611
-1.269332
-0.815778
-0.139731
0.450899
1.582510
2.874609
35.549999
28.552563
18.065060
0.000000
-3.416546
-5.931061
-3.728883
0.794208
-25.492554
0.133023
2.434570
1.601160
-0.758813
-1.240963
-1.119876
-0.668667
-0.036335
1.004861
2.025669
2.664921
0.579580
31.371748
15.882778
0.000000
-3.643406
-6.158253
-0.778097
1.063064
-22.992155
0.135168
2.207350
1.291599
-1.318923
-1.550822
-0.797002
0.020809
0.302299
0.679863
2.137419
3.723083
1.553017
32.270916
16.024078
0.000000
-3.958040
-6.488619
1.162351
0.986100
-21.296606
1.299772
0.142359
-0.101995
-1.960404
-1.819155
-0.190475
-0.188972
0.375764
1.018838
2.216235
2.619758
2.931090
32.969936
21.314461
0.000000
-3.604153
-6.282215
0.596274
0.857738
-16.236179
0.119636
0.662329
0.211053
-1.661831
-1.417920
-0.826627
-0.157017
0.191981
-0.076925
0.006818
2.669734
4.508480
4.375033
30.998049
17.046209
0.000000
-8.258469
-5.291852
-1.396809
-5.861357
0.138304
8.187896
4.038550
0.556442
-0.136307
0.094550
-0.471690
-0.797135
-0.156560
0.161046
2.733781
35.549999
29.294230
18.972826
11.410085
0.000000
-2.535825
-0.295298
-0.230321
-14.901484
0.111270
0.187442
1.743176
-0.530080
-0.923337
-0.778620
-0.481597
-0.373527
0.311162
-0.100871
2.114167
4.290486
0.417290
29.631990
17.012310
0.000000
-3.085581
-4.121929
2.418926
-4.937530
0.139054
4.043877
2.485701
-0.274327
-0.989583
-0.647909
-0.462886
-0.659449
0.198190
1.669418
6.365230
35.549999
24.973946
15.237383
8.406056
0.000000
-0.184035
0.628542
0.384076
-8.843082
0.111558
0.164083
-0.243146
-2.123759
-2.299615
-1.363936
-0.581297
-0.519418
0.704046
2.572940
1.884900
2.929661
3.356966
35.549999
19.356861
0.000000
6.309004
4.801924
1.162508
-11.152891
-0.043807
4.952110
-0.607641
-3.124495
-2.924332
-1.211629
-0.003469
-0.537495
0.731059
2.230118
3.248859
5.248973
33.511745
23.202505
12.094341
0.000000
-0.124827
-0.681619
-0.111520
-15.504953
0.107159
0.140639
-0.470560
-1.641634
-1.720554
-1.390535
-0.728509
-0.464148
0.777506
2.435923
0.953747
2.416995
2.682000
28.087336
19.147715
0.000000
-2.683098
-0.113647
1.155875
-13.474761
-1.435522
0.147983
-1.971400
-3.277947
-1.954207
-0.808871
0.473693
0.167648
0.848989
1.421280
6.654776
35.549999
25.627918
16.347092
10.405832
0.000000
-0.115038
-0.970595
-1.233265
-18.214153
0.109927
0.150309
0.262795
-1.053782
-1.329216
-1.203424
-0.642796
-0.346042
0.641219
2.427013
1.093767
2.242378
2.711387
23.844879
19.642464
0.000000
-1.856062
-0.123390
1.197003
-12.304382
-0.696756
0.141045
-1.162592
-2.928100
-1.870664
-0.974607
-0.006412
0.029618
0.828315
1.249578
3.976491
34.443665
26.690460
16.372992
10.312730
0.000000
-0.137604
-0.909661
-0.854963
-17.392252
-0.048520
0.157069
0.010637
-1.359763
-1.713288
-1.628048
-0.971101
-0.629933
0.386322
2.178322
1.309035
1.594043
2.263648
21.683914
19.531847
0.000000
0.732445
-0.518786
1.242978
-11.917181
-0.810460
3.857418
-0.343563
-2.820022
-2.865355
-1.666852
-0.455530
-0.572946
0.208472
2.018838
2.838015
5.489448
34.228195
23.770315
12.753651
0.000000
-0.157611
-0.616622
-0.127014
-12.237669
0.113550
0.166418
0.974683
-1.316909
-1.841150
-2.520956
-1.400735
-0.471837
0.349040
2.356614
1.495757
2.170438
2.486314
31.821159
18.286875
0.000000
-1.506594
-0.123166
1.230901
-11.017814
-0.579292
4.196339
-0.010393
-1.712479
-1.990057
-1.597148
-0.865780
-0.121297
0.249576
2.112881
2.198472
1.811954
1.690759
28.752691
18.351103
0.000000
-0.290442
-0.407671
1.154210
-10.812865
0.109846
2.643946
1.577772
-0.951553
-1.878153
-2.872166
-1.749831
-0.961618
-0.080289
1.454871
1.011138
2.043244
2.701407
18.235041
23.330055
0.000000
1.811595
-2.742452
-1.319242
-8.200000
0.123670
6.655861
3.981389
0.732335
-1.222977
-1.722255
-1.006132
-0.633205
-0.460765
0.870425
1.502670
2.760525
2.827864
20.919914
21.374769
0.000000
-3.010223
-2.892219
-2.776083
-7.361510
0.124687
0.172058
5.625827
2.675570
0.009316
-0.853979
-1.341891
-1.043513
-0.890157
0.629486
0.970468
2.790521
3.065598
22.711811
21.876781
0.000000
-2.291832
-3.545225
-1.550516
-7.028383
0.121988
2.401773
6.324396
2.965266
0.073748
-0.976406
-1.286160
-0.817298
-0.708210
0.217389
0.845960
2.697221
3.167385
1.920723
24.010433
0.000000
-5.923937
-5.114564
-3.757335
-7.108762
0.123390
3.279341
6.482112
2.857394
-0.019282
-0.770128
-0.398640
-0.668776
-0.703548
-0.013573
0.950534
2.414062
2.514736
19.143606
24.269669
0.000000
-4.206050
-3.657816
-3.360711
-9.283961
0.118830
4.085309
4.256285
0.436756
-1.730044
-1.207330
-0.135758
-0.325604
0.163373
0.242745
1.686869
3.586711
15.697675
33.414417
20.214903
0.000000
-1.440582
-4.077056
-3.624692
-12.158916
0.113978
0.183234
1.717438
0.705025
-0.501126
-0.420737
-0.534464
-0.591600
0.023890
0.993147
1.240712
1.707528
1.961533
35.549999
22.757946
0.000000
-1.632110
-1.945503
-0.135790
-10.753830
0.127840
0.184297
3.433368
0.070193
-1.323000
-0.811743
0.009887
-0.144519
0.191999
0.555172
1.653947
3.735939
35.549999
24.048019
17.493614
0.000000
-4.133805
-4.847122
1.079414
-0.444027
-2.462481
0.175521
1.601933
-0.468551
-1.266866
-0.963735
-0.545377
-0.056615
0.366838
0.277413
1.915185
4.292787
5.016226
-0.120136
24.114708
0.000000
-2.958769
-5.223969
1.303646
1.299636
0.285282
0.186272
3.468134
-0.129881
-1.735955
-1.323311
-0.191905
0.221980
0.599177
1.419800
1.567041
3.639050
35.549999
26.401901
19.407393
0.000000
-2.240407
-4.179681
1.203265
0.651034
0.165388
0.184340
0.544695
-1.108826
-1.910493
-1.674048
-0.606923
0.050162
0.375058
1.424575
0.574752
2.485327
3.151631
2.500920
28.207142
0.000000
-1.192856
-2.383001
1.172773
0.993527
0.256007
0.184895
0.721987
-2.170690
-2.659024
-0.931458
0.168303
0.352158
0.346675
1.067094
1.948620
35.549999
35.549999
24.122875
16.010540
0.000000
-2.626656
-3.306598
-0.118665
-0.022776
0.165375
0.185463
0.881346
-0.736372
-1.695279
-1.847762
-0.747010
-0.339046
0.109483
1.697811
0.888057
2.008550
2.875812
2.340004
26.783842
0.000000
-0.825296
-1.865220
0.992535
1.103022
0.291872
0.184098
3.097483
-0.847992
-2.336734
-1.718160
-0.077413
0.158544
0.044975
0.907750
1.746815
3.324008
4.158298
31.100044
21.298277
0.000000
-1.802067
-3.067631
1.033056
0.359162
0.217463
0.187484
2.564505
-0.497314
-1.548293
-1.842528
-0.666470
-0.290449
0.157314
0.920912
0.891380
3.169992
4.210924
0.344536
28.332872
0.000000
-4.875789
-5.922066
-4.014052
-2.145600
0.309561
0.175601
7.149943
3.212041
0.333068
-1.339805
-0.679333
-0.249117
-0.442039
-0.066766
0.783267
2.188598
14.366763
28.995314
19.551859
0.000000
-2.077804
-3.845061
-0.209572
0.137805
-25.591782
0.127107
0.149081
0.993466
-0.864927
-1.607800
-1.402910
-0.616130
-0.398740
-0.047900
0.303564
2.860219
3.881712
3.169511
30.297903
0.000000
-4.163339
-5.744184
-4.499703
-1.036469
-28.282804
0.130519
7.470774
3.384743
0.373306
-0.420907
-0.048943
-0.178266
-0.481390
-0.350680
0.653018
2.297245
3.336040
31.095852
14.961079
0.000000
-1.335443
-3.711172
-2.289767
-1.037389
-20.901880
0.138049
7.416390
3.264258
0.385553
0.277851
-1.001667
-0.429099
-0.508179
-0.276727
0.615264
3.355236
3.221222
14.819707
26.975857
0.000000
-1.697499
-3.813608
2.396398
2.882161
-17.124496
0.120610
0.771744
0.280075
-1.641513
-1.024050
0.183392
0.348026
0.221420
0.367126
0.774570
4.032837
16.369946
31.372641
22.892017
0.000000
-1.194315
-4.610290
-0.117245
0.215428
-12.285417
0.116144
0.133447
-0.443563
-1.675088
-1.326734
-0.047617
-0.050282
0.207591
0.627122
1.313485
3.953867
4.985458
29.807671
22.322311
0.000000
-3.011807
-4.040905
1.433876
1.083120
-14.384953
-0.047231
2.010689
-1.356432
-2.759194
-1.671012
0.225684
0.332430
0.634938
1.248662
1.306272
3.450562
35.549999
30.137630
20.097412
0.000000
-3.972014
-7.714753
1.064116
0.759350
-7.402007
0.134489
0.130891
-1.635375
-2.419434
-1.602496
-0.312232
-0.093357
-0.065921
1.253763
0.629181
2.601089
3.865346
3.836066
28.005657
16.506622
0.000000
-3.445076
0.056685
1.095572
-11.459871
0.119110
0.281124
0.602355
-1.949008
-2.000071
-0.499398
0.326944
0.294796
0.956954
1.464509
4.553556
35.549999
31.685726
21.068218
14.090370
0.000000
-4.996421
-0.117000
0.700178
-9.723339
0.136672
0.143575
-1.520622
-2.618208
-1.813319
-0.634855
-0.283865
0.007238
1.290924
0.097157
1.075970
3.184182
3.019466
30.939224
17.682409
0.000000
-0.778821
-1.848002
0.852025
-10.194113
0.115843
2.600571
0.563517
-1.621983
-1.622460
-0.307715
0.317515
0.121399
0.940268
1.316546
4.425988
35.549999
28.450506
21.027407
12.263986
0.000000
-0.759455
-0.118462
0.789909
-11.222058
0.134752
0.148784
-0.103337
-1.744516
-1.859069
-0.802535
-0.285193
-0.110756
0.569400
1.682131
2.412933
4.375239
0.773317
-0.117843
18.890591
0.000000
-4.274581
-5.110310
1.278762
-6.196994
0.127658
1.647610
2.681449
0.750381
-0.223722
-0.960763
-0.538499
-0.173438
0.402205
1.023137
2.040001
3.218278
34.342560
24.246698
15.077964
0.000000
-2.486077
-0.117614
1.034693
-13.534516
0.126098
0.145368
-0.497020
-2.133978
-2.331985
-0.797341
-0.344110
0.116688
0.404887
0.899100
2.805347
4.644719
0.930668
31.481310
17.665539
0.000000
-5.438856
-5.828863
1.241498
-10.440743
0.112702
4.628749
1.765822
-0.457266
-0.929133
-0.753284
-0.325534
0.184914
0.613503
1.294421
2.974841
4.022783
35.549999
24.536697
15.064668
0.000000
-7.114096
-0.025813
1.253192
-8.785263
0.138651
0.901487
3.569964
0.259200
-0.952044
-1.546360
-0.772142
-0.224391
0.174325
0.428229
1.850637
3.645804
3.599344
27.059692
21.431692
0.000000
-8.952458
-5.157957
1.202664
-9.807483
0.131375
0.430975
2.733805
-0.492557
-1.173064
-0.720519
-0.015155
0.158849
0.546055
0.554239
3.123091
21.979813
33.849552
21.561567
15.045498
0.000000
-2.952197
-2.581086
0.249063
-11.906733
0.141368
0.178135
2.788195
-0.444443
-0.946625
-1.981276
-1.034726
-0.526169
0.640414
1.292237
1.420656
3.494315
16.965836
30.240732
18.112556
0.000000
-1.921827
-2.060809
1.138659
-13.144801
0.107299
0.801655
0.750611
-2.119110
-2.182450
-0.664864
0.039614
0.251347
0.866508
1.412307
2.334606
4.936204
35.549999
23.997324
15.308281
0.000000
-3.977960
0.988787
1.086134
-15.784293
0.108240
0.154174
0.164150
-1.696233
-1.765839
-0.905115
-0.238289
0.103411
0.435637
0.519308
1.348575
3.740238
3.988583
0.067073
23.445080
0.000000
-2.852578
-3.265480
4.479411
-7.212809
0.129006
3.750036
3.453324
0.280831
-0.996036
-1.166720
-0.532488
-0.295437
0.082055
0.732657
1.721050
3.527548
35.549999
21.729916
14.752390
0.000000
0.109668
-0.682991
0.544485
-14.324234
0.109041
0.161464
1.197245
-1.059791
-1.316851
-1.776017
-0.877116
-0.333405
0.275037
1.373444
1.161985
3.581547
4.159261
-0.014561
23.798529
0.000000
-1.220140
-4.906388
-0.813405
-4.166056
0.138638
0.540529
5.833870
2.696433
0.455002
-0.941050
-1.067854
-0.781656
-0.611343
0.096622
1.389234
18.263969
34.900314
21.862261
14.183371
0.000000
-0.242717
-0.684826
0.748713
-14.886810
-0.342998
0.174610
1.398234
-1.102972
-1.762510
-1.856317
-1.096060
-0.552876
0.346237
2.005991
1.021183
2.455855
3.162292
1.185226
22.820303
0.000000
1.509339
0.043966
1.213515
-11.132155
-0.540123
2.529417
1.184923
-2.029845
-2.759069
-1.870361
-0.188245
0.055046
0.355950
1.794815
2.350035
3.203295
22.252434
27.700380
17.595556
0.000000
1.693946
-0.283550
0.934303
-13.167530
-0.840261
0.170389
1.236092
-1.337799
-1.803578
-2.283055
-1.231024
-0.479121
0.116127
1.997685
1.103465
2.168832
2.788738
1.905668
27.060930
0.000000
2.004318
-1.970001
1.219382
-11.163650
-1.445279
0.164621
0.556132
-2.040269
-2.704275
-1.276092
-0.301719
-0.038863
0.030589
1.757236
1.803534
2.731015
35.549999
24.707905
16.353279
0.000000
-0.184543
-1.658530
-0.151811
-11.066261
-0.278283
0.175758
2.993928
-0.264131
-1.365268
-2.237276
-1.897974
-0.895888
-0.195357
1.681667
2.303844
2.395464
2.975747
1.952607
25.479425
0.000000
0.636323
-2.611646
1.212722
-11.914268
-1.460214
2.280960
1.081900
-1.878257
-2.640783
-1.324844
0.084980
0.238801
-0.013104
1.325997
2.155479
3.306376
5.098355
32.403347
20.148628
0.000000
-1.197298
-2.669020
-0.460263
-0.643017
0.272149
0.186433
3.712685
0.500578
-0.822373
-1.523844
-1.179571
-0.635080
0.046425
0.863162
1.167345
3.313858
4.252464
0.183869
24.152933
0.000000
-5.713869
-6.311245
-3.848596
-2.425667
0.288312
0.168367
7.657026
4.371106
1.219615
-0.827869
-1.519578
-1.086422
-0.790646
-0.869421
0.983798
2.919715
3.422862
25.911900
22.452206
0.000000
-6.563544
-6.555425
-4.033091
-2.220986
0.307404
0.169596
7.169574
3.860964
1.278164
-0.236561
-0.857791
-0.983395
-0.657174
-0.511794
1.241293
2.978102
3.642090
22.958139
23.307802
0.000000
-5.634150
-6.387280
-1.922886
-2.808289
0.278222
0.170473
7.399729
3.628103
0.820465
-0.264809
-0.158792
-0.784836
-0.602837
-0.410802
1.656384
2.209444
35.549999
27.373215
17.967617
0.000000
-4.613836
-5.213779
2.921571
-5.317509
0.282015
0.198850
7.101233
3.072070
0.204458
-0.827196
-1.749467
-0.924293
-0.236353
0.153293
1.871917
3.663436
5.045382
35.549999
23.157127
0.000000
-6.561350
-7.104518
0.896690
0.810520
0.232453
0.188590
2.574621
-0.569401
-2.242153
-1.467721
-0.089966
0.106330
0.526663
0.978504
1.946976
6.418338
35.549999
29.625818
19.076597
0.000000
-3.513858
-7.869836
-0.121208
0.026857
0.120555
0.192604
0.139571
-1.792606
-2.093744
-0.665389
-0.513478
-0.519030
0.603996
1.396912
1.510348
2.600991
35.549999
30.950565
20.222965
0.000000
-0.709923
-3.052326
-0.124925
0.650440
0.215281
0.190370
0.799522
-1.972998
-2.785025
-1.045313
0.163082
0.099776
0.299545
1.139952
1.450338
3.263859
35.549999
28.254475
20.376259
0.000000
-2.442530
-5.640399
0.693778
0.377040
-11.046035
0.117669
0.136799
0.369257
-1.246221
-1.397531
-0.494816
-0.157875
0.323335
1.084104
2.074852
3.689546
4.736984
-0.118839
30.712439
0.000000
-5.262108
-5.036741
1.446470
1.392956
-32.803280
0.128590
0.142130
-0.050148
-2.000054
-1.657828
-0.142219
0.735492
0.504715
1.064649
0.994435
4.109166
35.549999
28.740843
20.824823
0.000000
-3.079188
-5.132126
-0.114610
0.862340
-5.720605
0.122217
0.138863
-0.938099
-2.129723
-1.956733
-0.822602
-0.413778
0.071395
1.406651
0.115826
1.795684
3.382507
3.080151
30.162769
0.000000
-0.403194
-2.412044
0.877548
1.035744
-22.803486
0.118085
1.533476
-1.056704
-2.669127
-1.547785
0.108976
0.569037
0.201429
0.910589
5.030402
35.549999
34.782631
22.403103
13.373982
0.000000
1.984442
-4.540228
-0.978027
-1.084140
-7.182590
0.135960
0.155713
-0.665054
-2.214428
-2.259289
-1.857706
-1.166018
-0.232942
0.854469
2.898136
1.601180
2.345530
19.454657
27.142168
0.000000
4.353101
-1.326342
-0.112457
1.124047
-19.941628
-0.401989
0.651463
-1.604811
-2.901590
-2.254804
-0.894384
-0.251239
-0.725585
0.849119
1.807377
2.767055
3.227556
12.975367
25.794233
0.000000
1.699788
-0.732778
-0.124412
0.730642
-22.137754
0.116546
2.408697
-0.278605
-1.873532
-2.347235
-1.645268
-1.099614
-0.675086
0.858642
1.964677
2.421171
3.863323
2.485425
28.159389
15.681441
0.000000
-2.005249
-5.505820
-1.324653
-5.426626
0.125348
3.971479
4.949838
2.513826
0.382783
-0.960126
-1.542124
-1.054032
-0.371692
0.720682
2.604162
3.416488
3.284267
28.224831
15.686567
0.000000
-6.768914
-2.485074
1.251532
-7.584040
0.129506
3.756531
2.344374
-0.381250
-1.008382
-1.182390
-0.330704
-0.341630
-0.081053
0.735454
2.784513
4.398678
29.406576
25.409966
13.424910
0.000000
-6.196646
-4.973947
-1.402661
-4.578179
0.133583
3.871775
5.675618
2.256855
0.191055
-0.941605
-1.379793
-1.075957
-0.733732
0.219306
2.222600
3.785021
0.850589
30.337238
16.066204
0.000000
-10.545575
-4.812062
-2.873960
-3.870327
0.138782
6.552566
4.825394
1.472885
0.007710
-0.774561
-0.634645
-0.982069
-0.384274
0.640852
2.818236
4.308867
34.363373
24.258543
13.120489
0.000000
-8.435431
-4.782127
-3.816078
-4.176891
0.146724
3.728048
5.688134
2.356555
0.424211
-1.691320
-1.970480
-2.230430
-2.088953
-1.122082
0.892634
3.149971
23.934788
29.661022
16.023645
0.000000
-10.116219
-6.703688
-6.848884
-2.235897
4.296146
7.559428
5.701024
1.560207
-0.066138
-1.344738
-0.280159
-0.944187
-0.336894
0.289051
2.385334
17.844053
28.168732
26.061054
13.756268
0.000000
-7.257100
-7.823946
-7.782569
-7.269432
-5.141160
0.168630
1.333015
-1.551775
-1.706751
-1.044124
-1.155641
-1.208321
14.811889
7.682541
8.278846
16.599533
21.524185
12.205592
2.458377
-0.125827
8.624554
3.917931
2.316702
-10.742694
0.221129
0.146779
-2.699140
-2.037353
-1.443103
-0.789706
-0.632545
-0.581116
0.212861
2.502108
8.599818
30.621653
30.818373
23.600492
13.920657
0.000000
3.347103
-0.311536
-0.131400
-15.442451
0.122556
0.169897
-1.267481
-2.012968
-2.329345
-1.520103
-1.217659
-1.003351
0.591149
3.165837
2.265609
2.827972
0.787336
23.891386
15.430324
0.000000
-1.776110
-0.119602
1.045577
-12.115376
-0.235627
3.700329
-0.017454
-2.002849
-2.428661
-1.615377
-0.791196
-0.011560
0.613556
1.708481
2.402705
3.190660
34.673134
24.647120
14.446578
0.000000
0.195182
-0.123484
1.003229
-13.792730
-0.097359
4.390224
0.632285
-1.387552
-1.714730
-1.864351
-0.708005
-0.065588
0.582480
1.329673
1.941443
3.950524
4.187298
0.050384
28.073458
0.000000
-3.228228
-4.725526
3.940782
-9.170229
-0.165824
0.153539
-1.277114
-3.478051
-3.023421
-1.198412
0.227553
0.482388
0.970829
1.566246
16.512226
35.549999
28.756048
19.839182
10.903765
0.000000
-1.251830
-2.795018
-0.475793
-14.891410
0.122602
0.169338
1.758966
-1.003208
-2.060863
-2.147468
-1.459332
-0.806679
0.011517
1.615366
1.345678
2.129411
1.828385
31.907837
18.959089
0.000000
1.094511
-1.829207
0.585925
-11.286005
0.078782
3.649662
1.145355
-1.654124
-2.507079
-1.573084
-1.038277
-0.282037
0.073771
1.636197
1.787916
2.598860
9.415107
30.529610
17.698673
0.000000
-2.806824
-3.337913
0.565725
-13.318309
-1.205065
0.170876
2.507985
-0.100667
-1.120311
-1.594669
-0.690783
-0.251100
0.190889
0.801002
1.664102
3.850453
4.185971
0.004401
22.261057
0.000000
-4.727072
-6.013171
-4.226204
-5.269157
0.122280
2.753614
5.648870
2.166221
-0.135942
-0.774270
-0.651372
-0.398367
-0.164391
0.354338
1.727229
3.443221
3.229940
22.353426
19.438410
0.000000
-6.369899
-3.322722
1.747451
-10.238492
0.122585
0.176169
4.771658
1.693301
-0.384040
-0.816383
-1.010773
-0.611350
-0.156577
0.453435
1.220676
3.324570
3.666309
17.973711
21.405300
0.000000
-5.285998
-2.829533
-1.311084
-8.513590
0.127645
0.780045
5.611873
2.208366
-0.400738
-0.958368
-0.842690
-0.643334
-0.154255
0.269276
1.624137
2.975588
35.549999
24.653685
15.887882
0.000000
-5.800223
-4.154408
0.686378
-10.334415
0.115601
0.176775
5.462856
1.847699
-0.199874
-0.978957
-1.328290
-0.700500
-0.011913
0.880192
1.980639
3.837853
4.581548
-0.123229
24.573431
0.000000
-8.224457
-6.813167
-2.653344
-6.585481
0.119852
1.559059
5.377958
1.760346
-0.678225
-1.193404
-0.726661
-0.384768
0.079264
0.263612
1.372564
3.268351
35.549999
18.561491
19.350618
0.000000
-5.899151
-4.063017
0.345487
-13.891348
0.122403
0.180560
4.234213
0.522773
-1.227566
-1.301161
-0.708294
-0.289190
0.230660
0.725438
1.483036
3.531134
5.970537
28.922131
19.915871
0.000000
-4.492571
-6.072751
-2.065132
-1.849230
0.243539
0.183640
4.875444
0.781172
-1.217280
-1.514150
-0.938025
-0.374986
0.376207
1.660491
2.637585
2.654966
25.869326
28.209190
19.701082
0.000000
-6.229670
-5.224598
1.084663
0.476350
0.235169
0.186882
1.880255
0.117264
-1.359693
-1.732552
-0.775456
-0.210682
0.475473
0.637096
1.565989
3.474527
4.062754
1.899580
26.797712
0.000000
-4.595216
-3.352436
0.972688
0.829544
0.208208
0.181144
-0.666031
-2.444992
-2.905352
-1.091173
0.022560
-0.041758
0.897332
1.607780
5.621077
35.549999
34.291035
22.598782
14.802084
0.000000
-2.067424
-0.176381
-0.120729
-0.341628
0.161404
0.188836
0.139155
-2.615652
-2.687395
-1.138568
-0.904225
-0.906511
0.317397
1.432495
1.629546
2.029346
35.549999
29.509262
19.925966
0.000000
-0.129794
-0.259194
-1.289655
0.241766
0.263580
0.181348
3.596842
-0.452700
-2.012008
-2.211968
-0.848940
-0.332150
-0.114662
1.445519
2.290051
3.104383
35.549999
26.753830
17.296036
0.000000
-0.627266
-1.845160
-0.116974
0.376577
0.212598
0.185543
3.413930
-0.134751
-1.375687
-1.752668
-1.635873
-0.836658
0.138549
0.834950
1.214449
3.112554
4.720065
0.336349
0.160661
0.000000
-4.737864
-5.914121
-3.761906
-1.030930
0.274692
0.169177
7.249445
3.414036
1.200310
-1.133821
-2.197049
-1.255121
-0.738530
-0.449107
0.680657
1.621570
35.549999
25.261562
17.171761
0.000000
-2.087931
-2.642627
-1.872427
0.000168
-19.717772
0.133015
0.149517
1.208447
-0.800428
-1.704593
-1.617428
-0.816782
-0.459116
0.480821
0.901473
3.193476
4.203973
0.459697
25.087133
0.000000
-4.004290
-5.626085
-5.263459
-1.352845
-32.841591
0.140414
7.907173
4.508911
2.089881
0.218073
-0.728328
-1.215352
-0.956640
-0.415804
1.010767
2.966502
3.871160
34.614136
22.298061
0.000000
-4.438881
-5.903943
-4.511110
-2.583532
-32.349483
0.158599
8.088659
4.927533
1.798924
0.382141
-0.399369
-0.576708
-1.274135
-0.486485
1.048941
3.360809
2.560287
34.541874
22.136118
0.000000
-4.000726
-5.929962
-3.459739
-3.707448
-28.053463
0.131993
8.444108
5.778005
2.067051
0.646344
-0.639118
-1.168419
-1.412456
-1.215919
1.252604
3.473433
0.881731
35.466381
22.368122
0.000000
-5.403816
-6.954725
0.272053
-4.462091
-29.573376
0.158692
8.587193
5.381881
1.687705
-0.862362
-1.373519
-1.919334
-1.631731
-0.464339
0.674887
2.692980
35.549999
28.761419
17.610201
0.000000
-3.820742
-7.287927
-1.892112
-0.186302
-17.192268
0.129688
0.147830
-1.247207
-2.758920
-1.997619
-0.834812
-0.296870
0.151040
0.967088
1.114954
2.543569
31.172430
30.703110
21.730318
0.000000
-1.649586
-3.668470
0.197327
0.888099
-10.425170
0.127730
0.132193
-0.710986
-2.239244
-1.457566
0.041327
-0.165342
0.624906
0.760465
1.169536
2.747133
13.979636
30.517157
19.230087
0.000000
-2.074775
-4.905429
0.914624
0.844090
-18.343817
0.123263
0.134189
-1.063559
-2.344744
-1.995810
-0.411655
-0.153277
0.383777
0.960182
1.714118
3.427164
4.326207
2.509953
29.719257
16.418297
0.000000
-5.735920
1.409505
1.153189
-15.781163
-1.875798
3.037939
-0.545692
-2.196581
-1.289768
0.256606
0.514328
0.701389
0.689748
1.473433
3.477005
4.530437
3.311821
29.713797
16.345097
0.000000
-5.626121
-0.675833
1.071694
-12.106429
-1.349344
1.990353
-0.568997
-2.448585
-1.034638
0.426681
0.919885
0.738851
0.542659
1.418604
3.707801
4.484825
20.911587
25.084175
16.644882
0.000000
-2.622124
-0.119670
1.004110
-14.290825
0.124208
0.142241
-0.631683
-2.439853
-1.970921
-0.329121
-0.152707
0.307588
0.817168
0.847668
2.991642
4.185929
35.549999
22.735043
13.369289
0.000000
-2.744703
0.865197
1.091606
-13.900601
0.108651
2.531097
0.218494
-1.733190
-1.854131
-0.499355
-0.054400
0.395732
1.165956
1.747273
3.490108
4.620107
0.253133
18.982204
20.018209
0.000000
-7.556491
1.393304
1.188845
-15.734003
-1.696196
1.006975
-0.982567
-2.390589
-1.160115
0.262589
0.285748
0.796282
0.472508
0.876411
3.025646
3.783393
35.549999
25.690031
15.005303
0.000000
-4.371318
-2.413563
1.015105
-14.558596
0.117699
3.323727
0.390470
-1.784353
-2.010269
-0.624749
-0.081713
0.540734
0.656849
0.969474
2.738291
4.313307
0.648160
21.713367
20.154793
0.000000
-6.310927
0.372151
1.153813
-14.242311
-0.785864
1.476332
-0.415650
-2.460995
-1.554504
0.137755
0.651340
0.800219
0.882553
1.501407
2.564904
3.931245
35.549999
23.071011
14.936474
0.000000
-1.793410
-0.126251
0.904698
-13.791801
0.131684
0.173304
1.886161
-0.769420
-1.364205
-1.521575
-0.678190
-0.216000
0.313656
0.132001
1.658561
4.070951
4.545735
-0.123446
20.806736
0.000000
-4.260733
-4.473886
1.409745
-6.719718
0.120335
0.167710
1.372592
-1.033324
-1.447192
-1.250372
-0.104781
0.155024
0.621563
0.898146
4.487578
35.549999
28.868334
18.307468
11.853559
0.000000
-2.264199
-0.124501
0.896732
-16.351830
0.129688
0.154878
-0.090623
-1.603536
-1.829117
-1.549301
-0.784595
-0.304704
0.722611
2.038748
1.092256
2.933775
3.482414
17.668756
20.760292
0.000000
2.495212
-1.868490
1.194058
-10.712936
0.066463
3.100321
1.025892
-1.638285
-1.945691
-1.399660
-0.137094
-0.045934
0.177702
1.738540
2.508981
3.440535
35.549999
23.231762
14.093625
0.000000
-0.032839
-0.188751
0.860551
-13.646642
0.101985
1.384441
0.802894
-1.289345
-1.663814
-2.028716
-0.940500
-0.369882
0.185359
1.807128
1.542167
3.410023
3.939246
0.213217
25.082853
0.000000
-0.934825
-3.745259
1.338544
-7.632062
0.124980
1.352011
2.566957
-0.252288
-1.121996
-1.480829
-0.380651
-0.065199
0.245418
0.949181
1.954556
3.101922
35.100689
24.743967
14.062087
0.000000
-1.037399
-0.125734
0.986031
-13.757419
0.016269
0.153996
0.823141
-1.137999
-1.633240
-2.084194
-0.889447
-0.244933
0.170684
1.198074
1.621135
3.717523
4.483281
-0.108431
28.650043
0.000000
-1.978433
-4.941872
-1.067530
-3.431969
0.142775
1.604540
6.547762
3.245310
0.509559
-1.111948
-1.423973
-0.828190
-0.520103
0.207262
1.393741
1.929141
16.229549
29.427994
17.115978
0.000000
-0.814593
-1.228694
1.201117
-12.560175
-0.220449
0.172880
1.791000
-0.722205
-1.874351
-1.753723
-0.894287
-0.348690
0.289883
1.460006
1.003955
2.889739
3.253070
2.030184
25.179674
0.000000
0.514525
-2.060796
1.194487
-13.132116
0.100179
1.493622
0.929419
-2.032647
-2.960449
-1.014314
0.355635
0.413203
0.561194
1.373501
1.886464
3.274140
4.460544
34.313786
21.048691
0.000000
-2.129214
-1.624013
1.294931
-14.496569
-0.912786
0.171181
1.100927
-1.044459
-1.696263
-0.988377
-0.385158
-0.098698
0.174429
1.361101
0.780750
2.891069
3.293659
24.451990
24.049994
0.000000
-3.607600
-3.015050
1.304237
-11.416940
0.123996
0.179322
2.791559
-0.361242
-1.917186
-1.643015
-0.256118
0.014210
0.306525
0.829726
1.826956
3.161133
3.647851
29.681475
20.382614
0.000000
-3.659535
-4.169199
0.724910
-14.138213
-1.280262
0.170423
2.011954
-0.598886
-1.502377
-1.119575
-0.438555
0.040706
0.335701
0.705425
1.537312
3.627233
3.890768
0.147279
25.330223
0.000000
-2.904103
-5.725830
0.907219
-12.373990
-1.169003
0.172969
2.647326
-0.180345
-1.130610
-0.963982
-0.289163
0.044324
0.485435
0.828149
1.695423
3.415620
3.661124
19.110542
24.585804
0.000000
-3.360895
-4.084527
0.474365
-0.988894
0.239072
0.178593
5.385010
1.786328
-0.451842
-0.841042
-0.467303
-0.320538
0.008520
0.834442
1.756814
2.835651
3.353650
31.023363
19.442631
0.000000
-2.791178
-3.657414
1.002354
0.424117
0.230668
0.190222
1.528936
-0.560366
-1.650896
-0.803663
-0.013785
-0.022197
0.588918
0.666903
2.274658
3.408880
35.549999
26.170921
19.222282
0.000000
-5.470263
-7.579647
0.915676
0.456622
0.218607
0.188362
2.742060
0.315167
-1.166425
-1.443128
-0.721768
-0.228992
0.495207
1.069319
2.481517
4.006031
2.528558
2.388860
26.584621
0.000000
-6.091638
-4.580229
1.293322
1.227057
0.261507
0.184518
2.211615
-0.884130
-2.272927
-1.425558
-0.136613
0.173197
0.739511
0.910635
1.486230
3.555700
35.549999
27.208010
20.187170
0.000000
-3.981459
-5.050685
1.136960
0.620424
0.155047
0.185848
0.118792
-0.826193
-1.567713
-1.254565
-0.241469
-0.010828
0.286096
1.106812
0.440445
2.873287
3.649590
2.984455
27.325314
0.000000
-3.087483
-3.877107
-2.127620
4.168382
0.277984
0.175817
6.132794
1.980764
-0.684788
-1.367056
-0.650838
-0.441943
-0.099688
0.334290
1.057976
2.690543
35.549999
26.153490
19.182587
0.000000
-3.123744
-4.820424
0.127357
-0.089318
0.224104
0.191311
0.833073
0.017009
-1.103389
-1.508601
-0.471295
-0.253962
0.147140
0.309945
1.459486
3.999600
5.097495
-0.118059
28.031532
0.000000
-5.812660
-6.962477
-4.146676
2.006967
-35.001797
0.153946
8.093536
4.480147
1.538277
0.007101
-0.208439
-0.454903
-0.910685
-0.541808
1.323137
3.274519
1.512202
33.056973
22.101051
0.000000
-3.198676
-4.052820
1.268781
-0.587487
-27.797203
0.129446
7.703795
3.038433
0.184783
-1.444890
-1.566008
-0.521419
-0.070411
0.471515
1.837901
4.273829
4.280651
31.214432
22.272028
0.000000
-3.593587
-6.172916
-0.077062
0.698355
-17.582970
0.122428
0.897062
0.204282
-1.639661
-1.730647
-0.405916
-0.057597
0.459991
0.845114
1.571370
3.654357
4.410850
2.302896
28.448362
0.000000
-2.974846
-3.906054
1.316884
1.155929
-22.793030
-0.147479
1.342819
-1.025260
-2.301785
-1.756942
-0.227213
-0.005901
0.557596
0.878805
1.827614
3.692347
3.571578
32.114220
23.266792
0.000000
-3.161493
-4.584799
0.861920
1.040128
-21.094063
0.111702
3.350618
-0.084071
-1.651616
-1.840764
-0.496711
-0.010439
0.390086
0.663827
1.260221
3.274776
4.585091
0.411533
35.549999
0.000000
-4.372665
-5.379115
-5.307777
1.278487
-29.845613
0.128319
2.744944
1.273040
-0.432301
-1.030724
-0.624546
-0.352390
0.171003
0.679776
0.822400
3.456678
35.549999
27.599079
19.289909
0.000000
-2.274220
-3.220396
-0.119890
0.697906
-9.609838
0.133426
0.138079
-0.517850
-1.614686
-1.884420
-0.944816
-0.419010
-0.344250
0.583808
-0.372885
1.751832
3.611131
3.289658
31.535599
0.000000
-1.693222
-2.642352
-4.114127
-0.086973
-6.528376
0.133218
7.874749
4.080204
0.837124
-0.308002
-0.507908
-0.397368
-0.766430
-0.673635
0.458594
2.985336
3.475793
22.647017
25.994375
15.290032
0.000000
-7.714659
-3.873817
-2.720957
-5.757030
0.139554
7.311940
4.967404
2.321952
0.190185
-1.377952
-1.552872
-1.111924
-0.974280
-0.390813
1.718624
2.991870
22.250633
25.098282
18.388775
0.000000
-8.544524
-5.687976
-3.179677
-8.779099
-0.365743
7.318243
2.950376
-0.470203
-0.534349
-0.687110
0.149042
-0.231923
0.183133
0.045517
5.631897
26.371159
29.902519
24.147774
14.082112
0.000000
-6.961188
-5.801113
-5.759941
-11.883965
0.114194
0.166049
1.272623
-0.420663
-1.668938
-1.469202
-0.626674
-0.404559
-0.089672
0.972943
4.750258
13.825069
20.367191
26.750799
15.635842
0.000000
-7.552238
-6.025806
0.239354
-15.535252
0.123077
0.130455
-2.040730
-2.924581
-1.479599
0.241437
-0.776636
0.327200
1.058356
2.167208
35.549999
35.549999
25.692444
18.557552
9.050958
0.000000
-7.828625
-0.318760
-0.114042
-4.427697
0.139880
0.136880
-1.702945
-2.687171
-1.416718
0.054920
-0.549350
0.016553
1.118611
1.363602
3.182323
5.532908
32.593086
22.982666
13.639230
0.000000
-4.158446
-0.121123
1.053565
-8.972296
-0.079058
0.133366
-0.731219
-2.350394
-1.699729
-0.077187
0.015695
0.458237
0.696853
1.508025
3.250252
4.760592
4.880859
25.987816
16.751986
0.000000
-7.394844
0.002582
1.180874
-14.758716
0.096760
3.437956
0.919495
-1.852914
-1.976450
-0.088492
0.714430
0.656220
0.916491
2.046265
3.752434
3.763211
35.549999
27.931480
15.364805
0.000000
-4.297925
0.954529
1.084502
-15.119498
0.053389
0.152700
0.278520
-1.800359
-1.835295
-0.768025
-0.173341
0.233189
0.995584
1.656886
3.115791
4.531203
0.656860
35.549999
19.224819
0.000000
-3.767145
1.263758
1.267736
-12.939137
-0.083622
0.550941
-0.007410
-2.170587
-2.308252
-0.699649
0.025886
0.603893
1.086012
1.063981
2.391773
3.430743
35.549999
23.798870
16.507401
0.000000
-1.375675
-0.217056
0.986722
-15.697444
0.113143
0.150784
0.229431
-1.692333
-1.743672
-1.197024
-0.432966
0.073309
0.554942
1.923474
1.651977
3.580091
3.800650
-0.109795
23.252621
0.000000
-0.812101
-2.776247
1.262610
-9.410408
0.112774
2.401192
1.315034
-1.216790
-1.720223
-1.194079
-0.189226
0.082390
0.303936
1.618045
1.836545
2.797192
35.143539
24.946533
14.912131
0.000000
-0.001700
-0.543700
1.101685
-12.216393
0.115754
1.060770
1.532828
-0.987293
-1.590937
-2.178758
-0.986457
-0.306556
0.282083
1.710424
1.422435
3.501184
3.932986
0.075625
24.022863
0.000000
-3.805429
-4.473876
3.268201
-6.041687
0.140851
4.883522
4.967051
1.672272
-0.297197
-1.227907
-0.990000
-0.547633
-0.178652
0.470050
1.560529
2.637900
17.752319
27.152739
16.467325
0.000000
-2.384994
-2.164483
1.144240
-13.343893
0.036696
0.155891
0.785015
-1.275393
-1.838941
-1.394061
-0.656487
-0.291052
0.539753
0.991137
0.658983
2.981625
3.194857
22.463478
23.961336
0.000000
-4.221776
-3.321931
0.573856
-9.418306
0.124658
2.058912
5.194887
1.966323
-0.116993
-0.325771
-0.468943
-0.484879
-0.249527
0.084043
1.548844
3.398329
3.543628
15.390025
21.936323
0.000000
-5.394515
-2.610868
1.010302
-11.388478
0.118059
0.180356
3.582995
0.573133
-0.933177
-0.767085
-0.195366
-0.117109
0.239023
0.875689
2.025120
3.868015
3.367489
19.152437
20.871223
0.000000
-4.927314
-2.401995
1.212678
-15.044331
-0.570356
0.166765
0.436853
-1.717487
-2.069283
-0.120686
0.346735
0.391948
0.363513
1.078945
2.246688
3.995170
35.549999
28.119902
17.939518
0.000000
-3.577276
-3.414124
1.157472
-14.811769
-1.620084
0.178034
1.488001
-0.935204
-1.662038
-1.106402
-0.264200
-0.005947
0.749002
1.328781
2.697873
4.172597
3.278320
28.706074
18.984476
0.000000
-1.478007
-4.117379
1.218211
-11.459912
0.114987
0.200376
2.676904
-0.500718
-1.631544
-1.966302
-0.760696
0.002228
0.450404
1.431918
1.393032
3.257038
3.375009
19.016850
24.043581
0.000000
-3.664595
-2.952395
1.219602
-13.158516
-2.076740
0.164761
0.610553
-1.703214
-2.202898
-0.666736
-0.165255
0.232654
0.796162
0.693295
1.604822
3.109979
35.549999
28.144983
17.878700
0.000000
-4.489942
-3.997554
1.096962
0.672840
-1.910899
0.170067
1.340384
-1.285978
-1.882309
-1.663788
-0.555882
-0.060670
0.545369
0.979370
1.730377
3.612735
3.842593
0.085701
26.506853
0.000000
-4.936579
-4.850693
1.200110
1.214802
0.250998
0.186662
2.841306
-0.622713
-1.994427
-0.939289
0.128225
0.394897
0.662651
0.697000
1.426643
3.199314
35.549999
27.419870
18.865561
0.000000
-4.411339
-5.612319
0.576624
-0.448021
0.156590
0.187844
1.573708
-0.422463
-1.471208
-1.541626
-0.578150
-0.086240
0.204281
1.391407
0.775359
2.859464
3.403086
2.629341
29.009354
0.000000
-3.696052
-3.627495
-1.289610
1.292627
0.276128
0.180661
4.380463
0.208306
-1.528885
-1.486110
-0.064487
0.042933
0.272319
0.819232
1.331163
4.515627
35.549999
25.631676
16.622889
0.000000
-2.707407
-5.021128
0.446107
-0.283549
0.191603
0.188374
0.141702
-0.070803
-1.077630
-1.562269
-0.977297
-0.603216
-0.137291
0.798449
0.267059
2.567502
3.840146
3.561758
27.297569
0.000000
-3.617553
-5.216650
-3.813401
-2.306486
0.279069
0.170677
7.409065
3.755282
0.428611
-0.941059
-1.077474
-0.796021
-0.742860
-0.851008
0.635040
2.560315
20.138142
22.829582
21.418158
0.000000
-2.906317
-4.201112
-1.002462
0.638649
0.201783
0.186374
2.273085
0.387779
-1.051256
-1.259218
-0.447476
-0.334849
0.221705
0.641658
1.318905
3.621545
4.302837
9.895872
27.522776
0.000000
-2.733341
-4.583586
-1.878401
0.987926
0.202152
0.188726
1.508759
-0.478569
-1.950689
-1.080698
0.262099
0.204823
0.539738
0.406727
1.304919
4.732262
35.549999
26.363262
18.942139
0.000000
-2.203638
-5.342122
-0.588715
-0.721016
-6.179945
0.124980
0.142732
0.466175
-1.007946
-1.138268
-0.682769
-0.242535
-0.028149
0.170044
0.822040
3.858778
4.715184
-0.090513
25.224161
0.000000
-4.183771
-5.290482
-1.792511
4.676898
-29.979763
0.130430
6.674114
2.236702
-0.092715
-0.188757
-0.424162
-0.197158
-0.450737
0.483060
2.131003
2.005835
24.721193
29.081850
20.809225
0.000000
-4.142337
-5.295440
1.248022
1.147265
-22.098312
0.121255
0.147775
0.368039
-1.551714
-1.998801
-0.838299
-0.345347
0.090754
0.668257
1.322125
3.529124
4.875591
-0.106719
27.964121
0.000000
-3.865754
-4.699425
-4.418112
1.302449
-35.549984
0.128467
3.018169
1.564007
-0.297271
-1.191752
-1.208922
-0.521969
-0.050212
0.625224
1.107697
2.735056
35.549999
26.206894
18.840830
0.000000
-2.123156
-3.340617
0.244668
0.523159
-15.344036
0.127251
0.173898
0.257615
-1.070106
-1.743869
-1.550652
-0.837311
-0.611705
-0.008934
-0.336430
2.279593
4.731501
0.966294
24.297178
0.000000
-2.701425
-6.225060
-5.070714
-2.498455
-25.908621
0.155446
4.578766
5.213082
1.374279
-0.349469
-1.197203
-1.010942
-1.289927
-0.981344
0.932350
3.177467
3.965965
35.453487
22.876129
0.000000
-4.865608
-6.387146
-5.567979
1.599056
-29.330238
0.133722
7.415137
3.959890
1.494934
0.124194
-0.555213
-1.012279
-0.805619
-0.420800
1.035410
3.162723
4.693063
-0.118754
26.256775
12.533155
0.000000
-11.839785
-5.791709
-2.341451
-2.070866
0.155810
7.496688
5.393391
1.970870
0.173186
-0.081795
-0.905310
-1.067156
-0.552579
1.185053
1.372428
2.922523
33.640503
21.890041
13.666997
0.000000
-9.981111
-4.719064
-2.397013
-5.703432
0.130624
6.459828
4.522390
1.325247
0.115175
-1.169805
-1.168430
-0.715831
-0.239102
0.673622
2.981619
4.234355
31.849739
15.068321
17.558216
0.000000
-8.504210
-1.026013
1.086738
-10.948462
0.130273
0.634434
0.799984
-2.383727
-2.172406
-0.102530
0.063934
-0.016412
0.709725
1.937459
6.921060
35.549999
29.010023
18.824551
13.068905
0.000000
-4.605242
-0.115105
0.704969
-7.365797
0.122924
0.152577
-2.973495
-3.241943
-1.776120
-0.247736
-0.850929
-0.136316
1.749033
1.871525
3.044123
35.549999
29.527178
22.443890
12.642438
0.000000
0.736353
-2.769191
1.002916
-12.993943
0.126535
2.290819
-0.300495
-2.155581
-2.158513
-1.018291
-0.443609
0.096744
0.864570
2.343853
2.331905
3.696529
2.133799
30.011206
17.033882
0.000000
-3.063883
1.070435
1.136156
-15.109995
-1.772400
3.531645
-0.801491
-2.562595
-1.657445
-0.049653
0.280416
0.624465
0.859308
1.455141
3.110029
4.382585
35.549999
25.237974
15.840619
0.000000
-6.714389
-1.111148
1.175700
-14.111766
0.122645
5.275446
0.504531
-1.876046
-2.078244
-0.589196
0.172882
0.580866
0.707689
1.141471
3.156780
4.718417
0.861654
31.372267
17.713377
0.000000
-6.259661
0.125012
1.236302
-12.466329
0.117737
2.596439
1.474193
-1.624488
-1.975541
-0.608582
0.349067
0.511416
0.878104
1.900826
3.453977
3.621432
35.549999
25.390934
13.653086
0.000000
-3.448963
0.846113
1.092567
-14.516888
0.108278
0.156387
0.848141
-1.566015
-1.759340
-1.092508
-0.395771
0.039068
0.725382
0.986786
2.530082
4.488817
3.073839
-0.118161
22.723902
0.000000
-5.419579
-3.913412
1.341267
-7.646450
0.047036
0.156421
0.036985
-2.327988
-2.414245
-0.974179
-0.082646
0.486162
0.997535
1.195538
4.601533
35.549999
29.417984
19.638710
11.604362
0.000000
-0.791757
-3.112230
0.537541
-14.885460
0.118627
0.170067
1.860716
-0.804767
-1.770975
-2.155770
-1.538503
-0.808452
0.204426
1.927872
0.699180
2.731075
3.543930
2.830069
22.379383
0.000000
3.588813
0.479496
1.221548
-10.482052
0.109668
4.589994
0.878527
-2.299744
-2.498512
-1.391146
-0.049327
0.005129
0.423755
1.645427
3.005964
35.427864
32.327126
20.282833
13.375042
0.000000
-0.425904
-0.682507
0.131810
-14.537440
0.108943
0.533373
1.195304
-1.082310
-1.446876
-1.984724
-1.357913
-0.455568
0.073025
1.396263
1.230342
3.305467
4.101061
-0.074244
23.831800
0.000000
2.361758
-4.047871
-1.036173
-3.342663
0.152878
0.171101
5.788280
2.145995
-0.137847
-1.736302
-1.821102
-1.060690
-0.671173
0.461010
1.575888
12.142103
35.549999
20.162743
13.495983
0.000000
1.100991
-0.763226
0.479310
-14.429345
-0.605260
0.173834
2.030285
-0.733954
-1.412821
-1.853095
-1.473384
-0.594720
0.011277
1.736776
1.395597
2.751429
3.568708
0.247380
22.809841
0.000000
-0.303228
-3.354873
1.260044
-9.887566
0.109668
0.876747
2.022877
-1.335889
-2.349527
-1.809992
-0.334777
0.003461
0.131640
1.488325
2.605802
32.529724
33.646957
21.346308
13.851815
0.000000
-0.187637
-0.754424
0.175363
-15.301886
0.107091
0.175135
2.180906
-0.826379
-1.565021
-2.063973
-1.759920
-0.704854
-0.169621
1.556202
2.836009
2.615803
3.451681
0.647689
29.615170
0.000000
3.516983
-4.350936
2.868655
-8.061076
0.117466
0.175779
3.152384
-0.414640
-1.624302
-2.210296
-0.762068
-0.140346
-0.241597
1.323447
1.935703
5.140694
35.549999
24.938868
15.186083
0.000000
-0.169889
-0.314244
-0.265487
-12.904602
-0.380077
0.173622
1.315674
-1.699677
-2.169276
-1.997403
-1.122931
-0.562505
0.035872
2.157340
1.426594
1.811297
2.401708
32.349510
19.919104
0.000000
-0.114165
-0.605285
1.149184
-12.965615
-1.600143
2.872828
0.381885
-2.475183
-3.164356
-1.717525
-0.471521
0.220038
0.250801
1.718379
2.264482
3.084334
27.212063
28.603052
18.108397
0.000000
-0.238085
-3.288817
-0.120339
-10.711626
-0.058953
0.173711
1.833413
-1.058701
-1.639995
-2.293225
-1.209637
-0.500968
0.104284
1.637534
0.708703
1.637142
2.422618
2.021665
25.689331
0.000000
-1.245142
-3.171158
1.381105
0.846560
0.250362
0.179364
0.513651
-2.140525
-2.507267
-1.032110
0.203483
0.322987
0.756086
1.039667
5.058413
35.549999
33.200474
21.226601
13.250953
0.000000
-1.915679
-1.816297
-0.124365
-1.238653
0.158061
0.186861
0.155454
-0.820148
-1.906111
-1.639239
-1.102642
-0.931268
0.258362
1.506006
1.789600
1.722877
2.426077
34.346394
22.128860
0.000000
0.610854
-2.428653
-0.543770
0.921585
0.298047
0.519640
4.038410
0.006183
-1.836801
-1.675469
-0.550749
-0.380082
-0.183730
0.727113
2.077295
3.757053
4.551296
16.492603
21.715343
0.000000
-2.874663
-4.134749
-3.248841
0.182720
0.267487
0.178640
5.307960
2.082114
0.201269
-0.791777
-1.361091
-0.887840
-0.157701
0.023400
1.425702
3.619017
4.617211
35.549999
