0.009247
0.072820
0.099297
0.060193
0.055340
0.015469
0.035108
0.003688
0.063004
0.016036
0.056637
0.006636
0.036767
0.014445
0.015198
-0.009474
0.029708
-0.013375
-3.287076
-7.876947
-12.225671
-13.718060
-0.629352
0.018490
1.125716
2.022624
2.891404
0.018751
0.010848
-0.050494
0.011794
0.017317
-0.011055
-0.018758
-0.015709
-0.012410
1.288319
3.583198
0.613702
-1.017483
0.001703
0.674276
-0.024964
-0.246708
-0.523364
-0.407933
-0.319179
-0.755576
-1.108465
-0.286225
0.061708
-1.926716
-3.075773
0.192115
1.819623
2.570606
2.959972
2.691257
1.830686
0.971858
1.447962
0.063838
0.112177
0.764858
-1.615884
1.559479
0.585861
0.596500
0.916648
1.280853
1.410763
-2.813759
-2.993600
1.211595
1.668009
1.258488
0.948424
-0.588400
-1.233211
-1.985576
0.411654
0.323481
-1.775465
0.268278
-0.033010
-1.767239
-0.513943
-0.094718
0.248453
1.421437
1.838549
-1.586560
-1.780025
0.682192
1.798790
1.410123
1.027779
-0.252066
-1.291652
-1.226550
1.254711
0.898826
-0.840840
1.908548
-0.277978
-1.121001
0.876384
1.373097
1.425645
2.132139
2.391278
-1.681225
-2.032101
1.345579
1.788045
1.468557
0.480720
-0.375191
-1.858581
-2.039963
0.505060
-0.252707
-2.022634
0.648277
-0.580185
-1.904414
-0.090485
0.452955
0.407867
1.616476
1.806695
-2.285514
-2.327092
0.560689
1.514010
1.296889
0.495524
-0.446451
-1.453803
-1.391591
1.278359
1.239495
-0.242568
2.727059
0.447322
-1.195081
0.453020
0.409730
0.256324
0.954597
0.912970
-2.804485
-3.512543
0.643156
1.513446
1.048893
0.593088
-0.291115
-1.112509
-1.442361
1.189360
1.069589
-0.417019
2.148441
0.376166
-1.003680
0.506307
0.303746
0.097165
0.600638
0.713579
-3.073502
-3.961571
0.300032
1.417369
0.939239
0.675500
-0.279035
-1.115885
-1.484860
1.059949
0.872333
-0.559991
1.836790
0.345248
-0.732379
0.586888
0.592727
0.299158
0.772750
0.920328
-3.027640
-3.738576
0.266214
1.553474
0.945925
0.887309
-0.181056
-0.949702
-1.411803
0.876376
0.378836
-1.374583
1.075831
-0.141244
-1.266199
0.415332
0.557376
0.289993
1.116178
