-1.875919
-1.912024
-1.898955
-1.880671
-1.857030
-1.827783
-1.793417
-1.752666
-1.706025
-1.651993
-1.590612
-1.520689
-1.443264
-1.357870
-1.263869
-1.159937
-1.043346
-0.913496
-0.837778
-0.837783
-0.837794
-0.837778
-0.837760
-0.837773
-0.837772
-0.837770
-0.837767
-1.811222
-1.868827
-1.908365
-1.902262
-1.891721
-1.876230
-1.856313
-1.831597
-1.802290
-1.766717
-1.725998
-1.683355
-1.633758
-1.584339
-1.537899
-1.490379
-1.442227
-1.391006
-1.335408
-1.274248
-1.205653
-1.128416
-1.040012
-0.927115
-0.837760
-0.843951
-1.005712
-1.159330
-1.306330
-1.453206
-1.598044
-1.720520
-1.796108
-1.822001
-1.793373
-1.717934
-1.628850
-1.645034
-1.643462
-1.625638
-1.592498
-1.551183
-1.502529
-1.442055
-1.368994
-1.273856
-1.413421
-1.466084
-1.616392
-1.752887
-1.834395
-1.868484
-1.870572
-1.856582
-1.811265
-1.818611
-1.689929
-1.598734
-1.629006
-1.597458
-1.561582
-1.511237
-1.450442
-1.378954
-1.298812
-1.193532
-1.317532
-1.445376
-1.587492
-1.727195
-1.822605
-1.888632
-1.913175
-1.902285
-1.867733
-1.839430
-1.731394
-1.724069
-1.742975
-1.736303
-1.711905
-1.671716
-1.616819
-1.549406
-1.472865
-1.374251
-1.486448
-1.578019
-1.702669
-1.830769
-1.898159
-1.934038
-1.930253
-1.908824
-1.859745
-1.840287
-1.720524
-1.631090
-1.660531
-1.640108
-1.611963
-1.568046
-1.512473
-1.444723
-1.367988
-1.266700
-1.392154
-1.495403
-1.622931
-1.746579
-1.821802
-1.868726
-1.877800
-1.855688
-1.809641
-1.787768
-1.655091
-1.602924
-1.623009
-1.608244
-1.579025
-1.534753
-1.476942
-1.408235
-1.333176
-1.235359
-1.379891
-1.472734
-1.591814
-1.712595
-1.779319
-1.819207
-1.824492
-1.804563
-1.766235
-1.760946
-1.621564
-1.559361
-1.582786
-1.564253
-1.533751
-1.487544
-1.427414
-1.356451
-1.278809
-1.177482
-1.326705
-1.422254
-1.552737
-1.682885
-1.755771
-1.800616
-1.810997
-1.794427
-1.757695
-1.746778
-1.615589
-1.568546
-1.590994
-1.579568
-1.550594
-1.505305
-1.445614
-1.375238
-1.297864
-1.196860
-1.336442
-1.452145
-1.568304
-1.702846
-1.776255
-1.820200
-1.828231
-1.812185
-1.779026
-1.756776
-1.630884
-1.590533
-1.608333
-1.594726
-1.563336
-1.515929
-1.454823
