-0.000022
-0.000121
-0.000242
-0.000335
-0.000418
-0.000458
-0.000509
-0.000578
-0.000674
-0.000777
-0.000831
-0.000806
-0.000768
-0.000768
-0.000753
-0.000684
-0.000542
-0.002752
-0.008887
-0.027780
-0.047826
-0.069086
-0.091160
-0.110193
-0.130429
-0.158127
-0.169459
-0.129901
-0.084608
-0.050348
0.017908
0.038982
0.047801
0.060625
0.077391
0.100671
0.131677
0.162154
0.157016
0.141497
0.135104
0.129614
0.114300
0.076699
0.044429
0.006888
-0.013770
-0.018263
-0.019111
0.000201
0.047143
0.052884
0.052983
0.036768
0.002258
-0.034449
-0.071258
-0.099698
-0.135423
-0.186076
-0.227628
-0.269416
-0.318232
-0.353073
-0.372732
-0.400009
-0.436332
-0.488207
-0.533686
-0.559020
-0.540612
-0.517137
-0.496645
-0.462157
-0.423180
-0.390943
-0.353335
-0.306528
-0.268160
-0.244510
-0.222303
-0.196258
-0.188693
-0.179913
-0.155008
-0.143873
-0.151031
-0.163567
-0.179484
-0.175389
-0.120792
-0.081673
-0.054111
-0.025227
0.003608
0.036007
0.066455
0.090930
0.104598
0.111085
0.125036
0.128647
0.103029
0.075708
0.057303
0.047151
0.037785
0.021674
0.001419
0.009314
0.034960
0.039951
0.025347
0.010316
-0.002655
-0.005751
0.002520
0.015908
0.021922
0.020432
0.028510
0.031491
0.010612
-0.014768
-0.029693
-0.038473
-0.050715
-0.074222
-0.109398
-0.120979
-0.095295
-0.079199
-0.079193
-0.072898
-0.069203
-0.059735
-0.041746
-0.021834
-0.011272
-0.009627
0.000459
0.007410
-0.004554
-0.018290
-0.028320
-0.033959
-0.041723
-0.058672
-0.086709
-0.093352
-0.068103
-0.052020
-0.052713
-0.047376
-0.046086
-0.039207
-0.023987
-0.012655
-0.009086
-0.011513
-0.004783
-0.000425
-0.012636
-0.026623
-0.038864
-0.052210
-0.067956
-0.092523
-0.128448
-0.139483
-0.110893
-0.090317
-0.088966
-0.080014
-0.072557
-0.059478
-0.038740
-0.025516
-0.020761
-0.022687
-0.016596
-0.013723
-0.024053
-0.032524
-0.040203
-0.052156
-0.066232
-0.087786
-0.119699
-0.126816
-0.097937
-0.077967
-0.073983
-0.061850
-0.051115
-0.035062
-0.017377
-0.005100
-0.001887
-0.006834
-0.003406
-0.002478
-0.013368
-0.017112
-0.021518
-0.033005
-0.046789
-0.066352
-0.095935
-0.102153
-0.076036
-0.060496
-0.061965
-0.054137
-0.046744
-0.032860
-0.016600
-0.007376
-0.007318
-0.016014
-0.016125
-0.015766
-0.028335
-0.035215
-0.040482
-0.054051
-0.069925
-0.089872
-0.118863
-0.116030
-0.087333
-0.069676
-0.068987
-0.058812
-0.048209
-0.031291
-0.009356
-0.000141
-0.002809
-0.015270
-0.019291
-0.023066
-0.037886
-0.042923
-0.046417
-0.060679
-0.077829
-0.098884
-0.128203
-0.125532
-0.103679
-0.088813
-0.089201
-0.079266
-0.066601
-0.047576
-0.023722
-0.001655
0.007942
0.004768
0.009373
0.010730
0.000463
0.001639
0.000470
-0.014134
-0.031151
-0.050133
-0.076712
-0.073826
-0.053487
-0.043028
-0.050396
-0.047537
-0.041721
-0.027984
-0.008227
0.004116
0.003450
-0.009906
-0.014379
-0.017990
-0.031257
-0.035003
-0.033141
-0.045848
-0.061581
-0.080846
-0.107049
-0.098732
-0.074547
-0.058883
-0.061531
-0.055137
-0.043918
-0.025204
-0.002046
0.013931
0.015357
0.004544
0.002510
0.001166
-0.010036
-0.008433
-0.004390
-0.014332
-0.027424
-0.043432
-0.067625
-0.068252
-0.049523
-0.038924
-0.046517
-0.044084
-0.036593
-0.020991
0.000240
0.017896
0.020386
0.008306
0.005690
0.004608
-0.007250
-0.004008
0.000298
-0.010494
-0.023879
-0.039369
-0.062879
-0.063033
-0.042200
-0.032851
-0.041435
-0.039573
-0.033834
-0.019308
0.001361
0.014719
0.012655
-0.003062
-0.008590
-0.011633
-0.026362
-0.025726
-0.020619
-0.031018
-0.044556
-0.061398
-0.085544
-0.083472
-0.062371
-0.051454
-0.055894
-0.049775
-0.039118
-0.020329
0.003341
0.022985
0.027089
0.017709
0.018418
0.018391
0.006164
0.008466
0.010992
-0.000763
-0.015780
-0.033914
-0.060401
-0.063230
-0.046033
-0.037572
-0.044393
-0.041075
-0.033520
-0.016882
0.005780
0.022619
0.023093
0.008090
0.003864
0.002030
-0.011599
-0.009954
-0.003584
-0.013436
-0.027342
-0.043618
-0.066278
-0.061920
-0.037081
-0.022357
-0.024722
-0.019295
-0.010812
0.005469
0.026831
0.031225
0.019672
-0.003670
-0.016873
-0.026275
-0.046817
-0.053104
-0.053359
-0.067582
-0.084231
-0.105430
-0.132867
-0.140594
-0.132189
-0.131639
-0.133437
-0.130276
-0.120675
-0.106829
-0.087004
-0.066798
-0.058676
-0.064262
-0.061872
-0.056854
-0.063633
-0.056637
-0.045343
-0.050604
-0.060376
-0.071910
-0.090108
-0.092631
-0.072028
-0.061862
-0.069623
-0.067077
-0.058823
-0.044553
-0.025454
-0.009063
-0.006283
-0.015474
-0.014660
-0.012619
-0.023805
-0.021997
-0.016260
-0.023629
-0.035235
-0.050397
-0.073705
-0.078981
-0.064677
-0.057793
-0.065032
-0.063572
-0.058904
-0.047566
-0.028877
-0.011755
-0.006651
-0.012570
-0.008800
-0.007430
-0.019843
-0.019328
-0.017245
-0.028977
-0.043466
-0.060321
-0.084028
-0.084687
-0.065451
-0.053495
-0.059402
-0.056546
-0.050147
-0.037992
-0.018846
-0.000783
0.004176
-0.004173
-0.003149
-0.000086
-0.010905
-0.009891
-0.003413
-0.013299
-0.026491
-0.041654
-0.063999
-0.064086
-0.042032
-0.031889
-0.041531
-0.042729
-0.041052
-0.029921
-0.010381
0.007829
0.012244
0.005284
0.008567
0.013319
0.002813
0.007516
0.015164
0.009815
0.000134
-0.010997
-0.028456
-0.031816
-0.012576
-0.000272
-0.008245
-0.011912
-0.015924
-0.010491
0.007060
0.023693
0.027026
0.018399
0.019643
0.018264
0.003323
0.000568
0.002760
-0.009900
-0.025543
-0.043240
-0.067955
-0.070336
-0.051149
-0.041043
-0.050557
-0.051654
-0.047644
-0.035847
-0.016071
0.000274
0.001348
-0.011456
-0.014190
-0.013997
-0.027984
-0.025624
-0.017240
-0.024357
-0.035948
-0.048995
-0.068317
-0.071079
-0.051799
-0.040747
-0.047720
-0.046745
-0.043324
-0.033275
-0.015209
0.000716
0.003695
-0.004754
-0.002129
0.001023
-0.010959
-0.008970
-0.001240
-0.009854
-0.023812
-0.039509
-0.061458
-0.061747
-0.040491
-0.028760
-0.035905
-0.035674
-0.030938
-0.019822
-0.001881
0.009359
0.005606
-0.010711
-0.016352
-0.019177
-0.036960
-0.038874
-0.033361
-0.042344
-0.056279
-0.072606
-0.094198
-0.095389
-0.073069
-0.058419
-0.059890
-0.059950
-0.061099
-0.053560
-0.035794
-0.019537
-0.014169
-0.018226
-0.013734
-0.011975
-0.024111
-0.023192
-0.018199
-0.029099
-0.044914
-0.062549
-0.085144
-0.085105
-0.063222
-0.046860
-0.050863
-0.049937
-0.044850
-0.032789
-0.012904
0.001610
0.001544
-0.011429
-0.015094
-0.016792
-0.032644
-0.034846
-0.029159
-0.040035
-0.054783
-0.070407
-0.092653
-0.095891
-0.074789
-0.065287
-0.076114
-0.079635
-0.080515
-0.071796
-0.053807
-0.035701
-0.029443
-0.034008
-0.027924
-0.021161
-0.030402
-0.026363
-0.014544
-0.017218
-0.025869
-0.035864
-0.052092
-0.055944
-0.039861
-0.032610
-0.045133
-0.051628
-0.054550
-0.046961
-0.027698
-0.009351
-0.003323
-0.007043
0.000584
0.007669
-0.001379
0.000242
0.008343
0.002410
-0.009281
-0.022003
-0.042168
-0.047982
-0.033159
-0.027521
-0.042479
-0.052555
-0.058645
-0.053906
-0.036410
-0.018820
-0.013221
-0.017128
-0.009740
-0.000434
-0.007951
-0.003231
0.007600
0.005721
-0.001951
-0.009809
-0.023939
-0.026776
-0.009528
0.001034
-0.012249
-0.023199
-0.034182
-0.035796
-0.022393
-0.007275
-0.002821
-0.007096
-0.001084
0.004571
-0.005862
-0.004437
0.003738
-0.002496
-0.014781
-0.027891
-0.047062
-0.052075
-0.036133
-0.028034
-0.042458
-0.053082
-0.060152
-0.056043
-0.038748
-0.022451
-0.018158
-0.024464
-0.019588
-0.009796
-0.015504
-0.008484
0.005172
0.002602
-0.004976
-0.010970
-0.024558
-0.024589
-0.004044
0.007388
-0.004455
-0.013677
-0.022173
-0.022841
-0.011449
-0.000133
-0.000525
-0.008932
-0.004448
0.000764
-0.011136
-0.009041
0.003003
0.001227
-0.006888
-0.013495
-0.025828
-0.025008
-0.004826
0.009470
0.002017
-0.004911
-0.012758
-0.013678
-0.001981
0.008598
0.006639
-0.003444
-0.001256
-0.000431
-0.014867
-0.016539
-0.009097
-0.017761
-0.033747
-0.049381
-0.070294
-0.070953
-0.048668
-0.034078
-0.039567
-0.041319
-0.039253
-0.031881
-0.016271
-0.007274
-0.013174
-0.029742
-0.034453
-0.036174
-0.052745
-0.053318
-0.042735
-0.049868
-0.062959
-0.074707
-0.091027
-0.090470
-0.064569
-0.049281
-0.055466
-0.059993
-0.064270
-0.060490
-0.046534
-0.034168
-0.033211
-0.040606
-0.036347
-0.029651
-0.037927
-0.031112
-0.016071
-0.018471
-0.028282
-0.036334
-0.048730
-0.046149
-0.021227
-0.001628
-0.003138
-0.004499
-0.006728
0.000459
0.018280
0.024900
0.016086
-0.001981
-0.007610
-0.013939
-0.034339
-0.040699
-0.035455
-0.048252
-0.067998
-0.086680
-0.109970
-0.106843
-0.080015
-0.062090
-0.063983
-0.062007
-0.055160
-0.040612
-0.019636
-0.012347
-0.020791
-0.040154
-0.047004
-0.051228
-0.070902
-0.074927
-0.065933
-0.072241
-0.087188
-0.102525
-0.121749
-0.123224
-0.101433
-0.084943
-0.086639
-0.086477
-0.084812
-0.073581
-0.053456
-0.037080
-0.033355
-0.038674
-0.031599
-0.021727
-0.027165
-0.018441
-0.001991
-0.003638
-0.012069
-0.017955
-0.029101
-0.026102
0.000915
0.020588
0.020300
0.015720
0.009057
0.010026
0.020655
0.019571
0.003613
-0.020171
-0.030582
-0.037071
-0.058930
-0.068136
-0.063591
-0.073967
-0.092438
-0.110755
-0.133834
-0.139345
-0.120307
-0.107297
-0.107998
-0.110405
-0.111828
-0.099533
-0.077033
-0.057572
-0.050410
-0.053487
-0.044720
-0.032225
-0.035803
-0.023294
-0.001206
0.003544
0.000450
0.000916
-0.004158
0.004420
0.018998
0.023319
0.006610
-0.014337
-0.037501
-0.045109
-0.036414
-0.027105
-0.030030
-0.041920
-0.039067
-0.026924
-0.027949
-0.015751
0.005776
0.008861
0.005620
0.007017
0.002683
0.010665
0.026845
0.031030
0.019045
0.005231
-0.012336
-0.019857
-0.013255
-0.006516
-0.011469
-0.022536
-0.018103
-0.011586
-0.021559
-0.017393
0.001580
0.007066
0.004568
0.007155
0.004503
0.013691
0.029512
0.039758
0.033594
0.025406
0.012689
0.005544
0.010404
0.014825
0.007081
-0.006295
-0.004317
-0.004474
-0.018406
-0.019784
-0.008798
-0.014368
-0.026035
-0.033501
-0.045827
-0.047451
-0.028440
-0.010725
-0.014436
-0.019497
-0.022856
-0.017924
-0.006027
-0.000204
-0.005136
-0.025427
-0.032330
-0.032849
-0.038928
-0.031101
-0.022255
-0.038932
-0.057193
-0.072502
-0.091768
-0.097641
-0.072587
-0.046613
-0.036933
-0.028937
-0.020852
-0.004267
0.014836
0.023449
0.019156
-0.001670
-0.011796
-0.016204
-0.022858
-0.020839
-0.017324
-0.038694
-0.058784
-0.076577
-0.098153
-0.102820
-0.076772
-0.050466
-0.038222
-0.028365
-0.017690
0.000808
0.021533
0.031815
0.028151
0.008215
-0.000259
-0.004256
-0.010721
-0.009712
-0.005779
-0.026693
-0.050350
-0.072725
-0.100391
-0.111828
-0.092469
-0.073010
-0.063932
-0.059716
-0.053760
-0.039535
-0.021409
-0.015945
-0.023685
-0.046632
-0.058458
-0.058339
-0.066612
-0.064010
-0.056556
-0.071192
-0.089369
-0.102537
-0.117596
-0.118132
-0.091960
-0.062790
-0.049608
-0.041687
-0.033859
-0.018247
0.001049
0.008956
0.004443
-0.012779
-0.015344
-0.016433
-0.025755
-0.025791
-0.021637
-0.040876
-0.066861
-0.090949
-0.119471
-0.129055
-0.107134
-0.082811
-0.071899
-0.067783
-0.063666
-0.048346
-0.028040
-0.016487
-0.017621
-0.034991
-0.040804
-0.036137
-0.040015
-0.033410
-0.023347
-0.035780
-0.053200
-0.067916
-0.086335
-0.090774
-0.068071
-0.040619
-0.032398
-0.030420
-0.030867
-0.021996
-0.006031
-0.001033
-0.007530
-0.027450
-0.034265
-0.036412
-0.045711
-0.043833
-0.037668
-0.055081
-0.078127
-0.095726
-0.114818
-0.118455
-0.090368
-0.063245
-0.057056
-0.060921
-0.065508
-0.059971
-0.047923
-0.043213
-0.049312
-0.069471
-0.077105
-0.075563
-0.080674
-0.075590
-0.068822
-0.083628
-0.103943
-0.118857
-0.133807
-0.132613
-0.100621
-0.064227
-0.045294
-0.038395
-0.036212
-0.024461
-0.008670
-0.001657
-0.005188
-0.021019
-0.024235
-0.026871
-0.038140
-0.037767
-0.031018
-0.046539
-0.070611
-0.091453
-0.115117
-0.121984
-0.097203
-0.068730
-0.061665
-0.061662
-0.061904
-0.051558
-0.035119
-0.024303
-0.025660
-0.042617
-0.047174
-0.041773
-0.042217
-0.030359
-0.018063
-0.028637
-0.041317
-0.047681
-0.055296
-0.048495
-0.023832
0.001834
0.011828
0.009246
0.000925
0.002521
0.010973
0.012674
0.003424
-0.017811
-0.025079
-0.024307
-0.031015
-0.026014
-0.016732
-0.030153
-0.048798
-0.064621
-0.084594
-0.090638
-0.075085
-0.057408
-0.053624
-0.061120
-0.068942
-0.061511
-0.046517
-0.039465
-0.044368
-0.065383
-0.074577
-0.074217
-0.080585
-0.074194
-0.063822
-0.072277
-0.087012
-0.096295
-0.105266
-0.099192
-0.074648
-0.047960
-0.037031
-0.038701
-0.045985
-0.045949
-0.037288
-0.035528
-0.043789
-0.061978
-0.068035
-0.067508
-0.073989
-0.068905
-0.055609
-0.062055
-0.075920
-0.081119
-0.086601
-0.077895
-0.057388
-0.040387
-0.050405
-0.067863
-0.083222
-0.083534
-0.074762
-0.076009
-0.087867
-0.115581
-0.132300
-0.132532
-0.136736
-0.137362
-0.135508
-0.147625
-0.165936
-0.177852
-0.187947
-0.180811
-0.150357
-0.116481
-0.098234
-0.089898
-0.090731
-0.084629
-0.074909
-0.074986
-0.085154
-0.105480
-0.113788
-0.115593
-0.121003
-0.115021
-0.099923
-0.103763
-0.118769
-0.120363
-0.118787
-0.102082
-0.071794
-0.039390
-0.031346
-0.028182
-0.028971
-0.024355
-0.025031
-0.041528
-0.067628
-0.099215
-0.114854
-0.123424
-0.135445
-0.136811
-0.137964
-0.156772
-0.184208
-0.201000
-0.211145
-0.202544
-0.162029
-0.115525
-0.087836
-0.071699
-0.066662
-0.057117
-0.048385
-0.047333
-0.056704
-0.074742
-0.082132
-0.088338
-0.093006
-0.086469
-0.077463
-0.081495
-0.087699
-0.087485
-0.081525
-0.056814
0.002721
0.050653
0.076442
0.105555
0.135427
0.172081
0.218155
0.258502
0.280839
0.286126
0.293992
0.294973
0.293221
0.301958
0.320960
0.332230
0.343608
0.362954
0.385948
0.401618
0.405203
0.398119
0.357049
0.302046
0.250588
0.211139
0.191665
0.171440
0.131730
0.070386
-0.004301
-0.069845
-0.123837
-0.136228
-0.156426
-0.200664
-0.259648
-0.317916
-0.392066
-0.407699
-0.408430
-0.376125
-0.382800
-0.408858
-0.450551
-0.487213
-0.515342
-0.541803
-0.568178
-0.587367
-0.602363
-0.614575
-0.619016
-0.620647
-0.613700
-0.597313
0.000480
0.009963
0.022747
0.032218
0.038593
0.043175
0.046471
0.048803
0.050469
0.051658
0.052300
0.052551
0.052626
0.052461
0.052126
0.051833
0.045151
0.028721
0.010122
-0.007483
-0.026918
-0.046242
-0.061952
-0.074417
-0.089120
-0.110914
-0.094357
-0.067703
-0.050769
0.009823
0.049430
0.059166
0.075138
0.098660
0.128767
0.166573
0.203856
0.218722
0.199233
0.176052
0.144618
0.118343
0.086837
0.039322
-0.010891
-0.057618
-0.084548
-0.102174
-0.097481
-0.061353
-0.040576
-0.043288
-0.040928
-0.038121
-0.030184
-0.015129
-0.002609
-0.002321
-0.012900
-0.019188
-0.015669
-0.021045
-0.023617
-0.035983
-0.064185
-0.091353
-0.099129
-0.110181
-0.109314
-0.088898
-0.068770
-0.070877
-0.084485
-0.094383
-0.088906
-0.075497
-0.064164
-0.061319
-0.067883
-0.067187
-0.050519
-0.046208
-0.041758
-0.039994
-0.055379
-0.074728
-0.085349
-0.100855
-0.100444
-0.084872
-0.067379
-0.065474
-0.080738
-0.095330
-0.096372
-0.086538
-0.076134
-0.071782
-0.070242
-0.058368
-0.033146
-0.023802
-0.007423
0.006783
0.002646
-0.011755
-0.026568
-0.050024
-0.055905
-0.045647
-0.035053
-0.045752
-0.071683
-0.097988
-0.111389
-0.110383
-0.104363
-0.103249
-0.110415
-0.106378
-0.074332
-0.052558
-0.031825
-0.025858
-0.040010
-0.058975
-0.064741
-0.073385
-0.061865
-0.029298
0.001052
0.011400
0.001462
-0.013553
-0.006877
0.013947
0.027122
0.029710
0.026578
0.033752
0.035393
0.027074
0.026953
0.035830
0.029198
0.013744
-0.001164
-0.024357
-0.033558
-0.030161
-0.026521
-0.030092
-0.050173
-0.072386
-0.079724
-0.074128
-0.069217
-0.073565
-0.086173
-0.088716
-0.068386
-0.057067
-0.041606
-0.031756
-0.041827
-0.053820
-0.054390
-0.057940
-0.043417
-0.010048
0.019468
0.038591
0.040533
0.032740
0.041942
0.066897
0.080187
0.082822
0.075678
0.079556
0.078696
0.068155
0.062953
0.067851
0.059720
0.047216
0.036733
0.015415
0.005313
0.006982
0.007879
-0.001493
-0.027683
-0.053853
-0.063077
-0.059050
-0.057966
-0.068582
-0.090838
-0.104680
-0.096318
-0.094577
-0.087882
-0.080673
-0.091754
-0.109680
-0.114121
-0.119415
-0.104407
-0.069543
-0.032886
-0.001355
0.013350
0.017141
0.033366
0.061754
0.078472
0.084696
0.080433
0.085467
0.085783
0.077240
0.082842
0.086648
0.074741
0.051683
0.026697
-0.008671
-0.032504
-0.039933
-0.049521
-0.075230
-0.107522
-0.132295
-0.138524
-0.130430
-0.117691
-0.113986
-0.127501
-0.130935
-0.104645
-0.084314
-0.060151
-0.046953
-0.055819
-0.071428
-0.062182
-0.056505
-0.037824
-0.000594
0.043760
0.079268
0.101515
0.109221
0.122617
0.147330
0.167174
0.172371
0.162590
0.165016
0.158940
0.143498
0.131298
0.120039
0.107182
0.091662
0.073002
0.047993
0.035570
0.033389
0.030232
0.018259
-0.009069
-0.036265
-0.046694
-0.044768
-0.042478
-0.047063
-0.066344
-0.077510
-0.063098
-0.054545
-0.042848
-0.035755
-0.047868
-0.068743
-0.065665
-0.059954
-0.038937
0.000352
0.041670
0.074484
0.092114
0.096510
0.110799
0.137340
0.156374
0.163321
0.155499
0.161424
0.162663
0.155532
