0.000000
2.471236
2.477054
2.473751
2.462461
2.460973
2.459322
2.457055
2.454298
2.450499
2.445853
2.439609
2.431744
2.421569
2.408635
2.392374
2.372536
2.348411
2.287380
-7.544226
0.458328
1.378473
1.156367
1.115177
0.966151
0.250141
-2.715872
33.676647
50.699821
38.579365
26.264751
10.247829
0.000000
0.485368
8.743737
8.924129
1.889433
-0.451037
-1.009241
-1.493365
-21.580450
-8.929056
-2.911419
-8.572826
-3.731852
0.434275
0.500569
0.542082
0.091666
0.401888
67.342651
35.792679
0.000000
8.655933
5.297819
7.795663
13.565901
9.847725
5.894572
1.247040
-18.969864
-4.728138
-1.603486
-0.004820
-1.770176
-0.334703
-0.938306
-1.149952
-0.948355
-0.627157
3.310245
-3.529680
0.000000
1.803707
2.479708
2.413729
2.154131
2.061757
2.119802
1.749474
-2.669039
-2.717024
-4.791612
-1.104965
-0.698351
-0.395912
-0.760640
-1.009827
-1.011757
-0.378048
2.885172
34.920303
0.000000
3.432818
2.982556
5.048146
10.324430
11.277122
5.794932
-0.087753
-4.939342
1.783569
-1.083558
-0.241344
-0.052295
0.271313
0.032365
-0.409405
0.121290
0.457640
1.326008
27.165226
0.000000
2.441603
2.457342
4.155508
14.468160
15.100100
6.640919
0.395318
-10.521633
-1.069040
-0.735489
0.047235
0.071948
0.558569
-0.115921
-0.700429
-0.683603
0.486124
1.872504
35.226402
0.000000
2.466039
2.458390
3.248671
12.232469
13.463025
5.710648
-0.182217
-15.741582
-1.491373
-1.872568
0.079016
-0.381428
0.380577
0.051676
-0.659294
-0.603838
0.675404
1.462803
34.971718
0.000000
2.422569
2.393082
2.320593
9.078136
9.791739
3.545144
-0.306624
-19.627771
-2.097553
-2.221982
0.097244
-0.563759
-0.093228
0.250757
-0.494242
-0.500689
0.928404
1.667799
26.221750
0.000000
1.054139
1.347492
2.873851
7.980508
8.077212
2.860870
-0.416773
-18.529371
-2.269005
-2.210533
0.197418
-0.708710
-0.173224
0.327413
-0.366470
-0.297625
1.100721
1.398634
26.877476
0.000000
1.401255
1.700742
3.101497
7.291450
6.822435
3.038553
-0.352264
-18.114155
-2.383018
-2.185523
0.418339
-0.903023
-0.486792
0.392199
-0.213897
-0.225164
1.161390
1.155651
24.973644
0.000000
1.493732
1.698846
2.826342
8.201763
7.342720
2.651009
-0.321034
-19.214596
-2.665455
-2.333387
0.467489
-0.851566
-0.852551
0.383402
-0.204314
-0.168571
1.139847
1.061369
24.986382
0.000000
1.898817
2.245344
3.323764
12.037660
10.502895
3.073912
-0.260069
-14.973807
-2.442692
-2.269815
0.634460
-1.007870
-0.988808
0.282405
-0.228124
-0.162373
1.329313
0.873939
-9.590836
0.000000
1.869754
2.447158
2.724234
13.991641
13.248061
2.635196
-0.374668
-11.437373
-2.268301
-2.486933
0.342560
-1.326220
-0.934167
0.330793
0.017746
-0.007212
1.418985
0.770555
32.995087
0.000000
1.413037
1.977513
2.270882
12.555783
12.062197
3.047206
-0.190518
-13.816054
-2.561243
-2.271405
1.094463
-0.825388
-1.764781
0.045693
-0.193600
0.001118
1.382721
0.768170
0.031136
0.000000
1.979272
2.689823
3.408173
16.603384
15.687780
4.092157
-0.118339
-10.582951
-2.323044
-2.135345
1.161268
-0.944466
-1.276204
0.147973
-0.233359
-0.135548
1.336828
0.954499
-0.049380
0.000000
1.427261
2.176148
2.717312
16.720205
15.861016
3.626542
-0.197217
-12.227659
-2.404827
-2.350353
0.833302
-0.950647
-1.423589
0.197532
-0.067724
0.083921
1.395496
0.948404
36.015297
0.000000
2.222932
2.808174
3.548877
17.990057
16.501856
4.120484
-0.024771
-12.281661
-2.226721
-2.383976
0.905159
-0.863010
-1.521382
0.053790
-0.316177
-0.111469
1.416817
1.236395
-0.007096
0.000000
2.351330
3.012282
3.737817
17.854383
16.287428
3.824115
-0.165905
-10.729830
-1.933052
-2.519615
0.512581
-0.887557
-1.285834
0.116268
-0.215556
-0.081938
1.429617
1.124110
0.128514
0.000000
2.448940
2.981325
3.381135
18.154146
16.578274
3.738141
-0.106515
-11.396835
-2.254845
-2.418142
1.121847
-0.819757
-1.837213
-0.116727
-0.147932
0.073164
1.549683
1.030943
0.861966
0.000000
4.097565
4.187917
4.770287
18.222912
15.693650
4.823625
0.191069
-11.577299
-2.056284
-2.442547
1.017559
-0.881813
-1.653883
-0.130749
-0.490148
-0.206730
0.376436
0.646399
0.256133
0.000000
4.063909
4.166999
5.512232
17.640951
14.189656
2.153950
-0.543751
-14.589635
-2.427755
-3.074858
0.443884
-0.987959
-1.472854
0.197468
-0.142288
-0.246187
-0.575491
1.299082
0.188204
0.000000
2.642059
3.226073
4.998799
18.944508
17.490414
3.788414
-0.254729
-14.029314
-2.200018
-2.689869
0.656420
-0.671560
-1.207212
0.108820
-0.373485
-0.237556
0.463581
1.096728
0.246815
0.000000
1.684783
2.229182
3.943478
16.079689
14.308948
2.023749
-0.464686
-13.752173
-2.179445
-2.853504
0.450665
-0.985146
-1.366704
0.245409
-0.142849
-0.095217
1.363438
1.020997
0.413689
0.000000
1.979046
2.553256
4.384997
15.953109
13.157331
2.268870
-0.448222
-16.143482
-2.605377
-2.643072
0.746544
-0.860291
-1.748608
0.038422
0.075524
0.040930
1.353642
1.165743
39.551327
0.000000
2.335697
2.961571
3.508538
17.995586
16.137791
3.575513
-0.279835
-14.193222
-2.228643
-2.597276
1.010368
-0.569180
-1.656011
-0.156317
-0.052046
0.007208
1.050798
1.055820
39.971844
0.000000
1.995546
2.154550
1.667776
14.328064
13.561525
2.072603
-0.405641
-13.824242
-2.141388
-2.667572
0.651850
-0.714375
-1.563329
0.087367
-0.071775
0.019543
1.293570
1.147125
0.197803
0.000000
3.043840
3.647971
7.044355
21.017838
15.945541
3.133502
-0.264479
-13.276638
-2.162981
-2.856426
0.741278
-0.692656
-1.789843
-0.126389
-0.083927
-0.082230
0.936476
1.505393
0.255172
0.000000
2.988256
3.501315
4.913238
17.471357
14.605888
2.184175
-0.363638
-13.498699
-2.172689
-2.885142
0.800138
-0.598316
-1.852473
-0.144928
-0.109424
-0.149338
1.304209
1.327710
0.156362
0.000000
3.768549
4.250506
6.130868
19.907745
15.240778
3.058988
-0.250298
-14.392728
-2.094217
-2.910944
0.748360
-0.570410
-2.027174
-0.305087
-0.230091
-0.035587
0.701910
0.625372
-0.036751
0.000000
2.929368
2.645685
1.365225
11.030546
9.609987
0.842083
-0.599101
-15.734922
-2.419655
-2.593479
0.887291
-0.784519
-1.993417
-0.112362
-0.053493
0.087631
1.469139
1.108019
0.211355
0.000000
2.875069
3.137772
5.436013
16.458420
11.861460
2.164262
-0.443861
-16.944359
-2.493725
-2.617546
0.731012
-0.870239
-2.186942
-0.372284
0.416118
0.393036
0.886850
1.495908
20.576424
0.000000
3.527753
4.035757
6.420586
19.122173
14.618800
2.681033
-0.395809
-14.530211
-2.187693
-3.007482
0.638607
-0.474411
-1.659618
-0.072806
-0.184690
-0.172510
1.975925
1.555861
0.545038
0.000000
2.508098
3.001658
8.336120
20.645092
13.895620
1.363333
-0.518968
-15.065526
-2.897898
-3.133466
0.544096
-0.269928
-1.574768
-0.061941
-0.124687
-0.295841
1.828571
1.442541
0.507002
0.000000
2.445920
2.970680
7.887184
20.542192
14.347912
1.815872
-0.518144
-16.076698
-2.389383
-3.064545
0.616133
-0.157074
-1.715031
-0.192120
0.022776
-0.127644
1.613199
1.240751
39.866058
0.000000
2.399811
2.471673
4.308926
16.618624
13.792194
1.249131
-0.541608
-17.134876
-2.173248
-3.017083
0.746405
-0.315399
-1.854935
-0.323689
-0.032396
-0.232286
2.081518
1.437360
0.619111
0.000000
3.037915
3.395728
7.805111
19.335476
12.224816
1.485910
-0.517904
-18.659082
-7.154112
-3.523261
0.325682
-0.495396
-2.047650
-0.381431
0.579102
3.493486
1.662943
1.645885
43.560894
0.000000
4.277060
4.163446
5.175848
19.358109
16.062532
2.274817
-0.339388
-15.087008
-2.125618
-2.990242
0.885910
-0.122288
-2.077817
-0.591407
0.274349
2.654186
1.791218
1.241997
39.689293
0.000000
4.474140
4.126482
4.694259
16.454369
12.627939
1.114689
-0.482590
-15.030536
-2.206766
-2.966340
0.828655
-0.388252
-2.278484
-0.759726
0.295583
2.230467
0.914764
1.684155
0.342012
0.000000
4.930315
5.039409
7.142782
18.249067
11.980927
2.043738
-0.341510
-15.748574
-2.150171
-3.131073
0.718784
-0.568342
-2.703517
-0.762794
0.555031
4.969887
7.535040
1.444276
42.081303
0.000000
5.168952
4.848079
4.752185
15.950233
11.336229
1.380239
-0.468806
-15.269386
-2.388332
-3.009617
0.741133
-0.489981
-2.495739
-0.940500
0.479347
4.814997
2.710184
1.615993
45.359417
0.000000
5.003902
4.393641
3.415826
12.593625
8.569937
1.153969
-0.432906
-16.088722
-3.176949
-2.775174
1.020546
-1.000355
-2.972792
-0.747793
0.530564
3.608128
1.071459
1.707310
0.383473
0.000000
6.203424
6.292166
9.431660
19.494371
10.584322
2.266669
-0.326759
-14.995069
-1.860058
-3.043786
0.637634
-0.320471
-2.681946
-1.114328
0.253616
2.001736
2.210896
1.916548
0.607410
0.000000
5.757058
5.429896
7.073946
16.521049
8.729527
0.755437
-0.547676
-16.107306
-2.518679
-3.088398
0.744080
-0.572866
-2.572865
-0.548861
0.709778
6.483534
1.690752
0.860778
29.024027
0.000000
6.395177
5.328041
5.565491
15.330078
9.137634
1.242749
-0.501607
-21.478382
-7.521959
-3.169583
0.589722
-1.035055
-2.699803
-1.043338
0.478497
2.464092
2.129919
1.828324
0.979274
0.000000
6.795101
6.178108
9.268383
19.568285
9.515153
1.077808
-0.504706
-15.525254
-2.265139
-3.333044
0.791718
-0.243120
-2.542759
-0.790723
0.698967
4.096682
1.321243
1.752552
32.116703
0.000000
5.529963
4.340554
11.051379
22.609243
12.492233
0.914876
-0.456645
-20.022680
-13.515711
-4.391002
0.245001
-2.838579
-2.549627
-0.555806
0.657632
0.249695
0.417471
2.006733
30.620140
0.000000
7.772736
5.627378
8.494179
23.182119
15.531868
0.816477
-0.488674
-14.491650
-1.965656
-3.243868
0.684067
0.366863
-2.442372
-0.998743
0.565014
5.057762
1.016327
2.249393
36.678268
0.000000
6.799722
5.377574
4.852780
16.172951
11.510122
0.137980
-0.540178
-17.388853
-2.189608
-2.568653
1.164158
-2.635464
-3.001350
-0.824053
0.525240
4.668482
0.816858
2.610526
40.694672
0.000000
8.361913
6.959266
5.415319
17.318064
9.618353
1.096015
-0.403933
-9.596816
-1.563440
-2.843087
0.407578
-5.008448
-3.336375
-0.621188
0.531478
9.510475
1.670435
2.574823
-2.004593
0.000000
10.790741
9.115422
6.924429
15.035876
5.920467
1.827467
-0.294832
-9.234035
-1.018808
-3.097823
0.168795
-4.418531
-3.105811
-0.625670
0.337236
7.021826
-0.343512
2.592443
-1.665860
0.000000
11.564409
9.585654
7.952209
15.373633
5.955915
1.631755
-0.351117
-10.694938
-2.286478
-3.176378
0.051723
-6.167318
-3.204211
-0.621026
0.419026
5.728407
-0.563566
2.709326
-1.851376
0.000000
10.552334
8.933345
11.929467
20.403000
8.755487
2.063769
-0.254706
-10.294038
-0.993557
-3.946945
0.142387
-4.422722
-3.495807
-1.124331
0.571281
8.096226
1.340050
2.709595
-1.237250
0.000000
9.130523
7.707963
5.549186
13.777393
5.855429
0.715442
-0.465467
-9.960622
-1.360706
-2.807689
-0.940929
-6.238531
-3.452703
-0.942643
0.492911
4.744520
-0.127783
2.604012
-2.330038
0.000000
9.089643
8.060396
11.429265
18.543306
6.078083
1.477620
-0.467295
-13.028864
-2.351425
-3.623878
0.123581
-5.773228
-3.468535
-0.963096
0.583984
7.928331
1.381151
2.593013
-1.819118
0.000000
8.277820
7.085874
5.169448
12.471038
5.180210
0.820860
-0.470194
-11.849413
-1.860592
-2.293861
-1.563120
-7.813103
-3.975474
-1.134233
0.715191
6.315121
12.263962
1.890129
44.507843
0.000000
7.685029
6.022169
7.009400
14.353267
4.283816
-0.037757
-0.689488
-15.151720
-1.516016
-2.539544
-1.779337
-8.207428
-3.980608
-1.154063
0.889487
9.912378
1.444815
2.472600
-0.431881
0.000000
9.308838
7.293989
4.637475
8.707785
1.754462
-0.033485
-0.614150
-10.737049
-2.087677
-1.481116
-4.800295
-13.462891
-4.199621
-1.051782
0.853179
8.195408
1.660824
2.652553
-2.140527
0.000000
9.036434
7.725412
9.901092
15.799890
3.160060
0.241567
-0.618530
-14.311210
-2.775648
-2.774583
-2.833239
-9.466600
-3.743301
-0.734089
0.890196
8.309860
1.201294
2.181676
33.914486
0.000000
9.419577
6.767276
5.420392
14.392263
7.107549
-0.310646
-0.674664
-14.672779
-1.924866
-2.263390
-4.144833
-11.981272
-4.025389
-0.786223
0.833736
7.814657
0.860928
2.762078
-0.792372
0.000000
8.814449
7.378292
13.676166
23.548410
7.341463
0.475735
-0.515299
-9.904211
-1.231653
-2.701016
0.349707
-3.888796
-3.484028
-1.576127
0.550847
3.519823
6.598324
2.672926
-0.396590
0.000000
8.268133
6.125299
4.870857
11.427171
4.917016
-0.446853
-0.671377
-13.318785
-1.898838
-1.816133
-3.215178
-14.835249
-4.695986
-1.017336
1.500655
12.770075
11.123344
2.808997
55.870277
0.000000
8.383845
7.516919
13.379733
22.873589
6.390998
0.594232
-0.547024
-12.594481
-4.023102
-3.617511
-0.679296
-9.543308
-3.453310
-1.817111
0.548310
4.759949
9.265263
2.990395
0.058124
0.000000
10.707551
8.360103
4.625968
6.761601
0.592248
-0.653084
-0.707659
-10.704255
-0.909208
-0.958312
-8.810440
-16.010359
-5.092978
-1.214563
1.704438
14.814648
22.585794
3.768950
-1.066818
0.000000
12.102511
10.675224
7.509748
10.954049
3.503852
0.473487
-0.484742
-5.385384
-1.344595
-1.600454
-2.808403
-3.483349
-3.079979
-1.327314
0.753239
10.386551
7.810574
3.067022
63.958092
0.000000
13.355185
10.604236
6.301267
4.141640
1.301658
-0.785823
-0.683152
15.784609
-7.916866
-19.572287
-6.118170
-25.223133
-4.053581
-0.779291
0.454004
-1.317547
-0.924850
0.190397
55.277748
0.000000
6.889725
5.477711
3.741703
2.418451
0.115856
-2.424119
-0.716850
8.145899
10.879656
-6.671278
-20.195999
-18.887573
-8.536621
-0.386267
1.242129
-0.601368
-0.464615
32.205631
22.672899
0.000000
5.597877
5.893675
9.857561
14.338338
2.831024
-1.434245
-0.935899
-40.525002
-36.602058
-8.565052
-17.255655
-24.932850
-9.519077
-1.289574
-0.929899
0.013419
1.455019
19.521057
33.898777
0.000000
40.172260
23.102358
3.802406
2.587754
1.271731
-0.110309
-0.882518
-1.462235
-2.400996
-3.239192
-4.064606
-4.015440
-4.192636
-3.458776
-2.627786
2.471750
2.478041
2.476884
2.467619
2.467578
2.467069
2.466762
2.465524
2.463603
2.460929
2.456790
2.450927
2.443243
2.433010
2.419785
2.361811
-1.499616
0.850603
1.084853
0.866455
0.776583
0.600173
0.115501
-2.751757
26.304874
32.972168
20.966419
8.605433
20.625862
0.000000
0.241870
3.148581
2.874605
0.175142
-0.558215
-1.080404
-1.422459
-29.097828
-25.148989
-21.465687
-21.887133
-9.309856
-1.067200
-0.236956
0.486019
0.182968
1.979609
1.163488
35.030094
0.000000
1.860402
5.177066
3.419021
2.010105
1.437094
-0.838225
-1.270815
-39.654007
-34.427238
-3.733946
-22.694735
-23.780149
-4.288641
-0.344181
1.251120
-0.125435
-0.465988
2.327979
35.283615
0.000000
2.763859
2.370134
15.940243
15.517921
4.840685
-0.609957
-1.111369
-31.017559
-22.120785
-3.263199
-10.776783
-20.349686
-4.710291
-1.371275
1.322955
-0.129757
1.744650
2.689559
-1.270250
0.000000
2.330254
1.344876
14.402276
15.340885
4.589593
-0.646376
-0.919462
-28.915466
-19.140478
-3.485746
-9.615217
-19.349867
-4.595119
-1.349503
1.213549
0.617413
3.162138
2.102489
-2.339437
0.000000
4.469163
4.667892
17.461649
17.841742
7.928364
0.216173
-0.812675
-28.337414
-22.341108
-4.510826
-4.960363
-15.252491
-3.297739
-1.471422
1.157654
-0.205868
4.171694
2.245534
38.897514
0.000000
9.626451
6.124413
20.104992
19.892096
5.817415
-1.026128
-0.864498
-17.029539
-1.795490
-1.129978
1.318548
-3.335112
-3.271929
-0.976871
0.507226
-0.500662
3.495104
2.573236
0.185249
0.000000
7.280033
5.133288
17.756918
18.964937
7.024071
-0.139096
-0.813684
-29.341587
-22.269827
-4.455342
-10.032314
-20.624611
-4.648560
-1.285400
1.471661
3.314190
10.446125
2.881325
52.392124
0.000000
11.119828
7.702700
16.241669
19.470142
6.682886
-0.963202
-0.814951
-14.221316
-1.765173
-1.685968
-3.002628
-6.122065
-3.059254
-0.302027
0.618847
-0.676876
-0.430969
2.146660
0.649364
0.000000
5.886604
5.528879
19.469887
20.115101
5.654390
-0.387188
-0.857323
-28.726742
-20.504126
-3.753574
-9.275356
-23.108751
-5.023182
-1.408430
1.132298
2.389494
11.816345
2.924459
-0.643407
0.000000
9.889787
7.380439
13.410151
16.982134
6.043167
-1.217438
-0.881826
-13.456275
-1.569124
-1.720889
-9.924116
-19.054840
-4.383684
-0.981041
1.160048
-0.693085
-0.406069
2.200607
0.814852
0.000000
4.327013
11.153680
18.932362
18.108540
4.294587
0.482545
-0.987682
-29.651075
-21.794287
-4.913492
-10.089592
-20.424471
-4.159069
-1.621626
0.565518
0.117027
2.542662
1.807512
42.213993
0.000000
10.473445
8.401268
16.333775
19.018444
5.352552
-0.528538
-0.955234
-10.588793
-1.435274
-48.405415
-4.773346
-4.303288
-1.221436
-0.002532
0.399323
-0.611851
0.032120
1.661207
1.646407
0.000000
5.163600
6.144191
18.688606
18.825676
1.263335
-0.766913
-0.879371
-33.095364
-29.509512
-4.840961
-11.300602
-22.283821
-3.845518
-1.527813
0.767036
-0.113029
3.548288
1.819514
33.433430
0.000000
9.005392
7.827878
19.136278
18.610323
4.841365
-0.573893
-1.005328
-13.789713
-1.622021
-49.624809
