-6.589390
-2.186115
5.000304
2.182793
2.848978
3.634104
4.925916
6.062789
7.761786
0.494877
0.098104
-0.073375
-1.580101
-4.390431
-1.046980
3.097982
6.459320
3.812479
-2.566243
-0.512563
9.622764
20.006998
19.953682
18.707150
-0.067803
0.000007
0.000008
0.000009
0.000003
0.000004
-0.000001
-20.060005
-20.059986
-20.059875
-19.947872
-15.593963
-11.032689
-2.799750
5.054665
8.734721
14.040022
9.530685
4.776571
16.323843
19.928753
1.371798
3.174399
3.884580
4.719151
7.276903
6.917981
-17.370846
-13.656754
-18.646038
-19.519785
-17.275209
-8.155091
-0.877983
1.662503
-4.937085
-7.619721
-4.219583
-1.875736
1.218930
2.620650
4.424387
5.880871
7.369266
9.332401
10.707351
11.179704
-17.616362
-12.826136
-5.831612
-2.818199
-5.669342
-6.386168
-11.117856
-11.197128
-11.498407
-8.322534
-2.546996
-0.868557
0.826294
4.478839
5.156886
10.688564
18.172411
14.169991
7.722118
6.691778
-1.999326
17.145100
-3.316273
-2.696068
-2.235859
-20.057854
-15.047434
-6.617008
-6.347954
-8.714545
-9.305978
-10.377470
-7.447380
-4.988211
-1.628851
4.154300
11.753764
15.490366
17.269817
-2.964575
-3.527836
-3.649109
-2.986495
-3.222513
-2.728070
-0.602405
0.478385
0.665428
-8.622420
-3.932491
-1.499475
-0.283576
-0.319610
-4.031708
-4.369480
-3.060862
0.833128
4.787830
10.836333
16.395321
16.686949
8.015796
5.865551
-4.026698
-3.964067
-4.203776
-1.756053
-0.516628
0.059681
-11.270318
-7.248506
-7.080817
-6.752710
-7.434024
-6.366428
-4.915859
-2.911096
1.463036
7.491578
11.828605
13.530559
13.697579
7.959436
6.087190
7.273969
-2.808200
-3.468348
-1.418843
-0.112602
-16.621029
-10.760994
-6.667807
-4.831641
-3.677711
-5.673642
-4.165155
-2.837131
1.235078
6.605981
9.827146
11.899351
16.525202
13.451307
5.636971
6.348083
-3.988696
-4.128379
-3.077076
-1.340620
0.181992
-10.386221
-10.517947
-9.305948
-5.134650
-4.731589
-6.604575
-5.480169
-4.045410
-2.570067
2.330073
9.008586
14.557474
15.239142
14.879728
8.124071
4.233596
-3.283685
-3.245213
-4.087396
-1.637399
0.117376
-14.166498
-8.702587
-7.084287
-6.369211
-4.099344
-4.779181
-3.857762
-3.034600
-0.011545
5.413246
10.408164
11.914451
16.887157
14.749232
3.690817
-4.197942
-3.899721
-4.273584
-3.887252
-2.062115
-0.982243
-6.836078
-10.366722
-8.005042
-5.472921
-3.360202
-4.955419
-3.903567
-2.834780
1.005327
6.883308
11.345227
12.603082
13.788481
3.610090
-3.992399
-3.597742
-4.143793
-2.975850
-1.129091
0.360729
0.945455
-10.968697
-7.139688
-6.517063
-4.642864
-4.167655
-3.354134
-2.740084
-1.199196
3.389050
9.485759
13.148211
14.843060
12.082108
2.849638
-4.167676
-2.687870
-3.969019
-2.530646
-1.139646
0.369587
-7.661943
-11.035509
-7.857051
-6.417455
-4.366630
-3.452064
-2.485779
-1.666608
1.248442
7.181076
11.043800
13.614800
16.462809
6.586874
4.231817
-3.546942
-3.759128
-3.889268
-1.913930
-0.476266
0.124933
-14.122433
-8.911134
-6.164829
-3.145120
-3.769618
-3.507400
-2.943558
-1.159777
4.126567
9.733763
12.199096
13.488556
11.957176
3.378533
-3.725137
-3.592079
-3.936234
-2.304227
-0.777894
0.363280
-10.859870
-9.169749
-7.395124
-4.542089
-2.646735
-3.985381
-3.491333
-2.533396
-0.519208
6.002456
12.888386
14.994269
15.372247
7.807750
-5.383293
-3.110965
-3.639327
-4.217857
-2.176518
-0.721709
0.305702
-11.860168
-7.932366
-6.427405
-4.786790
-3.220924
-3.010995
-2.898846
-1.526590
3.303550
9.120943
11.040898
15.200930
14.053919
2.494474
-3.822488
-3.580206
-4.100150
-3.573493
-2.055382
-0.778121
-6.536537
-8.619035
-5.506433
-5.020642
-3.278472
-3.578063
-3.198879
-2.559533
0.015852
6.404387
12.084531
14.261275
11.824130
0.681985
-3.072899
-2.765913
-3.428647
-3.567877
-2.079957
-0.755788
0.187469
-8.747862
-3.592675
-3.513861
-2.237496
-2.602854
-2.371552
-2.133527
0.575110
7.047544
11.026132
12.525360
9.746967
-3.678082
-2.587023
-2.167218
-2.874902
-3.400959
-1.796690
-0.603493
0.309110
-7.679451
-2.611956
-2.576234
-1.686475
-1.509027
-1.742912
-1.595930
1.037320
6.980733
10.696957
10.987619
-1.462386
-1.794796
-1.774457
-1.180789
-2.070017
-2.773372
-1.342851
-0.032726
0.550089
-9.318843
-4.657624
-3.674526
-2.676874
-2.118949
-1.759369
-1.580443
1.064361
6.761015
10.745932
10.445480
15.115093
3.655032
-3.724278
-2.799145
-3.393473
-3.745783
-1.681444
-0.262669
0.400155
-10.579670
-6.145725
-4.905133
-2.563309
-1.935393
-2.328994
-2.349573
-0.575922
5.046129
11.091658
11.000193
16.938486
6.955079
-4.115551
-2.925814
-3.184588
-3.529761
-1.590864
-0.221301
0.766862
-10.744735
-7.384078
-5.531629
-3.069723
-2.500639
-3.261290
-3.100807
-1.866585
1.666658
8.704335
13.404164
15.093080
12.220541
2.240725
-3.769613
-3.509012
-4.132415
-2.912560
-1.392412
0.014397
-6.719092
-9.347886
-5.718966
-5.036701
-3.626553
-3.200159
-2.696852
-2.007838
0.733308
7.302881
11.204228
12.586026
13.787528
3.014997
-3.889451
-3.378157
-3.548811
-3.544132
-1.735450
-0.373993
0.431486
-10.281771
-5.066494
-4.602953
-2.953455
-2.521429
-2.321164
-2.142105
0.041719
6.144236
11.513181
12.691740
13.541147
2.659331
-2.767447
-2.025275
-2.644460
-3.303982
-1.856678
-0.356362
0.424586
-10.289218
-5.782447
-4.891200
-3.544368
-2.795300
-2.205185
-2.238505
-0.727381
4.072336
10.785849
11.169613
16.076178
6.590181
-4.088877
-2.914666
-3.098496
-3.504141
-1.674937
-0.254836
0.683451
-11.019495
-7.252148
-5.630937
-4.404924
-2.647086
-2.216243
-2.331167
-1.050522
3.202575
9.940503
11.680111
16.318960
10.646123
2.302618
-3.375355
-3.388443
-3.819525
-2.177515
-0.743017
0.430568
-10.523407
-8.985495
-6.571308
-5.615318
-3.274074
-2.848999
-2.503623
-1.573798
2.291463
9.052352
11.836327
12.752873
13.372426
1.829749
-3.871675
-3.528984
-3.889853
-3.530091
-1.789187
-0.318509
0.095487
-10.396385
-5.980022
-4.950238
-3.155187
-2.150562
-1.587039
-1.456771
0.965482
7.764747
11.810994
13.155213
14.082022
-3.274034
-2.785573
-2.148515
-3.126391
-3.767147
-1.636953
-0.146198
0.569287
-9.784019
-6.283708
-5.043690
-2.840178
-2.360213
-2.480336
-2.499159
-0.829307
4.626302
10.944673
11.768949
17.058708
7.869368
-4.248913
-3.094754
-3.384415
-3.720223
-1.698486
-0.370145
0.699662
-11.272282
-7.583683
-5.996249
-3.885074
-2.398327
-2.752010
-2.765620
-1.477200
2.759133
9.794582
12.378980
16.008520
12.139223
1.929600
-3.860688
-3.709450
-4.077377
-2.614510
-1.282682
0.459210
-6.672819
-9.441827
-6.307994
-5.219378
-2.970583
-2.840178
-2.392565
-1.744964
1.208889
8.177768
11.628426
12.390311
13.550434
2.109156
-3.874612
-3.480244
-3.924967
-3.829110
-2.035058
-0.622905
0.272068
-9.670712
-4.805535
-4.290629
-2.726119
-2.308273
-2.086662
-1.988957
0.507459
6.721740
11.358311
12.013131
12.530614
-3.139006
-2.544285
-1.906473
-2.759561
-3.445575
-1.874127
-0.388371
0.514529
-9.315580
-4.989201
-3.932398
-2.821449
-2.110690
-1.641309
-1.680061
0.606902
6.101845
11.135571
11.516368
13.030926
2.524828
-2.972902
-2.274642
-2.825634
-3.441658
-1.719527
-0.296178
0.427848
-10.522360
-5.757669
-4.689542
-3.406900
-2.436151
-1.716626
-1.809098
0.003502
5.243446
11.580585
11.220999
14.851171
5.177375
-3.817286
-2.673339
-3.041689
-3.686586
-1.775857
-0.288859
0.564304
-11.195245
-7.626285
-5.920101
-4.358648
-2.515832
-2.046331
-2.130833
-0.537953
4.381566
11.021666
11.483634
17.227753
9.227061
-5.636791
-3.711555
-3.736711
-3.950847
-2.010754
-0.483416
0.497039
-10.482540
-9.223360
-7.095750
-4.321773
-2.177449
-2.755159
-2.496634
-1.269751
3.377298
9.801390
11.644132
15.833288
14.426889
2.575810
-4.574995
-4.160979
-4.218225
-3.272779
-1.619113
-0.290130
-7.015332
-9.669203
-6.236626
-4.123425
-1.918868
-3.259657
-2.931992
-2.286624
0.518130
7.955489
12.313962
13.704886
13.257337
-5.236842
-3.669760
-3.350021
-3.989714
-3.881157
-2.122821
-0.742904
0.213667
-7.837865
-3.302545
-3.197997
-2.051991
-2.216779
-2.169425
-2.070545
0.470778
6.461704
11.050687
11.151752
10.696874
-2.941241
-2.417298
-2.023149
-2.779578
-3.363837
-1.869357
-0.586845
0.518178
-7.495075
-2.513249
-2.467430
-1.481995
-1.708351
-1.872702
-1.646749
1.441821
7.151660
11.217016
10.824934
-3.021673
-3.008350
-2.329808
-1.860272
-2.466166
-2.924895
-1.524493
-0.240254
0.721564
-7.868778
-3.482649
-2.947131
-2.024762
-1.405221
-1.247942
-0.910286
2.412837
7.916282
10.574577
11.531981
0.514107
-2.621550
-2.126359
-1.691699
-2.436639
-2.803918
-1.268833
-0.022568
0.803838
-8.749890
-4.017587
-3.512615
-2.431310
-1.665317
-1.371987
-1.019742
2.358960
7.994708
11.337468
11.630885
11.475112
-3.098643
-2.527820
-2.103646
-2.998874
-3.344984
-1.431124
-0.151196
0.665944
-9.198812
-4.050722
-3.707882
-2.657559
-1.966886
-1.257591
-1.414086
1.219639
6.789917
11.755131
12.002821
12.963923
-2.909126
-2.874861
-2.211473
-3.103146
-3.648486
-1.876593
-0.426226
0.431969
-9.252563
-4.886786
-3.790089
-2.728744
-2.035912
-1.430256
-1.564218
0.863643
6.166387
11.242620
11.363567
13.782878
2.559302
-3.039939
-2.342078
-3.115452
-3.643929
-1.740743
-0.321874
0.516933
-9.737638
-5.138321
-4.044457
-3.030347
-2.371047
-1.773299
-1.873293
0.250574
5.522878
10.738108
11.055113
14.151478
3.902231
-3.759640
-2.924405
-3.378728
-3.787504
-1.749480
-0.278496
0.536938
-9.947515
-5.370812
-4.287826
-3.216254
-1.930379
-1.948350
-2.125039
-0.457107
4.841310
11.033379
10.461389
15.734159
5.841689
-3.999969
-2.866261
-3.214690
-3.630839
-1.761978
-0.257863
0.666893
-10.433881
-6.844866
-5.004622
-4.000311
-2.450299
-2.146624
-2.329850
-0.654216
4.297423
10.250170
11.209191
16.769831
8.033452
-4.379633
-3.681878
-3.682241
-3.918078
-2.003395
-0.545187
0.429566
-11.777987
-7.689068
-5.871774
-4.338530
-2.323502
-2.459934
-2.570774
-1.097277
3.758686
10.702682
11.827737
16.271931
9.425200
-5.653461
-3.677634
-3.772765
-4.134194
-2.192115
-0.651874
0.521040
-10.224926
-8.781125
-6.391981
-4.809831
-2.252942
-2.537173
-2.383866
-1.304894
2.812731
9.631937
11.989318
16.018072
11.851048
1.936966
-4.183170
-3.978216
-4.283520
-2.762599
-1.188887
0.223380
-6.705003
-9.720935
-6.394736
-5.374221
-2.546707
-2.751925
-2.371842
-1.651931
1.625195
8.497817
11.596779
12.812655
12.905807
2.026177
-4.140627
-3.811239
-4.259584
-3.391840
-1.715477
-0.193431
0.539050
-9.545923
-5.210367
-4.576322
-3.190527
-2.324651
-1.930877
-1.770832
0.912087
7.337999
10.936592
13.452436
11.249259
0.449788
-3.542335
-3.134439
-3.676791
-3.744515
-2.160580
-0.855144
0.281347
-7.822844
-3.033942
-2.714914
-1.876622
-1.693818
-1.720143
-1.597186
1.157267
6.736104
11.000959
10.923880
6.252441
-2.779177
-2.075702
-1.706819
-2.591829
-3.034751
-1.660706
-0.341973
0.737748
-8.063261
-3.324804
-2.998779
-1.872418
-1.985951
-1.715247
-1.441783
1.828672
7.520264
10.753637
11.297613
10.145983
-3.612240
-2.582810
-2.095791
-2.747979
-3.161397
-1.562935
-0.276715
0.693383
-8.655600
-3.890432
-3.442652
-2.309170
-1.674895
-1.441742
-1.028213
2.454954
8.026580
11.161542
11.725734
11.285471
-2.944882
-2.451794
-2.001541
-2.908484
-3.192619
-1.441137
-0.180729
0.818100
-8.729578
-3.701034
-3.295118
-2.119566
-1.823543
-1.467914
-1.262008
1.785068
7.237370
10.933052
12.623590
11.103704
0.512385
-2.631130
-2.225258
-3.159296
-3.493589
-1.867702
-0.642778
0.516451
-8.925704
-3.821209
-3.710601
-2.518769
-2.142843
-2.025927
-1.816549
1.075479
7.160285
10.735229
11.791598
11.192393
-3.412044
-2.764354
-2.338595
-3.148129
-3.639494
-2.039563
-0.846169
0.459690
-8.119006
-2.836693
-2.852580
-1.779467
-1.947627
-1.978368
-1.809992
1.099028
7.024233
10.513754
11.026351
10.664579
-2.826792
-2.244202
-1.811927
-2.618354
-3.116826
-1.741730
-0.482095
0.500883
-8.197038
-2.955265
-2.833102
-1.881040
-1.825463
-1.885544
-1.608489
1.427199
7.295744
9.726068
10.912830
10.127362
0.103814
-2.703493
-2.210826
-2.977159
-3.391781
-1.756453
-0.511634
0.539653
-8.379486
-2.963657
-2.776327
-2.099334
-1.628278
-1.448396
-1.478635
1.314160
6.721008
10.086137
10.583405
12.092745
-2.647130
-2.348080
-1.678061
-2.612031
-3.282712
-2.044571
-0.568629
0.439162
-9.281172
-4.716791
-3.691171
-2.722443
-2.281967
-1.815400
-1.644767
1.316469
6.939991
10.547497
11.559366
13.506467
2.003897
-3.911952
-2.997193
-3.742328
-4.174345
-2.195649
-0.788966
0.296939
-9.145131
-4.884187
-3.728411
-2.724542
-2.123927
-1.655898
-1.680182
0.856005
6.196179
11.117579
11.677505
13.649379
2.367670
-3.137691
-2.419071
-3.371397
-3.925530
-2.131119
-0.846459
0.353719
-8.619382
-4.491248
-3.570807
-2.695454
-2.465008
-2.020997
-2.065163
0.300476
5.639463
10.343474
12.056726
13.485660
2.854150
-3.744748
-2.936328
-3.659436
-3.817018
-1.908969
-0.582320
0.536381
-8.346251
-3.849007
-2.828139
-2.206302
-1.844935
-1.930410
-2.055015
0.183573
5.241528
10.340963
11.174622
13.782081
3.319321
-3.411035
-2.631345
-3.448329
-3.934650
-1.947638
-0.560378
0.413328
-8.590524
-3.891831
-2.989276
-2.404708
-2.157934
-2.246719
-2.358269
-0.329757
4.648381
10.301669
11.475154
14.022710
4.138118
-3.801755
-2.913154
-3.466624
-3.936400
-2.055238
-0.568224
0.300637
-8.796037
-3.765069
-2.806715
-2.363227
-2.058470
-2.420857
-2.557086
-0.694803
4.283904
9.923895
10.882835
15.188787
5.759254
-4.030020
-2.864019
-3.418652
-4.036489
-2.203187
-0.465900
0.719801
-9.027342
-5.357464
-3.343637
-2.950841
-2.170335
-2.168481
-2.341299
-0.550550
4.828349
9.416940
10.601330
16.548231
7.850358
-4.962971
-3.306095
-3.584216
-4.140480
-2.145344
-0.578885
0.330068
-10.187909
-6.582080
-4.700605
-3.420880
-1.770176
-3.117758
-3.302254
-1.685092
3.801133
9.748143
11.015788
13.373094
11.041385
3.459236
-4.132484
-4.103232
-4.440013
-2.360388
-0.890774
0.467687
-9.699441
-8.265320
-5.962148
-3.710733
-1.847999
-3.698600
-3.526367
-2.285347
2.591060
8.490689
12.091551
14.640153
13.703129
3.385462
-5.119104
-4.471678
-4.780758
-3.146519
-1.614788
-0.134367
-6.576130
-8.929354
-5.367378
-5.106029
-3.018393
-3.447430
-3.162074
-2.419783
0.190813
7.419844
12.665893
12.195400
12.476652
2.689626
-4.247831
-3.793313
-4.217249
-4.080399
-2.383231
-0.970504
0.075304
-8.098400
-3.307251
-3.031776
-1.966170
-2.031462
-2.066430
-1.790308
1.141736
6.920177
9.848665
11.096251
10.467701
-3.641743
-2.667869
-2.257528
-3.151831
-3.610579
-2.091214
-0.961090
0.612108
-7.176472
-2.354107
-2.332808
-1.306149
-1.811127
-1.985583
-1.549177
1.998395
7.131819
10.708442
11.520063
-0.153012
-3.344403
-2.452407
-1.960585
-2.666858
-3.066340
-1.619008
-0.317632
1.209376
-8.076522
-3.177405
-2.797858
-1.740272
-1.540949
-1.489741
-0.844206
2.930775
8.404244
9.244267
11.721797
9.608462
-3.294947
-2.372116
-1.905081
-2.724448
-3.040701
-1.444447
-0.326285
0.861789
-9.243173
-4.071659
-3.652443
-2.472148
-2.163830
-1.513757
-0.926433
2.913146
8.725211
10.341808
12.320053
11.156670
-4.521723
-3.159944
-2.610162
-3.329640
-3.403870
-1.644116
-0.383550
0.938107
-9.177021
-3.875405
-3.489571
-2.290313
-2.067302
-1.539570
-1.086804
2.362340
8.001827
10.756717
12.261859
11.827125
-4.226076
-3.028977
-2.566940
-3.468686
-3.708798
-1.995832
-0.734630
0.507341
-8.598963
-3.437232
-3.384985
-2.307127
-2.313077
-2.027388
-1.629039
1.735081
7.092410
10.926774
12.078907
10.179798
-4.167571
-3.163961
-2.604351
-3.319811
-3.582429
-1.884102
-0.716480
0.714462
-7.605431
-2.579020
-2.495490
-1.700590
-1.551432
-1.642223
-1.295226
1.804839
7.371383
9.445051
11.300398
10.815818
-3.117637
-2.486260
-2.056065
-3.069368
-3.513294
-2.029772
-0.850766
0.533794
-7.703209
-2.444434
-2.650406
-1.737909
-2.233191
-2.179840
-1.772877
1.470188
6.689164
10.603358
11.929793
10.755046
-3.935000
-2.908494
-2.386142
-3.194137
-3.580815
-1.930880
-0.719344
0.715572
-7.255785
-2.145547
-2.175363
-1.547261
-1.596067
-1.859702
-1.520551
1.464791
6.985505
8.833617
11.014304
11.243800
1.627615
-2.502091
-2.081252
-3.143582
-3.618633
-2.147355
-1.146103
0.304065
-7.671093
-2.269826
-2.658102
-1.911192
-2.540794
-2.552222
-2.098541
1.044919
6.638192
10.395300
11.763307
10.678577
-4.260458
-3.307756
-2.690908
-3.278783
-3.417791
-1.974973
-0.711243
0.734801
-6.952399
-1.870923
-1.949175
-1.489226
-1.440007
-1.841494
-1.496360
1.386378
6.523430
8.939600
11.388928
11.010432
-2.629031
-2.433100
-1.998941
-3.045494
-3.581854
-2.108863
-1.130615
0.383606
-7.583245
-2.120861
-2.629582
-2.031923
-2.613098
-2.681711
-2.199904
0.857849
6.665230
10.503443
11.565770
9.395236
-4.706411
-3.443828
-2.748056
-3.125810
-3.179525
-1.647754
-0.627794
0.988469
-7.026947
-2.055366
-2.026983
-1.605836
-1.386797
-1.692429
-1.301934
1.645072
6.766937
8.583751
12.234850
11.615388
1.794544
-2.372117
-1.953921
-3.080587
-3.621778
-2.209280
-1.283253
0.173622
-7.926510
-2.256190
-2.712944
-2.231956
-2.873794
-2.971755
-2.442736
0.627707
6.214199
10.191422
11.669073
9.909940
1.032226
-3.553803
-2.873722
-3.311974
-3.420500
-1.987101
-0.770247
0.740420
-7.271147
-2.034817
-2.221421
-1.770984
-1.810531
-2.109477
-1.680411
1.348392
6.657422
8.806222
11.615922
11.874815
-4.182670
-2.633946
-2.170108
-3.203048
-3.758995
-2.340297
-1.149850
0.300091
-7.081110
-1.683728
-2.329310
-1.955109
-2.561472
-2.750294
-2.251837
0.762896
6.088352
9.878817
11.350448
8.656849
0.997449
-3.154841
-2.524399
-2.964244
-3.134217
-1.813699
-0.503041
1.056302
-7.493872
-2.477455
-2.684572
-1.992302
-2.229883
-2.434382
-1.696966
1.766366
6.799391
8.973233
11.766908
10.594823
1.906452
-3.001899
-2.420660
-3.163128
-3.446366
-2.002122
-0.687755
0.864828
-8.011457
-2.597887
-2.835228
-2.043808
-2.381539
-2.338376
-1.716391
1.671694
6.461206
9.324262
11.443763
11.438901
2.152092
-2.963548
-2.441941
-3.357023
-3.831423
-2.252551
-1.045897
0.490169
-7.408652
-1.988043
-2.437565
-1.951924
-2.453784
-2.544166
-2.020413
1.082724
6.180784
9.462718
11.297281
10.546382
-3.710195
-2.990005
-2.435853
-3.165064
-3.500317
-2.138370
-0.854376
0.775876
-7.009552
-1.854635
-2.326199
-1.815671
-2.425081
-2.522835
-1.893134
1.365303
6.486072
9.200543
10.907593
9.941720
-3.680733
-2.933031
-2.351985
-2.937854
-3.138986
-1.844611
-0.554525
1.088263
-7.238589
-2.355583
-2.639058
-2.077196
-2.348594
-2.347827
-1.593593
1.824690
6.587297
8.498161
10.750736
10.760712
2.432295
-3.053558
-2.482288
-3.182379
-3.400493
-1.876330
-0.634003
0.975923
-7.759857
-2.559649
-2.876819
-2.226601
-2.608697
-2.484364
-1.762339
1.623026
6.756199
8.942508
11.460032
10.027674
2.052718
-3.043764
-2.468209
-3.147257
-3.327058
-1.836077
-0.715437
0.995392
-7.754893
-2.569117
-2.879669
-2.233999
-2.606349
-2.531001
-1.807364
1.515101
6.505575
8.737072
11.350367
10.542410
2.351995
-3.058347
-2.504711
-3.290892
-3.560160
-2.053412
-0.753838
0.847364
-7.987690
-2.592420
-2.893583
-2.259165
-2.681445
-2.707417
-1.978763
1.368208
6.338714
8.940424
11.014412
10.219023
2.250470
-3.194345
-2.605608
-3.232146
-3.384571
-2.015699
-0.639803
0.977515
-7.535195
-2.430019
-2.743598
-2.204418
-2.611880
-2.571352
-1.835186
1.436687
6.338223
8.539994
10.756407
10.686716
2.592321
-3.050392
-2.506918
-3.253576
-3.232635
-1.552197
-0.472668
1.271010
-7.916335
-2.843242
-3.061729
-2.526259
-2.842006
-2.743189
-1.960604
1.300557
5.949313
8.734573
11.059047
11.011924
2.901238
-3.563789
-2.905085
-3.572576
-3.524414
-1.744256
-0.676431
0.718066
-8.420622
-3.248753
-3.327299
-2.819856
-2.937796
-2.785449
-2.013153
1.177500
5.749565
9.071782
10.159754
11.470768
3.090252
-3.824091
-3.120949
-3.698505
-3.423529
-1.781253
-0.429496
0.852680
-8.579093
-3.465409
-3.499386
-2.999861
-3.034136
-2.901169
-2.159439
0.856982
5.420012
9.203747
10.858416
11.904455
3.431602
1.916187
-3.269131
-3.790054
-3.873283
-2.227930
-0.903515
0.299065
-8.730392
-3.030619
-3.205524
-2.554062
-2.925385
-2.997016
-2.342195
0.585406
5.390824
9.361679
10.755587
10.823417
2.780854
-3.632316
-2.929271
-3.517012
-3.782762
-2.291691
-1.035534
0.520063
-7.414529
-1.846893
-2.338481
-1.971614
-2.456343
-2.749124
-2.181880
0.802584
5.510755
8.900618
10.892448
9.401783
2.377499
-2.879797
-2.316108
-3.031000
-3.317082
-1.824247
-0.549880
1.095272
-7.789568
-2.399184
-2.758657
-2.113023
-2.922168
-3.053483
0.000000
-5.539406
1.896962
3.525367
4.257482
4.958541
-9.133180
-10.910671
-2.319718
-0.587950
-0.942717
1.718785
7.336032
8.901923
6.737893
3.462368
5.464992
3.948083
4.101888
6.996086
3.657619
3.662032
5.153805
10.535737
16.012440
20.051462
-18.388971
-19.205484
-16.594681
-13.992723
-12.320471
-10.209495
-12.345194
-8.858164
-0.242168
1.828409
3.855405
6.598954
15.718613
12.570001
-1.518979
-0.433987
-9.986302
-6.516766
-3.890531
-1.940707
0.033031
-17.884212
-11.776318
-3.794495
-2.219892
-4.558294
-7.951175
-9.039618
-6.375195
-0.343110
5.795518
7.401771
8.507073
14.531691
7.451361
0.557205
-8.377144
-7.208147
-5.928349
-3.603454
-2.059548
-0.863822
-9.765962
-6.139282
-2.803432
-1.439231
-3.024902
-4.794014
-4.832936
-3.404317
-0.818019
6.088657
12.696744
15.125080
13.811935
-6.156355
-4.382936
-3.877812
-4.281854
-3.346539
-1.485454
-0.293033
1.193389
-7.060857
-2.056633
-2.229787
-2.271173
-3.784089
-4.103256
-3.410594
-1.046709
4.270700
9.620667
12.324201
12.889736
3.391152
0.669984
-3.872655
-4.074675
-4.409625
-2.411228
-1.228633
0.090743
-9.202494
-3.996497
-2.863658
-1.913940
-1.895115
-2.125204
-1.670096
1.335315
6.287866
7.904282
9.331462
13.359364
4.267385
-4.059337
-2.790804
-3.587676
-4.419085
-2.525758
-1.324900
0.084553
-8.707355
-3.710942
-3.123636
-2.618356
-2.985361
-2.795639
-2.475372
0.258312
4.845805
9.557959
10.934229
13.642327
3.162299
-4.468876
-3.376554
-3.754512
-3.936330
-2.503015
-1.063411
0.568373
-7.453886
-2.945700
-2.258650
-2.158808
-2.113124
-2.243928
-2.026959
0.583139
5.286087
8.431243
8.532627
13.398152
3.641903
-3.506698
-2.521616
-3.252141
-3.735926
-2.148209
-0.907288
0.471645
-8.251686
-3.933616
-3.023788
-2.347533
-3.091730
-2.840363
-2.397030
0.394380
5.673076
9.246917
9.496742
11.795004
2.935110
-4.724388
-3.608357
-3.696238
-3.810699
-2.034983
-0.790447
0.799441
-6.821013
-3.015105
-2.124362
-2.028634
-1.259820
-1.362950
-1.315984
1.179193
5.601761
8.512985
7.798294
15.059927
4.327657
-3.201291
-2.081164
-3.022659
-4.178948
-2.573879
-1.176099
0.109306
-9.400731
-4.067430
-3.718816
-3.739594
-4.066783
-3.726387
-3.240256
-0.812673
4.851588
10.342274
11.239305
11.818655
4.152709
2.552455
-4.063204
-3.956815
-4.010598
-2.189897
-1.019111
0.663001
-8.761598
-4.207805
-2.821197
-2.351283
-1.892877
-1.937605
-1.664780
1.015263
5.435073
7.867696
8.864307
15.188740
6.035641
3.293286
-3.029078
-3.691355
-4.484094
-2.476375
-1.280923
-0.111735
-9.393003
-3.928873
-3.267532
-3.308202
-3.733751
-3.575335
-3.219585
-1.141989
3.671019
10.053649
11.793228
12.906380
4.371869
-5.138364
-3.975368
-3.835473
-3.913618
-2.295389
-0.924378
0.784342
-7.886158
-5.019682
-2.948071
-2.634411
-2.509092
-2.752376
-2.399359
0.046677
4.858201
6.547490
8.356421
14.762786
6.964031
2.842838
-3.795403
-3.988056
-4.410337
-2.213014
-0.952775
0.368508
-9.274316
-5.297426
-3.009020
-2.865226
-2.846058
-2.801609
-2.647073
-0.496831
3.623488
7.383265
9.761290
15.931408
8.054216
3.129103
-4.749172
-4.290411
-4.209826
-2.373142
-0.957097
0.380349
-9.762725
-5.899992
-3.853749
-3.873917
-3.902038
-3.506924
-3.400559
-1.555623
3.169518
8.475094
10.911394
13.182329
7.774009
2.943654
-4.392621
-4.014555
-3.943171
-2.191253
-0.651371
0.518175
-9.513187
-6.346346
-3.683250
-3.520294
-3.092427
-2.881804
-2.792836
-0.813692
3.574290
7.127687
9.068281
13.381828
10.046391
2.917624
-4.504850
-4.238262
-4.325931
-2.115868
-0.679201
0.729905
-8.789485
-7.519414
-4.133183
-4.003796
-2.565560
-2.539304
-3.002053
-1.399391
3.232214
6.659542
9.553209
14.477828
10.320931
4.859067
5.571724
-4.671930
-4.775411
-2.806600
-0.957812
0.251751
-10.139057
-8.152409
-5.425746
-4.767625
-2.562210
-4.186860
-4.439781
-3.133123
1.303256
5.977991
11.802693
12.531495
13.665874
8.363364
5.210314
-4.821043
-4.952799
-4.882398
-2.799872
-1.371796
-0.305078
-9.819719
-4.839003
-4.778932
-4.139904
-4.201864
-4.066290
-3.346028
-1.145000
4.181537
10.802909
12.707068
13.771467
4.327708
-5.258863
-3.837137
-4.094394
-4.236981
-2.698849
-1.123597
0.246794
-8.462061
-3.586749
-2.856006
-2.328894
-2.751261
-2.849334
-2.592947
-0.121481
4.993412
8.109414
10.460851
12.028765
3.443596
-4.459818
-3.363339
-3.637373
-3.945829
-2.170305
-0.892238
0.670393
-7.798943
-3.148737
-2.201377
-2.103436
-1.970810
-2.215246
-1.984658
0.589968
5.260904
7.133195
9.001366
13.578792
4.510133
1.667113
-3.308458
-3.812522
-4.504636
-2.603446
-1.301396
0.143488
-8.760973
-3.421342
-2.680800
-2.366661
-2.936538
-2.878777
-2.557397
-0.026402
4.421754
9.047177
9.818631
11.886647
4.046976
-4.274900
-3.670379
-3.793956
-4.031997
-2.241838
-0.909100
0.632802
-8.348983
-3.688199
-2.536842
-2.211786
-2.345172
-2.509993
-2.177274
0.397014
5.047360
7.810931
9.209846
13.404411
4.532999
-5.103701
-3.290911
-3.701155
-4.268544
-2.428020
-1.055623
0.417542
-8.740133
-3.839094
-2.817398
-2.456295
-2.922799
-2.897415
-2.570422
-0.117092
4.598930
9.359967
9.035190
10.554228
3.787786
2.232218
-3.787342
-3.891712
-4.206973
-2.230657
-0.969680
0.629113
-8.051594
-3.642255
-2.376354
-2.137481
-1.915733
-2.188611
-1.895598
0.627931
5.028998
7.743194
9.071960
13.920094
4.879886
-4.071917
-3.016790
-3.168253
-3.890631
-2.032263
-0.978888
0.486712
-8.485325
-4.204730
-2.805616
-2.393896
-2.904575
-2.808507
-2.493865
-0.107914
4.238634
9.039460
9.734060
12.304807
4.141762
2.357806
-3.887945
-3.954702
-4.271604
-2.292459
-1.009452
0.516993
-8.178133
-3.492962
-2.339123
-2.274702
-2.056110
-2.224094
-2.058236
0.259303
4.428768
7.924541
8.966397
13.362435
4.770846
-4.339717
-3.229881
-3.511452
-3.927698
-2.200486
-0.831921
0.700793
-7.899122
-3.419759
-2.154445
-2.278136
-2.677607
-2.710388
-2.458451
-0.177110
4.293792
8.818736
8.970883
11.364963
4.275441
-5.038508
-3.613365
-3.648359
-3.891408
-2.063306
-0.824122
0.758519
-7.196941
-3.068470
-1.898728
-2.188477
-1.926522
-2.162090
-1.942635
0.477148
4.860119
7.211643
8.107495
12.986496
5.204519
-3.766835
-3.132344
-3.252971
-3.931666
-1.988455
-0.710122
0.703247
-8.436570
-5.818341
-3.642317
-3.506976
-3.655010
-3.068763
-2.819490
-0.715649
3.975788
8.967292
9.505009
10.468415
7.489211
3.267187
-4.136490
-3.842152
-3.793041
-2.041942
-0.551884
0.652887
-8.504066
-6.589593
-3.915651
-3.574109
-2.568443
-2.182702
-1.819411
1.235114
5.103966
6.908250
7.304731
15.604760
10.337828
4.200821
-4.986624
-4.001550
-4.561743
-2.321174
-0.971423
0.236882
-11.319769
-6.929326
-4.912755
-4.425174
-2.996170
-4.310941
-4.274175
-2.476119
2.611708
8.206015
12.014433
13.954598
10.008128
4.241482
-5.972553
-5.094578
-4.971157
-2.977345
-1.147919
0.184006
-9.313346
-7.875237
-4.774282
-4.814106
-3.794592
-3.564156
-3.417020
-2.138445
1.227239
7.059659
12.052201
13.141010
12.635994
3.879785
-5.600525
-4.750507
-4.815085
-2.559110
-0.921743
0.613383
-5.279168
-8.892324
-4.476246
-4.087367
-3.220973
-2.138395
-2.934588
-2.039933
2.222999
5.399080
9.273101
12.881109
14.157009
6.697392
5.237041
-5.202241
-5.099714
-4.320189
-2.182486
-0.839217
0.378257
-9.724029
-5.192638
-4.954258
-3.910483
-3.694310
-3.941029
-3.214194
-0.146261
4.390326
10.341393
12.552876
13.600172
6.689246
3.636686
-4.984079
-5.148961
-5.040986
-3.031871
-1.747777
-0.257757
-8.757787
-3.383579
-2.846272
-2.349903
-3.013175
-3.196900
-2.940223
-0.603286
3.644243
8.953857
9.270139
11.129488
3.399086
-4.495919
-3.370630
-3.559320
-3.760193
-2.287625
-0.846793
0.789861
-7.244357
-3.397411
-2.187601
-2.011273
-2.135453
-2.503753
-2.033620
0.733760
4.688300
7.739862
8.965758
13.062492
3.941938
-4.274426
-3.186323
-3.404982
-3.709424
-1.922939
-0.670691
1.028116
-7.785178
-4.024129
-2.746806
-2.664613
-2.238418
-2.263019
-1.819695
0.938043
5.192903
7.774168
10.049518
13.548932
4.321096
2.340814
-3.480059
-3.723409
-4.170702
-2.091619
-0.706718
0.683144
-9.460211
-5.008187
-3.630752
-3.063645
-3.252954
-2.846549
-2.381752
0.389665
5.024296
8.868296
10.626785
12.821184
5.223762
2.601625
-4.221936
-4.170129
-4.278349
-2.289637
-0.905146
0.670222
-8.818878
-4.224431
-2.841852
-2.615130
-2.301373
-2.253308
-2.010987
0.428903
4.681202
7.488016
9.958156
14.249630
4.892912
-4.167842
-3.680645
-3.963425
-4.404168
-2.520324
-1.158244
0.351550
-8.378634
-3.273359
-2.231037
-2.547029
-2.908418
-3.076637
-2.811209
-0.594365
3.850468
9.128477
10.084997
11.313497
4.174417
-5.569859
-3.776551
-3.622506
-3.630999
-2.078930
-0.769606
0.892573
-7.100657
-3.478168
-2.017366
-2.527673
-2.181200
-2.235527
-2.055145
0.264327
4.573654
6.786711
8.439714
13.902586
5.741322
-4.693452
-3.248915
-2.685868
-3.301448
-1.582917
-0.217894
1.248437
-7.635947
-5.917980
-3.198512
-3.209447
-3.264421
-3.053731
-2.726780
-0.295422
3.922420
6.298164
9.716496
15.107727
9.275490
4.267602
5.476548
-4.411190
-4.529042
-2.401925
-0.920225
0.316873
-11.231480
-7.056447
-4.689256
-4.860135
-2.843504
-3.557933
-3.771241
-1.318042
3.125127
7.681117
10.858029
14.850577
10.538900
3.944454
-5.807572
-5.058371
-4.972153
-2.841585
-1.169035
0.276197
-9.071986
-7.754491
-4.705517
-4.985936
-4.127272
-3.864207
-3.640573
-2.218538
1.559118
7.019040
12.275460
13.116764
11.672143
4.088776
-5.602265
-4.595229
-4.483404
-2.472640
-0.544267
0.809622
-4.976268
-9.299604
-5.115280
-4.601876
-3.162380
-1.893600
-3.297740
-1.975175
2.770615
4.932848
8.573037
12.917307
14.500263
7.399419
5.473895
6.876694
-5.953848
-5.830908
-3.415123
-1.987887
-0.949305
-9.804544
-4.729823
-4.684145
-3.327906
-3.621503
-4.421599
-3.701203
-1.011516
3.772366
9.659336
11.962636
13.705645
5.361015
-5.916539
-4.298609
-4.639518
-4.078923
-1.975153
-0.713074
0.837259
-7.443587
-2.705257
-2.362412
-2.765749
-3.695145
-4.093013
-3.807425
-1.813248
2.978517
8.363008
10.374048
10.727624
4.486665
2.690000
-3.966405
-3.716025
-3.757112
-2.097222
-0.694873
0.911330
-7.877593
-4.116851
-2.545331
-2.399122
-2.058058
-2.247148
-1.808972
0.800726
5.460868
5.855328
8.655036
13.804577
6.284685
2.779777
-3.946774
-4.135653
-4.577091
-2.521309
-1.279106
0.230405
-8.453279
-3.100622
-1.814632
-2.473078
-2.716014
-2.860219
-2.658449
-0.443521
3.634578
8.227951
10.667516
12.579813
4.474197
-5.516905
-3.916919
-3.712344
-3.633335
-2.151776
-0.496571
1.154362
-7.386190
-5.030605
-2.812168
-3.065351
-3.063278
-2.810358
-2.619622
-0.523191
3.607790
7.310639
9.996888
12.755722
7.447399
2.933768
-4.665889
-4.105717
-4.170732
-2.236397
-0.741139
0.459037
-8.564234
-6.044819
-3.331464
-3.323539
-3.278679
-3.077139
-2.724551
-0.369851
4.294819
6.883262
9.312086
13.234924
8.872217
3.160740
-4.814378
-4.087370
-3.898928
-2.022277
-0.475850
0.716166
-9.374318
-7.062755
-4.270777
-4.310174
-3.980304
-3.244856
-2.980112
-0.709607
4.115474
7.229448
9.979052
14.612087
10.969229
3.479434
-5.191799
-4.564715
-4.361914
-2.464061
-0.688277
0.684614
-8.498312
-8.714375
-5.461329
-5.219833
-3.716944
-3.137590
-3.333732
-1.306525
2.866331
6.760513
9.732089
14.369665
12.889694
4.570757
5.383333
-5.258608
-5.282986
-3.111328
-1.287322
0.346161
-6.082103
-10.134786
-6.385046
-6.050207
-3.442560
-3.314552
-4.077842
-2.803758
1.610536
5.091610
9.504753
12.133067
13.456975
8.333559
5.282387
2.892087
-5.576932
-5.596072
-3.285387
-1.788194
-0.353957
-10.161360
-5.317907
-4.447604
-3.939560
-2.658841
-3.458816
-3.226179
-0.621175
3.607643
7.966692
10.525999
14.359875
10.051219
3.999349
-5.151579
-5.195484
-4.970535
-2.718673
-1.326908
0.096101
-8.281619
-4.229128
-2.335819
-3.158458
-3.617730
-4.090122
-3.982445
-2.273975
1.429145
6.829065
10.979956
10.597125
7.818638
3.152857
-4.727893
-3.330869
-3.494159
-1.843397
-0.334783
1.002132
-7.502261
-6.321820
-3.470918
-3.677335
-3.447578
-3.188232
-2.857423
-0.593912
4.109017
6.287721
8.898911
14.338010
10.563793
3.272640
-4.942711
-4.394879
-4.253797
-2.267614
-0.494374
0.845666
-8.231682
-8.474187
-4.753578
-4.731763
-3.370557
-2.317865
-3.141679
-0.403027
3.320035
6.174553
8.068487
14.681764
12.787811
4.134623
5.440410
-5.359334
-5.370038
-3.333028
-1.476966
-0.205295
-10.440834
-9.004008
-5.624219
-5.947592
-3.325633
-3.841120
-4.269963
-2.836550
1.657166
6.739689
11.404074
12.155915
9.898331
5.522874
4.589223
-4.824047
-4.545793
-2.858731
-0.842945
0.573498
-5.280866
-9.267285
-4.973005
-4.879585
-3.792783
-2.814181
-3.706450
-2.799558
1.108717
4.522357
9.733841
12.118723
13.335428
7.761223
4.960531
-5.438812
-5.479137
-5.053747
-2.844373
-1.342829
0.016429
-9.971350
-5.056359
-4.123987
-3.797719
-2.989530
-3.184958
-2.952298
-0.451796
3.527486
8.278895
11.390432
12.375315
7.717545
3.575100
-5.096002
-4.923196
-4.699711
-2.756294
-1.185899
0.209945
-8.800605
-3.606636
-2.608809
-2.788548
-3.341935
-3.598544
-3.400407
-1.317524
2.963699
8.840635
10.176605
11.846156
4.430175
-5.728027
-3.988880
-2.401287
-2.571748
-0.929675
0.378251
1.699079
-6.259703
-5.653159
-2.918144
-2.893779
-2.102658
-0.835216
-0.567039
2.181073
4.532341
3.791776
6.630782
15.019307
10.497489
4.561512
5.792186
-4.060438
-5.325374
-3.371495
-1.629583
-0.443948
-11.831884
-7.430461
-5.723799
-5.185144
-3.968432
-5.249188
-4.990471
-2.460359
2.984771
8.537208
11.846562
12.546042
9.320225
3.637574
-6.302710
-4.647935
-4.681792
-2.620769
-0.832519
0.530176
-8.272686
-7.877905
-4.385839
-4.436556
-3.683915
-2.737590
-3.250101
-1.844119
2.219831
6.065717
9.950888
13.651212
11.383746
4.379462
4.901071
-3.794535
-5.057433
-2.964534
-1.228621
0.459845
-5.436183
-9.354206
-5.509845
-5.397521
-3.829817
-3.337849
-3.847078
-2.690330
1.311656
5.125443
9.993681
12.904290
12.956318
6.459728
5.004860
-5.569170
-5.142718
-5.081747
-2.999702
-1.509449
-0.256378
-9.974885
-3.532651
-3.465164
-3.040205
-2.920719
-3.269688
-2.606096
0.969773
4.462739
7.366130
11.492759
13.608801
6.084464
-6.066645
-4.489603
-4.793656
-4.231668
-2.315610
-0.983010
0.410475
-7.551343
-1.681421
-2.522598
-2.886148
-3.307613
-4.024152
-3.457579
-1.278770
3.258035
9.403256
11.317461
10.672626
3.807701
-5.220762
-3.776499
-3.879880
-3.736873
-2.242330
-0.894468
0.974416
-6.501671
-2.736214
-1.802671
-2.362869
-2.342615
-2.659686
-2.164690
0.495896
4.696266
5.958167
9.390789
12.256159
4.063352
-5.018360
-3.615572
-3.542008
-3.721552
-1.776861
-0.521021
1.213120
-7.316614
-3.821159
-2.343927
-2.763679
-2.443234
-2.473380
-1.876687
0.928962
5.102713
5.975909
9.877587
13.011061
5.811201
3.338367
-4.087390
-4.176155
-4.225037
-2.225519
-0.858072
0.854392
-9.085188
-4.722289
-3.481577
-3.606187
-3.569380
-3.160207
-2.678681
0.087043
4.717119
8.034348
9.093596
11.146497
6.224912
3.181560
-4.258286
-3.973115
-3.834849
-2.183095
-0.728878
0.989807
-8.105604
-4.759985
-3.246367
-3.161894
-2.843967
-2.410727
-2.041946
0.454612
4.629985
6.832756
9.907193
12.492214
5.839503
2.686187
-4.159856
-4.079677
-4.224638
-2.152897
-0.892669
0.875609
-7.940428
-3.753944
-2.107968
-2.868188
-2.922330
-2.832522
-2.533864
-0.344525
3.137282
7.392135
9.678821
11.745044
6.333816
2.704584
-4.347060
-3.582516
-3.564764
-1.522484
-0.284689
1.129496
-7.102242
-5.862375
-2.897764
-3.395858
-3.145231
-3.022344
-2.591348
0.046826
3.687325
4.792700
9.171561
13.273282
9.803518
4.091407
4.955824
-4.521152
-4.509343
-2.498284
-0.986033
0.180509
-10.357154
-7.237545
-4.335011
-4.809164
-4.127360
-3.612476
-3.580795
-0.893808
2.987359
6.455407
10.116362
11.988004
10.398358
4.592721
5.569630
-4.165368
-4.207232
-2.211028
-0.467288
0.801224
-8.316988
-8.886156
-5.681509
-5.775462
-3.765183
-3.107249
-3.907892
-1.892171
2.094736
5.143183
8.817775
12.363367
12.869506
5.841742
5.446998
-4.732698
-4.962836
-4.431562
-2.157021
-0.824969
0.359694
-11.049504
-5.304197
-4.593981
-2.671946
-1.202303
-2.721259
-2.311944
1.519541
3.544815
6.078277
9.450049
13.782369
9.964232
5.719243
4.725036
-5.578394
-5.916023
-3.410818
-1.941624
-0.558312
-9.995241
-4.881740
-4.664695
-5.377712
-4.941756
-5.157572
-4.689521
-2.741667
1.497971
6.873193
11.545175
9.291136
9.682569
4.789167
-6.118168
-4.028924
-3.727360
-1.616413
-0.197069
1.295843
-7.204023
-7.568931
-3.617335
-4.076004
-3.729825
-2.266027
-3.893147
-1.810770
1.890520
3.542660
8.386563
12.536020
13.845222
6.624539
6.207504
-3.121861
-5.080834
-4.327403
-2.008305
-0.355703
0.583385
-11.781741
-7.325440
-6.312477
-3.355808
-2.964595
-4.863136
-3.687316
1.414027
3.291339
7.715730
10.930445
12.965858
10.156045
5.515300
3.717454
-5.814975
-5.915963
-3.443860
-1.927915
-0.540999
-11.610565
-7.152439
-5.315309
-5.303749
-3.233439
-3.901307
-4.034967
-1.778365
2.235438
6.496762
10.471950
11.521708
10.897557
4.445849
-4.754521
-4.634234
-4.102866
-2.023259
-0.291801
1.059354
-8.249974
-7.636822
-3.871004
-4.309942
-3.161155
-2.653230
-4.444848
-2.665555
1.476556
3.835326
9.147840
11.615808
13.248866
7.065041
5.606074
-6.125631
-5.447034
-4.518398
-2.260684
-0.629421
0.388147
-11.347461
-6.359910
-5.589359
-3.550763
-3.020924
-4.594209
-3.837154
0.618714
3.283158
8.180357
10.733167
12.607180
9.776201
4.631633
2.496113
-5.960448
-5.497608
-3.231436
-1.923035
-0.259011
-10.252916
-5.440920
-2.983443
-3.701397
-2.023335
-2.175501
-3.833614
-1.109574
2.432235
4.659101
7.633938
11.857120
12.782602
5.009150
6.226668
-5.311325
-5.548052
-3.586054
-1.824408
-0.402963
-9.424214
-7.392380
-4.131755
-5.308230
-5.764055
-5.440013
-4.847005
-2.832270
1.190128
3.388557
6.646733
10.338900
12.120357
5.478424
4.973146
-4.216727
-3.719852
-4.020730
-2.431009
-0.948642
0.795372
-8.172111
-3.647510
-3.326284
-3.020997
-2.335558
-1.750025
-1.164490
1.656759
5.420568
4.921573
10.633202
12.091213
4.813767
4.193817
-3.901566
-4.200256
-3.533333
-1.673771
-0.273369
1.226225
-8.033082
-2.018187
-2.334657
-2.996672
-3.532828
-4.325346
-3.676669
-1.095644
2.251221
7.720453
11.734762
12.426566
7.048357
4.438033
-5.067645
-4.402639
-3.042310
-1.002471
0.348294
1.646601
-9.627704
-5.378578
-3.695056
-4.073733
-2.905415
-3.295618
-3.750314
-0.186053
2.204907
5.612590
9.803873
12.881104
11.732499
5.493606
6.250485
-5.200746
-5.490637
-3.163920
-1.205700
0.408376
-10.174975
-9.312208
-7.035236
-6.858050
-4.047805
-4.092550
-4.343092
-1.658318
2.274992
5.354387
9.673495
10.877656
11.783071
5.336392
5.283181
-4.910930
-4.393928
-3.861995
-2.132617
-0.642754
-5.897331
-9.376418
-3.463372
-3.328994
-2.750017
-1.604375
-2.115187
-1.561318
2.017979
4.348757
5.471930
10.108948
14.272879
6.388929
5.743692
-5.162495
-5.566338
-5.206558
-2.960386
-1.365728
-0.123718
-8.084177
-3.173761
-4.040038
-4.360316
-4.618522
-4.970761
-4.202843
-1.088353
2.573138
8.054971
11.467013
9.886803
5.797740
4.434814
-5.275586
-4.425671
-3.734933
-2.024974
-0.732667
0.840920
-7.618721
-2.523017
-0.654006
-2.290700
-2.840003
-3.171548
-3.177858
-0.747687
2.371449
5.109227
8.604392
14.241787
7.509182
3.769520
-4.996092
-4.204535
-3.844695
-1.594561
-0.187942
1.369629
-8.763832
-5.264612
-1.897678
-2.999045
-3.448082
-2.757016
-3.541137
0.118220
2.425853
3.410797
7.697089
14.013345
12.638700
4.887566
5.958113
-4.641952
-4.586858
-2.361840
-0.525112
0.956057
-10.072272
-9.363897
-7.573781
-7.285813
-4.166993
-4.384371
-4.788120
-1.135925
2.846511
5.479362
7.980370
11.243842
12.563427
4.870599
5.301248
-4.701962
-4.423813
-3.791638
-1.934557
-0.330876
-6.123221
-9.966850
-4.884544
-4.597880
-3.318440
-1.143352
-2.102131
-1.230273
2.215278
4.136068
6.625953
11.145478
13.544692
5.181244
5.382904
-5.324533
-5.690973
-4.779633
-2.504730
-1.134559
0.505177
-8.589537
-3.695276
-4.355032
-4.273016
-3.763308
-4.463312
-3.781103
-0.528877
2.041393
7.827152
11.557586
9.679175
8.937268
4.636755
2.131074
-4.114731
-3.685155
-1.500149
-0.035252
1.465195
-9.748752
-5.255535
-2.033461
-2.622026
-0.257330
0.062891
-2.559718
-0.658442
2.114583
2.398472
3.137650
9.094755
14.523807
7.913223
6.656588
8.185788
-4.279980
-3.704910
-1.145189
0.000000
-4.598071
-1.812841
3.919406
3.274272
3.709317
4.206139
4.681071
5.173242
-10.713656
-7.609020
-4.654070
-5.624541
-4.640959
1.044789
5.300992
8.874803
8.816139
4.386176
5.798062
3.546991
6.616698
4.130103
2.502745
2.969056
7.401138
12.903846
19.378508
20.059980
-20.059994
-19.180296
-17.766539
-10.753336
-7.833176
-8.731306
-11.672809
-5.919068
0.714348
3.176262
3.945392
7.460502
16.103922
5.169845
0.758960
1.537156
-8.883157
-7.283450
-5.283201
-3.445763
-2.656546
-19.571508
-10.042500
-5.547153
-4.626036
-5.758629
-6.605381
-6.126862
-0.932149
3.591814
5.084316
9.473129
12.488267
5.020571
0.573288
-7.757839
-4.897383
-2.339254
-0.031431
1.635508
-9.952628
-9.181559
-5.046650
-1.329744
0.312885
-2.201092
-5.321613
-5.629347
-3.518215
2.047494
7.533248
11.963368
13.659305
13.276744
7.787791
2.415926
-8.358322
-8.064377
-6.962253
-4.635913
-2.798281
-1.455028
-5.803993
-1.988967
-2.115364
-1.966722
-2.689038
-3.025365
-3.579040
-2.096671
2.427063
7.288985
11.018267
11.396735
4.362315
-5.441389
-4.035990
-3.465631
-3.809291
-2.206205
-0.637598
1.284073
-6.183040
-3.776148
-1.884244
-1.754164
-1.988740
-1.865871
-1.706560
0.755321
5.022204
6.639874
9.691120
13.738977
3.257714
-5.261560
-3.723443
-2.492234
-2.753507
-1.112040
0.564230
1.757157
-7.405685
-5.579877
-3.111218
-2.649771
-1.842672
-0.907516
-1.531021
2.143138
5.070684
6.015856
10.168056
15.109413
7.046969
3.477448
-5.037802
-5.523282
-5.867506
-3.637134
-1.909388
-0.328478
-8.312911
-3.857768
-3.139722
-3.353202
-2.037604
-2.969837
-2.985206
-0.321845
4.339242
8.568840
12.135096
13.766562
4.450549
-5.928997
-4.604933
-4.885217
-4.671986
-2.766788
-1.246674
0.664918
-5.770904
-2.781596
-1.735631
-2.133083
-2.285576
-2.277408
-2.078482
0.447623
4.621053
7.529644
12.197209
10.767835
1.608138
-4.695207
-3.011033
-1.389424
-1.663227
-0.340629
1.108097
2.818674
-5.896329
-6.039744
-4.095701
-3.762308
-2.877650
-1.743963
-1.027615
2.949454
5.482531
5.683609
9.259318
15.104047
4.952613
3.106428
2.323527
-5.202394
-5.227439
-2.983925
-1.382638
0.244409
-10.100279
-4.739531
-3.287343
-3.289897
-1.242239
-1.786328
-2.800657
0.838390
4.723899
7.461186
11.014610
14.504961
6.071897
-6.514472
-4.918206
-5.074592
-4.589118
-2.615173
-0.941838
0.755058
-8.385978
-3.829123
-2.854520
-3.238155
-3.111644
-3.032405
-2.886552
-0.229289
4.237537
8.343428
11.627619
12.267847
4.490375
-6.087772
-4.518214
-3.813791
-3.967857
-2.252626
-0.688558
1.160969
-6.575358
-3.878326
-2.335662
-2.729937
-2.241184
-1.900199
-1.641124
0.675357
4.545048
6.240235
10.793065
15.246523
3.988631
-5.016506
-3.476345
-3.509052
-3.716334
-1.591173
-0.264114
1.504293
-7.837364
-5.036690
-2.975189
-3.225821
-3.215210
-2.737195
-2.337121
1.105603
5.023647
6.789815
9.923916
11.129500
5.476818
2.566580
-4.601665
-4.245092
-4.076569
-2.043741
-0.551611
1.185996
-8.012854
-4.856149
-3.004559
-3.193897
-2.494620
-2.021233
-1.673604
1.338339
4.793432
6.038159
10.320122
13.304474
5.859890
2.098744
-4.738771
-4.325396
-4.414157
-2.122001
-0.811338
1.012329
-8.317973
-4.085951
-2.016060
-2.619374
-2.453087
-2.346467
-2.285404
0.602271
3.486326
5.784916
10.408425
13.405881
6.902086
3.501003
-5.262614
-4.369555
-3.628054
-1.703609
-0.195905
1.251738
-8.726908
-3.862330
-1.734154
-2.579517
-2.361197
-1.990481
-3.174407
0.145010
2.875908
5.233140
8.114707
14.006479
9.519319
3.340820
3.003086
-5.407019
-5.440107
-3.067280
-1.609786
-0.080842
-8.879987
-4.644405
-1.980759
-3.718316
-3.041243
-2.705771
-3.843604
-1.182413
2.077524
6.205324
9.709955
12.357723
10.124522
3.212392
-6.466844
-4.852415
-4.198859
-1.953349
-0.514686
1.273699
-7.351236
-6.365312
-2.043425
-2.824062
-1.937099
-0.337739
-2.552947
-0.588772
2.126330
2.711919
4.799044
11.214219
13.418405
5.788887
6.580488
-6.126217
-5.418804
-3.015322
-1.033813
0.802505
-8.801239
-9.925622
-8.198039
-7.516854
-4.217483
-4.814868
-5.727326
-2.542806
1.272103
4.244444
7.451624
10.541608
12.085349
7.721238
4.406604
1.834629
-4.512949
-3.507102
-1.380310
0.228103
-0.991557
-9.634010
-6.784277
-4.920535
-2.279845
0.749208
0.393062
-1.255828
1.483032
3.950332
4.115552
7.335324
14.055945
9.538940
4.450073
3.321419
-5.474910
-6.485269
-3.973502
-2.239583
-0.765628
-11.546677
-7.593707
-5.635255
-5.606496
-4.083188
-4.528827
-4.472007
0.090043
3.604357
6.047359
7.424316
9.996901
8.916475
3.721202
-6.075508
-4.116167
-3.986643
-1.931806
-0.460888
1.343914
-7.374197
-6.379052
-3.374519
-3.495447
-1.709675
0.383267
-1.567782
0.363857
2.634162
3.697575
6.463978
13.130359
11.838060
4.352329
5.455181
-4.799205
-5.615360
-3.211383
-1.615009
0.085164
-9.442451
-8.078015
-4.903396
-5.829536
-3.667888
-3.609064
-4.724617
-1.785212
1.974637
5.419678
8.911103
9.926493
11.558949
4.732734
5.138319
-4.678401
-4.214619
-3.028180
-1.160677
0.396520
-5.185104
-9.302037
-4.174531
-3.856481
-2.676163
-0.141311
-1.448441
-0.913393
2.321882
3.508581
4.719479
9.901615
12.489365
5.918148
6.224460
-5.748095
-5.538803
-4.274283
-2.046315
-0.163284
0.953121
-9.644141
-6.698074
-7.222662
-3.714978
-4.216228
-5.204705
-4.104881
0.473327
2.791553
8.589058
10.866421
10.211020
9.518533
4.051335
0.229244
-4.640853
-3.752953
-1.479235
0.220452
0.172412
-9.929478
-5.362530
-2.624035
-1.517080
2.090769
2.354519
-1.165452
0.456615
3.230793
3.705560
2.122118
9.491646
12.004500
5.088238
6.067410
-6.184788
-4.949834
-3.559904
-1.243306
0.408982
-7.388292
-10.862225
-7.798491
-7.021270
-4.309179
-4.767760
-6.396602
-3.451971
0.927391
4.593710
7.596610
10.467247
12.697585
6.679280
4.478436
-5.511309
-4.285942
-3.315623
-1.038969
0.408701
-1.179947
-9.607979
-7.000862
-5.717888
-3.033127
-0.622778
-1.481247
-1.847603
1.611421
3.853962
5.284719
9.128540
13.405313
9.200873
4.866984
3.120793
-5.715257
-6.029261
-4.108806
-2.417475
-0.993274
-10.488745
-5.360737
-4.621632
-4.183636
-3.119904
-4.083673
-4.013430
-0.740692
2.493906
7.496833
9.878543
10.254566
8.628973
3.585110
-6.150837
-4.145289
-3.050455
-0.902481
0.646012
2.171181
-8.568467
-5.964614
-2.465366
-2.859607
-0.129285
0.176607
-2.799226
-0.279634
2.126179
2.661290
4.958296
11.297258
13.455597
6.368671
6.836301
10.398107
-5.113707
-3.456692
-0.942385
0.643079
-10.390547
-10.668331
-8.561517
-6.569635
-3.719482
-4.344087
-5.977190
-2.947535
1.177044
4.675575
8.506339
10.616234
12.245924
7.237681
4.682062
-6.262360
-5.176569
-3.382234
-1.338977
0.454353
-9.718473
-9.217430
-5.421901
-3.678715
0.002878
0.242290
-2.495554
-2.719332
1.525951
4.228658
6.434253
10.228906
13.288778
8.733209
4.040382
2.766180
-6.587568
-6.711344
-4.861295
-3.174507
-1.777631
-9.966263
-3.979407
-2.977000
-3.102711
-2.463815
-3.262120
-3.349470
-1.089279
2.593016
7.842885
10.689979
11.015008
5.444352
-6.492021
-4.551819
-3.164330
-1.993884
-0.025812
1.434151
2.912151
-8.041406
-3.840257
-1.565281
-1.581928
-0.130222
-0.456748
-2.858087
0.656488
2.538021
2.698126
6.402037
13.067431
11.145577
5.025016
5.922985
-4.608097
-4.972632
-2.491946
-0.750648
0.531494
-13.476792
-10.310349
-8.202657
-5.028220
-3.754145
-5.006019
-5.906034
-1.341133
2.810194
7.611448
11.074718
11.456244
10.291595
3.709489
4.449960
-5.706592
-4.905733
-2.672806
-0.522267
1.185179
-9.077391
-8.578891
-5.391034
-2.861295
0.879203
0.865719
-2.292267
-0.387458
2.863922
4.321450
4.844098
10.086066
11.817558
5.662566
5.739904
-7.122624
-6.591782
-4.662035
-2.395473
-0.774233
-7.381908
-9.889922
-5.924504
-5.765817
-2.686033
-3.286049
-5.467268
-3.886746
1.518350
5.598800
10.168023
11.161219
11.255181
3.163302
3.038491
-6.824087
-4.261678
-2.086828
-0.139641
1.710221
1.770427
-9.284134
-5.011010
-3.546326
0.940755
1.997023
-0.913851
-1.454477
1.803646
2.489278
3.392569
7.890938
11.991395
10.346770
5.991212
6.451435
-5.892917
-5.896858
-3.473895
-1.242803
-0.179315
-14.454196
-10.688689
-8.156078
-4.483013
-3.570311
-4.701230
-6.005651
-1.339123
2.789588
7.184794
10.732575
12.108333
9.742123
3.672421
3.704997
-5.402547
-4.616601
-2.227684
-0.387163
1.460958
-9.949069
-8.585025
-5.783144
-2.250970
0.543785
-0.388957
-3.179615
-0.824525
2.504998
3.822466
6.491889
10.547035
11.821504
6.380418
5.929111
-4.936055
-6.837099
-4.882311
-2.548826
-0.838151
-7.854793
-10.618651
-6.465061
-5.721710
-2.405080
-3.088822
-5.543587
-3.820135
1.478769
5.392947
10.067731
10.802876
11.383383
3.799919
3.234820
-6.373146
-4.702886
-2.571080
-0.602195
1.161948
1.655382
-9.620834
-4.941958
-2.760079
1.547542
1.840731
-1.104868
-1.813910
1.320434
2.381736
2.672165
6.620536
11.086866
11.208025
6.924015
7.230416
-5.225305
-6.157972
-3.465525
-1.274732
0.047222
-13.251179
-10.785373
-8.765259
-6.124385
-4.092536
-4.487839
-5.656313
-1.531944
1.587092
4.570700
7.260244
11.841220
12.385908
5.029325
5.181231
-5.580614
-5.309086
-3.472662
-1.330384
0.319767
-6.404403
-10.897217
-7.155674
-5.078969
-1.080963
-0.657943
-3.092000
-1.357496
2.607951
4.186251
6.384371
10.704995
11.754850
4.936177
4.991058
-6.048406
-6.899104
-4.305706
-2.400658
-0.449415
-6.480035
-9.594648
-5.421849
-5.582768
-2.031946
-2.654996
-4.471126
-3.259937
1.755276
4.915283
10.312021
10.508704
9.918459
4.987173
3.315803
-6.048268
-4.462841
-2.764078
-0.648885
0.977903
2.384290
-9.258821
-3.364741
-1.885020
1.786949
3.319957
0.834143
-1.051082
1.597639
2.893977
2.064425
2.545534
9.660394
11.564010
6.974970
7.509263
10.288621
-5.086794
-2.962599
-0.844386
0.698324
-13.020364
-11.656920
-9.385950
-7.060024
-5.093169
-5.035632
-5.754921
-1.666295
1.249811
3.284850
5.972693
12.555529
13.197445
5.121040
5.327309
-5.382649
-4.851316
-4.108011
-2.140725
-0.329185
-7.036679
-11.086031
-6.905163
-5.500976
-1.860460
-0.284052
-1.568967
-0.362861
2.656231
4.589090
4.906325
10.867063
12.201681
2.694807
4.353351
-6.352204
-5.812253
-3.224272
-1.241100
0.437543
-4.725269
-7.481119
-3.537593
-4.539968
-1.963298
-1.909459
-4.526570
-3.152249
0.744234
3.094956
7.962917
10.474825
11.288950
9.266399
4.647287
2.097909
-5.177631
-4.781583
-2.561762
-0.825769
0.604503
-10.743577
-4.951100
-2.763740
-1.856387
0.639504
-0.169611
-2.633013
0.139104
2.421330
2.893623
4.944124
11.863979
11.503076
4.705373
4.700256
-4.826443
-5.473546
-2.981998
-1.080788
0.345150
-10.262737
-9.619882
-6.599655
-6.876466
-4.445750
-4.111502
-4.682471
-0.122351
1.917323
3.293744
4.619808
10.450759
12.431928
4.767939
5.193376
