0.940485
0.975776
1.008928
1.029475
1.039464
1.041319
1.041370
1.038818
1.030808
1.049128
1.081547
1.086802
1.079081
1.088997
1.111478
1.129456
1.129343
1.135110
1.176626
1.205563
1.180291
1.112463
1.032821
0.962300
0.944353
0.951164
0.911670
0.814880
0.664621
0.479044
0.295778
0.186061
0.193288
0.269762
0.395648
0.544633
0.695557
0.820303
0.882362
0.892661
0.856748
0.800700
0.745058
0.713428
0.675135
0.720094
0.773304
0.824365
0.870660
0.911657
0.936398
0.998273
1.011752
1.032726
1.041497
1.023475
0.946888
0.828813
0.699977
0.591348
0.625855
0.711035
0.793889
0.862454
0.908445
0.943872
0.974599
1.006842
1.034452
1.054147
1.064593
1.137491
1.281026
1.411104
1.516116
1.611862
1.696641
1.799530
1.887939
1.910172
1.803559
1.592142
1.333975
1.081375
0.850089
0.647033
0.471236
0.303175
0.196067
0.189883
0.234352
0.319218
0.383127
0.443445
0.505356
0.565166
0.660214
0.763329
0.819752
0.848735
0.915111
1.010399
1.090645
1.112787
1.085867
1.038596
0.968844
0.860619
0.708349
0.584764
0.565048
0.565494
0.581540
0.609119
0.662154
0.730539
0.800558
0.868680
0.930941
0.952405
0.886079
0.782870
0.688249
0.632569
0.629804
0.667641
0.714453
0.731232
0.676539
0.552129
0.401046
0.255840
0.241695
0.262152
0.297974
0.362142
0.425815
0.487061
0.548450
0.611107
0.664136
0.651251
0.606656
0.567323
0.571733
0.636490
0.742951
0.811402
0.768908
0.633400
0.465435
0.306964
0.181101
0.200963
0.227214
0.260351
0.311688
0.372917
0.439034
0.502303
0.624614
0.685067
0.684111
0.696731
0.741305
0.804562
0.862763
0.897327
0.871575
0.764876
0.605252
0.447018
0.285850
0.219360
0.254886
0.284669
0.345719
0.420996
0.495716
0.566887
0.630982
0.681837
0.680368
0.645935
0.627518
0.641591
0.685277
0.757172
0.833744
0.870900
0.835512
0.721937
0.568887
0.407904
0.260513
0.277580
0.299704
0.329983
0.378041
0.436901
0.498451
0.560373
0.655801
0.678402
0.636353
0.600590
0.595524
0.619920
0.665049
0.719087
0.746464
0.706918
0.592954
0.455971
0.304473
0.267652
0.302559
0.335049
0.388022
0.455490
0.524598
0.590169
0.652133
0.705311
0.720126
0.684788
0.645946
0.630959
0.650278
0.694320
0.742907
0.737139
0.635963
0.484823
0.342845
0.352495
0.374538
0.401428
0.446386
0.508263
0.574309
0.637498
0.699144
0.764790
0.834234
0.838139
0.809402
0.780353
0.773513
0.800553
0.850783
0.866325
0.787225
0.627392
0.455911
0.365272
0.374562
0.395130
0.417786
0.460689
0.515613
0.576540
0.634939
0.692398
0.767113
0.842001
0.850652
0.831207
0.814690
0.815620
0.834052
0.852156
0.810827
0.681388
0.510418
0.349937
0.307682
0.324587
0.350946
0.388184
0.444955
0.514187
0.582151
0.646128
0.709315
0.797688
0.826338
0.818624
0.815386
0.826347
0.848686
0.881802
0.884677
0.810829
0.660639
0.493470
0.362915
0.378797
0.403946
0.441585
0.496207
0.563456
0.631540
0.696180
0.757832
0.834253
0.874000
0.851647
0.823927
0.817377
0.831922
0.871297
0.913336
0.897861
0.785244
0.617903
0.454433
0.377162
0.390966
0.411953
0.442881
0.487781
0.549282
0.611360
0.672606
0.733937
0.813557
0.843428
0.819347
0.782929
0.761958
0.765733
0.796560
0.820252
0.785879
0.669210
0.522304
0.366447
0.370331
0.396665
0.430510
0.479674
0.546668
0.616241
0.682267
0.745264
0.809969
0.832597
0.785710
0.728364
0.686790
0.682078
0.717639
0.775484
0.788540
0.699543
0.539182
0.477210
0.480313
0.497809
0.526591
0.562105
0.615318
0.678011
0.737166
0.795282
0.868998
0.945121
0.929114
0.869643
0.810982
0.782571
0.792532
0.831142
0.829285
0.727624
0.556881
0.556355
0.533413
0.541009
0.556773
0.582522
0.629974
0.694965
0.760188
0.822918
0.904898
0.985544
0.963838
0.895898
0.834724
0.800251
0.802738
0.831309
0.824396
0.728822
0.599077
0.580874
0.554398
0.546722
0.549788
0.556469
0.582347
0.631548
0.700046
0.766193
0.854582
0.951940
0.968272
0.922109
0.872115
0.843608
0.843692
0.863259
0.842870
0.736663
0.571899
0.418314
0.407521
0.415154
0.437195
0.466436
0.516692
0.589535
0.664917
0.737174
0.809382
0.887929
0.892713
0.852310
0.816940
0.799577
0.804040
0.830609
0.838886
0.778603
0.639625
0.483063
0.446977
0.452834
0.482351
0.517036
0.568085
0.639572
0.711880
0.779919
0.844051
0.921288
0.936163
0.894317
0.855623
0.841157
0.850261
0.886737
0.911427
0.860104
0.716418
0.547408
0.387631
0.398182
0.424818
0.458265
0.502681
0.563792
0.627195
0.687463
0.746832
0.825272
0.896790
0.885854
0.844361
0.806559
0.794552
0.814847
0.848342
0.829552
0.712068
0.540549
0.409071
0.413289
0.429453
0.458374
0.506835
0.571877
0.641613
0.709035
0.773562
0.840374
0.904011
0.884762
0.830359
0.779523
0.750615
0.753775
0.783909
0.789967
0.709374
0.551693
0.497839
0.482637
0.486357
0.501442
0.517391
0.549927
0.599679
0.668587
0.736421
0.804491
0.880402
0.880959
0.837620
0.796033
0.773307
0.777880
0.811857
0.829568
0.766209
0.615639
0.469352
0.465987
0.471120
0.495733
0.531352
0.581432
0.648219
0.715053
0.778334
0.842973
0.934119
0.972966
0.942683
0.900994
0.875551
0.868459
0.888372
0.895656
0.824261
0.664879
0.493777
0.402364
0.407185
0.428947
0.466691
0.515800
0.580105
0.646129
0.708062
0.769804
0.866983
0.944534
0.939357
0.910403
0.890406
0.885079
0.902323
0.916658
0.855055
0.698798
0.516487
0.380097
0.393466
0.417134
0.449830
0.495143
0.559285
0.628816
0.695765
0.760701
0.845308
0.929498
0.932852
0.896857
0.861653
0.838613
0.832049
0.840279
0.818485
0.724635
0.570266
0.485701
0.468752
0.475256
0.492124
0.510422
0.550017
0.615532
0.688438
0.759086
0.828046
0.890888
0.880441
0.833701
0.793909
0.776172
0.784498
0.818368
0.832592
0.772110
0.629076
0.472901
0.430369
0.439290
0.468210
0.503704
0.554404
0.623542
0.693177
0.759385
0.825192
0.909115
0.935957
0.901581
0.861670
0.839563
0.838606
0.864562
0.880030
0.823768
0.680746
0.519553
0.397936
0.407511
0.432321
0.470334
0.517890
0.582768
0.650093
0.713698
0.775453
0.858859
0.928452
0.918837
0.881434
0.852751
0.842732
0.854642
0.872996
0.837367
0.711100
0.542956
0.405937
0.413543
0.434718
0.468123
0.512001
0.575794
0.645802
0.713321
0.778651
0.847991
0.907583
0.885785
0.831385
0.782137
0.754877
0.758067
0.787014
0.786372
0.696272
0.554413
0.543089
0.525026
0.528440
0.538929
0.550016
0.580167
0.633956
0.702287
0.769407
0.846995
0.931808
0.939860
0.896388
0.852374
0.827000
0.825825
0.846960
0.836575
0.741536
0.577434
0.495670
0.476688
0.478155
0.493689
0.514817
0.554248
0.614918
0.687521
0.757208
0.832376
0.922176
0.935238
0.894558
0.853511
0.828053
0.824254
0.845244
0.843661
0.760097
0.597446
0.472066
0.455031
0.456135
0.476452
0.505428
0.548965
0.614828
0.685643
0.752861
0.824188
0.918311
0.963968
0.943838
0.912542
0.894020
0.887736
0.901089
0.892623
0.802953
0.633996
0.463895
0.390340
0.397296
0.421995
0.461817
0.514025
0.583733
0.655022
0.722466
0.793321
0.897094
0.974473
0.976487
0.955757
0.945677
0.940443
0.943898
0.931954
0.856273
0.705821
0.537143
0.366805
0.354237
0.385430
0.427718
0.486054
0.557237
0.631268
0.701646
0.768840
0.841878
0.889083
0.862166
0.820961
0.797311
0.793048
0.810226
0.838857
0.823488
0.720659
0.562573
0.468937
0.472463
0.493504
0.523772
0.562618
0.625638
0.696428
0.764582
0.830798
0.899801
0.943760
0.899757
0.827040
0.766162
0.736966
0.744667
0.780552
0.785945
0.700521
0.603800
0.583876
0.565727
0.567469
0.578146
0.599043
0.641147
0.700399
0.766957
0.831317
0.912949
0.993713
0.968832
0.897628
0.830278
0.793366
0.797025
0.826977
0.813509
0.708851
0.587124
0.568720
0.551012
0.551010
0.564508
0.587991
0.632013
0.691961
0.762213
0.829260
0.925984
1.058020
1.074185
1.018376
0.959490
0.920609
0.909364
0.911502
0.862776
0.733761
0.564430
0.540969
0.519031
0.518121
0.529884
0.553279
0.598995
0.664110
0.739327
0.809767
0.911652
1.034448
1.043954
0.988747
0.933525
0.897207
0.886180
0.887916
0.840889
0.714119
0.539699
0.493098
0.472865
0.476487
0.493001
0.519217
0.570550
0.645738
0.724392
0.798124
0.884117
0.966517
0.951088
0.891427
0.841327
0.812748
0.804186
0.814463
0.793321
0.694024
0.532240
0.507739
0.488945
0.492284
0.506856
0.524989
0.563187
0.627423
0.702215
0.774621
0.859898
0.948115
0.955784
0.908145
0.860070
0.830633
0.822583
0.835962
0.819487
0.724555
0.564838
0.492278
0.472621
0.473495
0.492275
0.516396
0.561444
0.629520
0.705168
0.778155
0.857721
0.941932
0.943209
0.889474
0.836882
0.804607
0.796959
0.814371
0.809032
0.725810
0.571704
0.468373
0.456029
0.461338
0.484811
0.518816
0.572847
0.647399
0.724089
0.798043
0.872024
0.951749
0.946301
0.888199
0.833679
0.797584
0.788515
0.808588
0.814871
0.750454
0.605771
0.476523
0.465811
0.468210
0.495665
0.531309
0.582728
0.653832
0.725971
0.794988
0.867976
0.957035
0.985510
0.942318
0.888397
0.851430
0.835547
0.847118
0.843559
0.765944
0.611106
0.452439
0.390320
0.397228
0.421200
0.469177
0.530761
0.603877
0.676827
0.746310
0.814577
0.911595
0.955619
0.924845
0.879962
0.847550
0.833766
0.846817
0.849825
0.780688
0.629145
0.465755
0.405039
0.412307
0.438101
0.478060
0.530326
0.600314
0.673068
0.742535
0.812417
0.906394
0.972375
0.958713
0.922226
0.898788
0.887552
0.893866
0.892693
0.825308
0.676727
0.507955
0.382830
0.387509
0.413761
0.453620
0.506108
0.575912
0.648416
0.716958
0.783905
0.874184
0.954642
0.949227
0.911943
0.881134
0.864742
0.867890
0.875930
0.829950
0.700590
0.539621
0.414614
0.424550
0.450287
0.489515
0.538468
0.606308
0.679060
0.748274
0.815868
0.893090
0.962223
0.946223
0.893874
0.845764
0.815765
0.813182
0.832009
0.810922
0.698514
0.532015
0.494454
0.488585
0.503195
0.533426
0.575217
0.639911
0.712880
0.783464
0.851991
0.928370
0.989525
0.954816
0.879854
0.815807
0.780071
0.777230
0.797678
0.785522
0.690561
0.597486
0.577093
0.553647
0.552460
0.562705
0.582013
0.624148
0.683854
0.756245
0.825419
0.917573
1.007095
0.990557
0.924169
0.859702
0.825040
0.824021
0.842229
0.813419
0.699132
0.538491
0.515548
0.495245
0.499893
0.519059
0.547922
0.597640
0.665780
0.741241
0.812802
0.913750
1.030804
1.036159
0.979138
0.920413
0.881059
0.868207
0.867818
0.820257
0.695642
0.525807
0.512043
0.491768
0.495457
0.511804
0.539929
0.592215
0.667903
0.748799
0.824566
0.904232
0.980498
0.959352
0.893943
0.835300
0.802143
0.796073
0.805787
0.778361
0.673981
0.514406
0.486924
0.465194
0.468482
0.485915
0.510805
0.559080
0.627050
0.706274
0.781509
0.860464
0.925700
0.898718
0.836299
0.782650
0.753022
0.756725
0.784049
0.775091
0.678941
0.533295
0.514209
0.496064
0.502739
0.519244
0.544473
0.591749
0.658256
0.733930
0.806561
0.884172
0.949924
0.917842
0.846220
0.781772
0.746996
0.749620
0.778030
0.771339
0.678262
0.572247
0.553827
0.532107
0.532650
0.543993
0.565293
0.608883
0.669687
0.745529
0.817939
0.905710
0.991042
0.970488
0.900318
0.834597
0.796687
0.795862
0.818240
0.799593
0.694698
0.545354
0.518638
0.496631
0.499753
0.516915
0.544081
0.594905
0.666008
0.745151
0.820289
0.901032
0.981528
0.958373
0.885997
0.822893
0.784828
0.776621
0.791183
0.774265
0.680468
0.550750
0.525118
0.496287
0.494387
0.504013
0.516431
0.548271
0.602362
0.678525
0.752635
0.840379
0.935098
0.948151
0.900460
0.848560
0.817975
0.814635
0.830257
0.805728
0.699600
0.541006
0.439549
0.418023
0.427200
0.452676
0.484505
0.537018
0.613565
0.693855
0.771694
0.850636
0.934156
0.934275
0.880590
0.827024
0.793580
0.784913
0.797564
0.783446
0.697278
0.546713
0.485873
0.462889
0.467266
0.487369
0.511479
0.556245
0.625688
0.705307
0.782624
0.859697
0.935598
0.924011
0.862514
0.803672
0.770189
0.767258
0.791078
0.789312
0.709054
0.562133
0.480771
0.469121
0.477518
0.504551
0.541460
0.602489
0.683441
0.762967
0.840165
0.916308
0.985399
0.963781
0.886681
0.812436
0.762760
0.747905
0.764009
0.763956
0.697962
0.561042
0.490673
0.470913
0.475014
0.497885
0.528988
0.583855
0.662612
0.743480
0.821893
0.898288
0.961996
0.934070
0.854106
0.779486
0.731438
0.721436
0.745746
0.757132
0.701037
0.567474
0.475607
0.463883
0.470297
0.495578
0.532598
0.591787
0.671522
0.751131
0.828632
0.903879
0.967434
0.936358
0.850357
0.769749
0.715614
0.702669
0.727705
0.745965
0.702523
0.578139
0.482864
0.467593
0.471112
0.493843
0.526238
0.576636
0.652019
0.730101
0.807400
0.882468
0.967428
0.973452
0.904630
0.828715
0.773126
0.750417
0.761634
0.766150
0.719983
0.601985
0.458718
0.394607
0.397195
0.420480
0.462545
0.520694
0.600814
0.682596
0.762200
0.837802
0.916244
0.918375
0.854765
0.788870
0.749718
0.741126
0.763464
0.782150
0.750179
0.640428
0.500071
0.364875
0.377810
0.404164
0.453506
0.516703
0.595028
0.673906
0.750663
0.824059
0.906021
0.934603
0.889800
0.834890
0.803603
0.796940
0.814701
0.831762
0.804839
0.702676
0.558111
0.400010
0.358213
0.390843
0.433451
0.495624
0.570004
0.646129
0.719853
0.791487
0.869319
0.914929
0.875147
0.813831
0.764363
0.745683
0.763465
0.799526
0.793129
0.694781
0.539778
0.433908
0.443740
0.465893
0.503410
0.553238
0.622860
0.697302
0.769239
0.839619
0.913109
0.966835
0.927575
0.851706
0.784050
0.746694
0.745335
0.767105
0.755526
0.662803
0.569532
0.550102
0.529658
0.535367
0.554816
0.584273
0.637261
0.708140
0.784223
0.857164
0.934884
1.004902
0.973082
0.897233
0.823855
0.782768
0.783513
0.805155
0.780428
0.674188
0.560251
0.540543
0.521504
0.526955
0.548331
0.579110
0.632521
0.704269
0.782862
0.856992
0.935646
1.044890
1.048909
0.987624
0.920886
0.877041
0.865032
0.861970
0.806526
0.677047
0.523924
0.493505
0.466127
0.470012
0.490752
0.520890
0.574511
0.646468
0.728386
0.805017
0.895193
1.011010
1.023087
0.970575
0.913765
0.879277
0.867231
0.860379
0.801392
0.668474
0.501426
0.448611
0.428721
0.437044
0.464811
0.504539
0.567389
0.649574
0.733390
0.812125
0.892798
0.982823
0.973968
0.912693
0.853060
0.817867
0.807811
0.807797
0.765627
0.649594
0.490268
0.458776
0.436912
0.444723
0.469086
0.503834
0.563047
0.641280
0.723320
0.800970
0.880898
0.957724
0.936910
0.872045
0.811853
0.778719
0.778613
0.796522
0.771894
0.668203
0.509291
0.494091
0.480628
0.490849
0.516663
0.554917
0.616171
0.697137
0.780398
0.859423
0.939971
1.019991
0.994944
0.919279
0.848655
0.804229
0.794253
0.802826
0.775031
0.672105
0.539142
0.512869
0.490861
0.493495
0.509352
0.536465
0.588438
0.658807
0.741202
0.819502
0.900055
0.974938
0.946353
0.871897
0.801874
0.764481
0.767008
0.791269
0.775127
0.679495
0.525428
0.506384
0.494063
0.501314
0.524969
0.561721
0.622656
0.704382
0.788594
0.868352
0.948763
1.023007
0.989798
0.905945
0.827798
0.778500
0.768203
0.780450
0.760928
0.667123
0.531127
0.500746
0.479672
0.480593
0.498692
0.527179
0.581030
0.652564
0.735464
0.814226
0.894493
0.964217
0.929719
0.851093
0.779388
0.742621
0.749577
0.781676
0.774551
0.682490
0.529809
0.505374
0.496354
0.505170
0.534459
0.580096
0.649212
0.734928
0.818918
0.898421
0.977935
1.056435
1.023313
0.934911
0.851817
0.797248
0.783443
0.793327
0.773552
0.682915
0.543217
0.512146
0.490025
0.490181
0.506690
0.535403
0.589906
0.662913
0.745740
0.824515
0.904658
0.976647
0.942045
0.861891
0.789312
0.751351
0.759344
0.794425
0.788252
0.693718
0.538062
0.505461
0.495335
0.503443
0.536839
0.588020
0.661275
0.748038
0.832012
0.911324
0.990199
1.079002
1.055024
0.968910
0.885419
0.827886
0.807943
0.808668
0.779526
0.682304
0.543287
0.498196
0.460210
0.458735
0.472756
0.498620
0.550371
0.618999
0.702776
0.782924
0.863995
0.932758
0.897721
0.817792
0.746181
0.710141
0.721799
0.762101
0.764256
0.680461
0.532872
0.482795
0.472619
0.482245
0.516365
0.568011
0.642047
0.728715
0.812032
0.891092
0.969985
1.051026
1.020971
0.934595
0.852555
0.799038
0.786284
0.796954
0.776046
0.682701
0.542053
0.499323
0.483757
0.488862
0.507182
0.540038
0.598715
0.675672
0.758522
0.837873
0.918271
0.986909
0.947445
0.862257
0.786417
0.745978
0.753212
0.788660
0.785930
0.698742
0.549972
0.510360
0.493482
0.497828
0.531085
0.580765
0.653199
0.737608
0.817389
0.892741
0.969049
1.071055
1.062004
0.987343
0.908498
0.857174
0.849320
0.860224
0.824204
0.712175
0.557231
0.470254
0.455126
0.459918
0.486999
0.530927
0.599010
0.684416
0.767357
0.845883
0.925897
1.022713
1.010985
0.938582
0.864410
0.818930
0.813156
0.826157
0.797827
0.696571
0.546782
0.471404
0.459108
0.466076
0.491307
0.530779
0.595017
0.678272
0.761192
0.840514
0.921391
0.999465
0.969562
0.888320
0.812825
0.770352
0.771637
0.797263
0.785875
0.695681
0.549207
0.504412
0.492357
0.498970
0.528958
0.573445
0.642382
0.726396
0.806424
0.883219
0.961490
1.047091
1.021888
0.940059
0.860475
0.813777
0.811602
0.831360
0.808229
0.706778
0.555782
0.500920
0.487846
0.493549
0.527844
0.576288
0.648774
0.734633
0.815799
0.892840
0.970345
1.070867
1.061350
0.986958
0.910378
0.862135
0.853883
0.861189
0.822426
0.711795
0.561557
0.468270
0.454234
0.459625
0.489600
0.537067
0.608861
0.694945
0.776162
0.853519
0.932631
1.034224
1.028079
0.958179
0.885334
0.841049
0.836287
0.848442
0.814609
0.705500
0.552923
0.467612
0.454341
0.461057
0.490175
0.538050
0.609656
0.695488
0.777186
0.855187
0.934707
1.028977
1.016807
0.944921
0.871949
0.827853
0.824109
0.838090
0.807894
0.703217
0.553785
0.460235
0.445180
0.451888
0.476974
0.521367
0.589722
0.669496
0.749365
0.826150
0.905932
1.000604
0.990679
0.920933
0.848958
0.805029
0.803873
0.823377
0.799168
0.698816
0.550705
0.467950
0.457054
0.465612
0.496535
0.546894
0.620650
0.704332
0.784546
0.861598
0.940588
1.032932
1.019302
0.945734
0.871602
0.826743
0.822648
0.836665
0.807799
0.705344
0.558006
0.466898
0.453706
0.460819
0.489939
0.537355
0.608869
0.692558
0.772672
0.849577
0.931072
1.026640
1.018915
0.949724
0.878417
0.834851
0.832291
0.847772
0.818362
0.715554
0.565697
0.435477
0.420871
0.430345
0.452556
0.500865
0.571222
0.652320
0.732489
0.810037
0.901144
0.997440
0.989947
0.922461
0.854885
0.814961
0.815232
0.833900
0.809802
0.711413
0.561507
0.424440
0.414738
0.427247
0.451997
0.503648
0.576762
0.659418
0.738936
0.815797
0.906797
1.007233
1.003129
0.936329
0.867636
0.825439
0.823976
0.843370
0.821999
0.725108
0.573160
0.414924
0.401735
0.414044
0.434538
0.486485
0.559146
0.637630
0.715823
0.791760
0.880606
0.976558
0.966580
0.895790
0.822606
0.778055
0.778483
0.805536
0.796812
0.711154
0.565361
0.461006
0.454445
0.464910
0.490381
0.539488
0.610932
0.693722
0.774395
0.852481
0.932810
1.013873
0.984672
0.900401
0.820747
0.772689
0.771618
0.798347
0.790991
0.707982
0.567120
0.499164
0.479056
0.480696
0.502809
0.546053
0.613475
0.691345
0.770004
0.845620
0.927900
1.028741
1.021169
0.947777
0.868063
0.819532
0.820178
0.900000
0.935251
0.954365
0.949783
0.945233
0.938986
0.942143
0.975447
0.947829
0.881329
0.806218
0.730076
0.656542
0.598657
0.562687
0.544683
0.509523
0.472462
0.440514
0.411101
0.411644
0.430036
0.452292
0.471344
0.481455
0.463670
0.507010
0.632599
0.748177
0.832285
0.881720
0.899037
0.906630
0.877521
0.795322
0.694577
0.576447
0.432294
0.262012
0.121154
0.077323
0.082688
0.126801
0.207019
0.290189
0.372580
0.448912
0.536844
0.585296
0.587677
0.594506
0.622132
0.663339
0.711680
0.754621
0.762690
0.707814
0.606746
0.490273
0.355198
0.275511
0.279675
0.327851
0.399023
0.477064
0.556935
0.640762
0.726249
0.806896
0.811470
0.766029
0.727293
0.708128
0.712491
0.749851
0.797169
0.813493
0.760053
0.636836
0.488195
0.471002
0.500030
0.539333
0.590377
0.661159
0.735412
0.811274
0.888154
0.967132
1.019154
0.966078
0.864896
0.770187
0.719929
0.729690
0.778696
0.796245
0.723237
0.576400
0.412831
0.401426
0.417180
0.443480
0.493532
0.560432
0.640498
0.719880
0.797822
0.877892
0.990738
1.012156
0.949074
0.867082
0.806966
0.786573
0.790022
0.763683
0.671192
0.540481
0.432354
0.404349
0.404746
0.423400
0.458764
0.516150
0.596506
0.685065
0.770632
0.855447
0.948976
0.945205
0.875715
0.802447
0.758088
0.755834
0.784172
0.784044
0.709711
0.571223
0.439181
0.438618
0.451011
0.485506
0.538770
0.612022
0.699910
0.784240
0.866310
0.947591
1.048493
1.048266
0.969770
0.885313
0.825347
0.803996
0.811374
0.795653
0.714812
0.580262
0.480592
0.459462
0.458464
0.481714
0.514853
0.569521
0.636938
0.716485
0.794592
0.882676
1.007880
1.049480
0.998030
0.920955
0.868902
0.859602
0.880005
0.860692
0.757334
0.602128
0.443352
0.443742
0.455755
0.487959
0.547151
0.624608
0.715706
0.804060
0.889345
0.972230
1.086142
1.102083
1.028918
0.945641
0.878512
0.841203
0.828580
0.797470
0.712541
0.583008
0.453650
0.415519
0.404775
0.416565
0.440787
0.487509
0.557861
0.644888
0.729140
0.812949
0.908369
0.909555
0.844898
0.778022
0.742311
0.754802
0.805064
0.820901
0.738694
0.583118
0.417329
0.377539
0.395229
0.427433
0.486195
0.563382
0.650327
0.732853
0.812429
0.894166
1.021947
1.065064
1.007574
0.926118
0.860028
0.826055
0.816193
0.784703
0.697033
0.568444
0.428777
0.384028
0.379123
0.394408
0.431010
0.490930
0.571937
0.661599
0.748301
0.832720
0.921926
0.911834
0.835223
0.757535
0.712680
0.716871
0.761653
0.788795
0.734471
0.596070
0.435419
0.406930
0.421214
0.448955
0.507163
0.581794
0.666050
0.746000
0.824532
0.903018
1.015969
1.072608
1.024002
0.941240
0.872757
0.841421
0.841028
0.820652
0.736228
0.610758
0.458203
0.375230
0.376460
0.397881
0.442084
0.510072
0.596259
0.684646
0.770992
0.854654
0.961674
0.996720
0.934643
0.850851
0.787522
0.762563
0.773193
0.773177
0.714382
0.598316
0.457875
0.347157
0.345082
0.375161
0.427732
0.506454
0.596339
0.681760
0.764890
0.845474
0.947572
0.982999
0.927737
0.851272
0.793651
0.773381
0.795090
0.810422
0.752841
0.619857
0.458717
0.356761
0.366910
0.401274
0.458588
0.536971
0.622273
0.704123
0.783317
0.861868
0.979758
1.051204
1.011411
0.934501
0.867336
0.830484
0.828911
0.819102
0.748047
0.622424
0.475164
0.347776
0.351464
0.379292
0.429275
0.502322
0.591888
0.679837
0.765744
0.847802
0.948897
1.013529
0.972787
0.897912
0.836648
0.804101
0.802782
0.800125
0.759693
0.652528
0.509910
0.361722
0.269319
0.306893
0.348050
0.423946
0.513128
0.601542
0.688419
0.771652
0.865658
0.908853
0.862923
0.798036
0.752311
0.738773
0.759943
0.791448
0.796390
0.725020
0.591800
0.444486
0.306904
0.308673
0.343860
0.401906
0.484902
0.569269
0.650773
0.731297
0.811840
0.870486
0.838333
0.765893
0.697855
0.662002
0.672782
0.715711
0.737829
0.680088
0.548933
0.405659
0.415456
0.433287
0.471210
0.529542
0.605579
0.690351
0.771630
0.851206
0.929986
1.020739
1.011862
0.932373
0.844731
0.785425
0.769097
0.786290
0.781976
0.705382
0.573293
0.459552
0.449202
0.455406
0.481676
0.534543
0.607073
0.696173
0.784722
0.870526
0.954316
1.062834
1.067617
0.985325
0.894286
0.827382
0.800848
0.804141
0.786144
0.706587
0.583530
0.444989
0.417389
0.416574
0.433535
0.474611
0.537032
0.618962
0.707732
0.793927
0.879307
0.982126
0.982761
0.906186
0.822774
0.770297
0.763349
0.790010
0.792024
0.722030
0.587388
0.437326
0.421917
0.428469
0.452480
0.509367
0.585639
0.676017
0.763181
0.847327
0.930808
1.046026
1.064033
0.990200
0.900328
0.833943
0.809702
0.815981
0.799244
0.717900
0.587553
0.440790
0.420118
0.421800
0.441790
0.487876
0.555171
0.640655
0.727264
0.811203
0.896210
1.010677
1.029546
0.960692
0.876301
0.817859
0.804549
0.826622
0.823449
0.744190
0.600513
0.447224
0.432498
0.439078
0.463537
0.518828
0.593570
0.682577
0.770600
0.855441
0.939576
1.063086
1.090778
1.019163
0.930094
0.861466
0.833358
0.834843
0.812744
0.728702
0.596220
0.451227
0.438064
0.438598
0.461454
0.503727
0.565401
0.640575
0.725593
0.808427
0.901432
1.031464
1.075183
1.015106
0.928334
0.864980
0.845455
0.861351
0.853013
0.772242
0.628019
0.461013
0.428301
0.435108
0.459644
0.513084
0.588142
0.677747
0.766337
0.851660
0.935739
1.055763
1.077131
1.001962
0.913450
0.846065
0.818031
0.822196
0.807995
0.733653
0.605959
0.466967
0.455811
0.457257
0.481707
0.531860
0.603374
0.692536
0.780441
0.865061
0.948607
1.067552
1.087822
1.008229
0.914358
0.847879
0.826074
0.840102
0.833524
0.757099
0.618443
0.466492
0.457181
0.461826
0.485811
0.542465
0.618912
0.710466
0.800094
0.886039
0.969377
1.093292
1.117688
1.036009
0.940294
0.866782
0.833205
0.830828
0.809345
0.729071
0.603763
0.459949
0.433788
0.428105
0.442647
0.486183
0.549776
0.628800
0.715999
0.800255
0.890256
1.012653
1.085724
1.048680
0.974668
0.916432
0.894959
0.910965
0.899835
0.804385
0.643507
0.468982
0.347345
0.358951
0.395326
0.453232
0.530628
0.617115
0.700445
0.781185
0.868874
1.007606
1.109932
1.089392
1.018638
0.948246
0.896971
0.865855
0.817897
0.724058
0.593852
0.458892
0.314727
0.271712
0.298926
0.338230
0.413314
0.505024
0.598327
0.689163
0.775638
0.876630
0.907353
0.853549
0.785981
0.741362
0.730494
0.757090
0.783755
0.758259
0.649094
0.505734
0.362230
0.297752
0.343806
0.395997
0.473879
0.561011
0.646373
0.730604
0.812486
0.913772
0.981991
0.950139
0.885166
0.829049
0.801036
0.810441
0.827039
0.799273
0.685407
0.531463
0.380329
0.363115
0.396718
0.442673
0.513144
0.597991
0.683561
0.768580
0.850357
0.947688
1.043126
1.026656
0.953982
0.881813
0.833562
0.819340
0.817353
0.790412
0.700588
0.567843
0.425342
0.294803
0.297315
0.336910
0.399257
0.488311
0.577676
0.665185
0.751332
0.837932
0.905668
0.883006
0.816639
0.757246
0.726451
0.733563
0.764812
0.777134
0.720794
0.597683
0.456810
0.357121
0.377048
0.410710
0.469181
0.545736
0.628376
0.710099
0.791889
0.874617
0.960087
0.947026
0.868019
0.782754
0.726185
0.715491
0.741971
0.752778
0.697805
0.570937
0.479101
0.468772
0.474928
0.504126
0.558619
0.632822
0.722053
0.808247
0.892121
0.974396
1.094919
1.119959
1.045717
0.951594
0.880218
0.852856
0.854166
0.826310
0.737210
0.603471
0.453879
0.442097
0.444819
0.473027
0.528824
0.605372
0.698970
0.790752
0.878249
0.963096
1.090809
1.127005
1.059486
0.974130
0.905413
0.872612
0.864322
0.827331
0.730935
0.594609
0.434524
0.390321
0.389838
0.412863
0.464698
0.537521
0.626619
0.716020
0.801463
0.894379
1.021229
1.064876
1.010878
0.932428
0.875360
0.856429
0.865134
0.839820
0.742795
0.594256
0.430577
0.366188
0.380927
0.414449
0.477648
0.561440
0.657040
0.748002
0.835368
0.921155
1.044768
1.075597
1.008088
0.922664
0.855300
0.822608
0.817891
0.794858
0.715951
0.591185
0.446529
0.411990
0.416000
0.438920
0.491114
0.564445
0.654811
0.745369
0.833319
0.919720
1.029092
1.034704
0.950762
0.858709
0.794776
0.778533
0.801875
0.808028
0.743005
0.607821
0.450315
0.443978
0.452392
0.481208
0.545069
0.627844
0.722006
0.810823
0.896173
0.978658
1.104560
1.137545
1.060135
0.964610
0.888637
0.847239
0.837071
0.812164
0.731670
0.609149
0.453765
0.432790
0.430096
0.451387
0.498280
0.563692
0.649640
0.737066
0.822848
0.908765
1.036142
1.123467
1.085657
1.001015
0.928119
0.889027
0.882861
0.856264
0.767582
0.638049
0.487190
0.337691
0.261639
0.296881
0.347222
0.432871
0.526491
0.616753
0.704244
0.789236
0.901242
0.957027
0.916123
0.850668
0.799904
0.778055
0.789871
0.796684
0.752138
0.634187
0.494052
0.352323
0.282363
0.325026
0.378844
0.462914
0.553095
0.640500
0.726178
0.809580
0.912999
0.985380
0.955871
0.891302
0.836412
0.809979
0.821468
0.836719
0.799573
0.678848
0.521971
0.372665
0.332713
0.372013
0.420414
0.496096
0.584611
0.671236
0.756850
0.839047
0.942047
1.059847
1.065504
1.003096
0.934950
0.885703
0.866139
0.853734
0.816631
0.723276
0.592788
0.450924
0.317435
0.258562
0.264630
0.298853
0.384356
0.474804
0.563522
0.652759
0.742729
0.806184
0.778875
0.711864
0.654195
0.628486
0.644752
0.689518
0.721969
0.703591
0.610633
0.484916
0.416661
0.434397
0.479495
0.538710
0.617727
0.704670
0.789539
0.874562
0.957997
1.029832
0.998911
0.903037
0.805377
0.740958
0.730699
0.767256
0.791786
0.737107
0.605143
0.452549
0.425069
0.437093
0.471861
0.533961
0.615740
0.707132
0.793171
0.876235
0.958284
1.088185
1.131568
1.064460
0.971200
0.894411
0.854018
0.839016
0.802438
0.710857
0.591580
0.453604
0.388176
0.392326
0.416065
0.469087
0.546047
0.639733
0.735932
0.829403
0.919889
1.030797
1.033845
0.941960
0.845342
0.778487
0.757872
0.775268
0.779256
0.723105
0.602066
0.454765
0.425709
0.432855
0.463453
0.530488
0.616953
0.713115
0.801932
0.888022
0.971811
1.083404
1.129707
1.066370
0.976009
0.903679
0.865960
0.862377
0.845514
0.768689
0.637393
0.479175
0.371408
0.375118
0.404136
0.459973
0.539356
0.631557
0.718985
0.803756
0.889737
1.011879
1.089694
1.049076
0.966720
0.897104
0.861195
0.857854
0.835706
0.748742
0.616979
0.461946
0.316034
0.319037
0.355097
0.414341
0.500374
0.596348
0.686686
0.773009
0.860074
0.989693
1.085868
1.062663
0.993207
0.929769
0.890295
0.881852
0.856571
0.765095
0.625796
0.470105
0.318422
0.282127
0.320035
0.374198
0.457828
0.551884
0.642111
0.728740
0.813782
0.933453
1.054906
1.063519
1.013170
0.962270
0.924413
0.911356
0.887996
0.806626
0.665725
0.512267
0.363514
0.249825
0.266115
0.311347
0.384463
0.474763
0.563776
0.651065
0.735915
0.845526
0.971563
0.998891
0.962821
0.922840
0.897991
0.898881
0.901449
0.863086
0.750023
0.603718
0.457498
0.326481
0.266757
0.290710
0.349612
0.432845
0.521820
0.608716
0.696209
0.786117
0.879672
0.885325
0.827871
0.765240
0.722300
0.714071
0.735332
0.750866
0.731545
0.645089
0.522964
0.383727
0.373108
0.404479
0.456763
0.528957
0.610242
0.697150
0.786116
0.873682
0.969067
0.974941
0.892164
0.796291
0.726293
0.706637
0.738393
0.774466
0.749162
0.641715
0.497106
0.390899
0.404492
0.443492
0.506719
0.589709
0.677695
0.760725
0.841416
0.925596
1.055929
1.155007
1.124306
1.041142
0.965588
0.919411
0.904996
0.873897
0.780047
0.645966
0.490815
0.338021
0.296701
0.334236
0.389211
0.472625
0.569237
0.661669
0.750772
0.838080
0.959323
1.075519
1.069365
1.005677
0.944590
0.903218
0.886931
0.860403
0.784411
0.654765
0.510433
0.363194
0.253127
0.239188
0.281023
0.351696
0.446326
0.538622
0.628643
0.716169
0.830695
0.926325
0.918589
0.868286
0.821996
0.800523
0.815455
0.837084
0.814387
0.707523
0.560132
0.413779
0.306724
0.356414
0.406417
0.487589
0.576994
0.665067
0.751465
0.834256
0.933588
1.042808
1.042868
0.980179
0.914636
0.868521
0.855459
0.858400
0.835172
0.743370
0.605293
0.460196
0.328460
0.300089
0.343622
0.399046
0.481769
0.571168
0.659167
0.747260
0.836699
0.934305
0.940419
0.876910
0.805076
0.752580
0.736084
0.750897
0.758680
0.720411
0.615819
0.486266
0.364522
0.375861
0.412599
0.474202
0.559734
0.649918
0.737005
0.823119
0.909447
1.011432
1.012054
0.929386
0.834916
0.767120
0.747702
0.772339
0.786234
0.732421
0.602306
0.447936
0.447213
0.457982
0.495083
0.567193
0.655699
0.749434
0.837185
0.921580
1.004671
1.122808
1.202302
1.154173
1.058001
0.964655
0.896025
0.854844
0.808875
0.735804
0.629867
0.504907
0.366987
0.275928
0.263679
0.283666
0.331848
0.418350
0.514559
0.608842
0.700214
0.801667
0.833398
0.787881
0.732225
0.700268
0.701129
0.740220
0.776744
0.753988
0.647493
0.505879
0.367844
0.301931
0.353944
0.415803
0.499373
0.588107
0.674598
0.760798
0.844405
0.953033
1.049323
1.032724
0.966704
0.905256
0.861896
0.849460
0.840529
0.796922
0.687165
0.546171
0.402005
0.296625
0.330884
0.372008
0.448197
0.539014
0.629033
0.717421
0.803322
0.907369
1.017845
1.021852
0.967074
0.912859
0.880540
0.880706
0.887221
0.855058
0.744912
0.599103
0.450167
0.322741
0.279528
0.324049
0.387446
0.477938
0.567295
0.654257
0.740498
0.832656
0.931990
0.924740
0.850711
0.772856
0.718005
0.703314
0.714745
0.715621
0.668748
0.564904
0.439454
0.364639
0.379137
0.416253
0.487288
0.578846
0.675484
0.770575
0.863811
0.954937
1.014653
0.956708
0.849436
0.752495
0.690179
0.683748
0.718814
0.742456
0.697961
0.580769
0.451868
0.454651
0.471837
0.512673
0.577745
0.660430
0.752613
0.841218
0.927331
1.010692
1.123478
1.134585
1.046182
0.945749
0.869035
0.833482
0.826044
0.796631
0.709989
0.591581
0.447566
0.419183
0.425200
0.458910
0.520874
0.603187
0.699706
0.795086
0.887343
0.975352
1.104454
1.142129
1.067865
0.974836
0.899752
0.860539
0.844716
0.803691
0.709415
0.589051
0.447160
0.345861
0.350920
0.384677
0.442990
0.529482
0.629237
0.723511
0.814347
0.903465
1.028156
1.066263
1.007036
0.929475
0.871497
0.849464
0.855212
0.829003
0.732573
0.588236
0.440673
0.356459
0.372258
0.417036
0.489150
0.581936
0.681245
0.772776
0.860604
0.946441
1.081417
1.138303
1.084377
1.002137
0.931826
0.888653
0.868795
0.828374
0.734764
0.604789
0.459166
0.387600
0.396796
0.429119
0.495375
0.581940
0.681053
0.776069
0.867920
0.956818
1.083925
1.115361
1.034265
0.938311
0.866533
0.834827
0.836627
0.822887
0.755531
0.630830
0.480717
0.396954
0.401459
0.436518
0.501015
0.586679
0.683937
0.775064
0.862986
0.949000
1.072682
1.158460
1.113025
1.022865
0.943377
0.895567
0.878696
0.846144
0.761148
0.643822
0.500804
0.359984
0.284594
0.295397
0.340827
0.420159
0.516655
0.609064
0.698842
0.788770
0.918233
1.013764
0.992421
0.928362
0.870435
0.839082
0.845642
0.845383
0.782196
0.655277
0.504503
0.366533
0.282988
0.320552
0.377252
0.466005
0.558798
0.647578
0.733506
0.817441
0.931146
1.063278
1.086818
1.045667
0.996713
0.958410
0.947927
0.932559
0.865918
0.733887
0.583452
0.437316
0.320973
0.296031
0.322137
0.369948
0.456124
0.545568
0.634186
0.722362
0.817266
0.932817
0.952068
0.897805
0.836218
0.791253
0.775547
0.777313
0.771104
0.738710
0.657061
0.540578
0.408672
0.323028
0.310200
0.327106
0.379494
0.463703
0.554884
0.646550
0.737863
0.825263
0.819515
0.751740
0.680477
0.642921
0.654405
0.709077
0.766674
0.776609
0.701315
0.577343
0.459849
0.380623
0.419560
0.477382
0.560436
0.648300
0.733899
0.818409
0.899379
1.003042
1.095978
1.066597
0.982730
0.902193
0.848651
0.835356
0.835777
0.818355
0.744151
0.626452
0.491141
0.365866
0.322336
0.332485
0.359574
0.440999
0.530787
0.618204
0.703732
0.794859
0.895920
0.917067
0.875279
0.830421
0.807271
0.809729
0.824471
0.822548
0.773173
0.670348
0.543034
0.408443
0.318857
0.304668
0.330156
0.382657
0.462611
0.550030
0.638474
0.726939
0.836505
0.885786
0.850513
0.793498
0.750458
0.735615
0.755612
0.779123
0.770181
0.687740
0.562819
0.431914
0.337156
0.362706
0.411975
0.497332
0.588646
0.678111
0.768092
0.854148
0.958407
1.035607
0.997835
0.913393
0.838221
0.795706
0.795399
0.810819
0.813123
0.758214
0.650017
0.520554
0.396287
0.345804
0.355305
0.386101
0.467020
0.555647
0.642343
0.727854
0.815978
0.912756
0.922102
0.868551
0.814488
0.785414
0.786097
0.805760
0.811809
0.768920
0.666773
0.539422
0.406877
0.324252
0.320443
0.353793
0.419379
0.500768
0.591433
0.685152
0.779268
0.890644
0.924937
0.862176
0.781695
0.717534
0.691286
0.705335
0.728733
0.741580
0.702357
0.603152
0.473448
0.358228
0.329976
0.344697
0.395010
0.484306
0.573129
0.660187
0.746629
0.851215
0.919270
0.884356
0.813425
0.759070
0.748111
0.788509
0.834058
0.811554
0.716085
0.601625
0.486179
0.393574
0.396079
0.453903
0.530997
0.621938
0.711547
0.797206
0.880377
0.962652
1.093754
1.121578
1.058202
0.979358
0.910007
0.858986
0.819954
0.768012
0.678362
0.571784
0.448801
0.349552
0.361236
0.387719
0.448830
0.534359
0.628828
0.728070
0.825129
0.919613
0.997585
0.959696
0.858605
0.760392
0.693768
0.683209
0.716417
0.744665
0.714908
0.613768
0.481814
0.361088
0.361218
0.400469
0.457503
0.543649
0.638425
0.730825
0.821083
0.910259
1.024945
1.057890
0.993675
0.907131
0.837642
0.804482
0.808702
0.813807
0.787579
0.701395
0.578332
0.444301
0.345568
0.328859
0.351706
0.404859
0.492092
0.580275
0.665477
0.749669
0.875126
0.982131
0.991299
0.949468
0.910655
0.891345
0.900553
0.900742
0.846752
0.725393
0.581722
0.442653
0.335201
0.319512
0.356481
0.422648
0.513940
0.603430
0.691972
0.779052
0.878209
1.001960
1.008501
0.937859
0.857673
0.794797
0.766487
0.756771
0.740573
0.691718
0.597403
0.478156
0.353357
0.301765
0.308586
0.343289
0.426488
0.520462
0.618252
0.716648
0.813627
0.871954
0.828483
0.741878
0.663334
0.623091
0.637782
0.692925
0.743459
0.738840
0.664057
0.543850
0.435415
0.401821
0.458138
0.530670
0.621822
0.715370
0.806060
0.894185
0.978961
1.083029
1.080396
0.971349
0.851899
0.761491
0.715266
0.710791
0.717372
0.693797
0.615336
0.503372
0.377127
0.349115
0.385732
0.440031
0.523790
0.621044
0.718102
0.813181
0.903185
1.012272
1.048110
0.967686
0.859807
0.771770
0.729386
0.736985
0.754191
0.744810
0.673721
0.556986
0.423754
0.330391
0.322842
0.351565
0.413104
0.506094
0.595989
0.681101
0.763331
0.906077
1.026431
1.045513
1.008908
0.971125
0.948404
0.949465
0.934390
0.857064
0.717019
0.567248
0.427050
0.321347
0.313372
0.357070
0.426490
0.517904
0.606765
0.694082
0.779707
0.878428
1.019595
1.052431
1.004636
0.939505
0.881293
0.847210
0.821381
0.782702
0.708699
0.601290
0.478038
0.357467
0.318053
0.331040
0.368715
0.447770
0.542697
0.638745
0.735720
0.833822
0.905852
0.876653
0.798630
0.726875
0.690680
0.703073
0.748513
0.788817
0.781422
0.702271
0.578719
0.461152
0.392437
0.397693
0.437382
0.509487
0.599197
0.691102
0.784618
0.873892
0.989590
1.024109
0.941982
0.831338
0.735691
0.683018
0.683091
0.703404
0.724101
0.736790
0.712173
0.630007
0.510651
0.449702
0.440731
0.446327
0.512400
0.597457
0.676819
0.900000
0.935848
0.967867
0.999058
1.021702
1.031917
1.032207
1.028059
1.021306
1.059519
1.082431
1.052545
1.001114
0.951540
0.898593
0.848813
0.797559
0.749411
0.713215
0.661712
0.609996
0.557230
0.527744
0.533969
0.556169
0.577478
0.593917
0.599858
0.595125
0.717831
0.892327
1.061511
1.178331
1.234088
1.250816
1.236900
1.158100
1.021125
0.863809
0.696688
0.522890
0.340225
0.236681
0.209143
0.213946
0.263873
0.348777
0.431258
0.510696
0.586256
0.696397
0.763099
0.772886
0.763465
0.753205
0.738961
0.719400
0.675869
0.597144
0.481272
0.346396
0.216453
0.159884
0.195455
0.281032
0.392467
0.509207
0.626033
0.738821
0.871710
0.950634
0.918656
0.866899
0.839387
0.826441
0.820889
0.830576
0.840412
0.837121
0.801377
0.718732
0.601541
0.464955
0.375128
0.383193
0.452784
0.535715
0.623679
0.715796
0.811961
0.908075
0.938364
0.862816
0.750327
0.650608
0.585712
0.590577
0.622296
0.654984
0.648100
0.571811
0.502794
0.501576
0.514090
0.559384
0.622839
0.704674
0.801836
0.895988
0.988777
1.078865
1.205409
1.233850
1.147284
1.034386
0.944115
0.888305
0.859958
0.813511
0.714190
0.582218
0.458224
0.445886
0.452619
0.497038
0.566114
0.660952
0.768519
0.868814
0.965519
1.062056
1.202480
1.268933
1.204516
1.097073
0.999119
0.930517
0.887743
0.832680
0.745704
0.623338
0.485631
0.344481
0.310478
0.349897
0.406556
0.496636
0.603158
0.709776
0.815095
0.918326
0.998348
0.961813
0.863189
0.771707
0.710530
0.690481
0.704494
0.716839
0.693288
0.604858
0.476805
0.442132
0.463763
0.514424
0.582725
0.671112
0.772151
0.870373
0.966961
1.060826
1.166034
1.156481
1.055453
0.948701
0.869405
0.828177
0.816287
0.784795
0.697028
0.566202
0.508650
0.473171
0.483480
0.545633
0.626979
0.726811
0.829927
0.925331
1.013479
1.094893
1.240372
1.345354
1.312626
1.221923
1.127285
1.048882
0.982233
0.886105
0.746599
0.598440
0.455717
0.317280
0.265782
0.313894
0.378997
0.477818
0.589905
0.698115
0.803233
0.904713
1.011689
1.013366
0.929077
0.839891
0.774877
0.745150
0.741559
0.729746
0.680596
0.574614
0.444128
0.352440
0.365739
0.409644
0.478967
0.569650
0.672217
0.773822
0.873588
0.970434
1.076620
1.075039
0.987724
0.893830
0.822067
0.789143
0.792161
0.782930
0.715234
0.593220
0.453096
0.418745
0.438832
0.483234
0.561094
0.659623
0.764420
0.864529
0.961354
1.053765
1.180029
1.207529
1.124011
1.024676
0.942370
0.886995
0.854286
0.807249
0.716185
0.593865
0.455527
0.425482
0.427969
0.469644
0.539863
0.628880
0.730705
0.830319
0.925327
1.015556
1.150101
1.201656
1.132000
1.033669
0.953509
0.905070
0.882450
0.834402
0.727695
0.588739
0.444297
0.344390
0.361136
0.415992
0.497189
0.598780
0.709223
0.811931
0.910287
1.003718
1.139725
1.187051
1.116523
1.022888
0.941070
0.884409
0.849342
0.798971
0.704543
0.582012
0.446649
0.361037
0.372787
0.412366
0.484108
0.575758
0.675296
0.780297
0.882884
0.981203
1.110435
1.137682
1.047847
0.941877
0.856803
0.809204
0.795525
0.778848
0.727130
0.629712
0.503076
0.376513
0.372200
0.414384
0.480269
0.573044
0.673241
0.776172
0.876722
0.973460
1.085068
1.089680
0.988546
0.874268
0.781919
0.734898
0.731121
0.737373
0.727027
0.660692
0.553000
0.421819
0.340570
0.345735
0.386233
0.465447
0.559057
0.660767
0.763389
0.863491
0.972820
0.989410
0.902839
0.805785
0.730387
0.698421
0.712572
0.738429
0.745678
0.683746
0.574386
0.446599
0.359572
0.380515
0.432294
0.519411
0.621016
0.720602
0.819601
0.914601
1.021943
1.075722
1.002865
0.888866
0.791115
0.734267
0.727223
0.739377
0.749830
0.725563
0.648757
0.530293
0.414126
0.379386
0.389217
0.415191
0.503290
0.597579
0.686543
0.771840
0.895960
0.986969
0.985918
0.939748
0.906396
0.899248
0.916877
0.926549
0.881438
0.765685
0.628557
0.493794
0.378934
0.339268
0.367092
0.424398
0.510233
0.604946
0.698197
0.789088
0.917741
1.104975
1.194186
1.161136
1.077664
0.987479
0.910704
0.856215
0.803402
0.744927
0.667504
0.564631
0.433343
0.345684
0.332911
0.356220
0.398673
0.480955
0.573499
0.665890
0.758930
0.864009
0.901426
0.856170
0.785410
0.739566
0.732983
0.762881
0.783560
0.740425
0.636545
0.515909
0.403112
0.348114
0.395218
0.474477
0.570455
0.668774
0.763922
0.857871
0.949422
1.082906
1.181729
1.147391
1.061133
0.969036
0.894993
0.854950
0.819752
0.773974
0.696667
0.590968
0.458370
0.352968
0.335049
0.356463
0.410077
0.500575
0.598944
0.696001
0.791147
0.903301
0.981479
0.951678
0.880297
0.821927
0.798149
0.815342
0.836284
0.819270
0.733769
0.611744
0.487195
0.389843
0.385042
0.428888
0.505187
0.601562
0.695331
0.787690
0.876866
0.977190
1.098789
1.099438
1.020546
0.928345
0.853344
0.814015
0.791992
0.764608
0.712803
0.623516
0.504821
0.386944
0.348554
0.362830
0.396481
0.489818
0.592122
0.690891
0.787647
0.882998
0.950385
0.929609
0.866119
0.811639
0.789871
0.803430
0.830592
0.845277
0.804586
0.705205
0.577860
0.456093
0.385387
0.391631
0.436889
0.510167
0.606244
0.702285
0.798877
0.904356
1.065430
1.120946
1.047279
0.935841
0.833168
0.760247
0.731341
0.718706
0.709241
0.694602
0.661978
0.578217
0.476478
0.442483
0.449633
0.471198
0.558235
0.648741
0.735439
0.819117
0.905476
0.965756
0.937175
0.865739
0.812935
0.797476
0.816521
0.840950
0.824273
0.735399
0.613022
0.486547
0.373642
0.340477
0.371565
0.431155
0.526154
0.621030
0.713870
0.802909
0.952898
1.128335
1.194560
1.155073
1.074248
0.990448
0.922975
0.870928
0.814913
0.748059
0.650551
0.527946
0.392258
0.309934
0.301330
0.323905
0.369291
0.445184
0.543483
0.645408
0.747395
0.843515
0.842053
0.773216
0.700816
0.660865
0.662455
0.697537
0.735704
0.746634
0.685526
0.578593
0.462117
0.392664
0.435048
0.505150
0.600360
0.701731
0.800070
0.896222
0.986987
1.099241
1.141981
1.060326
0.942635
0.837985
0.774974
0.764193
0.770884
0.778884
0.759547
0.690174
0.575643
0.459845
0.420228
0.426105
0.441785
0.525905
0.617191
0.702788
0.784360
0.898897
0.975046
0.961181
0.908150
0.869736
0.856724
0.868423
0.877242
0.838358
0.730593
0.592444
0.454194
0.335457
0.294081
0.318646
0.368595
0.464329
0.563638
0.661476
0.755425
0.925294
1.076696
1.098877
1.050009
0.988982
0.931560
0.885950
0.848607
0.804004
0.744912
0.649654
0.530140
0.398924
0.321493
0.317477
0.341175
0.392004
0.464513
0.560752
0.662498
0.765659
0.846133
0.824994
0.739362
0.654383
0.598618
0.588568
0.617856
0.655248
0.669351
0.611111
0.508156
0.455801
0.474512
0.522789
0.595363
0.692810
0.797867
0.898098
0.993301
1.081194
1.177420
1.165102
1.047156
0.909363
0.795727
0.734878
0.730791
0.745004
0.759552
0.737001
0.658407
0.537228
0.446270
0.431680
0.454040
0.493633
0.584494
0.676082
0.762715
0.846078
0.935654
0.972980
0.932241
0.870916
0.834403
0.829143
0.850063
0.856068
0.798520
0.675171
0.525715
0.379887
0.282637
0.278656
0.324448
0.408681
0.511209
0.613533
0.716401
0.815870
0.982994
1.116142
1.115973
1.051794
0.975992
0.906510
0.860464
0.819305
0.776997
0.726681
0.651209
0.539707
0.425478
0.383466
0.392220
0.416323
0.504407
0.599991
0.694703
0.788598
0.885475
0.943384
0.899801
0.815322
0.748827
0.722287
0.734791
0.761949
0.769132
0.712448
0.604018
0.482233
0.376156
0.360054
0.401248
0.498561
0.603008
0.706984
0.810329
0.910062
1.035287
1.154213
1.147293
1.057183
0.955545
0.874024
0.830125
0.811564
0.794422
0.781797
0.755508
0.683340
0.565813
0.469743
0.441379
0.450086
0.474113
0.560802
0.646754
0.728847
0.808920
0.894399
0.926933
0.881672
0.815306
0.775400
0.768936
0.789963
0.800809
0.755916
0.647183
0.510964
0.372872
0.284533
0.283334
0.329062
0.416097
0.520630
0.623691
0.726420
0.824984
0.985414
1.101681
1.093117
1.031922
0.965884
0.909068
0.873519
0.839886
0.802873
0.753596
0.669844
0.551865
0.434725
0.386408
0.391332
0.410666
0.496928
0.591366
0.684250
0.775959
0.871887
0.936667
0.901620
0.822939
0.759045
0.732788
0.743566
0.768189
0.772805
0.715489
0.606951
0.485885
0.378171
0.356446
0.391235
0.467337
0.569990
0.673922
0.778523
0.880569
1.001788
1.119240
1.114073
1.031343
0.938950
0.865209
0.826519
0.811575
0.796691
0.788085
0.770258
0.707594
0.594016
0.486081
0.443073
0.441364
0.451322
0.534643
0.620434
0.701918
0.781588
0.892440
0.962788
0.945921
0.890083
0.853621
0.846409
0.862887
0.867125
0.811103
0.692946
0.560130
0.424592
0.320963
0.311016
0.355439
0.424975
0.524424
0.622434
0.719164
0.812484
0.929918
1.089413
1.146568
1.116684
1.056780
0.994078
0.946419
0.898583
0.835215
0.747772
0.635415
0.503394
0.383911
0.349167
0.369735
0.413983
0.506214
0.607811
0.708349
0.808117
0.915759
1.006818
0.986268
0.914134
0.852708
0.823568
0.827493
0.840216
0.839075
0.787344
0.685862
0.562611
0.450475
0.414044
0.447382
0.518508
0.616832
0.719572
0.822912
0.923992
1.025713
1.128363
1.106823
0.998676
0.884397
0.795438
0.751620
0.744359
0.743454
0.746989
0.750061
0.719448
0.624826
0.521369
0.480158
0.477948
0.483150
0.564358
0.649940
0.729592
0.807619
0.910915
0.987264
0.978150
0.922250
0.880245
0.867607
0.878071
0.875515
0.809330
0.684657
0.550675
0.416066
0.315964
0.313063
0.366473
0.438573
0.538236
0.635572
0.729674
0.820823
0.936472
1.101901
1.161010
1.127622
1.060443
0.985787
0.922280
0.856878
0.775224
0.667540
0.545709
0.415156
0.303754
0.293123
0.340543
0.423047
0.534865
0.647767
0.760733
0.870943
0.982416
1.047468
0.993064
0.897340
0.817593
0.777000
0.776631
0.793748
0.812896
0.806680
0.737553
0.622141
0.494459
0.416108
0.412954
0.444707
0.507816
0.596802
0.696959
0.797602
0.895229
0.998585
0.999472
0.906164
0.801144
0.720704
0.684456
0.689551
0.706890
0.725969
0.723997
0.672047
0.562164
0.463259
0.440638
0.457623
0.504529
0.591056
0.683757
0.771785
0.858094
0.959132
1.040312
1.022283
0.954108
0.903812
0.887977
0.898488
0.893782
0.831069
0.714149
0.594383
0.471543
0.387529
0.403180
0.467938
