0.000100
0.000739
0.000564
0.000498
0.000277
0.000081
0.000100
0.003265
0.015739
0.035845
0.045942
0.047228
0.045724
0.041499
0.036553
0.033329
0.034294
0.032037
0.040370
0.103656
0.110179
0.070474
0.066002
0.092378
0.128727
0.168822
0.201718
0.233749
0.272562
0.327443
0.385141
0.431740
0.463926
0.484900
0.522542
0.528665
0.500491
0.487964
0.488760
0.500008
0.538890
0.555315
0.547216
0.476683
0.398485
0.358984
0.325755
0.263317
0.196074
0.147852
0.107539
0.119528
0.131051
0.144015
0.162281
0.187777
0.229569
0.283726
0.338972
0.387250
0.470143
0.583724
0.629620
0.629169
0.606231
0.543149
0.463123
0.377730
0.322361
0.317320
0.369758
0.463177
0.558673
0.659435
0.768094
0.862999
0.843345
0.820629
0.818173
0.816458
0.827525
0.853155
0.863000
0.862955
0.863000
0.862949
0.862999
0.863000
0.860870
0.848865
0.816357
0.760584
0.701148
0.637820
0.567303
0.504739
0.442037
0.366121
0.292560
0.259513
0.223027
0.187112
0.155023
0.116107
0.071657
0.020199
-0.033468
-0.062761
-0.084322
-0.040348
0.033921
0.062738
0.031173
-0.028423
-0.076171
-0.106741
-0.131415
-0.141361
-0.152002
-0.165615
-0.171951
-0.169048
-0.152409
-0.125167
-0.090206
-0.051141
-0.006177
0.038549
0.063686
0.052867
0.037992
0.026764
0.035421
0.044975
0.056634
0.075651
0.076087
0.063470
0.067870
0.065736
0.043119
0.026729
0.020724
0.024546
0.040218
0.062592
0.083025
0.108340
0.112956
0.081920
0.035356
0.000491
-0.001023
0.041051
0.062851
0.091848
0.124484
0.140228
0.145938
0.164998
0.166750
0.164261
0.164879
0.163777
0.158056
0.154385
0.154705
0.156794
0.167320
0.185071
0.180178
0.170200
0.163035
0.163171
0.155699
0.133149
0.117754
0.100290
0.079032
0.064279
0.065823
0.067759
0.063560
0.062186
0.066384
0.076466
0.093471
0.115505
0.140112
0.170853
0.188731
0.164095
0.131031
0.088188
0.070420
0.095202
0.111723
0.130951
0.150875
0.154532
0.144549
0.150451
0.141272
0.126136
0.116221
0.105779
0.096483
0.096353
0.101213
0.104418
0.111937
0.115317
0.111676
0.096821
0.084906
0.092657
0.091821
0.074471
0.060719
0.048150
0.033238
0.022951
0.033803
0.045270
0.045218
0.046391
0.049643
0.056208
0.070633
0.091705
0.115473
0.148600
0.184163
0.182742
0.164262
0.169825
0.168987
0.153177
0.140809
0.134142
0.127041
0.110120
0.111113
0.115404
0.099639
0.085384
0.086714
0.097461
0.110931
0.131956
0.149104
0.169219
0.185533
0.182451
0.160146
0.135689
0.137431
0.142295
0.138962
0.141157
0.143555
0.146459
0.137194
0.146540
0.155984
0.143255
0.131871
0.128092
0.132246
0.143894
0.160282
0.176028
0.199187
0.225727
0.224221
0.203107
0.203307
0.200380
0.181980
0.158628
0.144370
0.128328
0.116444
0.119763
0.131734
0.129981
0.124021
0.125734
0.131479
0.141415
0.158777
0.174511
0.192460
0.224549
0.252493
0.245349
0.226330
0.222407
0.205953
0.174192
0.152267
0.130277
0.114686
0.103286
0.107737
0.109509
0.099846
0.097508
0.107454
0.122749
0.145917
0.171051
0.194192
0.222031
0.250643
0.245173
0.218064
0.196855
0.188278
0.178562
0.163215
0.154554
0.138764
0.115068
0.103979
0.108226
0.100959
0.082820
0.073619
0.076338
0.086057
0.105103
0.122987
0.139070
0.164606
0.192569
0.186476
0.166935
0.170691
0.157614
0.125332
0.097367
0.071853
0.050219
0.033073
0.038230
0.046400
0.041934
0.040981
0.049211
0.064143
0.085948
0.112866
0.136831
0.165704
0.200540
0.208355
0.189717
0.183806
0.177355
0.156177
0.136145
0.122377
0.108053
0.085377
0.088629
0.098358
0.086569
0.072893
0.072627
0.080068
0.095562
0.115775
0.129321
0.147342
0.178607
0.201456
0.188818
0.183938
0.175480
0.144478
0.113223
0.093711
0.074866
0.053723
0.062908
0.078141
0.071959
0.064330
0.065251
0.068760
0.080650
0.096659
0.106138
0.119650
0.133384
0.154360
0.156194
0.166539
0.157760
0.124579
0.081740
0.054110
0.034622
0.017498
0.028421
0.051957
0.057708
0.059393
0.067304
0.076122
0.091509
0.112146
0.126919
0.143215
0.166538
0.200755
0.185422
0.185117
0.180062
0.148770
0.107343
0.077987
0.053853
0.034801
0.043255
0.063221
0.068307
0.069517
0.076278
0.084549
0.098560
0.119609
0.135239
0.147691
0.162827
0.186261
0.179827
0.182389
0.183542
0.155219
0.111089
0.075176
0.044119
0.030133
0.033373
0.051199
0.061118
0.066410
0.081141
0.101333
0.124934
0.156533
0.185855
0.213065
0.249677
0.287891
0.283635
0.246530
0.232306
0.216984
0.190474
0.168554
0.148331
0.132967
0.115448
0.117948
0.120404
0.103675
0.092102
0.097238
0.110167
0.129333
0.152264
0.170272
0.194588
0.233788
0.247385
0.221516
0.213988
0.205617
0.178403
0.150342
0.129104
0.108132
0.085407
0.090010
0.100739
0.092576
0.082485
0.082377
0.087326
0.099661
0.117814
0.129676
0.142081
0.161108
0.183796
0.177240
0.184303
0.182528
0.155010
0.119019
0.093276
0.072578
0.051705
0.056680
0.076118
0.080637
0.078722
0.084034
0.094158
0.110373
0.134704
0.153626
0.170469
0.195721
0.235363
0.214877
0.209073
0.206328
0.181737
0.146017
0.119648
0.096483
0.082336
0.082678
0.100730
0.108012
0.104941
0.111254
0.124390
0.143162
0.170138
0.193697
0.214376
0.246063
0.293101
0.280672
0.257421
0.248634
0.231415
0.199462
0.173511
0.150706
0.139199
0.131615
0.143153
0.150504
0.141868
0.142193
0.151984
0.167939
0.191064
0.213648
0.231364
0.261514
0.308527
0.309352
0.283372
0.274565
0.262138
0.227649
0.192634
0.163782
0.139518
0.116264
0.121127
0.132778
0.124759
0.117070
0.117448
0.121817
0.133635
0.151774
0.162598
0.171279
0.177059
0.188345
0.187923
0.204293
0.200237
0.163562
0.113040
0.072467
0.041606
0.019571
0.027404
0.047902
0.055136
0.059499
0.070959
0.085197
0.105713
0.134368
0.157877
0.178479
0.201671
0.243344
0.225767
0.216489
0.211845
0.187404
0.149637
0.119611
0.092622
0.076705
0.076577
0.092724
0.099981
0.098461
0.106112
0.122382
0.142255
0.170722
0.195706
0.216983
0.249007
0.295431
0.279496
0.252328
0.244512
0.227495
0.192213
0.160577
0.132481
0.116985
0.102715
0.111337
0.120892
0.112532
0.109320
0.118190
0.132679
0.154261
0.179953
0.199665
0.224783
0.268418
0.282303
0.257335
0.248723
0.235046
0.201651
0.164970
0.134941
0.109052
0.085179
0.091265
0.104545
0.099698
0.093174
0.096904
0.105162
0.119853
0.139921
0.151995
0.165620
0.178584
0.189806
0.189321
0.201376
0.195463
0.162929
0.119824
0.089202
0.067005
0.047349
0.056713
0.081347
0.087853
0.088841
0.095546
0.104175
0.120143
0.142236
0.157124
0.171859
0.189306
0.211998
0.207301
0.212862
0.208840
0.175475
0.131911
0.100297
0.076115
0.058527
0.067306
0.089666
0.096221
0.097406
0.105662
0.116530
0.133187
0.156714
0.173288
0.186494
0.202465
0.234912
0.223146
0.223246
0.220177
0.191626
0.149165
0.117295
0.091845
0.077454
0.081410
0.104079
0.115700
0.117810
0.128431
0.143211
0.161954
0.188560
0.210731
0.228703
0.250313
0.304752
0.288932
0.270328
0.261757
0.238687
0.197490
0.162552
0.133776
0.117763
0.112274
0.128471
0.139008
0.135679
0.141722
0.153030
0.169267
0.192981
0.217384
0.236103
0.257055
0.303690
0.301790
0.278140
0.272132
0.251170
0.206455
0.163530
0.125044
0.099126
0.081824
0.090376
0.102064
0.098861
0.101058
0.112838
0.128277
0.150036
0.175949
0.195303
0.217225
0.238776
0.244025
0.231509
0.231365
0.218672
0.183375
0.141948
0.107106
0.077597
0.052884
0.059656
0.072751
0.067360
0.061605
0.068953
0.080231
0.098124
0.121268
0.137638
0.160127
0.176567
0.185136
0.185554
0.193981
0.184682
0.151435
0.112108
0.086988
0.067442
0.047882
0.060559
0.081391
0.080438
0.076745
0.081473
0.090707
0.107453
0.126882
0.138331
0.155149
0.173353
0.194501
0.196278
0.197582
0.186064
0.152118
0.114555
0.093112
0.078020
0.062660
0.079971
0.105563
0.107326
0.106082
0.109864
0.116324
0.129470
0.145019
0.152106
0.162474
0.172230
0.187083
0.198019
0.203642
0.191792
0.151800
0.106018
0.076910
0.056619
0.043990
0.063786
0.088809
0.093504
0.098046
0.105727
0.114095
0.128058
0.144238
0.152156
0.162154
0.174433
0.186303
0.193894
0.202267
0.192863
0.151558
0.103366
0.070472
0.046547
0.032733
0.051105
0.074129
0.078852
0.083935
0.092956
0.102214
0.116078
0.136476
0.150661
0.165045
0.176225
0.187023
0.191908
0.204733
0.198936
0.162624
0.115096
0.081740
0.056597
0.036905
0.046908
0.070042
0.076037
0.078043
0.085438
0.093970
0.108663
0.129647
0.144295
0.159788
0.174575
0.190220
0.187437
0.195512
0.191437
0.157400
0.113313
0.081965
0.057033
0.036345
0.044333
0.065103
0.069855
0.070586
0.077946
0.087346
0.102435
0.124198
0.139962
0.155922
0.174068
0.197499
0.187675
0.190704
0.187942
0.157115
0.116576
0.087559
0.062913
0.041799
0.048653
0.068570
0.073272
0.073390
0.080863
0.091648
0.107751
0.131419
0.149560
0.164983
0.183034
0.212791
0.198654
0.198548
0.197259
0.169332
0.128878
0.098914
0.073510
0.055022
0.055719
0.074470
0.081618
0.080310
0.087838
0.100843
0.118785
0.144954
0.167643
0.187394
0.212577
0.261228
0.240039
0.225908
0.220755
0.198075
0.163535
0.139765
0.118298
0.100815
0.098101
0.112296
0.116699
0.110178
0.113651
0.124152
0.139587
0.163095
0.182703
0.198850
0.220419
0.267349
0.251375
0.235076
0.229252
0.210997
0.177097
0.149956
0.126879
0.112267
0.105696
0.120575
0.130652
0.125038
0.127762
0.138135
0.153028
0.175654
0.199094
0.218025
0.244057
0.294116
0.288516
0.264134
0.256674
0.239302
0.202014
0.169133
0.141739
0.126687
0.113754
0.123386
0.134053
0.126363
0.124194
0.133113
0.146536
0.166624
0.190776
0.208784
0.231786
0.272588
0.268921
0.248871
0.245343
0.232309
0.198380
0.162030
0.131019
0.112093
0.092236
0.099111
0.113550
0.108557
0.103395
0.112739
0.125613
0.144410
0.169871
0.187954
0.209709
0.238404
0.246263
0.237789
0.236084
0.224398
0.187857
0.150662
0.122015
0.095222
0.069653
0.076418
0.089951
0.083174
0.075825
0.078801
0.084302
0.097592
0.115359
0.126328
0.141616
0.152239
0.160162
0.168446
0.181524
0.172062
0.136240
0.093655
0.067201
0.048108
0.033113
0.051117
0.075551
0.079766
0.082765
0.091825
0.102962
0.120053
0.139556
0.151061
0.166391
0.181694
0.202414
0.204308
0.204307
0.193196
0.156636
0.117201
0.093737
0.075716
0.060918
0.078075
0.100804
0.102051
0.102184
0.106198
0.111528
0.123035
0.136934
0.142749
0.150863
0.161151
0.172293
0.180175
0.190555
0.180261
0.137728
0.088647
0.056301
0.033573
0.021108
0.040483
0.062915
0.067417
0.072834
0.081570
0.090415
0.103881
0.120604
0.130517
0.142130
0.153695
0.164117
0.171108
0.182917
0.177302
0.139436
0.095088
0.065687
0.043711
0.030299
0.048055
0.070072
0.074152
0.077911
0.086462
0.096164
0.110596
0.129186
0.140561
0.155554
0.170935
0.180753
0.184824
0.192619
0.184720
0.148645
0.108674
0.082426
0.060149
0.041248
0.053460
0.071385
0.069941
0.067111
0.071121
0.077656
0.091006
0.108182
0.118974
0.135084
0.151414
0.165835
0.168721
0.176208
0.168644
0.134806
0.096789
0.074398
0.056183
0.039639
0.054895
0.075758
0.076143
0.074792
0.079604
0.086863
0.101244
0.118377
0.128809
0.144823
0.163416
0.179892
0.180487
0.183109
0.174243
0.137221
0.098292
0.074273
0.053512
0.036997
0.051541
0.070240
0.069240
0.067537
0.071500
0.076217
0.087201
0.103896
0.115293
0.129140
0.141714
0.153967
0.160821
0.175348
0.169922
0.137004
0.094498
0.067496
0.047323
0.030274
0.041223
0.063605
0.068580
0.069324
0.076073
0.083998
0.097999
0.117190
0.130609
0.145244
0.163987
0.188501
0.181275
0.182252
0.174050
0.142076
0.102423
0.076263
0.053463
0.033514
0.041134
0.060044
0.063479
0.063360
0.067999
0.074484
0.086582
0.104756
0.117473
0.129579
0.140027
0.153276
0.153885
0.166495
0.162483
0.129500
0.086943
0.057564
0.032738
0.012133
0.019651
0.038416
0.042922
0.045127
0.053275
0.063327
0.078732
0.100507
0.117343
0.136608
0.154893
0.175590
0.166351
0.166732
0.159429
0.127566
0.089647
0.063759
0.038879
0.014842
0.019232
0.034811
0.034757
0.031665
0.036171
0.043370
0.056814
0.076320
0.091200
0.108393
0.123084
0.139450
0.135940
0.147330
0.145943
0.114632
0.075524
0.049206
0.024673
0.002039
0.006650
0.021970
0.022858
0.020845
0.026860
0.036139
0.051146
0.072663
0.090325
0.109208
0.130133
0.152206
0.143571
0.147237
0.145174
0.116634
0.081777
0.058840
0.035322
0.010562
0.011609
0.023519
0.020775
0.014310
0.018017
0.026046
0.040430
0.061457
0.078721
0.096127
0.117125
0.147290
0.133076
0.137652
0.138331
0.112972
0.077929
0.055049
0.033991
0.008246
0.005228
0.020738
0.022676
0.017164
0.019940
0.027722
0.041767
0.063012
0.082279
0.100567
0.119687
0.156204
0.144533
0.140769
0.141679
0.118406
0.083656
0.061409
0.039981
0.018993
0.016952
0.030324
0.034440
0.031919
0.037436
0.047873
0.063805
0.087530
0.109450
0.129354
0.153936
0.190199
0.180821
0.159660
0.157094
0.142020
0.110265
0.090088
0.069368
0.051690
0.045617
0.057618
0.064753
0.060637
0.064634
0.076722
0.092532
0.115902
0.141291
0.162980
0.189194
0.228740
0.229641
0.199207
0.188260
0.175042
0.147877
0.127451
0.109211
0.092895
0.077338
0.081725
0.087849
0.077857
0.072895
0.085115
0.100809
0.120493
0.144357
0.162779
0.185744
0.222184
0.228572
0.201663
0.190959
0.182157
0.153785
0.128389
0.108253
0.086367
0.062704
0.068118
0.078867
0.070108
0.060029
0.060593
0.064254
0.075948
0.092730
0.105109
0.123787
0.139522
0.149064
0.151245
0.160734
0.149650
0.117042
0.081109
0.060357
0.041287
0.023619
0.037056
0.056281
0.056428
0.055426
0.061256
0.069923
0.085345
0.102722
0.113959
0.129551
0.143544
0.166891
0.166364
0.165026
0.151673
0.119693
0.085744
0.069368
0.055723
0.043095
0.061987
0.086101
0.087645
0.086437
0.089898
0.094414
0.104452
0.116117
0.121421
0.132555
0.145119
0.162721
0.170944
0.172935
0.160298
0.123840
0.084403
0.063391
0.048598
0.039643
0.061107
0.085957
0.090067
0.093514
0.100757
0.107931
0.118987
0.132108
0.138862
0.149610
0.162076
0.179408
0.181621
0.182104
0.169060
0.128686
0.086024
0.060932
0.042849
0.031225
0.049248
0.069702
0.071762
0.074496
0.080008
0.085773
0.095534
0.108007
0.115530
0.127195
0.141448
0.151797
0.155645
0.163049
0.154185
0.118343
0.078369
0.054867
0.037019
0.024012
0.040013
0.059444
0.061632
0.064458
0.071716
0.079739
0.092058
0.107521
0.117541
0.130818
0.143039
0.165135
0.163021
0.162358
0.151144
0.115571
0.079731
0.060073
0.040606
0.024020
0.037531
0.054644
0.053338
0.052245
0.053997
0.057768
0.067199
0.079774
0.088303
0.101665
0.115907
0.130861
0.136270
0.144706
0.135895
0.102444
0.066344
0.046339
0.027084
0.010823
0.023708
0.039559
0.038328
0.037994
0.044103
0.051369
0.063756
0.078973
0.089760
0.105460
0.120881
0.144817
0.138563
0.135271
0.124719
0.092092
0.059329
0.041783
0.022127
0.004758
0.016472
0.030900
0.027765
0.025747
0.028119
0.032401
0.042507
0.055654
0.065522
0.081087
0.099065
0.113197
0.115061
0.122837
0.116337
0.085737
0.053712
0.036940
0.018443
0.001627
0.012816
0.026907
0.024939
0.024191
0.030469
0.038836
0.052117
0.068578
0.081046
0.099232
0.119654
0.142409
0.129611
0.121579
0.111499
0.080959
0.052058
0.037880
0.019428
0.001265
0.011727
0.024708
0.019964
0.016717
0.017859
0.021165
0.030590
0.042307
0.051001
0.067180
0.084451
0.096725
0.097709
0.106148
0.100585
0.071758
0.041407
0.026981
0.010886
-0.004865
0.006648
0.021558
0.020418
0.020517
0.028114
0.038210
0.052976
0.071252
0.085629
0.100724
0.122000
0.144463
0.128042
0.113609
0.102953
0.072918
0.047010
0.036563
0.020967
0.004204
0.015664
0.029026
0.023134
0.018800
0.017616
0.018664
0.025942
0.035648
0.043377
0.059021
0.079925
0.091852
0.091878
0.100123
0.093838
0.063124
0.031637
0.016520
-0.000286
-0.016863
-0.007733
0.003709
0.000666
-0.000086
0.007011
0.016884
0.030764
0.048837
0.064403
0.081817
0.103943
0.122019
0.102480
0.090549
0.083387
0.057674
0.037183
0.031137
0.017846
0.001068
0.010869
0.022767
0.016090
0.010696
0.009733
0.011269
0.019198
0.029945
0.039069
0.055551
0.075668
0.094585
0.085997
0.088374
0.082609
0.055449
0.029196
0.018006
0.001649
-0.016643
-0.008833
0.002354
-0.001922
-0.004034
0.001765
0.009592
0.022912
0.040045
0.055119
0.072419
0.093256
0.110146
0.093918
0.083274
0.077199
0.055965
0.040298
0.040092
0.032836
0.018437
0.029468
0.042914
0.034665
0.025947
0.025925
0.028450
0.038402
0.050886
0.062196
0.081074
0.109254
0.128913
0.107321
0.095590
0.088573
0.064683
0.045886
0.042534
0.033121
0.018496
0.028040
0.039253
0.030475
0.022633
0.021928
0.023059
0.030381
0.041124
0.050878
0.067261
0.088979
0.106497
0.089145
0.084118
0.078749
0.054142
0.034062
0.028483
0.015812
-0.002094
0.004387
0.013736
0.005337
-0.001331
-0.000122
0.003786
0.013197
0.026704
0.039595
0.057879
0.079412
0.093250
0.075609
0.070082
0.065472
0.044755
0.028753
0.027151
0.017417
-0.000680
0.006443
0.017111
0.007822
-0.000550
0.000540
0.005009
0.015602
0.029676
0.043087
0.059437
0.082995
0.098392
0.077989
0.067605
0.061414
0.041257
0.026564
0.026944
0.019877
0.004707
0.014432
0.027011
0.018387
0.010506
0.011261
0.013911
0.022880
0.034968
0.046981
0.064925
0.090516
0.107343
0.084378
0.073697
0.067976
0.047966
0.033520
0.034346
0.028166
0.013372
0.022105
0.033256
0.022842
0.013250
0.011772
0.012706
0.020869
0.033172
0.045836
0.059980
0.084192
0.097650
0.074515
0.064118
0.059364
0.039987
0.027252
0.029483
0.023387
0.008119
0.016355
0.026628
0.015931
0.006352
0.004568
0.005114
0.012673
0.024616
0.037651
0.055935
0.082332
0.091829
0.067479
0.059442
0.056644
0.040210
0.030101
0.034704
0.028178
0.011963
0.019003
0.027574
0.014199
0.001475
-0.001775
-0.001321
0.005596
0.017959
0.031450
0.048867
0.072109
0.079474
0.053928
0.044687
0.042190
0.026286
0.017668
0.023095
0.016863
0.000901
0.008717
0.018492
0.006472
-0.004384
-0.006746
-0.006113
0.001373
0.013374
0.026962
0.045544
0.071110
0.078663
0.053524
0.046123
0.044376
0.030292
0.022874
0.029461
0.022473
0.007419
0.016605
0.026399
0.013130
0.001178
-0.001615
-0.001088
0.006326
0.019265
0.033930
0.052267
0.074918
0.080024
0.051576
0.044153
0.045981
0.035537
0.032147
0.042674
0.036615
0.020310
0.026395
0.032067
0.015339
-0.000084
-0.005288
-0.006006
-0.000148
0.011959
0.026130
0.045686
0.067308
0.070310
0.040839
0.034023
0.038425
0.030965
0.031018
0.044377
0.040134
0.024802
0.031130
0.036514
0.018944
0.002539
-0.003122
-0.003974
0.002052
0.014663
0.028512
0.047989
0.067494
0.070133
0.040069
0.032606
0.038718
0.032822
0.033599
0.049027
0.047605
0.031127
0.034242
0.036569
0.016443
-0.003969
-0.012379
-0.015512
-0.010998
0.000139
0.012761
0.029718
0.047706
0.050124
0.024169
0.017457
0.020989
0.010380
0.007566
0.018479
0.015672
-0.001643
0.002031
0.007328
-0.007894
-0.022847
-0.027702
-0.028630
-0.022307
-0.010703
0.002540
0.021157
0.043636
0.048930
0.028976
0.024038
0.026187
0.017849
0.016052
0.029217
0.027635
0.012916
0.020345
0.027982
0.011176
-0.006780
-0.012387
-0.011270
-0.002403
0.011824
0.000000
0.003599
0.007890
0.009605
0.009579
0.016398
0.017969
0.003481
-0.009280
-0.019529
-0.029964
-0.039176
-0.043387
-0.042296
-0.039685
-0.030544
-0.019139
-0.019985
-0.021331
-0.022135
-0.028835
-0.036900
-0.042111
-0.038671
-0.028266
-0.021243
-0.021107
-0.022620
-0.020944
-0.017991
-0.012917
-0.021568
-0.041783
-0.046906
-0.039779
-0.024819
0.001291
0.014773
0.016722
0.017276
0.015613
0.002835
-0.014108
-0.018251
-0.023358
-0.022517
-0.005044
-0.001073
0.000287
0.010171
0.015592
0.015582
0.016956
0.020154
0.020145
0.022734
0.028635
0.036931
0.037907
0.031693
0.013518
-0.003276
-0.020996
-0.018574
-0.027894
-0.043187
-0.041328
-0.027285
-0.023870
-0.024432
-0.017583
-0.008536
0.002009
0.022334
0.041854
0.058770
0.072799
0.083512
0.091781
0.071212
0.063092
0.058424
0.047921
0.037513
0.032084
0.010965
-0.013606
-0.014266
-0.013482
-0.032711
-0.048850
-0.052520
-0.039737
-0.021507
0.003971
0.027557
0.055185
0.068308
0.063897
0.030997
0.018287
0.025581
0.027193
0.030162
0.049056
0.054576
0.038491
0.038589
0.046389
0.034047
0.012964
0.000358
-0.008160
-0.007679
-0.001888
0.005165
0.022992
0.056688
0.074180
0.056618
0.055856
0.054110
0.037202
0.017629
0.015736
0.009521
-0.006944
-0.005957
0.003425
-0.000595
-0.007696
-0.005611
-0.000061
0.009973
0.025787
0.040819
0.059913
0.075808
0.094266
0.070641
0.058969
0.056850
0.040965
0.026637
0.028412
0.021650
0.002697
0.003378
0.013126
0.005172
-0.006790
-0.009653
-0.008451
-0.000776
0.011033
0.021352
0.037084
0.055336
0.079677
0.066084
0.063634
0.066806
0.056404
0.045754
0.052894
0.051815
0.037458
0.040893
0.052087
0.040614
0.020533
0.014332
0.017608
0.028261
0.044995
0.060339
0.074222
0.088402
0.104238
0.078148
0.057522
0.050918
0.035189
0.018692
0.020171
0.014994
-0.000906
0.004866
0.018332
0.012625
0.002827
-0.005594
-0.009891
-0.007408
-0.001570
0.004050
0.015926
0.034178
0.052872
0.045911
0.059085
0.063120
0.045870
0.023383
0.019362
0.013595
-0.003084
-0.003888
0.003770
-0.002278
-0.010024
-0.007020
0.002757
0.016823
0.039049
0.060160
0.082023
0.091729
0.090005
0.063757
0.039046
0.040138
0.039811
0.033709
0.049340
0.055940
0.043455
0.045665
0.053136
0.038712
0.015979
0.000099
-0.011143
-0.013576
-0.010428
-0.004608
0.010741
0.040985
0.059254
0.044269
0.044821
0.046090
0.030330
0.010279
0.008706
0.004200
-0.013438
-0.017909
-0.013757
-0.020955
-0.030279
-0.029585
-0.019357
-0.008868
0.009579
0.026979
0.046739
0.058213
0.064547
0.041646
0.020519
0.018959
0.018993
0.015469
0.029873
0.037978
0.024779
0.021574
0.032597
0.024442
0.002015
-0.008997
-0.014368
-0.010978
-0.001618
0.009704
0.028519
0.057520
0.082849
0.065285
0.047293
0.043867
0.030883
0.012724
0.014458
0.014388
-0.002155
-0.008682
-0.002189
-0.009511
-0.025832
-0.031201
-0.031938
-0.026425
-0.015287
-0.001734
0.017628
0.046783
0.065541
0.051028
0.030827
0.029763
0.024621
0.014078
0.022728
0.028237
0.015811
0.010176
0.017905
0.010947
-0.005927
-0.012539
-0.009103
-0.002171
0.013619
0.029466
0.048231
0.064260
0.072870
0.060178
0.029218
0.025894
0.026261
0.024274
0.040157
0.053507
0.046256
0.045922
0.057107
0.049453
0.026390
0.013361
0.006453
0.008171
0.017572
0.028941
0.045006
0.074553
0.096114
0.079118
0.049203
0.046111
0.041171
0.025941
0.027781
0.031453
0.017340
0.009634
0.020006
0.018685
0.001891
-0.005836
-0.007942
-0.004730
0.005240
0.019384
0.036330
0.061894
0.092350
0.084480
0.058519
0.047269
0.047183
0.037136
0.043484
0.051207
0.036744
0.026578
0.031827
0.028755
0.013130
0.006031
0.005884
0.007334
0.017378
0.030506
0.044089
0.061967
0.076118
0.068126
0.043132
0.026510
0.033737
0.036733
0.044675
0.061260
0.057576
0.039712
0.039938
0.040744
0.024542
0.009175
0.003038
0.000637
0.004275
0.016179
0.026721
0.041561
0.062582
0.056283
0.034083
0.029559
0.034806
0.030663
0.028514
0.039424
0.037740
0.019174
0.017846
0.025538
0.015970
-0.000239
-0.006694
-0.008260
-0.000895
0.012705
0.026158
0.046679
0.069899
0.088602
0.065108
0.050839
0.047515
0.031535
0.016984
0.020379
0.016013
-0.001492
-0.000451
0.008760
0.000300
-0.012860
-0.016832
-0.017726
-0.011137
-0.000839
0.009710
0.028836
0.053468
0.075293
0.056322
0.050287
0.048818
0.034359
0.017005
0.018460
0.014349
-0.003861
-0.006375
-0.000231
-0.008694
-0.021139
-0.022583
-0.017504
-0.007589
0.007881
0.023515
0.042773
0.059311
0.074693
0.049595
0.032891
0.032242
0.023378
0.015378
0.026392
0.028998
0.014686
0.015240
0.023060
0.011413
-0.006327
-0.012725
-0.014610
-0.009255
0.000747
0.011127
0.029214
0.052604
0.071944
0.050169
0.040759
0.041833
0.032036
0.021874
0.031229
0.034440
0.020449
0.019411
0.025978
0.013591
-0.004582
-0.010122
-0.007305
0.001132
0.016227
0.030602
0.046998
0.059825
0.072704
0.047831
0.029190
0.028259
0.021335
0.014545
0.027308
0.031939
0.018411
0.019878
0.028531
0.017532
-0.000977
-0.010153
-0.016343
-0.012533
-0.004428
0.004546
0.023085
0.047536
0.068457
0.048798
0.042187
0.046751
0.038830
0.031513
0.042254
0.047374
0.034882
0.034592
0.039568
0.022669
-0.001621
-0.009342
-0.005938
0.001498
0.015659
0.028356
0.043339
0.054190
0.067162
0.042851
0.022147
0.019958
0.012859
0.005921
0.018645
0.023542
0.010900
0.012701
0.021639
0.011607
-0.005528
-0.013774
-0.019772
-0.015822
-0.007146
0.001677
0.018276
0.035291
0.054665
0.035670
0.025876
0.027241
0.015654
0.005131
0.014216
0.017877
0.005377
0.005779
0.014084
0.002810
-0.014616
-0.018767
-0.015999
-0.007574
0.006341
0.019845
0.034970
0.047914
0.063366
0.040443
0.021227
0.018292
0.006945
-0.003563
0.005483
0.008571
-0.004558
-0.002779
0.006539
-0.003734
-0.020398
-0.025951
-0.028762
-0.024597
-0.016776
-0.007373
0.012303
0.037814
0.058864
0.039839
0.031388
0.034209
0.027265
0.019635
0.031030
0.040034
0.030102
0.029350
0.035521
0.023532
-0.000435
-0.009965
-0.004585
0.006043
0.025290
0.045430
0.069824
0.078890
0.075515
0.052375
0.016879
0.015553
0.022481
0.022846
0.042196
0.058661
0.053534
0.056689
0.068685
0.059560
0.033787
0.015376
0.001473
-0.003628
-0.001184
0.005795
0.021687
0.055768
0.089464
0.074566
0.057044
0.052452
0.042430
0.024746
0.025927
0.027613
0.014021
0.007268
0.011492
0.004136
-0.009847
-0.012695
-0.007605
-0.003875
0.009103
0.021088
0.034448
0.051725
0.064871
0.053353
0.019160
0.006435
0.015772
0.018921
0.038368
0.054146
0.048180
0.044361
0.055270
0.054166
0.035711
0.026246
0.023052
0.023348
0.032336
0.044208
0.057230
0.076724
0.088739
0.078248
0.044643
0.037353
0.045964
0.043627
0.053685
0.066413
0.056277
0.043813
0.051725
0.052645
0.030835
0.014403
0.006195
0.003759
0.009611
0.022039
0.036908
0.062893
0.093151
0.089761
0.060640
0.044579
0.048486
0.046339
0.047231
0.058632
0.047413
0.029443
0.031770
0.034111
0.017939
0.004256
-0.000204
-0.002568
0.001148
0.012978
0.024428
0.040861
0.062921
0.056561
0.035353
0.021046
0.028481
0.029423
0.029240
0.043105
0.040441
0.020125
0.013718
0.014790
-0.000902
-0.022496
-0.031717
-0.034340
-0.029604
-0.016527
-0.002071
0.018325
0.035343
0.044491
0.022151
0.011047
0.013589
0.007673
0.004191
0.018694
0.023468
0.009813
0.010801
0.020654
0.009292
-0.010669
-0.018036
-0.020003
-0.013087
-0.002628
0.007727
0.026011
0.042043
0.062426
0.039918
0.024901
0.022438
0.010992
0.000794
0.009841
0.014017
0.003877
0.009395
0.022593
0.015557
0.001799
-0.002284
-0.009120
-0.003457
0.006158
0.016683
0.034856
0.052735
0.074057
0.053380
0.038029
0.038089
0.030166
0.022109
0.035008
0.042904
0.033380
0.036554
0.045045
0.032890
0.013497
0.007161
0.007735
0.013716
0.025856
0.038922
0.058391
0.074556
0.085388
0.061021
0.035167
0.034515
0.028169
0.020682
0.034381
0.039821
0.027009
0.027823
0.034596
0.021587
0.001914
-0.008133
-0.014477
-0.013679
-0.007814
0.000436
0.018118
0.042077
0.060055
0.039939
0.029919
0.029519
0.017812
0.005018
0.012011
0.012748
-0.003712
-0.008227
-0.004409
-0.017290
-0.034388
-0.038241
-0.033925
-0.025643
-0.010550
0.004567
0.021760
0.032224
0.040933
0.018419
-0.002153
-0.003759
-0.009117
-0.013889
0.001968
0.010067
-0.000625
0.001411
0.010527
-0.002054
-0.022716
-0.030840
-0.036311
-0.033752
-0.026519
-0.016752
0.001036
0.021702
0.044474
0.027939
0.016262
0.016579
0.011335
0.003390
0.010596
0.019012
0.008603
0.004685
0.012298
-0.000257
-0.026546
-0.037120
-0.037807
-0.030693
-0.017582
-0.002024
0.020743
0.047776
0.058345
0.042413
0.009194
-0.004950
-0.003544
-0.002986
0.013136
0.028001
0.022880
0.023646
0.032287
0.023980
0.005305
-0.002059
-0.005331
-0.004671
0.004654
0.015445
0.030099
0.053388
0.066739
0.053820
0.021158
0.008594
0.015467
0.014684
0.030368
0.044059
0.037359
0.032310
0.041036
0.037004
0.016624
0.006810
0.005988
0.007421
0.017625
0.031318
0.047532
0.067834
0.071975
0.057623
0.022666
0.012079
0.026088
0.030375
0.044582
0.064616
0.059935
0.050346
0.058305
0.056492
0.030898
0.011616
0.000924
-0.003046
0.001536
0.012750
0.027359
0.052477
0.081098
0.075614
0.049682
0.034838
0.035209
0.029330
0.033817
0.049591
0.038138
0.015656
0.010167
0.005266
-0.014620
-0.032890
-0.041331
-0.049980
-0.053489
-0.048861
-0.043252
-0.032093
-0.013615
-0.018611
-0.026544
-0.027749
-0.019192
-0.016633
-0.015577
-0.002605
-0.011916
-0.032187
-0.036355
-0.032802
-0.047532
-0.065904
-0.072088
-0.067155
-0.056464
-0.036343
-0.016953
0.007970
0.016347
0.011284
-0.015028
-0.036657
-0.033500
-0.026260
-0.020670
0.006081
0.021540
0.015473
0.021502
0.031958
0.018783
-0.004817
-0.018252
-0.028662
-0.029934
-0.026509
-0.019191
0.000164
0.035768
0.054176
0.032484
0.016569
0.014470
0.001395
-0.012959
-0.006706
-0.005441
-0.021639
-0.027011
-0.024658
-0.036916
-0.052289
-0.054648
-0.051698
-0.044920
-0.033282
-0.020398
-0.000652
0.015172
0.025878
0.006322
-0.012747
-0.014357
-0.019049
-0.021713
-0.004210
0.005548
-0.004971
-0.008454
0.000673
-0.008638
-0.029481
-0.036284
-0.036033
-0.030063
-0.017445
-0.002622
0.018269
0.035583
0.047967
0.031357
0.003625
0.002024
0.002045
-0.000610
0.017708
0.032025
0.024676
0.022402
0.030692
0.019354
-0.007255
-0.020780
-0.023725
-0.020287
-0.010415
0.002921
0.024175
0.046052
0.058222
0.043118
0.009309
0.005369
0.006913
0.005759
0.023524
0.042120
0.040687
0.043600
0.055255
0.046520
0.022294
0.010439
0.005061
0.006822
0.015715
0.027302
0.045371
0.067759
0.078942
0.065358
0.030070
0.021402
0.028011
0.026996
0.041504
0.059399
0.056955
0.056826
0.069369
0.065971
0.042722
0.030290
0.023814
0.023498
0.031276
0.043770
0.061474
0.088145
0.103493
0.089844
0.056501
0.039077
0.046261
0.050496
0.064246
0.085066
0.082945
0.076981
0.083423
0.079466
0.053473
0.035797
0.029240
0.026563
0.031701
0.043302
0.058088
0.080518
0.097386
0.079980
0.048840
0.029226
0.033967
0.037156
0.048514
0.071190
0.067216
0.045083
0.036445
0.030138
0.008152
-0.016255
-0.030074
-0.040788
-0.046437
-0.042966
-0.037969
-0.027813
-0.008600
-0.003867
-0.009587
-0.020142
-0.014864
-0.008475
-0.010148
0.003081
-0.004031
-0.025299
-0.039694
-0.042405
-0.058142
-0.081106
-0.092889
-0.091357
-0.085102
-0.069477
-0.053009
-0.031676
-0.013779
-0.017055
-0.031922
-0.063201
-0.064262
-0.051905
-0.038484
-0.010758
0.016221
0.020010
0.026011
0.040074
0.031174
0.003191
-0.012458
-0.019238
-0.017135
-0.007680
0.004275
0.023059
0.047043
0.060767
0.046891
0.010573
-0.003002
0.000490
-0.002405
0.010361
0.027635
0.026030
0.026373
0.040084
0.038457
0.017981
0.008807
0.004021
0.004328
0.011339
0.022837
0.040335
0.071179
0.098153
0.090592
0.059539
0.042526
0.039953
0.038724
0.052899
0.073161
0.069177
0.063763
0.067973
0.059250
0.033987
0.019549
0.015344
0.012573
0.018591
0.027308
0.038262
0.054442
0.061981
0.048267
0.014815
-0.005344
0.010474
0.019420
0.035842
0.061329
0.061289
0.055401
0.065618
0.065138
0.040530
0.021452
0.011211
0.007031
0.011220
0.022152
0.035146
0.055932
0.077591
0.067475
0.038735
0.018422
0.022823
0.030112
0.037225
0.057709
0.053625
0.034134
0.028765
0.027057
0.008100
-0.014965
-0.026099
-0.033531
-0.035889
-0.029013
-0.020442
-0.005817
0.020234
0.021145
0.007149
-0.012173
-0.006649
-0.002420
0.000101
0.019907
0.021382
0.006587
0.002493
0.003443
-0.015180
-0.039429
-0.051166
-0.051729
-0.046627
-0.032423
-0.018419
0.001176
0.009365
0.009924
-0.015552
-0.036094
-0.036948
-0.032622
-0.033844
-0.020192
-0.006417
-0.013169
-0.009797
0.002703
-0.006696
-0.031188
-0.044138
-0.052298
-0.051817
-0.046927
-0.039010
-0.020880
0.019539
0.053440
0.042194
0.027659
0.022323
0.014376
0.003955
0.014631
0.023009
0.011146
0.004120
0.005863
-0.002939
-0.017120
-0.021070
-0.018778
-0.018270
-0.008123
0.000904
0.012533
0.024290
0.024069
0.009395
-0.025633
-0.040016
-0.023622
-0.009917
0.013368
0.035177
0.034982
0.036660
0.051616
0.049443
0.026342
0.011738
0.002987
-0.000149
0.005590
0.015619
0.028988
0.053388
0.077137
0.064953
0.032514
0.017070
0.026085
0.027425
0.039709
0.057374
0.054658
0.048127
0.056802
0.056197
0.033918
0.019806
0.017309
0.017244
0.024647
0.038526
0.055911
0.079663
0.091926
0.068481
0.034519
0.013208
0.020316
0.029023
0.042037
0.067656
0.065304
0.047677
0.045577
0.038553
0.009199
-0.019743
-0.036694
-0.049392
-0.054281
-0.052176
-0.045500
-0.027932
0.004603
-0.000489
-0.016674
-0.021300
-0.015515
-0.019785
-0.019460
-0.004520
-0.017835
-0.038831
-0.040672
-0.041175
-0.059598
-0.076269
-0.079583
-0.079788
-0.074751
-0.062378
-0.049158
-0.029683
-0.019311
-0.021594
-0.045952
-0.055217
-0.048401
-0.046516
-0.041607
-0.019950
-0.017553
-0.032519
-0.034497
-0.027711
-0.042402
-0.063739
-0.070823
-0.072199
-0.065071
-0.054766
-0.041509
-0.016668
0.007871
0.021582
-0.004855
-0.025064
-0.027149
-0.030578
-0.031789
-0.018087
-0.013329
-0.024252
-0.022702
-0.013818
-0.026910
-0.046395
-0.050740
-0.054373
-0.050219
-0.043633
-0.033543
-0.012193
0.014496
0.028796
0.005951
-0.018565
-0.019093
-0.020606
-0.022411
-0.003645
0.006554
-0.001220
0.001640
0.010455
-0.001665
-0.019828
-0.024109
-0.023753
-0.018860
-0.007234
0.007075
0.029145
0.043253
0.045301
0.015789
-0.014234
-0.011990
-0.010028
-0.007492
0.016077
0.030050
0.023112
0.026355
0.034064
0.018135
-0.006762
-0.019255
-0.027801
-0.028806
-0.023646
-0.013412
0.007781
0.031486
0.043527
0.020264
-0.003433
-0.004511
-0.010954
-0.016275
-0.000439
0.006940
-0.005909
-0.010093
-0.007926
-0.025897
-0.049529
-0.057438
-0.058701
-0.055323
-0.046531
-0.034292
-0.012592
0.002404
0.008161
-0.014362
-0.039625
-0.039781
-0.035654
-0.034219
-0.015403
0.000255
-0.006296
-0.010386
-0.004569
-0.019291
-0.049034
-0.062676
-0.066826
-0.064089
-0.056411
-0.043098
-0.017656
0.014261
0.021912
0.003930
-0.028550
-0.039149
-0.034335
-0.025716
0.000139
0.025736
0.028664
0.029636
0.034582
0.018771
-0.010829
-0.026884
-0.030932
-0.032721
-0.025481
-0.014980
0.003206
0.021608
0.016612
-0.004232
-0.039815
-0.052344
-0.034837
-0.016811
0.010938
0.042328
0.049726
0.054658
0.067438
0.060600
0.031643
0.012756
0.001418
-0.003204
0.002045
0.012738
0.030333
0.054137
0.059910
0.034310
0.001425
-0.014375
-0.000347
0.016106
0.033112
0.062195
0.058705
0.042759
0.041101
0.032829
0.001640
-0.029053
-0.050497
-0.066973
-0.075880
-0.077469
-0.072577
-0.055562
-0.032549
-0.030367
-0.034010
-0.040788
-0.038377
-0.031538
-0.022108
0.004453
0.003748
-0.012647
-0.023541
-0.032906
-0.056588
-0.082326
-0.094941
-0.103738
-0.107906
-0.100320
-0.091548
-0.074562
-0.059814
-0.083485
-0.108969
-0.139247
-0.145915
-0.116381
-0.083588
-0.048646
-0.019970
-0.011321
-0.008228
0.004436
-0.003326
-0.033267
-0.053366
-0.067016
-0.072639
-0.068563
-0.059287
-0.043807
-0.017575
-0.002724
-0.016590
-0.041676
-0.052168
-0.039055
-0.022976
0.002161
0.039363
0.039444
0.030514
0.035724
0.032259
0.006456
-0.017514
-0.032369
-0.044293
-0.049930
-0.047992
-0.041233
-0.023562
-0.004476
-0.017307
-0.035854
-0.053914
-0.052612
-0.036244
-0.016802
0.018257
0.029035
0.019907
0.014141
0.012292
-0.005062
-0.032520
-0.048978
-0.061889
-0.071773
-0.070821
-0.066251
-0.054930
-0.037695
-0.035106
-0.050509
-0.075700
-0.082968
-0.063834
-0.043640
-0.018190
-0.001452
-0.001927
-0.006449
-0.000787
-0.012678
-0.042976
-0.062134
-0.073915
-0.079974
-0.076332
-0.068595
-0.056278
-0.036000
-0.027540
-0.039994
-0.061121
-0.071139
-0.059487
-0.042997
-0.016133
0.022674
0.025748
0.019173
0.025698
0.025167
0.001971
-0.020607
-0.034512
-0.045779
-0.050727
-0.047607
-0.040926
-0.024662
-0.005942
-0.015092
-0.035259
-0.056162
-0.056174
-0.040995
-0.024534
0.003389
0.005178
-0.010340
-0.019206
-0.021596
-0.039942
-0.066762
-0.083173
-0.095882
-0.104881
-0.105759
-0.103516
-0.093498
-0.073085
-0.059278
-0.060183
-0.066957
-0.068434
-0.061547
-0.053852
-0.027277
-0.001802
0.001693
-0.004999
-0.003896
-0.016171
-0.043916
-0.061446
-0.066832
-0.063441
-0.049931
-0.030513
-0.003646
0.013771
-0.011302
-0.073817
-0.119111
-0.135092
-0.111196
-0.085916
-0.057088
-0.014706
0.003116
0.003184
0.017026
0.026453
0.007397
-0.014865
-0.037093
-0.053227
-0.060226
-0.062712
-0.057054
-0.035577
0.003164
0.009484
-0.010925
-0.019373
-0.013694
-0.018149
-0.017172
-0.004326
-0.020972
-0.044746
-0.051782
-0.060358
-0.089856
-0.115160
-0.123711
-0.128232
-0.128074
-0.122394
-0.114950
-0.097622
-0.078851
-0.093780
-0.109675
-0.125907
-0.113500
-0.086089
-0.059557
-0.027457
-0.017668
-0.021450
-0.015567
-0.008663
-0.027783
-0.053537
-0.068356
-0.078876
-0.082944
-0.078234
-0.071353
-0.055271
-0.033440
-0.036475
-0.052517
-0.075176
-0.077642
-0.059027
-0.037540
0.000287
0.032439
0.043845
0.051909
0.064101
0.056088
0.031371
0.017327
0.009604
0.004206
0.007925
0.017378
0.035421
0.056330
0.046842
0.010610
-0.026418
-0.038530
-0.018995
0.000192
0.021247
0.052818
0.052854
0.043255
0.045476
0.036295
0.001551
-0.031503
-0.056136
-0.073885
-0.082278
-0.085208
-0.081101
-0.063701
-0.032469
-0.031402
-0.042584
-0.045002
-0.040127
-0.039022
-0.029823
-0.007308
-0.020327
-0.043350
-0.051534
-0.059991
-0.084568
-0.106509
-0.114105
-0.123062
-0.125027
-0.118309
-0.107907
-0.088838
-0.075520
-0.096334
-0.114767
-0.135110
-0.129840
-0.106372
-0.083752
-0.052859
-0.048164
-0.060763
-0.066245
-0.067924
-0.093107
-0.123667
-0.138953
-0.145439
-0.144380
-0.140611
-0.133662
-0.113466
-0.077540
-0.075551
-0.089697
-0.103096
-0.101830
-0.088511
-0.078668
-0.058773
-0.053525
-0.064607
-0.074236
-0.074266
-0.092501
-0.120023
-0.133981
-0.132478
-0.130058
-0.124281
-0.117975
-0.102052
-0.075684
-0.061647
-0.077155
-0.103142
-0.107809
-0.087953
-0.064320
-0.027551
0.008425
0.027299
0.043698
0.062542
0.054368
0.031787
0.020695
0.015422
0.012075
0.017002
0.026543
0.043797
0.063345
0.058864
0.021563
-0.015382
-0.028775
-0.009735
0.009564
0.032153
0.066260
0.068826
0.063644
0.070469
0.064582
0.032452
0.000830
-0.023560
-0.041004
-0.048762
-0.049601
-0.042247
-0.019341
0.017265
0.011617
-0.008167
-0.014002
-0.010265
-0.010285
-0.002833
0.013927
0.001557
-0.020292
-0.028892
-0.039972
-0.069021
-0.093722
-0.101756
-0.111188
-0.113335
-0.107215
-0.095447
-0.073341
-0.057672
-0.083260
-0.102251
-0.122659
-0.115567
-0.085241
-0.061944
-0.031418
-0.018596
-0.028696
-0.038904
-0.042873
-0.071688
-0.108636
-0.133955
-0.153311
-0.164726
-0.169663
-0.173356
-0.167706
-0.148798
-0.132687
-0.128023
-0.120703
-0.109899
-0.096575
-0.076296
-0.048640
-0.009314
0.000856
0.008259
0.000000
0.017928
0.039527
0.057423
0.073385
0.087939
0.100674
0.113889
0.122415
0.121345
0.113291
0.102955
0.087193
0.066881
0.047752
0.036358
0.030407
0.030898
0.040018
0.038901
0.041070
0.046013
0.046529
0.042616
0.042061
0.049850
0.066906
0.088859
0.109280
0.118998
0.128082
0.135982
0.144321
0.151637
0.119837
0.094620
0.079482
0.076419
0.078369
0.078706
0.079283
0.084857
0.082837
0.069046
0.051814
0.047137
0.048128
0.036611
0.041052
0.055667
0.060991
0.062063
0.063982
0.063675
0.062323
0.066238
0.076644
0.096556
0.129897
0.157715
0.146938
0.137368
0.129198
0.118137
0.102122
0.102709
0.102907
0.090860
0.088962
0.080392
0.062814
0.055104
0.054370
0.050534
0.050294
0.060279
0.064660
0.067208
0.070428
0.077392
0.077207
0.058798
0.041852
0.030996
0.031456
0.032321
0.031584
0.013188
-0.012247
-0.019854
-0.020492
-0.028599
-0.037975
-0.035270
-0.030491
-0.022128
-0.001960
0.019544
0.044656
0.072351
0.085287
0.069287
0.065392
0.069776
0.060649
0.043771
0.046940
0.043548
0.025024
0.021881
0.027990
0.013294
-0.009501
-0.013704
-0.008334
0.004751
0.020544
0.033486
0.052071
0.078591
0.107201
0.084876
0.069649
0.068897
0.058664
0.041755
0.043316
0.044754
0.031190
0.037014
0.048896
0.037089
0.018000
0.011242
0.013908
0.024978
0.038928
0.050320
0.066950
0.094476
0.123939
0.102754
0.081895
0.075283
0.058772
0.037615
0.034385
0.020845
-0.000489
-0.004385
-0.000073
-0.004354
-0.008600
-0.002356
0.005406
0.013749
0.028027
0.039305
0.052710
0.068609
0.082502
0.066659
0.057723
0.057643
0.043703
0.029124
0.029980
0.017634
-0.004724
-0.009108
-0.001776
-0.010796
-0.025270
-0.024765
-0.016983
-0.003487
0.013203
0.029014
0.050391
0.069161
0.092833
0.075269
0.053567
0.049659
0.041914
0.029146
0.034126
0.041365
0.035007
0.046808
0.063359
0.054690
0.033537
0.026005
0.019866
0.026665
0.036907
0.048000
0.067894
0.108039
0.139193
0.114403
0.084659
0.069516
0.052668
0.033532
0.032400
0.026065
0.010319
0.011271
0.018161
0.010949
0.001783
0.001771
0.003469
0.006671
0.014294
0.021194
0.033936
0.055293
0.071029
0.054974
0.042249
0.044642
0.036469
0.025519
0.031776
0.020427
0.001145
0.000405
0.008084
-0.001842
-0.015708
-0.016823
-0.012922
-0.005979
0.007866
0.020761
0.039498
0.059006
0.070724
0.046156
0.022628
0.020535
0.013656
0.005348
0.017982
0.020562
0.006214
0.007218
0.016453
0.005127
-0.013026
-0.019113
-0.020935
-0.015282
-0.006544
0.004010
0.023288
0.052852
0.073097
0.051361
0.036669
0.035090
0.025959
0.018311
0.028115
0.031108
0.018200
0.016461
0.022404
0.006475
-0.017448
-0.024796
-0.023374
-0.016384
-0.004113
0.010035
0.033314
0.054789
0.068433
0.041433
0.006379
0.002656
-0.001000
-0.005946
0.011382
0.020623
0.012238
0.015986
0.025846
0.014438
-0.004596
-0.012345
-0.018835
-0.017767
-0.013237
-0.004817
0.014249
0.046855
0.065379
0.044255
0.022836
0.023223
0.015939
0.008103
0.018237
0.014486
-0.004518
-0.010845
-0.011583
-0.031566
-0.055544
-0.065022
-0.068221
-0.065725
-0.059905
-0.052329
-0.034926
-0.004948
0.002363
-0.015430
-0.037595
-0.036329
-0.029371
-0.024098
-0.007133
-0.012602
-0.028650
-0.032972
-0.033364
-0.055187
-0.080280
-0.092219
-0.097186
-0.097113
-0.092521
-0.087728
-0.073647
-0.046124
-0.036466
-0.050231
-0.064204
-0.066741
-0.058789
-0.052236
-0.031126
-0.029402
-0.043156
-0.050627
-0.048451
-0.060964
-0.080445
-0.088517
-0.091316
-0.092052
-0.085559
-0.077139
-0.061665
-0.037496
-0.031877
-0.042470
-0.065386
-0.071930
-0.058235
-0.048182
-0.031356
-0.027210
-0.038756
-0.050788
-0.051539
-0.067254
-0.097422
-0.113419
-0.121504
-0.122403
-0.117704
-0.111568
-0.098670
-0.075290
-0.057859
-0.059679
-0.068269
-0.068438
-0.055165
-0.041763
-0.011813
0.021862
0.037897
0.047510
0.062308
0.054668
0.035193
0.025416
0.020070
0.018572
0.023622
0.036378
0.055288
0.076771
0.071632
0.015775
-0.023180
-0.040257
-0.021854
0.010499
0.038028
0.073556
0.092520
0.091211
0.099844
0.100715
0.072953
0.036653
0.006841
-0.014602
-0.022661
-0.022329
-0.018171
-0.008193
0.006828
0.027063
0.025245
0.024561
0.024281
0.021668
0.017435
0.034380
0.039142
0.027090
0.016392
0.011728
-0.003981
-0.027044
-0.038641
-0.041584
-0.042097
-0.031495
-0.017348
0.005376
0.018465
-0.000247
-0.033338
-0.068007
-0.075566
-0.058812
-0.038335
-0.008798
0.015247
0.016459
0.022571
0.033085
0.019575
-0.010440
-0.033507
-0.047580
-0.050881
-0.046518
-0.037328
-0.018808
0.018250
0.042226
0.032300
0.016570
0.012373
0.013641
0.011194
0.026672
0.038351
0.032263
0.020019
0.015835
-0.001640
-0.033236
-0.051802
-0.056838
-0.059368
-0.052136
-0.039313
-0.019179
0.002375
-0.003526
-0.038148
-0.074879
-0.089446
-0.067586
-0.042248
-0.014650
0.021623
0.027095
0.025709
0.036323
0.033022
0.003492
-0.022954
-0.043015
-0.055530
-0.058493
-0.057023
-0.049849
-0.029660
0.000455
0.003710
-0.007385
-0.011644
-0.008177
-0.009478
0.004380
0.028858
0.023883
0.013596
0.015989
0.012447
-0.008565
-0.024547
-0.032097
-0.037669
-0.036827
-0.027586
-0.012939
0.010589
0.018271
-0.020496
-0.048062
-0.072868
-0.067268
-0.034630
-0.009279
0.021687
0.038058
0.033263
0.033090
0.034979
0.008565
-0.025745
-0.057060
-0.081107
-0.093446
-0.098991
-0.103305
-0.100257
-0.086186
-0.070888
-0.065703
-0.052711
-0.040140
-0.033139
-0.033487
-0.019018
-0.000040
-0.004938
-0.010334
-0.002444
-0.003606
-0.020316
-0.029910
-0.031361
-0.028000
-0.021351
-0.007121
0.012392
0.035327
0.036132
-0.008401
-0.045469
-0.063485
-0.043098
-0.013427
0.017224
0.058907
0.077936
0.083774
0.100646
0.098233
0.069137
0.040735
0.011329
-0.009497
-0.018120
-0.019588
-0.016142
-0.003150
0.015072
0.027081
0.021348
0.018346
0.020909
0.021189
0.024487
0.047787
0.039180
0.014052
-0.001511
-0.013669
-0.037214
-0.063672
-0.078172
-0.091596
-0.099964
-0.098483
-0.093640
-0.079254
-0.060623
-0.069749
-0.080209
-0.101802
-0.103483
-0.080483
-0.062109
-0.035206
-0.023839
-0.031747
-0.036842
-0.035752
-0.056135
-0.087237
-0.105662
-0.114978
-0.115392
-0.110092
-0.105457
-0.093907
-0.073903
-0.060550
-0.061246
-0.065829
-0.063953
-0.049613
-0.033020
-0.001104
0.032026
0.041315
0.047694
0.061394
0.051723
0.030972
0.017932
0.009778
0.005706
0.007909
0.017925
0.033550
0.054255
0.057582
0.023566
-0.012703
-0.031075
-0.012538
0.013724
0.042367
0.081809
0.101319
0.106241
0.120978
0.112754
0.088260
0.063989
0.042691
0.026346
0.018547
0.018271
0.020163
0.028073
0.041012
0.051738
0.043452
0.037787
0.036718
0.036251
0.037578
0.054356
0.037188
0.007987
-0.006601
-0.016870
-0.037734
-0.062620
-0.074736
-0.086809
-0.095602
-0.095897
-0.092191
-0.078170
-0.056006
-0.061008
-0.065203
-0.069477
-0.058755
-0.047815
-0.045564
-0.033851
-0.037687
-0.055816
-0.063353
-0.070076
-0.098315
-0.128271
-0.137756
-0.138463
-0.132147
-0.123101
-0.118037
-0.105086
-0.085124
-0.073701
-0.074921
-0.077778
-0.074898
-0.061824
-0.045596
-0.010716
0.014443
0.025350
0.038613
0.053061
0.049151
0.036849
0.033311
0.039173
0.040350
0.050921
0.061273
0.076987
0.086961
0.083103
0.066398
0.030126
0.016803
0.032557
0.044481
0.063402
0.088483
0.087000
0.088723
0.102037
0.092593
0.067885
0.038743
0.023361
0.016154
0.018089
0.024452
0.033793
0.046984
0.059968
0.070008
0.069636
0.066867
0.062990
0.051806
0.053518
0.059586
0.043294
0.025461
0.019936
0.010707
-0.013468
-0.030496
-0.035914
-0.039876
-0.035927
-0.025048
-0.011595
0.008653
0.026267
0.010136
-0.022713
-0.045286
-0.036137
-0.020248
-0.007426
0.014510
0.020140
0.015653
0.025739
0.025821
0.002733
-0.019752
-0.031616
-0.035111
-0.031083
-0.022123
-0.010531
0.008688
0.028235
0.036232
0.041186
0.040711
0.036632
0.036631
0.036915
0.055444
0.061757
0.055073
0.052740
0.051167
0.033676
0.009979
-0.004446
-0.003885
-0.004191
0.005727
0.017091
0.034107
0.048998
0.053071
0.034515
-0.000274
-0.015264
-0.000366
0.012614
0.035082
0.061306
0.063448
0.067268
0.081191
0.070872
0.047977
0.024928
0.014360
0.009783
0.013121
0.020048
0.030031
0.044553
0.066087
0.072207
0.064423
0.057769
0.055549
0.051103
0.059494
0.070495
0.058410
0.042325
0.036311
0.025329
-0.001849
-0.023063
-0.031000
-0.036557
-0.033761
-0.023777
-0.010534
0.010147
0.028564
0.014798
-0.018110
-0.041845
-0.033587
-0.018861
-0.006709
0.015743
0.021203
0.016430
0.025945
0.026648
0.004361
-0.018788
-0.029993
-0.033665
-0.029950
-0.020844
-0.008293
0.013052
0.036010
0.044074
0.047643
0.046030
0.041410
0.044510
0.046254
0.065944
0.078730
0.078766
0.077687
0.078782
0.057507
0.028333
0.010277
0.002140
0.003351
0.013250
0.029155
0.051207
0.068262
0.063345
0.030035
-0.006789
-0.022655
-0.002249
0.019886
0.046696
0.083456
0.094079
0.099316
0.113360
0.113075
0.085900
0.058518
0.042245
0.034354
0.035487
0.041745
0.051170
0.069521
0.102717
0.111272
0.093002
0.079317
0.074781
0.066760
0.070040
0.080095
0.073666
0.061882
0.059125
0.050501
0.023513
0.005729
0.001777
-0.002371
0.001686
0.012512
0.028353
0.051627
0.065183
0.048626
0.017637
-0.004107
0.001863
0.012053
0.017906
0.034200
0.030091
0.013546
0.011389
0.003054
-0.028132
-0.056058
-0.070555
-0.075704
-0.071605
-0.065137
-0.057479
-0.038763
-0.013354
0.003393
0.006721
0.015932
0.016330
0.020573
0.019680
0.037736
0.054667
0.052985
0.053617
0.059814
0.043879
0.017757
0.001565
-0.003363
0.004500
0.017927
0.036294
0.058642
0.073752
0.069742
0.034526
-0.004399
-0.021856
-0.002851
0.016963
0.042250
0.080099
0.091207
0.094575
0.108302
0.108223
0.080007
0.048713
0.026435
0.012062
0.007494
0.009257
0.018656
0.040798
0.081435
0.082645
0.062336
0.052466
0.047155
0.036262
0.034214
0.031394
0.017344
-0.001677
-0.007986
-0.020382
-0.046693
-0.059970
-0.062066
-0.065474
-0.062276
-0.054777
-0.042560
-0.020250
-0.000670
-0.011731
-0.026904
-0.043999
-0.040273
-0.019364
-0.001624
0.023128
0.021688
0.003931
-0.006049
-0.014944
-0.043287
-0.074782
-0.096202
-0.112382
-0.120866
-0.123166
-0.123996
-0.114676
-0.097851
-0.088615
-0.085370
-0.079993
-0.074583
-0.062548
-0.053541
-0.026013
-0.003879
0.003176
0.006378
0.018209
0.014634
-0.006450
-0.017782
-0.017278
-0.012315
-0.000110
0.018696
0.045087
0.062478
0.048687
0.000873
-0.036840
-0.050524
-0.028329
-0.004804
