0.000000
32.126953
32.155582
31.618185
30.401331
28.334560
28.168941
25.984522
25.398396
26.396549
24.259113
21.277395
17.328657
13.786645
7.610134
3.103441
7.746828
-1.649512
-1.745760
7.205913
-0.822729
0.349184
0.515298
0.444813
0.266049
-0.204312
-0.697175
-0.311143
0.222385
0.710466
0.083721
2.297963
4.066566
21.007866
35.549999
35.549999
33.571922
0.000000
30.473488
28.545687
27.731592
23.821064
-3.529140
-2.361983
-1.513836
0.622490
0.448571
0.699575
0.784541
0.913856
2.089128
3.789955
2.815167
2.142757
1.220193
-0.326420
-1.296110
0.000000
1.444516
2.860648
3.632070
24.022346
14.698137
-7.468948
-4.187120
-1.579129
0.276162
1.278624
2.201515
0.864346
0.063543
5.647688
7.920843
10.415591
10.296980
9.177045
8.485235
5.431434
0.000000
21.773003
24.915680
23.795715
21.763420
26.601475
26.770008
27.295334
24.096750
-3.292994
-2.367316
-0.770448
0.406421
0.687084
0.533837
-0.303751
-1.013827
-0.430257
-0.301661
4.646906
0.092657
3.710395
4.225891
3.081041
0.000000
29.076546
29.416149
29.897499
30.583176
31.703449
24.797623
-13.077166
-3.939095
-0.429127
1.982979
3.591327
1.580531
-0.690759
-0.288565
0.333276
0.859581
-0.094460
-1.481958
-1.524227
-1.464047
0.000000
30.929964
30.653109
30.999155
31.413132
31.120468
22.818703
-8.800658
-2.409307
0.926377
4.070580
1.125128
-1.261705
-1.307355
-0.795608
0.077319
-0.684952
-1.340385
-0.608966
-0.405982
4.587322
0.000000
31.012325
30.571930
30.959372
29.674837
30.206032
23.101585
-9.250571
-2.240202
1.681595
2.876703
1.361589
0.083283
-0.363092
-0.240665
-0.052846
-0.826702
-0.867933
-0.034832
-0.209039
5.526333
0.000000
30.450897
30.322590
30.658392
30.579058
30.909172
23.287636
-5.448243
-0.766051
2.091068
2.822021
1.338902
-0.172758
-0.236799
-0.497209
-0.130147
-0.730678
-0.900353
-0.445131
5.262885
5.639796
0.000000
29.048136
29.061806
29.634171
30.370455
30.159372
28.609512
-6.678521
-2.401296
1.332660
2.633692
0.584566
-0.312055
-0.123863
-0.382238
0.187963
-0.699946
-0.809537
0.098117
-0.317607
-0.568880
0.000000
30.406763
30.290535
30.720419
31.177034
30.892385
22.070234
-7.589783
-1.157292
1.251758
3.431323
1.462361
0.187641
-0.247099
-0.679902
0.242103
-0.213505
-0.760524
-0.457665
-0.606880
6.665734
0.000000
30.782673
30.827412
31.174297
30.813221
24.467413
-8.383536
-1.838836
0.626593
3.223539
1.321889
-0.236899
-0.109304
-0.329617
0.354496
-0.521073
-1.233651
-0.614698
-0.407936
4.984979
0.000000
31.103935
31.217720
31.539282
31.793600
31.143837
22.243256
-7.257487
-1.011547
1.543477
2.422047
0.788436
-0.109737
0.384743
-0.369083
0.117426
-0.492283
-1.048360
-0.253969
-0.301968
5.949346
0.000000
31.218258
31.367184
31.625854
31.099154
21.449766
-11.907984
-2.614123
-0.021681
2.754026
2.098657
0.739108
-0.077867
0.045786
0.335613
-0.222431
-1.040519
-0.603644
-0.435430
5.575924
0.000000
30.470724
30.412079
30.720182
31.098711
31.096336
24.732204
-5.268455
-0.864303
1.494901
2.516948
0.974242
0.112649
0.190213
-0.105895
0.153829
-0.716444
-1.002052
-0.457020
1.155941
5.492969
0.000000
30.319080
30.538771
30.976898
30.816160
31.163010
22.536850
-3.586963
-0.024528
2.255826
1.316566
0.281317
-0.038385
0.032166
0.435035
0.030858
-0.892883
-0.811048
-0.486346
-0.516378
5.007053
0.000000
30.976704
31.211323
31.538143
31.163254
21.964537
-7.635602
-1.209954
0.879241
3.044140
1.607317
0.244985
-0.051838
-0.384822
0.505622
-0.346467
-0.935340
-0.525014
-0.563372
5.845478
0.000000
30.716337
30.855850
31.220097
30.986082
24.307674
-8.288009
-1.892700
0.793831
2.710391
1.204713
-0.133708
-0.189068
-0.195291
0.580093
-0.349469
-0.958401
-0.321914
-0.366347
-0.663417
0.000000
31.251259
31.396273
31.658432
31.141315
20.657566
-9.274920
-2.033633
1.183531
2.986928
2.063880
0.022881
-0.450621
-0.212141
0.816808
-0.186526
-0.844619
-0.339911
-0.389424
-0.696635
0.000000
31.316954
31.404469
31.635002
31.202002
18.815029
-13.514013
-3.009719
0.500217
3.192743
2.805095
0.613843
-0.601365
-0.604954
0.640921
-0.081089
-0.688731
-0.586202
-0.432182
-0.911186
0.000000
31.532820
31.593634
31.784603
31.196739
18.971355
-13.634594
-3.112847
0.070197
2.808616
2.931641
0.942024
-0.243131
-0.393655
0.725063
-0.046952
-0.789193
-0.741052
-0.496175
6.191768
0.000000
31.089539
31.089792
31.332047
31.646961
31.379654
20.501089
-4.226901
-0.591112
2.184188
3.033951
1.477735
0.024177
0.103924
0.270656
0.099267
-0.752472
-0.874119
-0.668995
7.300042
6.502093
0.000000
30.553455
30.826132
31.202215
31.136814
24.552973
-6.972166
-1.051678
1.415316
2.404032
0.862283
-0.212937
0.221728
-0.171497
0.309324
-0.533950
-1.032249
-0.347836
-0.392962
5.397973
0.000000
31.148329
31.318399
31.596077
31.178474
22.792507
-9.556787
-1.881769
0.482767
3.057176
1.735771
0.402242
-0.061682
-0.244550
0.695731
-0.263275
-0.988620
-0.459467
-0.382809
3.707041
0.000000
31.090395
31.191883
31.476995
31.207458
20.797581
-11.726973
-2.961177
-0.104103
2.650641
2.523776
0.808046
-0.110308
-0.470429
0.705562
-0.063175
-0.868064
-0.661230
-0.418858
4.378224
0.000000
31.007332
31.085819
31.369577
31.662149
31.384796
20.746702
-3.917402
-0.371464
2.389732
2.554132
0.963677
-0.077951
0.017137
0.405167
0.011899
-0.790082
-0.781629
-0.465336
-0.455179
5.987956
0.000000
31.074413
31.322123
31.589087
31.346592
22.190002
-5.349979
-0.731922
2.040785
2.713403
0.820173
-0.077422
0.218943
-0.095607
0.095350
-0.669718
-0.963647
-0.245044
-0.312586
5.870643
0.000000
31.127708
31.369181
31.616917
31.302979
23.488827
-9.692623
-1.809953
0.988309
3.115263
1.345531
0.340789
0.127012
-0.169295
0.622414
-0.177067
-0.833659
-0.433410
-0.282256
6.175498
0.000000
31.121294
31.196861
31.454296
31.389006
20.468475
-13.055261
-3.075009
-0.312398
2.997490
2.748517
1.114988
-0.073460
-0.456995
0.728118
-0.058213
-0.757250
-0.749298
-0.499036
7.684290
0.000000
30.935072
30.956520
31.246025
31.554745
31.414677
21.263058
-4.001311
-0.496037
2.412727
2.561280
1.043120
-0.015569
0.052230
0.333202
-0.016659
-0.828367
-0.804300
-0.522759
6.566312
5.884794
0.000000
30.867485
31.135555
31.446451
31.328293
23.046947
-7.323492
-1.249874
1.254616
2.728755
1.198664
0.152687
0.306646
-0.226772
0.291515
-0.467683
-0.930665
-0.406189
-0.385518
5.793867
0.000000
31.065105
31.257366
31.531731
31.314896
23.370773
-9.700386
-1.901764
0.559077
3.269044
1.724251
0.432991
-0.045398
-0.275807
0.688927
-0.218129
-0.829571
-0.386462
-0.406228
6.763449
0.000000
31.109587
31.245680
31.517536
31.331667
20.620003
-12.790539
-2.937657
0.032347
2.952187
2.484121
0.764082
-0.221194
-0.477681
0.708680
-0.006495
-0.636603
-0.505029
-0.346193
-0.899320
0.000000
31.273722
31.355953
31.584949
31.307377
20.176685
-12.507301
-3.044114
-0.245313
2.698145
2.748979
0.889604
-0.185673
-0.351137
0.642122
-0.058325
-0.772288
-0.595598
-0.346807
4.306544
0.000000
31.097069
31.203947
31.438919
31.707901
31.434486
19.730068
-4.109467
-0.543828
2.514786
2.872971
1.019339
-0.088760
-0.081957
0.339610
0.033376
-0.680039
-0.708931
-0.448809
3.180723
6.301130
0.000000
31.135683
31.369429
31.602491
31.412785
21.307390
-5.476243
-0.865173
2.173426
2.911806
1.214197
0.027193
0.160940
-0.001543
0.130097
-0.585331
-0.882739
-0.465523
-0.348690
6.237392
0.000000
31.018021
31.195057
31.460712
31.396950
22.735569
-7.558811
-1.243070
0.906494
3.065490
1.635995
0.421729
0.186297
-0.287385
0.415422
-0.372646
-0.855405
-0.491497
-0.362338
6.148386
0.000000
30.763813
30.927088
31.261856
31.335138
24.023277
-9.239799
-2.018514
0.578158
2.903287
1.906586
0.450899
-0.139362
-0.220195
0.804355
-0.184593
-0.774849
-0.381887
-0.498428
0.565768
0.000000
31.084318
31.208504
31.508806
31.295166
21.255573
-9.528673
-2.011987
0.937921
3.040153
2.329537
0.127126
-0.544890
-0.392159
0.708943
-0.218968
-0.809711
-0.271755
-0.339189
-0.721340
0.000000
31.363159
31.507858
31.733244
31.202967
18.520874
-10.026330
-2.057585
1.244762
2.840623
2.372519
0.129224
-0.588994
-0.418436
0.663297
-0.159628
-0.816285
-0.290576
-0.077465
-0.532424
0.000000
31.529799
31.654018
31.845718
31.278576
18.213869
-10.567161
-2.214109
1.030298
2.836936
2.587460
0.477411
-0.507383
-0.455963
0.646988
-0.197851
-0.770915
-0.334134
-0.210914
-0.630553
0.000000
31.586382
31.684958
31.864849
31.282337
19.662487
-10.687179
-2.259750
0.665142
2.868795
2.628319
0.740155
-0.326164
-0.443568
0.728918
-0.195052
-0.690299
-0.407392
-0.397934
1.757733
0.000000
31.426165
31.516209
31.722549
31.368448
19.703423
-13.885733
-3.075943
0.235875
3.007346
2.719644
0.752119
-0.310602
-0.464931
0.738227
-0.012892
-0.629216
-0.532930
-0.353813
-0.923872
0.000000
31.419443
31.515575
31.726498
31.326141
19.175632
-13.768273
-3.111829
0.093210
3.046259
2.746564
0.777792
-0.327367
-0.431686
0.743505
-0.067675
-0.778746
-0.623854
-0.352602
-0.923921
0.000000
31.369934
31.462231
31.699434
31.293243
19.670704
-13.279588
-3.034112
-0.177146
2.708587
2.754132
0.861488
-0.230419
-0.340398
0.810662
-0.032887
-0.866399
-0.691035
-0.368004
5.082722
0.000000
31.145647
31.249508
31.528688
31.814684
31.427113
18.960150
-4.170128
-0.425078
2.768735
2.726191
0.932754
-0.190550
-0.107693
0.489256
0.020422
-0.778728
-0.793433
-0.441367
-0.674885
6.111111
0.000000
31.399817
31.627800
31.857094
31.367619
19.599432
-4.070677
-0.358677
2.545274
2.775504
0.782285
-0.181403
0.032525
0.355395
-0.036633
-0.866145
-0.844640
-0.419981
5.971179
5.908859
0.000000
31.280497
31.538418
31.778788
31.372316
20.485147
-5.566745
-0.764731
2.154396
2.977996
0.963595
-0.049476
0.168494
0.058110
0.122051
-0.625243
-0.923162
-0.405089
-0.387116
6.001015
0.000000
31.123732
31.363340
31.635490
31.377342
22.116083
-7.520963
-1.209362
1.536642
3.064008
1.365362
0.078813
0.297882
-0.224319
0.244515
-0.486614
-0.958817
-0.381304
-0.312293
5.985237
0.000000
31.196232
31.405024
31.668650
31.363878
22.642897
-10.149358
-1.911685
0.684077
3.219013
1.539246
0.313034
0.230168
-0.187082
0.465659
-0.344739
-0.869174
-0.403746
-0.360427
6.085302
0.000000
31.245865
31.491468
31.749882
31.381519
22.170385
-9.949062
-1.937014
1.228360
3.103065
1.645719
0.113351
-0.180956
-0.025560
0.673461
-0.242880
-0.808034
-0.256100
-0.368928
-0.726126
0.000000
31.328100
31.463068
31.715929
31.319500
19.426016
-10.355804
-2.126305
1.040543
3.157439
2.443589
0.263164
-0.561623
-0.454484
0.638961
-0.210949
-0.766804
-0.312972
-0.379893
-0.708794
0.000000
31.488508
31.650070
31.861317
31.268742
18.098896
-10.742415
-2.108810
1.238625
2.945273
2.246976
0.164841
-0.454642
-0.335377
0.677560
-0.177433
-0.802730
-0.301190
-0.218521
-0.605513
0.000000
31.551243
31.662256
31.870983
31.276287
18.826897
-10.939382
-2.291345
0.833088
2.954405
2.655492
0.621745
-0.359071
-0.418894
0.716897
-0.166845
-0.625532
-0.379508
-0.510295
-0.741869
0.000000
31.490395
31.605364
31.822880
31.312592
19.926466
-10.585297
-2.288084
0.614303
3.091447
2.582634
0.592628
-0.332184
-0.455353
0.667902
-0.183496
-0.701852
-0.391965
-0.511735
7.929576
0.000000
31.282274
31.412191
31.686985
31.304415
20.473625
-10.202627
-2.129974
0.868672
3.176178
2.272134
0.266055
-0.404838
-0.321165
0.710143
-0.199483
-0.773318
-0.329900
-0.460303
-0.746396
0.000000
31.345575
31.484661
31.744982
31.257980
19.207766
-10.323571
-2.122320
1.088584
3.102835
2.336267
0.147838
-0.560637
-0.351009
0.634708
-0.212267
-0.831874
-0.333079
-0.360133
-0.712614
0.000000
31.443853
31.574471
31.817780
31.241884
18.525545
-10.572254
-2.173915
1.007880
3.045474
2.376543
0.214262
-0.518943
-0.290230
0.736264
-0.149074
-0.763886
-0.358066
-0.385551
-0.955286
0.000000
31.450642
31.519409
31.752279
31.293940
17.849184
-14.571974
-3.136482
0.424479
3.244738
2.732279
0.466465
-0.531312
-0.497981
0.565069
-0.061315
-0.658310
-0.537273
-0.400941
-0.899226
0.000000
31.558834
31.646957
31.860378
31.253101
17.962986
-14.979999
-3.168991
0.278522
3.131573
2.787075
0.469107
-0.400789
-0.378333
0.759700
-0.004767
-0.683665
-0.579116
-0.418549
-0.935647
0.000000
31.506557
31.581537
31.813374
31.302347
18.340572
-14.733163
-3.227056
0.104387
3.323930
2.808652
0.609722
-0.436572
-0.409366
0.782180
-0.032969
-0.733327
-0.652300
-0.484166
-0.988710
0.000000
31.385296
31.493713
31.754707
31.263596
19.166767
-14.141360
-3.178093
0.340124
3.202649
2.588905
0.418084
-0.494095
-0.197187
0.899164
0.011046
-0.853245
-0.680239
-0.424646
-0.983062
0.000000
31.473980
31.562756
31.809933
31.252005
17.776661
-14.401977
-3.216677
-0.098597
3.187759
2.866390
0.578441
-0.526929
-0.318769
0.891038
0.008083
-0.877704
-0.731592
-0.488894
-1.014267
0.000000
31.344183
31.417976
31.706228
31.197052
18.614664
-13.529953
-3.190164
-0.219729
3.086518
2.791749
0.447933
-0.517503
-0.244709
0.900550
-0.003663
-0.993201
-0.773942
-0.434833
-0.988902
0.000000
31.326168
31.387999
31.693672
31.990816
31.170582
17.540567
-4.383603
-0.503441
3.077811
2.946279
0.535062
-0.536648
-0.346891
0.800637
0.149109
-0.807397
-0.964224
-0.500793
-0.928436
6.340294
0.000000
31.553976
31.782042
32.037548
31.269209
17.483704
-4.458180
-0.445376
2.709178
3.304944
0.740472
-0.431785
-0.172344
0.521465
0.020163
-0.961878
-1.016462
-0.599796
-0.755753
6.107237
0.000000
31.234823
31.501228
31.834309
31.263796
20.011099
-6.124388
-0.774847
2.075430
3.091669
0.866831
-0.187824
0.071164
0.220591
0.183349
-0.762076
-1.116256
-0.640347
3.355710
5.786466
0.000000
31.094603
31.351406
31.709654
31.290535
22.060072
-7.836053
-1.089424
1.091302
3.008296
0.959965
-0.227916
0.191858
-0.044842
0.317872
-0.603132
-1.160036
-0.453334
-0.398015
5.478070
0.000000
31.117540
31.365299
31.713993
31.212933
22.685337
-10.483842
-1.903429
1.096417
3.283547
1.186636
0.027324
-0.029414
0.010201
0.606731
-0.262102
-0.860097
-0.299467
-0.413251
-0.682005
0.000000
31.368097
31.498432
31.788282
31.272034
18.984196
-10.771358
-2.129161
1.357346
3.368633
2.205900
-0.200508
-0.709984
-0.263784
0.679879
-0.227774
-0.753425
-0.307159
-0.525095
-0.754920
0.000000
31.539932
31.692722
31.924339
31.148247
16.563410
-11.246154
-2.176187
1.668528
3.107018
2.249562
-0.230714
-0.761426
-0.301257
0.596255
-0.200154
-0.743240
-0.291928
-0.322498
-0.619713
0.000000
31.686543
31.805408
31.998302
31.199184
16.435661
-11.467098
-2.313399
1.336399
3.152067
2.497206
0.126306
-0.634130
-0.423763
0.505597
-0.233160
-0.741107
-0.323331
-0.342943
-0.608254
0.000000
31.767397
31.903416
32.065861
31.214371
17.621231
-11.975822
-2.303041
1.241599
3.134736
2.399088
0.283691
-0.419728
-0.363612
0.662388
-0.157975
-0.661099
-0.344903
-0.505507
-0.708304
0.000000
31.714132
31.827621
32.018932
31.247828
17.922775
-11.622652
-2.302538
1.050836
3.348962
2.473736
0.258985
-0.503944
-0.413052
0.645380
-0.189011
-0.696786
-0.360392
-0.567198
4.630786
0.000000
31.604803
31.755428
31.974911
31.205732
17.072065
-11.354669
-2.220963
1.394916
3.175662
2.151222
-0.083580
-0.612453
-0.173122
0.769573
-0.118720
-0.761687
-0.346493
-0.478051
-0.722537
0.000000
31.587246
31.692617
31.930119
31.233639
17.436314
-11.150529
-2.335140
1.135459
3.450094
2.466763
-0.091298
-0.825198
-0.312500
0.652718
-0.159009
-0.803320
-0.421547
-0.619532
-0.748759
0.000000
31.520557
31.640823
31.903093
31.158319
17.175968
-11.223940
-2.332127
1.398415
3.317368
2.233420
-0.188704
-0.809869
-0.182543
0.810745
-0.089302
-0.858024
-0.446814
-0.546670
-0.744882
0.000000
31.574339
31.668221
31.922785
31.175642
17.117960
-11.202987
-2.362619
1.081989
3.591230
2.496233
-0.191041
-0.956478
-0.329761
0.662208
-0.169321
-0.892958
-0.478990
-0.656876
-0.763356
0.000000
31.461380
31.582541
31.864325
31.100061
17.444000
-11.199516
-2.351468
1.536427
3.224690
2.158458
-0.344397
-0.939225
-0.102757
0.866859
-0.022795
-0.899627
-0.466443
-0.515611
-0.732498
0.000000
31.537258
31.603228
31.865351
31.117479
16.970852
-11.019713
-2.424734
1.044302
3.623330
2.623456
-0.258079
-1.132445
-0.384861
0.663062
-0.185566
-0.937958
-0.501556
-0.658688
3.857757
0.000000
31.482660
31.624058
31.908257
31.002958
16.273636
-11.320104
-2.304952
1.770515
3.048501
2.039091
-0.472749
-1.010374
-0.073507
0.868389
-0.017229
-0.917922
-0.487070
-0.454740
-0.687877
0.000000
31.578026
31.624195
31.873728
31.090584
16.924850
-11.207915
-2.501987
0.970527
3.685021
2.788979
-0.213163
-1.179679
-0.474634
0.608206
-0.153501
-0.959511
-0.592438
-0.768017
6.331385
0.000000
31.505363
31.619328
31.910461
30.974947
16.470745
-11.296484
-2.343929
1.653312
3.182780
2.022798
-0.545418
-1.017861
-0.100465
0.817309
-0.068647
-0.974557
-0.495375
-0.524033
-0.696549
0.000000
31.517708
31.584309
31.859478
31.058559
16.629326
-11.124038
-2.455795
1.206518
3.718634
2.479385
-0.475503
-1.231968
-0.305340
0.777392
-0.090702
-0.996917
-0.564559
-0.723256
2.861183
0.000000
31.443392
31.552956
31.858101
30.945831
16.501808
-11.068389
-2.302208
1.828545
3.247553
1.954667
-0.910563
-1.265172
-0.175640
0.652622
-0.253278
-1.043936
-0.497895
-0.424226
-0.576368
0.000000
31.570473
31.648621
31.916283
30.938223
15.770630
-11.316625
-2.425003
1.640175
3.346339
2.199722
-0.703244
-1.139780
-0.267254
0.644650
-0.181928
-0.963289
-0.482801
-0.540663
-0.648564
0.000000
31.543747
31.628189
31.897539
30.961433
16.305592
-11.283744
-2.391562
1.483767
3.583808
2.208735
-0.659683
-1.118070
-0.265007
0.732880
-0.144124
-0.996944
-0.523708
-0.643042
1.384460
0.000000
31.491980
31.590569
31.883133
30.940638
16.525616
-11.275757
-2.310959
1.755417
3.510077
1.986537
-0.960429
-1.279980
-0.201656
0.738338
-0.195012
-1.067200
-0.538768
-0.568395
-0.675947
0.000000
31.548553
31.650928
31.932388
30.885811
15.274658
-11.566471
-2.333854
1.931661
3.399556
1.985991
-1.001692
-1.322821
-0.220896
0.706328
-0.196941
-1.058409
-0.535007
-0.530069
-0.641282
0.000000
31.588255
31.672794
31.934076
30.891064
15.320323
-11.544325
-2.404537
1.773586
3.494784
2.183630
-0.957454
-1.297313
-0.327357
0.662498
-0.224692
-1.035395
-0.521036
-0.531031
1.347049
0.000000
31.597363
31.690536
31.954353
30.873022
15.189273
-11.596437
-2.396626
1.839168
3.453814
2.042320
-0.978727
-1.215645
-0.265709
0.623629
-0.230460
-1.032928
-0.528068
-0.574676
2.212747
0.000000
31.542057
31.619331
31.898724
30.847208
15.698105
-11.385086
-2.356060
1.766486
3.563311
2.062767
-1.094676
-1.301634
-0.286215
0.536082
-0.284155
-1.048470
-0.542304
-0.573547
7.131487
0.000000
31.569849
31.662184
31.943428
30.816145
15.136419
-11.664974
-2.319545
1.923228
3.510889
1.918280
-1.163411
-1.302242
-0.211133
0.619510
-0.230697
-1.062931
-0.557877
-0.582324
2.271569
0.000000
31.537426
31.610159
31.896637
30.811508
15.527264
-11.525357
-2.344594
1.872133
3.637630
1.977165
-1.250854
-1.406280
-0.173347
0.517081
-0.314913
-1.094612
-0.604034
-0.589239
7.828961
0.000000
31.507086
31.574860
31.874998
30.767717
15.954218
-11.413198
-2.273145
1.771591
3.595470
1.937371
-1.304412
-1.284027
-0.211380
0.369047
-0.380649
-1.063176
-0.563614
-0.535615
6.592654
0.000000
31.485046
31.553104
31.870077
30.750481
16.453091
-11.336423
-2.208494
1.710630
3.563509
1.891293
-1.417776
-1.285664
-0.164564
0.337336
-0.438906
-1.108534
-0.584496
-0.482121
6.069853
0.000000
31.494637
31.578583
31.896971
30.750624
16.820028
-11.256375
-2.132895
1.563854
3.392081
2.008479
-1.352164
-1.232660
-0.270898
0.366773
-0.411305
-1.087154
-0.510678
-0.420574
6.318684
0.000000
31.484875
31.565514
31.892109
30.731955
15.974929
-11.394756
-2.222750
1.708413
3.341503
1.919555
-1.259807
-1.271456
-0.232556
0.588222
-0.235176
-1.070876
-0.520692
-0.528673
3.907235
0.000000
31.396265
31.470350
31.805231
30.720665
15.825317
-11.057784
-2.333660
1.823902
3.472128
1.978727
-1.407586
-1.777886
-0.363284
0.414128
-0.404110
-1.154559
-0.575065
-0.477809
3.592169
0.000000
31.534929
31.584930
31.896891
26.449839
29.134638
28.828377
23.773689
25.994762
23.985292
25.144972
21.212471
19.634476
18.800251
1.906683
2.507378
4.045766
3.339532
1.420139
-1.834294
-0.878909
-0.476143
0.226296
0.323743
0.885463
0.828372
0.636442
0.483897
0.158448
0.208224
0.371708
0.903400
0.514702
0.072098
0.000000
31.360546
31.032467
30.874435
28.708076
12.333143
-5.686728
-2.595555
-0.877449
2.917464
2.818243
0.616435
-0.057766
0.077501
-0.138748
-1.423100
-1.380697
8.601120
7.618974
6.707124
0.000000
32.272820
32.265404
32.180901
30.619791
30.359264
18.832653
-3.911009
-0.016312
1.870025
4.046824
1.169589
-0.737241
-0.021993
1.166999
0.192071
-1.081973
-1.067313
-0.640153
8.013462
7.555719
0.000000
31.487650
31.809088
32.123547
31.111599
20.066505
-11.975594
-1.979929
1.941205
3.812064
0.678920
-1.670529
-1.516495
-0.249292
0.613297
-0.258636
-1.274191
-0.792571
-0.692770
5.433987
0.000000
31.536600
31.593149
31.971767
30.646271
15.914845
-16.414564
-2.994836
1.431690
3.090150
1.848174
-1.255091
-1.189949
-0.273836
0.411708
-0.220085
-0.962092
-0.639523
-0.190956
-0.621026
0.000000
31.668215
31.628086
31.897358
30.890915
14.221218
-16.092091
-3.393883
0.582560
3.584105
3.204437
-0.347765
-1.542388
-0.696246
0.532602
-0.106796
-0.965536
-0.695539
-0.561531
2.640631
0.000000
31.529984
31.599913
31.898407
30.856445
15.874445
-15.747318
-3.255157
1.103841
3.318167
2.378378
-0.693098
-1.420922
-0.290830
0.828996
-0.003024
-0.994483
-0.723389
-0.320511
-0.844773
0.000000
31.597464
31.689213
31.956036
30.983097
15.651654
-15.881445
-3.192354
1.009840
3.588618
2.485758
-1.007555
-1.981557
-0.474133
0.383528
-0.404423
-1.130054
-0.725874
-0.155765
-0.576692
0.000000
31.687836
31.812969
32.061501
30.805273
13.999605
-17.263512
-3.292229
1.435050
2.981264
2.368348
-0.588284
-1.379037
-0.247898
0.907157
0.170261
-0.881930
-0.705899
-0.192716
-0.817945
0.000000
31.616962
31.616949
31.856075
30.993671
15.380953
-15.447754
-3.362270
0.385369
3.834782
3.334633
-0.369359
-1.850992
-0.839134
0.305321
-0.313612
-1.126798
-0.842419
-0.542440
6.119641
0.000000
31.497297
31.522535
31.867199
30.570107
15.764212
-15.582294
-3.163270
1.340486
2.972449
2.063391
-0.880552
-1.433156
-0.203022
0.576571
-0.109507
-0.926992
-0.740611
-0.099431
-0.582049
0.000000
31.646496
31.620905
31.873970
30.910828
14.391357
-15.851561
-3.382562
0.345469
3.626405
3.514929
-0.183072
-1.816186
-0.817212
0.446140
-0.218367
-1.153112
-0.862219
-0.485487
6.264170
0.000000
31.456570
31.502880
31.849682
30.618063
30.666954
15.080141
-4.520949
0.712522
3.258747
2.482035
-0.703524
-1.899271
-0.437562
0.547520
-0.142699
-0.893475
-1.009452
-0.212518
-0.589919
6.663459
0.000000
31.678696
31.885761
32.138023
30.876282
14.493565
-4.662819
0.250018
3.215291
3.488300
0.047261
-1.798649
-0.781044
0.434396
-0.018280
-0.884734
-1.009335
-0.417435
-0.774415
6.751412
0.000000
31.634109
31.865423
32.132454
30.890873
15.332325
-4.725695
0.238730
3.243041
3.415397
-0.045865
-1.869812
-0.716087
0.395727
-0.269753
-1.092286
-1.032195
-0.282218
7.032947
6.018135
0.000000
31.721611
31.969360
32.221390
30.793030
15.131908
-4.780211
0.333938
3.120327
2.717971
-0.096168
-1.604614
-0.373807
0.382691
-0.186685
-0.970690
-1.000800
-0.025851
-0.522091
6.250231
0.000000
31.770231
31.985722
32.207684
30.917652
14.728239
-6.853114
-0.286420
3.053512
3.466986
0.563320
-1.504923
-0.627011
0.387862
0.063177
-0.798342
-1.234467
-0.339386
-0.710479
6.469105
0.000000
31.692757
31.890839
32.154133
30.939909
17.073208
-6.674574
-0.995990
2.481862
3.702243
0.888463
-1.445965
-0.563745
0.197963
-0.072877
-1.046188
-1.403429
-0.545158
5.549088
5.678729
0.000000
31.360645
31.619980
32.016220
30.872517
20.448057
-11.404020
-2.431359
1.376675
3.247152
1.352433
-0.982744
-0.716615
-0.168046
0.280941
-0.494209
-1.207083
-0.603517
-0.294623
4.931242
0.000000
31.273613
31.371771
31.819075
30.799829
17.944019
-15.182901
-3.081614
0.921595
3.469934
1.589264
-0.979690
-1.022261
-0.183711
0.512689
-0.290871
-1.079556
-0.656857
-0.166653
-0.720012
0.000000
31.593582
31.684626
31.987827
30.884945
14.513523
-16.840734
-3.278830
1.222594
3.096507
2.510059
-0.653160
-1.571353
-0.347232
0.718910
-0.017211
-0.998192
-0.750737
-0.256753
-0.821304
0.000000
31.544106
31.589596
31.880583
30.901159
14.980904
-16.297829
-3.335288
0.764952
3.471264
3.117722
-0.578641
-1.855891
-0.660621
0.512311
-0.146174
-1.036643
-0.725316
-0.402372
-0.822969
0.000000
31.526794
31.585526
31.905876
30.730383
15.013090
-16.274628
-3.263915
1.150539
3.066203
2.662817
-0.743987
-1.795549
-0.447416
0.580780
-0.144596
-1.013532
-0.739683
-0.213300
-0.696125
0.000000
31.540812
31.589230
31.888544
30.826756
14.870220
-15.993090
-3.246315
0.869905
3.300143
2.901210
-0.718002
-1.952083
-0.620961
0.446157
-0.310760
-1.087692
-0.718290
-0.218441
4.562723
0.000000
31.536182
31.632315
31.942730
30.707680
14.899637
-16.461580
-3.251092
1.234239
2.948024
2.636320
-0.719408
-1.766944
-0.398937
0.541158
-0.135351
-0.962547
-0.721323
-0.079518
-0.672684
0.000000
31.507351
31.536293
31.836527
30.817112
15.364911
-15.256993
-3.202778
0.883123
3.335696
2.687692
-0.784336
-2.163427
-0.593607
0.295556
-0.399559
-1.139226
-0.755947
-0.116608
4.045324
0.000000
31.583900
31.709873
32.000042
30.697952
14.699343
-16.716370
-3.250571
1.074701
2.984969
2.780205
-0.561948
-1.763021
-0.419802
0.612370
-0.098675
-0.972325
-0.730170
-0.081711
-0.732418
0.000000
31.498510
31.577227
31.882374
30.832138
15.046589
-15.882458
-3.311842
0.882082
3.152455
2.908035
-0.536737
-2.121790
-0.650778
0.624142
-0.146797
-1.085265
-0.832956
-0.134395
-0.715052
0.000000
31.511745
31.618071
31.930840
30.708250
14.473812
-16.734283
-3.363667
1.215533
2.973678
2.704528
-0.505531
-2.001223
-0.531254
0.734081
0.044448
-0.974406
-0.861490
-0.086113
-0.747516
0.000000
31.483248
31.504097
31.804251
30.764568
14.716055
-15.519455
-3.230690
0.911343
3.271802
2.873026
-0.467156
-2.419676
-0.870159
0.175472
-0.471615
-1.057227
-0.842332
-0.061320
6.260820
6.186840
0.000000
31.759781
32.010860
32.251259
29.950293
13.866936
-4.940526
0.609046
3.215132
2.414312
-0.345773
-1.599116
-0.347415
0.357194
-0.098430
-0.845567
-0.953149
0.040134
-0.382185
7.889943
0.000000
31.833076
32.004509
32.190971
30.986526
14.481213
-4.993338
0.240702
2.919399
3.940709
0.572279
-1.576539
-0.742829
0.168880
-0.308270
-1.253286
-1.209007
-0.369792
5.972188
6.065995
0.000000
31.784014
32.031734
32.256935
30.817640
15.856546
-6.911113
-0.279217
2.746244
3.353667
0.198292
-1.570782
-0.387199
0.193958
-0.173481
-0.903111
-1.185442
-0.274924
6.795352
5.856903
0.000000
31.471924
31.736187
32.095535
30.868179
18.452591
-9.044540
-1.217967
2.506247
3.287416
0.404930
-1.621644
-0.454326
0.107666
0.056902
-0.671333
-1.317263
-0.412784
-0.352892
5.787071
0.000000
31.600863
31.789431
32.096077
30.924824
18.099098
-12.343880
-2.459226
1.440683
3.966537
1.671645
-1.152461
-0.903455
-0.069233
0.171683
-0.545685
-1.269375
-0.678504
-0.438782
5.385214
0.000000
31.274511
31.369568
31.827545
30.799212
18.821381
-15.011074
-3.341785
0.781829
3.744536
1.675344
-1.264306
-1.524915
-0.347642
0.452206
-0.265079
-1.047741
-0.629124
-0.189005
2.818503
0.000000
31.531019
31.619623
31.960419
30.758909
14.692595
-17.082169
-3.212897
1.444764
3.090522
2.100942
-1.014320
-1.979968
-0.499354
0.518336
-0.214801
-1.098743
-0.788114
-0.022975
-0.617674
0.000000
31.661026
31.732302
32.003590
30.786781
13.222610
-17.720844
-3.424079
1.182683
3.114493
2.786766
-0.467236
-1.920161
-0.600297
0.578508
-0.083797
-0.995269
-0.754830
0.048274
-0.719349
0.000000
31.605320
31.688915
31.959200
30.852711
14.034575
-16.856127
-3.391156
0.979216
3.235464
2.910813
-0.508804
-1.909329
-0.675925
0.230073
-0.377433
-1.056197
-0.679847
-0.109523
2.234299
0.000000
31.592272
31.669437
31.963737
30.706257
14.359482
-16.734818
-3.397937
1.075359
3.052760
2.657969
-0.562613
-1.619134
-0.432603
0.518924
-0.137601
-0.962988
-0.701866
-0.031204
-0.648975
0.000000
31.519464
31.584951
31.880316
30.845028
14.831381
-16.276073
-3.341638
0.799072
3.373063
3.022402
-0.562697
-2.124634
-0.697902
0.533686
-0.197680
-1.136894
-0.811714
-0.224771
7.190490
0.000000
31.474754
31.565710
31.908512
30.597965
14.473099
-16.897474
-3.347405
1.331677
2.952412
2.396699
-0.558716
-2.108531
-0.557198
0.604408
-0.057120
-1.057332
-0.912253
0.052592
-0.650866
6.931544
0.000000
31.629517
31.871767
32.143349
30.836443
13.851315
-4.680651
0.648581
3.358139
2.818786
-0.248325
-2.417914
-0.797143
0.179304
-0.285958
-1.035570
-1.099684
-0.112668
-0.513998
6.560030
0.000000
31.847794
32.042782
32.242565
30.695774
12.849537
-5.161387
0.376277
2.858077
3.641468
0.395742
-1.801413
-0.629561
0.239323
-0.270784
-1.097555
-1.072937
-0.200570
6.669678
6.332242
0.000000
31.711227
31.958145
32.219246
30.839256
15.230971
-6.991796
-0.205333
2.906177
3.642025
0.310538
-1.830870
-0.540643
0.179584
-0.223140
-0.937115
-1.202892
-0.245807
6.273369
6.022978
0.000000
31.526640
31.771309
32.125973
30.751211
17.451036
-9.239992
-1.301509
2.748232
3.241276
0.280934
-2.014292
-0.499255
-0.003636
-0.038910
-0.772780
-1.377882
-0.348982
-0.230789
5.885011
0.000000
31.665428
31.832010
32.119072
30.874176
17.573214
-12.513184
-2.446974
1.086570
3.662672
2.058132
-0.869859
-1.224753
-0.212723
0.202023
-0.373076
-1.267667
-0.698017
-0.440483
5.385489
0.000000
31.147604
31.213354
31.699619
30.732224
18.414700
-15.139643
-3.367914
0.750834
4.152166
1.703648
-1.454376
-2.291362
-0.681436
0.532194
-0.158383
-1.197855
-0.881460
-0.434164
5.534728
0.000000
31.596172
31.655176
32.011517
30.494802
14.265205
-17.658396
-3.216612
1.515866
2.793319
1.931779
-0.855907
-1.791028
-0.349554
0.402875
-0.212405
-1.034801
-0.832112
0.144681
-0.502816
0.000000
31.600750
31.580095
31.870686
30.757841
13.137390
-17.066240
-3.500332
0.749659
3.368316
3.270659
-0.153838
-2.283155
-0.900326
0.469421
-0.060833
-1.096515
-0.811005
-0.254125
1.804845
0.000000
31.440140
31.499214
31.840069
30.621370
14.738390
-16.589230
-3.377161
1.118688
3.066141
2.707312
-0.525037
-2.380651
-0.787548
0.465154
-0.111300
-0.935642
-0.982390
-0.137152
-0.656755
6.523784
0.000000
31.637833
31.905794
32.191013
30.607040
13.600054
-4.927460
0.540496
3.255595
2.928072
-0.209598
-2.233303
-0.792169
0.215866
-0.283955
-0.963928
-1.008530
-0.017023
-0.463424
6.379924
0.000000
31.753880
31.980101
32.212795
30.689621
12.869837
-5.124036
0.601542
2.963573
3.266296
0.118081
-2.104722
-0.738523
0.154898
-0.319243
-1.031196
-0.986678
0.080333
-0.415935
6.647171
0.000000
31.789352
32.008373
32.232052
30.740158
13.677328
-7.079250
0.044308
2.844721
3.445870
0.522418
-1.881789
-0.631067
0.036620
-0.229117
-0.886440
-1.113284
-0.073331
-0.349859
6.458778
0.000000
31.740854
31.937998
32.194374
30.827045
16.090881
-9.524618
-1.124731
2.575590
3.739100
0.959434
-1.912949
-0.527763
-0.180966
-0.251772
-0.911560
-1.282360
-0.312864
6.526199
5.949304
0.000000
31.600899
31.782801
32.106293
30.788042
18.871298
-12.113364
-2.446647
1.400595
3.268701
1.714678
-1.231865
-1.182119
-0.233904
0.164297
-0.296363
-1.061237
-0.657339
-0.275175
5.385863
0.000000
31.338701
31.378948
31.789555
30.803152
30.946108
15.660570
-5.031695
0.288066
3.838186
2.483268
-1.040057
-2.579388
-0.872717
0.291120
-0.103196
-1.041313
-1.093271
-0.317358
5.552283
5.506061
0.000000
31.629623
31.918165
32.231163
29.584448
13.446899
-5.009905
0.514174
3.228746
2.515628
-0.673781
-2.354778
-0.624858
0.155116
-0.300607
-1.035455
-1.150262
0.183162
-0.285707
6.158284
0.000000
31.845749
32.050400
32.241444
30.675289
12.044525
-7.221513
0.040373
2.792136
3.589982
0.740364
-1.968431
-0.809075
0.106846
-0.132855
-0.848764
-1.190823
-0.077456
-0.434180
6.948790
0.000000
31.787346
31.959023
32.190063
30.822111
15.261765
-7.024892
-0.443815
2.438135
3.846390
1.207816
-1.986147
-0.761858
-0.139998
-0.332625
-1.026938
-1.213733
-0.206954
5.831957
5.986359
0.000000
31.613045
31.847206
32.171112
30.731390
17.206137
-9.327871
-1.640418
2.559319
3.279015
0.625402
-1.951014
-0.671004
-0.055720
-0.077631
-0.841900
-1.343113
-0.306359
-0.163392
5.811926
0.000000
31.557543
31.765144
32.101120
30.811874
17.624146
-12.413277
-2.490277
1.495265
3.517258
1.617603
-1.301273
-1.296225
-0.280508
0.161011
-0.353540
-1.093433
-0.668681
-0.229023
5.497696
0.000000
31.472733
31.553638
31.929596
30.792500
16.490429
-16.311752
-3.633744
0.697161
3.687939
2.307847
-1.143295
-2.290702
-0.615362
0.376475
-0.325950
-1.183108
-0.751295
-0.054948
5.640790
0.000000
31.552317
31.651125
31.997305
30.541506
28.645676
11.619905
-4.753261
1.193719
3.020917
1.954445
-0.355365
-2.199296
-0.402041
0.488725
0.034710
-0.885592
-1.220693
0.126394
-0.471990
8.892319
0.000000
31.776577
31.966196
32.144939
30.852703
13.453081
-5.136189
0.133222
2.813487
4.149290
0.786506
-2.006502
-1.036293
-0.161636
-0.527518
-1.307552
-1.099470
-0.275895
5.728385
5.744410
0.000000
31.796940
32.049591
32.275402
30.660141
14.185853
-7.147704
-0.076295
2.969703
3.139649
-0.138011
-2.090844
-0.404075
0.119442
-0.194212
-0.865027
-1.200604
-0.083984
-0.366566
6.085404
0.000000
31.684212
31.917534
32.192177
30.858742
16.227270
-9.655818
-1.305501
2.646318
3.816360
0.644132
-2.037171
-0.662663
-0.072865
-0.252062
-0.907695
-1.301030
-0.334650
6.312528
5.870932
0.000000
31.500694
31.682344
32.064144
30.691654
18.638596
-12.444656
-2.458678
1.797504
3.364152
1.201376
-1.466418
-0.985179
-0.234072
0.069288
-0.455412
-1.155510
-0.445117
-0.227098
6.248281
0.000000
31.405903
31.463745
31.848839
30.780975
15.377832
-12.282138
-2.459488
1.118360
4.193634
2.211710
-1.334012
-2.415998
-0.391046
0.415160
-0.274684
-1.308006
-0.584395
-0.506658
5.821094
0.000000
31.235130
31.304684
31.786116
30.474321
14.941741
-17.406477
-3.362624
1.616158
3.185177
1.687634
-1.129585
-2.318511
-0.770923
0.428387
-0.015390
-1.135337
-0.928932
-0.060450
-0.685801
0.000000
31.683098
31.712626
31.993670
30.637447
11.280432
-19.596848
-3.498678
1.531056
3.256371
2.505272
-0.418576
-2.464123
-0.913174
0.287065
-0.171117
-1.147948
-0.839384
-0.037072
-0.656472
0.000000
31.681534
31.716007
31.971928
30.667864
12.111584
-18.671011
-3.658609
1.042910
3.396420
3.105829
-0.274864
-2.321273
-0.957075
0.154884
-0.360413
-1.136388
-0.724411
-0.090806
7.185346
0.000000
31.618502
31.698971
31.994236
30.566347
13.290258
-18.211884
-3.571851
1.333011
2.958583
2.550003
-0.563171
-1.888723
-0.583106
0.334656
-0.257585
-1.072592
-0.750656
0.199895
-0.478348
0.000000
31.529602
31.600334
31.893106
30.688019
13.352179
-17.401756
-3.512759
1.116183
3.195748
2.792154
-0.353444
-2.395397
-0.835809
0.305222
-0.202614
-1.171654
-0.867295
0.015504
0.479340
0.000000
31.410786
31.444775
31.788212
30.461302
30.564043
12.752180
-4.912460
0.894132
3.138782
2.666170
-0.184152
-2.328072
-0.911120
0.126450
-0.232099
-0.992595
-1.135236
0.012467
-0.462831
6.721672
0.000000
31.576591
31.797260
32.080975
30.533222
13.020853
-5.192064
0.420014
2.772654
3.676303
0.383955
-2.402357
-1.024269
-0.136484
-0.452018
-1.111646
-1.017076
0.047937
6.510876
6.328294
0.000000
31.674353
31.910994
32.195694
30.555779
13.850105
-7.160618
-0.232772
2.855321
3.370322
0.426452
-2.256138
-0.664667
-0.139685
-0.357458
-1.018799
-1.188201
0.011624
6.372900
6.137668
0.000000
31.609688
31.813240
32.126530
30.638161
16.494219
-9.391211
-1.322408
2.235024
3.299763
0.875390
-1.917186
-1.085659
-0.299790
-0.072498
-0.473209
-1.215312
-0.354186
-0.292641
5.678749
0.000000
31.379095
31.423201
31.797529
30.713968
16.127329
-15.682722
-3.786829
0.397923
3.502789
3.060935
-0.773643
-2.729587
-0.832211
0.000567
-0.508421
-1.342772
-0.860975
5.548934
5.318242
0.000000
31.274343
31.082649
31.595919
32.112160
30.119448
15.749804
-6.569826
-0.756933
3.052166
3.006420
-0.788240
-2.286967
-0.769844
-0.132695
-0.071383
-0.867725
-1.427397
-0.143965
-0.391058
5.542963
0.000000
31.617760
31.810999
32.113213
30.590361
15.106411
-13.580891
-2.422333
1.496699
3.680410
1.807867
-1.489713
-1.576870
-0.426053
-0.207215
-0.709281
-1.311771
-0.487007
2.565374
5.232629
0.000000
31.400412
31.399061
31.820484
30.528410
30.660084
14.233393
-5.069927
0.261032
3.084442
2.963137
-0.677863
-2.287784
-0.632341
-0.141028
-0.389661
-1.060867
-0.904077
0.000503
5.208804
5.438263
0.000000
31.528889
31.832960
32.169426
30.592899
15.312883
-6.921831
-0.362268
3.106945
3.423055
-0.674998
-2.452839
-0.718519
-0.162536
-0.140820
-1.001502
-1.465271
-0.179585
6.017747
5.458338
0.000000
31.641766
31.838711
32.136311
30.549603
15.492735
-13.599234
-2.394204
1.370164
3.473577
1.878586
-1.409552
-1.578188
-0.378633
-0.092047
-0.604078
-1.261578
-0.500952
-0.152409
5.292882
0.000000
31.389481
31.429882
31.859020
30.522360
30.488115
14.011421
-5.115120
0.342512
3.219452
2.647287
-0.889519
-2.562111
-0.664865
0.079703
-0.062807
-0.949387
-1.054182
-0.188025
6.006323
5.829189
0.000000
31.282196
31.626553
32.004551
30.707241
15.941151
-6.892462
-1.034636
2.756826
3.579108
0.114142
-1.995126
-1.431513
-0.416456
-0.442242
-1.026321
-1.242332
-0.147735
5.282343
5.377784
0.000000
31.570621
31.726337
32.131596
29.561941
12.292950
-13.965340
-2.045921
2.123763
2.607060
1.323609
-1.463907
-0.992957
-0.199989
0.355137
-0.129351
-1.085425
-0.420748
0.093688
-0.186886
0.000000
31.517195
31.581650
31.871071
30.834383
13.688145
-12.388718
-2.693381
1.661759
4.291751
2.066520
-1.184280
-2.896822
-0.772385
0.027407
-0.437368
-1.439533
-0.534292
-0.559696
6.109053
0.000000
31.460430
31.433537
31.839249
30.273586
14.514915
-17.784773
-3.682674
0.977349
3.503736
2.155603
-1.287938
-2.523947
-0.875379
-0.067016
-0.447835
-1.336113
-0.881194
-0.002666
5.467900
0.000000
31.652393
31.633652
31.966358
30.473442
30.485928
12.865841
-7.189372
-0.275465
2.632329
3.637227
0.338464
-2.083434
-0.740525
-0.384680
-0.520877
-1.000034
-1.099502
0.008515
5.234778
5.548157
0.000000
31.486895
31.714159
32.100891
30.497902
16.183651
-9.388410
-1.117304
2.541978
2.804293
0.262203
-1.964139
-0.830915
-0.257048
-0.066437
-0.612910
-1.331316
-0.029032
-0.140649
6.979180
0.000000
31.490547
31.615749
31.941582
30.785084
14.635725
-12.606900
-2.616892
1.084342
4.297455
2.397685
-1.191219
-2.692088
-0.614530
-0.026878
-0.456193
-1.344730
-0.599119
5.740258
5.560025
0.000000
30.989052
30.870285
31.469393
30.044901
18.257160
-16.209875
-3.684359
1.003632
3.424239
1.533268
-1.423720
-2.474962
-0.770624
0.239793
-0.007037
-1.195964
-1.125216
-0.087198
-0.673425
0.000000
31.536766
31.435196
31.786259
30.365093
29.814835
10.679729
-5.168120
0.694623
3.545592
3.069149
-0.636560
-2.351078
-1.205048
-0.364487
-0.218366
-1.150942
-1.236963
-0.212693
-0.669788
5.937568
0.000000
31.795521
31.973558
32.146515
30.429745
11.138475
-7.402378
-0.258667
2.513788
4.046668
0.604588
-2.168601
-0.992448
-0.506119
-0.628462
-1.267900
-1.081802
0.141799
5.353452
5.572665
0.000000
31.804359
31.977177
32.219059
30.503347
13.946335
-9.920197
-0.888308
2.381337
2.854272
0.740789
-2.034475
-0.608845
-0.206600
-0.102304
-0.638791
-1.194476
0.130926
-0.123384
6.484703
0.000000
31.516457
31.652004
31.959930
30.863457
15.937246
-12.453196
-2.594529
1.510287
4.362341
1.850232
-1.524261
-2.194985
-0.475178
-0.031188
-0.502797
-1.311894
-0.562316
5.856714
5.791226
0.000000
30.833864
30.708790
31.344664
29.973015
30.305794
16.155931
-4.635601
0.024334
3.275017
1.711049
-1.268265
-2.262522
-0.695575
0.008449
0.095056
-1.174105
-1.186994
-0.128068
1.728045
5.162436
0.000000
31.522568
31.804104
32.041618
28.883884
10.779869
-14.701690
-2.257966
1.345140
3.548522
2.391158
-1.179107
-2.001378
-0.708481
-0.593994
0.000000
8.001679
32.192673
32.172028
32.155243
31.805719
29.126835
27.780905
26.211966
23.583412
22.825294
20.022882
19.618689
16.669937
11.524919
7.249714
-0.106125
-0.207868
-21.901131
-1.490168
-0.952380
-1.116206
-0.438797
0.657284
0.717330
0.539032
0.922310
0.776837
0.442153
0.700442
1.030972
0.907750
-0.035836
0.000000
31.349037
31.233620
31.011419
28.832027
17.605846
-8.602504
-2.558696
-0.952047
1.073453
2.916406
1.476771
-0.129248
-1.013323
0.310834
0.103135
-0.467883
0.066898
0.041845
8.590590
0.000000
32.269440
32.243240
32.181427
30.650948
15.637943
-11.191316
-3.306185
-0.045004
2.977072
4.117099
-0.608917
-1.449313
-0.334156
-0.009810
-0.947109
-1.512959
0.340705
7.238461
6.765643
0.000000
31.607849
31.967815
32.225708
30.764662
27.797131
14.744794
-20.106972
-3.515619
0.593535
3.527491
1.370967
-1.085512
-0.700913
0.324745
0.447559
-0.134486
-0.974260
-0.380727
-0.518995
6.184999
0.000000
31.424362
31.724979
32.115425
30.600666
15.780725
-18.273235
-3.153169
1.564194
3.395708
0.635223
-1.424445
-1.584785
-0.186953
0.249590
-0.307471
-1.148952
-0.786343
0.492040
-0.453838
0.000000
31.784929
32.027699
32.239201
30.610666
12.001629
-20.958633
-3.272702
1.418093
3.186450
1.955482
-0.707317
-2.092528
-0.149429
0.329758
-0.271553
-1.075253
-0.758327
0.362529
-0.422161
0.000000
31.712276
31.883608
32.141197
31.067913
13.615580
-18.986631
-3.791931
0.842921
3.288973
3.182965
-0.341210
-1.123115
-0.310629
0.367429
-0.146268
-1.046707
-0.550704
-0.353556
6.711564
0.000000
31.305305
31.503555
31.941345
31.081882
16.923187
-17.738289
-3.346341
1.181112
3.710315
1.867355
-1.402555
-1.866347
-0.314553
0.458344
-0.127277
-1.163625
-0.733348
0.115767
-0.678904
0.000000
31.658981
31.883072
32.170143
30.301664
12.384562
-20.415859
-3.429594
1.725083
2.965175
1.743082
-0.402993
-2.201404
-0.205196
0.270951
-0.353272
-1.123342
-0.849773
0.751766
-0.224997
0.000000
31.870293
31.982533
32.186462
30.978889
11.176565
-20.158989
-3.950574
0.927283
3.066921
3.482091
0.003033
-1.389014
-0.555130
0.264437
-0.138580
-1.022881
-0.554302
-0.109682
7.711265
0.000000
31.584595
31.739063
32.055672
31.036383
14.258406
-18.689449
-3.588099
0.889717
3.831516
2.615448
-0.995557
-2.188556
-0.394625
0.254442
-0.320869
-1.228285
-0.674729
-0.036165
6.553655
0.000000
31.514828
31.691748
32.056000
30.814140
13.990557
-18.914522
-3.445914
1.430008
3.107070
1.944292
-0.881612
-1.826461
-0.296818
0.396273
-0.124035
-1.100400
-0.758352
0.302137
-0.525763
0.000000
31.505217
31.659245
31.993225
30.910645
13.322872
-18.827709
-3.378426
1.299830
3.266344
2.387249
-0.592097
-2.305264
-0.679776
0.068856
-0.428443
-1.233820
-0.763263
0.355964
-0.421982
0.000000
31.703127
31.837006
32.113331
30.717176
11.474998
-20.467159
-3.780107
1.267185
3.069827
2.677434
-0.414090
-1.876932
-0.628094
0.239058
-0.214969
-1.071810
-0.663655
0.402073
-0.480105
0.000000
31.556269
31.651424
31.963127
30.844025
13.212875
-18.257767
-3.632510
1.081439
3.426417
2.739663
-0.534338
-2.608143
-0.668805
-0.015436
-0.283520
-1.141908
-0.713428
0.163576
1.947341
0.000000
31.420277
31.479815
31.858938
30.645035
14.251276
-17.907949
-3.778494
1.026298
3.502139
2.825963
-0.834311
-2.865852
-0.705870
0.060482
-0.222794
-1.257007
-0.882556
0.031912
7.260521
0.000000
31.509842
31.539948
31.911228
30.597431
30.065903
11.757545
-5.292690
0.398036
3.265037
3.401680
-0.495807
-2.574559
-0.836779
-0.016241
-0.162456
-1.084604
-1.067651
-0.178797
6.123628
6.031946
0.000000
31.290890
31.670187
32.086765
30.306744
14.126604
-7.233623
-0.211530
3.349136
3.236697
-0.771754
-2.276423
-0.826996
-0.219084
0.031249
-0.758410
-1.433175
-0.188727
-0.847174
5.770595
0.000000
31.664293
31.863127
32.112873
30.275436
12.227978
-10.251571
-1.428596
1.987591
4.194615
1.444063
-1.867476
-0.989019
-0.731663
-0.842633
-1.439209
-1.132382
5.369381
4.997620
5.118730
0.000000
31.805397
31.900322
32.190163
30.308743
12.644171
-13.990191
-1.996461
1.788412
2.896284
1.246600
-1.847542
-1.127547
-0.377540
-0.068070
-0.538176
-1.369658
-0.315485
0.719247
-0.161529
0.000000
31.855780
32.010220
32.209579
32.279739
28.588137
11.041191
-5.049170
0.383215
3.332103
3.173518
-0.488678
-1.759426
-0.749692
-0.476560
-0.873861
-1.257614
-0.772200
6.093829
5.402097
5.258304
0.000000
31.816717
32.067642
31.666655
29.083418
10.470278
-5.200859
0.688700
2.951639
2.579606
-0.482277
-2.402230
-0.540624
0.211548
-0.137217
-0.824431
-0.988630
0.396941
-0.385709
7.266180
0.000000
31.530655
31.829662
32.105038
30.892414
14.486406
-7.112270
-0.370449
2.932671
3.863679
0.118483
-2.246036
-0.968133
-0.423612
-0.618927
-1.149032
-1.161777
0.064395
5.396739
5.505984
0.000000
31.564230
31.778793
32.157349
30.339500
14.152807
-10.029963
-0.991297
2.483219
2.938850
0.219931
-1.934994
-0.779231
-0.223863
-0.106558
-0.662306
-1.320670
0.115834
-0.091474
6.649882
0.000000
31.590052
31.757177
32.068184
30.863146
13.666677
-9.605493
-1.704968
1.621059
3.899502
2.134883
-1.561946
-1.512227
-0.425913
-0.385604
-0.845981
-1.232123
3.041406
5.197304
5.581136
0.000000
31.144840
31.158230
31.770081
30.208666
16.294209
-16.266689
-3.609643
0.731668
3.192212
1.193046
-1.550294
-2.045173
-0.510414
0.128479
0.013002
-1.234026
-0.732023
0.436030
-0.417442
5.799601
0.000000
31.876339
32.116985
32.090435
27.536463
9.478920
-10.597662
-1.017707
1.948703
4.224154
1.530381
-1.291764
-1.118418
-0.371939
-0.524742
-1.247734
-1.346984
-0.021418
4.970519
5.093287
0.000000
31.898628
31.975363
32.173561
30.263214
11.431940
-14.670240
-1.810811
1.726829
2.942398
1.340390
-1.705354
-0.951364
-0.289577
-0.159647
-0.916997
-1.489557
-0.018367
0.676448
7.369886
0.000000
31.702240
31.863749
32.132812
31.135349
14.365807
-17.932594
-3.606166
0.563846
3.810975
2.554227
-1.001816
-2.227356
-0.642747
-0.486639
-0.643334
-1.207444
-0.558812
5.398251
5.162471
0.000000
31.219728
31.175714
31.721825
30.333982
29.311878
13.560728
-5.105906
0.248301
3.471001
1.933149
-1.194746
-2.278049
-0.641699
-0.052949
-0.027595
-1.046984
-1.203220
0.074992
-0.662338
5.545001
0.000000
31.754101
32.005825
32.058838
28.279360
10.453314
-10.634977
-1.224759
1.919779
4.029411
1.428994
-1.402279
-0.847433
-0.786681
-0.889648
-1.458920
-0.992608
0.366392
4.620037
4.786820
0.000000
31.958824
32.050507
32.016605
30.282200
11.037355
-14.307503
-1.869831
1.566865
3.012895
1.536783
-1.648030
-0.549715
-0.363794
-0.254945
-1.033107
-1.252251
0.409596
0.446648
6.445239
0.000000
31.871086
32.087296
32.267872
31.081013
13.369257
-19.797485
-3.555974
0.654212
3.790573
2.223746
-1.019922
-1.686578
-0.299354
-0.286295
-0.443804
-1.098011
-0.428401
-0.162185
5.410291
0.000000
31.135365
31.233908
31.756954
30.618664
15.836986
-17.473633
-3.534375
1.239380
3.803737
0.969593
-1.474350
-2.288172
-0.457706
0.164629
0.061187
-1.192015
-0.960856
-0.214156
5.938004
0.000000
31.913755
32.027218
32.151031
30.027225
26.669407
6.285414
-5.104952
0.570230
2.517972
3.608650
0.474065
-1.283924
-0.574989
-0.616388
-1.034956
-1.325948
-0.662489
5.787671
5.015138
4.847712
0.000000
32.001320
32.186272
30.655245
29.301182
11.981220
-6.974913
-0.075866
2.748615
2.722065
-0.281636
-2.037268
-0.393748
-0.044159
-0.012201
-0.930983
-1.223076
0.317315
-0.012954
7.039356
0.000000
31.787737
32.026745
32.250652
29.566229
13.688457
-9.905542
-1.604162
1.905098
3.945623
1.087278
-1.175313
-0.689133
-0.430490
-0.502245
-0.971449
-1.253590
-0.003320
5.120724
5.267685
0.000000
31.763124
31.980305
32.246239
30.198269
13.316034
-14.683533
-1.959571
2.185603
3.326750
0.412347
-1.667703
-1.241614
-0.193166
0.116297
-0.504420
-1.597806
-0.447243
-0.128055
6.366836
0.000000
31.506214
31.700310
32.072655
30.979401
27.092379
11.233990
-5.117039
0.374116
2.989460
2.914199
0.152316
-0.998497
-0.473437
-0.707889
-1.102470
-1.402709
-0.597466
0.634878
4.561001
4.372761
0.000000
32.122536
32.220749
30.117741
28.966539
11.339357
-6.860357
-0.127366
2.497602
3.138484
0.139452
-2.215909
-0.473068
-0.079008
-0.126945
-1.097600
-1.056162
0.335346
7.852317
6.731009
0.000000
31.773672
32.025887
32.255264
29.954620
14.288332
-9.984246
-1.575930
1.938844
3.798694
1.051602
-1.156307
-0.561743
-0.590672
-0.622671
-0.983078
-1.136259
0.110514
5.026724
5.237194
0.000000
31.743704
31.963570
32.223900
30.073639
13.248417
-14.626001
-1.968221
2.071751
3.318950
0.605517
-1.594546
-1.289506
-0.207781
0.120763
-0.428123
-1.540485
-0.460607
-0.138534
6.443284
0.000000
31.270882
31.449482
31.914631
31.001616
27.937914
13.056644
-7.228135
-0.221262
2.844086
3.244021
0.239002
-1.455897
-0.464400
-0.947079
-1.209828
-1.584437
-0.797033
0.726245
4.510123
4.371505
0.000000
32.139587
32.207146
31.222435
28.864456
8.431843
-9.996733
-0.932595
1.973264
2.997656
0.936356
-1.717967
-0.194331
-0.379643
-0.399173
-0.778733
-0.971356
0.383955
0.092609
7.105748
0.000000
31.806286
32.032364
32.247200
31.066664
14.866365
-9.827809
-1.322726
2.014567
4.058175
1.162267
-1.630822
-0.590314
-0.490781
-0.609252
-0.882723
-1.086782
-0.034336
5.678972
6.074375
0.000000
31.135563
31.481646
32.024620
30.549889
18.389641
-12.698961
-2.551500
2.034888
3.186830
0.038201
-1.704114
-1.517345
-0.192765
0.262164
-0.036736
-1.321332
-0.533114
-0.305888
7.015284
0.000000
31.227316
31.399048
31.876808
31.123701
26.370802
10.953133
-7.288420
0.033257
2.592238
3.797968
0.546890
-1.566076
-0.807602
-0.930679
-1.176721
-1.734772
-0.948004
0.794937
4.558575
4.243405
0.000000
32.246723
32.244087
30.245121
27.737770
6.422562
-9.940873
-1.018298
1.668910
2.785139
1.375498
-1.156141
-0.354600
-0.493240
-0.298306
-0.617151
-0.777399
0.434671
0.150831
7.659761
0.000000
31.790077
31.968063
32.188728
31.109015
13.845438
-9.838916
-1.367182
2.239082
4.537591
1.020925
-2.324602
-0.984649
-0.251822
-0.279649
-0.841494
-1.410943
-0.205156
6.129254
6.330212
0.000000
30.918179
31.169201
31.791351
30.528667
17.375484
-16.830803
-3.719856
0.547198
3.647264
1.374167
-1.491132
-2.154840
-0.656363
-0.163313
-0.176247
-1.131465
-0.619276
0.013287
4.930305
0.000000
31.392702
31.398010
31.859579
30.693436
27.739452
10.369755
-7.469958
-0.023886
2.891871
3.844702
-0.047303
-1.985161
-0.968992
-0.612719
-0.854001
-1.249736
-1.109231
0.413011
5.198591
5.090429
0.000000
31.981205
32.110764
31.663992
28.481855
8.669006
-7.504539
-0.018384
2.359881
2.572946
