0.000000
3.424216
3.770151
2.466848
2.450928
2.435220
4.392462
-4.454205
-3.353873
-0.968505
0.183264
0.869333
1.770488
1.757874
0.736466
0.997122
-0.150608
-0.181395
1.590161
4.685267
0.803091
0.939953
0.000000
0.921568
1.224069
1.486831
1.481410
1.461459
-23.374983
-0.462771
-1.187297
-2.962206
-4.116808
-3.589087
-0.813797
-0.353138
-0.807652
-0.610662
-0.316204
1.621800
5.153332
3.377552
6.896150
26.165995
0.000000
1.918382
1.682309
0.908971
-0.673862
0.092589
1.256243
-0.438921
-1.828205
-1.938136
0.459480
0.669654
0.504312
1.617978
2.849567
6.858546
8.936319
0.104381
0.105174
29.549679
0.000000
15.559628
13.467501
26.913025
26.894302
31.556452
-4.246634
-2.552177
-0.628798
1.303957
2.156497
1.917575
0.559352
-0.633050
-1.898531
-1.415868
-1.153924
-1.346996
-0.979083
-0.601693
4.885101
-0.664717
3.937412
25.221268
7.438678
0.000000
5.715797
4.766399
1.633796
4.698384
-0.285738
-1.829005
-0.992266
-1.066879
-1.251586
-0.404654
0.633492
0.740785
0.850862
0.336909
0.684219
1.256794
2.738501
3.729402
3.132905
1.975416
-3.212469
0.000000
14.752106
8.966833
2.156289
2.118837
7.809111
-1.446994
0.106442
-0.485013
0.162891
0.227796
0.436758
0.987130
1.120530
0.877309
2.098995
2.881962
-0.093128
-2.297984
-0.172340
-0.107140
0.000000
12.592031
10.757437
2.122912
4.590133
26.322948
-0.964992
-0.406552
0.595152
0.331277
-0.102451
0.053934
0.815448
0.222224
0.485487
1.458704
0.591462
-0.306615
0.501196
1.110559
0.550679
0.000000
29.423531
11.296686
2.081024
2.133004
13.618482
-2.451521
-0.855569
0.608556
0.747193
-0.067138
-0.105832
0.767921
0.786810
1.016366
2.061035
1.870301
0.760561
0.065707
0.671675
0.000000
7.222153
11.627694
2.064375
2.192252
-1.597193
-5.702373
-0.785039
0.450799
0.677491
-0.299320
-0.641217
0.316426
1.075999
0.635986
0.914176
1.691683
1.345626
0.181056
-0.422763
0.986328
-0.153944
0.000000
18.051178
11.766581
2.093637
2.147225
26.625418
-1.963772
-0.287950
1.001740
0.864637
0.051993
-0.119163
0.566563
0.572070
0.892758
2.017843
1.774448
0.600247
0.370212
0.803102
0.000000
23.165295
11.953022
1.974237
2.180670
-5.405896
-10.610510
-1.214536
-0.299407
0.379309
-0.035947
-0.417108
0.187304
0.865427
1.261432
1.980489
2.878986
0.970932
0.645668
-0.566881
-0.552944
0.000000
11.688766
11.614371
2.088051
7.298957
21.474131
-1.262220
-0.984036
0.511432
0.211345
-0.434314
-0.219452
0.825205
0.692980
0.823891
1.824516
1.596188
0.296679
0.122699
2.662457
0.000000
28.748062
12.514559
9.091467
2.060018
1.752850
-3.713398
-1.097577
-0.979045
0.432754
0.186199
-0.340431
0.195880
0.701787
0.770489
1.533958
2.310145
0.850645
0.962599
0.620705
0.211098
0.000000
26.650303
12.144894
2.052900
2.119805
7.558417
-2.952447
-0.792702
0.212949
0.146057
-0.392924
-0.352869
0.711185
1.153920
1.172313
2.134083
2.766712
0.937474
-0.443754
1.128733
0.000000
30.068750
11.777482
2.069225
2.096118
1.129350
-5.680857
-0.542040
-0.163666
0.396905
-0.197125
-0.616642
0.059910
1.058040
0.805121
1.287962
2.240025
1.060615
0.803502
0.020974
0.872449
0.000000
27.366249
12.108721
2.045094
2.099557
12.402565
-3.977186
-0.580358
-0.119018
0.552364
-0.017172
-0.327932
0.495676
0.959594
0.914775
1.880041
2.572202
0.912974
0.069655
0.581712
0.000000
25.360067
10.718367
1.981240
2.117195
-4.775240
-10.673576
-0.568007
-0.523950
0.150406
-0.157094
-0.486745
-0.023774
0.894582
1.187988
1.735919
2.795227
1.749398
-0.620306
-0.623813
0.437812
0.000000
15.791141
11.113198
2.057766
2.058909
19.562872
-0.590851
-1.010161
-0.959256
0.008957
-0.052187
-0.099509
0.563890
1.093097
1.394075
2.567039
2.009667
-0.434933
-1.200453
0.689226
0.000000
20.507273
11.432390
2.029543
2.073921
17.387028
-0.599328
-1.153237
-1.146694
-0.610421
-0.267553
-0.044220
0.561592
1.027649
1.275029
2.749272
3.752956
1.008026
-0.358657
0.200300
0.000000
9.843637
11.775675
2.025984
2.060362
17.079041
-1.502039
-0.904243
-1.024894
-0.508404
0.157604
0.117027
0.603948
1.085217
1.308774
2.508823
2.870175
1.425467
-0.087879
-0.202123
0.000000
19.795643
11.851156
1.999355
2.060898
16.718222
-2.189356
-0.927427
-0.665183
0.098874
-0.137354
-0.333733
0.700733
1.305116
1.239100
2.288779
3.469357
1.560951
0.189935
0.253811
0.000000
26.256479
10.833049
2.370915
2.084879
2.829400
-3.969527
-0.403352
-0.454089
0.141852
-0.248880
-0.491701
0.396459
1.084635
0.921994
1.839943
3.438881
0.373004
-0.707271
0.534748
0.000000
28.774002
11.973096
4.699287
2.089926
-0.119825
-7.458678
-0.562943
-1.033341
0.121450
0.198365
-0.289695
0.060570
0.733770
0.905025
1.517809
2.502309
1.420504
0.034835
0.964938
-0.180649
0.000000
19.716953
11.956439
2.042656
2.089727
17.048828
-1.075920
-0.929296
-0.283199
0.114292
-0.215742
-0.175316
0.754693
1.134639
1.335251
2.619810
3.172284
1.487087
0.268549
0.012949
0.000000
18.551521
11.622572
2.006145
2.057101
19.160580
-1.866596
-0.741020
-0.797000
0.202601
-0.135726
-0.306190
0.645624
1.125364
1.198689
2.175180
2.988411
1.227834
0.206249
0.100815
0.000000
28.156027
11.817076
2.000128
2.071013
7.754532
-3.659622
-0.356981
-0.842701
0.183314
-0.063238
-0.429684
0.345699
0.992427
1.077694
1.994113
2.700667
1.434419
-0.475429
0.824302
0.000000
8.497664
12.300856
5.390265
2.070118
1.287337
-4.691533
-0.403568
-0.900580
0.219992
0.035259
-0.450714
0.113775
0.884360
0.905396
1.662226
2.395125
0.950819
0.205803
0.438388
-0.359290
0.000000
20.240089
12.595451
2.035745
2.025252
17.815670
-1.235944
-1.080266
-0.195554
0.143757
-0.211894
-0.067515
0.803650
1.304485
1.390057
2.595347
3.356780
1.591593
0.768046
-0.188268
0.000000
11.381207
11.039432
2.018326
2.055648
16.626328
-1.936618
-0.877328
-0.752470
0.211912
-0.146772
-0.239232
0.738945
1.195427
1.201117
2.328064
3.151925
1.202435
0.092777
0.410005
0.000000
25.558950
11.903910
1.947051
2.084326
5.876279
-3.884349
-0.354352
-0.490252
0.322212
-0.111627
-0.492867
0.381141
1.030032
0.905245
1.900761
2.653411
0.981553
0.381395
1.949668
0.000000
27.904181
12.286750
5.093851
2.065485
-1.059760
-7.808058
-0.632151
-1.039374
0.104552
0.110804
-0.355800
0.078078
0.869067
1.048613
1.576004
2.543655
1.573873
0.033405
0.379683
-0.232758
0.000000
15.647263
12.061823
2.041300
2.083573
17.472626
-0.930292
-0.999761
-0.420951
0.104967
-0.181126
-0.116033
0.726386
1.258564
1.403130
2.741262
3.168741
1.499474
-0.116440
0.022431
0.000000
12.492927
12.294600
1.998131
2.036030
19.203777
-1.598890
-0.870735
-0.989983
-0.098892
0.075811
-0.019895
0.592372
1.201901
1.287978
2.433433
2.952706
1.382483
0.099064
0.130278
0.000000
19.463413
11.986041
1.990071
2.057413
16.058031
-1.977615
-0.743512
-0.911819
0.083861
-0.095770
-0.301562
0.585850
1.165640
1.309767
2.385789
3.094102
1.445181
1.554357
0.087658
0.000000
12.946316
12.230173
2.020982
2.059668
8.904274
-3.793466
-0.475454
-0.824236
0.170398
-0.082727
-0.375506
0.443233
0.989065
1.227787
2.090884
2.759984
1.208397
-0.015862
0.290941
0.000000
8.280935
13.020525
3.970006
2.063287
4.333117
-6.103807
-0.563875
-0.854467
0.357465
-0.037610
-0.461040
0.273265
1.095880
1.004321
1.718866
2.653576
1.094564
-0.103899
0.569580
0.000000
25.640289
11.886682
2.418638
2.097837
-3.981211
-10.556998
-0.721889
-0.888325
0.182516
-0.094568
-0.502525
-0.123740
1.004313
1.251940
1.610291
2.822791
2.346616
0.017619
0.481084
-0.183598
0.000000
10.985456
12.101277
2.040238
2.071491
16.963066
-0.641123
-1.064995
-0.936289
-0.016898
-0.065581
-0.092641
0.702336
1.134072
1.447733
2.652626
2.397385
2.138610
-0.172061
0.332309
0.000000
12.077368
12.272833
2.019377
2.059535
18.459618
-0.379131
-1.116125
-1.126608
-0.597038
-0.268880
-0.052728
0.452591
0.924795
1.374407
3.623926
1.864655
1.409836
-0.720050
0.881256
0.000000
16.898678
13.252445
2.008057
2.051506
18.141975
-0.542425
-1.107296
-1.219455
-0.712955
-0.309431
-0.119138
0.418507
0.971040
1.444783
2.607065
2.461933
0.194329
-0.734636
0.641229
0.000000
15.310564
12.870220
2.012338
2.038227
16.644718
-0.753282
-1.061342
-1.061297
-0.470111
0.053793
-0.140360
0.503220
1.089488
1.561112
2.730147
2.450354
0.488883
-0.524477
0.261627
0.000000
16.595732
12.613252
2.002959
1.973450
16.633739
-0.932586
-1.122068
-0.968979
-0.077276
0.013203
-0.145403
0.601110
1.349251
1.599114
2.799932
3.352411
2.037553
-0.535050
0.097102
0.000000
14.185241
12.864184
1.995133
2.037986
18.458681
-1.710088
-0.936182
-1.008109
-0.159699
0.046621
-0.090811
0.555096
1.267317
1.452749
2.632718
3.226151
2.128381
0.154824
0.073478
0.000000
17.074594
12.156811
1.988538
2.065722
17.685356
-1.737012
-0.848905
-0.954284
0.001954
0.022774
-0.175607
0.557574
1.138320
1.400279
2.557336
3.197368
1.430175
1.364562
0.043605
0.000000
21.911432
12.189161
1.960477
2.075256
17.678883
-1.876090
-0.785827
-0.938568
0.096782
-0.083877
-0.344229
0.587334
1.157092
1.309107
2.437997
3.359550
1.350450
-0.109423
-0.030709
0.000000
23.788353
12.198206
2.061265
2.082573
10.330087
-3.614437
-0.408934
-0.880237
0.123840
0.059080
-0.257737
0.386309
0.908314
1.213100
2.271221
2.797308
1.009500
0.186430
0.603998
0.000000
30.250397
12.703434
1.991515
2.095199
8.374672
-3.828218
-0.337189
-0.525652
0.300319
-0.090682
-0.524678
0.348341
0.969663
1.081933
2.095868
2.865638
1.028962
0.093731
0.849911
0.000000
8.447475
12.899174
6.151362
2.062493
5.194317
-5.787026
-0.363517
-0.907310
0.234271
-0.044895
-0.494806
0.172197
1.010330
1.059549
1.798562
2.716289
0.966465
-0.252237
2.464492
0.000000
28.531591
12.992541
6.801371
2.068221
0.519070
-7.348277
-0.685658
-1.059300
0.104778
0.063870
-0.426942
-0.026650
0.934038
1.106753
1.704600
2.606985
1.170573
0.154501
1.037824
-0.277895
0.000000
12.949195
12.242131
2.058840
1.876388
17.496080
-0.835779
-1.142636
-0.419490
0.138481
-0.260271
-0.160670
0.772342
1.240843
1.544583
2.542892
1.796109
-0.168988
-0.204145
0.265400
0.000000
17.741165
12.196482
2.048730
2.091009
16.205271
-0.660327
-1.186642
-1.066599
-0.253810
0.087974
-0.031081
0.573696
0.989329
1.422767
2.658020
2.388842
0.958049
-0.265202
0.167374
0.000000
10.942208
12.350075
2.029602
2.045162
17.654194
-0.540657
-1.043989
-1.012897
-0.536872
-0.151565
-0.084634
0.466043
0.968630
1.508978
2.695296
2.050662
-0.124049
-0.662017
0.772232
0.000000
19.726215
13.409334
2.018771
2.052429
17.427876
-0.713542
-1.086761
-1.085432
-0.484696
0.076994
-0.143590
0.501850
1.046270
1.523319
2.726884
2.421654
0.953403
-0.513525
0.203156
0.000000
16.629362
12.611585
2.018827
1.922764
15.960905
-0.851083
-1.175966
-0.948143
-0.145002
0.078087
-0.164803
0.625727
1.127381
1.590180
2.845917
2.434332
0.497325
-0.870353
0.051462
0.000000
15.263574
12.348282
2.023801
1.970068
17.107677
-0.898930
-1.041578
-0.918853
-0.047624
-0.123682
-0.211885
0.634082
1.222094
1.636919
2.807064
3.666122
-0.105860
-0.400303
0.361351
0.000000
17.148947
12.568869
2.024340
2.057023
17.370173
-0.659069
-1.104458
-1.025557
-0.349055
-0.015315
-0.115711
0.539967
1.030367
1.483009
2.782266
2.819919
0.722046
-0.317333
0.490563
0.000000
17.689959
12.733638
2.025524
2.061603
17.283546
-0.625890
-1.045495
-1.063103
-0.542287
-0.081920
-0.122006
0.460815
0.957833
1.437526
2.712019
2.329961
-0.196972
-0.346697
0.635833
0.000000
20.862980
12.666637
2.029775
2.061823
16.405788
-0.752210
-1.132862
-1.035074
-0.471160
0.127061
-0.119337
0.494870
1.096287
1.435602
2.776794
3.335319
1.454132
-0.574421
0.166781
0.000000
11.588801
12.850247
2.029142
2.059911
17.475239
-1.625009
-0.892854
-0.981311
-0.353291
0.133034
0.012500
0.508828
1.092312
1.495176
2.621665
2.988841
1.463165
-0.696294
0.194702
0.000000
17.089136
13.132019
2.029627
2.063246
17.278749
-1.711761
-0.975998
-0.975061
-0.078024
0.060365
-0.148915
0.563939
1.209367
1.504033
2.713755
3.463752
2.092597
-0.303566
-0.104465
0.000000
13.486977
12.308936
2.016177
2.059389
17.064688
-1.532592
-0.934998
-0.945138
-0.115683
0.018522
-0.228660
0.534545
1.162584
1.454064
2.709266
4.748974
0.853814
-0.377939
0.296623
0.000000
18.708199
12.293158
2.033351
2.093899
15.873541
-1.400048
-0.960978
-1.088923
-0.327690
0.193080
-0.078628
0.560841
1.018965
1.209895
2.628787
3.408819
2.335565
-0.083901
-0.203310
0.000000
16.884535
12.030177
2.002848
2.095921
16.073257
-1.416103
-0.923033
-1.018312
-0.036103
0.137128
-0.216427
0.540691
1.069566
1.278592
2.586226
3.428279
1.407095
-0.500698
0.133905
0.000000
19.202349
11.907765
2.012969
2.114602
15.816486
-1.395806
-0.849892
-1.048671
0.068273
0.175343
-0.249461
0.542877
1.022951
1.168982
2.493503
3.448180
2.366150
0.655169
-0.140959
0.000000
20.179604
12.417261
2.004947
2.112866
16.235382
-3.028507
-0.703503
-1.122151
-0.081469
0.286602
0.028301
0.597356
0.893511
1.095706
2.359303
3.267776
1.149769
0.095376
0.341221
0.000000
26.782076
11.951079
2.002767
2.127002
10.168714
-3.676353
-0.481013
-0.698898
0.360995
0.029903
-0.348596
0.393425
0.923593
1.032181
2.316216
2.960950
0.797033
-0.069419
1.378030
0.000000
30.086809
12.387596
2.033545
2.114402
6.087237
-7.184833
-0.279295
-0.716976
0.478452
-0.028288
-0.501406
0.207876
0.972564
0.885285
1.714488
2.567620
0.625062
-0.445426
0.918678
0.000000
28.590677
12.375544
5.150971
2.100308
2.619554
-9.475193
-0.406745
-0.904024
0.274764
0.050231
-0.450494
-0.142270
0.813577
0.818786
1.594701
2.643308
1.313077
-0.266182
0.820777
-0.112190
0.000000
17.916254
12.596517
2.066274
2.044981
16.478495
-0.729164
-1.110642
-0.986559
-0.024723
0.064100
-0.081499
0.628074
1.019667
1.570983
2.770684
3.675409
1.043736
-0.312797
0.075600
0.000000
11.825726
12.637004
2.065890
2.054151
17.299547
-0.428829
-1.201541
-1.042795
-0.447106
-0.157910
-0.017556
0.397900
0.824693
1.438445
4.800611
1.851680
0.399564
-0.774204
0.835490
0.000000
17.365385
13.814461
2.046768
2.057702
17.008850
-0.595220
-1.139467
-1.152838
-0.558157
-0.198838
-0.057909
0.379587
0.861114
1.439907
2.692457
2.539216
-0.040197
-0.697308
0.612804
0.000000
18.060959
13.755774
2.048133
1.948880
16.695351
-0.775492
-1.040984
-1.023492
-0.549562
0.022482
-0.130665
0.449190
1.020540
1.669150
2.798417
2.975654
-0.125834
-0.941170
0.560458
0.000000
21.011667
13.880674
2.043062
1.980650
16.432615
-0.836583
-1.124614
-0.982326
-0.267337
0.081381
-0.152524
0.562352
1.098389
1.705087
2.948324
2.479893
0.415534
-0.757049
0.168464
0.000000
15.768119
13.439865
2.049060
1.975219
17.224617
-0.734450
-1.075319
-0.948439
-0.411996
-0.078264
-0.151679
0.515718
1.075236
1.680356
3.641201
2.124847
-0.411052
-0.574969
0.667250
0.000000
24.671928
13.637841
2.055428
2.001619
16.251179
-0.700756
-1.226350
-1.100120
-0.476393
-0.141582
-0.016706
0.465517
0.906572
1.447118
2.863197
3.333702
-0.042159
-0.651834
0.290302
0.000000
15.431013
12.858787
2.082856
1.976005
16.327337
-0.666649
-1.098205
-0.979125
-0.396733
-0.199887
-0.094095
0.400947
0.894069
1.473805
2.844382
2.270275
-0.431533
-0.629060
0.696703
0.000000
21.588840
12.945835
2.077793
2.013251
15.719659
-0.647636
-1.240608
-1.118799
-0.395983
-0.068757
0.041422
0.478629
0.835066
1.351002
2.799909
3.878763
0.078304
-0.813681
0.205947
0.000000
13.540786
12.291861
2.101981
2.006337
16.154648
-0.632364
-1.049399
-0.946393
-0.345865
-0.166974
-0.115880
0.357742
0.879772
1.457402
3.052463
2.471744
-0.611590
-0.838240
0.821911
0.000000
23.144981
13.253449
2.092587
2.078052
15.576669
-0.678822
-1.229710
-1.172808
-0.371363
-0.004216
0.066531
0.461310
0.761265
1.236885
2.662756
3.682999
0.125834
-0.718224
0.079566
0.000000
12.207107
12.453793
2.126671
2.006037
16.555243
-0.545303
-1.029980
-0.956670
-0.335330
-0.168215
-0.164331
0.290962
0.840298
1.436725
2.627254
1.963655
-0.598716
-0.861142
1.228136
0.000000
27.242558
13.562954
2.099442
2.116906
15.560026
-0.732031
-1.254016
-1.235405
-0.380662
0.027421
0.077586
0.455321
0.740194
1.205592
2.640867
2.369308
0.637012
-1.244048
-0.092668
0.000000
11.337091
11.855433
2.169975
1.990996
15.798828
-0.573887
-0.990847
-0.906069
-0.297876
-0.143629
-0.125744
0.364511
0.902306
1.508606
2.801537
1.996584
-0.656707
-0.684587
0.976590
0.000000
25.569983
12.996716
2.114863
2.143845
15.825418
-0.693210
-1.164565
-1.166317
-0.358378
-0.043232
0.012291
0.424525
0.788131
1.298260
2.780915
2.684351
-0.140800
-0.569908
0.147854
0.000000
13.875630
12.250557
2.168215
1.985558
16.301689
-0.534372
-1.080079
-1.012002
-0.288970
-0.101845
-0.106082
0.307905
0.818113
1.421971
2.880409
1.958983
-0.658939
-0.752202
1.143203
0.000000
22.475264
13.129210
2.142623
2.206409
17.621162
-0.634921
-1.114453
-1.161542
-0.367705
-0.128428
-0.134134
0.248697
0.722349
1.290305
3.091750
2.150332
-0.379806
-0.928179
0.808715
0.000000
21.589581
13.245052
2.145342
2.056679
16.919832
-0.762865
-1.087407
-1.066431
-0.361018
-0.179621
-0.128499
0.325695
0.834357
1.432660
4.097692
1.937860
-0.217954
0.186027
0.469660
0.000000
18.340488
12.426783
2.154593
2.002047
17.224880
-0.619273
-1.158770
-1.075822
-0.324582
-0.115110
-0.083430
0.357495
0.827718
1.459238
3.170094
2.038220
-0.519983
-0.472888
0.639007
0.000000
18.795134
12.769304
2.158224
2.001725
18.965057
-0.520769
-1.229365
-1.172455
-0.309713
-0.069143
-0.090716
0.268036
0.718560
1.334262
2.849056
1.880548
-0.595162
-0.767239
0.882875
0.000000
20.413475
13.078991
2.158863
2.070123
18.213173
-0.609620
-1.202436
-1.197178
-0.338183
-0.085723
-0.089474
0.258797
0.724389
1.329350
2.992338
1.957270
-0.407750
-0.664834
0.625262
0.000000
18.855331
13.114569
2.172487
2.010660
19.967949
-0.622574
-1.179223
-1.121806
-0.343803
-0.158976
-0.130907
0.265526
0.787667
1.438818
2.625998
1.818858
-0.547903
-0.749313
0.844755
0.000000
20.919119
12.791868
2.162731
2.033709
18.840492
-0.665216
-1.170645
-1.105776
-0.337806
-0.156514
-0.108784
0.332198
0.819667
1.457450
2.624700
1.755312
-0.464025
-0.325475
0.654291
0.000000
18.333443
12.718956
2.164754
4.309704
20.329016
-0.673665
-1.135874
-1.077473
-0.337952
-0.175871
-0.129885
0.341269
0.838384
1.484689
2.702699
1.494023
-0.551919
-0.391551
0.746517
0.000000
20.074030
12.571821
2.167548
3.960551
19.620663
-0.639620
-1.201140
-1.140030
-0.314033
-0.117519
-0.078763
0.340925
0.798158
1.439873
2.609868
1.669955
-0.513227
-0.365872
0.544265
0.000000
16.892429
12.598871
2.175456
8.340677
19.540989
-0.707654
-1.147867
-1.050751
-0.294259
-0.154741
-0.115765
0.343173
0.836259
1.467989
2.699387
1.089536
-0.760825
0.894357
0.593919
0.000000
18.986776
12.723521
2.165942
8.324600
20.073458
-0.885938
-1.054775
-0.926121
-0.301457
-0.172041
-0.133933
0.411987
0.889621
1.532761
3.377679
0.851867
-0.934774
0.189076
0.447800
0.000000
19.461054
13.052997
2.165766
10.436934
20.397768
-0.911583
-1.009222
-0.895330
-0.079693
-0.163891
-0.158367
0.473975
0.767127
1.437108
3.808106
0.795545
-1.036201
0.260441
0.480485
0.000000
22.290686
13.551582
2.160214
5.352274
22.396458
-0.885746
-0.984136
-0.939229
-0.070694
-0.086702
-0.186021
0.440046
0.786644
1.457124
2.917897
1.185285
-0.732481
0.839013
0.709137
0.000000
23.432430
12.930089
2.162944
2.401257
20.177464
-0.705846
-1.155686
-1.126016
-0.300220
-0.083186
-0.073603
0.375426
0.786591
1.380650
3.097302
1.675765
-0.610208
-0.640905
0.808509
0.000000
18.239220
12.895809
2.178456
6.759742
21.760160
-0.651192
-1.118713
-1.110460
-0.278306
-0.098326
-0.157290
0.236856
0.697215
1.252603
0.000000
18.280569
2.630829
-18.952738
-4.044293
-0.567304
0.453791
0.436323
0.769489
0.540075
0.296512
0.384299
0.879401
0.883151
0.337179
1.039978
1.784699
1.089507
0.000000
1.634933
2.298967
2.049007
-0.106621
-28.543104
-1.050982
-0.141003
-0.197347
-0.284279
-0.227271
0.090430
-0.278932
-0.755170
-0.320285
0.329564
1.002811
0.024797
1.218186
0.815399
0.000000
20.212868
21.071638
9.581959
20.699028
6.603956
-15.468245
-0.090048
-0.276839
-0.327887
-0.549625
-0.430614
0.535900
1.157921
0.469994
0.556893
1.543985
2.516198
0.830884
0.936652
0.800620
0.000000
23.256870
11.407220
2.186406
22.261251
13.516883
-3.402676
-1.146060
-0.844321
-0.070680
-0.519366
-0.669640
0.617625
1.178171
1.066696
1.539707
2.847682
1.276707
-1.506989
0.621500
-0.184855
0.000000
11.918148
11.881766
2.136589
19.076220
17.994938
-0.161124
-1.383832
-1.045675
0.005227
0.139787
0.064973
0.422378
0.411746
1.057038
2.301236
1.175198
-1.192351
0.657205
1.002801
0.000000
29.404549
15.104555
2.125398
2.191993
19.883745
-1.465972
-0.989477
-1.261879
-0.436315
-0.087067
-0.049360
0.418669
0.805600
1.175657
2.534798
2.690114
1.746687
-0.062720
0.148890
0.000000
14.267659
13.651955
2.147213
2.232786
17.222294
-1.354651
-0.904430
-1.035235
-0.308892
-0.115595
-0.177797
0.289158
0.829784
1.334705
3.455894
2.028672
-0.082308
-0.082142
0.613316
0.000000
27.348000
14.283275
2.150744
2.230287
18.430580
-1.112874
-1.202347
-1.413942
-0.364981
0.037878
-0.005423
0.348003
0.688789
1.098262
2.451836
3.476504
0.461775
-0.535050
0.340344
0.000000
19.202906
14.592662
4.070030
8.198154
23.516260
-0.954747
-1.092071
-1.288921
-0.383189
-0.102694
-0.256466
0.110477
0.548702
1.066743
2.215299
1.696572
-0.207158
-0.370650
1.297646
0.000000
29.842510
18.400017
2.161480
2.222899
16.249748
-1.329986
-1.289326
-1.639956
-0.508037
0.125847
0.129452
0.485740
0.694030
0.968177
2.349640
3.046522
2.680511
-1.300171
-0.683195
0.000000
11.701532
13.070501
2.162457
2.147444
17.442974
-1.283123
-0.761105
-0.887814
0.093283
0.025514
-0.223467
0.368348
0.292912
0.729252
2.623705
1.538915
-0.211591
-0.147949
1.638436
0.000000
29.425611
24.454006
2.236209
2.209800
16.831923
-1.636360
-0.980503
-1.388490
-0.526297
-0.089562
-0.073197
0.406055
0.750986
1.101151
2.406608
2.945658
0.896606
-1.028039
0.121035
0.000000
14.876675
13.103000
2.142601
2.145110
15.949978
-1.338799
-0.729695
-0.916347
0.171976
0.050878
-0.293517
0.411118
0.436026
0.921440
2.620363
2.154258
-1.255510
0.062467
1.269515
0.000000
29.312492
16.292965
3.586248
2.208266
20.614719
-1.951422
-1.078268
-1.504140
-0.555168
-0.015429
-0.041772
0.290637
0.610841
0.926203
1.926509
4.163370
-0.435544
-1.009953
1.084238
0.000000
25.631268
14.885839
2.138953
2.227053
15.884166
-2.626242
-0.852001
-1.296452
-0.376800
0.045460
-0.069168
0.363723
0.730267
1.133023
2.304946
3.172342
-0.286726
-1.115871
2.068204
0.000000
23.394329
14.973136
2.133338
2.194273
19.586885
-2.499617
-0.736547
-1.082473
0.181815
0.220771
-0.185759
0.386413
0.458620
0.730191
1.802443
3.662416
-0.785528
-0.807416
2.756958
0.000000
29.261423
15.973306
4.908781
2.198616
18.168747
-2.552368
-0.771002
-1.232942
-0.550060
0.309119
-0.076515
0.363276
0.499144
0.959082
2.066948
2.448574
-0.078020
-0.852096
1.066579
0.000000
29.468708
14.862090
3.450919
2.199074
16.734198
-5.809335
-0.693284
-1.250477
0.071421
0.354804
-0.059906
0.405040
0.664627
0.915993
1.947195
2.512503
-0.091751
-0.879381
0.747309
0.000000
29.126144
14.283987
2.926060
2.165693
16.960396
-6.788904
-0.547082
-0.284317
0.631537
0.011784
-0.527439
0.215163
0.870116
0.585579
1.373219
2.110871
-0.279189
-0.509787
1.515657
1.343730
0.000000
21.931339
13.703748
2.128230
5.661814
22.668976
-1.158431
-0.142947
0.217904
0.120956
-0.273279
-0.278515
0.714620
0.587507
1.234099
2.520682
1.061646
0.201654
0.018352
0.651036
0.000000
27.033882
14.063580
2.137081
2.201524
20.049927
-1.140893
-0.955523
-1.229138
-0.363788
-0.076435
-0.133256
0.327318
0.735709
1.146211
2.346126
2.407973
-0.740892
0.824293
1.109977
0.000000
29.450024
14.711985
2.158179
2.237558
16.493151
-1.198220
-1.144107
-1.452584
-0.352390
0.078872
0.022254
0.371416
0.660666
1.038702
2.396433
4.290480
-0.332615
-0.758743
0.478730
0.000000
18.235891
14.255355
2.156947
2.231175
18.012640
-1.244414
-0.921138
-1.127630
-0.255512
0.008851
-0.135295
0.252411
0.659223
1.159915
3.515987
2.078509
-0.745349
0.036967
1.135078
0.000000
29.147327
15.355067
2.175652
2.246717
18.704697
-1.261270
-1.083099
-1.331238
-0.342337
-0.007384
-0.082085
0.278927
0.656006
1.061535
2.244321
2.528565
-0.050888
-0.359129
0.748198
0.000000
24.871937
15.042217
2.175407
2.218150
21.352360
-1.156314
-1.039942
-1.174599
-0.299900
-0.059175
-0.219463
0.221014
0.530986
0.959516
3.000728
1.877846
-0.815450
-0.017085
1.497410
0.000000
29.441629
15.729311
2.185170
2.235593
18.148232
-1.330837
-1.060733
-1.393179
-0.444769
-0.038047
-0.074633
0.303115
0.661033
1.013869
2.170240
3.149225
0.262064
-0.730060
0.676099
0.000000
27.552460
15.230807
7.932621
5.394281
20.984978
-1.182424
-1.052287
-1.255756
-0.340535
-0.061963
-0.220071
0.232438
0.458267
0.903784
3.775522
1.601287
-0.833250
0.161844
1.225486
0.000000
29.505743
15.432203
2.193458
2.237700
17.739080
-1.328471
-1.023843
-1.352662
-0.451252
-0.053841
-0.095158
0.298629
0.668896
1.022614
2.202431
2.448399
0.067140
-0.392850
0.881822
0.000000
27.992506
15.046117
2.151954
2.237972
19.944239
-0.986426
-1.149036
-1.362515
-0.343289
0.025988
-0.145002
0.118207
0.557318
0.951953
2.406183
2.019974
-0.788827
-0.072110
1.344505
0.000000
29.409868
15.454342
2.180641
2.265672
17.063900
-1.141233
-1.173202
-1.553972
-0.438205
0.075736
0.011568
0.311448
0.561611
0.912181
2.206320
2.901862
0.068089
-0.634441
0.801254
0.000000
26.896093
15.484699
8.507454
3.954680
20.673742
-1.133162
-0.964699
-1.153726
-0.288656
0.210872
-0.054782
0.301963
0.204298
0.457263
3.011828
1.511187
0.199718
-0.550951
2.408757
0.000000
29.334087
22.662197
4.249057
2.230754
16.648573
-2.786280
-0.958654
-1.440107
-0.660245
0.376813
0.121540
0.529874
0.515364
0.995075
1.944551
2.558420
3.825089
-1.087168
0.455252
0.000000
29.087553
14.371922
2.134547
2.080568
14.393500
-3.316590
-0.613290
-0.384022
0.432938
0.032080
-0.423162
0.440871
0.636641
0.641432
1.676997
1.902588
-0.204848
-0.429075
1.418879
0.000000
29.080935
14.795802
7.978251
2.159601
21.272911
-5.171525
-0.674266
-0.909101
0.405357
0.133300
-0.375180
0.182621
0.664215
0.599360
1.451989
2.223858
0.437863
-1.341945
1.405142
0.000000
29.478462
16.353094
9.846214
2.179046
18.994102
-9.568832
-0.846947
-1.151845
-0.023932
0.449067
0.000145
0.134767
0.662872
0.644232
1.470378
2.297675
-0.076796
-0.466043
1.031372
0.345322
0.000000
15.656977
14.228941
2.138244
16.531616
18.595650
-1.199013
-0.727796
0.362412
0.167661
-0.265049
-0.219753
0.764169
0.604921
1.189785
2.358919
0.633068
0.454928
0.240043
2.044146
0.000000
21.776199
14.409808
2.146445
5.913465
23.249863
-1.239308
-0.941785
-1.116576
0.008557
0.220703
-0.196495
0.417444
0.668506
1.112386
2.391984
2.210270
-0.540260
0.206731
1.016801
0.000000
29.107779
15.184868
2.184710
2.250659
21.013020
-0.872277
-1.324019
-1.621189
-0.396033
0.127478
-0.001145
0.227865
0.485899
0.826252
1.871930
1.931988
-0.112517
-0.422946
0.760197
0.000000
26.826784
15.416322
2.206107
2.262525
18.047670
-1.176900
-1.155093
-1.461748
-0.369250
0.038923
-0.069028
0.215657
0.605578
0.997092
2.096335
2.341494
-0.353859
-0.411973
0.660996
0.000000
26.609436
15.662725
2.179598
2.233893
20.589504
-1.430329
-0.888627
-1.099931
-0.314432
0.163683
-0.058698
0.286525
0.314657
0.888475
1.981845
2.028732
-1.287576
0.085980
1.636917
0.000000
29.337595
17.400070
2.198891
2.249726
18.270226
-1.485162
-1.016742
-1.336906
-0.446413
-0.014143
-0.117633
0.319098
0.713437
1.133848
2.343136
2.943675
-0.143139
-0.686821
0.520568
0.000000
22.676422
14.828531
2.153961
2.160859
19.775574
-1.024736
-1.095334
-1.296004
-0.266674
0.052953
-0.132024
0.215505
0.426541
0.900265
2.892815
1.855301
-1.514345
-0.059010
1.536991
0.000000
29.200315
17.617208
2.121520
2.264188
18.340813
-1.017765
-1.262749
-1.656226
-0.436459
0.133303
0.049050
0.259605
0.494456
0.835589
1.836505
2.902470
-0.351188
-0.929621
1.137118
0.000000
27.535408
16.140129
14.805374
3.621183
18.227627
-1.742898
-1.286104
-1.627906
-0.392901
0.188868
0.051914
0.429995
0.368571
0.777001
1.653658
4.178452
-0.961405
-0.958882
1.393762
0.000000
27.754122
15.245900
2.100628
2.143169
17.109200
-3.305746
-0.687718
-1.023042
0.419114
0.211315
-0.284710
0.393274
0.596626
0.783511
1.814590
2.033165
0.581215
-0.728631
1.262281
0.000000
28.780550
14.641990
5.632791
2.163244
21.741020
-4.912423
-0.706801
-0.999866
0.338064
0.188954
-0.290648
0.262511
0.547931
0.490500
1.246109
2.012644
0.432261
-1.690448
1.512264
0.000000
29.091919
19.683859
13.993380
2.202005
18.349428
-9.639538
-1.007762
-1.148760
0.136575
0.489737
0.043155
0.209916
0.658324
0.565656
1.320485
1.970694
-0.404961
-0.466212
1.183458
0.693265
0.000000
24.091434
13.856032
2.091168
12.848719
20.531658
-1.368950
-0.134985
0.328532
0.106247
-0.294440
-0.422584
0.884745
0.773819
1.408771
2.579495
1.386341
0.276325
-0.411575
0.599845
0.000000
12.662455
13.175208
2.246043
19.795965
21.301386
-0.531409
-1.301585
-1.349062
-0.098574
0.200173
-0.001129
0.442322
0.384296
0.580931
1.647949
0.921360
-0.850444
0.347138
1.699125
0.000000
29.252605
21.435919
2.245144
2.258279
18.199635
-1.302985
-1.126802
-1.569986
-0.452993
0.055815
0.010383
0.336733
0.543158
0.889995
1.948044
5.968155
-0.488650
-0.811680
1.193043
0.000000
23.541389
14.914737
2.126901
2.069478
16.712030
-1.120931
-1.076031
-1.372886
-0.234961
0.166087
-0.015283
0.263756
0.593999
0.928387
2.208581
2.505991
-1.097556
-0.488241
1.488950
0.000000
28.366432
15.379108
3.169019
2.206963
20.801533
-1.748315
-1.229098
-1.599013
-0.372779
0.163702
0.005414
0.243175
0.498240
0.802309
1.776033
2.384203
-1.116576
-0.700083
2.458820
0.000000
28.871061
16.114248
3.634180
2.236346
21.069334
-2.046099
-1.058893
-1.400937
-0.461739
0.044430
-0.074941
0.364574
0.290452
0.722287
1.616434
3.095591
-0.914039
-0.917989
1.819549
0.000000
29.012344
17.004005
5.286918
2.224409
19.545097
-2.498017
-0.872335
-1.215317
-0.427450
0.386018
-0.020364
0.295703
0.357870
0.619447
1.473086
4.559281
-0.245831
-1.006748
1.554987
0.000000
29.015682
16.788876
8.114421
2.210993
19.760429
-5.309793
-0.781651
-1.099530
0.124056
0.336978
-0.155123
0.260485
0.519027
0.547139
1.224086
1.863705
0.992080
-1.344327
1.106272
0.000000
28.779320
15.828001
7.579508
2.115667
20.284712
-8.423958
-1.078284
-1.037261
0.491030
0.227262
-0.272943
0.082399
0.681685
0.381346
0.909219
1.545934
-0.582261
1.294586
0.968334
0.904161
0.000000
28.263140
14.867906
2.139739
11.293438
22.212898
-2.274039
-0.784883
-0.120546
0.452799
0.004892
-0.400427
0.734809
0.801086
1.197643
2.387126
2.566393
2.670911
-0.812419
0.472816
0.000000
12.597189
13.150324
8.237761
16.206402
21.578684
-1.833933
-0.996948
-1.336936
0.169697
0.505724
0.025655
0.503638
0.465949
0.508402
1.314319
4.151361
-1.384489
-0.939200
2.289765
0.000000
28.648960
15.632799
13.300761
2.223181
20.153320
-1.818241
-1.100693
-1.444287
-0.585747
0.024661
-0.058037
0.428290
0.242868
0.539526
1.357678
5.299129
-0.846923
-1.111833
1.504501
0.000000
28.982550
16.380545
5.621938
2.193357
17.278706
-5.431134
-0.796177
-1.251705
-0.201346
0.502778
0.068030
0.356502
0.410665
0.650165
1.455811
1.863626
3.552809
-1.431541
0.986685
0.000000
28.497141
15.375816
2.897790
2.149586
19.924858
-4.720849
-0.874033
-0.595055
0.578706
0.090969
-0.437789
0.114786
0.653993
0.319733
0.978992
1.815968
2.410253
-1.192733
1.606329
0.000000
29.054939
20.629704
12.752216
2.187709
19.210224
-8.989624
-0.988110
-0.993032
0.124560
0.338449
-0.067439
-0.016689
0.729697
0.404292
0.993741
1.811230
-0.380106
0.170615
0.862105
0.835872
0.000000
26.902409
14.614542
2.161270
13.783646
21.242395
-1.875321
-0.880919
-0.420515
0.513576
0.105813
-0.251018
0.684179
0.642781
1.090045
2.240430
2.063318
0.460512
-0.405253
0.954742
0.000000
18.008768
13.950090
4.157578
11.534750
24.108332
-1.032352
-1.066744
-1.184539
0.028207
0.286138
-0.163011
0.404601
0.345728
0.569190
1.567101
1.790039
0.019807
0.297129
1.733999
0.000000
29.158447
24.086298
11.882398
2.274369
16.917332
-2.031563
-1.347077
-1.993662
-0.576029
0.367059
0.490988
0.627214
0.372761
0.629676
1.483517
2.058030
0.070408
0.584382
0.233140
0.000000
25.696939
14.077414
2.221924
3.134079
16.434002
-3.166997
-0.298235
-0.061741
0.444102
-0.110862
-0.491712
0.441341
0.498598
0.316513
1.169303
1.632916
1.693698
-0.527903
1.846052
0.000000
28.786734
15.330940
15.931990
5.948486
19.911968
-4.754275
-0.910929
-1.212136
0.088492
0.425152
-0.055418
0.320506
0.584971
0.590902
1.358652
1.987457
-0.465405
-0.860409
0.991814
0.000000
28.893192
14.748204
7.325425
2.133916
20.264612
-8.967505
-0.902489
-1.041068
0.333081
0.301624
-0.191761
0.122023
0.545597
0.260786
0.808775
1.595242
-0.647796
-1.522394
0.974323
1.178243
0.000000
28.166096
15.851426
2.195267
11.710242
20.256380
-1.372058
-0.818592
-0.376161
0.470037
0.217592
-0.331978
0.625605
0.671935
1.434498
2.699553
1.387615
-0.919001
-0.538363
1.152883
0.000000
13.417220
13.167179
2.102624
19.838923
19.381058
-0.621084
-1.125250
-0.986696
0.463414
0.115491
0.009626
0.476753
0.402277
0.951395
2.139332
0.613041
-1.444508
0.677237
1.262901
0.000000
27.999863
14.865450
3.021012
10.232525
20.251644
-0.738081
-1.505133
-1.978266
-0.256793
0.471185
0.232684
0.361350
0.359857
0.645854
1.715864
1.176567
-1.322886
-0.311977
1.458481
0.000000
22.042654
16.093102
10.201321
7.029612
17.831793
-0.823092
-1.605388
-1.889525
-0.222473
0.429844
0.184891
0.329540
0.434086
0.753605
1.766671
2.265256
-0.841990
-0.583250
1.893539
0.000000
17.302343
15.884795
3.481478
5.552810
22.181829
-1.098903
-1.136714
-1.319570
-0.253021
0.086715
-0.102614
0.335323
0.260599
0.614864
1.832603
1.892136
0.489265
-0.110707
2.582798
0.000000
28.871113
16.987837
2.589520
2.147583
21.146204
-1.260301
-1.239796
-1.542547
-0.421688
-0.000484
-0.078551
0.324084
0.534538
0.922348
1.925274
1.675661
-1.043694
-0.437542
2.251138
0.000000
28.593853
15.591110
4.986468
2.037746
20.174726
-0.996901
-1.342727
-1.611404
-0.278200
0.228598
0.016662
0.248978
0.441256
0.818134
1.635339
1.362268
-1.464007
0.006841
1.878909
0.000000
28.593643
15.877463
13.119408
2.283967
19.259447
-1.699105
-1.350113
-1.755995
-0.437627
0.332666
0.209503
0.439888
0.373302
0.698873
1.263637
5.485166
-1.807637
-0.746748
1.768447
0.000000
28.250025
15.678078
6.127170
3.435600
21.157248
-2.275792
-0.989469
-1.135763
0.289893
0.404751
-0.074513
0.328574
0.316741
0.306653
0.882659
1.471443
5.869640
-0.127193
1.843663
0.000000
28.594305
16.117779
13.897377
4.277775
19.789391
-4.770535
-0.967230
-1.053223
0.284835
0.325471
-0.120092
0.301925
0.506715
0.197709
0.618017
1.180407
2.477803
-1.318974
1.364092
1.026341
0.000000
24.540257
27.240271
5.459811
17.323769
17.954433
-1.686663
-0.774952
0.281309
0.362456
0.115405
0.100128
0.842037
0.676459
1.253713
2.140121
0.770746
-0.015232
0.367332
0.209207
0.000000
16.578476
12.601835
3.957847
23.176422
22.442295
-1.417023
-0.382280
0.129593
0.426114
-0.010074
-0.216129
0.730314
0.425397
0.147524
1.020255
1.229387
6.880406
0.134569
2.056646
0.000000
28.196413
14.075042
20.812986
11.431242
17.627693
-4.270112
-1.057834
-1.400847
-0.019645
0.781661
0.378431
0.628983
0.589990
0.360697
0.983564
1.291420
-1.221708
-0.223972
1.483889
1.163375
0.000000
20.857704
16.304398
4.281767
26.059809
21.203503
-1.454409
-0.071838
0.874632
0.098758
-0.245127
0.003120
0.819034
0.353355
0.694412
1.423497
-0.359242
0.096459
1.304131
1.482901
0.000000
28.218376
13.823360
11.679385
17.228964
22.922762
-3.025985
-0.666662
-0.176154
0.618688
-0.014019
-0.413725
0.625141
0.644099
0.469624
1.330324
1.419456
-0.570412
-0.431332
1.435042
0.000000
28.114006
13.906151
19.706736
16.499722
17.001022
-4.706307
-1.010808
-1.366866
0.501567
0.577384
0.168824
0.664923
0.637175
0.244333
0.824763
1.194622
-1.192196
-0.125329
1.757859
0.811747
0.000000
21.881186
13.363354
4.175891
26.179605
21.367819
-1.463017
-0.427517
0.622588
0.137189
-0.192905
-0.114388
0.802042
0.359366
0.633747
1.509806
-0.207201
0.183247
1.599604
1.035532
0.000000
28.078415
13.857508
14.824114
22.569195
18.293564
-3.106454
-0.988970
-1.237553
0.733239
0.551121
-0.205292
0.789196
0.673488
0.864151
1.808766
2.086855
-0.088479
-0.328448
0.583223
0.000000
22.008089
12.395721
2.188625
5.665783
24.004450
-1.940482
-0.946434
-0.773738
0.551923
0.191554
-0.164264
0.353265
0.183799
-0.412747
-0.124363
13.704193
9.397205
0.055725
0.990492
1.709156
0.000000
28.247606
21.415598
2.200287
2.027454
18.995018
-1.155961
-1.259675
-1.607503
-0.254159
0.266549
0.252201
0.540509
0.578287
1.153362
2.132243
3.447012
-0.687902
-0.899630
0.505002
0.000000
14.113644
12.972993
16.533749
24.808529
14.330152
-0.686655
-1.721512
-1.138648
0.526756
0.464169
0.270337
0.533426
0.422296
0.800263
1.747828
0.141947
0.135900
-0.386129
1.291369
0.000000
13.862990
14.492157
22.365950
26.124454
16.415714
-1.350624
-1.269835
-1.118929
0.712947
0.564260
0.226203
0.805266
0.360089
0.376617
1.294018
0.978687
-0.700765
0.738841
1.643620
0.000000
28.484402
13.973155
10.540318
6.831057
24.844208
-3.478681
-0.982041
-0.146048
0.738749
-0.043510
-0.464769
0.299791
0.457536
-0.017854
0.376709
1.078694
1.152678
-1.129184
1.747478
0.000000
28.162428
27.949675
23.030329
7.597427
8.208080
-7.504469
-1.270370
-1.187804
-0.599958
0.566160
0.379509
0.088854
0.655737
0.673521
1.428219
2.536831
-0.098908
1.444813
-0.561246
0.123722
0.000000
12.834414
12.914219
5.261552
25.625643
19.600563
-0.930953
-0.850573
0.220869
0.421168
0.132983
0.081017
0.796511
0.317958
0.578022
1.412870
0.004208
0.308903
0.453611
1.699245
0.000000
22.429226
12.799013
14.525695
19.828455
15.576804
-0.899065
-1.495258
-1.997302
-0.204013
0.695166
0.534384
0.648607
0.297742
0.705142
1.699216
1.768797
0.554768
-1.283390
0.898989
0.000000
13.323069
13.778082
22.165930
19.641592
15.565578
-2.067402
-1.073061
-1.848757
-0.161843
0.685636
0.541831
0.673127
0.385773
0.618262
1.191807
-0.063882
-0.712322
0.961910
1.164299
0.000000
20.081266
13.921004
14.892844
7.790822
23.928318
-3.637952
-0.957911
-0.086587
0.632953
-0.056702
-0.414057
0.338715
0.338418
-0.191508
0.084113
0.801557
7.304172
-0.376317
1.530488
0.000000
28.113173
27.936684
24.319923
4.590260
7.278724
-5.612532
-1.461839
-1.055330
-0.171321
0.388744
0.161623
0.228701
0.661931
0.653427
1.373034
2.131046
0.120682
0.699965
-0.091105
0.223146
0.000000
13.103885
13.092488
10.041000
25.277079
19.555519
-0.991241
-1.110261
0.254892
0.482054
0.143743
0.124479
0.782797
0.288464
0.434793
1.207200
-0.227415
-0.509737
0.920706
1.566962
0.000000
27.620523
26.017111
26.760733
21.125866
14.701713
-2.618712
-1.449744
-1.587886
1.013080
1.026318
0.216880
0.988326
0.297213
0.702624
1.205395
2.195625
-0.099120
-0.154783
0.866748
0.548222
0.000000
12.144957
11.656973
4.372183
23.658354
25.497833
-1.065505
0.000000
2.466958
2.475998
2.470568
2.452985
2.439903
-3.279630
-1.694813
-0.383546
-0.271547
0.305006
0.420301
-0.020653
-0.358015
0.156684
0.716772
0.605045
0.010105
1.784507
2.175962
1.608432
0.000000
2.291568
2.383453
2.396937
-0.106651
0.081855
-0.124037
-0.523429
-0.223631
-0.461109
-0.340113
-0.045477
-0.183615
-0.834104
-0.664875
0.252743
1.033494
0.393746
1.657421
1.063245
0.000000
17.568619
7.411856
2.224602
2.884128
14.320777
-1.100987
-0.592772
-0.755827
-0.942327
-0.714898
-0.292889
0.716744
0.839837
0.836621
1.392607
1.461620
0.499528
1.436134
1.546555
0.000000
27.858839
27.782518
27.514851
26.395624
11.441869
-2.413420
-1.327626
0.884628
0.619502
-0.374696
-0.445781
0.878623
0.645887
-0.162033
0.455681
1.684610
0.784674
0.928295
1.957821
0.314547
0.000000
10.367764
10.576406
2.226445
19.576620
14.404351
-1.369310
-1.089303
-1.126970
0.531379
0.394104
-0.095771
0.497654
0.693660
1.023086
2.314247
2.762486
-0.844931
0.360683
0.854380
0.000000
28.556076
27.516102
5.953990
1.986150
17.782417
-0.755211
-1.606426
-2.081924
-0.355632
0.413068
0.229113
0.323089
0.253772
0.417192
1.539573
2.711245
0.175040
-0.248480
1.099801
0.000000
28.460651
27.989910
14.506527
2.005529
14.728585
-1.146262
-1.576488
-1.765660
-0.313914
0.847772
0.169455
0.510492
0.380823
0.595860
1.866866
2.155825
0.338358
0.443507
0.685405
0.000000
25.417301
13.841710
2.148033
2.056563
15.358054
-1.583173
-0.974852
-0.976650
0.580351
0.298241
-0.297074
0.457402
0.563810
1.023114
2.307783
2.833338
-0.404547
-0.153782
0.753914
0.000000
21.082815
13.761118
2.189255
8.916782
19.641136
-0.730227
-1.497524
-1.850003
-0.256037
0.400867
0.098603
0.215933
0.297434
0.546606
1.736997
1.984721
-0.942259
-0.755925
1.886058
0.000000
28.833170
28.269550
10.279125
2.303170
12.199373
-1.073739
-1.517357
-1.803512
-0.468795
0.303951
0.190153
0.462472
0.190621
0.363911
1.430084
1.614248
0.637424
-0.329020
0.977340
0.000000
27.150446
15.021569
2.077797
2.001926
13.668491
-1.644287
-1.031015
-1.259168
0.398225
0.437704
-0.186073
0.476143
0.544999
1.100106
2.438829
2.718464
0.475967
-0.456672
1.699917
0.000000
14.706354
14.478311
7.565036
15.581955
19.648237
-1.029891
-1.249953
-1.480038
-0.175770
0.478918
-0.072136
0.416108
0.317515
0.585858
1.721947
2.230059
-1.374762
0.470107
1.613256
0.000000
28.926737
21.174637
5.390471
2.008041
18.511616
-1.067343
-1.514636
-1.926229
-0.294607
0.372615
0.203644
0.379652
0.367360
0.611173
1.724408
3.586452
-0.608032
-0.624957
0.732513
0.000000
25.755028
15.360294
10.246350
3.961976
19.620434
-0.901394
-1.494242
-1.718137
-0.267300
0.287431
-0.017269
0.274394
0.164626
0.423423
1.239444
1.150091
0.460748
0.346578
2.278476
0.000000
28.894560
18.895847
3.904717
2.146988
18.685692
-1.228436
-1.346045
-1.758048
-0.339326
0.228656
0.095000
0.327554
0.462628
0.714115
1.769320
3.991996
-0.545192
-0.613773
2.086771
0.000000
25.756601
15.263984
14.735603
10.927852
15.631841
-1.259803
-1.420274
-1.703893
-0.154522
0.414463
0.243844
0.470998
0.410627
0.760330
1.673180
1.791145
0.452883
-0.747279
1.228222
0.000000
14.881826
14.034677
19.952164
22.360151
14.862309
-1.041718
-1.591321
-1.674716
0.234753
0.954186
0.306931
0.626942
0.382592
0.779821
1.697876
0.302354
-0.189896
-0.229204
0.739775
0.000000
15.497196
13.035787
12.612123
20.414078
16.406158
-2.326648
-1.153335
-1.473532
0.465248
0.837266
0.075052
0.646838
0.439048
0.549444
1.377931
1.539026
0.610801
-0.974317
1.286838
0.000000
20.873878
13.070280
24.132627
20.616804
15.745939
-5.101708
-0.915896
-1.928947
-0.337161
1.199089
0.486362
0.765873
0.449544
0.578036
1.116129
1.035531
-0.098798
-0.384031
1.316171
0.000000
28.297577
12.488764
5.392158
3.547074
24.564617
-3.044959
-0.972271
0.062716
0.622723
-0.273945
-0.578366
0.063843
0.253736
-0.382263
-0.153278
1.092044
2.270917
0.283175
1.242180
1.832120
0.000000
28.058897
27.661350
17.243513
15.416209
12.872421
-2.893115
-1.021985
-0.023253
0.624061
0.421365
0.085228
0.861721
0.667444
0.833803
1.840703
2.273213
-0.168108
0.281682
0.811784
0.000000
26.719334
11.973369
3.204128
6.069119
25.942883
-1.902329
-0.721805
-0.299223
0.255816
-0.154390
-0.399757
0.307600
0.185108
-0.151192
0.545396
5.569179
5.420367
-0.209891
2.153973
0.000000
28.528276
16.146797
18.259151
9.384840
16.185045
-2.470379
-1.407030
-1.759643
-0.499253
0.886171
0.303138
0.875568
0.486854
0.703479
1.312944
1.727203
-0.555330
-0.631939
0.613868
0.000000
26.350574
13.083223
7.525692
8.729750
20.638453
-4.103101
-0.922657
-0.765493
0.682628
0.196996
-0.278673
0.340510
0.301131
-0.220057
0.233065
0.881697
3.833184
-0.305165
1.704066
0.000000
27.964001
25.803358
24.567057
7.072732
11.998579
-9.826630
-1.133965
-1.327104
-0.314461
0.697691
0.476484
0.475878
0.668388
0.490152
1.147255
1.890762
-0.054649
-0.787243
0.965459
0.000000
28.724854
13.306877
2.200079
4.252936
20.124996
-4.658288
-0.808615
-0.273951
0.795163
-0.101040
-0.627854
0.044857
0.739467
-0.024841
0.044598
1.125034
-0.642002
0.072991
0.685010
1.787219
0.000000
28.061035
27.671759
26.478369
20.628679
13.140450
-3.915736
-1.168535
-1.178713
0.973712
0.978242
0.473392
1.102121
0.633441
0.627469
1.397014
2.516170
-0.095971
-0.054189
0.601947
0.000000
28.167660
10.761449
2.242931
4.841707
19.280643
-5.077275
-0.414186
-0.181026
0.196645
-0.476003
-0.529213
0.231749
0.379339
-0.313924
-0.118761
0.931613
2.863394
1.739923
1.327414
1.546970
0.000000
27.999176
27.557283
14.735209
17.604858
13.317857
-1.955513
-0.768845
0.457708
0.380520
0.087555
-0.014141
0.856382
0.538111
0.862121
2.002848
1.959560
-0.113571
0.614435
0.875710
0.000000
21.954824
12.965016
5.176220
25.532001
19.525885
-1.867744
-0.555040
0.157634
0.347094
-0.137168
-0.354436
0.781428
0.470627
0.325830
1.358598
1.299554
1.122955
-0.212635
1.512001
0.000000
24.806744
17.875631
26.648193
24.563219
14.876751
-2.300302
-1.294913
-1.809306
0.566474
1.131293
0.329956
1.118665
0.489933
0.303715
0.808372
-0.094191
-0.095547
-0.011695
1.534419
0.000000
27.750879
11.273251
5.052243
3.627607
23.008896
-1.348607
-1.154274
0.087316
0.459525
-0.313171
-0.552295
0.089847
0.347667
-0.259123
0.035683
1.071757
1.093083
0.695968
2.404181
1.840704
0.000000
28.346691
28.042068
13.073404
18.334648
13.391270
-2.040996
-0.942915
0.638720
0.628487
0.110862
-0.164197
0.859782
0.456472
0.653962
1.806018
1.864694
0.020774
1.167999
0.899783
0.000000
17.548361
12.184344
3.888407
25.051329
18.084097
-2.070335
-0.752786
-0.345140
0.486588
0.037279
-0.496213
0.676302
0.700031
0.971423
2.164675
2.487289
-0.694834
-0.706924
1.163750
0.000000
12.790964
26.297882
26.428631
24.591108
14.790674
-1.254099
-1.436319
-1.972438
0.165865
1.364564
0.736661
0.816878
0.276605
0.305583
0.948975
-0.107312
-0.099701
0.684935
1.504029
0.000000
26.708519
10.971147
4.461278
2.734687
23.741917
-2.507960
-0.239796
0.213944
-0.000063
-0.492010
-0.563166
0.333928
0.327626
-0.216699
0.539472
1.233636
-0.454299
1.149519
2.589179
0.000000
29.040714
28.610554
27.927004
9.719929
15.570341
-7.024810
-1.129644
-1.400418
0.770575
0.614052
-0.095423
0.597140
0.925101
0.460667
1.159140
2.000325
0.203205
-0.727735
1.071827
0.000000
27.945129
10.946496
2.240209
2.949105
18.585911
-7.201184
-0.560956
-0.397094
0.315226
-0.227042
-0.602769
0.014519
0.685634
0.053068
0.355605
1.374217
-0.834043
0.873192
1.381996
1.034753
0.000000
22.936954
27.597889
22.715456
25.082819
12.266531
-1.412938
-1.523366
0.250906
0.934829
0.633475
0.680745
0.970472
0.226841
0.376926
1.387246
-0.105214
-0.327507
0.911107
1.200778
0.000000
26.479048
9.538075
2.306509
2.660188
23.574570
-2.119205
-0.304240
0.120234
-0.107898
-0.550187
-0.611190
0.385424
0.412239
-0.117941
0.577355
1.073626
-0.498352
1.713457
2.688530
0.000000
28.747414
28.249668
27.978170
13.323662
14.486876
-7.366142
-1.009832
-0.860485
0.875872
0.515510
-0.103340
0.706228
0.778765
0.271308
0.887371
1.645512
-0.385628
-0.474683
1.497962
0.000000
27.480227
10.656588
2.255572
3.450908
19.965910
-5.034926
-0.728110
-0.246764
0.335243
-0.281092
-0.610319
-0.053719
0.726345
0.089282
0.392504
1.241095
-0.718410
1.398553
1.482796
1.045482
0.000000
23.409529
27.595154
21.493258
25.143120
12.140933
-1.507966
-1.420795
0.311198
0.891538
0.499138
0.585125
1.074086
0.259271
0.376197
1.292200
-0.102565
-0.099684
0.492827
1.481324
0.000000
26.955944
9.979976
2.862581
2.897697
24.873888
-0.927184
-0.876338
0.053290
0.043597
-0.476734
-0.578724
0.155756
0.150966
-0.360216
0.095864
9.237286
3.532057
0.623040
2.461040
0.000000
28.609055
28.078575
27.539892
2.957924
10.713041
-10.074418
-1.331856
-1.076038
0.328679
0.146587
-0.129908
0.250389
0.875464
0.341205
0.811231
1.633554
-0.204806
-0.630957
1.452654
0.000000
28.333744
12.949901
2.200504
4.902087
21.595861
-6.805514
-0.930941
-1.036417
0.531154
0.046663
-0.485655
-0.067530
0.628536
0.013859
0.360394
1.251672
0.890336
-1.178885
1.084583
1.264747
0.000000
27.808964
27.111572
18.847509
23.871235
11.549550
-1.446406
-1.617145
-0.616752
1.236126
1.009922
0.592891
0.854381
0.354506
0.470379
1.401125
-0.104943
-0.094679
0.109324
1.180875
0.000000
13.060745
13.317244
5.854122
2.225139
25.602985
-0.548979
-0.696045
-0.006996
-0.361463
-0.672539
-0.523475
0.191871
-0.016577
-0.520859
0.038151
8.950669
7.052259
0.607141
2.296258
0.000000
28.312708
27.734484
21.006548
2.179357
3.532079
-3.991962
-1.510652
-1.075403
-0.105904
0.090737
-0.031916
0.218320
0.650806
0.559849
1.151951
2.074187
0.260559
1.466193
0.133957
0.000000
27.565371
14.046896
4.512783
19.242157
15.018909
-9.870134
-0.995728
-1.724105
0.407854
0.625619
0.098990
0.477303
0.683000
0.042930
0.274211
1.087970
-0.229383
3.277392
0.498158
0.947572
0.000000
20.469591
22.686682
20.361158
24.654840
12.352242
-2.070324
-0.929658
-0.317334
0.836407
0.530743
-0.046449
1.133526
0.564901
0.630948
1.496858
-0.094547
-0.098713
0.398963
1.202887
0.000000
27.782021
11.323910
10.725088
6.826499
26.521341
-2.451313
-0.598601
-0.433588
0.121057
-0.167660
-0.295392
0.248961
-0.134830
-0.691126
-0.103630
8.540455
11.266759
-0.534851
1.824100
0.000000
28.026777
25.174463
