-0.000000
0.976825
5.836223
5.972304
5.597848
6.221759
6.784186
7.704290
8.046576
8.250577
7.908416
7.339198
6.288381
5.010675
3.287214
1.668699
0.330178
-0.939856
-2.298534
-3.940060
0.860317
0.612722
0.539786
0.171393
0.001047
-0.139324
-0.376302
-0.690177
-1.051576
-1.243052
-1.588938
-1.963113
-2.431737
-3.059824
-3.728857
-4.759115
-1.378372
-23.509239
-18.364401
4.143601
12.738178
6.745953
7.123959
8.621939
9.681809
10.409937
10.646345
10.326035
9.384849
8.172860
6.259649
4.421006
2.167931
-0.067050
-2.138214
-5.379529
-8.483508
-10.768938
-0.927441
-6.222631
17.753601
17.023405
15.705815
22.969669
19.497412
0.056819
-10.391822
-21.420160
2.856131
2.644787
2.434149
2.166448
2.320334
2.370562
1.503906
-0.870086
-6.933770
1.024571
2.022706
2.758464
3.058557
3.171784
2.400638
2.118892
1.804065
1.685153
1.664536
1.795303
1.792330
1.335490
0.771944
0.067610
-2.360876
-2.083764
-1.848125
-1.116535
-6.708968
-8.890303
1.025676
2.322186
3.817556
5.147246
6.776719
8.383106
10.229414
11.538083
11.324958
9.006875
7.634641
6.269004
4.956882
3.901230
3.199022
2.351993
1.914376
1.027335
0.493277
-0.489690
-0.963184
-1.064446
-1.486078
-2.775256
13.317610
11.413800
5.608308
12.631230
1.195006
9.216744
-3.036726
6.836350
-5.747100
6.850658
6.094391
10.581857
8.319412
6.360794
1.768322
-0.001034
2.487407
13.128386
21.046011
26.795992
22.005264
15.004649
7.977692
8.310905
9.122183
4.192722
-2.180675
-7.223028
-15.417557
-13.166004
-7.654523
2.657393
3.947026
5.368280
6.916393
8.553297
10.068619
11.117435
11.308433
10.556681
10.580475
10.497411
10.877022
10.207156
8.738552
6.721568
5.254280
3.365751
2.208732
0.758607
0.144071
-0.344899
-0.842889
-2.170297
-3.365328
7.805093
10.383236
1.297766
9.117906
-1.402579
6.431067
-3.762312
2.125131
-1.280183
-0.397879
-2.032734
-1.380525
-0.402257
-0.463226
0.242326
4.027711
4.033522
4.834242
5.922599
6.784094
7.947203
8.486798
8.736247
8.629017
8.292790
6.819665
5.033144
2.989717
1.562023
0.237023
-0.722874
-2.410924
-4.097330
-6.027413
-0.332524
-0.352894
0.303665
0.436987
1.567936
1.704537
1.120818
13.104375
9.885118
14.762861
3.187796
9.799877
-1.077700
6.390923
-4.231179
2.801701
13.424882
9.855822
-2.833478
-5.001757
-2.612183
0.796985
3.999356
10.797467
11.766792
8.389306
8.327256
8.085549
7.961913
8.258364
8.882936
8.803675
9.748443
10.316397
10.535717
10.630806
10.929045
11.369619
3.516828
-0.029982
-0.762457
-0.465136
-6.058962
1.847373
2.926479
4.075919
5.022118
6.566966
7.590908
8.485844
9.387207
9.326487
8.457384
7.024392
5.633013
4.042517
2.682166
0.959365
-0.996929
-2.873712
-4.802568
-7.136580
-2.878407
-2.302498
-2.639819
-2.631982
-2.487758
-2.061216
-2.048474
-1.577416
-1.688404
-1.692447
-3.586415
-5.070852
-5.764213
-6.839817
-4.250333
-3.090628
-2.467078
-2.383511
-3.040131
-3.486391
-0.779443
-5.192605
9.661950
10.842292
12.724298
13.918058
22.757149
29.715387
20.473927
5.129482
-8.454000
-21.105995
2.787515
1.599505
0.571640
-2.404116
-2.287449
-2.892802
-3.210103
-3.330047
-4.030202
-4.290531
-5.232966
-5.120371
-4.390349
-2.508677
0.205196
0.120466
-0.225515
-0.551024
-1.690149
-3.038356
-3.791767
-4.437441
-3.160018
-2.602676
-0.490296
-5.260247
-1.822350
3.373507
4.638353
5.449093
5.896172
6.516754
7.335598
7.577332
7.204410
6.779264
5.597948
-1.176428
-4.817903
1.738516
2.877783
3.928207
5.085741
6.111535
7.454591
8.470178
9.211305
8.703136
7.079136
5.997978
5.454596
4.509833
3.644228
2.849944
1.883757
1.241528
0.422046
-0.260885
-1.308591
-2.053289
-2.766026
-3.469450
1.322402
1.782843
11.418535
6.826322
11.025399
1.121610
9.299637
-1.590637
7.347676
-5.974773
8.196911
5.542938
11.654457
10.168189
8.070192
-2.630726
-4.363037
-2.041785
5.069625
15.308872
20.508900
18.583246
25.436754
26.188862
10.597281
-11.735342
-15.306802
7.879584
4.139641
2.450408
1.701707
0.668329
-0.303527
-4.666234
-5.184600
-10.421392
-6.291344
-6.491684
-0.327126
-18.652784
1.105746
2.058273
3.528055
5.021935
6.452158
7.845869
8.903877
9.565648
9.784819
9.339358
7.770677
5.793659
3.961209
2.202726
0.382095
-1.619430
-3.998005
-6.148876
-9.372837
-5.706494
-5.901638
-6.355014
-6.963734
-7.219203
-5.296124
-3.974987
-4.134159
-4.965757
-5.014026
-2.859056
0.280477
3.656787
8.000156
13.602238
18.135738
19.205788
14.565784
9.519231
-6.112389
-3.686329
-17.165722
-12.829494
5.960041
7.343429
9.124525
10.696989
12.360019
13.915921
13.945633
11.047284
6.899096
5.905157
4.875953
4.043883
2.218752
0.452379
-0.181764
-0.913937
-1.309713
-2.112570
-2.629397
-4.170414
-4.152188
0.391203
0.445606
13.251716
12.219599
14.706694
3.360311
11.526677
0.217172
7.615166
-2.058801
3.180742
-2.916356
10.131261
8.740209
8.141556
1.536168
0.815295
2.015579
9.309324
13.591928
12.284321
7.102039
5.174510
3.946217
2.615906
1.441341
0.381419
-0.412839
-1.331419
-2.710502
-3.697588
-4.700094
-5.510370
-5.554575
-0.859149
-5.886940
1.057873
2.032785
3.040912
4.124834
5.230216
6.541920
7.745437
9.032491
9.569430
9.194139
7.780387
5.971845
5.065866
4.285263
3.337188
2.559301
1.394204
0.667863
-0.271460
-0.889423
-2.063706
-2.991738
-4.706306
1.412972
1.106767
0.761964
-0.269331
11.491377
6.969961
9.985504
1.773433
6.676584
-1.189360
7.534163
-3.656301
5.636853
-5.472989
0.587468
-0.678643
1.585067
0.352593
0.520227
-0.095083
-0.229455
0.354769
0.587331
1.302321
13.764225
15.087906
23.832544
29.519674
23.491451
5.129875
-12.160516
-25.254446
5.375805
4.288491
4.476879
4.672713
4.902922
-0.989075
-4.420071
14.792727
15.047939
17.784584
28.743036
27.461977
15.964465
0.124582
-16.387476
-26.354357
4.104702
4.935449
4.894098
4.817643
4.688945
-1.233862
-4.709450
7.375324
8.081927
8.755509
9.055717
8.387114
6.690769
6.057473
5.519858
4.609114
3.405414
1.680727
-0.120860
-1.729122
-3.373248
1.796428
0.726935
0.421974
-1.438774
-1.601814
-1.949273
-2.163928
-2.483700
-2.450573
-2.275249
-1.786256
-1.055234
-0.817071
-1.192899
-1.449493
-0.831462
0.167130
-0.749702
-1.967693
20.854412
19.643845
-9.118477
-0.283395
-0.058168
0.921986
2.092224
3.194269
4.349682
5.490457
6.755848
8.049937
9.008140
9.597549
9.780570
9.253890
8.364995
6.778168
5.583217
4.536508
3.096686
2.337960
1.119353
0.139614
-0.873823
-1.634110
-2.790176
-3.863400
-5.517101
1.076687
1.875832
2.352986
2.055753
6.070486
12.336090
1.549210
11.497088
2.777169
9.752575
1.531915
2.941064
-4.317078
3.838804
0.718269
2.892700
8.357093
5.424267
2.807675
2.982724
0.376044
-1.036986
-2.821418
-3.668080
-4.196478
-4.117063
-2.256721
-3.420445
-0.520040
-2.660073
0.399016
-1.662958
-0.044496
-2.370923
-0.333707
-3.030143
-0.683760
-3.812262
-1.337087
-2.074042
-2.656812
-2.299995
-3.406828
-1.801048
-1.989208
-1.376313
-0.792801
0.473683
0.605230
0.518689
0.530225
0.387995
0.270830
0.151753
-0.030133
-0.142836
-2.119475
-1.692416
1.838326
2.850203
3.969954
5.099553
6.080780
6.763145
7.338679
7.573319
7.517866
7.509206
7.022052
6.230505
5.057720
3.208802
10.671692
8.656380
0.113934
-5.270373
2.973822
3.251303
3.464183
4.424139
5.385720
6.510919
7.264008
7.982903
8.128535
7.514864
6.170175
5.144385
4.381856
3.476158
2.652516
1.564703
0.685336
0.034510
-0.940651
-1.870671
-3.468746
-5.076960
-0.474859
0.298109
-0.415229
-0.492294
14.252526
9.931248
14.585175
3.002778
10.670630
-0.742182
7.694959
-1.861443
2.160374
15.826144
-6.666426
-7.916543
-4.636490
1.408595
2.546974
3.552059
4.656223
5.686141
6.128878
6.609820
7.310046
7.341537
7.935634
8.301019
8.336257
8.310264
8.287551
8.462525
9.115521
9.767399
-0.921109
-4.687188
1.455246
2.655176
3.848058
4.972538
5.873375
7.137627
7.819075
8.349333
8.913132
8.698040
6.952429
5.697476
4.705871
3.466150
2.635377
1.752332
0.695141
-0.174979
-0.978277
-1.882750
-3.016551
-4.199437
1.044997
1.747554
2.254474
1.756637
9.578966
12.358625
2.413420
10.619349
0.534712
7.969110
-4.998726
7.681947
14.348309
11.560024
10.469445
-3.248259
-4.339124
-3.497999
1.938598
3.238667
4.521258
5.884151
6.838222
7.537939
7.901139
8.092900
7.875326
7.356726
6.885434
5.405237
4.291046
3.614403
3.932936
3.384902
2.683943
1.997101
1.378420
0.701335
0.071839
-0.668286
-1.269871
-1.439746
-1.363832
-2.328374
-2.482455
5.410842
20.547649
-0.189620
13.612688
-0.242855
7.133144
6.803873
-1.914289
13.959958
26.743120
28.069130
27.473148
17.979164
5.100852
-0.895689
-15.403169
-25.727024
8.660542
7.804966
-0.457436
-1.090440
-6.440241
2.026728
3.479715
4.430768
5.919641
6.760263
7.970249
8.539289
8.795021
8.835141
8.467903
7.179863
5.721218
4.373395
3.091168
1.775494
0.341467
-1.378038
-3.388926
-5.615268
-8.115462
-2.804456
-2.562518
-2.372908
-2.270599
-2.034366
-1.812639
-1.493761
-1.186158
-1.134031
-1.077898
-1.081732
-2.397752
-3.398358
-2.281137
-2.761432
-7.341592
-18.549860
0.832103
2.176096
3.033997
3.551265
3.908819
3.981121
3.659968
3.181695
10.680845
12.901370
13.822228
-0.154089
-2.399806
5.243028
5.427263
6.447808
7.070853
7.009228
7.240556
7.394976
7.189057
6.636951
5.993241
5.414616
5.250779
4.960718
-1.285678
-7.599796
-7.551403
2.054325
3.563030
4.911520
6.822659
7.836215
7.518104
8.229614
8.385666
7.995925
7.649132
7.579564
-1.340653
-7.755452
0.758446
2.576230
3.953207
5.155008
6.404791
7.628056
9.420188
9.785529
8.738141
8.318426
7.555312
2.719739
0.508300
-0.424015
-0.560251
-2.215255
-4.413767
-0.603478
-4.265899
4.543267
4.759661
4.792155
4.481152
3.841722
3.845814
4.273603
4.786495
5.436258
6.204118
7.030257
7.910818
8.842113
9.825376
10.629512
11.763920
13.128511
13.655928
12.791622
10.123022
-0.775281
-3.222582
-5.508596
9.890855
10.401876
12.326984
13.686216
15.144528
27.897221
27.182348
12.261094
-3.523878
-17.541265
-26.968735
3.357199
1.593317
1.442931
1.177762
0.896125
0.838334
-4.389368
-21.892437
1.414316
1.686213
3.071274
4.290668
5.505448
6.591975
7.473226
8.242580
8.663075
8.661206
7.976233
6.669247
4.499014
1.885414
0.103183
-1.056037
-2.421795
-3.409556
-4.759090
0.100596
0.681953
0.725825
-0.091674
-1.042218
-3.845661
-6.051019
-16.738752
-27.348814
-25.302542
-18.231300
-8.678186
-0.625444
7.173329
13.586021
-0.695968
-3.907480
7.593745
8.246079
8.733004
9.976949
10.724463
9.976258
8.722760
6.978661
5.176830
4.249413
2.274205
1.293377
0.388715
-0.484205
-3.632175
-6.757061
-9.120452
-11.580259
-13.545414
-14.403458
-9.852681
-0.994540
-7.393688
-1.843602
1.646376
2.738146
3.941231
5.190347
6.505929
7.904407
9.057314
9.998032
10.637890
10.891060
10.608792
9.501459
7.202751
5.780459
4.406538
3.785440
2.732447
1.751383
0.577018
-0.230649
-1.145299
-2.096490
-3.174415
-4.774029
-5.164367
0.741346
0.884663
12.606068
2.062954
14.096372
-0.951699
7.758458
-1.407254
2.450572
-3.255727
1.463561
-1.086057
3.185545
2.174779
0.335935
0.847588
1.668030
4.435612
4.727227
5.920282
7.024723
7.968464
8.854757
9.426760
9.827387
9.412745
8.548491
7.533308
6.353986
4.114173
2.175773
0.477182
-1.089736
-2.019476
-3.239565
-5.005319
-6.616962
-0.641702
-0.081617
-0.247127
-0.411034
-0.693898
-0.568331
-0.527459
-1.018382
11.687769
12.599752
5.023661
14.004809
2.484749
9.133945
-0.688394
7.006450
-3.671446
5.382350
-3.038728
6.715063
6.196850
-1.956957
1.414440
4.467141
11.820089
20.073269
27.632978
28.385447
8.133726
-9.506747
-25.016434
6.907146
3.951429
2.209127
-2.038055
-7.620131
2.077802
3.245220
4.329947
5.350987
6.684540
7.431951
8.037274
8.522222
8.318139
7.534595
5.828281
4.116034
2.635750
1.267631
-0.190545
-1.933956
-4.153873
-7.431177
-2.512270
-2.681624
-4.371901
-3.560901
-4.212436
-4.598028
-4.517766
-4.470610
-4.272914
-3.006639
-3.249129
-4.488698
-4.288933
-2.959304
-0.852805
0.805925
1.000539
0.686710
-0.584266
-3.409377
2.203608
3.281098
4.327415
5.023734
5.782762
6.369648
7.145312
7.385929
7.381091
7.501567
6.952027
6.362919
4.616580
2.227976
0.339433
-1.013463
-2.301142
-3.566576
-4.930665
0.499180
-0.139361
-0.008899
-0.289136
-0.473517
-0.405692
-0.413325
-0.175329
-0.122323
0.190362
0.690628
-0.895347
-2.043272
-3.599333
-5.749091
-6.880793
-1.875342
-6.695787
0.534307
1.543345
2.682213
3.928791
4.980256
5.991682
7.444209
8.683311
10.814593
12.759245
11.654212
9.010782
15.252738
18.632286
17.439526
18.001484
15.945623
10.064102
-2.004436
-10.684760
1.741927
2.716718
3.316257
3.836497
4.155519
4.875691
5.033609
4.672600
4.429695
4.630368
4.884970
5.086159
4.669655
-0.754285
-6.167056
0.804360
1.949454
2.830752
3.890625
5.071408
6.425835
7.613325
8.696846
9.792701
10.035919
9.772305
9.226407
8.364747
6.564978
5.394712
3.904667
2.715163
1.394882
0.231314
-1.118657
-1.944370
-3.175010
-4.316515
-5.901372
-0.397518
0.910791
1.668144
1.622943
1.348521
10.055675
-1.673474
11.862501
1.020580
9.659552
1.805901
6.624205
-6.151619
7.424299
-7.945631
6.843588
2.954324
3.822807
1.980136
3.317411
2.427708
2.985782
1.378510
0.757452
-0.028401
-2.291310
-1.466830
-1.712424
-1.947879
-2.819733
-1.147125
-0.993438
-1.768651
-1.624014
0.335353
-2.269290
1.669355
-1.730430
-2.674087
-1.019580
5.303780
2.135669
-3.370767
0.076506
0.169823
0.313523
0.284551
4.061019
4.427655
4.645529
5.224025
4.805454
4.541894
4.541332
4.054024
4.239995
-0.460700
-4.574114
1.251772
2.756781
3.990784
5.255775
6.490805
7.810954
8.729691
9.474314
9.645782
9.321379
8.341738
6.720166
4.664329
2.759593
1.156688
-0.327367
-1.931388
-3.849792
-6.025936
-3.310330
-3.282341
-2.729411
-2.347456
-2.053947
-1.907498
-1.853288
-1.840646
-1.810190
-1.754807
-2.002491
-2.821198
-4.224703
-6.156848
-7.546941
-7.953167
-7.384037
-0.953407
-18.001024
-8.944016
3.122455
3.246284
4.043181
5.411379
6.001068
5.604709
5.226120
4.822439
5.463439
5.794545
5.793504
5.156700
3.879072
2.529528
0.036035
-1.866543
-3.193128
-5.130857
-7.276697
-4.823191
-0.311293
1.113131
2.245241
3.452258
4.648345
5.796989
6.846513
7.961924
8.985618
9.447833
9.406486
7.972696
5.706738
4.190052
3.351264
2.073789
1.476613
0.132954
-0.729174
-1.836041
-2.682518
-4.093322
1.001878
0.536092
1.825844
1.940091
0.688187
0.124852
12.542026
7.521081
13.204890
0.888301
8.553255
-2.136418
5.067787
-3.327568
3.419702
0.708132
1.777073
2.446076
3.750809
9.141438
9.742360
9.907286
10.715106
11.312107
10.348398
9.498539
9.182736
9.311613
9.540914
2.056290
1.713802
-0.897366
-5.480137
1.257056
2.923983
4.248606
5.651682
6.816483
8.137479
8.967106
9.485336
9.387078
8.770479
7.415326
5.399386
3.464927
1.809533
0.290059
-1.324168
-3.262143
-5.730107
-9.530428
-3.777640
-3.246239
-2.874550
-2.571584
-2.662384
-2.893904
-2.813784
-2.099725
-1.329694
-0.601585
-4.317211
-8.007175
-13.477861
-10.436106
-11.797853
-18.198254
-18.276381
-2.676849
0.385968
2.346606
3.192118
4.256528
5.362950
6.415304
7.299896
7.765490
7.990324
8.112502
7.927268
7.177311
6.185441
4.830431
3.341273
2.031584
0.890882
-0.216688
-1.651075
-3.243920
-4.826609
0.834360
0.628617
0.702170
0.993781
0.985731
0.871568
0.698697
0.315628
-0.026247
-0.614353
-1.471123
-1.737082
-2.862289
-3.261987
-2.402357
-10.551887
1.613082
2.390375
3.773678
5.290356
6.527712
8.088244
9.344437
10.317379
9.594296
8.106462
7.107545
6.156392
5.150681
4.579610
3.982251
3.148420
2.599193
1.611176
1.140935
0.164710
0.187680
-0.625409
-0.819749
-1.988982
5.097919
11.899666
-0.896211
10.492762
-2.092997
7.941076
-5.219138
7.342231
3.246150
11.696187
8.329961
6.994669
-1.721808
-3.236024
-0.933954
20.693314
28.196562
28.598841
25.714663
4.271423
-8.001023
-14.363185
6.640011
4.977086
4.703756
4.567251
4.466527
4.400846
4.309608
-1.511133
-9.457974
-1.429828
11.444722
13.819808
16.524590
18.864994
28.525541
29.720015
18.056408
3.165172
-12.944947
-25.705807
3.701777
3.772529
3.660581
3.554029
3.268219
-0.979983
-5.411396
12.037295
13.396114
15.085151
24.126932
29.424824
21.573393
7.701931
-13.740297
-25.791218
2.653173
4.718490
4.639686
4.483728
4.230395
4.295435
-0.753148
-4.010838
13.061428
14.095911
15.589324
27.915022
28.426025
16.300724
-1.455158
-19.165710
-27.146589
3.554808
4.979848
5.237461
5.459848
-0.922803
-4.664812
8.595108
9.080620
10.207325
10.761804
10.078246
8.234799
5.889740
4.484335
3.370015
2.015273
0.485408
-1.662555
-3.797936
1.251098
1.555602
1.310280
0.095380
-1.261310
-1.457263
-1.460975
-1.353812
-1.383859
-1.459009
-1.390555
-1.831611
-2.653620
-4.112085
-6.041003
-8.136636
-9.039033
-8.790009
-8.244488
-24.740896
-15.058877
7.544867
11.632410
9.782999
11.866538
13.355515
14.297633
11.264791
11.014000
10.922243
10.894886
11.026247
11.266999
-1.093176
-6.353843
-0.026171
1.945896
3.422282
5.171272
6.400349
6.568547
6.737148
6.733982
6.405290
6.554344
6.056580
5.261232
1.067614
-1.280926
-0.656206
-2.566569
2.508469
3.598682
4.759707
5.840852
6.893755
7.982257
8.963476
9.328334
9.123263
8.343380
7.273509
5.297258
3.380946
2.001926
0.302922
-0.092802
-1.359038
-2.474515
-3.948659
-5.106916
0.196290
0.904082
1.190421
2.135664
2.095788
1.390154
1.012964
9.975193
12.433640
5.626987
11.366801
0.097599
8.835930
-2.594299
4.245044
-4.431194
1.682018
-1.847760
0.945893
0.617048
0.413572
0.273568
-9.254768
0.318666
1.075978
2.817677
3.587491
4.846507
5.600827
5.921365
6.400301
5.803798
5.187817
4.642860
4.539856
3.958622
2.863174
2.269579
1.846685
1.448447
1.003780
0.576591
1.267387
-1.124048
-7.091501
-1.254154
0.919708
2.432593
3.478065
5.284745
6.857704
7.178016
6.795824
7.903856
8.568910
8.742269
8.880485
9.068235
1.495192
2.118328
2.580799
2.859873
3.011368
2.283660
1.844839
-0.816151
-3.404341
1.799886
3.075219
4.260491
5.610450
6.622291
7.776098
8.356254
8.593142
8.369733
7.517852
5.688257
3.858179
2.202742
0.620710
-1.024575
-2.939327
-5.409572
-2.202323
-3.947243
-3.997878
-4.465487
-5.063076
-5.423274
-5.414167
-5.515260
-5.749995
-5.179519
-3.998138
-6.343236
-7.478251
-7.307202
-5.741736
-2.537632
1.482418
5.207705
0.237002
0.640838
3.587092
2.754013
3.564353
4.585910
5.785264
6.567491
7.317555
8.013643
8.267266
8.047156
7.408437
6.317210
4.211389
2.045434
0.318062
-1.357714
-2.313757
-3.614115
-5.960560
-0.198726
0.514447
0.946982
0.910756
0.962102
0.824791
0.998588
0.642048
0.142242
13.687538
14.032729
8.439757
11.847062
2.541312
8.427492
-1.969214
5.828098
12.393593
-4.021192
-4.718233
-0.053759
1.411615
2.772832
4.097806
5.333692
6.552276
7.906054
9.130716
10.143926
10.876499
11.349806
11.350389
10.566030
8.826773
7.356360
5.777306
4.429317
3.043839
1.664158
0.208578
-0.952022
-2.255563
-3.555245
-4.759936
-6.733006
-6.888742
0.432811
0.398821
8.664685
4.208036
7.757444
-0.645787
10.114902
-2.727334
6.077842
-5.551770
7.315576
-5.644448
9.695214
7.879750
4.746380
4.932453
3.475456
2.916973
3.862895
2.789841
0.625400
0.997205
3.669852
8.536143
18.306278
20.753073
24.990335
17.979580
2.699614
-14.635752
-23.596972
1.647375
-0.734444
-2.125534
-1.575834
-1.942974
-8.583179
1.309484
2.452682
3.678406
4.898526
5.957949
7.458438
8.449838
9.908157
10.467741
9.924553
7.869673
6.669116
5.784490
4.958816
3.984277
2.741199
1.897410
0.962368
0.328134
-0.671979
-1.316541
-2.496145
-2.724021
-3.734710
1.509758
0.846029
7.186230
10.862564
2.020401
9.527635
0.097866
5.389050
-3.398734
7.906983
-0.739750
13.663778
11.532706
9.033335
1.999161
0.348839
2.492525
25.748281
27.850220
27.093573
23.505066
10.083168
-6.819687
-17.068138
-26.232737
4.566485
3.851589
3.450612
3.189126
2.968301
2.729148
2.527967
2.440280
2.174731
1.837094
2.339045
-1.331684
-8.111882
-5.154288
2.091191
3.261456
4.481943
5.685458
6.904373
8.451012
9.796505
10.423179
10.444486
9.795130
8.807986
6.961736
5.446324
4.522351
3.247294
2.538393
1.114223
0.171209
-0.896195
-1.674500
-2.765173
-3.904762
-5.969017
0.815710
1.081912
0.083592
0.057752
10.262022
4.598531
12.664680
-0.445065
8.462986
-1.923461
7.432896
-4.001474
5.907256
-4.861279
2.823714
3.205160
1.543862
-0.657403
-3.074704
-2.978828
-1.381673
-0.139161
1.092158
2.262364
3.560199
4.850077
6.574172
7.977192
8.969404
8.588977
6.533731
5.260691
4.547686
3.685107
2.920869
2.177539
1.346087
0.850544
-0.248614
-0.800267
-2.070557
-1.923100
-2.557723
1.055436
-0.313551
14.452168
15.922409
14.344602
6.850131
10.924434
1.038337
7.691939
-3.986227
4.915826
-2.686061
0.428374
-1.312964
-1.443070
-1.080317
12.564596
3.942729
-1.855608
-3.660763
-2.164929
2.467322
3.292206
3.695658
3.687535
4.316274
4.950434
5.432774
5.503098
5.063029
14.540919
13.660802
12.338452
13.045529
12.173341
9.847358
-8.747053
-27.321156
0.764292
2.016518
3.456205
4.680103
5.837230
6.709324
7.545840
8.301769
8.852009
9.029934
9.123516
8.647541
6.997870
4.483038
2.259794
0.994432
0.190627
-0.974304
-2.144508
-3.557031
-4.439855
-5.258741
-0.032063
0.284559
-0.048880
-0.214685
-1.410016
-1.062420
-2.389463
-3.025063
-4.292486
-4.538217
-5.141696
-5.727427
-7.519932
-3.625875
-17.470755
-1.373016
2.338100
2.724051
2.621808
2.803212
2.721296
2.770680
2.690610
2.699619
2.425852
2.073330
2.154192
2.677177
3.409618
3.560854
3.914521
4.316275
4.638071
-0.314643
-2.604133
1.646442
2.714211
3.401496
3.837050
4.166868
4.104000
3.197871
2.679221
2.926278
3.175313
3.410036
3.594122
4.251484
4.786902
4.423069
5.156341
4.946732
5.685183
-0.211866
-4.985175
1.415593
2.473546
3.575802
4.569212
5.895992
6.906687
8.042195
8.807753
9.081980
8.811886
7.835737
6.357209
4.213653
2.399621
0.939680
-0.884382
-2.176588
-3.542916
-5.574625
0.543292
-0.375925
0.601704
0.888895
0.927798
1.124368
0.544408
0.289751
-0.357927
0.355154
-0.000941
0.091071
14.314456
12.283268
8.327085
12.693412
5.581140
10.703109
0.021457
7.407058
7.115230
10.167648
12.579945
20.756338
28.313847
28.503304
9.102215
-10.460896
-18.563221
6.519655
5.603855
2.738349
1.886078
2.711203
-2.268899
-13.664227
1.769811
2.945779
4.100976
5.147577
6.233328
7.274370
7.911088
8.481466
8.556170
8.042330
6.648957
4.808706
2.556319
1.244012
-0.307817
-0.799728
-2.157756
-3.068942
-5.046730
1.303327
0.972791
1.180627
0.540052
-0.206137
1.220245
0.326144
-1.290801
17.923485
17.104486
10.049497
12.687925
4.371007
9.746546
-1.001741
7.408187
-4.009982
3.786353
-5.644178
-6.371991
-4.296766
5.838234
4.747772
5.918125
6.760661
7.414507
7.683169
6.969647
6.227835
5.476553
4.680038
3.819234
2.866391
-1.310357
-7.964726
-1.101052
-0.170106
1.173845
2.652390
4.047188
5.573356
7.107016
8.750790
10.023230
9.821623
9.004084
7.312471
6.762954
6.649982
6.353572
5.494010
4.379827
2.921319
1.741545
0.377124
-0.497195
-1.718626
-2.484457
-3.503809
-4.353389
0.554746
0.851641
9.710214
6.432388
10.477823
1.677501
8.962719
-2.287282
6.514612
-3.529540
4.547297
-5.669994
5.581769
4.754885
0.623758
-4.797324
1.719478
1.847455
3.391491
7.737772
7.931587
8.172101
8.111624
7.534986
6.940375
6.900467
6.649889
6.164889
5.055495
3.694194
2.500976
1.140320
0.426309
-0.566442
-2.039637
-3.735057
-5.561128
-7.375618
-2.088284
-1.989540
-1.151427
-0.763230
-0.582298
-1.241346
16.141813
12.576782
19.047148
-2.008360
11.057297
-5.294006
8.772520
6.428357
10.544635
3.329927
3.846945
-8.556489
-2.055938
-9.092773
-0.265110
-6.763919
1.441893
-5.405081
2.607840
-5.061293
2.748440
-4.477402
2.676087
0.805892
2.452607
0.328962
0.687101
0.237678
0.376768
0.519932
-0.248803
0.787279
-0.325890
0.827886
9.702121
-3.579431
-3.324363
-2.358423
2.855257
3.947580
5.122339
6.663354
8.009014
9.227201
10.007066
9.796015
7.802527
6.599106
6.144909
5.310283
4.418431
3.562505
2.856189
2.263309
1.313016
0.625963
-0.474180
-1.177876
-1.462569
-2.220688
-3.384508
-5.395528
10.750579
4.444072
11.489627
0.991920
9.150338
-3.136257
5.098942
-6.454299
8.298421
-4.355443
12.088387
10.147739
7.881277
-2.539858
-4.403071
-2.031950
20.969917
28.162964
28.607943
20.035305
6.182815
-6.917959
-15.295971
5.272538
4.770195
4.335243
3.935578
3.578937
3.228310
3.245026
2.631410
2.096312
1.757662
-1.205462
-7.323226
1.698933
2.397193
3.705254
4.860331
6.228601
7.761761
8.964493
10.241492
10.680128
10.077237
8.997862
7.944567
6.971649
4.946633
2.690296
0.962261
-0.393131
-1.461479
-3.043826
-4.137065
-5.959778
-0.761992
-0.976442
-0.877420
-1.109485
-0.683561
-0.046620
0.208294
0.091119
-0.185318
13.641388
15.976296
10.378483
13.027562
2.399269
9.756713
-1.351226
8.364740
-2.129940
7.807537
6.697582
7.157137
23.736311
22.980902
26.614613
18.297445
4.286808
-9.258375
-24.602322
-27.792368
3.662878
8.724394
2.360365
5.868439
6.758988
5.633074
4.246568
2.252521
2.247009
2.364795
-1.022640
-6.922591
-9.089832
-4.797027
3.106226
4.315305
5.958928
7.519556
9.537060
11.251376
12.512005
12.993205
12.695512
12.010553
11.020274
9.538036
6.945132
4.949353
3.138397
1.958055
0.450408
-0.842054
-2.450100
-3.645481
-5.373667
-7.056163
-1.722060
-1.769381
-2.063164
-1.087164
-0.769159
-1.183211
11.338319
13.760095
8.407850
11.659231
3.048950
8.104674
-0.944043
5.154785
-1.711992
1.845155
-0.646342
-2.541825
-2.376344
1.135655
1.027708
2.137635
13.264813
13.960707
22.402275
29.017893
26.183378
18.944906
-3.816677
-18.851463
-27.919897
5.188057
5.374370
5.205470
5.154675
5.063160
1.835749
0.438579
-0.281324
-0.759593
-1.405617
-8.786347
-3.788734
2.589455
3.901674
5.278633
6.542201
8.038044
8.979153
9.669216
9.920424
9.589375
8.425256
6.612096
4.775502
2.664821
0.702703
-0.549472
-1.731967
-2.946521
-4.023437
-5.311233
0.572856
0.197408
0.048422
-0.772866
-0.887662
-0.538249
0.295530
-0.418017
-0.690130
17.724491
14.573931
14.745624
5.807684
10.461189
0.525203
7.020277
-3.624254
4.206830
-2.392767
-1.658425
-0.275861
0.706037
-0.230653
1.201498
13.008864
13.846140
21.435955
28.978035
26.709438
12.350806
-7.952378
-24.073662
7.631476
5.980833
6.409762
3.966474
4.820811
-0.970909
-5.681901
3.603907
3.882060
4.829244
6.037168
7.143940
8.111046
9.100630
8.955174
7.093956
6.017753
5.218365
4.301548
3.450609
2.715439
2.047655
1.642249
0.924118
0.511636
-0.329050
-0.769766
-0.970611
-1.680621
-2.950162
12.970085
10.589573
4.380587
11.437708
0.658523
8.791105
-3.379275
4.897179
-4.350362
8.311697
12.819324
10.897592
9.581182
-5.781471
-5.699602
-6.990759
12.353614
14.195419
15.149549
17.558714
25.365253
29.537535
24.183664
9.957770
1.733076
-2.729133
-4.090287
-1.164750
-5.174970
6.800826
7.089480
7.496910
7.577142
7.270182
6.458815
6.415907
6.333765
5.871693
4.321133
3.154761
1.896042
1.208642
-0.228191
-1.460835
-2.538143
-3.641568
-5.084841
-5.948963
-0.887169
0.089800
0.786470
0.902258
0.121860
16.392120
18.123674
10.828981
15.793795
3.370905
12.095259
-4.684595
23.842314
15.319199
-2.746062
-3.229277
-6.945712
4.445685
4.752713
5.647841
6.694138
7.658821
8.416468
9.003450
9.267223
9.295586
8.661965
7.750397
6.404437
4.861622
3.295753
1.742508
-0.428311
-2.076808
-3.267328
-4.362480
-5.648566
-0.408802
-1.458437
-0.624622
-0.543464
-0.774644
-1.253856
-1.423481
-1.865643
-0.975773
-2.328695
-2.909424
13.203033
13.631563
10.073671
14.603390
12.857634
-6.749442
-0.142134
-0.287032
0.954650
2.155729
3.363943
4.567317
5.717076
6.833852
8.143999
9.227942
10.102747
9.860090
9.002547
6.944533
5.778681
4.803843
3.744970
2.946405
1.982560
0.814282
0.045655
-1.005691
-1.763582
-3.171132
-4.418367
0.353452
1.282547
1.731271
2.240615
11.596407
5.837372
10.946968
1.572462
8.578617
-1.981128
5.060237
-3.975965
14.251530
12.612072
10.613125
2.726468
1.088413
3.144069
11.294173
17.821259
26.112204
21.649059
19.767557
12.049017
15.695501
16.726667
13.883609
9.634301
-0.225054
-1.845469
-10.682832
-2.268063
4.442060
7.493299
8.905319
10.530394
12.346218
14.316336
16.260067
18.286501
19.925228
20.016834
17.553984
13.752775
5.723664
2.997527
1.032682
-0.518981
-0.901778
-0.432573
-3.476638
-1.720992
-0.117258
3.296782
4.611241
5.823839
7.366594
8.991642
10.710212
11.482851
11.036839
9.272123
8.068246
7.503904
6.925154
5.836673
4.955869
3.967007
3.130319
2.248674
1.667453
0.826653
0.243145
-0.802993
-1.180710
-2.214730
-2.758018
9.318864
-1.372207
7.140868
-3.049033
6.463668
-3.379107
4.692769
-4.003528
14.626245
9.469137
10.154265
-3.051544
-3.887918
-2.608073
2.556358
4.070749
5.603643
6.640065
6.994555
7.726882
8.378280
9.241097
10.353122
9.606423
8.220199
-0.352443
-2.594226
5.159162
5.532170
5.422681
5.896494
7.210607
7.991336
8.386796
8.342580
7.731728
6.741064
5.451801
3.563120
1.806235
0.423965
-0.858855
-2.402284
-4.502547
-3.648723
-2.101468
-3.161040
-2.565673
-2.302558
-2.136786
-2.156732
-2.286294
-2.131535
-1.801895
-1.457114
-1.115353
-0.817714
-1.150918
-2.748065
-3.883635
-3.251727
-2.980164
-4.740683
-7.579791
-29.458410
-24.900827
-16.924482
-10.209459
-3.144653
4.611422
5.906887
7.137175
7.943374
7.916609
5.735284
7.129932
8.710441
10.032962
8.871817
7.496877
6.631537
7.201586
6.183948
5.281332
4.543417
4.078019
3.072261
2.726323
1.646323
1.222750
0.741146
1.250144
0.731998
0.800085
26.015156
21.813028
14.006431
11.277719
8.003860
6.213213
4.682629
3.555068
2.540347
1.285981
1.659385
-1.900672
-1.821851
-1.257979
3.150652
4.559472
5.469042
6.494748
7.002974
6.846497
7.013125
7.716414
8.943162
9.695037
10.388035
11.083858
10.888890
9.696238
-1.118845
-6.374519
-10.912813
1.379293
3.205408
4.712443
6.090865
7.884743
8.536042
8.098173
8.311741
8.166871
8.342079
2.523539
2.077862
2.134470
-0.809036
-0.682688
3.526618
3.680113
5.211688
6.149261
7.059278
7.804434
8.228296
8.291590
8.003592
7.260545
5.743775
4.131065
2.769001
1.553911
0.314890
-1.174767
-3.177232
-6.567030
-2.170356
-2.647679
-1.772995
-1.560357
-1.438741
-1.406141
-1.398737
-1.360123
-1.258531
-1.083591
-0.877373
-0.966063
-2.005085
-3.665258
-5.349900
-6.237784
-0.873729
-5.054524
6.765604
7.091936
7.672374
8.162961
8.488166
8.538110
7.960233
7.799502
6.906069
5.127290
4.041706
2.979160
1.974933
0.590566
-0.358249
-1.297849
-1.667367
-2.609714
-3.360924
-4.464956
0.405388
1.263550
1.583989
1.501038
11.023034
15.136942
2.387557
14.119957
0.418357
14.772049
-6.543281
10.705783
5.607914
8.284529
3.034233
5.859570
-3.184335
-3.160700
-3.846439
2.420323
3.366013
4.241825
4.877425
5.428999
5.601767
5.904136
6.469270
6.741654
7.122921
7.431925
7.777677
8.102508
8.632316
9.107580
9.324296
6.185729
3.269674
-1.154959
-5.823430
1.390605
2.447749
3.223917
3.569951
3.354685
2.770675
1.615480
-0.049656
-0.851384
-1.448984
-1.909839
-2.212606
-2.675858
-3.442856
-7.229978
-5.338865
-11.642873
-1.953225
-10.239767
0.641252
1.673573
2.943943
4.213805
5.365222
6.543186
7.866585
8.973609
9.922956
10.846148
10.850381
10.007081
8.061682
6.361530
5.238645
3.977156
3.075839
1.872069
0.701961
-0.503854
-1.392762
-2.423205
-3.512120
-5.308726
-6.503939
0.860620
1.289218
1.292109
8.336768
8.592145
3.867107
10.547984
-0.268313
5.885067
-4.884530
7.393372
-6.651530
8.030813
-6.703401
6.538489
-3.041466
3.175573
4.029781
2.823984
3.233290
1.557684
1.981092
0.314044
1.623497
-1.675305
0.692086
-1.361798
-1.657469
-4.570474
-6.703763
-5.422567
-4.586278
-3.747875
-2.875089
7.935093
5.273399
1.497821
-3.893676
-9.398363
-8.440765
-4.093896
-21.775562
15.395162
-23.969965
14.693540
-18.300127
15.867539
-17.882277
17.036549
-16.286369
18.060514
-14.857903
18.591820
-13.517333
19.316380
-12.849593
20.325212
-12.201739
21.369188
-11.657223
18.410242
-12.283514
18.629232
-3.243608
2.974762
3.087680
10.942671
17.236523
16.584057
15.376506
16.380873
14.489829
15.739062
8.755116
-1.218866
-9.467824
-17.354794
1.891333
1.341289
0.538305
0.628647
0.894707
0.652707
0.830320
-1.328455
-8.178465
1.938925
3.039243
4.322890
5.460810
6.902401
8.437257
9.611551
10.192746
10.149950
9.445531
8.644958
7.341500
5.119615
3.439947
2.320716
1.083389
0.397753
-0.892801
-1.997934
-3.420796
-4.643981
0.413714
0.096808
0.574478
1.637869
2.013385
1.662887
11.704589
11.135199
12.333253
3.792594
9.524936
0.208504
6.040608
-3.003318
5.236707
15.235538
6.536534
5.864523
7.796157
5.566926
-1.291066
-2.519163
-0.197485
2.158566
5.804790
7.473870
6.097320
6.534432
6.602634
6.925665
6.981959
7.775991
8.230606
8.472829
8.390703
8.311438
8.194183
8.553628
8.398342
7.714584
0.759922
2.260891
-0.550261
-4.959963
0.858219
1.873914
2.586650
3.572093
4.587053
5.603213
6.612098
7.361396
7.981795
8.403640
8.617569
8.534475
8.029464
6.377901
5.043485
3.621380
2.598295
1.567529
0.212929
-0.919990
-2.182257
-3.181293
-4.544856
-6.218948
-8.097328
-0.008167
0.836521
1.427528
0.833587
1.910356
1.790160
2.972639
5.825409
3.874550
3.106959
3.135464
3.056154
3.033390
2.865476
2.945555
3.183199
3.520076
3.945517
5.632195
4.774468
-5.999594
-1.527836
0.513457
1.909617
3.369406
4.701574
6.300037
7.761712
8.153159
7.822371
8.937771
9.983510
10.847610
11.574045
4.615943
4.935441
5.246441
5.440314
5.548334
5.595622
5.577383
5.099064
4.550723
3.302414
-0.899782
-5.857779
-4.749297
0.580976
1.735022
2.734698
3.934624
4.773776
5.226154
5.246692
-0.524408
0.107654
0.664527
1.241325
1.812869
1.332277
1.849943
2.244742
-0.116670
-0.396522
-0.073710
-0.045314
-0.121566
-2.952399
2.342386
3.053865
3.471296
3.922101
4.195704
4.132480
4.430565
4.404705
4.626093
4.991189
5.338193
5.667398
6.008131
6.278705
6.362216
6.140462
5.372494
4.898887
3.743580
2.078411
1.587611
-0.380416
-1.788472
-6.862823
0.778253
1.967033
3.131238
4.144986
5.111070
6.332334
7.010300
7.348423
7.314207
7.590428
7.018652
7.635108
8.243175
8.791907
8.929133
8.546282
7.888103
7.444542
7.355536
6.432142
6.339097
5.206826
-0.317422
-5.052495
-3.548782
2.052893
3.528257
4.760076
6.107172
7.467620
8.747816
9.937555
10.480887
9.703667
7.886666
7.270759
6.503163
6.057090
4.894669
3.917313
3.071562
2.516863
1.674775
1.162391
0.256226
-0.222209
-0.729860
-1.406724
-2.406134
11.193721
6.020760
6.190697
-0.167116
8.818142
-1.369296
7.792687
-4.356264
6.381805
4.650161
9.918893
10.132281
8.518076
-2.492737
-4.618631
-2.170184
19.055901
28.110723
28.572020
20.377810
7.590903
-5.626071
-13.959311
5.371890
4.811459
4.225575
3.325208
2.379324
1.813957
1.403424
1.035302
0.413952
-0.163394
-0.654134
-1.250159
-0.988545
-11.695009
0.438347
1.870183
2.985979
4.235623
5.588618
7.072351
8.647796
9.865158
10.296234
9.646605
7.711977
6.552537
5.966583
4.865923
4.496160
3.298069
2.457907
1.546255
0.989232
-0.079828
-0.767402
-2.043109
-2.324425
-3.469968
0.996940
-0.698893
8.769736
10.680536
3.357173
10.582911
0.278079
7.578011
-3.470879
6.280023
-6.190454
8.853089
3.096304
9.419080
4.154112
3.462762
0.324190
3.470144
2.567551
4.193449
2.495839
3.233861
0.704997
1.432497
-3.848343
-3.807121
1.285269
5.897808
6.050429
5.596299
5.956533
6.993860
8.251518
9.015293
6.737501
4.099327
1.133611
-0.044583
-0.084622
1.211644
1.087214
2.114279
1.406374
2.545610
1.681803
-0.170021
-4.158834
2.112020
3.059232
3.568606
4.115599
3.911709
4.199059
4.601090
4.901146
5.408819
5.991339
6.778634
7.390409
7.545462
7.275174
7.304074
7.939492
8.545167
7.947207
7.443080
5.787381
-0.767336
-5.510463
-8.493937
0.931356
1.977496
2.779556
3.561812
4.380613
4.898262
4.784386
5.374706
5.990405
6.601720
7.159150
7.557529
7.917741
8.243207
8.796406
8.958726
-1.241642
-7.644578
0.242709
1.359946
2.499596
3.741381
5.024405
6.123369
7.380753
8.659682
9.580065
9.932807
9.716140
8.799401
7.210936
5.023665
3.029539
1.353126
-0.214032
-1.895125
-3.963339
-7.145074
-2.793396
-3.167047
-3.481271
-3.414103
-3.101514
-2.808307
-2.562124
-2.309162
-2.000195
-1.950013
-2.795293
-4.297899
-5.097096
-5.579172
-5.924582
-5.790047
-5.795375
-6.505094
-2.277001
-5.055834
0.725150
2.279092
3.661737
5.020443
6.708622
7.974733
8.967481
9.669409
9.500146
8.463846
6.806448
5.258148
3.600113
2.182435
0.247695
-1.725295
-3.403766
-5.201930
-7.321864
0.238701
-2.529652
-2.047495
-2.500170
-2.391890
-2.444238
-2.343534
-2.348753
-2.156169
-1.765578
-0.861161
-1.051063
-0.449177
-2.558331
-9.953716
-17.780359
-18.275234
-16.788057
-13.086267
-9.463484
-6.394444
-6.305735
-7.358428
11.733223
0.862664
4.004086
11.204248
12.061568
13.596168
26.959562
29.071348
16.087906
-1.349530
-19.519588
-26.727488
4.205665
4.661519
4.732767
4.250723
-1.300651
-4.367360
3.987671
3.522062
3.864133
4.885126
5.726222
6.534754
7.044282
7.115913
6.969399
6.525167
5.532890
4.130085
2.766299
1.568926
0.389310
-0.960280
-2.590373
-4.590802
-0.701286
-1.181055
-1.476766
-0.599892
-0.497405
-0.476878
-0.442588
-0.378056
-0.270453
-0.118486
0.074741
0.249309
0.396057
-0.719168
-1.645691
-6.446705
-25.050186
0.383384
1.630533
3.119226
4.528823
6.102650
7.521874
8.948961
10.179274
11.123468
12.064517
12.426006
11.305858
9.912063
8.674909
7.602603
6.297170
5.470712
4.040027
3.032605
1.601425
0.363356
-0.812791
-1.910974
-3.276235
-4.357613
-4.440495
-5.580947
-6.964121
-3.613682
7.393008
16.048883
4.540950
17.695576
1.604825
8.059351
7.497438
-0.708061
10.660159
21.797560
28.142017
28.362305
16.469357
3.798853
-3.141392
-19.718870
8.001863
8.053490
4.965778
3.145364
-2.883559
-1.067925
-6.151825
2.352385
3.205372
4.001819
4.654202
5.164201
4.863498
5.529224
6.321282
7.197258
8.133606
8.856063
9.380272
9.564390
9.463109
9.056240
8.495160
4.389374
3.868011
3.869716
-0.679257
-5.298271
-9.756846
1.782904
2.816314
3.756661
4.505811
4.569417
3.903110
2.757013
1.752266
1.044710
0.801956
0.801423
0.441141
-5.398815
-1.457987
-8.027307
-13.424300
-0.025047
1.087922
2.343548
3.636955
4.857788
6.269909
7.843682
9.494226
10.999517
11.399436
10.434632
9.187776
8.434824
7.730326
6.924919
6.074638
5.219239
4.548304
3.721096
3.055954
2.252041
1.700894
1.578569
0.860269
-0.057663
-0.573848
0.485777
9.471130
-2.632582
8.689963
-4.106411
7.768875
1.867587
3.398296
3.515912
4.015821
3.403589
4.238232
2.927377
2.697736
0.752328
1.167017
-0.846286
-1.115739
-0.489920
-3.000975
-0.628732
-4.462901
-1.285745
-5.174286
-5.598011
-4.163328
-2.389755
-3.829463
-4.046019
-4.526002
-6.944225
3.773177
-17.058846
16.209314
-17.965351
15.465950
-15.767972
-15.121255
1.685058
2.258374
3.134566
2.871703
3.217949
3.324434
3.088353
2.493873
1.701183
0.669347
-0.562561
-1.763248
-1.344793
-9.359707
0.781779
1.242424
2.455084
3.684896
5.250013
6.513832
7.716414
9.172154
10.019323
10.550672
10.504342
9.738526
8.218181
6.073156
3.997100
2.184613
0.515363
-1.174695
-3.167043
-6.110716
-9.632632
-3.524201
-3.136590
-2.825075
-2.613771
-2.493332
-2.406623
-2.284828
-2.088460
-3.004960
-3.865766
-5.210726
-7.045601
-9.295050
-10.629253
-8.008504
-11.148242
-12.740268
-3.240776
0.013308
1.216499
2.387284
3.636428
4.717587
5.965845
6.924816
7.896693
8.188518
8.103292
7.403070
5.958450
4.338483
2.408180
0.765718
-0.684462
-2.240883
-4.142775
-6.371715
-2.189827
-2.843354
-2.941060
-2.809649
-2.437834
-2.021644
-1.877866
-1.839575
-2.428755
-4.160757
-1.712922
-2.576457
-1.686847
-0.458729
0.666467
1.342552
1.220927
1.761539
-0.624714
-6.642063
5.642100
6.089731
6.392303
6.529806
6.869368
7.865744
8.412825
8.300236
6.089246
4.961917
3.980140
3.135451
2.310502
1.604631
0.946742
0.502534
-0.115579
-0.673936
-1.481199
-2.076390
-2.281866
-2.884727
1.178210
1.688420
12.359483
5.797864
12.872116
1.160578
9.537670
-2.469220
7.837749
0.223524
11.948605
9.802851
9.100042
-2.330264
-4.200585
-2.028140
25.763779
28.528566
28.336792
18.334560
4.661069
-8.266193
-18.909521
5.496815
3.346399
2.448953
2.108128
2.799050
3.097998
3.365526
3.752362
-1.270875
-7.621503
2.824933
3.252249
4.476542
5.637805
6.814029
8.402117
9.569392
9.962577
9.124900
7.008756
5.600024
4.780220
3.714442
3.193431
1.942365
1.176629
0.290152
-0.156782
-1.158740
-1.795645
-3.244874
-3.419106
0.808398
0.695921
-0.526904
13.034036
10.979018
4.658337
11.043337
0.121118
7.887410
-3.200642
5.893800
-6.072273
2.314208
4.958669
2.778854
1.611981
-2.623612
-1.062218
-8.716745
1.750234
2.880999
4.101650
5.262570
6.704662
8.164874
9.216020
9.414313
7.333345
6.258949
5.282766
4.407406
3.651518
3.082109
2.445897
2.088714
1.396139
0.887336
-0.014966
-0.431609
-0.465095
-0.712647
-2.110795
13.340946
13.645700
6.383591
13.244318
1.183593
9.643126
-2.568997
7.620665
-6.489269
6.138269
-7.826394
11.768531
9.248384
7.017082
5.300823
3.574855
-2.064280
-3.300429
-0.916433
2.155707
5.230508
7.560058
6.541376
7.391475
7.508393
7.738416
8.090149
8.463210
8.979532
8.949256
9.640675
9.807328
10.399604
11.028763
11.617580
13.364909
13.110228
10.661730
-0.980272
-6.641981
0.995492
2.135590
3.013228
3.606368
3.550752
3.010735
1.494762
0.092434
-1.137009
-2.528361
-3.684297
-4.490362
-7.803235
-0.409071
-4.792714
-4.399678
1.363298
2.540701
3.778342
5.117407
6.461141
8.106448
9.541427
11.210941
12.373053
13.220362
13.328601
12.936688
11.471560
8.582397
6.446693
4.602805
3.548058
2.293181
1.203616
-0.061955
-0.737181
-1.963481
-2.742429
-4.105295
-5.113916
-6.179784
0.628359
-1.451092
-2.453400
7.434831
-5.758309
10.078073
-0.000593
5.151482
1.366692
5.992394
-6.243175
6.466185
-5.481795
6.461979
3.113576
3.738073
4.273472
3.425295
2.406036
1.072320
0.066333
-1.624118
-0.388287
-4.307406
-2.096392
-4.822210
-6.449851
-2.916651
1.492794
-0.791551
2.408340
-3.217118
0.307331
-2.959135
-0.166239
-5.390328
-3.499013
-5.874896
0.900317
-0.056553
1.724718
-1.539980
-1.109223
-2.904516
-1.045724
-2.988265
-0.125856
-0.384371
-0.035556
-2.645005
1.338712
-2.488389
2.093321
2.364726
7.386052
8.732385
8.985937
6.741212
5.755042
5.862729
5.872656
5.848708
5.723999
5.953059
4.605508
3.263722
2.456352
1.974725
1.902435
1.452053
1.362806
0.842467
0.832408
0.086048
0.171637
-1.083790
-0.494566
-2.663457
-2.015509
-5.325661
-2.418123
17.078072
-4.566914
12.898591
13.456466
5.934968
8.585651
13.443894
21.783773
27.372894
20.646742
5.235064
-14.635943
-21.892572
7.993043
5.166464
3.151547
2.304808
-1.674726
-6.638197
2.320478
3.510497
4.706970
5.801567
6.919262
8.039436
8.795406
8.712540
6.986579
5.964552
5.124129
4.106937
3.165338
2.364382
1.548558
1.145912
0.332513
-0.101244
-1.235419
-1.927137
-2.259809
-2.880055
0.302629
12.954801
13.279962
7.327289
12.194805
1.307901
9.007741
-2.272506
7.349638
-5.326526
9.434940
5.254542
9.477827
5.233265
5.233398
0.697011
7.747395
-2.421951
-3.556451
-5.149345
-4.983877
-5.557749
-3.479934
2.201748
2.367152
2.054011
2.375665
2.965649
-4.541158
-9.265025
-5.886336
-4.538531
-6.217640
-3.330877
-4.897357
-4.925434
-5.951286
2.587913
-10.522709
-2.737179
2.161397
3.855098
4.940704
6.262444
6.452832
5.915765
5.979047
5.355951
4.773452
4.580197
4.351522
4.157085
4.681770
4.956236
4.902136
4.784171
4.546283
4.151555
3.394055
2.325561
-0.151348
-4.213190
-10.356575
0.723507
1.825797
2.810341
3.594883
3.818802
3.741949
3.639706
3.511107
3.315594
3.107507
3.149337
-2.896006
-1.562255
-9.142715
-15.610095
2.939993
3.752068
4.620327
5.487524
6.344950
7.202093
8.516973
10.056983
10.918459
10.083387
8.132392
7.427486
7.023182
6.636656
5.597318
4.809531
3.825538
3.082188
2.137832
1.503827
0.584336
0.061670
-0.582732
-1.140091
-2.098698
-2.819137
8.582466
-1.654246
10.651323
-2.521619
8.091726
-4.329199
6.560091
1.974391
3.214856
1.819110
4.361053
26.536238
28.660656
24.875404
19.737499
3.354384
-15.765121
-24.182568
4.385376
3.308834
2.290397
1.655666
1.450830
1.479493
1.474045
1.289748
1.102979
0.752326
1.672123
1.765907
-1.111982
-7.735592
-6.972276
2.098426
2.882670
3.598913
4.283838
4.919856
5.132207
5.571846
6.179238
6.878285
7.682685
8.486258
8.805684
8.651662
8.286376
8.001454
7.848831
7.282552
6.234620
-0.627860
-5.778605
-12.880717
4.204699
5.061642
5.790719
6.470391
7.043977
7.434604
8.309500
9.203588
9.687379
9.073517
8.371729
7.712674
6.055583
4.782637
3.686554
2.193493
0.989838
-0.226836
-2.170779
-3.744714
-5.606283
-7.444129
-0.877109
-0.001137
0.338433
1.137293
1.565879
0.881655
11.557667
11.434115
4.039212
10.292427
1.332345
6.578331
-2.536783
7.100465
-3.990477
1.440598
-2.926911
-0.382130
-1.709935
-1.757848
-1.268297
2.063767
3.327174
4.499644
5.415586
6.835682
7.828819
8.601334
8.983257
8.959980
8.598398
7.577500
6.331126
4.940676
3.091322
1.402800
0.011301
-1.388320
-2.920984
-4.684465
-6.858701
-0.541835
-0.209034
-0.434420
-0.860765
-1.408969
-2.015904
-2.644121
-3.192715
-3.819570
-4.310207
-4.824465
-3.446303
-3.459960
-3.952850
-3.442818
23.072329
21.200222
5.478703
10.946898
10.871862
3.334011
5.968637
6.300171
9.337152
14.393983
19.496162
15.673988
1.404473
-7.482259
8.142368
6.109059
5.543439
5.731984
5.945137
6.140148
6.162992
5.946160
-1.141635
-7.337144
-14.950242
-3.263888
9.826189
12.151684
13.859462
13.747912
13.395832
11.691306
12.582569
12.610055
11.516416
10.041056
8.623602
7.090118
5.330742
3.628486
1.353112
-0.626080
-1.730654
-2.758142
-4.807285
-6.353255
-0.012386
0.087006
-1.405239
-2.049050
-2.742991
-3.113968
-3.628811
-2.502761
-2.969473
-3.202727
-3.460404
11.553576
6.386175
11.675570
5.115811
8.455398
-0.128369
7.153786
-2.904883
5.237751
5.474218
7.779406
10.839597
18.249413
27.870129
27.107521
7.157955
-1.541948
-15.270913
8.709036
7.355968
7.004563
2.608898
-1.232182
-7.664281
-4.252704
3.072694
4.423455
5.677979
7.172905
8.355503
9.093676
9.711970
9.795724
9.239861
8.010331
6.013104
3.521336
1.629273
0.655967
-0.311747
-1.297802
-2.631778
-3.487308
-5.082104
1.262700
0.904011
-0.339178
0.794068
1.750272
0.850996
0.403988
15.418482
13.462760
13.801475
4.930365
10.389203
-0.282364
6.623266
-2.942203
6.061037
-3.717619
10.476027
3.834149
7.578334
5.367587
0.662915
-2.203940
-2.924145
-3.693523
-2.633686
-2.737675
-2.063880
-4.756892
-0.934378
-5.298184
-7.734756
-5.504163
-3.922248
0.114629
-5.558692
-2.921364
-2.717607
-1.323136
-2.030599
-1.013395
-3.167109
-4.770909
-9.046079
4.515582
-17.513941
15.658170
15.625813
22.554209
21.582766
17.561342
12.202650
0.651481
-17.986172
-25.291780
2.587138
1.826116
1.612775
1.425032
1.384390
1.442859
1.525453
1.375636
1.143257
-0.675343
-4.874304
1.702299
2.389701
3.525477
4.709859
5.887410
7.179564
8.225596
9.552505
10.272997
10.040072
9.062655
7.985787
6.285520
4.386622
3.053685
1.540153
0.768211
-0.663315
-1.637511
-3.118304
-4.088534
-5.648116
0.348054
0.454507
1.398842
1.824342
2.073921
1.310687
9.987759
11.925517
4.128118
11.068768
1.782645
7.930721
-2.455988
5.041337
7.106288
13.145294
10.856649
2.237430
-0.175680
1.308514
2.215589
5.153137
12.218968
20.411608
21.902872
13.371654
5.020098
-5.428203
4.062798
1.662497
1.384110
1.295452
2.340621
2.731098
2.945512
3.108226
3.229336
3.308029
-1.217012
-7.188488
-5.841660
2.000422
3.232354
4.542758
5.758334
7.258977
8.701678
10.179633
11.213768
11.118033
10.473415
9.223506
7.367604
5.516322
4.633407
3.375779
2.836015
1.442449
0.575325
-0.413120
-1.122457
-2.181161
-3.265017
-5.021403
2.223441
1.285652
1.563724
1.204602
10.333901
6.617571
11.042775
2.484316
8.234274
-1.827330
5.743943
-4.136890
10.476912
6.325524
11.282455
8.234563
-2.706578
-5.155963
-2.686566
11.779336
26.899746
28.564705
28.462183
12.248563
-3.294082
-12.432586
7.114563
5.594294
4.076022
3.917902
3.695558
3.517188
3.290031
3.125247
2.856300
-1.319933
-8.365468
-7.630214
-5.166640
2.682199
3.614464
4.837549
6.259895
7.802859
9.542518
11.117722
11.484853
11.335001
9.628308
8.533981
7.633937
7.680148
6.512856
5.431980
4.236739
3.421663
2.311394
1.630857
0.697931
0.235483
-0.262207
-0.619413
-1.795335
-3.028867
11.438046
-1.740386
9.869307
-2.181860
7.012398
-5.893866
6.517470
-4.266654
4.464725
12.024972
10.027690
7.847197
-1.711766
-2.648854
-1.229377
1.454664
4.699462
5.104887
5.959983
6.401042
6.202302
5.923122
5.704994
5.799449
6.136319
5.817986
6.314143
6.794051
7.174368
7.175167
8.620456
6.372745
4.624866
3.783331
2.856755
2.438076
1.326924
-0.056211
-0.936196
-2.286161
-9.665912
-0.124672
1.089204
2.249299
3.409844
4.489999
5.529645
6.247682
6.795981
6.439581
6.223076
5.409266
5.713275
6.146039
6.586947
7.105118
7.558837
7.728499
7.045309
6.880337
5.598125
5.038674
3.684185
3.043113
-0.851743
-9.529253
-16.341715
1.124623
2.455179
3.516525
5.064837
5.962576
6.343890
6.360283
5.759627
5.848932
5.540789
3.481434
2.589465
-1.437301
2.127351
4.579548
5.532156
5.646219
5.026840
5.022456
3.830442
1.483717
0.681162
0.194952
-0.088843
-0.235054
-2.121511
-3.565405
-4.669428
-5.720909
-1.613249
-9.445650
-16.526648
0.445855
1.009690
2.160900
3.368013
4.530540
5.792524
7.318083
8.827072
10.131372
11.052494
11.266679
11.143400
10.515652
9.779460
9.256556
8.399855
7.277998
5.854618
4.358021
3.553345
2.408074
1.704946
0.569166
-0.092793
-1.015354
-1.842287
-2.522004
-4.194010
8.820292
-0.885549
9.778999
-1.370391
7.433166
-2.006055
6.017660
-4.107011
15.288246
11.716670
-3.344708
-5.846539
-3.598071
4.707541
15.738523
20.016100
16.791294
14.045197
19.790129
17.966125
2.731481
-8.569654
7.072169
2.366067
2.637484
3.147517
3.365390
-0.213188
-0.677242
-0.783441
-0.841976
-1.295416
-1.218179
-1.060372
-1.050053
-1.392232
-8.398187
-7.258180
3.110153
4.440442
5.995430
7.284419
8.485902
9.810869
10.512268
10.710482
10.309875
8.983163
5.931376
3.247576
1.189136
0.368414
-0.594951
-1.500119
-2.860213
-3.784301
-5.522048
-1.229965
-0.770675
-0.324392
-0.214722
1.103101
0.179922
-0.362971
16.624153
16.882862
10.670775
11.739209
3.490773
8.424788
-1.408886
4.566578
-1.796759
1.234553
-1.472214
-2.453246
-7.154706
1.593800
1.425943
3.025055
7.038355
7.468676
7.973984
8.249718
8.162738
7.520573
8.035508
8.215625
8.137862
7.500713
6.413587
5.097874
3.106107
1.214629
-0.417713
-2.203137
-3.732218
-5.946847
0.043014
-0.288092
-0.448930
-1.302803
-1.924862
-2.818793
-3.299468
-2.626211
-2.711473
-4.046703
11.251803
11.129262
16.126104
8.821181
12.301587
3.613752
11.808590
-2.879594
6.332807
2.849570
2.889825
1.982648
2.473313
2.035406
2.180437
0.378582
0.283200
-0.968360
-1.880191
-1.765817
-2.930060
-1.704214
-2.726306
-0.901282
-2.049398
-0.134746
-2.084408
-2.891919
0.743568
1.746737
2.336885
10.202896
10.314478
7.910900
6.061269
5.869310
5.321753
4.470437
3.296584
2.210278
1.847934
0.815459
-0.132184
-0.790274
-1.142129
-1.666399
-2.399435
-3.253692
-4.616672
-1.422902
-1.863123
-2.339615
-2.034822
-0.704298
0.295722
-0.336363
16.031624
22.398962
19.527014
-0.428689
15.370681
-5.614464
13.837944
-5.961999
-2.316806
0.534078
1.549857
2.705062
4.174716
5.195554
5.848403
6.220876
6.863078
7.723768
8.078664
7.188610
6.573324
6.298265
6.088785
-0.538429
-3.736563
2.213834
3.343488
4.500724
5.707706
6.824033
7.885193
8.718634
9.383293
8.958274
7.798212
5.975556
4.933197
3.875299
2.896413
1.997363
1.087228
0.021684
-0.646996
-1.665102
-2.555650
-4.017500
0.831213
1.426036
2.441630
2.299085
9.142719
10.532707
3.328212
10.484131
0.681835
7.771105
-3.685350
5.111184
-4.813634
7.438184
11.345479
10.948038
-2.973814
-5.384599
-2.909992
10.056605
16.995470
17.826056
17.534575
15.838488
10.613478
8.738382
8.423696
8.120301
7.936914
7.911967
-0.873481
-5.039677
-3.443596
14.395434
16.304226
18.400904
20.215452
27.852732
27.015528
19.218964
13.552532
4.876967
-10.254875
-18.188215
-22.591074
-26.143654
-2.011164
-2.289667
-2.414752
-2.817984
-2.825240
-2.258893
-9.620973
2.047510
3.286161
4.613234
5.711686
6.844490
7.573071
8.113694
8.882826
9.084170
9.441800
8.208600
6.392700
5.276684
3.715441
3.117188
1.426497
0.348875
-0.852252
-1.354828
-2.378230
-3.027756
-4.361552
1.002024
1.044144
0.837828
0.292747
12.624171
11.929423
3.532371
12.257201
-0.974067
7.981403
-3.510832
10.786532
-3.888214
2.746294
-4.601329
0.512813
-1.197080
-0.231136
4.757844
1.896500
3.076678
-0.657772
1.522156
-2.262052
-0.167696
-2.261460
-2.398870
-0.432779
-2.584608
0.437845
-1.834546
1.746720
-1.019173
0.867629
-1.058356
0.633809
-0.449333
-0.271889
0.945454
3.540114
4.745139
5.881470
6.953246
8.211552
9.108281
9.969412
9.724859
8.934855
6.964934
4.997734
3.920088
2.480375
2.184963
0.976830
0.175792
-0.893168
-1.454684
-2.582319
-3.475264
-5.148206
0.566919
1.162642
1.815807
1.585023
11.609774
10.225891
3.499458
10.562243
1.490845
8.004092
-2.794245
5.607126
7.231183
12.767628
10.948551
1.463001
-0.968571
0.426877
1.539335
3.865431
8.264817
13.272213
8.911482
8.823415
9.081448
9.230387
9.338552
9.533442
9.731699
9.869321
-1.018389
-6.073669
1.915107
3.082157
4.303967
5.490454
6.525164
7.521581
8.700612
9.458349
8.462865
6.758696
5.787560
4.717402
3.478514
2.738819
1.891389
1.294393
0.728088
-0.005133
-0.576690
-1.481277
-1.930537
-2.324728
1.671016
0.676473
12.390182
11.508926
3.673872
11.524429
0.543138
8.789113
-3.751422
5.434583
-6.291461
7.159959
12.110854
10.460427
9.495317
-1.071909
-2.134330
-2.663548
1.959879
6.228361
6.358709
5.306632
5.582980
5.366132
4.696685
4.095934
3.523176
3.133832
2.346892
2.554387
2.825305
3.194441
3.638144
4.038397
4.224317
-0.858706
-4.965911
1.302238
2.331360
3.442093
4.568807
5.675911
6.700631
8.064305
8.924907
9.623070
9.832096
9.075181
7.932305
6.143690
4.663774
3.671805
2.417883
1.651819
0.408837
-0.698119
-1.741050
-2.698187
-4.087693
-5.429247
0.272749
1.095720
1.658953
1.490246
1.283324
10.640182
2.435687
11.678957
1.346545
7.779815
-1.953035
16.070417
14.338719
13.369092
9.399474
-1.243841
-2.147443
-1.680507
23.325125
25.825382
27.355200
19.864519
2.091949
-12.475703
-25.329174
4.345175
2.589763
1.275108
1.620559
1.774314
1.857248
1.910505
2.038291
2.109217
2.220520
2.409190
2.502777
-1.417593
-8.615039
-3.029848
8.447782
10.074484
10.010125
8.236730
6.861092
7.193516
7.280174
7.100284
6.650710
5.848227
4.372270
2.616624
1.095099
-0.181983
-1.494203
-3.066734
-5.112351
-1.670320
-1.501557
-1.284319
-1.200346
-1.073961
-1.065286
-1.035671
-1.070743
-1.179280
-1.326038
-1.409711
-1.447106
-1.689695
-2.415534
-3.697363
-4.671224
-0.813019
-26.296017
-12.801032
-6.498505
3.147322
4.443544
5.807206
7.459259
9.159076
9.961691
10.273150
10.722347
11.344954
10.712693
9.697993
8.871300
7.972798
7.060178
5.387440
3.435852
2.132679
0.961087
-0.176085
-1.501916
-2.538913
-3.145013
-3.539236
-5.253033
-3.225695
14.392670
15.302630
10.435699
10.593872
3.235765
8.194234
-1.738642
5.446174
-0.944523
0.321370
-0.500870
0.089749
-0.638331
-1.252042
-0.243188
0.266961
-0.576908
11.644168
13.608922
15.041049
27.628925
28.703798
17.916348
6.739323
-14.450863
-25.244251
-28.622425
-2.733552
-8.423249
2.840271
3.126166
3.985683
4.914124
5.685851
6.103551
6.549009
6.593569
6.733458
5.619450
4.545664
3.512369
2.583028
1.427203
-0.036649
-1.085341
-2.238870
-2.974120
1.606818
2.141008
1.469085
3.046808
3.643151
2.912311
1.373295
14.566384
14.126499
6.025799
12.269631
1.143743
8.209852
-3.839934
6.308246
-2.268033
11.764834
10.053737
8.189300
7.478719
1.943969
0.677073
2.825119
4.952093
12.853154
21.647276
27.071342
22.011946
2.129668
-13.287633
5.736760
2.259049
1.656382
1.435110
1.146124
0.686755
1.427738
1.808525
2.002053
2.154781
2.516135
2.375557
2.425445
-1.591793
-8.047050
-7.054945
2.425048
3.675511
5.236852
6.765862
8.202333
9.465366
10.254821
10.638158
10.287126
8.961350
6.922693
5.026679
3.254332
1.500501
-0.346128
-2.530736
-6.104249
-8.206529
-3.309863
-5.704667
-5.451167
-6.190920
-6.793365
-6.757345
-5.958385
-4.205085
-3.817680
-4.571081
-5.413531
-3.951501
-1.756955
0.431191
2.475797
3.992064
4.785486
4.958932
5.397482
4.479036
-1.752026
-8.953822
1.510115
2.690529
3.810596
5.129876
6.276555
7.447379
8.355242
8.863651
8.147971
7.237842
6.758959
3.104468
2.852921
-2.525145
2.597743
3.025581
3.692562
4.834861
5.876897
6.593442
7.073486
8.373061
9.026260
8.589683
7.992807
8.139796
5.397313
4.314336
3.237897
2.732256
2.172035
1.622048
1.166089
0.556296
-0.843670
-3.415370
-4.977119
-5.411386
-6.782684
-8.755902
-9.707135
-11.091140
-6.476499
-7.148521
-7.341794
-8.482626
-28.037401
-22.382858
-5.085879
18.252766
10.023978
7.590303
9.214153
10.813865
12.498064
14.768438
15.454123
13.620119
11.829370
9.865166
5.826513
-0.352557
-5.434839
15.537316
16.118595
17.871574
28.843529
26.887341
2.790847
-20.571716
-28.002213
3.841846
2.496864
1.926195
2.087786
1.966085
1.809313
1.352397
0.648687
0.257343
-0.788366
-5.112666
-26.183308
0.811985
1.955093
2.640034
3.450452
2.926868
2.358009
1.594373
0.348795
-1.073358
-2.364146
-3.734898
0.536598
-5.982026
-5.430866
1.373170
2.474156
3.743047
5.051204
6.460397
7.922934
9.433318
10.949740
11.364108
10.605229
8.489746
7.483925
6.503759
5.619460
4.865659
4.104457
3.372534
2.905032
2.036888
1.524214
0.545808
0.307220
-0.690609
-0.871444
-2.279844
-0.936092
12.521605
-4.585387
7.292401
-3.282089
10.803225
-6.322323
10.750236
-7.566295
7.105707
-8.241574
9.481316
9.341200
12.481669
13.909521
18.192675
26.626762
26.787638
8.305931
-6.567503
-12.925517
-25.334116
5.940515
6.017918
6.082995
6.084381
6.022906
6.174225
-1.250626
-7.669762
-7.690150
1.184290
2.657125
3.929763
5.120803
6.639615
8.060133
9.801608
10.895907
10.646014
8.798643
7.941444
7.145481
6.505620
5.431468
4.544724
3.588639
2.946103
2.010576
1.449685
0.592971
0.192542
-0.173101
-0.406610
-1.669547
-2.770211
12.702994
1.204903
11.630312
-0.819504
8.617058
-4.264945
4.811132
-6.664841
9.327874
12.849117
10.532931
9.199039
-2.956596
-4.973095
-3.007352
0.371476
3.365327
8.350875
8.013453
7.115640
7.350221
7.156255
7.186922
7.507103
7.956385
8.760915
8.594841
9.374961
10.194549
11.081235
12.033524
13.704253
13.539218
13.557133
11.275364
5.924455
-0.870930
-5.529126
2.092331
3.321540
4.184092
4.895951
5.387647
5.757660
5.926467
5.577302
5.997212
6.539967
7.235179
7.966855
8.423054
8.396561
8.061246
7.886832
8.213050
8.724894
-1.056528
-6.868891
0.886664
1.973647
3.125072
4.350636
5.562724
6.904652
7.916626
9.154941
9.760962
9.931096
8.959483
7.740330
6.769885
5.193021
3.048923
1.343282
0.036035
-1.390308
-2.309338
-3.901031
-5.600166
-0.147850
0.474424
0.752703
1.406285
1.000189
1.516148
1.309881
0.790703
-0.122764
11.534221
14.267955
3.665277
11.006105
0.607741
7.126573
-2.858152
6.166418
3.472731
3.209510
-1.268886
-1.409171
-2.812926
-2.364495
-1.625855
-2.585428
-1.019281
-1.104910
-1.822054
-1.620106
-3.000107
0.451514
1.340053
1.989854
7.508899
7.517118
6.680812
5.941072
4.948674
3.394405
12.114079
10.318168
-0.567163
-3.886612
3.200290
4.432033
4.844435
5.532665
5.795990
4.996207
4.525497
4.857630
4.685622
4.565248
4.736511
5.072318
5.414012
5.711500
6.025395
6.166410
6.360528
5.548187
4.545927
-0.768476
-5.774193
2.157119
3.223483
4.019837
4.382743
4.045363
3.071356
1.341484
-0.084913
-1.480083
-2.686752
-3.583359
-4.390069
-9.813040
-0.905020
-6.399234
-5.904674
1.109293
2.336364
3.586663
4.922389
6.384747
7.850590
9.398762
11.150306
12.714142
13.832648
14.328151
14.302277
13.655430
11.385695
8.178264
6.072205
4.141017
3.309050
2.020201
1.010672
0.045760
-0.734543
-1.842767
-6.420450
-9.111585
-9.596453
-2.707693
-3.247177
-3.933862
6.527057
3.249997
7.748937
0.107389
8.053805
-1.100625
4.433171
-5.176338
4.857079
-9.538117
0.326626
0.877434
2.914827
3.708999
3.988123
3.396002
2.397612
1.071477
-0.655154
-2.404556
-5.209842
-7.345064
-9.184652
-10.760592
-12.927538
-11.553155
-1.375015
6.925473
3.862268
-1.895530
-0.611686
3.188291
-5.987983
-15.638586
-0.507183
2.227343
10.576601
28.218948
29.266905
25.412804
7.479614
-18.119822
0.066745
0.758439
1.744937
3.411662
3.112390
2.776862
-1.025818
-6.502118
0.841485
2.605981
3.826933
5.106304
6.270841
7.313528
8.433545
9.560331
9.877591
9.599272
8.644791
7.311012
5.732799
4.210701
2.369076
0.548620
-0.978604
-2.460224
-4.100478
-5.583975
-0.955010
-0.813273
-0.875710
-0.879190
-0.653519
-0.828605
-0.540560
-0.826547
-0.514340
-1.339610
-1.671009
-3.129474
-3.263488
-3.684850
-2.836182
-2.913509
-2.451993
-4.119917
-12.620274
-24.720377
-15.639032
17.779167
12.487242
8.333619
4.465634
3.403839
1.754241
-0.861223
-3.917543
-7.246650
-10.805400
-14.458593
-16.227928
-16.562990
-9.808499
-5.644878
2.405560
15.256627
24.973644
26.236200
-3.587805
-17.569717
-0.132791
1.036655
2.193732
3.284427
4.222689
5.398074
6.289185
6.905223
7.351959
7.487342
7.117559
6.216616
4.682399
2.898150
7.461043
5.772950
1.553659
0.086189
-4.809472
7.424996
8.244564
8.851950
9.021490
8.385466
12.589656
19.966909
15.441944
1.562834
-20.328266
1.092120
5.690237
4.818514
6.111660
-1.738978
-4.239666
-4.464572
-4.370833
-3.940207
-3.428195
-2.501710
0.320713
-0.435163
-1.287383
-1.903213
-0.796152
-6.799414
-5.966157
1.727972
3.827706
4.401132
4.455071
4.513295
4.578029
4.590162
4.652380
4.569919
4.317341
3.922121
6.568862
5.757418
5.059533
4.330811
3.513659
2.435716
-0.783322
-5.880619
0.660899
1.449128
2.400153
3.374158
4.316437
5.344470
6.504712
7.252658
7.876325
8.276892
7.653568
5.615754
3.765116
2.592218
1.016924
0.205533
-1.019125
-2.152023
-3.480277
1.688687
1.982543
1.602419
0.816347
2.596888
1.948624
1.031923
14.778505
15.435836
9.407481
12.534694
3.361042
8.919858
-1.802344
5.650583
-5.545920
1.860978
4.699608
9.570865
7.441293
5.746883
0.810447
-0.368169
2.185914
4.884794
7.429110
11.365763
11.788589
11.777736
11.995269
12.210160
12.376605
11.018525
10.251057
6.493340
-0.759720
-5.846123
-2.625141
2.612552
4.074539
5.281683
6.533154
7.363069
8.150824
8.389220
7.792880
6.594302
5.991000
4.836687
4.151317
2.475602
1.188203
0.631333
-0.157872
-0.644028
-1.391192
-1.751728
-2.296937
-2.103759
-3.662762
0.642486
13.582872
11.306467
14.056022
2.982891
11.500810
-0.655665
6.506609
-5.368121
7.575010
12.390794
10.335176
8.132979
6.591995
-1.049712
-2.444990
-1.155061
1.743419
9.408254
15.201792
13.081214
7.485380
6.831613
6.003102
5.619238
5.553133
5.538247
5.636077
5.788085
5.445848
5.771293
5.884184
6.273499
5.055126
4.903214
2.796474
-0.539962
-2.943367
-4.631040
-6.200178
2.144965
-2.089270
-18.657080
0.342059
1.774982
3.246878
4.483302
5.815020
7.097622
7.646814
7.342992
6.270199
3.970990
2.704275
1.505798
0.015034
-1.439672
-3.079454
-3.816474
-8.800916
-11.697412
-15.703023
-23.373318
0.317687
-6.346403
-5.352961
1.822469
3.039937
3.491374
4.280057
5.016076
5.524756
5.410439
6.142093
7.021225
7.989610
9.057586
10.182536
11.137094
11.925955
13.298505
15.737261
0.107946
-0.763755
-5.574660
1.390883
2.376217
3.520655
4.540876
5.921219
6.943746
8.122509
8.972355
9.410247
9.314223
8.218219
6.586917
4.665025
3.029466
1.699775
0.379485
-1.209450
-3.255810
-5.929869
-1.946437
-3.178092
-3.511204
-3.571814
-3.442420
-3.248804
-2.978905
-2.705279
-2.386852
-2.055393
-2.388805
-3.592324
-5.190630
-6.182285
-5.351371
-4.002940
-2.329581
-3.241795
-9.146386
-27.160334
-23.551487
14.497118
16.448458
9.676029
10.933611
13.192957
15.430558
9.980968
7.228913
5.518661
4.774501
3.890605
3.786376
2.651711
1.853614
0.896555
0.420941
-0.804531
-1.571229
-3.144598
-3.342606
1.801800
1.005206
-0.772234
18.312349
15.600028
13.732192
6.085023
10.194853
0.068386
7.317783
-2.118340
1.675279
-0.824712
-0.862463
-0.686052
-1.404812
14.511642
4.074234
-0.117075
-1.910557
-1.801068
-3.197925
-2.893469
-1.325469
-0.434096
1.133266
1.755396
0.985265
-3.666319
-2.226939
-6.695343
-6.241538
-4.710763
-0.629086
0.570572
1.806274
0.958311
-1.084685
-9.680022
-7.710320
-4.033705
-10.227014
5.283855
-12.973665
11.732759
-20.269281
17.199369
-18.721308
17.374277
-17.059065
18.041046
-15.870188
18.614201
-15.028263
18.914577
-14.517404
18.943199
-15.975806
21.002850
-18.631163
20.998491
-17.497059
13.391208
-16.600344
-15.645778
1.833274
3.748756
5.146352
6.074723
6.527905
6.209521
6.026379
6.703319
7.729143
8.241774
8.486156
8.543784
7.576342
6.297589
4.822913
3.247372
2.390817
1.714748
-1.006985
-6.129351
-9.250275
-0.198470
1.274617
2.820925
4.235157
5.657239
7.382176
9.116914
10.517284
10.087282
8.994785
7.626261
7.491001
7.383128
7.256099
6.196205
5.051463
3.515525
2.194855
0.585202
-0.481492
-1.884034
-2.722455
-3.733170
-4.712661
-0.197822
-0.592347
10.754349
9.340147
10.779410
3.088353
8.760792
-1.773865
5.987076
-3.928238
4.260416
-2.567557
0.493721
-1.450467
13.124988
3.201692
1.310424
-2.480140
-14.178827
-3.486128
-2.363667
-1.855887
3.092967
3.555395
3.363604
3.452669
3.694382
3.965810
4.123038
9.788739
7.908286
6.973926
8.750731
7.739150
6.968394
6.292121
5.486578
4.654867
3.941282
3.633657
2.852746
2.143517
1.213707
-1.674019
-3.065752
-3.766764
-1.533641
-6.647834
0.639627
1.888259
3.189700
4.250083
5.495157
6.796024
8.173771
8.924605
9.534398
8.673365
6.842774
4.836870
2.939987
0.607023
-0.696811
-1.667327
-2.921600
-4.425581
-6.849232
1.492427
-4.072517
-1.140306
-1.197626
-0.884661
-0.797514
-0.389884
-1.640491
1.426862
-0.770744
-2.945139
-5.539028
-5.809956
-5.754277
-6.050300
-6.107279
-3.206669
-4.515629
-0.923405
-5.370245
-6.787208
2.122962
3.800304
5.558268
6.610505
6.637382
7.164901
7.133574
6.772774
6.483358
6.234310
6.424127
6.658145
6.490020
6.295354
-0.654437
-3.769224
2.106934
3.089076
3.812124
4.050826
3.692148
2.778794
1.029252
-0.414953
-1.814392
-2.930211
-3.651420
-4.123615
-9.682952
-0.930254
-5.431198
-4.822992
2.633557
3.348014
4.739290
6.666135
8.175477
9.437579
10.609271
11.022274
8.838950
6.633801
4.978350
3.204811
2.494421
1.497181
1.067981
0.333648
-0.104481
-1.053914
-1.574446
-2.704448
-2.012578
-3.091090
0.702604
-0.085964
15.609199
14.908767
6.196318
12.064506
1.577947
8.685061
-2.818311
6.870291
-4.586403
9.383352
17.011353
10.080957
7.080967
-0.480003
-2.024186
0.128690
11.213991
25.549381
27.922750
27.594833
20.230412
7.135494
0.744676
-12.501187
-19.407230
8.211399
8.400108
-1.636773
-10.304169
-8.931219
12.838488
13.989153
16.549952
17.964462
17.169338
27.479723
24.175341
-5.437667
-24.820660
5.697754
3.387566
-1.594600
-4.875342
-4.635386
-4.449604
-3.635190
-3.775048
-5.708745
-8.938739
-6.268465
-4.042443
-0.780743
-7.012271
-0.724731
3.029086
4.008125
4.932920
5.962380
6.951058
7.624295
7.574064
7.198969
5.841391
5.244987
4.693355
4.221412
3.198119
2.176520
1.076830
0.032845
-1.182148
-2.643970
-3.993370
-5.706862
1.144031
-2.119703
-1.810016
10.155185
16.358059
13.740324
12.123568
3.437072
9.735119
-1.891935
7.641532
-3.388459
4.088449
-4.109270
4.221313
4.036432
6.194695
7.118834
16.261631
18.681376
27.410080
22.466425
3.004122
-19.488510
5.874862
5.478375
3.281786
1.924620
2.583944
1.866662
0.878971
-1.778778
-7.539606
1.791340
3.036084
4.023095
5.571639
6.683896
7.692076
8.674412
9.091242
9.242723
8.788016
7.362231
5.703129
4.125718
2.617861
1.114175
-0.502430
-2.408053
-4.777962
-7.681656
-3.295660
-3.526291
-3.580192
-4.134703
-4.475525
-4.317601
-4.843050
-5.499154
-5.836336
-6.566045
-6.160743
-9.124311
-8.425548
-7.592860
-4.025863
-1.608999
-0.466228
-1.554604
-7.874462
-6.854563
2.426944
3.895896
5.209840
6.760557
8.077561
9.162168
10.281957
10.742966
10.662333
9.900924
8.361226
6.440213
4.627315
3.018841
1.522716
-0.041576
-1.913877
-4.937613
-6.980638
-8.922583
-4.747705
-3.853305
-4.336431
-4.441539
-4.361932
-4.282504
-4.100076
-3.570913
-3.028778
-2.661028
-3.230098
-3.492950
-3.219732
-2.785617
-2.613299
-2.839429
-4.333486
-0.515871
-9.220560
1.159392
2.826963
4.011950
5.019987
5.896657
6.944497
7.438410
7.663523
7.419106
6.714751
5.633291
4.236890
2.840097
1.551456
0.175094
-2.083616
-4.884111
-7.913526
-2.284476
-0.934265
-0.047533
0.036087
-0.370395
-3.630830
-4.210089
-6.247234
-5.875435
-4.384232
-6.913372
-8.148624
-9.057899
-0.966903
-18.475876
-19.246813
-15.619379
-2.361248
2.316572
3.193815
4.259291
5.034045
5.621316
6.116553
6.697782
7.397888
5.180495
5.761764
6.603075
7.480912
8.301789
9.101288
10.212700
11.255368
12.105416
12.831844
13.549235
14.540586
15.190945
-0.989833
-5.192934
2.089708
2.996966
3.607281
4.051166
4.276392
3.776990
3.808720
3.780469
4.121977
4.655269
5.151311
5.694767
7.137769
6.802589
6.622931
5.928190
5.484210
4.586627
3.855342
-0.593162
-9.536125
-16.396801
1.935822
2.534511
3.014943
4.131631
5.607752
7.196633
8.746723
10.070423
10.233661
9.966396
9.677582
8.833275
7.793890
7.154316
5.724364
5.147493
3.874293
2.755858
0.971093
-0.204178
-1.634771
-2.700111
-4.544703
-6.027227
-0.784963
0.109234
-0.323500
10.737246
11.207361
10.899240
3.822643
9.645108
0.218086
6.535182
-3.255041
4.516209
-2.732369
-0.717755
-2.262319
-1.292152
-2.275559
1.894841
2.456149
3.446814
12.554622
13.807030
14.159368
11.595785
8.502003
6.834224
4.384787
8.220516
4.421721
0.832129
-4.095124
5.341768
4.598941
3.764120
2.793127
2.159678
1.697192
2.591689
2.442322
-0.599200
-6.218871
-14.776204
-10.529631
-2.773676
4.158115
5.828799
7.559732
9.351007
10.249813
9.831159
9.656854
9.101115
9.184492
8.980561
8.143309
7.290320
5.358881
4.196404
2.828694
1.954699
0.387594
-0.640625
-2.345226
-2.411047
-3.992004
-5.272046
-3.240844
14.276016
14.086998
12.111574
5.566152
8.961905
-0.284575
5.459701
-2.815741
1.517561
-1.263676
0.153211
-1.809188
-0.791502
-1.601422
-0.967770
-2.959786
-2.816194
-5.709366
-5.440282
-5.067227
9.216898
1.781362
-0.114730
-0.289719
0.923015
0.571830
0.531633
-1.128187
1.000546
0.728911
3.719266
5.273122
5.653553
5.934146
6.179769
7.283769
8.084690
8.839941
9.169617
8.632760
6.184307
4.758015
3.501068
2.619939
1.629109
0.768746
-0.049821
-0.585747
-1.210290
-1.765018
-2.523133
-3.237688
-3.702548
0.970346
1.131994
13.069254
9.603591
11.531442
2.256886
10.633068
-0.678509
7.781615
9.276405
-1.150241
-2.686287
-2.467804
2.524661
7.548316
7.286193
7.866360
8.507304
8.617520
8.091187
8.474953
8.977380
9.174210
9.910054
11.172820
12.914249
14.998828
17.724344
20.886559
-1.270581
-5.792364
1.859265
3.001761
4.255178
5.537620
6.606437
7.792246
8.426506
8.727902
8.537457
7.746755
6.104486
4.211050
2.531915
1.039218
-0.467953
-2.176827
-4.323153
-7.145360
-4.044034
-3.736124
-3.244632
-3.287688
-3.921917
-4.505965
-4.594411
-4.150639
-3.794724
-2.870731
-2.041603
-4.236770
-5.847016
-5.903398
-4.985783
-4.021235
-2.932825
-1.674322
-0.150809
7.092100
11.644684
11.563869
10.229458
15.619683
18.223118
7.891335
-3.785601
-22.299030
2.647043
2.782397
3.032406
3.231850
3.381206
3.468805
3.491128
3.453610
3.331865
3.118123
-1.147035
-11.460180
1.025211
1.858810
3.112355
4.266694
5.687274
6.918220
8.503511
9.862696
10.755261
10.587774
9.605977
8.354141
7.468032
5.915702
3.860154
1.633952
0.234761
-1.060339
-2.187676
-3.903684
-5.075088
-6.870467
0.411767
0.331347
0.579581
0.161018
0.112478
-0.155449
-0.199593
0.515036
0.553470
0.886413
0.143386
14.891688
16.053202
5.436338
11.954618
9.669685
-8.304385
0.779791
1.131546
2.249042
3.241129
4.187320
4.718133
5.362668
5.376919
5.141472
5.367545
5.216839
4.666782
3.454948
11.149867
10.673723
-0.698823
-4.942801
1.712710
2.591463
3.515902
4.439998
5.106165
5.918070
6.379467
6.599434
6.676506
6.597345
6.182605
4.568637
2.820163
1.112305
-0.612574
-2.508714
-4.811594
-0.683543
-2.427096
-3.892553
-4.870621
-5.108555
-5.179287
-5.477904
-6.195467
-7.288040
-8.520597
-9.635062
-10.081257
-12.424643
-20.862318
-24.998867
-29.361887
-30.097006
-29.013552
-1.919553
7.084961
4.804679
5.152956
5.307792
5.097640
4.525849
5.021525
5.361514
5.539634
5.636717
6.261903
6.959907
7.761763
8.454540
8.714139
8.616316
8.314609
8.189281
-1.011297
-11.988387
-0.114893
1.167614
2.425833
3.591611
4.936378
5.994277
6.960452
7.762514
8.176480
8.442620
7.888879
6.302045
4.491489
2.816983
1.208122
-0.443112
-2.335765
-4.699158
-8.522888
-4.907228
-4.234890
-4.747060
-5.231520
-5.851367
-6.604161
-7.260906
-6.126452
-7.012230
-4.977845
-2.355291
4.222458
17.868494
10.652778
3.037154
4.343305
-0.284916
-5.472775
-0.378819
-2.731313
-4.993689
2.606896
4.097495
5.454741
6.754454
8.095588
8.993886
9.571349
9.748308
9.608105
8.592592
7.085366
5.504994
3.934519
2.368609
0.302692
-1.873096
-3.862501
-5.389199
-7.439753
-2.709476
-3.312029
-2.791293
-2.547048
-2.352460
-2.164757
-1.874092
-1.530855
-1.202947
-0.913739
-1.278776
-2.802111
-2.844973
-2.235160
-2.720390
-3.369784
-3.730789
-3.861497
-0.923515
-5.530004
1.109412
2.878529
4.173969
5.590969
6.689638
7.760235
8.505218
9.137098
9.140298
8.236695
6.778101
5.288051
3.482116
1.781204
0.332155
-1.045026
-2.437504
-4.044496
-6.058607
-0.181929
-1.674454
-1.085575
-1.140111
-0.711999
-0.997018
-0.660231
-1.316388
-1.216754
-2.650543
-3.743337
-5.302719
-5.273750
-5.136468
-3.552112
-2.248828
-1.012950
-2.767098
-25.404243
-0.220364
2.781832
3.960520
5.285236
6.654871
7.777147
8.556508
8.114014
6.842999
6.156664
5.627021
4.752864
4.098778
3.246076
2.530340
1.960099
1.042173
0.436658
-0.699911
-0.907359
-1.337153
-2.223786
-1.490062
15.614251
16.617521
12.428373
11.895167
3.540299
10.226497
-2.525511
8.207068
-4.218753
5.787611
-4.893841
1.083728
-4.389679
-5.734593
-0.786940
0.596090
2.018631
3.410549
4.895010
6.420810
7.817198
9.388558
10.656508
10.746121
8.631212
7.209588
6.281504
5.466764
4.486873
3.784397
2.977236
2.210618
1.592388
0.664562
0.033507
-0.919638
-1.411761
-1.999390
-2.641189
1.065247
6.931271
10.274090
1.433555
9.741404
-0.321142
7.514368
-4.356442
8.020998
5.436576
12.518475
10.253735
9.137325
-2.612950
-5.049331
-2.570840
1.208748
4.169572
10.837430
11.970480
8.025681
8.306444
8.218934
8.343901
8.970674
10.046041
9.536844
9.455339
9.106624
8.771650
8.199375
7.380919
6.367009
-2.196605
-8.392162
-20.027313
-0.236162
-5.169298
-12.652446
1.304460
2.836902
4.021011
5.275218
6.287342
6.878047
7.048550
7.066620
6.914147
5.921807
5.480239
4.753594
4.488873
2.171265
0.424126
-0.686650
-1.005165
-1.747671
-2.725100
-3.784005
-4.810766
-5.400991
-0.072607
0.220815
16.336401
22.738726
16.245865
13.978321
6.160504
11.805163
-0.032096
6.715628
-1.374299
2.240282
2.084177
4.071842
24.076067
28.815273
27.695179
16.652161
4.927192
5.618019
6.840123
3.498944
-1.497206
11.018597
11.415966
-0.543053
-3.191151
-11.610988
-8.993415
-5.027012
3.091092
4.317224
5.656671
6.937108
8.277175
9.514114
10.471219
11.167777
11.035069
9.997193
8.854762
8.068510
7.739480
6.121325
4.365623
3.487288
2.575175
2.030909
1.206838
0.664912
-0.501457
-0.302232
-1.128739
-1.672225
15.156585
3.488693
12.788309
-0.982384
9.309074
-2.405630
7.115313
-5.323243
8.774246
8.671038
11.783975
13.455309
16.734428
24.398695
26.897478
5.261252
-10.544944
-15.516487
5.549110
5.026764
5.006467
5.054292
5.106207
5.179798
5.246944
5.295863
-1.358642
-8.067924
-7.042150
2.201287
3.408186
4.634767
5.961221
7.247098
8.704913
10.075037
10.536380
9.621073
7.571938
6.516242
5.890331
5.090436
4.019537
3.033640
2.051355
1.461128
0.525981
-0.012975
-0.997097
-1.589637
-2.172046
-2.740936
-4.313448
0.551505
11.446697
6.185514
11.777969
1.793316
8.600232
-2.260398
5.447104
-4.824151
13.606425
7.616961
7.852855
2.848031
4.238744
-7.020134
-6.196705
2.809422
3.219350
4.377944
5.222533
6.040968
6.638995
7.358985
7.822996
7.631823
6.566411
4.448623
3.230156
2.740474
2.060091
0.905543
0.152510
-0.582893
-1.362554
-2.540927
-3.519602
-5.140757
-4.844493
0.428464
0.101136
-0.577090
22.377390
18.172792
16.166513
7.247929
11.866096
1.277385
7.204349
-4.411579
3.718445
20.528971
0.817474
0.097026
1.714962
3.998299
8.958378
9.156905
9.593856
10.166650
10.515704
10.207443
10.034836
10.654613
12.050817
11.752875
12.998411
13.795149
-0.961130
-6.254898
1.842998
3.055927
4.328228
5.601318
6.652973
7.648002
8.377011
8.303615
6.772446
5.526563
4.727074
3.303950
2.800290
1.970209
1.405235
0.778974
-0.037326
-0.866335
-1.980608
-2.648147
1.936085
2.239935
1.028895
13.685757
12.166596
6.793995
11.405685
1.569694
8.475219
-3.272462
6.866189
-4.560479
5.220880
7.283573
4.120078
9.540933
6.877599
5.158968
0.906903
-1.689677
-4.663935
-4.093683
-2.837671
-3.126482
-0.330487
-4.465837
1.082887
-4.357509
-2.850448
-4.752417
-0.733739
0.183954
8.991488
9.141301
10.254186
10.902777
10.404746
8.603848
5.808390
0.775736
-2.241092
-3.015463
-3.127078
-3.114049
-3.473295
-3.435499
-4.125901
-4.352210
-2.451658
-2.769027
-2.551188
-1.084407
-1.143117
-1.369386
16.772987
23.856152
21.400364
7.690564
14.565506
-11.582951
-2.207321
0.515504
1.773219
3.228230
4.945292
6.220998
7.180024
7.398481
7.144668
6.689078
5.836100
5.017846
4.215289
3.462305
2.479391
1.336064
0.116930
-1.112895
-1.147469
-6.707354
-0.641110
1.016681
2.486711
3.878167
5.532595
6.240407
6.011956
6.072640
6.339503
6.914241
7.551458
-0.621810
4.242753
3.532231
3.926398
4.678025
5.727206
6.665779
7.593488
8.017309
8.200761
7.978230
6.551332
4.315712
2.956657
1.582004
0.399255
-0.200647
-1.459563
-2.515970
-3.786298
-5.034549
0.282235
-0.119007
1.101846
2.283731
2.431740
1.310058
14.313070
15.716432
6.970431
13.542336
0.871331
9.133661
-3.046088
7.437648
-5.522708
6.307599
-0.197501
1.856886
-4.332527
-1.090020
-1.731852
-1.714069
-9.763741
-1.328384
2.499239
3.865705
5.076377
6.223983
7.396718
8.448093
9.563363
9.561312
8.365365
7.199569
6.462973
5.770139
4.417511
2.435518
1.111722
0.191201
-0.413113
-1.007166
-1.749426
-2.515436
-2.151469
-2.637755
0.097690
12.094563
15.809400
12.050925
11.827848
3.812143
9.279230
-1.793522
6.456901
-3.127934
1.823772
-1.891980
-0.139133
-2.719664
-1.545063
1.313148
1.193946
2.413024
4.497707
4.772438
4.927415
5.608417
6.030178
6.289479
6.450774
6.494439
6.377735
5.834694
4.912475
4.043118
2.992914
2.421385
0.250102
-1.159807
-2.257041
-2.888374
-4.000612
-4.956929
-6.250860
-7.474105
-1.854006
-0.846183
-4.298831
1.126052
2.538939
3.288369
3.629622
3.681540
3.291227
2.077127
1.089383
0.715078
0.654357
0.594205
0.435656
1.195809
0.327420
-1.739362
-2.365847
-2.864730
-0.365211
-3.646547
1.282752
2.401825
3.181873
3.852529
4.477812
5.076742
5.010720
5.476515
6.186451
7.003476
7.839038
8.516632
8.702568
8.442041
8.071321
8.533789
9.249591
9.944127
-1.237744
0.284520
-0.892841
-7.494678
1.246481
2.262824
2.955072
3.266617
3.091982
2.402695
0.850880
-0.383152
-1.645951
-2.842054
-3.673609
-4.205420
-9.037669
-0.916766
-6.118454
-5.685200
4.909493
5.442589
6.022376
6.746361
8.319562
9.480110
10.361029
11.163768
11.610965
11.640590
11.270924
10.294412
8.351248
6.260813
4.446677
2.917605
1.622208
0.437415
-1.586719
-5.199801
-7.308106
-8.601141
-5.159337
-5.610935
-5.693988
-5.447298
-5.102511
-5.379510
-4.124925
-2.895095
-2.362143
-3.012158
-2.410948
-2.752009
-3.274366
-1.073069
-9.401223
4.816343
5.622281
6.132250
6.589778
6.885160
7.159367
8.029200
8.534233
7.973102
6.199378
5.259865
4.770799
4.048842
3.245277
2.195248
1.072780
0.352367
-0.429379
-0.978981
-1.960172
-2.653804
-3.461283
1.148050
-0.037170
-0.043145
12.408350
10.376462
13.074081
2.192867
10.295717
-1.637951
7.841642
-4.858792
4.903203
-4.387542
9.258410
5.268499
5.051831
3.516317
5.299022
3.498476
1.398047
-0.687876
-2.485303
-0.644172
-0.047774
1.731485
25.291494
22.511950
28.950455
26.326765
6.900795
-2.188226
-16.271450
-26.243843
-2.393263
-3.853756
-11.945610
2.231936
3.140760
3.905400
4.833419
5.451013
5.680136
5.783086
5.766529
5.676497
5.431122
4.953920
4.101814
3.088840
2.227153
1.637985
0.978913
0.184491
-0.796200
-2.070831
-3.974283
-0.115810
-0.197796
0.816041
1.127163
0.929874
0.493086
-0.043314
-0.674800
-1.742874
-2.984339
-4.362273
-1.143605
-26.098619
-14.056617
-3.295068
3.224311
4.872770
6.270650
7.592392
8.304564
8.751732
8.823298
8.665911
8.082395
7.305881
6.200962
5.083825
3.411400
1.878116
0.586725
-0.786379
-3.101975
-3.386018
-6.573496
-10.976239
-15.101000
-18.587294
-16.824446
-1.569872
-9.355079
-11.360078
1.048154
2.459457
3.837668
5.373632
6.849561
8.672275
10.502934
11.662314
11.743588
11.158772
9.729733
8.057433
7.097353
6.161397
5.689498
4.311290
3.460234
2.292502
1.605418
0.162236
-0.701751
-2.245183
-2.410314
-3.633018
-4.537539
-0.577306
9.080508
10.788510
6.223711
9.767654
1.896926
7.528930
-2.663977
5.054440
-3.657527
2.255640
-2.265562
-0.322989
11.623169
4.860555
1.338065
-5.043327
-1.841887
-0.773640
2.355222
3.105798
3.787494
4.056193
4.161355
4.477255
4.909015
5.191875
5.287319
5.361058
5.578930
13.085791
12.949757
12.184606
10.630282
7.711932
3.859553
1.199076
-2.117642
-6.260557
-1.947033
-9.640720
0.777678
1.847013
3.175020
4.032301
4.873858
5.317690
5.504965
5.365691
5.074882
4.715635
1.525841
-0.030185
-0.430940
-4.005928
2.540958
3.565882
4.611225
5.623314
6.539192
7.884700
8.766488
9.026723
8.527678
6.531771
5.169573
4.281063
2.835325
2.410439
1.201056
0.334566
-0.603234
-1.200408
-2.265450
-3.115978
-4.752489
0.844955
1.420272
1.194447
0.032289
13.013237
11.780803
5.383034
11.599416
0.260959
8.471199
-2.584167
5.442916
-4.387039
4.893978
-7.048412
4.777052
-3.014355
3.039049
-2.027751
1.027895
-1.416659
-0.738203
-0.216973
0.551746
3.976100
5.853826
5.859950
6.444869
7.384959
7.918112
8.468051
8.408638
7.860945
7.007584
5.850913
4.180412
2.563447
1.307223
0.171387
-1.128132
-2.814412
-5.046564
-3.175724
-2.094826
-2.290845
-2.041896
-2.008807
-2.185518
-2.138170
-2.087420
-1.914960
-1.709559
-1.524155
-1.288835
-1.125998
-1.260166
-1.557677
-1.976130
-2.488280
-2.980433
-0.643164
-12.031123
-4.349940
2.299808
3.426665
4.593355
5.831930
7.453666
8.555356
9.342933
8.661635
7.067230
6.322501
5.996824
5.716630
5.114422
4.354552
3.525678
3.009132
2.036720
1.370739
0.136889
-0.612393
-1.558412
-1.923819
-3.272573
2.460506
7.452860
9.121557
3.277209
10.281164
0.263232
7.877961
-4.196448
6.660027
-4.429565
7.586651
5.135815
1.572021
8.714212
6.131609
-8.549506
-8.774376
0.158615
1.396100
2.610269
3.661332
4.537509
5.333190
6.026227
6.605971
7.069092
6.730113
7.395990
8.080748
8.420999
8.245872
7.696338
7.316838
7.184340
6.755258
-2.893721
-2.247787
1.585820
2.773113
3.984722
5.202667
6.161407
7.597993
8.538244
9.076601
9.178147
8.425181
7.173070
5.425589
3.108414
1.175408
-0.118700
-1.089298
-2.169126
-3.171172
-4.987072
0.427186
0.125654
0.215665
-0.396800
1.033556
1.214286
1.723677
0.961747
1.450246
1.317846
14.437210
14.636839
5.391852
11.664228
0.471149
8.596063
-3.318297
7.694513
8.533618
4.985146
-6.302416
-0.254530
-0.445897
1.501199
2.837575
4.139737
5.597663
7.308917
7.769785
7.238543
7.264200
6.958780
7.237846
2.367891
1.360361
0.331035
-1.451019
4.855857
6.104490
6.170017
5.769085
5.219700
4.243604
2.442551
1.979945
1.335445
0.916267
0.642370
0.473903
0.229540
-2.231268
-3.481586
-1.535139
-9.151275
-12.814664
0.226265
2.462610
3.705462
5.055745
6.330069
7.436766
8.598372
9.676034
10.517722
11.479875
12.158031
12.372679
12.512995
11.698639
10.707791
8.612312
6.566453
4.378584
1.754169
-0.011476
-1.867776
-4.169895
-6.152584
-7.936684
-9.846569
-3.527978
-4.709540
-5.827013
-6.125937
-6.980953
-3.513116
-9.489502
-8.950102
14.677673
17.737221
0.636418
0.192403
-0.949178
3.636279
4.209387
5.637514
6.626862
7.551796
8.319614
8.810540
8.958613
8.741878
7.904952
6.127358
4.219409
2.528086
0.986389
-0.568962
-2.299238
-5.620968
-8.019457
-2.137294
-5.016938
-3.978494
-4.235327
-4.188104
-3.711302
-3.296372
-3.325600
-3.976721
-4.989839
-5.630336
-5.591882
-8.908231
-12.960306
-19.045502
-20.344477
-18.461979
-0.781604
-6.600839
-5.610267
8.823865
10.086619
12.171852
14.192403
15.726173
17.262194
27.257969
24.938475
7.089017
-3.950157
-16.941841
9.139178
4.101305
3.962455
3.517220
2.893069
-0.953632
-1.260962
-1.492348
-8.936427
-9.070906
17.034966
16.854355
16.363300
18.965935
26.570517
28.754663
25.275501
14.694399
18.727049
19.916842
20.219618
18.838654
18.680363
0.633681
3.913381
5.875011
13.891459
23.416162
27.948610
27.795555
14.312885
12.416080
2.461627
-4.761838
-6.844093
-3.579526
6.964427
5.871001
3.764542
-1.349489
-8.089373
2.482152
3.750757
5.173804
6.409570
7.823465
8.686428
9.432900
9.578795
9.131841
8.245296
6.476515
4.618362
3.048555
1.665281
0.223322
-1.493540
-3.664234
-7.143739
-9.779071
-3.504175
-4.265979
-3.841935
-4.434997
-4.646994
-4.191449
-3.984710
-3.177809
-2.340729
-2.397181
-4.200240
-5.091582
-4.871012
-9.818094
-14.000696
-16.481127
-0.042750
-6.821489
1.512156
2.609445
3.836518
4.875041
6.116940
7.155517
8.314954
8.964263
8.928926
6.803813
5.124511
4.048500
2.339354
1.296750
0.552114
-0.581143
-1.320958
-2.585933
-3.676025
0.856931
0.997280
1.129745
2.393889
1.136486
0.616104
15.555740
14.143414
6.972031
11.326685
1.987967
8.124543
-2.731874
5.106734
-2.607027
1.329361
11.480166
3.599444
7.683382
5.404831
-2.558551
-4.349828
-1.958834
1.432584
9.323052
14.368546
14.232764
8.186141
6.959729
6.924398
6.753219
7.665661
8.180472
8.259598
7.973546
7.637629
6.760239
3.520895
3.045393
3.447093
3.885056
4.461669
-0.769236
-7.693391
1.285662
2.285668
3.014898
3.642667
4.235669
4.811277
4.987077
5.293252
5.786189
6.354402
7.045352
7.832393
8.313054
8.243281
7.885780
7.610704
7.658386
7.503671
6.785176
-1.251487
-6.476727
-12.823897
1.779098
3.119093
4.702748
6.046463
8.114697
9.153709
9.263047
9.822919
10.750731
10.801649
10.739888
10.658443
3.208625
3.570136
3.319100
3.082182
2.918612
2.757123
2.355806
2.073302
1.837698
1.542350
0.298447
-0.204488
-1.451850
-6.799760
0.886730
2.257803
3.655970
4.976304
6.260767
7.549091
8.724465
9.261658
9.099444
8.288909
6.577703
4.614457
2.749012
0.952850
-0.889795
-2.943421
-5.630149
-9.777856
-4.373314
-4.383901
-5.938727
-5.706055
-6.617445
-7.516380
-8.036210
-9.615479
-14.599309
-18.132008
-16.951935
-13.833773
-11.425385
-8.164135
-4.057325
0.586334
6.794223
7.649847
8.087403
-1.801102
-17.736837
-6.387459
2.908049
3.426130
3.931706
4.284563
4.600459
4.504879
4.823626
4.673919
4.389927
4.764875
-0.025333
-1.003328
1.851713
2.945398
4.159593
5.370525
6.553173
7.803857
8.734105
9.858661
10.002056
9.488973
8.534925
7.577438
6.156713
3.934284
2.251718
0.601322
-0.619970
-1.682772
-2.777799
-4.525557
-5.899034
-0.475218
0.513428
0.668723
1.036497
1.202295
1.144068
0.777993
0.736394
12.476470
6.760507
12.633751
1.654439
9.279012
-1.607207
8.259393
-4.064583
9.321711
9.062209
4.496480
16.348280
27.661831
29.039129
18.492786
5.895792
-8.437714
-11.678890
-21.121117
4.999452
-2.779121
-12.967278
2.664952
3.808417
5.300029
5.967043
6.012037
6.289897
6.670550
7.158180
7.741362
8.042660
8.112103
3.981235
4.413441
-0.529400
-3.473688
1.847938
3.005241
4.186144
5.395387
6.674817
7.726940
8.676041
9.456536
9.165942
8.191559
6.171433
4.952137
3.901778
2.808419
2.170428
1.403398
0.162286
-0.763286
-1.801574
-2.841481
-4.385024
0.507656
1.251835
2.200055
2.265209
1.431248
9.895152
11.900916
3.808301
9.503925
0.684264
6.642935
-3.631589
4.501920
5.945153
3.779286
6.298811
6.088197
2.651592
2.685286
-1.639381
1.927635
0.516759
0.358664
-0.140895
-0.525674
0.874686
-1.124599
1.279447
-1.608081
-4.685286
-7.303698
-8.441439
-5.369893
-5.264708
-1.569268
-4.097806
-1.528589
1.212453
1.723462
13.102640
13.667550
14.538922
13.872717
15.680090
14.680524
11.234004
14.265615
10.167962
5.858572
-0.381832
-4.289125
-7.554883
-1.020402
-5.245779
-1.691224
1.883303
3.133386
4.443645
5.607670
6.737151
8.138571
9.362700
9.116293
7.476444
6.173691
5.171443
3.689091
3.080158
2.269258
1.741157
1.204464
0.473030
-0.184736
-1.228765
-1.716230
-2.263704
1.772151
0.766864
11.405588
12.092339
6.432715
11.131631
1.527913
8.489935
-3.034587
6.809241
-5.112074
6.592311
6.764918
12.533386
9.653996
7.451570
3.141422
0.379854
-2.994363
-3.509820
-4.605489
-3.898889
-1.193798
-1.766558
0.094463
-4.656113
-1.412508
-4.847427
-6.872721
-5.435578
-4.931734
-2.555674
-2.470107
-2.811713
-2.511386
-2.455284
-3.649054
-5.105659
-6.332201
-5.153975
-5.378613
-1.823783
-14.320068
11.308446
-14.350338
18.971325
-12.688668
16.309242
-17.459641
18.633642
-15.511589
19.046984
-14.137124
19.336771
-13.449360
19.644085
-13.425765
19.621590
-14.387777
22.022326
-15.887140
20.988626
-18.720432
15.279697
15.192760
23.948454
27.609068
21.301918
16.021744
5.676907
-12.448564
-22.873016
-27.636597
4.473038
3.161876
2.356952
2.008022
1.723207
3.537792
3.907055
4.355359
3.823268
3.956274
3.718763
3.465930
3.337014
-1.113758
-1.274965
-11.455380
-6.666369
3.268705
3.693247
5.132991
6.568091
7.990351
9.217449
10.025366
10.542690
10.235422
9.097974
7.692020
5.864979
4.371467
3.081889
1.277448
-0.730771
-2.517765
-4.447277
-6.253648
-8.599590
-3.316008
-3.486132
-3.390992
-3.135310
-2.858489
-2.609808
-2.324426
-1.992072
-1.691109
-2.388967
-3.960232
-4.563898
-4.640197
-3.447478
-2.850447
-2.653562
-2.919673
-3.670502
-0.144948
-4.756113
8.242351
8.042608
5.086502
3.227103
3.524549
3.774726
3.927293
4.161978
4.542258
4.936435
5.452753
5.891984
6.329859
6.813982
7.100231
7.488983
7.733825
7.772559
7.468607
-1.146303
-6.721815
1.124794
2.217650
3.479294
4.717235
5.978658
7.322671
8.598750
9.394253
10.108476
9.920297
8.928493
7.018355
5.064523
3.465537
2.029162
0.501996
-1.308237
-3.577379
-6.197065
-9.878530
-4.519553
-3.667804
-3.934835
-4.536566
-4.777695
-4.362556
-3.878875
-3.212682
-2.341232
-2.079889
-3.516924
-7.082557
-8.361513
-10.350449
-9.376734
-2.006122
3.570649
4.016905
-1.682969
-10.104672
-9.199413
1.963237
2.959480
4.346804
5.827521
7.513840
8.826100
10.189638
11.439470
11.247318
9.050773
7.322617
6.122131
5.079396
4.481605
3.575729
2.422157
1.967515
1.094195
0.738326
-0.346340
-0.933917
-1.714173
-1.784042
-3.093568
-4.055614
9.803065
10.352858
5.330466
9.090659
0.863090
7.063958
-1.996744
3.998715
7.973508
2.700976
1.684473
0.977239
-1.124834
-0.401545
-2.108092
2.369938
2.481510
3.544569
16.293659
21.640041
28.311327
28.491390
16.887352
2.756274
-9.391339
-17.960077
8.887890
3.684540
3.917948
2.611942
1.672865
-1.341554
-8.550364
-7.288977
14.966584
13.986837
15.756989
19.010878
19.952419
27.890102
26.295147
18.043617
10.759373
14.918311
16.341866
13.668942
6.703941
-0.348755
0.747179
1.234305
13.623471
15.352325
16.895664
26.945934
28.932501
22.905386
17.246058
16.791874
18.249260
17.110258
15.327316
0.456918
2.689622
-5.853664
-3.552475
0.956032
5.117438
5.596444
6.993421
8.347078
9.934793
11.018635
11.707422
11.337937
10.331317
8.858006
7.858114
6.881254
5.550937
3.787890
2.614116
1.717923
0.862057
0.021409
-4.044851
-5.757529
-6.714015
-8.311377
-3.217698
-2.749836
11.875960
11.980563
6.452233
11.570216
2.785646
9.186313
-1.216206
10.943319
-3.704457
18.673597
-1.547586
-2.350645
-0.603231
2.582474
4.341262
5.331038
6.117112
7.254854
8.440188
9.508224
10.855062
11.723030
11.409504
12.048433
11.898586
11.682400
-1.272341
-1.382619
2.457797
3.618741
4.808070
5.891979
6.678700
7.569184
7.925290
8.040351
7.616925
6.638330
4.986975
3.309290
1.882344
0.569459
-0.845908
-2.543001
-4.680097
-7.308375
-3.381481
-3.336445
-2.904954
-2.701044
-2.930402
-3.305422
-3.272528
-2.747053
-1.853065
-1.573317
-3.193361
-2.201196
-3.256708
-3.718347
-3.855493
-3.980265
-4.015859
-0.033560
-3.275073
11.287614
11.452530
8.621949
5.074153
2.883332
2.373575
1.328001
-0.189632
-1.798968
-3.632849
-3.102613
-4.223626
-0.420552
-0.464069
-1.374788
-1.803147
-1.651578
-1.407581
-0.929843
-0.323135
0.329143
1.070545
1.480148
3.935439
4.464371
4.719172
4.556127
21.526047
15.402560
20.490311
-3.605695
17.962126
-6.359461
11.207207
11.069345
3.281921
6.429236
8.507710
17.101814
26.957264
27.431410
12.038868
-8.282716
-20.853449
8.135015
4.889340
3.564873
-1.066876
-6.087256
2.398956
3.519213
4.810063
5.807739
6.762753
7.669023
8.449194
8.740471
8.491073
7.717389
6.095093
4.328579
2.155181
0.621074
-0.394698
-1.453531
-2.542187
-3.855922
-5.519517
0.596060
0.440318
0.125911
-0.405505
0.826416
1.371515
0.883527
-0.111496
16.111696
16.188259
8.919066
13.272649
4.036038
9.780181
-1.035447
6.407951
-3.304126
28.869875
-3.469478
-3.695436
-2.279695
4.284956
4.759084
5.490613
6.502240
7.481656
7.512465
7.078510
6.654236
6.351233
6.134125
6.066387
-1.256731
-7.191732
-0.342155
1.930278
3.321831
4.512504
5.862334
7.009747
8.328188
9.624220
10.141061
9.117543
7.245650
6.330609
5.596216
4.514437
3.677476
2.673887
2.056922
1.319665
0.824940
-0.025563
-0.571835
-1.003564
-1.605978
-2.686445
-4.365128
8.381706
8.204939
11.393085
1.268951
10.008042
-0.999466
7.427774
-6.403897
9.701877
-6.318390
-5.114201
-6.518947
-3.613110
0.389529
3.255919
4.676496
6.174384
7.573243
9.275896
10.590618
11.671515
12.547554
12.585706
10.245867
8.383453
7.102684
5.628767
4.556307
3.396721
2.187844
1.492534
0.475033
-0.058077
-1.154034
-1.841393
-2.454103
-3.005679
-4.785656
1.105414
7.466136
1.960300
9.639216
0.489923
7.335843
3.078219
6.285090
0.791290
5.550628
5.297428
9.588087
6.887906
-5.329318
-5.805975
-4.048918
11.956469
13.188189
13.930880
13.810170
13.163868
8.750202
5.725173
6.026267
5.617814
-1.394996
-8.254340
-15.141290
2.086944
3.416563
5.169637
6.657701
7.107277
7.295019
7.988300
8.301167
8.070049
7.912520
7.995279
-0.526115
-0.883904
-0.392207
0.081476
0.597611
1.191930
1.696944
2.109413
1.595747
1.375558
-0.186791
-0.202719
2.481750
2.647848
3.277958
3.513400
2.935144
2.877944
2.749261
2.622243
2.824677
3.299354
3.906791
4.273239
4.220222
3.989337
3.954052
3.839474
3.665585
3.368858
3.022110
2.750525
2.514873
-0.752108
-5.164374
1.301610
2.526386
3.735368
4.854238
6.040775
7.108967
7.949605
8.693731
8.709443
8.155287
7.022363
4.993564
3.140234
1.576090
0.102321
-1.518018
-3.525906
-6.234070
-2.842383
-4.012558
-3.822489
-4.072436
-4.470700
-5.174253
-5.211041
-4.824451
-6.013686
-12.471884
-5.547998
-5.384903
-6.194274
9.344078
5.598698
-1.149938
-1.518677
-9.750038
-13.276296
9.696357
13.552792
4.977816
4.161967
3.109553
2.018210
0.756884
0.631664
0.875497
1.376719
1.814255
1.729295
1.330006
0.798679
1.511210
2.450844
1.999454
1.804480
1.009097
-2.068583
0.468415
0.958322
2.022444
3.176773
4.346833
5.452248
6.547059
7.984291
9.049356
9.486444
8.206426
6.386136
5.715187
4.697334
3.555104
2.839693
1.975699
1.302847
0.751450
-0.043936
-0.644694
-1.631420
-2.064728
-2.526136
-3.938647
0.478548
12.526877
12.046946
3.990263
11.906108
0.662394
8.979891
-3.621152
6.230267
-6.342851
5.861832
12.575438
11.372408
9.222015
0.230281
-0.738500
0.900958
9.145397
13.129665
12.913337
12.153036
11.151482
9.097264
7.189426
6.827962
6.117067
5.289496
4.689940
2.816534
-1.021383
-0.564244
-5.755776
-0.863988
-5.865568
-0.217104
0.910075
2.053396
3.240737
4.446975
5.547232
6.885628
8.039075
9.101167
8.814879
7.047770
5.834624
4.912374
3.561729
3.078539
2.370605
2.026448
1.332118
0.979844
0.175433
-0.244017
-0.627726
-0.767392
-2.017656
0.941888
11.498942
11.222426
12.432329
2.712487
10.962480
-0.717142
8.377264
-4.652995
8.743086
-6.954222
12.381753
10.804180
9.191239
-2.981015
-4.920301
-4.428069
-1.047880
2.164495
6.965751
7.755738
7.441551
8.610952
9.717097
10.820137
11.879245
12.710383
13.347986
13.205013
12.471039
10.373837
8.365991
6.870228
5.021327
3.962253
2.621006
1.209095
-0.036379
-1.193542
-2.249977
-7.358446
-8.845685
-9.190580
-2.293135
-3.418754
-4.651986
4.718837
1.256933
7.852196
0.726225
6.178757
1.124630
4.592739
-5.021806
5.276890
-6.076836
5.284622
-4.457842
3.742424
-3.616775
1.680282
-2.434371
1.066394
-1.061350
0.736921
-0.109388
0.796422
-0.620386
1.482325
0.177478
-1.901444
-1.034347
-1.609997
-0.341112
-0.425958
-0.642306
-0.933678
-1.418499
-1.968644
-2.388737
-2.705615
-2.796903
-2.816753
-2.803188
-2.556716
-2.733339
-2.321558
-0.940002
-0.938773
-0.715579
-0.994548
-1.191404
-0.406628
-0.246328
-0.167525
-0.340451
-0.331736
-0.297414
-0.223922
-0.192253
-0.145569
-0.118342
-0.095398
-1.148313
-0.784719
3.325094
3.097069
3.827026
4.865580
5.420014
5.643523
5.722608
5.391898
5.044684
4.547968
3.847080
2.919568
1.428880
-0.405391
-2.378601
-4.298292
-1.943345
-5.701573
-7.151515
-1.084036
-3.033277
10.301521
11.858525
13.378577
13.614033
12.297490
8.375368
7.532990
6.421244
4.309154
3.987554
-4.039537
-13.583897
-1.143256
-1.394570
-2.111335
-3.233049
-4.123300
-5.195981
-5.565098
-2.040277
-10.248698
-5.470901
10.399925
13.045726
12.263620
12.851378
11.572443
8.856520
8.489924
8.340696
7.774911
6.927820
5.449574
3.339066
-0.988470
-5.852774
2.439826
2.782467
3.637054
4.470055
5.509999
6.114314
6.525435
7.104842
7.084041
6.822371
5.766305
4.205528
2.632662
1.177853
-0.253520
-1.883854
-3.989980
-6.789149
-2.038334
-2.439189
-2.564009
-3.002125
-3.489941
-3.705504
-4.081965
-3.541546
-2.153500
-3.401558
-3.611211
-3.904585
-3.093930
-1.488726
-2.241497
-3.787634
19.454687
21.602221
20.352100
-5.697301
-5.915205
-0.351177
0.434734
1.651617
2.913735
3.975577
5.131671
6.258082
7.250819
7.903335
8.216952
8.259659
7.488945
6.207928
4.045140
2.098609
0.502625
-0.985970
-2.668814
-4.818867
-0.009457
-1.749220
-2.682903
-3.901060
-4.900040
-5.310535
-5.183973
-4.295083
-4.650653
-6.443619
-4.870431
-5.129830
-5.617730
-6.237331
-5.524376
-4.241381
-2.557958
-0.920005
-0.309924
-4.655645
-3.812256
2.288888
3.327375
4.370788
5.019256
5.854429
6.286759
6.880980
7.440239
7.663911
7.418336
6.533309
13.961646
-0.506411
-3.479825
2.093288
3.137134
4.093411
4.888865
5.583871
6.322495
6.533857
6.536031
6.500334
6.184848
5.646930
4.807228
3.698285
2.379855
1.148677
0.543865
-0.262336
-1.366876
-2.879637
0.497731
-0.747282
-0.235294
-0.008609
-0.003505
