-0.000021
-0.000039
-0.000057
-0.000075
-0.000092
-0.000109
-0.000126
-0.000142
-0.000157
-0.000173
-0.000190
-0.000206
-0.000223
-0.000240
-0.000258
-0.000275
-0.000293
-0.000310
-0.000327
-0.000344
-0.000361
-0.000379
-0.000399
-0.000419
-0.000440
-0.000462
-0.000486
-0.000510
-0.000535
-0.000559
-0.000583
-0.000606
-0.000628
-0.000650
-0.000673
-0.000696
-0.000718
-0.000737
-0.000753
-0.000775
-0.000781
-0.000826
-0.000866
-0.000894
-0.000892
-0.000837
-0.000718
-0.000003
-0.000004
0.000011
0.000022
0.000030
0.000035
0.000039
0.000041
0.000043
0.000045
0.000048
0.000050
0.000053
0.000057
0.000060
0.000064
0.000069
0.000075
0.000081
0.000089
0.000098
0.000109
0.000121
0.000136
0.000155
0.000180
0.000214
0.000255
0.000305
0.000361
0.000420
0.000481
0.000543
0.000610
0.000682
0.000758
0.000835
0.000912
0.001005
0.001016
0.000818
0.000694
0.000419
-0.000008
-0.000594
-0.001566
-0.003215
-0.005299
0.000003
0.000254
0.000630
0.000966
0.001245
0.001475
0.001672
0.001844
0.001998
0.002138
0.002268
0.002393
0.002512
0.002629
0.002745
0.002862
0.002979
0.003099
0.003220
0.003349
0.003492
0.003656
0.003795
0.003122
0.002618
0.002057
0.001468
0.000870
0.000271
-0.000325
-0.000920
-0.001521
-0.002134
-0.002767
-0.003426
-0.004111
-0.004820
-0.005549
-0.006306
-0.007103
-0.007941
-0.008817
-0.009710
-0.010567
-0.011467
-0.012363
-0.013146
-0.013868
-0.014552
-0.015256
-0.015988
-0.016694
-0.017290
-0.017587
-0.018503
-0.000034
-0.000166
-0.000259
-0.000327
-0.000372
-0.000397
-0.000408
-0.000408
-0.000401
-0.000389
-0.000374
-0.000359
-0.000345
-0.000333
-0.000327
-0.000328
-0.000339
-0.000360
-0.000402
-0.000463
-0.000535
-0.000645
-0.000873
-0.001103
-0.001474
-0.002390
-0.003546
-0.004028
-0.003396
-0.001844
0.000066
0.001719
0.003350
0.004779
0.005782
0.006549
0.007273
0.007919
0.008552
0.009165
0.009752
0.010291
0.010792
0.011280
0.011764
0.012230
0.013073
0.014677
0.016478
0.018120
0.019684
0.021287
0.022793
0.023995
0.024749
0.024961
0.024870
0.025057
0.025229
0.025372
0.025509
0.025613
0.025710
0.025742
0.025586
0.025619
0.026118
0.026756
0.027507
0.028479
0.029365
0.030087
0.030583
0.031054
0.031574
0.031901
0.031852
0.031744
0.031711
0.031672
0.031646
0.031624
0.031596
0.031515
0.031379
0.031132
0.030771
0.030424
0.030586
0.031400
0.032204
0.032757
0.033130
0.033570
0.034131
0.034456
0.034348
0.033774
0.033202
0.032668
0.032155
0.031632
0.031232
0.031108
0.031085
0.031005
0.030852
0.030794
0.031193
0.032172
0.032971
0.033302
0.033347
0.033447
0.033628
0.033665
0.033328
0.032578
0.031723
0.030949
0.030202
0.029442
0.028868
0.028638
0.028639
0.028668
0.028747
0.029004
0.029654
0.030878
0.031959
0.032672
0.033143
0.033689
0.034321
0.034744
0.034683
0.034156
0.033414
0.032760
0.032132
0.031581
0.031394
0.031675
0.032202
0.032761
0.033340
0.034057
0.034980
0.036382
0.037655
0.038606
0.039370
0.040164
0.041039
0.041781
0.042122
0.041994
0.041601
0.041270
0.040972
0.040650
0.040423
0.040385
0.040482
0.040626
0.040894
0.041383
0.042329
0.043781
0.045091
0.046029
0.046711
0.047460
0.048298
0.048843
0.048827
0.048354
0.047585
0.046899
0.046244
0.045704
0.045599
0.045984
0.046655
0.047376
0.048078
0.048844
0.049859
0.051381
0.052815
0.053957
0.054928
0.055951
0.057027
0.057936
0.058403
0.058504
0.058250
0.058017
0.057786
0.057564
0.057444
0.057514
0.057781
0.058137
0.058666
0.059368
0.060556
0.062386
0.064211
0.065791
0.067217
0.068680
0.070259
0.071632
0.072519
0.072981
0.073025
0.073096
0.073170
0.073212
0.073279
0.073456
0.073773
0.074169
0.074648
0.075277
0.076413
0.078220
0.080062
0.081679
0.083176
0.084758
0.086377
0.087726
0.088487
0.088880
0.088964
0.089059
0.089149
0.089162
0.089087
0.089037
0.089106
0.089246
0.089553
0.090016
0.091018
0.092678
0.094292
0.095622
0.096822
0.098122
0.099528
0.100617
0.101152
0.101222
0.100887
0.100571
0.100251
0.099914
0.099636
0.099526
0.099539
0.099592
0.099740
0.100055
0.100767
0.101887
0.102892
0.103676
0.104380
0.105164
0.106013
0.106708
0.106989
0.106825
0.106229
0.105637
0.105042
0.104430
0.103905
0.103586
0.103456
0.103388
0.103467
0.103765
0.104552
0.105997
0.107489
0.108789
0.109992
0.111284
0.112669
0.113808
0.114407
0.114548
0.114225
0.113904
0.113586
0.113268
0.113053
0.113049
0.113244
0.113507
0.113886
0.114453
0.115438
0.116942
0.118378
0.119554
0.120518
0.121506
0.122590
0.123486
0.123915
0.123930
0.123574
0.123280
0.123007
0.122822
0.122924
0.123411
0.124179
0.125044
0.125915
0.126875
0.127986
0.129692
0.131569
0.133126
0.134431
0.135756
0.137129
0.138248
0.138654
0.138907
0.139064
0.139278
0.139503
0.139698
0.139976
0.140408
0.141058
0.141872
0.142836
0.144045
0.145542
0.147658
0.150006
0.152045
0.153815
0.155621
0.157536
0.159162
0.159996
0.160638
0.160873
0.161170
0.161489
0.161833
0.162383
0.163207
0.164242
0.165405
0.166574
0.167875
0.169233
0.171019
0.173065
0.174923
0.176618
0.178408
0.180184
0.181754
0.182661
0.183426
0.183884
0.184378
0.184889
0.185372
0.185898
0.186588
0.187625
0.188992
0.190498
0.192226
0.194248
0.197064
0.200294
0.203383
0.206257
0.209144
0.212055
0.214755
0.216556
0.218088
0.219050
0.220026
0.221031
0.222013
0.222960
0.224024
0.225312
0.226747
0.228284
0.230018
0.231930
0.234301
0.236999
0.239491
0.241766
0.244052
0.246324
0.248477
0.250110
0.251625
0.252858
0.254083
0.255316
0.256510
0.257711
0.259065
0.260782
0.262784
0.264852
0.267094
0.269618
0.272968
0.276671
0.280167
0.283439
0.286732
0.290015
0.293048
0.295104
0.296915
0.298082
0.299224
0.300399
0.301543
0.302598
0.303690
0.305021
0.306533
0.308109
0.309938
0.312004
0.314751
0.317861
0.320893
0.323810
0.326782
0.329741
0.332536
0.334632
0.336610
0.338130
0.339600
0.341076
0.342510
0.343938
0.345487
0.347404
0.349606
0.351852
0.354256
0.357043
0.360719
0.364868
0.368964
0.372921
0.376879
0.380714
0.384319
0.386998
0.389569
0.391797
0.393960
0.396123
0.398264
0.400340
0.402589
0.405256
0.408309
0.411463
0.414713
0.418299
0.422759
0.427749
0.432760
0.437664
0.442519
0.447230
0.451781
0.455453
0.458920
0.461775
0.464559
0.467351
0.470104
0.472769
0.475550
0.478512
0.481652
0.484826
0.488074
0.491586
0.496193
0.501355
0.506271
0.510922
0.515551
0.520052
0.524049
0.526937
0.529664
0.531816
0.533882
0.535948
0.538046
0.540304
0.542967
0.545882
0.548938
0.552013
0.555145
0.558578
0.563012
0.567970
0.572743
0.577282
0.581882
0.586384
0.590295
0.593063
0.595667
0.597894
0.600064
0.602205
0.604337
0.606544
0.608972
0.611775
0.615045
0.618276
0.621572
0.625062
0.629241
0.633732
0.638079
0.642272
0.646436
0.650550
0.654533
0.657737
0.660773
0.663160
0.665475
0.667786
0.670076
0.672288
0.674621
0.677173
0.679835
0.682535
0.685341
0.688452
0.692518
0.696993
0.701173
0.705056
0.709028
0.712911
0.716421
0.718892
0.721195
0.723068
0.724901
0.726714
0.728572
0.730509
0.732746
0.735337
0.738196
0.741118
0.744164
0.747421
0.751430
0.755781
0.759982
0.764011
0.768069
0.772081
0.775859
0.778730
0.781387
0.783443
0.785467
0.787499
0.789461
0.791313
0.793264
0.795410
0.797674
0.799959
0.802396
0.805138
0.808516
0.812126
0.815397
0.818401
0.821464
0.824476
0.827300
0.829393
0.831339
0.832849
0.834338
0.835831
0.837327
0.838921
0.840816
0.842930
0.845207
0.847609
0.850208
0.853077
0.856671
0.860532
0.864191
0.867654
0.871142
0.874637
0.877997
0.880634
0.883083
0.884924
0.886711
0.888539
0.890370
0.892229
0.894306
0.896664
0.899186
0.901739
0.904430
0.907296
0.910493
0.913894
0.917088
0.920080
0.923070
0.926023
0.928872
0.931352
0.933749
0.935836
0.937874
0.939908
0.941901
0.943859
0.945996
0.948370
0.950891
0.953431
0.956124
0.959180
0.962740
0.966304
0.969544
0.972575
0.975596
0.978571
0.981445
0.983726
0.985867
0.987712
0.989481
0.991229
0.992925
0.994743
0.996870
0.999240
1.001794
1.004398
1.007159
1.010302
1.014232
1.018454
1.022468
1.026267
1.030069
1.033788
1.037383
1.040283
1.043087
1.045626
1.048076
1.050493
1.052903
1.055454
1.058329
1.061388
1.064586
1.067806
1.071100
1.074811
1.079470
1.084414
1.089073
1.093486
1.097950
1.102330
1.106250
1.109066
1.111697
1.113808
1.115842
1.117820
1.119733
1.121796
1.124144
1.126670
1.129329
1.131976
1.134673
1.137791
1.141755
1.145737
1.149216
1.152434
1.155640
1.158773
1.161677
1.163788
1.165830
1.167665
1.169348
1.171000
1.172682
1.174507
1.176701
1.179194
1.181891
1.184602
1.187420
1.190686
1.194649
1.198717
1.202552
1.206213
1.209827
1.213396
1.216862
1.219947
1.222757
1.225318
1.227793
1.230224
1.232525
1.234699
1.237008
1.239491
1.242217
1.244942
1.247767
1.251019
1.255151
1.259611
1.263853
1.267888
1.271820
1.275717
1.279453
1.283295
1.287249
1.291174
1.294967
1.298625
1.301981
1.305601
1.309580
1.313748
1.318004
1.322213
1.326365
1.330961
1.336427
1.342361
1.348315
1.354069
1.359617
1.365094
1.370395
1.375730
1.381082
1.385748
1.390300
1.394861
1.399335
1.403509
1.407480
1.411613
1.415897
1.420174
1.424445
1.428110
1.431932
1.436029
1.440003
1.443839
1.447675
1.451378
1.454991
1.458680
1.462479
1.466126
1.469625
1.473106
1.476580
1.480175
1.483915
1.487749
1.491615
1.495344
1.498925
1.503008
1.508029
1.513219
1.517969
1.522499
1.526945
1.531180
1.535268
1.538785
1.542248
1.544953
1.547533
1.550093
1.552636
1.554938
1.557003
1.559364
1.561901
1.564426
1.567072
1.569664
1.571930
1.574341
1.576734
1.578984
1.581235
1.583459
1.585615
1.587890
1.590295
1.592761
1.595148
1.597466
1.599612
1.601887
1.604894
1.608236
1.611098
1.613472
1.615733
1.618736
1.622050
1.625928
1.630394
1.635299
1.640443
1.645493
1.650374
1.654526
1.658802
1.662654
1.666462
1.670180
1.673889
1.677655
1.681491
1.685157
1.688703
1.691600
1.694218
1.697270
1.700843
1.704571
1.708186
1.711744
1.715408
1.719088
1.722426
1.725919
1.730280
1.735294
1.740382
1.745461
1.750519
1.755561
1.760609
1.765395
1.769836
1.773520
1.777240
1.781200
1.785681
1.790746
1.796109
1.801594
1.807197
1.812779
1.818135
1.822958
1.827887
1.832356
1.836872
1.841390
1.845877
1.850309
1.854684
1.858943
1.863029
1.866868
1.870846
1.874390
1.877775
1.881240
1.884287
1.887064
1.889744
1.892419
1.894948
1.897480
1.900064
1.902690
1.905373
1.908088
1.910880
1.914041
1.917724
1.921597
1.925437
1.929204
1.932943
1.937093
1.941750
1.946173
1.949838
1.953011
1.955996
1.959026
1.961924
1.964801
1.967679
1.970180
1.972659
1.975113
1.977461
1.979654
1.981886
1.984172
1.986513
1.988836
1.991249
1.994023
1.997183
1.999967
2.002095
2.003836
2.005493
2.007116
2.008623
2.009967
2.011160
2.012144
2.013184
2.014244
2.015246
2.016375
2.017961
2.019836
2.021839
2.023920
2.026118
2.028584
2.031271
2.033948
2.036425
2.038767
2.041033
2.043332
2.045477
2.047664
2.049869
2.051982
2.054131
2.056247
2.058280
2.060313
2.062598
2.065063
2.067659
2.070313
2.073127
2.076328
2.079905
2.083287
2.086354
2.089237
2.092010
2.094815
2.097503
2.100208
2.102759
2.105116
2.107490
2.109813
2.111938
2.113866
2.115978
2.118266
2.120725
2.123174
2.125612
2.128590
2.132449
2.136463
2.140165
2.143651
2.147101
2.150629
2.154004
2.157396
2.160752
2.163844
2.166970
2.170091
2.173000
2.175979
2.179193
2.182410
2.185696
2.188930
2.192170
2.195752
2.199912
2.204166
2.208041
2.211627
2.215195
2.218762
2.222086
2.224704
2.227114
2.228909
2.230602
2.232242
2.233958
2.236089
2.238631
2.241261
2.243995
2.246800
2.249794
2.253105
2.256647
2.260051
2.263260
2.266364
2.269325
2.272330
2.275203
2.278111
2.281000
2.283743
2.286550
2.289281
2.291833
2.294156
2.296669
2.299387
2.302251
2.305148
2.308162
2.311434
2.315518
2.319940
2.324018
2.327810
2.331495
2.335181
2.338767
2.341816
2.344598
2.347103
2.349603
2.352045
2.354270
2.356522
2.359032
2.361634
2.364289
2.366946
2.369688
2.372737
2.376101
2.379573
2.382668
2.385578
2.388527
2.391446
2.394239
2.396468
2.398512
2.400311
2.402117
2.403878
2.405612
2.407575
2.410007
2.412624
2.415269
2.417888
2.420596
2.423631
2.426708
2.429724
2.432383
2.434919
2.437477
2.440006
2.442402
2.444229
2.445865
2.447198
2.448553
2.449856
2.451138
2.452558
2.454366
2.456424
2.458583
2.460824
2.463285
2.465997
2.468825
2.471877
2.474769
2.477511
2.480146
2.482891
2.485521
2.488158
2.490878
2.493466
2.496078
2.498622
2.500898
2.502992
2.505216
2.507552
2.510017
2.512505
2.515110
2.517957
2.521291
2.524686
2.527648
2.530318
2.532856
2.535480
2.537993
2.540521
2.543106
2.545464
2.547806
2.550115
2.552322
2.554392
2.556725
2.559269
2.561929
2.564639
2.567448
2.570502
2.573967
2.577868
2.581460
2.584785
2.587989
2.591272
2.594391
2.597502
2.600611
2.603495
2.606399
2.609338
2.612060
2.614658
2.617438
2.620283
2.623239
2.626196
2.629193
2.632410
2.636285
2.640532
2.644481
2.648124
2.651664
2.655136
2.658455
2.661575
2.664561
2.667230
2.669864
2.672436
2.674872
2.677347
2.680163
2.683113
2.686114
2.689097
2.692131
2.695469
2.698956
2.702435
2.705439
2.708250
2.711087
2.713879
2.716550
2.719056
2.721424
2.723518
2.725610
2.727669
2.729675
2.731777
2.734220
2.736800
2.739451
2.742157
2.745021
2.748056
2.751591
2.755241
2.758489
2.761490
2.764404
2.767437
2.770330
2.773193
2.776169
2.778980
2.781824
2.784615
2.787066
2.789260
2.791610
2.794071
2.796664
2.799294
2.802042
2.805084
2.808656
2.812354
2.815617
2.818625
2.821515
2.824553
2.827495
2.830433
2.833421
2.836154
2.838894
2.841623
2.844086
2.846340
2.848750
2.851258
2.853906
2.856554
2.859250
2.862288
2.866147
2.870449
2.874542
2.878403
2.882118
2.885868
2.889468
2.893039
2.896649
2.900047
2.903437
2.906792
2.909851
2.912706
2.915719
2.918821
2.922120
2.925449
2.928859
2.932522
2.936826
2.941453
2.945805
2.949955
2.953955
2.958042
2.962007
2.965983
2.970083
2.973975
2.977813
2.981579
2.984993
2.987966
2.991007
2.994163
2.997582
3.001026
3.004516
3.008220
3.012868
3.018090
3.023089
3.027743
3.032101
3.036550
3.040907
3.045273
3.049890
3.054186
3.058313
3.062296
3.065975
3.069256
3.072617
3.076139
3.079913
3.083616
3.087305
3.091299
3.096334
3.102195
3.107822
3.113048
3.118048
3.123115
3.128025
3.132926
3.138052
3.142939
3.147667
3.152308
3.156698
3.160737
3.164914
3.169263
3.173826
3.178234
3.182586
3.187261
3.192803
3.199119
3.205234
3.210970
3.216522
3.222087
3.227407
3.232720
3.238150
3.243325
3.248382
3.253441
3.258147
3.262359
3.266563
3.270850
3.275329
3.279737
3.284153
3.288848
3.294169
3.300059
3.305723
3.310997
3.316007
3.321111
3.325992
3.330868
3.335903
3.340789
3.345568
3.350317
3.354880
3.359181
3.363707
3.368436
3.373316
3.378061
3.382781
3.387741
3.393307
3.399505
3.405466
3.411033
3.416419
3.421824
3.427013
3.432172
3.437398
3.442425
3.447355
3.452248
3.456947
3.461522
3.466371
3.471315
3.476215
3.480955
3.485636
3.490806
3.496666
3.502763
3.508028
3.512806
3.517419
3.522010
3.526479
3.530850
3.535253
3.539175
3.543072
3.546931
3.550746
3.554555
3.558557
3.562744
3.567050
3.571256
3.575499
3.580164
3.585470
3.590977
3.595640
3.599865
3.603981
3.608050
3.611991
3.615645
3.619277
3.622596
3.625858
3.628994
3.631737
3.634210
3.637012
3.639979
3.642920
3.645798
3.648712
3.652063
3.655920
3.659774
3.662860
3.665483
3.668108
3.670803
3.673416
3.675939
3.678312
3.680287
3.682253
3.684190
3.686112
3.688051
3.690142
3.692272
3.694374
3.696440
3.698565
3.701090
3.703759
3.706480
3.708815
3.710910
3.712920
3.714913
3.716814
3.718686
3.720532
3.722096
3.723693
3.725271
3.726724
3.728249
3.730220
3.732447
3.734767
3.737146
3.739656
3.742558
3.745744
3.748915
3.751817
3.754562
3.757195
3.759923
3.762633
3.765350
3.768040
3.770520
3.773038
3.775571
3.777913
3.780059
3.782473
3.785169
3.787986
3.790800
3.793705
3.797025
3.800879
3.804854
3.808468
3.811808
3.814932
3.818134
3.821327
3.824512
3.827684
3.830572
3.833456
3.836329
3.838969
3.841434
3.844134
3.847024
3.850087
3.853181
3.856265
3.859439
3.862904
3.866765
3.870523
3.874014
3.877301
3.880643
3.883959
3.887291
3.890584
3.893818
3.897074
3.900342
3.903468
3.906387
3.909396
3.912658
3.916097
3.919391
3.922693
3.926001
3.929888
3.934567
3.939199
3.943815
3.948560
3.953250
3.957736
3.962048
3.966114
3.969898
3.973609
3.977218
3.980490
3.983498
3.986626
3.989915
3.993397
3.996822
4.000261
4.003875
4.007768
4.012271
4.016479
4.020314
4.023948
4.027693
4.031295
4.034955
4.038723
4.042353
4.045978
4.049647
4.053261
4.056703
4.060108
4.063805
4.067741
4.071549
4.075445
4.079401
4.083680
4.088575
4.093463
4.098178
4.102836
4.107515
4.112102
4.116385
4.120303
4.123935
4.127565
4.131116
4.134336
4.137424
4.140676
4.144072
4.147436
4.150693
4.154016
4.157428
4.161006
4.165338
4.169741
4.173966
4.178170
4.182326
4.186323
4.190308
4.194235
4.198006
4.201848
4.205692
4.209302
4.212715
4.216417
4.220493
4.224671
4.228745
4.232882
4.237176
4.241458
4.246046
4.250503
4.254888
4.259300
4.263688
4.267961
4.272143
4.276277
4.280094
4.283932
4.287774
4.291409
4.294887
4.298554
4.302266
4.306002
4.309674
4.313377
4.317319
4.321811
4.326899
4.331644
4.336073
4.340280
4.344498
4.348566
4.352674
4.356870
4.360705
4.364465
4.368303
4.371946
4.375216
4.378690
4.382401
4.386230
4.389976
4.393707
4.397683
4.402579
4.408052
4.413040
4.417597
4.421918
4.426212
4.430541
4.434861
4.439207
4.443182
4.447142
4.450840
4.454103
4.457386
4.460806
4.464306
4.467870
4.471351
4.474937
4.478868
4.483254
4.487972
4.492378
4.496379
4.500163
4.503882
4.507685
4.511520
4.515496
4.519480
4.523524
4.527534
4.531158
4.534651
4.538401
4.542250
4.546150
4.549951
4.553839
4.557999
4.562959
4.568491
4.574046
4.579594
4.585015
4.590364
4.595576
4.600702
4.605769
4.610466
4.615164
4.619787
4.624047
4.628159
4.632489
4.636904
4.641351
4.645592
4.649920
4.654512
4.659616
4.665191
4.670394
4.674979
4.679212
4.683413
4.687597
4.691802
4.696114
4.700439
4.704788
4.709084
4.713137
4.717091
4.721304
4.725648
4.730012
4.734297
4.738665
4.743307
4.748043
4.752903
4.757473
4.761848
4.766115
4.770360
4.774539
4.778657
4.782777
4.786432
4.790078
4.793695
4.796998
4.800222
4.803718
4.807301
4.810912
4.814393
4.817968
4.821839
4.826231
4.830995
4.835388
4.839414
4.843188
4.846899
4.850634
4.854438
4.858346
4.862292
4.866284
4.870012
4.873439
4.877031
4.880922
4.884895
4.888896
4.892804
4.896763
4.900964
4.905732
4.910931
4.915951
4.920751
4.925419
4.930075
4.934744
4.939372
4.943967
4.948308
4.952692
4.957024
4.961008
4.964929
4.969114
4.973374
4.977685
4.981819
4.986105
4.990621
4.995742
5.001360
5.006648
5.011403
5.015918
5.020409
5.024899
5.029427
5.034020
5.038538
5.043129
5.047697
5.051975
5.056046
5.060397
5.064900
5.069405
5.073801
5.078282
5.083030
5.087733
5.092660
5.097295
5.101752
5.106062
5.110359
5.114624
5.118853
5.123059
5.126674
5.130287
5.133891
5.137298
5.140735
5.144409
5.148122
5.151747
5.155199
5.158729
5.162529
5.166958
5.171752
5.175979
5.179643
5.183060
5.186379
5.189816
5.193294
5.196791
5.200032
5.203283
5.206476
5.209499
5.212689
5.216110
5.219555
5.222854
5.226146
5.229546
5.233300
5.236955
5.240752
5.244132
5.247230
5.250155
5.253083
5.256012
5.259021
5.262056
5.264986
5.267968
5.271017
5.273779
5.276464
5.279470
5.282545
5.285697
5.288790
5.292007
5.295529
5.299992
5.305009
5.309529
5.313655
5.317589
5.321460
5.325382
5.329366
5.333422
5.337461
5.341548
5.345346
5.348560
5.351743
5.355210
5.358771
5.362406
5.365962
5.369555
5.373241
5.377813
5.383178
5.388281
5.392901
5.397212
5.401452
5.405736
5.410014
5.414168
5.417816
5.421503
5.425188
5.428525
5.431731
5.435153
5.438711
5.442204
5.445677
5.449195
5.452843
5.456862
5.461499
5.465747
5.469598
5.473197
5.476707
5.480248
5.483860
5.487432
5.490729
5.494046
5.497304
5.500535
5.503980
5.507656
5.511441
5.515184
5.518919
5.522693
5.526541
5.531106
5.536235
5.541116
5.545700
5.550008
5.554221
5.558383
5.562624
5.566856
5.571115
5.575435
5.579657
5.583585
5.587457
5.591642
5.595943
5.600223
5.604390
5.608660
5.612990
5.617948
5.623402
5.628615
5.633606
5.638475
5.643271
5.648106
5.652907
5.657397
5.661243
5.665197
0.000011
0.000526
0.001375
0.002224
0.003081
0.003944
0.004807
0.005666
0.006520
0.007368
0.008209
0.009045
0.009876
0.010703
0.011530
0.012358
