-0.000022
-0.000108
-0.000189
-0.000317
-0.000363
-0.000328
-0.000312
-0.000109
0.000119
0.000314
0.000487
0.000640
0.000729
0.000770
0.000744
0.000681
0.000752
0.000941
0.001212
0.001462
0.001648
0.001770
0.001732
0.001570
0.001413
0.001320
0.001286
0.001269
0.001222
0.001169
0.001228
0.001562
0.002180
0.002910
0.003547
0.004097
0.004575
0.005118
0.005586
0.005887
0.005751
0.007682
0.008092
0.010963
0.017127
0.028257
0.046143
0.000018
0.001373
0.003726
0.005409
0.006418
0.006905
0.007019
0.006822
0.006502
0.006126
0.005787
0.005434
0.004975
0.004519
0.004041
0.003402
0.002787
0.002156
0.001509
0.000948
0.000456
0.000078
-0.000162
-0.000269
-0.000325
-0.000344
-0.000326
-0.000285
-0.000216
-0.000148
-0.000086
-0.000011
-0.000016
-0.000113
-0.000135
0.000032
0.000318
0.000602
-0.000564
-0.029041
-0.056173
-0.089518
-0.124453
-0.160650
-0.196876
-0.257272
-0.373163
-0.549089
0.003163
0.045120
0.098873
0.143176
0.173236
0.192866
0.204537
0.210202
0.211490
0.209423
0.204786
0.198306
0.190227
0.180881
0.170671
0.159828
0.148563
0.137040
0.125497
0.114325
0.104118
0.095303
0.089353
0.111580
0.124266
0.125831
0.122095
0.115825
0.108542
0.101040
0.093474
0.085682
0.078327
0.072339
0.067701
0.063600
0.059284
0.054862
0.051295
0.048984
0.047518
0.046495
0.046366
0.018456
-0.031371
-0.083376
-0.140262
-0.207924
-0.280074
-0.347547
-0.410663
-0.472455
-0.534662
-0.605003
-0.768615
-0.002198
-0.017650
-0.032994
-0.043800
-0.049494
-0.051301
-0.050122
-0.046974
-0.042438
-0.036864
-0.030690
-0.024154
-0.017377
-0.010623
-0.004215
0.001687
0.006914
0.011177
0.013575
0.013969
0.013409
0.009503
-0.012412
-0.032215
-0.029949
-0.010953
0.003896
0.010051
0.015894
0.017208
0.019362
0.021072
0.033715
0.053879
0.088056
0.097228
0.096184
0.086510
0.074026
0.062317
0.049126
0.033752
0.013375
-0.015349
-0.029818
-0.036537
-0.058518
-0.089871
-0.110645
-0.120884
-0.130300
-0.155305
-0.182403
-0.196646
-0.185284
-0.116571
-0.071889
-0.048437
-0.018326
0.014799
0.046966
0.076662
0.096873
0.102857
0.103982
0.099695
0.095411
0.072555
0.045345
0.003973
-0.021672
-0.039317
-0.049928
-0.065234
-0.090215
-0.099486
-0.080281
-0.069757
-0.072436
-0.081911
-0.093611
-0.102307
-0.108204
-0.112963
-0.121963
-0.136420
-0.135733
-0.131805
-0.143538
-0.169901
-0.184811
-0.187564
-0.184760
-0.189762
-0.210057
-0.216849
-0.192497
-0.187832
-0.185884
-0.185523
-0.186074
-0.181504
-0.169727
-0.157233
-0.152081
-0.153486
-0.136622
-0.125455
-0.128404
-0.134525
-0.135967
-0.132426
-0.119939
-0.113260
-0.119189
-0.113997
-0.099424
-0.099198
-0.101161
-0.104300
-0.100426
-0.085275
-0.074668
-0.076875
-0.084769
-0.096729
-0.093799
-0.100096
-0.122127
-0.148458
-0.165466
-0.165891
-0.156183
-0.155946
-0.168361
-0.165817
-0.149742
-0.148945
-0.145231
-0.143085
-0.132889
-0.115870
-0.094507
-0.085179
-0.087157
-0.093479
-0.084551
-0.086741
-0.102603
-0.119634
-0.129542
-0.133141
-0.131206
-0.137267
-0.155048
-0.162176
-0.158901
-0.166297
-0.168145
-0.171528
-0.171081
-0.161432
-0.144634
-0.128641
-0.121222
-0.118601
-0.105492
-0.101344
-0.120025
-0.139496
-0.151729
-0.154948
-0.148524
-0.149976
-0.162911
-0.157393
-0.138298
-0.134235
-0.129655
-0.123251
-0.108072
-0.088296
-0.068496
-0.068279
-0.080041
-0.098259
-0.098228
-0.102639
-0.117701
-0.132470
-0.140525
-0.144906
-0.144787
-0.153989
-0.173917
-0.180712
-0.176603
-0.182122
-0.180120
-0.178702
-0.168475
-0.147520
-0.120981
-0.097828
-0.085842
-0.080707
-0.066247
-0.058406
-0.073997
-0.089136
-0.101313
-0.119704
-0.132054
-0.150321
-0.181192
-0.195382
-0.198301
-0.203761
-0.201452
-0.200657
-0.193767
-0.174976
-0.150769
-0.129478
-0.119107
-0.115869
-0.100615
-0.089343
-0.097636
-0.106353
-0.118885
-0.137119
-0.148915
-0.170389
-0.201270
-0.212776
-0.213272
-0.216147
-0.214114
-0.213341
-0.207456
-0.192394
-0.168971
-0.147553
-0.137547
-0.134310
-0.123497
-0.114878
-0.128783
-0.146614
-0.163537
-0.183780
-0.197778
-0.221031
-0.256943
-0.267393
-0.260171
-0.262963
-0.261980
-0.263208
-0.259478
-0.245038
-0.219499
-0.195988
-0.182706
-0.176590
-0.160209
-0.149263
-0.158196
-0.166917
-0.169127
-0.175511
-0.179655
-0.192883
-0.216272
-0.226156
-0.223052
-0.226219
-0.224217
-0.225068
-0.219562
-0.203419
-0.179270
-0.156399
-0.145912
-0.143904
-0.129139
-0.116772
-0.127097
-0.139258
-0.151077
-0.165530
-0.174562
-0.193391
-0.222737
-0.232532
-0.226242
-0.227030
-0.221470
-0.215305
-0.202127
-0.176837
-0.146835
-0.121414
-0.109284
-0.105701
-0.089936
-0.076097
-0.087105
-0.100954
-0.111618
-0.120448
-0.121753
-0.127288
-0.142692
-0.141872
-0.128136
-0.123866
-0.120738
-0.112186
-0.095763
-0.069143
-0.051821
-0.052884
-0.059736
-0.078249
-0.086941
-0.088578
-0.097099
-0.108829
-0.122991
-0.130721
-0.131863
-0.137350
-0.154441
-0.154190
-0.132454
-0.122431
-0.123395
-0.115634
-0.103693
-0.081010
-0.057869
-0.048377
-0.045793
-0.053169
-0.052932
-0.048509
-0.067018
-0.089552
-0.118754
-0.143298
-0.157381
-0.176441
-0.206051
-0.213284
-0.196549
-0.183369
-0.192577
-0.197144
-0.194809
-0.184973
-0.165562
-0.156187
-0.156721
-0.166226
-0.164759
-0.157654
-0.160854
-0.158323
-0.158082
-0.160156
-0.161620
-0.173004
-0.192282
-0.194553
-0.173207
-0.164846
-0.156579
-0.139076
-0.114502
-0.078252
-0.048086
-0.028330
-0.019974
-0.028310
-0.031183
-0.026025
-0.036329
-0.046034
-0.066530
-0.089666
-0.104994
-0.125481
-0.153416
-0.166935
-0.159741
-0.153281
-0.148398
-0.135165
-0.119835
-0.098552
-0.071127
-0.051440
-0.043632
-0.048748
-0.048102
-0.042873
-0.049702
-0.051428
-0.062479
-0.077941
-0.089233
-0.102223
-0.122404
-0.128012
-0.114546
-0.114387
-0.120900
-0.109215
-0.090530
-0.061113
-0.039067
-0.026249
-0.026175
-0.042884
-0.051519
-0.043574
-0.046069
-0.053545
-0.075931
-0.103805
-0.124285
-0.147528
-0.178034
-0.193948
-0.190034
-0.188875
-0.193634
-0.187202
-0.176562
-0.158306
-0.132134
-0.110588
-0.100414
-0.103664
-0.098382
-0.084628
-0.080144
-0.077670
-0.084723
-0.100726
-0.112984
-0.130661
-0.156131
-0.164721
-0.148300
-0.143361
-0.139894
-0.118014
-0.089342
-0.051496
-0.018379
-0.005501
-0.008209
-0.027899
-0.039439
-0.032693
-0.026870
-0.021596
-0.033948
-0.057211
-0.074742
-0.093670
-0.116911
-0.124036
-0.103537
-0.098124
-0.087533
-0.056590
-0.015724
0.033768
0.069102
0.089737
0.089939
0.069884
0.053974
0.052390
0.057920
0.061936
0.042131
0.009622
-0.015344
-0.039871
-0.067614
-0.085595
-0.086767
-0.092473
-0.089388
-0.066414
-0.036946
-0.006163
0.021070
0.042301
0.043939
0.026922
0.015386
0.016307
0.024637
0.035022
0.019163
-0.013483
-0.037276
-0.056453
-0.080866
-0.095899
-0.084887
-0.080771
-0.072305
-0.042818
-0.000002
0.035974
0.049173
0.054563
0.041283
0.009993
-0.011499
-0.013441
-0.014795
-0.015953
-0.042892
-0.078006
-0.102915
-0.131236
-0.169313
-0.180691
-0.161921
-0.153307
-0.134430
-0.102414
-0.056957
0.001412
0.056894
0.102787
0.119054
0.105872
0.083402
0.073727
0.065312
0.058974
0.035414
0.006309
-0.012625
-0.035504
-0.065573
-0.087189
-0.093489
-0.103959
-0.104718
-0.086111
-0.060673
-0.031737
-0.004303
0.009598
0.003964
-0.020985
-0.036700
-0.035065
-0.034688
-0.033479
-0.055186
-0.087651
-0.109522
-0.136945
-0.171994
-0.185488
-0.169568
-0.162828
-0.146659
-0.116607
-0.073806
-0.025958
0.012161
0.043660
0.055087
0.044215
0.031490
0.031234
0.028008
0.025789
0.002596
-0.030013
-0.053439
-0.083153
-0.120588
-0.142658
-0.140714
-0.141571
-0.138304
-0.118700
-0.091148
-0.065561
-0.039676
-0.024494
-0.026377
-0.044135
-0.050682
-0.045114
-0.046681
-0.046722
-0.060687
-0.081900
-0.097326
-0.116710
-0.143735
-0.154802
-0.142206
-0.137964
-0.135705
-0.119760
-0.095107
-0.064072
-0.031590
-0.002888
0.009305
0.003533
0.002742
0.011815
0.016224
0.013470
-0.004439
-0.029212
-0.044483
-0.061811
-0.087492
-0.100645
-0.091626
-0.086882
-0.089279
-0.070290
-0.041069
-0.011141
0.016656
0.027529
0.019903
-0.004664
-0.018226
-0.015759
-0.015481
-0.007212
-0.013311
-0.028544
-0.037985
-0.049254
-0.067396
-0.072037
-0.060770
-0.065070
-0.069539
-0.056165
-0.032948
-0.011317
0.008669
0.019149
0.012110
-0.011389
-0.022714
-0.018919
-0.017360
-0.011014
-0.016515
-0.034661
-0.048993
-0.062744
-0.081626
-0.086533
-0.068651
-0.063269
-0.066178
-0.049437
-0.020449
0.001353
0.019252
0.034694
0.033294
0.016975
0.010362
0.015861
0.022354
0.030469
0.018140
-0.006642
-0.023888
-0.039416
-0.058411
-0.063993
-0.045738
-0.044160
-0.049955
-0.032382
0.000321
0.026912
0.037699
0.044691
0.031692
-0.000626
-0.023644
-0.026780
-0.025506
-0.020787
-0.036616
-0.067654
-0.092551
-0.118419
-0.151778
-0.163863
-0.145589
-0.127823
-0.123746
-0.099870
-0.060745
-0.030714
-0.020176
-0.013228
-0.022606
-0.050117
-0.069530
-0.065584
-0.054428
-0.043663
-0.050015
-0.069166
-0.078635
-0.086761
-0.100947
-0.098061
-0.065802
-0.051802
-0.043520
-0.015136
0.024272
0.063015
0.079834
0.087602
0.076170
0.047044
0.027333
0.030286
0.037627
0.050156
0.047541
0.026432
0.010638
-0.000920
-0.017378
-0.022053
-0.010214
-0.004165
-0.019519
-0.020151
-0.003559
0.024669
0.050641
0.073924
0.079773
0.069670
0.064708
0.068161
0.078804
0.095997
0.095041
0.075496
0.060068
0.052943
0.041352
0.040845
0.046216
0.016498
-0.032572
-0.056134
-0.063464
-0.056011
-0.052334
-0.051732
-0.065819
-0.098843
-0.130912
-0.132831
-0.128998
-0.120466
-0.131120
-0.148165
-0.149416
-0.158288
-0.189445
-0.197895
-0.193406
-0.178492
-0.146696
-0.100226
-0.040879
0.034971
0.092536
0.106423
0.077111
0.030938
-0.011996
-0.040630
-0.039062
-0.034003
-0.036620
-0.045940
-0.052216
-0.066970
-0.085223
-0.095955
-0.099553
-0.120623
-0.149468
-0.147698
-0.129123
-0.113911
-0.110413
-0.112239
-0.131644
-0.175687
-0.216401
-0.228222
-0.221474
-0.203248
-0.197664
-0.217833
-0.226793
-0.245563
-0.264552
-0.270668
-0.263905
-0.237087
-0.215457
-0.183088
-0.135124
-0.070613
-0.013273
0.005920
0.004523
-0.008241
-0.012656
-0.003667
0.003084
0.018028
0.027040
0.022323
0.023381
0.023331
0.020378
0.027080
0.046244
0.034375
0.005780
-0.004174
0.002051
0.026819
0.032361
0.028633
0.000508
-0.049340
-0.109742
-0.169380
-0.215352
-0.242427
-0.253956
-0.258937
-0.289284
-0.347607
-0.421256
-0.459019
-0.411695
-0.297326
-0.210539
-0.132504
-0.036963
0.082853
0.193031
0.269555
0.309580
0.338779
0.323043
0.284838
0.247762
0.234706
0.245182
0.262167
0.279291
0.292741
0.306523
0.303724
0.310138
0.294255
0.245487
0.196027
0.162190
0.148865
0.135541
0.109667
0.064356
-0.009685
-0.149990
-0.234758
-0.286738
-0.310620
-0.310614
-0.313166
-0.334215
-0.385987
-0.465942
-0.507350
-0.478713
-0.425941
-0.398359
-0.362120
-0.320679
-0.271322
-0.219477
-0.174818
-0.158254
-0.154901
-0.182718
-0.200536
-0.190359
-0.158911
-0.128565
-0.107701
-0.083776
-0.057449
-0.037559
-0.018236
0.012414
0.017632
0.006296
0.018108
0.046241
0.073265
0.090901
0.101040
0.083568
0.041338
0.011368
-0.005690
-0.018430
-0.020396
-0.026327
-0.037530
-0.042357
-0.044957
-0.060201
-0.068157
-0.068180
-0.083211
-0.105690
-0.107984
-0.100343
-0.089690
-0.077287
-0.067621
-0.076145
-0.102520
-0.113290
-0.101547
-0.091469
-0.081278
-0.083264
-0.091259
-0.090970
-0.090889
-0.097201
-0.088179
-0.064059
-0.052960
-0.048243
-0.041243
-0.018293
0.004701
0.028289
0.047910
0.046503
0.029556
0.024175
0.034399
0.035773
0.038924
0.037596
0.032302
0.030027
0.035899
0.031856
0.041053
0.051975
0.038490
0.011929
-0.001325
0.002243
0.015378
0.031241
0.045628
0.038716
0.013096
0.002569
0.015378
0.023996
0.039591
0.048100
0.038280
0.025649
0.021590
0.009470
0.011501
0.017361
0.018128
-0.002618
-0.021075
-0.019057
0.003487
0.028469
0.047695
0.047995
0.035308
0.030282
0.027800
0.029064
0.039692
0.035872
0.012119
-0.008063
-0.019110
-0.041583
-0.048389
-0.050905
-0.070570
-0.102657
-0.128379
-0.140520
-0.134150
-0.116379
-0.105556
-0.112870
-0.134190
-0.140760
-0.124536
-0.112819
-0.097312
-0.087102
-0.095641
-0.113085
-0.128501
-0.154442
-0.167715
-0.158540
-0.147086
-0.132978
-0.106224
-0.063954
-0.022612
0.012368
0.046491
0.059162
0.052435
0.060206
0.083961
0.097714
0.113740
0.123828
0.118447
0.114342
0.120290
0.114881
0.114197
0.119489
0.104829
0.071397
0.043691
0.032517
0.043194
0.059792
0.075098
0.073873
0.044348
0.025756
0.028167
0.036430
0.049639
0.049195
0.024562
0.001765
-0.014225
-0.036923
-0.049797
-0.040915
-0.041817
-0.052236
-0.059660
-0.045351
-0.015264
-0.002261
0.004383
-0.005678
-0.041103
-0.067042
-0.074769
-0.084414
-0.079749
-0.073316
-0.084087
-0.089230
-0.093392
-0.104150
-0.106026
-0.075173
-0.052829
-0.049243
-0.044740
-0.022446
-0.000490
-0.001245
-0.006203
-0.027883
-0.072681
-0.107486
-0.122772
-0.131358
-0.133000
-0.138348
-0.155077
-0.165480
-0.175045
-0.189642
-0.193538
-0.166025
-0.144162
-0.132694
-0.124017
-0.099538
-0.061250
-0.023146
0.008771
0.025817
0.020462
0.024099
0.034925
0.041219
0.049772
0.051968
0.049164
0.051354
0.058877
0.050612
0.048532
0.055801
0.037688
0.007571
-0.013908
-0.021714
-0.011256
0.004684
0.017584
0.015819
-0.010387
-0.024470
-0.018960
-0.005443
0.009429
0.013546
-0.001869
-0.010904
-0.011341
-0.022478
-0.024143
-0.011690
-0.006661
-0.016682
-0.032059
-0.030211
-0.007231
0.020764
0.041021
0.044804
0.026630
0.018707
0.024611
0.028802
0.047038
0.056712
0.040128
0.024915
0.019583
0.001172
-0.007999
-0.009470
-0.026057
-0.053610
-0.080613
-0.090108
-0.075443
-0.051848
-0.035124
-0.035735
-0.058419
-0.065240
-0.055107
-0.043194
-0.024797
-0.015952
-0.024422
-0.027464
-0.029586
-0.040412
-0.042630
-0.025684
-0.017533
-0.025404
-0.031110
-0.016617
0.011100
0.019297
0.018764
0.000495
-0.043339
-0.077276
-0.094013
-0.107933
-0.108476
-0.104335
-0.112725
-0.117583
-0.124460
-0.136770
-0.140112
-0.121512
-0.106846
-0.099688
-0.096414
-0.078522
-0.045765
-0.014615
0.013750
0.026611
0.015342
0.014487
0.027999
0.034748
0.043631
0.052247
0.045838
0.041514
0.043383
0.030361
0.023704
0.026672
0.011805
-0.014707
-0.039576
-0.046683
-0.030133
-0.005777
0.015185
0.021941
0.003504
-0.001641
0.011020
0.029527
0.045269
0.047608
0.034248
0.022929
0.020363
0.004063
-0.004641
-0.002671
-0.010531
-0.032428
-0.055907
-0.063257
-0.047134
-0.020558
0.000397
0.006409
-0.011834
-0.014080
-0.003525
0.002727
0.023261
0.042838
0.038948
0.027297
0.018919
-0.000663
-0.009886
-0.007852
-0.020898
-0.041005
-0.062056
-0.065648
-0.046093
-0.019243
0.005071
0.014034
-0.004071
-0.007208
0.007235
0.032793
0.063097
0.076764
0.071142
0.068234
0.070771
0.061088
0.056755
0.062159
0.049707
0.029565
0.018799
0.021762
0.039613
0.059376
0.079479
0.084707
0.054434
0.038173
0.041954
0.056170
0.083228
0.103348
0.090230
0.076763
0.072735
0.056235
0.048203
0.046873
0.030248
0.004092
-0.002186
0.007633
0.025964
0.038605
0.048394
0.041310
0.003559
-0.019382
-0.022472
-0.015632
0.006051
0.034401
0.033383
0.028401
0.029876
0.020190
0.016945
0.023402
0.013470
-0.004400
0.000122
0.024671
0.045847
0.052021
0.055855
0.040615
-0.008795
-0.042759
-0.059644
-0.069444
-0.057185
-0.023602
-0.012841
-0.017656
-0.021947
-0.040823
-0.050694
-0.047034
-0.056810
-0.058891
-0.042364
-0.013128
0.015717
0.032885
0.048634
0.045114
0.008131
-0.016997
-0.023151
-0.021171
-0.001933
0.033257
0.042678
0.037247
0.038867
0.024332
0.018087
0.024093
0.012541
0.004436
0.016469
0.047312
0.074373
0.084629
0.090458
0.073214
0.017455
-0.026483
-0.048369
-0.060464
-0.048008
-0.015362
-0.007225
-0.015575
-0.023525
-0.043665
-0.057132
-0.058026
-0.075410
-0.084166
-0.071726
-0.047702
-0.020092
-0.017972
-0.021781
-0.048557
-0.108748
-0.163822
-0.198509
-0.230614
-0.234132
-0.208921
-0.204050
-0.222614
-0.237410
-0.257132
-0.271163
-0.273758
-0.275017
-0.267343
-0.255937
-0.232115
-0.194241
-0.163788
-0.137364
-0.122648
-0.134766
-0.139822
-0.127842
-0.105724
-0.076123
-0.058076
-0.064019
-0.067815
-0.062706
-0.068323
-0.075470
-0.072117
-0.068740
-0.066134
-0.062764
-0.051866
-0.024434
-0.018831
-0.023375
-0.046147
-0.098049
-0.142652
-0.172360
-0.198517
-0.209598
-0.199794
-0.193469
-0.204060
-0.231672
-0.265763
-0.288512
-0.290593
-0.272824
-0.269300
-0.272809
-0.266703
-0.244941
-0.216202
-0.195563
-0.191455
-0.194688
-0.189784
-0.175831
-0.170782
-0.155797
-0.124475
-0.104264
-0.098014
-0.094937
-0.096006
-0.090094
-0.066705
-0.048595
-0.031542
-0.027280
-0.019467
0.007565
0.033855
0.053908
0.061886
0.039676
0.028100
0.033617
0.035735
0.039988
0.049455
0.047013
0.042054
0.046019
0.038469
0.032918
0.038867
0.041753
0.034274
0.015347
0.006545
0.021241
0.049894
0.072751
0.079286
0.054277
0.042567
0.047928
0.049429
0.063066
0.086845
0.085719
0.069890
0.066569
0.051769
0.039599
0.035993
0.024433
0.011118
-0.001610
-0.003995
0.016375
0.044676
0.069543
0.078569
0.054276
0.043702
0.051480
0.058867
0.076937
0.102656
0.104874
0.098913
0.102412
0.098904
0.093827
0.100405
0.103333
0.080225
0.047576
0.028342
0.020480
0.025841
0.016315
-0.008722
-0.060278
-0.103641
-0.126674
-0.149072
-0.154661
-0.134435
-0.127299
-0.135968
-0.148856
-0.169457
-0.189709
-0.187882
-0.177747
-0.165455
-0.148620
-0.118622
-0.079138
-0.058575
-0.040268
-0.029336
-0.049442
-0.068051
-0.071795
-0.069081
-0.052087
-0.010782
0.006586
0.007878
0.019160
0.022724
0.026573
0.044763
0.065017
0.060849
0.049531
0.050144
0.068558
0.088613
0.083776
0.066551
0.010433
-0.037369
-0.060214
-0.082586
-0.090618
-0.068039
-0.057728
-0.065889
-0.086118
-0.113305
-0.140378
-0.146369
-0.146549
-0.147718
-0.142787
-0.132038
-0.107241
-0.087390
-0.068684
-0.065235
-0.092654
-0.124189
-0.134881
-0.149312
-0.132063
-0.087925
-0.062733
-0.053594
-0.046016
-0.042418
-0.040871
-0.024098
-0.011100
-0.003734
0.003069
0.014688
0.023950
0.024553
0.018613
0.001094
-0.052627
-0.105696
-0.138807
-0.169224
-0.179498
-0.163425
-0.160444
-0.174690
-0.188149
-0.206447
-0.222699
-0.225891
-0.221116
-0.216914
-0.213418
-0.194383
-0.163151
-0.130105
-0.095161
-0.068839
-0.074779
-0.076921
-0.063729
-0.031833
0.009649
0.044776
0.051115
0.059224
0.079248
0.088824
0.093783
0.106734
0.116798
0.101149
0.068880
0.049776
0.053697
0.069893
0.087920
0.089276
0.047594
0.021868
0.007280
-0.000657
0.018417
0.047514
0.042041
0.022120
0.013573
-0.006149
-0.026243
-0.041756
-0.068025
-0.079750
-0.085158
-0.078454
-0.054679
-0.013654
0.027194
0.046656
0.028198
0.015337
0.020826
0.042673
0.072616
0.097749
0.092294
0.086900
0.090704
0.089833
0.085665
0.082125
0.055622
0.019103
-0.009999
-0.020924
-0.008166
-0.000308
0.003203
-0.011645
-0.064573
-0.103831
-0.123976
-0.131599
-0.118163
-0.100806
-0.112659
-0.134357
-0.149698
-0.170590
-0.186576
-0.189663
-0.196285
-0.188964
-0.178874
-0.159364
-0.122751
-0.079425
-0.037707
-0.017817
-0.039623
-0.057890
-0.052607
-0.035861
0.001473
0.046928
0.049667
0.043980
0.053642
0.053010
0.051335
0.054863
0.038084
0.018201
0.009338
0.015386
0.036175
0.038755
0.035114
0.010619
-0.047961
-0.097967
-0.125715
-0.141116
-0.141909
-0.121651
-0.129912
-0.147290
-0.160887
-0.180355
-0.195693
-0.199860
-0.199841
-0.186827
-0.176749
-0.158296
-0.121364
-0.076941
-0.032789
-0.007634
-0.016578
-0.025064
-0.011558
0.015419
0.052320
0.088572
0.088241
0.084216
0.096102
0.100060
0.098586
0.099853
0.078066
0.044523
0.027178
0.035195
0.055107
0.073150
0.087599
0.079030
0.029570
-0.012541
-0.036438
-0.048684
-0.036741
-0.008670
-0.008290
-0.020808
-0.031000
-0.050038
-0.068838
-0.081418
-0.102448
-0.112292
-0.115612
-0.107156
-0.079411
-0.044121
-0.008602
0.006178
-0.019459
-0.043067
-0.042757
-0.027691
0.010200
0.043756
0.037352
0.038223
0.052201
0.055317
0.055904
0.061265
0.050570
0.031862
0.020614
0.025802
0.046564
0.046686
0.041357
0.013457
-0.048667
-0.102882
-0.135759
-0.158450
-0.150204
-0.121783
-0.125810
-0.141856
-0.150919
-0.166463
-0.180180
-0.185088
-0.183570
-0.171644
-0.158792
-0.134294
-0.097303
-0.064356
-0.035473
-0.026992
-0.046425
-0.071229
-0.074669
-0.069897
-0.044068
-0.008208
-0.012030
-0.025669
-0.025573
-0.027748
-0.036718
-0.040292
-0.049465
-0.055673
-0.062747
-0.051386
-0.019438
0.008082
0.032486
0.037792
0.015761
-0.009713
-0.015478
-0.008121
0.010141
0.022159
0.024856
0.030586
0.039974
0.038786
0.033531
0.037673
0.039154
0.028116
0.006673
-0.007787
0.002733
0.028307
0.053448
0.065065
0.039888
0.024360
0.028469
0.049803
0.082375
0.093374
0.079976
0.079983
0.088424
0.089354
0.086408
0.088662
0.076578
0.048587
0.015074
0.008124
0.023352
0.047732
0.068249
0.066731
0.023105
-0.002352
-0.009634
-0.019069
0.006026
0.041303
0.038392
0.022047
0.016378
0.002744
-0.012506
-0.024829
-0.043050
-0.043312
-0.044228
-0.034642
-0.007362
0.014647
0.033048
0.029695
0.001152
-0.025901
-0.035156
-0.031341
-0.005431
0.026469
0.032350
0.029888
0.038270
0.040285
0.036973
0.037090
0.024631
0.018575
0.023476
0.034359
0.053499
0.075820
0.097019
0.095520
0.064435
0.039842
0.035167
0.034809
0.054511
0.084021
0.089140
0.083994
0.089172
0.085086
0.076825
0.075148
0.060597
0.042953
0.022993
0.013353
0.026603
0.043849
0.054671
0.045285
0.001888
-0.032491
-0.043935
-0.065760
-0.073711
-0.057372
-0.061716
-0.076749
-0.090842
-0.116003
-0.140226
-0.149931
-0.153479
-0.139076
-0.124172
0.000051
-0.005008
-0.012966
-0.018271
-0.019850
-0.019241
-0.017633
-0.016053
-0.015256
-0.015649
-0.017593
-0.021247
-0.026757
-0.034213
-0.043400
-0.054270
