0.008804
0.125019
0.287645
0.364513
0.001822
0.032602
0.054200
0.042087
0.024867
0.018259
0.020745
0.021020
0.009438
-0.009716
-0.016218
0.284074
0.147724
-0.002822
-0.078402
-0.115492
-0.163202
-0.190899
-0.210449
-0.082405
-0.063220
0.326599
1.966602
5.807529
9.680912
13.957467
3.729813
7.716981
6.302169
0.342389
-4.013743
-5.356938
-4.585461
-4.066682
-4.142339
-4.557408
-4.584342
-4.133287
-3.299450
-2.427263
-1.618298
-0.981922
-0.505401
-0.214274
-0.049412
0.027684
0.054597
0.038195
-0.018314
-0.127099
-0.215104
-0.388426
0.132278
0.198709
-0.016041
-0.004688
-0.006094
0.003302
0.025587
0.021098
0.054192
0.044465
0.027311
0.014286
0.012321
0.005826
-0.001320
-0.019749
-0.024584
-0.053163
-0.051093
3.785995
2.550042
-0.343537
-2.295015
-2.117555
-1.100320
-0.338534
-0.080253
-0.143735
-0.212757
-0.246218
-0.190781
-0.326915
-0.324919
-0.163463
0.104582
0.348495
0.488179
0.506393
0.455056
0.279454
0.005858
-0.167639
-0.313666
-0.485482
-0.555126
-0.582868
-0.065927
