1.923290
0.000000
42.592335
34.014133
23.369709
22.332247
26.987488
28.375050
28.493006
26.787552
26.516708
24.192877
18.818268
12.805001
12.221120
0.000000
0.000000
0.000000
0.000000
0.000000
0.000000
0.000000
0.000000
0.000000
0.000000
0.000000
0.000000
0.000000
0.000000
0.000000
0.000000
0.000000
0.000000
0.000000
0.000000
0.000000
54.917744
74.582100
65.264122
64.483315
45.479420
43.352386
47.683083
62.337059
74.668221
85.754112
88.734428
90.301003
90.132980
80.026871
71.037750
60.625900
48.033848
38.607029
0.000000
0.000000
0.000000
0.000000
0.000000
0.000000
0.000000
0.000000
0.000000
0.000000
0.000000
0.000000
0.000000
0.000000
0.000000
0.000000
0.000000
0.000000
0.000000
0.000000
0.000000
0.000000
0.000000
0.000000
0.000000
0.000000
0.000000
0.000000
0.000000
12.192266
46.084469
38.051117
56.418499
11.434731
17.831066
51.538460
83.000954
101.329514
105.864281
102.072006
87.113396
71.679161
49.985611
24.100559
0.000000
0.000000
0.000000
0.000000
0.000000
