0.000000
0.942113
1.008833
1.126906
2.448236
4.317197
5.341361
7.969448
11.103455
14.308684
17.303259
19.902828
21.505720
21.752245
20.921921
19.547264
16.327904
16.773161
16.556313
16.461264
17.684511
21.197231
20.650345
19.710110
17.300751
14.189683
9.720594
3.417767
1.123708
0.856342
-2.183554
-2.632690
-5.157163
-5.217364
-4.549619
-1.411831
0.287835
1.050395
1.277513
1.277264
0.614139
0.152657
-0.060376
-0.246058
-0.466965
-0.648056
-0.784306
-0.869792
-0.916261
-0.924746
-0.870753
-0.753580
-0.578359
-0.340326
-0.111663
-0.334260
5.872571
0.000000
26.578682
30.235020
31.517803
31.895435
31.995274
32.115650
32.089725
29.636059
22.465961
16.588858
15.272369
16.225794
16.824184
16.084450
14.661654
12.376917
8.951582
0.106642
-1.298570
-1.136329
-1.015482
-0.342120
0.361245
0.917759
1.237823
1.193877
0.756302
0.401722
-0.336050
-0.206066
-0.205102
-0.416415
-0.707248
-0.861170
-0.920923
-0.937834
-0.648417
-0.123705
0.389896
0.927449
0.923164
0.698898
-0.522288
0.000000
22.191799
