0.000034
0.000044
0.000020
-0.000138
-0.000198
-0.000194
-0.000008
0.000161
0.000222
0.000134
-0.000034
-0.000191
0.011632
0.032559
0.030243
0.010131
0.004175
0.002380
0.004018
0.013085
0.023124
0.031066
0.038336
0.004358
-0.038252
-0.067659
-0.083200
-0.073272
-0.051902
-0.025785
-0.006178
0.004457
0.022562
0.037818
0.019252
-0.001700
-0.010640
-0.029468
-0.041700
-0.044107
-0.041042
-0.032368
-0.024625
-0.054926
-0.092089
-0.098897
-0.099513
-0.093275
-0.073323
-0.052234
-0.033946
-0.029746
-0.013084
-0.001425
-0.019172
-0.050003
-0.064205
-0.075434
-0.074685
-0.063950
-0.057494
-0.050159
-0.036196
-0.050094
-0.081590
-0.090872
-0.084682
-0.068194
-0.039994
-0.014462
0.002565
0.009672
0.019972
0.028925
0.002263
-0.028085
-0.043506
-0.067018
-0.079797
-0.078069
-0.070758
-0.060372
-0.045055
-0.069423
-0.104041
-0.110230
-0.108612
-0.097523
-0.070551
-0.044996
-0.025890
-0.010986
0.011624
0.033223
0.022212
-0.000869
-0.015084
-0.031720
-0.038722
-0.034908
-0.027212
-0.016468
-0.001344
-0.021809
-0.054221
-0.056981
-0.061424
-0.063105
-0.047432
-0.031118
-0.020631
-0.014178
0.002365
0.018953
0.002995
-0.021848
-0.036249
-0.052895
-0.059304
-0.054167
-0.044566
-0.032378
-0.016235
-0.038125
-0.070911
-0.073765
-0.078783
-0.079975
-0.063747
-0.046844
-0.033738
-0.022405
-0.001241
0.019790
0.008883
-0.011884
-0.023937
-0.037707
-0.042204
-0.035182
-0.024031
-0.010321
0.007250
-0.013374
-0.045598
-0.046946
-0.053591
-0.058555
-0.045812
-0.031804
-0.020943
-0.012128
0.007528
0.029118
0.018278
-0.001820
-0.013056
-0.027212
-0.030670
-0.022980
-0.011462
0.002700
0.020773
0.001301
-0.030844
-0.033444
-0.041546
-0.046646
-0.033958
-0.019887
-0.008374
0.001449
0.022326
0.045390
0.037399
0.018067
0.006318
-0.008628
-0.013875
-0.005568
0.006636
0.021833
0.040847
0.022190
-0.010085
-0.013239
-0.022946
-0.031837
-0.022817
-0.011740
-0.003160
0.003810
0.023015
0.044591
0.035445
0.016122
0.004586
-0.009744
-0.014371
-0.004393
0.009963
0.028052
0.049764
0.033135
0.001577
-0.003338
-0.012073
-0.019326
-0.009346
0.002521
0.010981
0.017282
0.035622
0.057216
0.048641
0.029884
0.018831
0.003496
-0.000986
0.009285
0.023716
0.041453
0.063439
0.045868
0.014032
0.010322
0.000022
-0.008900
0.000021
0.011034
0.019891
0.024509
0.043745
0.067229
0.060547
0.040857
0.027813
0.011112
0.004859
0.015507
0.031543
0.050680
0.073974
0.058847
0.026463
0.020777
0.006786
-0.007554
-0.003890
0.003038
0.009491
0.013987
0.033642
0.058193
0.052338
0.035280
0.024558
0.009909
0.007261
0.020422
0.038303
0.058813
0.083479
0.069508
0.037522
0.027437
0.012704
-0.000987
0.002706
0.009497
0.015843
0.021341
0.041051
0.066067
0.061685
0.045776
0.036687
0.022864
0.019104
0.031595
0.049372
0.070082
0.094979
0.080705
0.049123
0.044305
0.029395
0.014018
0.016677
0.023042
0.029697
0.033221
0.053642
0.080239
0.077282
0.060760
0.049834
0.034288
0.029265
0.041572
0.060139
0.082705
0.109320
0.097592
0.066165
0.056018
0.039136
0.023358
0.024429
0.029119
0.034111
0.037398
0.057793
0.084392
0.082317
0.069243
0.060845
0.045677
0.041470
0.054398
0.073165
0.095559
0.122802
0.109672
0.078412
0.068589
0.051463
0.035571
0.036696
0.040979
0.046754
0.048147
0.069359
0.098011
0.097318
0.082280
0.072029
0.055685
0.049976
0.062735
0.081865
0.104608
0.132320
0.121422
0.090084
0.082431
0.061932
0.041305
0.037902
0.039065
0.044223
0.045741
0.068989
0.101134
0.103965
0.091620
0.082523
0.066949
0.062916
0.077020
0.097400
0.121018
0.150465
0.141958
0.110287
0.098783
0.077180
0.057303
0.053990
0.055181
0.060208
0.061598
0.084435
0.116573
0.119374
0.107020
0.097906
0.081216
0.074862
0.087261
0.106260
0.129128
0.156717
0.147537
0.116069
0.107543
0.083397
0.060339
0.054451
0.053434
0.056961
0.055221
0.077461
0.109226
0.111569
0.098208
0.088355
0.072260
0.066845
0.080804
0.101933
0.127628
0.156623
0.162964
0.128022
0.111503
0.083673
0.057415
0.047725
0.043251
0.043064
0.041674
0.057034
0.087626
0.096492
0.087258
0.079768
0.065357
0.062493
0.081110
0.106700
0.135779
0.168815
0.180843
0.146863
0.127134
0.098116
0.071323
0.059809
0.053538
0.052322
0.048726
0.064363
0.096852
0.106728
0.098971
0.092209
0.079731
0.077976
0.097281
0.122968
0.151557
0.184639
0.198908
0.166322
0.149949
0.117261
0.084287
0.067488
0.057980
0.056622
0.053594
0.073423
0.112345
0.128425
0.126538
0.122238
0.111036
0.110767
0.131821
0.159565
0.189902
0.225358
0.246892
0.215333
0.192177
0.154905
0.117115
0.094440
0.081142
0.076634
0.072169
0.090418
0.128940
0.144272
0.142755
0.140280
0.128357
0.125781
0.145761
0.172879
0.203791
0.240187
0.259677
0.227247
0.209907
0.172538
0.131999
0.107580
0.093422
0.091978
0.086424
0.107284
0.150934
0.172384
0.173823
0.171602
0.159245
0.155715
0.174849
0.202039
0.234687
0.273316
0.296793
0.264352
0.244703
0.204728
0.159431
0.131698
0.115053
0.111484
0.107289
0.131549
0.179447
0.207642
0.216308
0.220522
0.209625
0.205413
0.225165
0.252321
0.284752
0.323206
0.345381
0.312275
0.291090
0.247034
0.195230
0.163787
0.144347
0.137941
0.133037
0.158225
0.210563
0.247214
0.264056
0.276856
0.274408
0.274455
0.295051
0.320850
0.353028
0.391618
0.403845
0.368943
0.353106
0.310426
0.252227
0.215300
0.192677
0.181946
0.173605
0.198526
0.253806
0.291822
0.309911
0.323695
0.320235
0.318827
0.338314
0.364334
0.396377
0.434545
0.452070
0.415274
0.396782
0.347545
0.281933
0.238059
0.209925
0.196252
0.188563
0.215653
0.274524
0.318349
0.340648
0.355599
0.352886
0.350304
0.368163
0.392839
0.424459
0.462299
0.477077
0.440349
0.425760
0.375287
0.306308
0.259032
0.227137
0.211393
0.202225
0.228522
0.286660
0.330230
0.349490
0.362601
0.356851
0.351787
0.368069
0.392524
0.424354
0.462462
0.477611
0.440303
0.423994
0.374133
0.306061
0.260055
0.226779
0.212576
0.205029
0.234863
0.296442
0.343524
0.366425
0.381588
0.375735
0.367195
0.381760
0.404843
0.435671
0.472916
0.488182
0.451537
0.435752
0.386129
0.319966
0.274497
0.241574
0.227915
0.220094
0.248862
0.308658
0.355192
0.374284
0.384179
0.373607
0.363366
0.378744
0.402202
0.433362
0.470986
0.485487
0.450448
0.436390
0.386380
0.320489
0.274946
0.241229
0.225376
0.214221
0.239841
0.297399
0.338931
0.357446
0.368019
0.358637
0.348968
0.363398
0.386027
0.415823
0.453519
0.469581
0.433260
0.420592
0.374580
0.313932
0.271263
0.242803
0.230679
0.222306
0.249162
0.304934
0.348475
0.364258
0.367983
0.350472
0.334739
0.343649
0.363210
0.391108
0.424676
0.440647
0.405352
0.391665
0.340751
0.277378
0.232222
0.201682
0.188820
0.179399
0.205545
0.259513
0.295448
0.309106
0.315159
0.305064
0.300434
0.318570
0.343375
0.374571
0.412567
0.425810
0.391719
0.383354
0.337462
0.280553
0.241950
0.215565
0.201894
0.189770
0.212489
0.261787
0.293644
0.302693
0.308242
0.291473
0.276894
0.287924
0.309363
0.337984
0.372025
0.386676
0.350550
0.333792
0.286172
0.231774
0.195381
0.170959
0.162392
0.154637
0.181377
0.234154
0.266244
0.277627
0.283714
0.275167
0.272413
0.292233
0.317759
0.348619
0.385129
0.397182
0.363747
0.353991
0.306212
0.250941
0.213910
0.187844
0.175997
0.164090
0.184574
0.234013
0.261913
0.269199
0.274514
0.263586
0.256571
0.272086
0.295974
0.325240
0.361803
0.376808
0.340597
0.325605
0.281112
0.230300
0.196624
0.174714
0.167393
0.159624
0.185070
0.236386
0.267679
0.277378
0.281784
0.269360
0.261700
0.277050
0.300722
0.330341
0.365626
0.378956
0.344535
0.333624
0.286510
0.233795
0.198666
0.174788
0.165000
0.154202
0.176754
0.225175
0.252595
0.259827
0.263170
0.252029
0.247183
0.264614
0.289737
0.320171
0.357980
0.371021
0.335856
0.327612
0.283463
0.234866
0.203182
0.182134
0.174354
0.165158
0.188770
0.240024
0.270213
0.278521
0.285112
0.273823
0.265527
0.279126
0.301544
0.329846
0.365557
0.376445
0.340937
0.328759
0.286970
0.239366
0.208604
0.188480
0.181382
0.172184
0.196034
0.245862
0.275331
0.281613
0.283477
0.269695
0.259938
0.271814
0.292537
0.319452
0.353568
0.366074
0.331704
0.321854
0.276921
0.227033
0.194396
0.172639
0.163096
0.152327
0.174879
0.225216
0.252183
0.256309
0.258110
0.246798
0.241300
0.256976
0.280057
0.307336
0.341341
0.351762
0.317376
0.308094
0.264747
0.219461
0.190666
0.171485
0.162073
0.149958
0.170567
0.217646
0.240685
0.242763
0.244998
0.233837
0.227849
0.242594
0.265167
0.292005
0.325587
0.333379
0.298713
0.290461
0.249025
0.207263
0.182337
0.165804
0.157262
0.145351
0.165450
0.211069
0.232141
0.232334
0.233040
0.222502
0.217148
0.231738
0.253800
0.279995
0.313197
0.322353
0.287771
0.275820
0.234582
0.196342
0.172461
0.156762
0.146633
0.132329
0.151015
0.192912
0.213725
0.212688
0.215228
0.206006
0.201475
0.217594
0.240724
0.267206
0.300572
0.306578
0.271698
0.260554
0.219563
0.183338
0.161768
0.147339
0.139318
0.126351
0.145067
0.187034
0.207379
0.205342
0.206413
0.197703
0.193721
0.209248
0.231697
0.257512
0.290008
0.296915
0.262635
0.254760
0.213723
0.177213
0.156544
0.143214
0.136153
0.124408
0.143563
0.186143
0.211734
0.211548
0.212035
0.203274
0.201258
0.219179
0.242631
0.267954
0.300094
0.307883
0.273112
0.263992
0.225751
0.191711
0.172181
0.159929
0.152912
0.140056
0.160117
0.200463
0.224845
0.222250
0.220898
0.203996
0.190541
0.201807
0.224379
0.251383
0.284138
0.290530
0.255598
0.242520
0.201410
0.172426
0.158565
0.149870
0.145133
0.133206
0.151007
0.189300
0.210800
0.205549
0.199856
0.178992
0.160633
0.169021
0.189902
0.214728
0.245507
0.255016
0.218455
0.205693
0.170943
0.149797
0.142764
0.140849
0.142693
0.135781
0.156587
0.196794
0.223144
0.216068
0.207200
0.181960
0.160262
0.163757
0.179019
0.199264
0.225435
0.227383
0.192945
0.178772
0.142026
0.125585
0.124854
0.126258
0.126307
0.115120
0.127426
0.157518
0.173638
0.157297
0.141011
0.114145
0.093037
0.096540
0.111548
0.131049
0.156061
0.155296
0.120234
0.102470
0.072627
0.066285
0.072504
0.079406
0.080906
0.067900
0.074782
0.096848
0.102660
0.073500
0.051526
0.027997
0.012187
0.017820
0.031758
0.049481
0.075059
0.069612
0.032501
0.016470
-0.004883
0.001985
0.018699
0.035155
0.041746
0.029843
0.034241
0.051375
0.048266
0.012301
-0.011579
-0.032697
-0.047816
-0.039980
-0.019067
0.008267
0.045064
0.038987
-0.000330
-0.020816
-0.040029
-0.031888
-0.016124
0.000285
0.005079
-0.005572
-0.000829
0.014995
0.008555
-0.032742
-0.057800
-0.074557
-0.084389
-0.072546
-0.049362
-0.018903
0.022288
0.017914
-0.022205
-0.044463
-0.063255
-0.051612
-0.035165
-0.017506
-0.009644
-0.019115
-0.020989
-0.007231
-0.009714
-0.050950
-0.084515
-0.105098
-0.123812
-0.115746
-0.093240
-0.064977
-0.023073
-0.015517
-0.058420
-0.089256
-0.099142
-0.082452
-0.062501
-0.042151
-0.036668
-0.049846
-0.056218
-0.047536
-0.059938
-0.109397
-0.141509
-0.153918
-0.163736
-0.151757
-0.129689
-0.107298
-0.074537
-0.070084
-0.109119
-0.134150
-0.137169
-0.112313
-0.083796
-0.056460
-0.041857
-0.051654
-0.056755
-0.046073
-0.056046
-0.101131
-0.131930
-0.146240
-0.158534
-0.146209
-0.122234
-0.096217
-0.057322
-0.048581
-0.088821
-0.113651
-0.119160
-0.095673
-0.069290
-0.042847
-0.029183
-0.037350
-0.036798
-0.020349
-0.024109
-0.064849
-0.089530
-0.098358
-0.107687
-0.097514
-0.079373
-0.057801
-0.024718
-0.017264
-0.053527
-0.077778
-0.089312
-0.071987
-0.048837
-0.026267
-0.013450
-0.022961
-0.022324
-0.004671
-0.005032
-0.042848
-0.069216
-0.081434
-0.095741
-0.088900
-0.071729
-0.048340
-0.013471
-0.004709
-0.041853
-0.065968
-0.074957
-0.058583
-0.038379
-0.015878
-0.003665
-0.011332
-0.008512
0.011352
0.013928
-0.020299
-0.043331
-0.052565
-0.063405
-0.054552
-0.037833
-0.016699
0.017060
0.026734
-0.009542
-0.034928
-0.052084
-0.040941
-0.022402
-0.004339
0.007208
-0.002200
-0.001539
0.017161
0.020057
-0.013338
-0.039273
-0.054206
-0.071822
-0.066449
-0.049672
-0.026395
0.009144
0.017637
-0.020030
-0.045869
-0.060188
-0.050531
-0.034026
-0.015946
-0.007604
-0.017096
-0.014532
0.005976
0.005534
-0.029110
-0.052497
-0.060849
-0.069058
-0.056588
-0.035554
-0.012588
0.020756
0.033807
-0.001209
-0.024980
-0.040198
-0.030352
-0.013580
0.003484
0.014767
0.006400
0.009002
0.029552
0.035097
0.004473
-0.016639
-0.027776
-0.044917
-0.041661
-0.027296
-0.004616
0.030271
0.040809
0.003457
-0.020785
-0.039601
-0.031944
-0.015764
0.000592
0.011187
0.004662
0.012291
0.038848
0.050988
0.027851
0.008499
-0.002065
-0.016939
-0.011693
0.003599
0.025561
0.057882
0.068242
0.033928
0.010620
-0.006809
-0.002168
0.008840
0.023585
0.030540
0.020006
0.022379
0.043615
0.049869
0.020979
0.000752
-0.007624
-0.022109
-0.017422
-0.002046
0.020269
0.053883
0.067197
0.030212
0.005707
-0.012964
-0.006862
0.008767
0.024563
0.036178
0.028761
0.033286
0.058545
0.069947
0.045573
0.026157
0.015560
-0.003563
-0.003913
0.007445
0.027998
0.059817
0.070536
0.033137
0.009012
-0.013688
-0.009926
0.003723
0.017877
0.028048
0.019811
0.023786
0.049800
0.057805
0.031539
0.009760
-0.000624
-0.016391
-0.011740
0.003776
0.024461
0.055276
0.069417
0.032914
0.009693
-0.009185
-0.004341
0.009429
0.024466
0.034590
0.026566
0.030048
0.054380
0.063554
0.037193
0.019191
0.011805
-0.005696
-0.005663
0.006271
0.027448
0.059962
0.073475
0.036663
0.015885
-0.003986
0.001145
0.016911
0.033706
0.047440
0.043607
0.051590
0.081891
0.100035
0.083680
0.068466
0.058308
0.036611
0.033707
0.043440
0.063161
0.093812
0.106200
0.069818
0.049055
0.027735
0.030803
0.042940
0.057974
0.068433
0.063119
0.069279
0.097630
0.113938
0.095328
0.079090
0.069713
0.047979
0.043378
0.051727
0.070442
0.100697
0.114232
0.077449
0.058861
0.036386
0.038190
0.052241
0.067783
0.079957
0.074939
0.080392
0.108608
0.125556
0.108026
0.093503
0.082602
0.056333
0.047311
0.052177
0.068455
0.096924
0.107116
0.068201
0.049580
0.025602
0.027075
0.041566
0.056457
0.067666
0.060657
0.064760
0.092674
0.104374
0.082351
0.064424
0.056033
0.036106
0.032614
0.040346
0.056565
0.084122
0.098232
0.061862
0.042220
0.021900
0.026464
0.042019
0.058937
0.071598
0.066565
0.069766
0.095052
0.106240
0.082793
0.065638
0.054908
0.027188
0.016611
0.020914
0.037624
0.068233
0.078644
0.038033
0.018717
-0.003024
0.001756
0.019256
0.036334
0.048031
0.041110
0.046066
0.073466
0.085049
0.061928
0.045403
0.038618
0.018615
0.014273
0.021766
0.038406
0.066251
0.078374
0.042915
0.024225
0.006107
0.012697
0.029367
0.047802
0.059683
0.053401
0.055644
0.077832
0.085797
0.058650
0.040492
0.031169
0.004267
-0.002144
0.009150
0.030194
0.066016
0.084589
0.049196
0.026168
0.010826
0.023272
0.044092
0.063461
0.077125
0.071242
0.074830
0.102015
0.112730
0.087163
0.071237
0.064986
0.043417
0.035553
0.040491
0.055148
0.081310
0.094366
0.059579
0.040987
0.017637
0.020862
0.035381
0.052716
0.066405
0.065322
0.071444
0.100463
0.111987
0.086988
0.067366
0.049406
0.015127
0.005479
0.015909
0.037164
0.073266
0.092506
0.058992
0.037396
0.026938
0.041101
0.062438
0.082933
0.100075
0.100221
0.109743
0.144436
0.164996
0.146268
0.133153
0.128513
0.107548
0.094211
0.103090
0.120254
0.149295
0.175247
0.145806
0.116703
0.093704
0.086880
0.092649
0.105849
0.114716
0.113757
0.114479
0.145473
0.164232
0.145780
0.133202
0.116828
0.080902
0.069579
0.083369
0.113582
0.154039
0.184209
0.162229
0.134065
0.142038
0.154123
0.169820
0.194574
0.216290
0.228739
0.247998
0.297494
0.346669
0.364686
0.364844
0.354506
0.323713
0.297517
0.298758
0.317884
0.354951
0.386086
0.354876
0.323975
0.301346
0.291981
0.291287
0.299559
0.306558
0.298341
0.290340
0.308024
0.325304
0.309354
0.290467
0.262447
0.217362
0.195550
0.195516
0.208384
0.234488
0.248467
0.219118
0.187874
0.180072
0.187108
0.202945
0.218445
0.221308
0.206738
0.194029
0.199057
0.190668
0.148263
0.125806
0.119107
0.093030
0.064950
0.066142
0.080748
0.112835
0.131211
0.101175
0.072520
0.039436
0.046992
0.068079
0.087087
0.098961
0.092078
0.088280
0.103843
0.097418
0.056512
0.023815
-0.000840
-0.038841
-0.051250
-0.042045
-0.023106
0.010829
0.028894
-0.006740
-0.033218
-0.044048
-0.026313
-0.001157
0.020238
0.029534
0.022618
0.025609
0.048816
0.050157
0.014070
-0.000445
0.006209
0.005851
0.008027
0.018045
0.027814
0.045442
0.049064
0.027612
0.013555
-0.008875
-0.008985
0.000122
0.009599
0.007980
0.001284
0.001417
0.015402
0.009687
-0.010561
-0.021948
-0.045326
-0.083701
-0.091517
-0.074518
-0.050023
-0.016633
-0.006939
-0.028178
-0.033747
-0.013873
0.014906
0.046275
0.081706
0.121262
0.155985
0.205162
0.279810
0.350444
0.400609
0.412195
0.398517
0.367897
0.346275
0.344824
0.354904
0.378656
0.394427
0.368965
0.347151
0.323327
0.316427
0.316749
0.326756
0.333870
0.323216
0.319640
0.344133
0.361791
0.352631
0.336858
0.312421
0.265520
0.231994
0.222296
0.228060
0.251702
0.273214
0.242559
0.206577
0.180341
0.180375
0.185249
0.190291
0.187510
0.168799
0.154304
0.159266
0.148706
0.105164
0.079201
0.068798
0.048966
0.034826
0.035045
0.043166
0.063401
0.072322
0.041001
0.010617
-0.015906
-0.014387
-0.002553
0.007152
0.002763
-0.010446
-0.017630
-0.015212
-0.037270
-0.069323
-0.090152
-0.121861
-0.163758
-0.169197
-0.148062
-0.131399
-0.103738
-0.098160
-0.127317
-0.139587
-0.117531
-0.081864
-0.046194
-0.011617
0.016159
0.036490
0.063531
0.107138
0.137449
0.149599
0.151623
0.157765
0.151189
0.140757
0.151037
0.165409
0.197547
0.216354
0.191173
0.180897
0.158522
0.159812
0.169309
0.185031
0.198450
0.199090
0.213970
0.253058
0.278323
0.270911
0.266142
0.254064
0.220203
0.199040
0.192873
0.201434
0.226103
0.249677
0.222400
0.196525
0.168646
0.162306
0.162055
0.164723
0.170919
0.170578
0.186412
0.232789
0.264115
0.261566
0.255547
0.251929
0.233839
0.225598
0.228030
0.238198
0.258930
0.275792
0.249269
0.228142
0.199990
0.186945
0.179099
0.178850
0.180042
0.169308
0.175124
0.207714
0.222208
0.211111
0.204639
0.182211
0.140643
0.130484
0.142815
0.164392
0.199774
0.219017
0.192384
0.171733
0.178960
0.184555
0.192645
0.211342
0.226278
0.235460
0.256288
0.301935
0.340648
0.348853
0.349908
0.341739
0.316923
0.301032
0.306083
0.318122
0.341103
0.358368
0.331247
0.305521
0.283293
0.273410
0.270462
0.278474
0.287507
0.283838
0.289521
0.326008
0.350303
0.359466
0.356725
0.333516
0.288420
0.259575
0.251994
0.256121
0.273380
0.284099
0.256790
0.233878
0.225016
0.232454
0.240343
0.254951
0.265359
0.268849
0.280301
0.311865
0.331497
0.321613
0.309354
0.292101
0.260689
0.234173
0.224578
0.226051
0.240399
0.249756
0.213914
0.184826
0.156331
0.153461
0.160807
0.172052
0.168450
0.140877
0.116699
0.111273
0.084690
0.062646
0.036093
-0.007960
-0.067895
-0.095598
-0.108541
-0.117191
-0.109447
-0.117638
-0.157354
-0.183455
-0.178070
-0.152995
-0.126460
-0.098347
-0.087721
-0.090837
-0.088976
-0.078919
-0.083867
-0.095342
-0.113108
-0.113423
-0.107910
-0.106545
-0.100797
-0.100466
-0.090675
-0.086913
-0.109892
-0.119598
-0.121773
-0.105433
-0.086886
-0.068413
-0.060389
-0.078191
-0.091068
-0.095029
-0.117253
-0.131572
-0.141883
-0.151843
-0.175245
0.000477
0.007598
0.016881
0.023866
0.028539
0.030982
0.031841
0.031670
0.030628
0.028880
0.026440
0.023566
0.020387
0.016891
0.013024
0.009021
0.004968
0.000884
-0.003244
-0.007291
-0.011484
-0.015928
-0.020817
-0.026317
-0.030686
-0.036065
-0.041718
-0.045237
-0.037559
-0.012177
0.033856
0.085719
0.139529
0.192694
0.243024
0.289131
0.330290
0.365554
0.394243
0.412561
0.420338
0.415081
0.394637
0.362740
0.324811
0.000034
0.024181
0.077742
0.118853
0.144751
0.158850
0.164977
0.165899
0.163000
0.157334
0.150212
0.142457
0.134524
0.126535
0.118489
0.110410
0.102277
0.094103
0.085867
0.077361
0.068431
0.059299
0.049672
0.039912
0.030099
0.019902
0.009287
-0.000843
-0.012379
-0.022480
-0.011921
0.018063
0.055228
0.093908
0.130760
0.163878
0.192731
0.219581
0.247537
0.272784
0.283722
0.277116
0.260211
0.237289
0.210727
0.183062
0.156338
0.000172
0.005658
0.022852
0.036858
0.045557
0.049426
0.049629
0.047215
0.042924
0.037137
0.030126
0.023323
0.017879
0.013325
0.008753
0.003196
-0.003661
-0.011807
-0.021128
-0.031630
-0.043076
-0.055242
-0.068175
-0.081799
-0.096086
-0.111166
-0.126705
-0.141323
-0.150778
-0.146498
-0.111185
-0.044488
0.042729
0.140678
0.243571
0.340678
0.422517
0.482080
0.516050
0.528635
0.525120
0.509825
0.486012
0.454629
0.415300
0.367842
-0.000049
-0.005326
-0.028695
-0.048570
-0.062890
-0.072341
-0.077973
-0.080853
-0.081725
-0.081146
-0.079380
-0.076856
-0.073827
-0.070219
-0.066382
-0.062079
-0.057291
-0.052319
-0.047279
-0.042389
-0.037566
-0.032601
-0.027574
-0.022137
-0.016415
-0.010561
-0.004578
0.001429
0.006489
0.015210
0.035969
0.075613
0.129286
0.186347
0.244324
0.302885
0.359031
0.412174
0.461415
0.506072
0.542673
0.567860
0.578247
0.574834
0.558345
0.000032
0.002434
0.007819
0.011915
0.014499
0.016187
0.017195
0.017904
0.018519
0.019051
0.019806
0.020809
0.022311
0.024329
0.026896
0.030290
0.034401
0.039266
0.044629
0.050516
0.056737
0.063013
0.069093
0.074842
0.080231
0.085415
0.090364
0.094829
0.098698
0.101531
0.102595
0.107613
0.150951
0.265255
0.408415
0.547228
0.664430
0.765512
0.863036
0.979133
-0.003761
-0.020597
-0.014326
-0.007033
-0.001759
0.004292
0.016042
0.038106
0.075211
0.133352
0.216306
0.321478
0.436930
0.546890
0.639196
0.711235
0.779309
0.868963
0.995939
1.047200
1.047200
1.047200
1.047200
1.044378
0.001454
0.031651
0.074416
0.106237
0.126789
0.138122
0.142862
0.143059
0.139661
0.133338
0.124587
0.113642
0.100739
0.085990
0.069899
0.052864
0.035543
0.018245
0.001067
-0.015563
-0.029843
-0.045704
-0.061671
-0.076014
-0.085293
-0.075508
-0.028748
0.031154
0.095364
0.159066
0.219943
0.276635
0.328136
0.377412
0.433290
0.514450
0.642503
0.761615
0.852208
0.927794
0.994034
1.042226
1.044162
0.000278
0.005092
0.010908
0.015187
0.018049
0.019850
0.020708
0.020891
0.020464
0.019499
0.018197
0.032519
0.055334
0.106893
0.205373
0.339157
0.496686
0.667630
0.838122
0.958332
1.028956
0.000009
0.004689
-0.005038
-0.012979
-0.017279
-0.020907
-0.029779
-0.047440
-0.076296
-0.117597
-0.173562
-0.248540
-0.347119
-0.470541
-0.612688
-0.765766
-0.925285
-1.047186
-0.000929
-0.026606
-0.066410
-0.096546
-0.116184
-0.127127
-0.132008
-0.132878
-0.131138
-0.127189
-0.121560
-0.114615
-0.106554
-0.097239
-0.079949
-0.040807
-0.008056
-0.004570
0.004530
0.017244
0.029873
0.048381
0.033879
0.059701
0.060871
-0.002472
-0.040444
-0.057882
-0.038137
-0.048469
-0.065249
-0.113137
-0.107680
-0.102757
-0.115637
-0.130576
-0.136531
-0.152985
-0.142582
-0.104418
-0.055234
-0.005521
0.035934
0.009655
0.077601
0.138090
0.178589
0.202664
0.214856
0.218569
0.216188
0.209109
0.197857
0.182883
0.164606
0.143416
0.134242
0.127741
0.109015
0.085496
0.065658
0.040940
0.020916
0.008248
-0.008519
-0.030165
-0.053180
-0.107259
-0.154038
-0.182842
-0.176232
-0.142908
-0.100595
-0.059058
-0.027509
-0.006111
-0.011463
-0.049707
-0.111860
-0.182828
-0.248535
-0.302603
-0.339699
-0.345121
-0.115032
-0.007243
-0.008074
0.212022
0.516884
0.579742
0.655671
0.695000
0.750491
0.773776
0.787542
0.776474
0.714835
0.629439
0.505979
0.339547
0.147897
-0.042565
0.002479
0.015439
0.022598
0.026374
0.028198
0.028785
0.028594
0.027834
0.026681
0.025460
0.024298
0.023353
0.022635
0.022032
0.021559
0.021440
0.021762
0.029227
0.043946
0.037478
0.014594
0.001229
-0.006973
-0.012109
-0.014909
-0.019249
-0.016761
-0.009972
-0.003720
0.006616
0.032136
0.004840
-0.033916
-0.094544
-0.104996
-0.092679
-0.093501
-0.087626
-0.083668
-0.062039
-0.013859
0.049111
0.119707
0.194494
0.278218
0.374946
0.486298
0.573157
0.689552
0.806498
0.892177
0.921007
0.894893
0.818640
0.777156
0.770544
0.790122
0.805057
0.880190
0.984253
0.004568
0.035030
0.060361
0.076931
0.086219
0.090180
0.090573
0.088648
0.084994
0.079738
0.073244
0.065869
0.066477
0.087467
0.094747
0.070338
0.056093
0.046829
0.037631
0.034159
0.035100
0.037575
0.037422
0.012970
-0.026717
-0.046135
-0.062450
-0.057524
-0.041285
-0.020512
-0.001763
0.009642
0.023743
0.041600
0.032958
0.012201
0.002318
-0.015789
-0.034665
-0.043043
-0.043247
-0.035624
-0.026665
-0.046730
-0.088512
-0.094455
-0.093535
-0.082901
-0.061757
-0.041091
-0.023858
-0.009259
0.011909
0.030637
0.026511
0.003683
-0.008406
-0.020481
-0.031776
-0.032425
-0.024614
-0.011558
0.003608
-0.009100
-0.044793
-0.048525
-0.051018
-0.050751
-0.037969
-0.021388
-0.011563
-0.006429
0.005917
0.019796
0.013161
-0.004810
-0.011311
-0.018174
-0.025509
-0.025849
-0.018720
-0.004871
0.012188
-0.001167
-0.040196
-0.045155
-0.042867
-0.036134
-0.017690
0.001952
0.013911
0.019960
0.033066
0.046755
0.039946
0.020133
0.011126
0.000663
-0.011137
-0.013220
-0.006878
0.005795
0.021030
0.005423
-0.033842
-0.040105
-0.040929
-0.037560
-0.022337
-0.004727
0.005878
0.011785
0.025573
0.039557
0.032556
0.013253
0.004564
-0.005821
-0.017042
-0.018423
-0.011140
0.002610
0.017600
0.001526
-0.038135
-0.044159
-0.044928
-0.041507
-0.026509
-0.008999
0.002255
0.009558
0.024895
0.040078
0.034238
0.015036
0.006515
-0.003115
-0.013697
-0.014507
-0.006815
0.007188
0.023448
0.008646
-0.030167
-0.036426
-0.037701
-0.035683
-0.022305
-0.006283
0.004007
0.010812
0.026004
0.041290
0.035862
0.017201
0.009159
-0.000309
-0.010782
-0.011467
-0.003512
0.010781
0.027361
0.012789
-0.026106
-0.032452
-0.033898
-0.032175
-0.019315
-0.003532
0.006785
0.013935
0.029714
0.045594
0.040663
0.022223
0.014288
0.004645
-0.005959
-0.006799
0.001110
0.015495
0.032223
0.017729
-0.021130
-0.027790
-0.029599
-0.028257
-0.016001
-0.000700
0.009471
0.016803
0.032986
0.049115
0.044414
0.025958
0.017950
0.008493
-0.002520
-0.003645
0.004102
0.018372
0.034964
0.020659
-0.018218
-0.025630
-0.027966
-0.027656
-0.016550
-0.002329
0.007316
0.014761
0.031425
0.048083
0.044060
0.026012
0.018409
0.009450
-0.001223
-0.002068
0.006003
0.020528
0.037366
0.023595
-0.014961
-0.022343
-0.024972
-0.025167
-0.014709
-0.000901
0.008688
0.016438
0.033551
0.050717
0.047146
0.029334
0.021955
0.013106
0.002392
0.001408
0.009382
0.023889
0.040735
0.027049
-0.011460
-0.018811
-0.021606
-0.021929
-0.011737
0.001867
0.011464
0.019377
0.036743
0.054116
0.050717
0.032858
0.025384
0.016433
0.005477
0.004240
0.012027
0.026401
0.043102
0.029469
-0.009046
-0.017086
-0.020308
-0.021244
-0.011821
0.001053
0.010197
0.017866
0.035206
0.052603
0.049380
0.031717
0.024426
0.015774
0.005018
0.003960
0.011985
0.026568
0.043500
0.030188
-0.008093
-0.015947
-0.019199
-0.020156
-0.010890
0.001968
0.011303
0.019300
0.036971
0.054699
0.051733
0.034115
0.026899
0.018358
0.007567
0.006319
0.014177
0.028654
0.045531
0.032300
-0.005974
-0.014018
-0.017416
-0.018476
-0.009428
0.003231
0.012452
0.020364
0.038019
0.055759
0.052845
0.035192
0.027933
0.019401
0.008517
0.007165
0.015046
0.029571
0.046558
0.033495
-0.004677
-0.012860
-0.016358
-0.017515
-0.008701
0.003763
0.012897
0.020718
0.038310
0.056002
0.053123
0.035501
0.028305
0.019939
0.009145
0.007770
0.015719
0.030361
0.047549
0.034729
-0.003326
-0.011454
-0.014944
-0.016023
-0.007220
0.005241
0.014399
0.022158
0.039666
0.057302
0.054422
0.036757
0.029554
0.021238
0.010419
0.008910
0.016878
0.031625
0.048979
0.036315
-0.001680
-0.009805
-0.013311
-0.014362
-0.005611
0.006774
0.015859
0.023413
0.040714
0.058154
0.055145
0.037303
0.029996
0.021522
0.010692
0.009115
0.017231
0.032202
0.049811
0.037315
-0.000574
-0.008766
-0.012318
-0.013387
-0.004747
0.007523
0.016495
0.023811
0.040897
0.058194
0.055125
0.037263
0.029980
0.021501
0.010773
0.009216
0.017548
0.032799
0.050731
0.045333
0.008091
-0.003639
-0.006931
-0.011789
-0.005734
0.005974
0.012978
0.018172
0.030186
0.047889
0.049581
0.035393
0.029915
0.024725
0.017338
0.019342
0.028654
0.044322
0.063504
0.062767
0.026752
0.013431
0.009584
0.003256
0.007704
0.016297
0.021006
0.024124
0.034107
0.050981
0.053339
0.041122
0.035224
0.028482
0.019661
0.020674
0.028048
0.041119
0.058958
0.058693
0.022967
0.009318
0.003583
-0.004961
-0.002393
0.004940
0.009117
0.013325
0.025245
0.044639
0.048905
0.038382
0.033930
0.028222
0.019559
0.020802
0.028666
0.042399
0.060943
0.061198
0.026212
0.012601
0.007543
-0.000197
0.002679
0.010571
0.015852
0.021685
0.035267
0.055768
0.061277
0.050724
0.045960
0.039353
0.029952
0.030354
0.036935
0.049325
0.066608
0.066399
0.031118
0.017740
0.011681
0.002769
0.004524
0.011382
0.016052
0.021765
0.035417
0.055972
0.061450
0.051084
0.046145
0.039694
0.030325
0.030883
0.037732
0.050353
0.067755
0.067681
0.032720
0.019359
0.013102
0.003881
0.005192
0.011746
0.016195
0.021700
0.035148
0.055551
0.060939
0.050395
0.045416
0.038730
0.029158
0.029405
0.035890
0.048090
0.065049
0.064713
0.029780
0.016068
0.009618
0.000178
0.001222
0.007533
0.011865
0.017410
0.030969
0.051673
0.057188
0.046864
0.042005
0.035618
0.026240
0.026636
0.033400
0.045846
0.062941
0.062706
0.028077
0.014686
0.008263
-0.001018
0.000139
0.006721
0.011351
0.017174
0.030935
0.051825
0.057484
0.047122
0.042281
0.035961
0.026541
0.026725
0.033098
0.045102
0.061785
0.061346
0.026665
0.012955
0.006471
-0.002786
-0.001720
0.004738
0.009315
0.015136
0.028914
0.049955
0.055662
0.045433
0.040601
0.034368
0.024988
0.025187
0.031606
0.043615
0.060239
0.059694
0.025225
0.011609
0.005009
-0.004339
-0.003418
0.003040
0.007662
0.013548
0.027386
0.048566
0.054351
0.044248
0.039593
0.033676
0.024508
0.024706
0.031011
0.042885
0.059351
0.058668
0.024277
0.010793
0.004154
-0.005059
-0.004007
0.002621
0.007349
0.013230
0.027015
0.048186
0.053931
0.043868
0.039242
0.033441
0.024308
0.024408
0.030462
0.042012
0.058104
0.057114
0.022756
0.009074
0.002253
-0.007077
-0.006168
0.000330
0.004911
0.010624
0.024252
0.045452
0.051164
0.041388
0.036973
0.031512
0.022611
0.022791
0.028887
0.040437
0.056508
0.055517
0.021299
0.007971
0.001239
-0.007722
-0.006508
0.000400
0.005378
0.011385
0.025182
0.046537
0.052431
0.042569
0.038089
0.032618
0.023616
0.023534
0.029150
0.040171
0.055728
0.054468
0.020208
0.006410
-0.000465
-0.009565
-0.008578
-0.001969
0.002732
0.008459
0.021987
0.043270
0.049039
0.039203
0.034739
0.029423
0.020476
0.020427
0.026184
0.037304
0.052897
0.051928
0.018122
0.004444
-0.002224
-0.010878
-0.009053
-0.002626
0.001785
0.007491
0.022093
0.044563
0.051673
0.041017
0.035278
0.027886
0.018772
0.021361
0.032849
0.051101
0.074139
0.075709
0.040859
0.023878
0.020328
0.014586
0.017347
0.024977
0.029061
0.032169
0.043537
0.062511
0.067732
0.055311
0.048230
0.040342
0.030427
0.032204
0.041881
0.058102
0.078844
0.078743
0.042940
0.025829
0.020794
0.013187
0.014256
0.020087
0.022909
0.025286
0.036514
0.055322
0.059970
0.047662
0.040670
0.032901
0.023200
0.025609
0.036840
0.054714
0.077238
0.078123
0.043020
0.025656
0.020487
0.012449
0.012660
0.017969
0.020839
0.023996
0.036379
0.056357
0.062031
0.050176
0.043742
0.036269
0.026818
0.029293
0.040440
0.058178
0.080573
0.081710
0.046893
0.029461
0.023794
0.014942
0.014118
0.018624
0.021302
0.025049
0.038473
0.059456
0.066086
0.054744
0.048593
0.041332
0.031882
0.034454
0.045601
0.063290
0.085628
0.086998
0.052521
0.034927
0.028689
0.018838
0.016705
0.020090
0.022277
0.026269
0.040352
0.061972
0.069237
0.058420
0.052606
0.045555
0.036230
0.038913
0.050109
0.067813
0.090135
0.091902
0.057795
0.039987
0.033136
0.022316
0.018975
0.021382
0.023120
0.027305
0.041937
0.064154
0.072020
0.061707
0.056231
0.049710
0.040704
0.043639
0.054902
0.072627
0.094950
0.097069
0.063286
0.045299
0.037980
0.026453
0.022131
0.023766
0.025133
0.029370
0.044348
0.066981
0.075309
0.065295
0.060023
0.053785
0.044856
0.047746
0.058773
0.076230
0.098273
0.100487
0.066948
0.048908
0.041181
0.029208
0.024158
0.025341
0.026659
0.031204
0.046659
0.069599
0.078275
0.068299
0.062967
0.056440
0.047153
0.049647
0.060209
0.077209
0.098795
0.100952
0.067581
0.049465
0.041322
0.028858
0.023050
0.023698
0.024899
0.029786
0.045770
0.069181
0.078275
0.068486
0.063284
0.056998
0.047861
0.050356
0.060970
0.077989
0.099500
0.101828
0.068838
0.050669
0.042207
0.029368
0.022907
0.023128
0.024193
0.029206
0.045448
0.069199
0.078665
0.068796
0.063577
0.057476
0.048319
0.050659
0.061030
0.077769
0.098893
0.101036
0.068205
0.050077
0.041341
0.028230
0.021295
0.021279
0.022319
0.027494
0.043994
0.068120
0.077883
0.067799
0.062471
0.056531
0.047320
0.049513
0.059734
0.076264
0.097028
0.098786
0.066166
0.048045
0.038924
0.025393
0.017850
0.017514
0.018406
0.023607
0.040242
0.064651
0.074513
0.063588
0.057887
0.051985
0.042638
0.044783
0.055148
0.071763
0.092442
0.094100
0.061790
0.043365
0.033931
0.019909
0.011608
0.010872
0.011506
0.016706
0.033558
0.058565
0.068633
0.056524
0.050400
0.044719
0.035266
0.037478
0.048196
0.065013
0.085863
0.088138
0.056534
0.039795
0.030638
0.017249
0.009263
0.009187
0.011010
0.017765
0.036168
0.062340
0.073467
0.061344
0.055179
0.049848
0.040339
0.042289
0.052436
0.068701
0.089042
0.091001
0.059248
0.042715
0.033038
0.019331
0.010887
0.010551
0.012364
0.019488
0.038529
0.065146
0.076739
0.064491
0.058140
0.052806
0.043092
0.044840
0.054744
0.070785
0.090888
0.092868
0.061276
0.044928
0.034784
0.020599
0.011541
0.010749
0.012494
0.020063
0.039780
0.066991
0.079103
0.066825
0.060495
0.055432
0.045779
0.047401
0.057041
0.072815
0.092673
0.094730
0.063311
0.047153
0.036783
0.022463
0.013095
0.012115
0.013956
0.021906
0.042109
0.069707
0.082208
0.069800
0.063395
0.058471
0.048756
0.050073
0.059258
0.074568
0.093965
0.095611
0.064020
0.048142
0.037318
0.022578
0.012789
0.011504
0.013184
0.021164
0.041494
0.069278
0.081875
0.069182
0.062653
0.057924
0.048213
0.049342
0.058268
0.073339
0.092483
0.094032
0.062464
0.046805
0.036020
0.021556
0.011974
0.010983
0.013079
0.021533
0.042273
0.070349
0.083157
0.069845
0.063042
0.058424
0.048603
0.049334
0.057697
0.072218
0.090834
0.091929
0.060225
0.044688
0.033836
0.019631
0.010330
0.009641
0.012082
0.020916
0.041967
0.070296
0.083272
0.069437
0.062372
0.057796
0.047782
0.048023
0.055774
0.069761
0.087796
0.088238
0.056330
0.040854
0.029874
0.015936
0.006974
0.006663
0.009433
0.018530
0.036435
0.064985
0.081410
0.071321
0.064569
0.060270
0.051436
0.053865
0.063096
0.077707
0.097133
0.106251
0.079099
0.057205
0.047281
0.030058
0.016704
0.012761
0.011404
0.015412
0.028628
0.054320
0.069238
0.060201
0.054858
0.053285
0.046048
0.047837
0.056091
0.069370
0.087350
0.095088
0.067218
0.046537
0.036926
0.021220
0.009571
0.007526
0.007658
0.013241
0.027985
0.055504
0.071941
0.063410
0.058369
0.056409
0.048297
0.049375
0.056857
0.069367
0.086770
0.093918
0.065746
0.044749
0.035473
0.020594
0.009603
0.008256
0.009218
0.015722
0.031333
0.059255
0.076135
0.067070
0.061482
0.059494
0.051369
0.052115
0.059364
0.071608
0.088709
0.095621
0.067637
0.046750
0.037315
0.022226
0.010923
0.009312
0.009846
0.015424
0.029842
0.056885
0.072770
0.063120
0.057127
0.055323
0.047146
0.047552
0.054565
0.066582
0.083360
0.089867
0.061744
0.040962
0.031642
0.017091
0.006347
0.005449
0.006480
0.012095
0.026235
0.053147
0.068504
0.058183
0.051656
0.049640
0.041111
0.041003
0.047732
0.059500
0.075974
0.081900
0.053623
0.032964
0.023601
0.009436
-0.000893
-0.001238
0.000238
0.006090
0.020291
0.047512
0.062482
0.050746
0.042935
0.040134
0.030650
0.029791
0.036477
0.048169
0.064324
0.069940
0.042075
0.021848
0.012321
-0.001969
-0.012607
-0.012914
-0.011277
-0.005241
0.009027
0.036759
0.050971
0.038475
0.030252
0.028366
0.019459
0.018918
0.026308
0.038689
0.055396
0.062227
0.034566
0.014524
0.005757
-0.007268
-0.016994
-0.016399
-0.013714
-0.006571
0.008796
0.037573
0.052698
0.040119
0.032010
0.030806
0.022153
0.021415
0.028726
0.041097
0.057899
0.064533
0.036749
0.016579
0.007764
-0.005077
-0.014769
-0.014077
-0.011198
-0.003691
0.012198
0.041473
0.057212
0.045007
0.036925
0.035726
0.026908
0.025826
0.032959
0.045251
0.061966
0.068431
0.040716
0.020354
0.011002
-0.002459
-0.012895
-0.012847
-0.010449
-0.003224
0.012570
0.041885
0.057502
0.044829
0.036560
0.035554
0.026252
0.024131
0.030747
0.042767
0.059097
0.063909
0.035296
0.015075
0.005324
-0.007549
-0.017016
-0.015606
-0.011947
-0.003080
0.014400
0.045063
0.061356
0.048798
0.039940
0.038222
0.028843
0.027180
0.033966
0.046015
0.062397
0.068101
0.040319
0.019976
0.009957
-0.004128
-0.015269
-0.015489
-0.013328
-0.006463
0.008850
0.037830
0.052525
0.039632
0.030983
0.029973
0.020784
0.018291
0.024664
0.036501
0.052489
0.057222
0.028497
0.008973
-0.000653
-0.012451
-0.020740
-0.017964
-0.013182
-0.003735
0.013845
0.044510
0.060571
0.047256
0.037719
0.035672
0.025006
0.021237
0.026497
0.037378
0.052463
0.055575
0.025898
0.005741
-0.004529
-0.016991
-0.025687
-0.023051
-0.018587
-0.009733
0.007059
0.036880
0.051488
0.036640
0.026251
0.023890
0.013546
0.010067
0.015608
0.026766
0.041938
0.045282
0.015926
-0.003749
-0.013449
-0.024627
-0.031963
-0.027926
-0.022424
-0.013284
0.003150
0.032510
0.046455
0.031252
0.020466
0.017882
0.007425
0.003650
0.008866
0.019622
0.034419
0.037768
0.008092
-0.010737
-0.019739
-0.029450
-0.035058
-0.029211
-0.022300
-0.012553
0.003908
0.033071
0.046816
0.030742
0.019260
0.016463
0.005664
0.001257
0.005827
0.015988
0.030268
0.033392
0.003377
-0.015418
-0.023880
-0.032676
-0.037206
-0.030479
-0.022885
-0.013143
0.002770
0.031278
0.044330
0.027722
0.015725
0.013065
0.002192
-0.002693
0.001511
0.011332
0.025296
0.028248
-0.002133
-0.021511
-0.029856
-0.038425
-0.042684
-0.035779
-0.028151
-0.018673
-0.003282
0.024782
0.037144
0.020953
0.009042
0.006615
-0.003960
-0.008746
-0.004412
0.005514
0.019483
0.023699
-0.006541
-0.024629
-0.032039
-0.038937
-0.041560
-0.032778
-0.023362
-0.012618
0.003533
0.032003
0.045128
0.027854
0.015375
0.012497
0.001449
-0.004258
-0.001028
0.007911
0.021142
0.024307
-0.006226
-0.024408
-0.031482
-0.037703
-0.039334
-0.029887
-0.019971
-0.009433
0.005932
0.033490
0.045835
0.027697
0.014467
0.011124
-0.000110
-0.006168
-0.003102
0.005677
0.018758
0.022256
-0.008676
-0.026715
-0.033735
-0.039601
-0.040794
-0.030847
-0.020704
-0.010535
0.004005
0.030762
0.042198
0.023534
0.009881
0.006548
-0.004802
-0.011180
-0.008330
0.000288
0.013203
0.016485
-0.014709
-0.032802
-0.039721
-0.045091
-0.045651
-0.035138
-0.024492
-0.014073
0.000441
0.027163
0.038309
0.019945
0.006262
0.003096
-0.008117
-0.014629
-0.011867
-0.003332
0.009468
0.012775
-0.018284
-0.036316
-0.043165
-0.048343
-0.048782
-0.038066
-0.027192
-0.016613
-0.002054
0.024742
0.035897
0.017858
0.004309
0.001354
-0.009665
-0.016262
-0.013585
-0.005132
0.007572
0.014910
-0.012595
-0.033843
-0.041219
-0.046809
-0.050078
-0.040756
-0.031592
-0.023132
-0.012331
0.012034
0.025752
0.011445
-0.000301
-0.001799
-0.010265
-0.014628
-0.010994
-0.002044
0.011288
0.019773
-0.006552
-0.031115
-0.037271
-0.041885
-0.044579
-0.035525
-0.026423
-0.018176
-0.007943
0.015846
0.029642
0.015314
0.003794
0.002411
-0.006098
-0.010912
-0.007798
0.000624
0.013472
0.021727
-0.004345
-0.028699
-0.034936
-0.039676
-0.042394
-0.033432
-0.024455
-0.016320
-0.006260
0.017319
0.031039
0.016526
0.004916
0.003506
-0.005196
-0.010327
-0.007649
0.000340
0.012845
0.017035
-0.012965
-0.033431
-0.038925
-0.042029
-0.042346
-0.032001
-0.021942
-0.012852
-0.000066
0.025618
0.036558
0.018814
0.005801
0.003452
-0.007180
-0.014276
-0.012610
-0.005458
0.006004
0.009087
-0.021332
-0.039627
-0.045898
-0.050214
-0.049456
-0.037986
-0.026592
-0.016103
-0.002603
0.022999
0.033184
0.014602
0.000910
-0.002124
-0.013616
-0.020955
-0.019198
-0.011705
0.000156
0.002800
-0.028552
-0.047602
-0.053651
-0.057415
-0.055307
-0.044048
-0.033551
-0.023761
-0.009339
0.016757
0.027110
0.006911
-0.008631
-0.013705
-0.026310
-0.030914
-0.025592
-0.014128
0.001620
0.004445
-0.029702
-0.052039
-0.058242
-0.062081
-0.060390
-0.048003
-0.037086
-0.027642
-0.013769
0.011608
0.020804
0.000806
-0.014575
-0.019809
-0.032096
-0.035796
-0.030230
-0.019163
-0.003926
-0.000778
-0.034766
-0.056662
-0.062707
-0.066227
-0.064020
-0.051268
-0.039644
-0.028814
-0.013402
0.012880
0.022620
0.002835
-0.012490
-0.017998
-0.030413
-0.034042
-0.029034
-0.018476
-0.003703
-0.002042
-0.036373
-0.056963
-0.063876
-0.068525
-0.067223
-0.054622
-0.043447
-0.032794
-0.017198
0.009438
0.019296
-0.000123
-0.015225
-0.020665
-0.033133
-0.036570
-0.031884
-0.021538
-0.007066
-0.005797
-0.040039
-0.059298
-0.066285
-0.070701
-0.068883
-0.055668
-0.043845
-0.032330
-0.015891
0.011360
0.021816
0.002645
-0.012276
-0.017739
-0.030353
-0.033808
-0.029664
-0.019780
-0.005786
-0.005225
-0.039541
-0.058300
-0.065391
-0.070222
-0.068634
-0.055655
-0.044161
-0.032927
-0.016781
0.010214
0.020524
0.002315
-0.011854
-0.016924
-0.029071
-0.032021
-0.028105
-0.018266
-0.004420
-0.004239
-0.038482
-0.056882
-0.063749
-0.068630
-0.066797
-0.053464
-0.041850
-0.030583
-0.014516
0.012308
0.022668
0.005309
-0.008037
-0.012769
-0.023435
-0.024909
-0.019497
-0.008144
0.007459
0.009838
-0.022878
-0.041795
-0.047719
-0.052919
-0.051939
-0.040268
-0.030435
-0.021835
-0.008700
0.016067
0.025811
0.007396
-0.006410
-0.010983
-0.022759
-0.025893
-0.021932
-0.012600
0.000916
0.001363
-0.032309
-0.050454
-0.056367
-0.060893
-0.058808
-0.045842
-0.034869
-0.024625
-0.009813
0.016059
0.026290
0.009743
-0.002460
-0.007385
-0.017987
-0.019321
-0.014178
-0.003245
0.012183
0.014620
-0.018127
-0.037142
-0.042676
-0.047957
-0.046780
-0.035267
-0.025719
-0.017210
-0.004063
0.020704
0.031174
0.013393
0.000245
-0.004582
-0.015651
-0.017764
-0.013201
-0.003223
0.011121
0.013140
-0.019080
-0.038539
-0.044114
-0.050160
-0.050203
-0.040075
-0.031735
-0.024241
-0.012020
0.012192
0.021705
0.006096
-0.004930
-0.009094
-0.018979
-0.019664
-0.013712
-0.002117
0.013963
0.017519
-0.014064
-0.032969
-0.038070
-0.043470
-0.042696
-0.032024
-0.023064
-0.014591
-0.001161
0.024107
0.035588
0.020766
0.010256
0.006025
-0.003888
-0.004826
0.000404
0.011115
0.026482
0.029617
-0.002045
-0.021914
-0.027394
-0.034219
-0.034995
-0.026212
-0.018987
-0.012053
0.000105
0.024500
0.035494
0.021323
0.011558
0.007662
-0.002026
-0.002574
0.002962
0.014024
0.029699
0.033174
0.001608
-0.018390
-0.024043
-0.031206
-0.032274
-0.023820
-0.016730
-0.009348
0.003546
0.028486
0.040269
0.026823
0.017748
0.014262
0.005061
0.004987
0.010903
0.022403
0.038558
0.042990
0.011665
-0.008210
-0.013536
-0.020794
-0.021988
-0.013964
-0.007251
-0.000153
0.012468
0.036752
0.048913
0.035692
0.026721
0.022899
0.013555
0.013368
0.018975
0.030019
0.045818
0.050163
0.018866
-0.001299
-0.006876
-0.014960
-0.016844
-0.009713
-0.003964
0.002043
0.013543
0.036741
0.048181
0.034829
0.025750
0.021422
0.011697
0.011453
0.000012
0.001013
0.002515
0.003510
0.004176
0.004665
0.004966
0.005001
0.004920
0.004810
0.004623
0.022566
0.044928
0.037974
0.027113
0.030085
0.033910
0.041416
0.055229
0.073060
0.090499
0.096264
0.067250
0.037030
0.010735
-0.003704
-0.009449
-0.002600
0.008251
0.012451
0.012067
0.025362
0.030319
0.007884
-0.008313
-0.012048
-0.023223
-0.029083
-0.027212
-0.019251
-0.007296
-0.003939
-0.036971
-0.063293
-0.069798
-0.072243
-0.068195
-0.052519
-0.038511
-0.027480
-0.014918
0.010919
0.026332
0.011513
-0.001460
-0.003220
-0.011600
-0.016721
-0.012970
-0.002703
0.012580
0.022717
-0.005464
-0.033503
-0.039458
-0.042572
-0.041101
-0.028510
-0.017008
-0.008508
0.000930
0.024238
0.038290
0.022548
0.010009
0.008739
-0.000201
-0.007315
-0.005577
0.002922
0.017249
0.026773
-0.002665
-0.031881
-0.038553
-0.039842
-0.035964
-0.021710
-0.008680
0.000841
0.010654
0.034104
0.047697
0.030463
0.016200
0.013289
0.002806
-0.005679
-0.004492
0.003785
0.018061
0.027693
-0.002462
-0.031860
-0.038667
-0.040856
-0.037414
-0.023533
-0.010898
-0.002015
0.006860
0.029408
0.041819
0.023932
0.009294
0.006428
-0.003903
-0.012295
-0.010846
-0.002206
0.012381
0.022283
-0.008112
-0.037652
-0.044276
-0.046218
-0.042324
-0.027920
-0.014765
-0.005474
0.003661
0.026442
0.039013
0.021303
0.006879
0.004403
-0.005515
-0.013804
-0.012358
-0.003720
0.010839
0.020873
-0.009165
-0.038687
-0.045065
-0.046797
-0.042800
-0.028303
-0.014814
-0.005035
0.004588
0.027850
0.040883
0.023479
0.009318
0.007040
-0.002744
-0.011114
-0.009777
-0.001249
0.013211
0.023381
-0.006389
-0.035780
-0.042094
-0.043932
-0.040156
-0.025905
-0.012506
-0.002742
0.006843
0.030144
0.043249
0.025896
0.011772
0.009501
-0.000355
-0.008996
-0.007876
0.000476
0.014817
0.024956
-0.004775
-0.034184
-0.040608
-0.042631
-0.039047
-0.025014
-0.011689
-0.001906
0.007717
0.031118
0.044280
0.026977
0.012899
0.010643
0.000767
-0.008024
-0.006991
0.001325
0.015641
0.025810
-0.003890
-0.033258
-0.039709
-0.041833
-0.038389
-0.024495
-0.011188
-0.001355
0.008316
0.031808
0.045000
0.027715
0.013630
0.011382
0.001496
-0.007416
-0.006463
0.001805
0.016087
0.026317
-0.003336
-0.032703
-0.039169
-0.041348
-0.038006
-0.024206
-0.010884
-0.000978
0.008769
0.032402
0.045720
0.028568
0.014620
0.012467
0.002641
-0.006346
-0.005461
0.002760
0.017009
0.027300
-0.002287
-0.031612
-0.038055
-0.040258
-0.036982
-0.023260
-0.009905
0.000080
0.009866
0.033573
0.046929
0.029802
0.015863
0.013673
0.003791
-0.005355
-0.004595
0.003534
0.017720
0.027959
-0.001596
-0.030921
-0.037452
-0.039796
-0.036671
-0.023098
-0.009794
0.000198
0.010002
0.033801
0.047221
0.030164
0.016275
0.014113
0.004207
-0.005024
-0.004323
0.003803
0.017995
0.028255
-0.001262
-0.030542
-0.037115
-0.039482
-0.036377
-0.022808
-0.009429
0.000681
0.010573
0.034478
0.047977
0.030951
0.017082
0.014890
0.004936
-0.004433
-0.003840
0.004202
0.018327
0.028532
-0.000972
-0.030300
-0.036913
-0.039355
-0.036350
-0.022875
-0.009499
0.000632
0.010529
0.030799
0.044894
0.034367
0.021380
0.018658
0.008580
-0.000169
0.001472
0.010587
0.026128
0.040270
0.016783
-0.018506
-0.025368
-0.027333
-0.027188
-0.014021
0.000273
0.010112
0.020603
0.042521
0.059672
0.050267
0.037095
0.034193
0.023850
0.014390
0.014549
0.021799
0.035504
0.047521
0.023391
-0.011560
-0.017608
-0.020041
-0.020034
-0.007088
0.006680
0.015620
0.024790
0.045297
0.061130
0.052027
0.039489
0.036807
0.026975
0.018120
0.018582
0.026010
0.039871
0.052240
0.028592
-0.006373
-0.012008
-0.014212
-0.014144
-0.001263
0.012480
0.021116
0.029510
0.049095
0.064336
0.054868
0.042244
0.039509
0.029638
0.020477
0.020472
0.027426
0.040891
0.052953
0.029121
-0.005878
-0.011276
-0.013260
-0.012751
0.000499
0.014528
0.023151
0.031047
0.049955
0.064522
0.054510
0.041556
0.038607
0.028625
0.019237
0.018970
0.025696
0.038964
0.050900
0.026893
-0.008072
-0.013255
-0.014945
-0.013944
-0.000183
0.014294
0.023023
0.030544
0.048928
0.062934
0.052436
0.039114
0.035962
0.025868
0.016313
0.015863
0.022456
0.035582
0.047121
0.022912
-0.011995
-0.017203
-0.018805
-0.017419
-0.003214
0.011640
0.020348
0.027408
0.045361
0.058849
0.047960
0.034340
0.031036
0.020832
0.011247
0.010776
0.017395
0.030520
0.042142
0.017851
-0.017065
-0.022078
-0.023336
-0.021296
-0.006363
0.009194
0.018412
0.025704
0.043797
0.057300
0.046077
0.032037
0.028383
0.017802
0.007883
0.007234
0.013757
0.026757
0.038357
0.013932
-0.020800
-0.025576
-0.026678
-0.024259
-0.008863
0.007207
0.016802
0.024241
0.042385
0.055787
0.044407
0.030206
0.026422
0.015750
0.005726
0.005020
0.011528
0.024510
0.036233
0.011799
-0.022902
-0.027401
-0.028267
-0.025472
-0.009628
0.006861
0.016768
0.024289
0.042400
0.055731
0.044103
0.029619
0.025653
0.014785
0.004466
0.003596
0.009998
0.022837
0.034695
0.010460
-0.024038
-0.028234
-0.028841
-0.025726
-0.009524
0.007303
0.017496
0.025044
0.043021
0.056181
0.044693
0.030488
0.026734
0.016129
0.005923
0.005004
0.011362
0.024221
0.036201
0.012035
-0.022506
-0.026561
-0.026981
-0.023555
-0.007065
0.010001
0.020204
0.027434
0.045012
0.057893
0.046190
0.031898
0.028078
0.017424
0.006976
0.005806
0.011949
0.024626
0.036374
0.011839
-0.022761
-0.026892
-0.027550
-0.024269
-0.007922
0.008970
0.018808
0.025521
0.042725
0.055181
0.043191
0.028659
0.024845
0.014240
0.003622
0.002394
0.008523
0.021114
0.032650
0.008066
-0.026484
-0.030469
-0.031174
-0.027935
-0.011447
0.005736
0.015982
0.023185
0.040843
0.053635
0.040881
0.025214
0.020699
0.009355
-0.002162
-0.003746
0.002205
0.014426
0.025444
0.000778
-0.033571
-0.037899
-0.038927
-0.036228
-0.020171
-0.003425
0.006580
0.013839
0.031841
0.044509
0.031987
0.016527
0.012289
0.001273
-0.009830
-0.010831
-0.004228
0.008486
0.019446
-0.005001
-0.039056
-0.043548
-0.044767
-0.042222
-0.026179
-0.009254
0.001115
0.008948
0.027635
0.040953
0.029007
0.013988
0.010225
-0.000303
-0.011090
-0.011952
-0.005217
0.007616
0.018693
-0.005468
-0.039229
-0.043443
-0.044419
-0.041587
-0.025203
-0.007687
0.003396
0.011972
0.031351
0.045389
0.033788
0.018928
0.015221
0.004671
-0.006344
-0.007561
-0.001143
0.011478
0.022495
-0.001558
-0.035296
-0.039459
-0.040592
-0.037893
-0.021737
-0.004445
0.006468
0.014864
0.034132
0.048163
0.036521
0.021604
0.017755
0.007007
-0.004297
-0.005673
0.000668
0.013201
0.024087
-0.000002
-0.033647
-0.037990
-0.039473
-0.037160
-0.021424
-0.004460
0.006113
0.014145
0.033169
0.046915
0.035149
0.020162
0.016290
0.005530
-0.005838
-0.007190
-0.000747
0.011870
0.022813
-0.001295
-0.034947
-0.039442
-0.041009
-0.038770
-0.022694
-0.006787
0.002831
0.010943
0.030282
0.045086
0.033360
0.017148
0.011319
-0.001379
-0.011293
-0.009605
0.000004
0.016256
0.030441
0.004035
-0.034083
-0.040604
-0.041389
-0.037320
-0.020769
-0.004552
0.006407
0.017096
0.038257
0.054288
0.043052
0.027080
0.021292
0.008665
-0.001430
0.000001
0.009294
0.025127
0.038866
0.012473
-0.024631
-0.031472
-0.033020
-0.030235
-0.015015
0.000318
0.010307
0.019975
0.040326
0.055671
0.044953
0.030059
0.025172
0.013608
0.004206
0.005639
0.014808
0.030811
0.043691
0.017154
-0.021086
-0.028070
-0.029649
-0.026524
-0.011286
0.003656
0.013383
0.022741
0.042772
0.057750
0.045902
0.029611
0.023602
0.010817
0.000512
0.001902
0.011219
0.027055
0.040924
0.014553
-0.021756
-0.028739
-0.030747
-0.028279
-0.013263
0.002099
0.012077
0.021555
0.041758
0.056931
0.046132
0.031254
0.026372
0.014804
0.005220
0.006441
0.015438
0.031323
0.044242
0.017701
-0.020531
-0.027460
-0.029055
-0.025802
-0.010493
0.004478
0.014251
0.023564
0.043607
0.058519
0.046622
0.030303
0.024304
0.011491
0.000888
0.002148
0.011406
0.027141
0.041072
0.014819
-0.021026
-0.027888
-0.030088
-0.027925
-0.013139
0.002216
0.012270
0.021807
0.042166
0.057436
0.046440
0.031281
0.026143
0.014228
0.004244
0.005321
0.014306
0.030121
0.044344
0.017865
-0.020300
-0.026873
-0.028174
-0.024606
-0.009167
0.006111
0.016377
0.026185
0.046668
0.061887
0.050743
0.035317
0.029870
0.017592
0.007190
0.008267
0.017336
0.033085
0.047108
0.020930
-0.016572
-0.023504
-0.025725
-0.023745
-0.009590
0.004755
0.013895
0.022397
0.041961
0.056433
0.044493
0.028389
0.022629
0.010013
-0.000872
0.000151
0.009372
0.025168
0.039353
0.012942
-0.023480
-0.030363
-0.032360
-0.029602
-0.014556
0.001021
0.011589
0.021599
0.042544
0.058126
0.046590
0.030464
0.024804
0.012237
0.000868
0.001363
0.010149
0.025581
0.039362
0.012796
-0.022937
-0.029641
-0.031730
-0.028857
-0.013697
0.002192
0.013247
0.023779
0.045289
0.061435
0.050240
0.034245
0.028617
0.016034
0.004408
0.004635
0.013224
0.028489
0.042236
0.015810
-0.019762
-0.026372
-0.028653
-0.026020
-0.011238
0.004311
0.015010
0.025056
0.046219
0.062051
0.050735
0.034683
0.028994
0.016376
0.004535
0.004637
0.013202
0.028449
0.042337
0.015977
-0.019525
-0.026258
-0.028669
-0.026117
-0.011498
0.003938
0.014652
0.024726
0.046034
0.061946
0.050708
0.034658
0.028970
0.016361
0.004394
0.004427
0.013028
0.028319
0.042225
0.015982
-0.019546
-0.026348
-0.028873
-0.026491
-0.012072
0.003308
0.014075
0.024246
0.045797
0.061937
0.050902
0.034973
0.029371
0.016836
0.004820
0.004780
0.013390
0.028715
0.042688
0.016545
-0.019669
-0.026695
-0.029344
-0.027258
-0.013314
0.001471
0.011772
0.021560
0.042985
0.059058
0.048241
0.032526
0.027162
0.014856
0.003026
0.003233
0.012177
0.027782
0.041982
0.016143
-0.020255
-0.027329
-0.030127
-0.028314
-0.014657
0.000044
0.010420
0.020395
0.042198
0.058715
0.048251
0.032789
0.027654
0.015550
0.003706
0.003794
0.012678
0.028287
0.042352
0.016548
-0.019705
-0.026905
-0.029813
-0.027971
-0.014369
0.000436
0.011080
0.021414
0.043693
0.060660
0.050486
0.035027
0.029825
0.017615
0.005560
0.005453
0.014235
0.029781
0.043707
0.018309
-0.017577
-0.024900
-0.027927
-0.026127
-0.012688
0.002060
0.012712
0.022977
0.045287
0.062330
0.052234
0.036736
0.031456
0.019084
0.006750
0.006419
0.015129
0.030678
0.044726
0.019368
-0.016478
-0.023935
-0.027011
-0.025177
-0.011846
0.002797
0.013391
0.023521
0.045817
0.062851
0.052809
0.037267
0.031987
0.019621
0.007082
0.006622
0.015324
0.030890
0.045117
0.019898
-0.015863
-0.023467
-0.026635
-0.024920
-0.011822
0.002653
0.013173
0.023205
0.041773
0.059751
0.055544
0.041984
0.037196
0.027069
0.017447
0.019296
0.030132
0.048234
0.065759
0.051444
0.012159
0.004655
0.001764
-0.000702
0.009338
0.021656
0.028299
0.033786
0.049714
0.067137
0.064549
0.051985
0.048720
0.039679
0.029282
0.030052
0.039071
0.055537
0.072244
0.058023
0.018844
0.011174
0.008444
0.006729
0.016986
0.029907
0.038031
0.045655
0.063745
0.082858
0.080555
0.067611
0.063468
0.053790
0.043341
0.043862
0.052077
0.067743
0.084366
0.070900
0.032020
0.023814
0.019649
0.015728
0.023641
0.034012
0.039906
0.045487
0.062012
0.079938
0.077724
0.065218
0.061550
0.051743
0.040091
0.039981
0.047570
0.062556
0.078261
0.064001
0.025148
0.016585
0.012180
0.008744
0.016997
0.028262
0.036036
0.044549
0.064022
0.084295
0.083024
0.070687
0.067109
0.058198
0.048019
0.048739
0.057095
0.072833
0.090994
0.078385
0.039730
0.031159
0.026482
0.021992
0.028784
0.038412
0.044470
0.051006
0.068771
0.087769
0.086369
0.074043
0.070363
0.060510
0.048414
0.047725
0.054284
0.068161
0.083988
0.069808
0.030971
0.021961
0.016511
0.012319
0.019372
0.029701
0.037384
0.046565
0.066936
0.087890
0.087137
0.074857
0.071153
0.062222
0.051793
0.052200
0.060246
0.075646
0.093151
0.080640
0.041908
0.032972
0.027152
0.021312
0.026591
0.034905
0.040215
0.046543
0.064427
0.083802
0.082136
0.068406
0.063732
0.052939
0.040101
0.039213
0.045922
0.059607
0.075343
0.061411
0.022693
0.013216
0.006793
0.001139
0.006688
0.015855
0.022933
0.032205
0.053067
0.074827
0.074915
0.062502
0.058986
0.049546
0.037609
0.037205
0.045145
0.060405
0.077378
0.064007
0.024819
0.015683
0.009983
0.005088
0.010974
0.020580
0.028354
0.038579
0.060427
0.083098
0.083393
0.070200
0.065883
0.055654
0.042945
0.041816
0.048691
0.062736
0.078709
0.065322
0.026693
0.017862
0.011176
0.005561
0.010778
0.019945
0.027485
0.037549
0.059159
0.081560
0.081593
0.068226
0.063751
0.053557
0.040650
0.039273
0.045974
0.059881
0.075594
0.061934
0.023261
0.014469
0.007826
0.002652
0.008197
0.017727
0.025536
0.035691
0.057261
0.079556
0.079566
0.066080
0.061547
0.051553
0.038984
0.037674
0.044396
0.058277
0.073841
0.060329
0.021764
0.013026
0.006359
0.001427
0.007199
0.017015
0.024800
0.034527
0.055530
0.077424
0.077205
0.063613
0.059035
0.049244
0.036871
0.035481
0.041940
0.055546
0.070889
0.057326
0.018798
0.010116
0.003533
-0.000931
0.005263
0.015547
0.023534
0.033083
0.053759
0.075369
0.074881
0.061005
0.056237
0.046401
0.034107
0.032629
0.038855
0.052195
0.066917
0.053186
0.014863
0.006093
-0.000369
-0.004312
0.002381
0.013215
0.021439
0.030793
0.051107
0.072486
0.071802
0.057815
0.052991
0.043287
0.031173
0.029637
0.035668
0.048788
0.063355
0.049515
0.011178
0.002471
-0.003831
-0.007211
0.000009
0.011372
0.019840
0.029045
0.049034
0.070150
0.069257
0.055001
0.049996
0.040301
0.028209
0.026583
0.032359
0.045180
0.059591
0.045566
0.007265
-0.001335
-0.007512
-0.010357
-0.002667
0.009193
0.018032
0.027339
0.047255
0.068306
0.067345
0.052881
0.047732
0.038129
0.026014
0.024261
0.029834
0.042429
0.056937
0.042935
0.004727
-0.003743
-0.009735
-0.011995
-0.003879
0.008403
0.017606
0.027004
0.046817
0.067758
0.066807
0.052102
0.046820
0.037409
0.025195
0.023187
0.028414
0.040612
0.055151
0.041250
0.003071
-0.005398
-0.011418
-0.013277
-0.004850
0.007690
0.017212
0.026837
0.046754
0.067703
0.066806
0.051768
0.046315
0.037162
0.024681
0.022303
0.027205
0.039086
0.053484
0.039625
0.001519
-0.006942
-0.013018
-0.014686
-0.006216
0.006430
0.016132
0.025890
0.045827
0.066761
0.066147
0.050954
0.045424
0.036650
0.024147
0.021525
0.026179
0.037803
0.052707
0.039054
0.000822
-0.007621
-0.013589
-0.014807
-0.006086
0.006801
0.016867
0.026974
0.047131
0.068160
0.067682
0.052105
0.046363
0.037583
0.024956
0.022045
0.026333
0.037585
0.052401
0.038899
0.000992
-0.007329
-0.013229
-0.013917
-0.004916
0.008299
0.018714
0.028921
0.048919
0.069623
0.068682
0.052776
0.046659
0.037786
0.024941
0.021598
0.025322
0.036020
0.050298
0.036431
-0.001725
-0.010174
-0.016226
-0.016676
-0.007483
0.005878
0.016257
0.026068
0.045457
0.065625
0.064460
0.048110
0.041777
0.033123
0.020430
0.017110
0.020940
0.031687
0.045822
0.031615
-0.006554
-0.014753
-0.020783
-0.020982
-0.011430
0.002444
0.012928
0.022335
0.041087
0.060891
0.059468
0.042768
0.036370
0.028037
0.015644
0.012335
0.016001
0.026542
0.040614
0.032938
-0.004496
-0.015692
-0.021094
-0.024647
-0.016811
-0.002657
0.006747
0.014233
0.028126
0.048444
0.051576
0.038633
0.034988
0.030364
0.022609
0.023688
0.029534
0.041489
0.057431
0.054103
0.016285
0.002205
-0.003717
-0.009461
-0.003508
0.007086
0.012151
0.014815
0.023884
0.041478
0.044123
0.032658
0.028636
0.023159
0.014508
0.014996
0.019897
0.030269
0.045877
0.044359
0.009278
-0.003412
-0.010589
-0.016868
-0.010842
0.000800
0.007410
0.012609
0.024432
0.044738
0.049714
0.039111
0.035975
0.030987
0.021657
0.021216
0.024796
0.034088
0.048909
0.046536
0.009715
-0.003822
-0.010335
-0.015930
-0.009812
0.001576
0.008317
0.013829
0.026009
0.046374
0.051217
0.040241
0.036471
0.031339
0.021919
0.021539
0.025344
0.034816
0.049694
0.047372
0.011505
-0.001178
-0.008143
-0.014246
-0.008350
0.003276
0.010216
0.016008
0.028414
0.048894
0.053793
0.042638
0.038952
0.033999
0.024570
0.023960
0.027359
0.036343
0.050795
0.048155
0.012452
0.000050
-0.006769
-0.012377
-0.005817
0.006272
0.013480
0.019238
0.031378
0.051399
0.055660
0.044518
0.040818
0.035608
0.026158
0.025529
0.028717
0.037551
0.051998
0.049343
0.013946
0.002028
-0.004715
-0.009841
-0.002408
0.010528
0.018190
0.024017
0.035942
0.055310
0.058975
0.041338
0.033420
0.024128
0.010669
0.006728
0.008389
0.015650
0.025925
0.011359
-0.026248
-0.033714
-0.041865
-0.044408
-0.035486
-0.023125
-0.015420
-0.008838
0.007854
0.026477
0.024948
0.009242
0.003500
-0.004902
-0.015762
-0.015257
-0.003608
0.015903
0.036406
0.021967
-0.017327
-0.028152
-0.028077
-0.022827
-0.008652
0.008711
0.019450
0.026093
0.041092
0.057617
0.053468
0.035108
0.027158
0.016568
0.004643
0.003863
0.011775
0.027333
0.044384
0.027930
-0.013248
-0.023220
-0.025694
-0.022596
-0.009773
0.005603
0.014456
0.019593
0.033668
0.049190
0.044270
0.026155
0.018314
0.007556
-0.004389
-0.004439
0.005237
0.022556
0.041265
0.025262
-0.015578
-0.025160
-0.027094
-0.023805
-0.010812
0.004910
0.014382
0.020477
0.035590
0.051976
0.047538
0.029903
0.022477
0.011886
0.000109
0.000095
0.009505
0.026583
0.045133
0.029233
-0.011802
-0.021947
-0.024164
-0.021712
-0.009540
0.005115
0.013856
0.019798
0.035172
0.051964
0.047967
0.031025
0.024102
0.013587
0.001950
0.002307
0.012273
0.029843
0.048832
0.033398
-0.007350
-0.017538
-0.019935
-0.018437
-0.007167
0.006785
0.015272
0.021666
0.037874
0.055494
0.052107
0.035837
0.029341
0.018731
0.007079
0.007451
0.017251
0.034664
0.053712
0.038319
-0.002656
-0.013101
-0.015899
-0.015433
-0.005178
0.007735
0.015742
0.022531
0.039576
0.057943
0.055109
0.039367
0.033222
0.022552
0.010897
0.011447
0.021582
0.039339
0.058711
0.043749
0.002908
-0.007817
-0.010912
-0.011466
-0.002239
0.009723
0.017337
0.024472
0.042164
0.061123
0.058802
0.043617
0.037897
0.027414
0.015714
0.016258
0.026443
0.044263
0.063765
0.049150
0.008342
-0.002401
-0.005721
-0.007089
0.001318
0.012434
0.019646
0.026969
0.045087
0.064440
0.062402
0.047562
0.042146
0.031717
0.019900
0.020427
0.030557
0.048291
0.067806
0.053457
0.012617
0.001777
-0.001753
-0.003901
0.003808
0.014257
0.021184
0.028721
0.047242
0.066978
0.065186
0.050642
0.045483
0.035106
0.023152
0.023635
0.033782
0.051532
0.070870
0.056539
0.015566
0.004877
0.001037
-0.001788
0.005392
0.015309
0.021967
0.029619
0.048434
0.068428
0.066815
0.052546
0.047624
0.037277
0.025362
0.025926
0.036163
0.053983
0.073273
0.059199
0.018209
0.007722
0.003663
0.000221
0.007017
0.016634
0.023159
0.030987
0.050087
0.070319
0.069435
0.056261
0.052300
0.042883
0.031988
0.032993
0.043286
0.061232
0.080725
0.067145
0.026147
0.015887
0.012030
0.008283
0.014888
0.024206
0.030361
0.037773
0.056505
0.076580
0.075986
0.063443
0.060017
0.051779
0.042643
0.044611
0.055091
0.073075
0.092985
0.080805
0.040170
0.030224
0.025956
0.020683
0.025889
0.033294
0.037014
0.041201
0.056958
0.074943
0.073037
0.060040
0.056366
0.046866
0.035586
0.036367
0.045418
0.061787
0.079946
0.066054
0.025181
0.014214
0.009909
0.005057
0.011063
0.019686
0.025414
0.032949
0.052105
0.072633
0.072218
0.060592
0.057816
0.049536
0.040647
0.043070
0.054181
0.072785
0.093518
0.081926
0.041615
0.031504
0.027457
0.021940
0.027234
0.034895
0.039188
0.044675
0.061938
0.081124
0.080382
0.068684
0.065990
0.057735
0.048349
0.050289
0.059979
0.000147
0.001637
0.003542
0.005357
0.006712
0.007830
0.008719
0.009486
0.010186
0.010798
0.011544
0.012565
0.013592
0.014406
0.021861
0.037573
0.035219
0.014043
0.002870
-0.001514
-0.002542
0.004930
0.014135
0.016821
0.017821
-0.002719
-0.045581
-0.076942
-0.093611
-0.081793
-0.058002
-0.029327
-0.010864
-0.004375
0.004112
0.015553
-0.003069
-0.031849
-0.043578
-0.058605
-0.067606
-0.066701
-0.061448
-0.052169
-0.039054
-0.051391
-0.089012
-0.095223
-0.094584
-0.087039
-0.063397
-0.039813
-0.022950
-0.011363
0.000934
0.018432
0.010844
-0.015333
-0.035210
-0.056355
-0.068651
-0.062958
-0.050951
-0.036863
-0.019049
-0.026756
-0.061027
-0.064919
-0.072564
-0.081889
-0.073082
-0.060633
-0.050549
-0.041381
-0.028338
-0.010063
-0.015615
-0.038891
-0.054753
-0.070125
-0.078078
-0.068700
-0.053096
-0.035485
-0.014258
-0.021250
-0.055126
-0.058417
-0.065441
-0.074754
-0.066575
-0.054845
-0.044037
-0.032643
-0.016953
0.004024
0.001731
-0.018185
-0.031003
-0.044657
-0.051805
-0.042167
-0.026198
-0.007619
0.014699
0.008972
-0.025263
-0.029773
-0.038399
-0.050525
-0.045516
-0.036400
-0.026492
-0.014155
0.003723
0.027369
0.028279
0.011582
0.001706
-0.010091
-0.015964
-0.006050
0.010013
0.029247
0.051315
0.046392
0.011882
0.005521
-0.006981
-0.025077
-0.025531
-0.020777
-0.014016
-0.003404
0.013982
0.038060
0.039832
0.025557
0.017740
0.007625
0.002987
0.013843
0.030813
0.051075
0.073998
0.070356
0.035889
0.028247
0.013463
-0.008129
-0.012061
-0.009919
-0.004479
0.006925
0.024800
0.050299
0.054197
0.043068
0.036866
0.028244
0.025838
0.037333
0.054846
0.076156
0.100678
0.100714
0.067176
0.058708
0.041323
0.015430
0.007443
0.006423
0.009696
0.020289
0.037008
0.063246
0.069052
0.059855
0.054974
0.046667
0.044245
0.055786
0.073482
0.095290
0.120743
0.122587
0.089017
0.079457
0.060378
0.031110
0.019552
0.016023
0.018217
0.028696
0.045844
0.073589
0.081889
0.074706
0.070836
0.062287
0.059423
0.071377
0.089897
0.112764
0.139355
0.143571
0.110529
0.099381
0.077795
0.044452
0.028838
0.022306
0.023445
0.034400
0.052719
0.082655
0.094056
0.089336
0.086943
0.078682
0.075879
0.088307
0.107450
0.131173
0.158728
0.165275
0.132707
0.120351
0.096621
0.060553
0.041002
0.031762
0.032105
0.043541
0.063009
0.095700
0.110647
0.108279
0.107266
0.099139
0.095912
0.108243
0.127409
0.151544
0.179799
0.188239
0.155926
0.142501
0.116976
0.077434
0.054065
0.042000
0.041045
0.052375
0.072627
0.107306
0.125242
0.124974
0.125063
0.116867
0.113177
0.125629
0.145088
0.169809
0.198906
0.209635
0.177691
0.163031
0.135333
0.092093
0.064820
0.049883
0.047603
0.058791
0.079895
0.116585
0.137337
0.139004
0.140005
0.131601
0.127409
0.139979
0.159772
0.185088
0.214920
0.227777
0.196156
0.180069
0.150019
0.103254
0.072138
0.054637
0.051070
0.062087
0.083977
0.122921
0.146474
0.150233
0.152271
0.143997
0.139722
0.152554
0.172753
0.198616
0.228997
0.243308
0.211981
0.194734
0.162560
0.112708
0.078374
0.058789
0.054084
0.065161
0.088092
0.129085
0.155060
0.160540
0.163513
0.155616
0.151465
0.164553
0.185107
0.211415
0.242271
0.257808
0.226616
0.208506
0.174763
0.122537
0.085968
0.064564
0.058793
0.069382
0.092906
0.135462
0.163379
0.170221
0.174294
0.167543
0.163945
0.177382
0.198183
0.224830
0.256101
0.272308
0.241083
0.222380
0.187686
0.133849
0.095962
0.072978
0.065998
0.075439
0.099406
0.143345
0.172475
0.181321
0.187365
0.182611
0.180466
0.194600
0.215378
0.241949
0.273248
0.290220
0.258892
0.239820
0.204277
0.148966
0.110132
0.085620
0.077210
0.085014
0.108656
0.153166
0.183051
0.194023
0.201566
0.197883
0.196295
0.210591
0.231054
0.257312
0.288491
0.306150
0.274638
0.255111
0.218522
0.161702
0.121740
0.095673
0.086116
0.093075
0.116903
0.162212
0.193075
0.206015
0.214849
0.212104
0.210969
0.225405
0.245627
0.271704
0.302885
0.321378
0.289677
0.269707
0.232165
0.173984
0.132633
0.105099
0.094607
0.100678
0.124676
0.170815
0.202775
0.216900
0.226731
0.224651
0.223722
0.238189
0.258183
0.284077
0.315175
0.334201
0.302368
0.282030
0.243549
0.184058
0.141253
0.112316
0.101010
0.106333
0.130533
0.177428
0.210322
0.225411
0.235918
0.234214
0.233340
0.247812
0.267666
0.293461
0.324522
0.344107
0.312238
0.291528
0.252166
0.191522
0.147349
0.117244
0.105331
0.110065
0.134431
0.181873
0.215461
0.231121
0.242063
0.240683
0.239809
0.254210
0.273974
0.299691
0.330690
0.350677
0.318822
0.297844
0.257847
0.196376
0.151158
0.120184
0.107757
0.112151
0.136676
0.184609
0.218747
0.235014
0.246423
0.245406
0.244726
0.259171
0.278775
0.304288
0.335132
0.355441
0.323675
0.302619
0.262138
0.200065
0.154217
0.122718
0.109865
0.114112
0.138793
0.187095
0.221816
0.238447
0.250023
0.249036
0.248135
0.262273
0.281616
0.306928
0.337588
0.357841
0.326094
0.305046
0.264328
0.201995
0.155789
0.124015
0.111023
0.115334
0.140168
0.188736
0.223897
0.240530
0.251856
0.250541
0.249154
0.262856
0.281954
0.307077
0.337541
0.357868
0.326281
0.305198
0.264278
0.201784
0.155317
0.123413
0.110234
0.114842
0.139950
0.188809
0.224325
0.240947
0.252146
0.250684
0.249062
0.262457
0.281330
0.306252
0.336472
0.356679
0.325289
0.304259
0.263305
0.200867
0.154478
0.122699
0.109523
0.114396
0.139497
0.188292
0.223972
0.240268
0.250976
0.248881
0.246602
0.259397
0.277912
0.302553
0.332532
0.352481
0.321298
0.300348
0.259439
0.197195
0.150928
0.119344
0.106359
0.111732
0.137037
0.185898
0.221655
0.237488
0.247680
0.245019
0.242302
0.254612
0.272792
0.297114
0.326727
0.346324
0.315332
0.294516
0.253724
0.191807
0.145987
0.114913
0.102314
0.108462
0.133895
0.182692
0.218614
0.233728
0.243412
0.240184
0.236899
0.248634
0.266472
0.290510
0.319865
0.338972
0.308102
0.287530
0.247306
0.186185
0.141055
0.110727
0.098688
0.105817
0.131390
0.179691
0.215535
0.229835
0.238391
0.233987
0.229524
0.240424
0.257931
0.281797
0.310956
0.330010
0.299204
0.278573
0.238740
0.178100
0.133371
0.103651
0.092117
0.100178
0.125492
0.173098
0.208843
0.221834
0.229325
0.224152
0.218839
0.229119
0.246488
0.270344
0.299505
0.318331
0.288021
0.268070
0.229249
0.170061
0.126468
0.098014
0.087599
0.096850
0.122551
0.170178
0.206279
0.218633
0.225801
0.220400
0.214511
0.224172
0.241158
0.264732
0.293738
0.311819
0.281521
0.261901
0.223888
0.165544
0.122477
0.094736
0.084693
0.094614
0.120324
0.167633
0.203693
0.215496
0.222238
0.216537
0.210091
0.219212
0.235990
0.259444
0.288343
0.305679
0.275506
0.256280
0.218703
0.161124
0.119115
0.090756
0.080859
0.090300
0.116554
0.165916
0.202230
0.212363
0.214666
0.203369
0.195814
0.207887
0.229992
0.259654
0.294608
0.313847
0.281761
0.257182
0.222897
0.167411
0.125836
0.097220
0.085387
0.089304
0.111650
0.156690
0.185875
0.199334
0.208122
0.205189
0.205447
0.223129
0.248154
0.279135
0.314474
0.334822
0.302392
0.279898
0.243056
0.184750
0.143034
0.113017
0.099091
0.101752
0.123144
0.167511
0.196795
0.210030
0.218552
0.215014
0.214362
0.231367
0.256136
0.287242
0.322485
0.342734
0.309728
0.284449
0.246325
0.185873
0.141454
0.110159
0.096137
0.097821
0.118744
0.162971
0.191700
0.206602
0.217430
0.216369
0.217760
0.236060
0.261592
0.293226
0.329066
0.350260
0.317268
0.291744
0.253257
0.192142
0.146812
0.115528
0.101635
0.102351
0.122870
0.167615
0.197562
0.213783
0.226174
0.226428
0.228291
0.246599
0.271832
0.303168
0.339017
0.359895
0.326586
0.301432
0.262789
0.201033
0.154550
0.123428
0.109476
0.109260
0.129791
0.175454
0.207114
0.224560
0.237547
0.237561
0.238664
0.256382
0.281076
0.312129
0.347763
0.368981
0.335464
0.309835
0.270314
0.207098
0.158514
0.125920
0.110415
0.109032
0.129063
0.174372
0.205391
0.222167
0.234147
0.232762
0.232792
0.250322
0.275315
0.306606
0.342317
0.365722
0.332755
0.307746
0.266572
0.201960
0.151242
0.116950
0.100752
0.099832
0.120607
0.166806
0.197728
0.213961
0.225008
0.223585
0.224023
0.242192
0.268070
0.299897
0.336892
0.363870
0.331184
0.308020
0.268453
0.206070
0.156756
0.124872
0.112250
0.115511
0.140973
0.193206
0.232962
0.254130
0.268000
0.267197
0.266202
0.281477
0.303903
0.333146
0.367665
0.388870
0.355335
0.330422
0.290430
0.225454
0.173464
0.137945
0.120570
0.118250
0.139016
0.186672
0.220860
0.244321
0.258806
0.260130
0.260103
0.279659
0.305210
0.335779
0.371314
0.413520
0.396698
0.364249
0.317173
0.247026
0.188108
0.148823
0.128135
0.120597
0.130211
0.171612
0.206599
0.223768
0.231621
0.230002
0.226116
0.242805
0.263698
0.288472
0.320255
0.351799
0.331226
0.305827
0.264798
0.197887
0.137188
0.095227
0.072942
0.067053
0.077564
0.120023
0.149161
0.166766
0.170955
0.164999
0.160264
0.180480
0.209514
0.242161
0.279112
0.325185
0.312874
0.285115
0.238434
0.167728
0.104042
0.062403
0.043368
0.044684
0.061065
0.108349
0.141901
0.158282
0.164297
0.162048
0.159443
0.178363
0.204199
0.233652
0.269029
0.307061
0.289344
0.265720
0.225942
0.161599
0.101946
0.062299
0.044751
0.047240
0.065581
0.115118
0.150805
0.171545
0.178198
0.174565
0.171168
0.190680
0.217504
0.248213
0.284316
0.327061
0.314123
0.288918
0.244791
0.176863
0.113383
0.071575
0.052524
0.053666
0.071485
0.121022
0.157346
0.172472
0.176831
0.171567
0.166242
0.183083
0.206695
0.234401
0.267816
0.305046
0.289415
0.266760
0.224503
0.157377
0.093062
0.049527
0.029188
0.030166
0.047616
0.097371
0.129935
0.148469
0.152491
0.146344
0.141895
0.161484
0.189531
0.220935
0.256983
0.301054
0.291349
0.267441
0.220807
0.149540
0.081970
0.037394
0.017014
0.019444
0.036485
0.086781
0.119701
0.134970
0.138503
0.134151
0.130130
0.148574
0.175370
0.205382
0.240476
0.281066
0.266694
0.245311
0.204730
0.139581
0.077837
0.038292
0.023804
0.033101
0.057675
0.114555
0.158406
0.178073
0.185331
0.182422
0.177652
0.193845
0.217359
0.245883
0.280474
0.318077
0.299538
0.274911
0.235544
0.170889
0.109087
0.067423
0.048532
0.051326
0.070669
0.122107
0.160268
0.177608
0.183359
0.180157
0.175328
0.191688
0.215144
0.242962
0.276279
0.313388
0.297566
0.275744
0.233146
0.165435
0.101180
0.059049
0.041012
0.045350
0.066939
0.120873
0.161481
0.180014
0.186543
0.183232
0.178467
0.194247
0.217083
0.244780
0.277872
0.314688
0.296893
0.272502
0.231857
0.165859
0.103263
0.061788
0.043461
0.047614
0.067332
0.119363
0.158605
0.176476
0.183423
0.180907
0.176619
0.192521
0.215105
0.241920
0.274327
0.310156
0.293637
0.271699
0.230416
0.164772
0.102904
0.062662
0.045678
0.050788
0.072273
0.125848
0.167538
0.186438
0.194076
0.192459
0.188615
0.203806
0.225471
0.251512
0.283368
0.317896
0.299315
0.275912
0.236837
0.172562
0.111900
0.071987
0.054720
0.058926
0.079057
0.131357
0.172588
0.191417
0.199435
0.197457
0.192580
0.206904
0.228084
0.253898
0.285388
0.319807
0.301061
0.277513
0.237881
0.173011
0.112378
0.072765
0.055773
0.060336
0.080967
0.133895
0.176367
0.195791
0.205171
0.204896
0.201233
0.215544
0.236475
0.261978
0.293555
0.326949
0.307186
0.284551
0.246607
0.183783
0.125358
0.087367
0.071358
0.075813
0.096638
0.149777
0.194188
0.214253
0.223696
0.222580
0.217505
0.230091
0.249648
0.274284
0.305007
0.337705
0.317009
0.293880
0.256041
0.193121
0.134700
0.096737
0.080522
0.084418
0.104992
0.157952
0.203261
0.225451
0.235637
0.234655
0.229491
0.241381
0.260376
0.284584
0.314999
0.346338
0.326326
0.302888
0.263285
0.198695
0.139263
0.100185
0.082267
0.083911
0.101779
0.152606
0.195276
0.215675
0.225469
0.226099
0.222282
0.235042
0.255066
0.279913
0.310707
0.342125
0.322123
0.299195
0.260814
0.197870
0.140670
0.103814
0.087943
0.091498
0.111006
0.163034
0.208600
0.230699
0.242454
0.243743
0.239948
0.251581
0.270470
0.294353
0.324798
0.353611
0.331976
0.309592
0.271580
0.209117
0.152163
0.114312
0.095885
0.095166
0.110097
0.158025
0.197799
0.215888
0.224312
0.225355
0.220763
0.231701
0.251362
0.276538
0.307019
0.334131
0.311240
0.290718
0.252158
0.189906
0.134818
0.100581
0.086881
0.094394
0.117334
0.173075
0.222825
0.246945
0.259206
0.261219
0.257703
0.268513
0.286714
0.310062
0.339980
0.367527
0.344026
0.320862
0.285189
0.225444
0.173206
0.138089
0.120261
0.122265
0.139622
0.188471
0.232575
0.252239
0.261763
0.261627
0.256181
0.265595
0.283234
0.306037
0.335183
0.362007
0.339418
0.318737
0.282458
0.222165
0.170166
0.134599
0.116100
0.118634
0.135756
0.184228
0.227076
0.245174
0.253008
0.251907
0.245917
0.254923
0.272859
0.296260
0.325669
0.352209
0.329678
0.307900
0.271619
0.212054
0.161428
0.125863
0.107188
0.110188
0.126412
0.172982
0.213463
0.229065
0.235556
0.235066
0.228805
0.236473
0.254562
0.278988
0.308974
0.336016
0.317594
0.294965
0.261973
0.205031
0.156754
0.124176
0.108964
0.116887
0.131031
0.177409
0.224896
0.243323
0.247237
0.242301
0.232657
0.239586
0.258387
0.282760
0.313246
0.345302
0.335042
0.308315
0.273272
0.214077
0.161043
0.124875
0.104536
0.103097
0.108864
0.148100
0.186570
0.201945
0.207818
0.210867
0.209067
0.219795
0.242426
0.268282
0.300956
0.335019
0.324371
0.296717
0.267193
0.212804
0.162352
0.130652
0.113586
0.111904
0.116465
0.154347
0.193292
0.211687
0.221391
0.227225
0.225386
0.235466
0.258080
0.284075
0.317899
0.352469
0.339045
0.311579
0.282217
0.227651
0.175866
0.141541
0.122449
0.115825
0.116920
0.152335
0.187167
0.202950
0.209768
0.214313
0.211442
0.221244
0.244166
0.271200
0.304448
0.337202
0.321573
0.298763
0.266364
0.206856
0.150141
0.112423
0.093054
0.090890
0.097378
0.141607
0.181916
0.199699
0.206833
0.210186
0.206795
0.217450
0.243333
0.274324
0.310371
0.348885
0.341456
0.314928
0.277671
0.213550
0.149753
0.104895
0.078415
0.069761
0.070481
0.109323
0.141528
0.154249
0.157048
0.161033
0.159461
0.171461
0.201228
0.236005
0.274810
0.315025
0.307081
0.284771
0.251313
0.189893
0.127358
0.085305
0.064959
0.066449
0.076612
0.126160
0.170994
0.191276
0.199668
0.203715
0.200248
0.210451
0.237681
0.270963
0.309383
0.351428
0.344622
0.319207
0.283457
0.219708
0.153771
0.106824
0.079610
0.072008
0.075933
0.119370
0.156427
0.171979
0.176289
0.180376
0.177797
0.188622
0.218965
0.254849
0.294959
0.336887
0.330186
0.307188
0.271833
0.206231
0.135922
0.086141
0.058635
0.054081
0.059757
0.108374
0.148228
0.167612
0.173428
0.175293
0.170460
0.181433
0.211995
0.249106
0.289384
0.332040
0.326266
0.304384
0.265121
0.195644
0.122552
0.072685
0.046990
0.046470
0.056580
0.110093
0.156070
0.178557
0.186958
0.191825
0.189017
0.198850
0.226842
0.261765
0.300983
0.340143
0.329436
0.307866
0.270540
0.203781
0.134224
0.085632
0.059721
0.058794
0.068987
0.121963
0.168678
0.190378
0.197966
0.201336
0.197518
0.206825
0.233925
0.267893
0.305907
0.344599
0.335204
0.313441
0.275091
0.206859
0.136029
0.087215
0.061301
0.060129
0.069465
0.121556
0.168658
0.190471
0.198967
0.203231
0.200851
0.211147
0.238970
0.273131
0.311614
0.353916
0.347877
0.324478
0.289261
0.225319
0.158620
0.112204
0.086986
0.083606
0.091207
0.138180
0.183002
0.204024
0.213284
0.219860
0.218728
0.228418
0.252742
0.281669
0.316099
0.350643
0.337619
0.316143
0.281603
0.217938
0.150887
0.102926
0.075424
0.069858
0.074865
0.121555
0.161870
0.179167
0.183249
0.185181
0.179732
0.187366
0.214684
0.248479
0.285647
0.324457
0.316182
0.296204
0.259001
0.192052
0.123210
0.077739
0.056405
0.060900
0.074826
0.130704
0.184473
0.210476
0.223087
0.229412
0.228265
0.237797
0.263515
0.295130
0.332605
0.371683
0.361006
0.334608
0.301320
0.240372
0.177600
0.133045
0.106967
0.099968
0.103360
0.145277
0.185135
0.203088
0.210600
0.216570
0.214505
0.223493
0.248023
0.276847
0.310945
0.345568
0.334335
0.313149
0.276935
0.211147
0.142897
0.095624
0.069660
0.065806
0.071546
0.118620
0.159586
0.177821
0.183729
0.187262
0.183408
0.192332
0.218724
0.251050
0.287391
0.323673
0.313101
0.291582
0.253563
0.187807
0.122273
0.076879
0.054112
0.055345
0.067737
0.121962
0.169599
0.191519
0.198013
0.199032
0.195417
0.208367
0.234409
0.266042
0.303088
0.342031
0.332644
0.304982
0.269930
0.205746
0.141321
0.094028
0.065969
0.057804
0.059428
0.103015
0.135446
0.151363
0.151616
0.148667
0.141498
0.154644
0.180957
0.212011
0.245824
0.285659
0.284162
0.262514
0.222015
0.151437
0.083538
0.039857
0.022634
0.031754
0.051029
0.110664
0.164050
0.189432
0.198657
0.199169
0.195038
0.208564
0.233792
0.264484
0.301030
0.340378
0.330593
0.299081
0.265165
0.203637
0.142557
0.097729
0.071147
0.063187
0.063699
0.104700
0.135884
0.151192
0.151857
0.150004
0.143910
0.157947
0.184094
0.214331
0.247997
0.287357
0.284435
0.262993
0.223921
0.155625
0.090392
0.048747
0.032863
0.042008
0.059973
0.118111
0.170399
0.194854
0.203234
0.202535
0.197385
0.210495
0.234852
0.264460
0.300040
0.338522
0.329280
0.300518
0.265889
0.204406
0.143926
0.100249
0.074943
0.067668
0.069936
0.111398
0.143717
0.159748
0.161233
0.159234
0.153782
0.168914
0.195495
0.226053
0.260187
0.297933
0.294195
0.272273
0.231494
0.163067
0.098304
0.056240
0.038389
0.043770
0.057444
0.111248
0.157256
0.178679
0.184585
0.182407
0.176623
0.190376
0.214678
0.243888
0.278019
0.314386
0.298095
0.270633
0.234797
0.172562
0.112840
0.070210
0.046820
0.043013
0.052742
0.095271
0.123865
0.134197
0.135667
0.134398
0.130159
0.144483
0.169126
0.198366
0.231517
0.266776
0.250114
0.230316
0.194091
0.133626
0.078890
0.045598
0.037049
0.053819
0.084210
0.147977
0.204818
0.233274
0.247542
0.248784
0.244516
0.255961
0.275402
0.301719
0.334964
0.363830
0.339001
0.315246
0.281413
0.223564
0.171957
0.137593
0.121990
0.123175
0.140259
0.191354
0.237243
0.257752
0.266362
0.263518
0.255980
0.266240
0.284941
0.309861
0.340860
0.371113
0.349066
0.324732
0.286175
0.221576
0.164575
0.127046
0.109613
0.110558
0.128492
0.179062
0.223687
0.245777
0.256267
0.255071
0.249431
0.260995
0.280571
0.306492
0.338381
0.369124
0.345790
0.320741
0.284015
0.223113
0.171349
0.137009
0.120612
0.121760
0.138664
0.187312
0.230977
0.251687
0.261378
0.259422
0.253172
0.264108
0.282276
0.306411
0.336793
0.366401
0.343474
0.318521
0.281577
0.220085
0.167359
0.132849
0.116351
0.116896
0.133120
0.181411
0.224103
0.244399
0.254092
0.252515
0.246697
0.258033
0.276433
0.300770
0.331354
0.360727
0.337507
0.312304
0.275749
0.215083
0.163713
0.129929
0.114058
0.115379
0.132256
0.180424
0.222840
0.242914
0.252414
0.250714
0.245026
0.256660
0.275127
0.299510
0.330076
0.359469
0.336524
0.311145
0.274421
0.213595
0.162215
0.128554
0.112839
0.114172
0.130969
0.178824
0.220949
0.240940
0.250538
0.248942
0.243314
0.255098
0.273448
0.297659
0.328209
0.357474
0.334496
0.308440
0.271572
0.210613
0.159103
0.125502
0.109918
0.111168
0.127406
0.175160
0.216886
0.236719
0.246495
0.245249
0.000480
0.007768
0.017852
0.026647
0.032780
0.037152
0.040305
0.042686
0.044808
0.047147
0.049727
0.052230
0.054245
0.055908
0.056804
0.057095
0.056793
0.055758
0.054057
0.050356
0.047445
0.044526
0.041004
0.036501
0.037118
0.056969
0.103930
0.151968
0.196255
0.236059
0.272172
0.307439
0.345026
0.388874
0.449998
0.549235
0.682436
0.791302
0.889778
0.971515
1.041180
0.000185
0.004823
0.010683
0.015114
0.018228
0.020073
0.020926
0.021051
0.020602
0.019554
0.017916
0.017253
0.036548
0.059415
0.053334
0.044898
0.046076
0.048030
0.055357
0.069025
0.085197
0.100058
0.101327
0.064153
0.030270
0.006241
-0.003098
-0.004625
0.002566
0.009179
0.007266
0.004388
0.015853
0.014236
-0.006737
-0.020888
-0.027624
-0.042372
-0.046036
-0.043973
-0.036957
-0.026453
-0.029384
-0.065883
-0.087609
-0.095660
-0.098261
-0.093687
-0.078468
-0.064847
-0.051891
-0.034811
-0.007270
