-6.582884
-0.815735
1.285907
1.745640
2.565888
3.485959
3.797682
4.938453
6.023980
7.604198
9.051999
10.668318
12.655790
14.874190
17.142334
-0.000007
-0.000000
-0.000001
0.000001
-0.000001
-0.000001
-0.000001
-0.000000
0.000000
-0.000000
0.000000
0.000001
0.000000
-0.000001
0.000001
0.000000
-0.000002
-0.000001
0.000002
0.000020
-0.000009
-0.000159
-0.000051
-0.000152
0.000000
-5.165794
1.547755
1.819697
2.470940
3.237306
3.313488
4.406617
5.323679
5.654758
8.059344
6.904739
9.551319
8.812036
9.538347
10.736349
12.953940
0.000402
-0.000000
0.000000
-7.896340
-8.258938
-7.348352
2.302995
-1.562774
-20.059996
-12.352104
-10.380860
-7.739569
-11.317778
9.032153
11.999354
15.534859
19.892891
20.059982
0.000002
-0.000000
-0.000001
0.000000
-0.000000
-20.050854
-18.959675
-11.543209
-11.950970
-14.307724
-6.675706
-3.374928
-3.619835
-14.665943
-9.747441
1.947035
4.261543
4.741211
-4.757756
-3.921245
-2.134244
-1.532957
-0.957080
-0.481396
1.528693
1.815965
6.707504
1.486171
1.791963
7.840170
6.159905
4.831993
3.898690
-18.018547
3.397079
5.617261
5.457705
5.515591
4.166956
-0.286240
1.177201
1.149500
1.845983
2.321963
3.143740
-16.223551
-20.059990
-16.257151
13.508341
10.787352
11.844532
-15.715393
-13.673154
-11.030344
-6.743171
15.298644
12.468797
8.824986
5.590387
-5.963353
-3.848967
-3.709140
-2.362632
-0.902859
0.204781
0.811435
-18.976875
7.099595
4.821991
3.894201
7.315063
-16.785597
-14.698577
-11.960454
10.930119
9.259819
6.429611
4.711237
-6.977071
-4.173124
-2.996830
-2.735656
-0.320684
0.527193
2.323973
4.442237
-16.742744
6.251331
4.848502
4.451593
8.298037
-15.824822
-14.224029
-11.577648
12.178552
11.511955
8.698164
6.278142
3.636445
1.813426
-2.191230
-0.949492
1.147883
3.531797
3.994511
-16.911489
-18.715034
-11.614900
14.222995
11.215813
11.070317
-15.038562
-13.486303
-10.534911
13.015898
11.657092
7.971785
5.773717
1.277771
-3.458207
-1.788323
-1.747600
-0.516407
1.018648
2.184500
4.062665
-19.970156
-3.073399
8.204935
6.890735
9.447537
-16.440891
-14.180131
-11.601989
17.392904
9.251700
7.055045
5.631404
3.596504
-4.796514
-2.734960
-2.602315
-1.760585
0.612198
1.727802
0.983938
-20.054577
-15.101235
10.806802
8.135782
9.863859
-15.648550
-13.872109
-11.576532
-7.014345
13.054614
11.165123
8.277622
5.148494
2.728096
-3.883006
-2.553183
-0.108943
1.792606
3.235718
-12.078440
-17.200203
-11.827560
10.887043
9.208078
10.840504
-13.702146
-12.324257
-9.919422
12.373425
11.780317
8.222545
6.383510
4.098841
-1.539413
-0.602996
-0.849075
0.160220
1.102561
2.987514
4.991487
-19.802912
-13.826158
11.412208
8.948192
10.673372
-15.393227
-13.803662
-11.275047
13.308178
11.961602
8.784923
6.141175
3.372537
1.577520
-1.664989
-0.654322
1.953258
3.541195
4.620689
-17.380436
-19.724960
-13.621948
15.118222
11.427993
10.733215
-16.082283
-14.144135
-11.088202
-14.459007
17.020075
12.860044
9.137493
5.677701
-4.624260
-2.683167
-2.432906
-1.369563
-0.129332
0.952535
1.716148
-16.539940
6.895129
4.323293
3.289851
6.585066
-16.457047
-14.555568
-11.550540
14.528034
7.576934
6.250608
5.369364
3.453472
-3.105893
-2.345125
-2.347445
-1.401865
0.537595
2.535386
3.080349
-17.221827
-12.524287
9.302245
7.788940
10.206665
-14.554659
-13.446506
-10.700194
-7.009183
15.091778
13.983752
10.326684
6.492401
3.806083
3.936270
-0.421891
2.262005
4.056091
5.287246
-17.137075
-19.933363
-14.020812
14.923271
11.702168
11.311291
-15.832116
-13.835973
-10.546640
-13.376294
18.359213
15.115310
9.897041
5.335079
2.679737
-2.931741
-1.651448
0.710104
0.720006
1.278028
-0.443825
-18.205235
6.682255
3.783253
2.264097
3.124805
-15.907495
-14.856618
-12.307088
-9.384403
11.760659
10.908903
8.668293
6.141487
-1.472342
-2.474723
-2.437417
0.209633
1.770985
3.129129
4.101194
-16.381496
-12.321209
9.172261
6.890312
8.892985
-15.298413
-13.442234
-11.038225
-6.134036
13.799402
12.419160
9.581020
6.253402
3.747839
-3.892523
-0.822145
-0.092934
2.468101
3.533464
-15.307737
-19.687088
-13.369165
13.120793
10.685262
11.109627
-14.437535
-13.235906
-10.473521
-12.278703
16.654474
13.848763
10.182292
6.179059
-3.503271
-2.070582
-0.883394
1.802155
3.090453
5.625972
-16.108189
-15.957318
-9.048054
12.456868
10.513433
11.157904
-14.136894
-12.406423
-9.383260
19.283653
10.795990
8.799194
6.968234
4.692831
-3.959864
-1.932568
-1.691228
-0.628070
1.696014
3.065558
1.685250
-20.059065
5.777865
4.930994
3.976007
7.169071
-17.765614
-15.679831
-12.653769
17.039724
8.441277
6.892584
5.768054
3.783122
-4.083296
-2.208062
-2.117664
-1.032796
1.775818
3.965760
1.812679
-20.057463
-16.480164
11.520152
8.784750
10.313763
-16.401255
-14.329507
-10.937078
-5.749781
15.997397
14.603502
11.173946
7.605301
4.682744
-2.823173
-2.609459
-1.577558
1.321924
4.090874
-17.004406
-20.058317
-14.257937
14.682425
11.548292
11.970946
-15.874781
-13.892655
-10.831983
-12.992203
18.391014
15.631258
12.242809
8.199543
5.166285
-2.917264
-0.430786
0.031672
2.781868
4.200371
-17.113037
-20.021809
-13.769844
14.798632
11.443506
11.548738
-16.157562
-13.647270
-10.924721
13.981333
12.480171
9.620277
7.184701
-1.418998
-3.364250
-1.407532
-1.219530
-0.028962
1.943620
3.017549
-3.846260
-20.054939
3.972536
6.502575
4.429408
6.383192
-17.689219
-16.512922
-13.622890
-7.922672
12.306548
10.615887
8.614530
6.032521
-7.939365
-4.203142
-1.759085
-0.803768
1.081099
2.798973
2.704705
-20.055471
-15.109885
9.777673
7.428937
9.503421
-15.723396
-13.910110
-11.189769
-5.789123
13.053962
11.748345
9.228597
6.219572
-1.725762
-3.353230
-3.105326
-2.011399
0.904434
1.821543
1.670136
-16.279497
-12.311396
8.406193
6.718294
8.935873
-14.582874
-13.136905
-10.870783
-6.035032
13.071430
12.001069
9.369905
6.069547
3.498171
-2.533307
-0.779780
2.186854
3.639811
4.719442
-15.389991
-18.228245
-11.473778
13.047992
10.854804
11.299146
-14.116502
-12.781634
-9.681923
-4.496611
15.094081
13.949392
10.792955
7.174806
4.154391
-2.636349
-2.496055
-1.447986
1.164868
3.558736
3.267748
-19.865723
-14.212144
10.071041
7.736852
9.578725
-15.782377
-13.633370
-10.954652
-5.958206
15.474785
13.639869
10.749879
7.675904
5.158215
-2.997665
-2.484417
-0.867886
1.266150
3.356611
1.158100
-19.819021
5.919055
4.110757
2.579998
5.037141
-17.631550
-16.507215
-13.436944
-7.855719
11.739539
10.494412
8.732085
5.967104
-5.607607
-2.964004
-1.557610
1.397918
2.748247
5.435965
-12.294930
-17.774195
-10.767951
12.446819
10.958694
12.360867
-13.700504
-12.282852
-9.297126
-12.388927
19.679716
16.792906
12.581944
8.446962
4.853127
-4.172710
-1.080966
-0.554199
1.477336
4.640857
-3.510607
-19.091961
-14.313719
11.420786
7.929833
8.401049
-17.206039
-14.921922
-11.533685
-6.186801
14.909664
13.478796
10.365670
6.931698
4.573272
-4.827921
-2.924443
-1.954954
0.419976
2.078125
0.776322
-20.059994
5.569539
3.618189
2.440500
4.854454
-17.620323
-17.167887
-13.181011
-7.563131
12.738288
11.988786
9.201853
5.931453
-5.138978
-3.272197
-3.202692
-0.093112
0.235476
2.772593
3.606873
-16.487551
6.812701
4.484856
3.810374
7.440928
-16.802649
-14.186294
-11.353601
-6.382689
14.922201
13.138671
10.426936
7.584331
5.353417
-4.022458
-0.960811
-1.228764
1.457450
2.890404
0.495235
-20.059191
-15.578514
10.477403
7.390577
8.218088
-16.797234
-14.902187
-11.955546
-6.420832
13.341791
12.483526
9.388303
5.637897
3.155438
-5.507073
-1.772975
1.197861
2.993495
4.532462
-16.365215
-19.395704
-12.953734
13.430085
10.978885
-11.167191
-10.949188
-8.988329
-6.307025
-2.285177
17.286604
14.890654
10.673883
6.653628
-6.242186
-3.798189
-2.394083
-1.533351
0.048962
2.434394
1.994722
-14.816397
6.489213
3.362800
2.285432
5.242620
-16.433496
-14.396617
-11.202085
13.778228
6.803863
5.824042
5.348636
-6.345829
-3.884225
-1.800482
-1.793140
-0.431445
0.966090
3.062319
3.942204
-14.726231
5.864951
4.132160
3.249207
6.033112
-16.939705
-14.693181
-12.140532
-7.050294
13.208095
12.459890
9.557184
5.733784
2.906233
3.002594
-0.368638
2.710315
4.838873
5.066601
-16.543146
-18.641684
-7.679016
12.021280
9.376900
-13.480231
-12.609327
-10.112812
-7.712819
-8.329837
18.927828
16.986549
11.459593
5.962844
2.582894
-2.810791
-1.307960
-0.139310
3.876969
4.904771
-16.580425
-16.844843
-9.957157
13.228183
10.275445
9.518370
-15.330811
-13.309900
-10.409978
-5.615323
13.991747
12.845491
8.980482
5.821381
3.401688
-3.896991
-2.583309
-1.560093
0.981386
3.188112
2.923910
-15.025218
6.067104
3.794337
3.200009
6.475343
-16.675749
-14.234880
-11.036041
8.683483
10.948225
9.387433
7.858525
5.788417
-3.953515
-1.936458
-1.292417
0.258253
1.299079
3.666463
4.531134
-17.458321
7.358044
4.398203
3.041436
5.644778
-17.676804
-15.872883
-12.948735
-7.550289
13.709239
12.724447
10.272296
7.000993
4.494663
-4.160943
-0.981348
2.394734
4.370447
5.732966
-16.722792
-18.067831
-12.161211
13.193415
10.277868
9.984246
-16.160576
-14.171392
-11.158328
-5.822739
16.369780
15.225233
11.038278
5.969633
2.741405
2.888976
-1.769547
0.692121
4.940834
5.863473
-16.624685
-18.586552
-19.284454
13.937818
13.192785
-12.575941
-10.853383
-9.017774
-11.369209
-4.733033
20.059982
20.060003
16.085133
10.458075
7.188168
9.633911
0.348787
2.552764
6.184230
8.186583
-19.333731
-20.059990
-17.352581
-12.353498
20.059998
-11.722169
-10.633818
-9.123712
-7.053007
-8.989708
-7.119882
20.059992
20.059984
14.980958
10.768786
11.047661
-5.168057
-0.577189
3.235980
5.471403
-20.059984
-20.059999
-16.147966
16.618679
-16.911879
17.600584
-12.203959
-11.172396
-9.269142
-6.280153
12.307329
11.082945
9.680048
8.168320
5.511450
5.189522
-6.809666
-6.126161
-3.727220
-1.932652
1.170747
4.484749
3.518842
2.765893
2.372763
-20.059986
13.035780
-15.438212
-13.682627
-10.820066
18.348743
8.146238
6.354276
5.318305
4.220398
-9.064414
-4.037549
-3.571927
-1.129403
1.064668
3.806951
4.380242
-16.784653
5.395787
2.251545
0.726652
3.562217
-17.571056
-17.981802
-13.939989
-7.790247
14.088029
13.729079
10.366535
5.885571
3.276534
3.407264
0.272814
2.750803
4.683336
6.473587
-19.312569
-18.582876
-12.831997
14.995358
10.037122
8.642789
-17.432655
-16.487673
-19.437994
-5.909194
-4.951900
-8.320752
19.490963
18.453190
12.414385
-4.737126
6.026041
4.332504
5.545358
0.318093
2.656740
8.718092
7.752008
-18.255234
-16.812960
-9.907264
16.882135
9.561588
-17.915344
9.940638
-16.194149
-12.258202
-7.664669
19.564924
-6.120227
13.814570
12.564616
9.012398
-11.105641
-5.083364
-4.350341
-3.340004
-1.965469
-0.473320
1.011466
3.477530
-7.254754
5.758888
2.536640
0.698452
3.679444
-16.982655
-14.354009
-11.316216
-8.747411
-2.005825
6.286132
6.137836
4.657763
-6.513158
-4.911618
-3.438797
-2.837658
-0.870531
-0.959095
2.779788
2.608004
2.720644
2.469585
2.412160
6.359161
-14.324059
-13.154860
-11.480796
13.624491
8.418058
7.447553
5.846289
3.471986
1.136410
-3.341196
-1.111286
0.791767
3.733913
5.212085
-7.431128
-17.896830
-18.448872
0.177802
10.292020
8.026292
-16.266867
-13.873662
-10.437686
-6.002855
-7.162965
19.019953
16.012274
11.565158
4.692923
-3.904110
-5.628185
-3.247593
-0.847869
2.149474
4.905348
-14.142748
-9.768947
-5.840839
7.930523
-10.065965
-9.854650
-13.579520
-4.602439
-2.470419
15.074567
14.385269
11.485509
4.824795
1.560400
7.282717
0.606069
0.263625
2.153625
0.000000
-5.633140
-0.681353
2.420605
2.775145
4.272306
4.469642
5.061656
5.866796
6.867373
7.090243
8.353662
9.190089
10.917045
12.560407
14.682940
0.000002
-0.000033
0.000001
0.000001
0.000001
0.000001
0.000000
-0.000000
-0.000000
-0.000494
0.000000
-0.000118
-1.060038
1.778733
0.217544
-0.000000
-0.000001
0.000002
-0.000000
0.000000
0.001757
-12.143547
-9.493544
-6.875550
-3.958715
-0.584529
-4.137378
-18.996538
-11.837209
17.017904
-13.194136
-15.362161
-12.231324
-5.649421
-5.213268
-4.615928
-4.171302
19.870602
9.942580
6.822148
5.051082
-8.372572
-7.169707
-5.856463
-2.226038
-0.198201
1.862761
5.635338
5.939309
3.823693
1.376375
1.413290
4.197360
-17.157013
-13.992442
-11.881543
6.175659
11.880007
10.075939
7.685216
5.326551
-6.093146
-2.208441
-0.545150
0.304457
2.677929
4.724829
3.318669
-0.834142
-17.987812
7.157784
5.179932
5.409566
-17.393375
-14.799188
-11.676345
-8.601830
12.441922
10.326362
7.893317
5.276788
-7.164646
-3.717430
-2.653314
-1.724852
0.633847
1.680042
3.041541
-1.171051
5.578662
1.712403
0.701686
3.079061
-15.570738
-13.807041
-12.196176
-8.342086
10.682364
10.104892
8.132504
5.705013
-7.478953
-3.814797
-1.855392
0.412462
2.720798
4.669774
6.058297
0.202128
-9.338266
4.315598
2.537325
3.306910
-16.216076
-13.664080
-11.676649
-7.481977
16.087542
8.279113
6.876276
4.575947
2.099382
-5.008013
-3.028392
-1.155581
1.567685
1.937494
4.757867
-0.644106
4.827202
1.785389
0.639164
3.576774
-14.505423
-12.899785
-10.865648
-8.597192
10.348842
10.582416
8.645170
6.039727
3.665975
-3.465019
-2.911311
-1.088516
1.587908
2.824827
3.970337
-0.045235
-7.767222
4.569116
2.599767
-6.459758
-13.211321
-11.073430
-9.680350
-6.681593
16.653536
9.556143
8.295851
5.980267
3.649016
-3.837151
-2.003349
-0.079682
2.783180
4.146902
5.435744
-2.000529
-1.514829
3.318657
1.885155
3.991798
-16.778854
-14.170054
-11.975529
-7.658460
17.907011
9.194603
8.049956
6.046330
3.609036
-4.298647
-3.792226
-2.862212
0.185839
2.074761
2.992573
-3.519502
-10.306553
5.889630
3.618187
4.956638
-15.339478
-13.610118
-11.938805
-8.110600
15.682150
7.794078
6.787113
4.775012
-6.953805
-4.628229
-2.852534
-0.839591
2.151262
3.564545
4.976553
0.516074
-8.293152
4.917134
3.024413
4.255610
-13.982417
-12.284988
-11.143711
-7.361878
16.118570
8.299822
7.500610
5.486250
3.075072
-4.639912
-2.338732
-0.191010
2.898801
4.563730
5.764908
-1.265769
-9.902623
5.371455
3.134951
4.420035
-15.525339
-13.271949
-10.777564
-7.516147
17.584473
8.929353
8.162868
6.258845
3.747604
-4.710203
-1.453392
-1.924247
1.056991
1.572461
5.064471
-3.167444
-10.031199
6.105118
3.870319
5.195498
-15.321221
-13.450408
-11.644524
-7.686514
12.376479
11.443497
9.284585
6.351328
-6.578843
-2.953225
-0.995485
0.988750
3.417014
5.862883
5.329421
-3.184700
-0.390054
2.691208
0.820752
1.576828
-16.994944
-16.112520
-13.378064
-8.688875
10.971354
10.806779
8.542165
5.507875
-7.361234
-3.562345
-1.785370
0.157417
2.390825
3.000460
6.599634
-2.563230
0.745749
3.104104
1.196084
3.173193
-17.007053
-14.585743
-11.673759
-8.568278
12.266113
11.706940
9.302013
6.580310
3.969804
-3.523470
-1.863678
-1.493600
1.159341
3.547951
4.501923
4.266461
-12.717171
6.590768
3.818098
4.267177
-17.206913
-14.454109
-11.790754
-8.251307
13.276136
11.942200
9.423182
6.434974
3.860132
-3.432620
-0.902494
1.186969
3.848029
5.021786
8.292389
-4.933566
5.552867
1.235160
-0.478885
-16.288351
-17.159248
-13.609397
-11.096899
-6.777345
18.290115
9.808430
8.218070
6.203457
3.865719
-4.956173
-3.466338
-3.499117
-0.449835
0.786079
3.686210
-3.464753
5.828502
1.682166
0.528707
2.715482
-16.683880
-14.397970
-11.804325
-9.550865
9.923279
10.363225
8.218094
5.810246
-6.132347
-3.674138
-1.669725
1.181893
3.444467
5.836339
10.021923
1.173045
4.168883
0.381110
-1.169908
-1.977665
-17.048031
-14.915841
-12.613784
-8.236581
16.118996
5.838879
7.822528
6.335234
4.057582
-6.725385
-4.112856
-1.532362
1.384691
2.868128
5.770315
-1.285568
4.824454
2.029470
0.365972
3.063930
-16.488237
-14.379128
-11.413272
-8.428859
17.015343
9.599011
8.437256
6.627641
4.359603
-4.414854
-2.863686
-1.815874
0.254477
2.316712
3.315770
-2.922258
5.089157
1.746429
0.592294
2.678454
-17.277185
-15.199096
-12.440731
-9.559591
15.753058
8.791244
7.550269
5.574285
3.400614
-4.768507
-2.807511
-0.589890
1.949477
3.655210
7.319415
-0.770025
4.840923
1.261394
-0.276543
1.304233
-16.990433
-15.259118
-12.891131
-9.073724
15.609995
5.876811
7.951672
6.376806
4.049910
-7.639441
-4.999305
-1.538197
0.884851
1.448288
5.052531
0.228158
5.137299
1.905977
0.565943
3.320228
-14.835281
-13.073778
-11.732842
-8.702821
9.987697
9.886962
7.647547
4.999751
2.842102
-4.783725
-2.079298
0.444944
3.165924
4.025220
6.189033
2.965747
3.927397
1.034392
-0.578179
-11.253634
-15.334929
-12.407169
-9.657141
-6.945451
12.665243
12.320467
9.877514
7.002680
4.194433
-3.022886
-1.270032
-0.144618
2.121929
2.531336
5.323036
5.292379
3.512760
1.425525
0.432436
1.884648
-17.367369
-15.464748
-12.224896
6.245908
8.377829
7.523146
5.584366
3.698870
-5.290612
-2.707830
0.475598
2.307264
3.199275
6.118708
7.524770
-1.343664
5.189515
1.117205
-0.581494
-16.510960
-16.186626
-12.482841
-10.334084
-7.034036
18.788517
9.787843
7.920145
5.797404
3.625347
-4.433961
-2.697042
-3.350527
-0.003529
2.292042
4.805314
-2.341122
5.726674
1.516921
-0.370135
1.179152
-17.172693
-14.670057
-11.833906
-9.562172
13.718775
7.240705
6.154539
4.406992
-7.990568
-3.573605
-1.894903
0.421306
2.351624
2.933317
6.448534
8.869878
3.357612
2.037324
1.443870
-15.199082
-13.122396
-10.344636
-8.333644
-4.123352
19.255358
11.618484
9.503323
7.039838
4.817798
4.173060
-3.774520
-0.077577
2.675474
5.331890
6.464033
-13.921859
-9.477124
11.048543
7.152853
6.312785
-17.009218
-13.727144
-11.217378
17.267105
9.697800
7.940227
5.271757
3.697811
-5.634213
-2.071808
0.129456
1.857908
3.385256
4.592989
5.809128
9.879059
3.302332
1.601546
0.707180
1.793031
-17.733799
-17.540115
-14.201697
-11.018434
18.825975
8.772133
6.839840
4.946248
3.056770
-7.281424
-4.408622
-0.184075
1.396023
3.951192
4.684596
4.000245
-15.331112
9.049563
5.128489
4.857491
-17.194319
-15.654053
-13.046486
-9.988823
18.469933
9.374195
6.998813
4.783947
2.648263
-4.218799
-2.871213
-3.332202
0.224350
2.408746
5.368278
8.691679
3.678745
1.453231
0.466245
1.844133
-17.590778
-16.841875
-13.488631
-10.680625
12.077808
10.892098
7.809931
4.950042
-8.894525
-3.637747
-1.188864
0.860334
3.300091
5.936776
8.298822
9.203134
5.523105
0.603137
-1.092099
-0.494609
-17.175797
-17.106741
-14.400146
-10.608080
16.900248
8.469327
7.231447
5.464425
3.413798
-4.933366
-2.549058
-0.094609
2.919234
4.721030
6.307902
6.623187
5.487166
1.664021
-0.333851
0.851267
-17.363110
-17.504955
-14.204480
-11.011173
10.835325
10.355326
7.661376
5.088973
-8.265704
-2.914505
-1.297651
-0.699840
1.314166
3.302776
5.653589
8.610786
3.610839
1.183525
0.314491
1.428690
-17.251255
-15.740694
-13.123602
-9.850254
11.734761
11.018792
8.248742
5.539499
3.000127
-3.438343
-1.274592
1.684122
4.584288
7.057993
7.674326
8.687264
5.371158
0.953354
-1.346358
-1.091085
-17.191368
-17.596737
-14.427378
-10.972055
15.687056
7.860505
6.769414
5.023243
-7.530324
-4.902544
-2.610870
0.713177
2.970897
3.823301
5.775416
10.662063
3.208285
1.628484
0.849541
2.866847
-17.498585
-15.540154
-12.830017
-9.402639
13.193813
11.926383
8.866619
6.045856
3.400306
-6.161964
-4.308768
0.544318
3.507036
6.728353
9.012073
5.303128
5.706343
1.100642
-1.754287
-17.243547
-18.202385
-14.556015
-11.621009
16.442764
8.892395
7.391492
5.015033
3.197699
-5.578396
-0.914538
0.777976
1.601135
3.177941
6.269572
6.897539
12.183810
3.305319
0.677433
-2.016248
-17.646383
-17.975494
-13.498429
-10.766447
17.813519
10.368747
8.272175
6.100358
3.988350
-7.901342
-2.518482
-0.115004
3.934476
5.864068
6.356834
10.656737
-15.054444
10.277791
5.036784
1.757582
0.642341
-17.593224
-18.166412
-14.912618
-11.529437
11.596767
10.065681
6.947573
4.805623
-9.180223
-3.934312
-1.638924
-0.209561
2.053073
4.926060
5.063741
10.789040
3.519301
1.449643
-1.424765
-17.542767
-17.213762
-12.654078
-9.998753
17.298946
15.450665
5.752590
4.834285
3.647947
-9.923736
-3.051199
-0.940120
1.423799
3.914707
6.213263
8.637850
6.085911
6.097447
1.741938
-0.811653
-0.292351
-17.428684
-17.908907
-14.708647
-11.410614
16.653135
8.515268
6.833368
4.950356
2.863799
-4.241077
-2.446783
-2.711127
0.587091
3.032799
6.896210
10.264796
3.581151
1.266761
0.092285
1.074395
-17.592451
-16.840080
-13.380772
-1.856754
15.649830
7.105013
5.756869
4.095498
-8.970186
-2.851803
-1.037302
0.315381
2.963686
2.783949
8.716400
11.325419
3.219479
0.730821
-0.249103
0.340811
-17.589573
-17.156065
-14.143210
-10.617168
17.187670
9.222962
7.489340
5.565681
3.464286
-5.267179
-2.710706
1.029539
2.658670
3.013707
8.196877
11.570619
2.912746
0.750001
-0.985182
0.413085
-18.225494
-16.966087
-13.367633
15.023982
8.054613
6.706319
4.569591
2.979806
-6.885090
-2.603987
-0.351429
1.613069
3.370443
6.709579
7.863729
4.043015
6.375118
0.828646
-3.445979
-17.468817
-18.231855
-15.797534
-12.708678
-9.295978
17.950241
10.927380
8.729123
6.344148
-7.647252
-2.259016
-0.388618
0.858163
3.375954
5.910634
7.291106
13.169163
3.208819
0.639084
-2.277115
-0.478690
-18.214415
-17.125597
-13.890424
-10.298927
18.492100
10.601388
7.880411
5.354372
3.773175
-3.729463
-1.871115
-1.391973
0.985362
2.023861
6.874728
11.068024
3.368559
1.391793
-1.234133
1.051292
-17.644108
-16.909515
-13.946094
13.772532
11.602957
3.386878
3.049580
1.886372
-9.237131
-4.388745
-1.975956
0.791151
4.052690
7.571453
9.930622
5.907746
5.730678
0.924763
-3.450784
-2.498405
-17.886169
-18.297720
-15.543158
-11.321668
15.274227
7.808974
6.521290
4.107453
2.044456
-4.635668
-1.902682
0.889064
3.804500
6.161950
9.928230
13.518815
2.909731
0.448815
-2.276726
-0.960992
-18.019188
-16.770092
-12.924918
14.623797
13.947330
4.739484
4.713968
3.893943
-9.292709
-3.808157
-1.214714
0.753139
4.520858
5.257801
7.731523
11.751240
2.566090
0.685835
-1.741343
-0.799701
-18.338644
-18.379385
-14.667208
-11.110981
17.878046
9.243456
7.829375
5.693532
3.728091
-4.741793
-2.137342
1.200808
3.842808
6.495014
8.399918
5.374862
5.862501
1.226473
-4.136486
-1.040238
-17.645678
-18.241238
-15.046771
-11.761586
15.482565
8.258951
6.814139
4.749583
-8.618720
-3.064074
-0.793142
1.518660
3.439736
7.578531
8.289549
6.565426
5.856255
1.527097
-2.767065
-3.516794
-18.015333
-17.385597
-13.678925
-10.267972
17.467672
10.045358
8.452792
6.296095
3.984864
-2.605226
-0.479517
1.620579
4.125652
6.706482
9.450663
4.619284
6.293172
1.464330
-2.502895
-14.701136
-18.060261
-15.323028
-12.464899
-1.287003
18.186747
9.717586
8.112241
5.776706
3.948945
-4.465072
-1.512621
1.705150
4.970695
7.180762
10.755877
-15.713474
9.945486
4.972387
-0.522653
-0.133534
-18.100803
-18.192312
-14.514374
-11.316942
11.859035
9.903097
7.619989
4.991996
-8.959612
-2.772985
-0.330067
0.812307
2.760561
5.172865
9.701820
12.774118
3.220187
0.425467
-3.066772
-1.133472
-18.066132
-16.900814
-12.867831
14.596424
13.466388
5.997195
6.209689
5.564713
4.899841
-3.597786
-0.813083
3.801115
5.629959
6.587856
10.636431
8.176958
3.940272
-0.066617
-3.842224
-2.461528
-18.231014
-18.777210
-17.665661
-12.932646
14.620261
8.320417
8.090046
5.762769
3.846431
-4.612649
-1.639065
2.570508
4.296083
7.171726
8.502194
0.579754
6.874166
1.648494
-3.310190
-2.556430
-18.148129
-18.756140
-16.319626
-12.980988
15.524045
7.768319
6.490689
5.085510
-6.705785
-4.041682
-2.570118
1.892698
3.344661
7.748553
9.762803
14.036084
2.877146
0.454853
-3.845613
-17.830164
-18.190804
-14.271529
-10.327297
18.220478
16.414047
11.769161
4.956452
5.412248
4.524320
-4.898638
-4.825468
-0.606098
2.646615
4.383923
9.228470
16.415699
3.181413
0.556156
-2.257302
-17.949081
-18.374550
-15.818878
-12.426785
-6.053594
17.865311
6.260911
6.330712
5.761420
4.750103
4.113779
5.946676
-2.245739
2.104016
5.628788
9.363079
-4.388613
6.584420
1.976537
-1.586019
-17.793110
-18.454029
-18.043388
-14.569272
-10.731214
18.459713
8.501061
7.733862
4.767224
-11.942990
-4.636829
-2.440826
-1.045457
1.317349
2.530724
6.482435
11.372320
3.696863
0.923301
-3.991120
-1.787671
-18.199360
-17.749727
-13.778483
13.756433
11.668099
4.005838
4.195533
3.842779
-5.849872
-2.512280
-2.185500
1.310233
4.276360
6.376507
11.030443
15.477597
3.262333
-0.232948
-5.221611
-2.451976
-18.194307
-18.085068
-14.311440
15.015320
13.069007
3.934368
4.380179
4.047719
3.770240
-5.909560
-2.356893
2.740957
5.020572
7.570044
10.352603
-17.800659
9.803385
4.521712
-2.047211
-17.727283
-18.356581
-15.967336
-12.417975
-9.286792
15.554370
13.453973
9.387065
5.801496
2.988346
-3.582640
-0.674188
1.912326
4.342635
6.830240
8.934084
14.751539
3.317639
-0.076764
-6.086891
-3.766704
-18.198195
-18.647570
-15.388197
-12.313967
15.248172
7.896985
6.551962
5.043349
3.018867
-3.308602
-3.148693
0.026750
2.978498
6.525838
9.090536
14.647363
3.502838
0.374462
-5.066444
-2.254511
-18.097273
-17.488686
-13.716211
13.744404
11.771706
3.776648
3.461848
2.567863
-2.843657
-4.601879
-1.096271
3.161878
5.848171
8.008771
10.633975
14.740154
3.087319
-0.078703
-5.558468
-2.925486
-18.273472
-18.300362
-15.031226
-11.388767
17.246529
9.517201
7.659876
4.761471
3.440535
-5.669927
-2.219043
1.945085
3.890019
7.108891
10.833749
12.987400
2.963648
0.048713
-4.482670
-17.887869
-18.222492
-15.916481
-12.606888
16.172136
13.416722
4.648472
3.724962
2.215425
-7.175807
-1.791831
0.137380
2.533067
3.909586
6.817892
11.542233
15.048911
3.215317
-7.278002
-5.319787
-2.704266
-18.686110
-17.660915
-13.593100
15.413092
12.886743
4.807245
4.291442
3.061629
-9.470579
-2.757245
0.034968
3.325305
5.363250
7.567783
11.145050
16.408020
3.176147
-1.200759
-6.303968
-17.976910
-18.207991
-17.361231
-13.947618
-10.359701
18.341986
10.005274
7.829697
5.711955
3.907769
-4.646801
-1.481835
2.047760
3.304230
5.678240
9.453052
4.040802
6.500218
0.872623
-4.800252
-3.050888
-18.041159
-18.598036
-15.681561
-12.546990
15.531672
9.153605
7.289069
4.962527
-5.128469
-2.558920
0.278297
3.453684
3.672814
7.840626
12.419898
16.387310
3.169401
-0.487929
-6.666851
-16.733223
-18.184978
-16.663401
-12.986259
15.279234
12.790920
4.721749
4.191831
2.773594
-7.620238
-2.471155
0.109361
3.251070
5.725010
9.173008
12.180287
16.370281
3.036323
-1.161908
-7.547809
-4.841599
-18.206453
-18.570328
-16.874729
-12.914898
15.157403
7.652914
6.697158
4.483071
3.663363
-5.929531
-2.069086
2.465677
4.412456
5.948735
9.624580
13.528168
3.085731
-0.344004
-5.509977
-3.326311
-18.046041
-18.228794
-15.060714
-11.430925
15.979263
9.152618
7.645761
5.541977
3.567828
-3.427221
-0.433903
2.733880
2.491370
7.033634
11.331437
14.972330
3.341811
-0.261197
-6.484120
-4.083194
-18.040508
-18.409674
-14.908085
12.356816
10.650965
3.459691
3.419812
2.733554
-7.840914
-2.411397
0.148862
2.754617
3.727625
8.020541
11.267108
15.715450
3.139041
-8.007051
-6.138772
-2.924665
-18.474825
-17.680128
-13.740480
13.772856
11.833129
4.234594
3.856267
2.778388
-7.153068
-2.141438
0.271377
2.783871
4.083046
7.878124
11.447218
16.953728
3.106674
-1.307329
-8.028786
-5.178844
-18.054739
-18.482294
-15.180165
-11.879182
15.360762
8.781308
7.405511
5.360006
3.658908
-3.968322
-0.564453
2.741778
2.925494
7.117868
11.923551
14.331409
3.358808
-0.430255
-6.413964
-4.033303
-18.156488
-18.608915
-15.364947
-12.324743
15.493808
8.651437
7.051469
4.964677
-5.672539
-3.950218
-0.816215
2.327436
2.204825
6.950040
11.087032
15.700295
3.315941
-0.191679
-6.894410
-4.248958
-18.029053
-18.302011
-14.750099
0.576200
12.447404
5.898822
5.307779
4.170368
-7.564052
-2.348646
-0.282178
1.879517
2.431774
7.999626
11.919120
16.757160
3.462191
-1.114318
-8.735428
-5.754077
-17.908850
-18.398771
-15.217299
11.345133
9.111959
2.774248
3.247726
1.854323
-7.830667
-2.547866
0.276698
3.571099
5.642442
8.658938
12.409833
16.384315
3.173456
-0.892069
-7.770943
-4.894969
-18.221102
-18.200157
-14.498107
-11.610698
14.228096
9.353711
8.074838
6.489168
-5.643890
-1.338888
0.375726
2.341347
3.421288
8.297585
13.052442
16.870581
3.294682
-0.686072
-8.588803
-5.546419
-18.044598
-18.412872
-15.319471
11.746166
9.334110
6.890204
1.264893
2.087931
-8.119036
-3.870270
-1.824006
0.917516
3.506384
6.213033
10.341464
15.760704
3.719781
0.263454
-6.032528
-3.361235
-18.089340
-18.115187
-14.455651
12.801489
10.355018
7.927905
1.253124
2.450103
-7.105394
-5.601390
-3.355207
-0.645222
1.630493
3.199367
10.586863
14.648473
3.681638
0.331762
-1.916257
-3.044813
-17.513872
-17.905352
-14.908816
11.511522
9.200716
6.641575
1.201650
1.860398
-8.127223
-3.773773
-1.244898
1.198457
2.796263
7.492061
13.006269
18.358047
4.709666
1.083878
-0.722753
-5.903844
-17.703403
-18.098366
-15.564370
-11.993894
15.417241
12.247173
8.616190
2.030071
2.734325
-9.240199
-4.679599
-2.549161
-0.082005
2.360364
3.837091
10.853269
15.635304
5.076488
1.747228
-0.395301
-5.009484
-2.856157
-18.015284
-17.402111
-13.350211
12.069056
9.447299
6.606308
3.362126
4.101728
-7.457351
-3.096518
-1.427938
0.887667
3.442603
5.290039
11.739291
17.361073
2.815238
-0.235566
-1.748261
-2.641875
-17.618111
-18.045132
-14.104455
12.627171
10.182253
7.684513
3.583766
4.412131
4.227671
-3.855798
-2.024723
0.798638
3.505288
7.173800
12.508542
20.025000
4.705774
1.676674
-0.536727
-5.307957
-17.793283
-18.079077
-17.719196
-14.547901
14.282830
10.070618
4.511765
3.464435
-9.776979
-5.258127
-1.266576
0.192407
2.454870
4.645858
8.124620
14.120442
10.947945
5.354509
2.590747
-0.202722
-2.336048
-6.886259
-17.613312
-17.946676
-17.180168
-14.222175
11.220078
7.578690
2.470474
1.940235
-9.944077
-5.139879
-1.935451
0.597365
2.482624
5.832878
10.878236
14.460542
8.135809
3.993829
1.382180
-0.507993
-7.694048
-4.910621
-17.999773
-17.244514
-13.524974
11.160566
8.835641
6.055705
0.897577
1.335521
-9.768749
-4.679663
-1.717595
0.912710
3.688083
8.367721
14.102237
18.162182
4.290133
-0.650493
-3.169404
-6.735583
-16.970579
-15.101042
-11.774052
-11.158448
11.972080
10.439013
8.452394
9.138799
9.156819
8.886752
0.136064
3.503468
6.882094
11.763571
15.692964
-0.237152
8.054325
-9.839499
-8.788323
-7.834475
-5.813936
-18.980841
-18.630493
-15.726779
-12.096877
14.345390
11.723000
5.428137
4.193371
-10.087123
-7.116282
-2.392895
0.333216
3.496051
5.762601
7.201821
11.268525
15.592299
5.048131
0.651575
-1.686354
-8.109625
-17.439131
-17.433168
-13.249527
-10.215177
13.406595
9.592906
5.899530
3.468354
4.461818
-6.038897
0.974111
3.175044
5.311440
7.772395
10.904503
19.854721
20.059446
3.163074
1.465818
-11.085623
-8.340935
-18.169161
-17.965734
-16.700678
-12.400686
12.039514
8.957248
3.046022
5.071870
5.755678
-5.907161
-1.904813
-0.130110
2.952371
5.674543
9.994201
13.083391
17.037409
2.261534
0.384100
-9.294577
-6.861569
-18.121429
-18.197256
-14.475256
-11.684953
12.788066
10.279626
5.093792
4.877113
-7.828544
-4.140596
2.209599
3.352449
5.440841
9.058574
12.909348
20.059029
20.059658
1.159416
-0.101248
-11.988708
-8.893285
-18.142622
-17.978661
-14.404539
-10.819001
11.290732
8.912110
4.535549
5.605514
-7.330216
-2.978340
0.695301
2.205109
4.585688
10.215465
18.905127
20.060001
9.784415
3.505250
-1.716232
-14.245757
-10.293034
-17.854649
-17.762726
-16.287245
-13.255394
11.171244
8.344186
6.194888
7.564920
-6.245968
-1.736433
1.194057
2.855463
5.249784
7.165591
12.271233
15.342342
8.004530
0.702009
-9.564863
-7.165146
-18.011841
-18.140011
-15.615403
-11.495143
12.060253
9.607965
7.044849
5.512811
6.357465
-4.878952
-1.348200
1.250092
3.543453
7.029030
12.377651
19.814724
9.131053
1.701021
-10.527557
0.000000
-6.026211
-0.937985
1.424268
2.678633
3.179200
4.290432
4.873497
6.009552
6.726137
7.972753
8.808208
10.329554
11.688020
13.848312
15.854470
0.000262
-0.000000
-0.000000
0.000000
-0.000003
0.000000
-0.000000
-0.000001
-0.000000
-0.000000
0.000000
-0.000000
-0.000000
0.000000
-0.000001
-0.000006
0.000000
0.000002
-0.000002
-2.787473
-0.003819
-0.000003
-0.000001
-17.801336
-6.081766
-0.306929
4.348040
7.663404
11.143313
0.000018
0.000001
-0.000006
-15.890698
-12.692252
-12.231091
-11.644920
-12.849719
-13.282053
-13.116812
-12.975098
-12.675925
-6.406908
-6.464084
-6.304101
-6.202189
0.000000
-6.532379
-0.573352
1.437567
2.058548
3.375713
3.672605
4.875915
5.362416
6.716942
7.373849
8.886096
9.885962
11.398829
13.178534
15.297649
