-6.583994
-2.123542
4.158934
2.573878
4.300038
5.879314
7.631325
9.346520
10.444056
11.636069
12.981751
14.705064
16.883190
-0.000135
-0.000355
-0.032816
-0.000000
-0.000000
-0.000000
0.000000
-0.000000
0.000001
0.000005
0.000008
0.000010
0.000009
0.000007
0.000002
0.000000
-0.000000
-12.898784
-7.731212
-4.527615
-2.324465
-2.524615
-3.272857
-2.808567
-2.299572
-0.122944
0.000000
-5.055508
-1.482745
5.678160
4.200580
4.919370
6.474949
-6.502294
-17.808672
6.302257
7.366865
7.150378
10.814260
-17.233395
-9.132236
-5.012651
-3.630024
18.709171
20.018532
20.057604
3.974815
4.687512
4.725744
8.049826
15.634773
19.918835
0.000000
-16.020655
-12.635022
-7.772230
-5.618258
-3.827325
-1.613904
-19.769247
-14.314502
-10.710298
-9.242644
-9.068178
19.856306
20.059965
-6.408695
4.036471
5.834731
4.655153
4.577661
4.718221
3.473581
-5.184579
-7.537614
-3.941352
-15.199700
-15.905218
-14.052517
-13.231738
-11.530020
-9.576029
-7.804781
12.310304
20.052433
-3.725621
5.279268
6.620639
9.945524
10.468225
12.614190
13.249557
11.199542
-4.616333
-20.059284
-20.059990
1.883286
-18.908733
-14.122169
-10.708502
-8.746771
-7.104681
-6.738056
20.059816
16.733089
10.745001
16.730497
-3.644176
2.680907
2.053891
3.732350
1.935835
0.758386
0.696667
-20.059725
-16.107716
-12.074772
-10.563663
-10.281553
-10.028275
-9.257502
-7.808869
-6.882756
19.977415
15.695633
20.060051
19.757381
2.899420
5.086280
4.222905
4.021990
3.071402
2.439026
2.888589
-19.128569
-11.405538
2.885348
-18.537025
-13.992447
-10.608395
-8.544433
-6.538730
-1.122975
19.620222
15.166636
20.059347
20.059359
4.788445
5.874584
6.507318
6.873663
5.943921
4.978304
-19.113407
-19.149504
-17.643448
-17.836321
-13.223557
-9.885932
-7.805473
-6.499463
-5.347733
-4.350607
20.034990
18.221352
11.741344
19.695576
19.634869
1.448931
1.944681
4.521905
2.923660
1.829120
-20.059635
-20.059675
-17.153759
10.841955
-18.448370
-14.079441
-11.069664
-9.015464
-7.266403
-6.195028
20.059624
17.476786
20.059500
20.059399
3.069392
4.220449
4.284298
5.003077
4.364225
3.456472
4.095143
-20.059696
-15.977690
-16.343782
-13.638444
-11.209665
-9.672818
-8.450774
-6.938370
-6.085851
20.058712
17.247852
13.480800
20.059637
0.167581
4.230756
3.132626
3.964740
3.234414
2.202239
2.783945
-19.193756
-14.292547
-17.759901
-10.981042
-10.250747
-9.764528
-8.908821
-7.404820
-5.829794
20.038654
17.264933
12.734914
20.059996
1.716052
5.262924
4.797931
5.813791
4.941860
4.093867
4.730316
-19.080505
-17.466000
5.597476
-20.059996
-14.355259
-10.832495
-8.684175
-6.587188
-5.293980
20.059273
18.239222
20.057787
20.059683
2.592507
5.802348
5.749899
6.973770
6.660614
5.595508
-20.059580
-20.059563
-16.365009
-16.604216
-13.838509
-11.214793
-9.318101
-7.856228
-6.430765
-5.375933
20.034807
17.198526
10.923113
7.165638
20.059994
-1.901945
7.219516
2.858662
1.410671
0.544200
-20.059807
-20.059660
-16.573853
12.830601
-18.368397
-14.097912
-11.200441
-9.318788
-7.632994
-6.378706
20.058178
16.568247
20.054340
-2.784407
3.847414
6.059602
5.739895
5.658162
4.520427
3.630845
4.243628
4.967607
-19.319204
-18.129530
-18.305052
-14.473537
-11.791744
-10.109587
-7.867456
-5.974117
20.048857
17.057709
20.058819
20.059446
1.785482
5.412657
5.268873
6.833251
6.106127
5.116767
-20.059557
-20.041052
-17.224028
-13.893704
-12.313863
-11.352189
-10.241633
-8.977668
-7.412897
-6.304526
20.027786
18.235077
13.273817
9.415899
20.060001
-4.667636
5.049252
5.522789
3.524560
2.494326
-20.059418
-20.059584
-19.618370
-13.991358
-10.838778
-9.397381
-8.502514
-7.726204
-6.603911
-4.852045
20.022705
17.267191
11.440641
18.762018
-0.016265
3.230240
2.818596
3.233242
2.212028
0.838340
0.826074
2.355451
-20.059988
-17.346476
-13.722980
-12.124398
-11.270730
-10.133860
-8.485402
-6.518863
20.024813
16.627121
10.964903
20.059467
3.649240
5.892781
5.833822
5.788089
4.894693
3.875340
4.053567
-19.117682
-14.530681
-12.575450
-11.836868
-11.644478
-11.241260
-10.173920
-8.416134
-6.419014
20.059839
16.945772
12.610991
9.343177
20.059980
3.093390
4.143976
6.679903
4.953585
3.907881
-17.582298
-19.308435
-15.036123
-16.553104
-12.747322
-9.790899
-7.916034
-6.702402
-5.386115
-3.720928
20.030071
19.584139
13.997224
20.059999
13.249457
5.335042
4.512472
7.108256
5.697595
4.271228
-7.515254
-20.059855
-18.411737
-13.943599
-11.876886
-10.947069
-10.253777
-9.108863
-7.877434
-6.584112
20.050745
18.085831
12.528563
20.043861
2.395077
5.792253
5.500175
6.211029
5.937066
5.159088
5.887550
-20.059669
-17.317770
-17.059723
-14.025721
-12.099495
-10.723534
-9.487224
-7.767376
-6.140478
20.050684
17.788376
12.010557
20.054064
-0.053733
5.199550
5.125885
7.288475
5.997297
4.370511
-20.059589
-19.694462
-15.134965
-12.927677
-12.209304
-12.068494
-11.627086
-10.404936
-8.768363
-7.033713
20.054609
17.235477
11.808536
20.053194
2.402616
5.680425
5.597924
8.007252
6.456097
5.608530
-19.997850
-18.819242
-15.243342
-16.914017
-13.766985
-11.729676
-10.301023
-9.015889
-7.507576
-5.852846
20.058281
17.901587
13.733218
20.055931
3.662361
5.812871
5.238406
7.380930
5.912838
5.120702
0.780634
-20.059792
-18.302320
-17.514057
-14.960392
-12.016693
-10.165093
-8.897257
-7.670309
-6.632949
20.054600
16.494318
11.036552
20.049219
2.750367
7.079021
6.385369
6.598475
6.136215
5.236125
5.945306
-17.528597
-14.554314
-16.678457
-14.045898
-12.603086
-11.630922
-10.518920
-8.868302
-6.823908
19.142536
16.532072
11.611621
20.059614
3.263194
7.530585
6.942685
8.180112
6.822679
5.484088
5.624625
-18.238804
-14.540793
-12.783541
-12.402062
-12.414845
-12.115756
-10.995465
-9.173305
-7.071196
19.951656
16.630074
12.169894
20.058807
2.428643
5.239348
5.628223
6.787468
5.902703
5.045806
6.214581
-18.253511
-14.265076
-12.919035
-12.473564
-12.314275
-11.842900
-10.678129
-8.787149
-6.592524
20.021191
17.488323
12.600343
9.563526
20.059988
2.967810
3.828086
6.526746
4.931268
3.893169
-19.167023
-19.702993
-14.689740
-12.016891
-11.016632
-10.702257
-10.142999
-8.942600
-7.486392
-5.688702
20.053894
18.122723
12.761622
20.059830
2.498904
5.613727
5.359202
7.228330
5.880187
4.497937
5.319685
-19.843330
-15.465378
-13.148952
-12.436890
-12.322969
-12.024128
-10.948868
-9.226485
-7.061925
20.045845
17.081005
11.618272
20.053774
3.142879
6.666243
6.773704
8.024389
6.676179
5.152186
5.180174
-18.739630
-14.725324
-16.737772
-14.786644
-13.173831
-11.886009
-10.618588
-8.601680
-5.982057
20.022015
17.496414
12.852566
20.059998
-3.781820
6.547292
6.934663
9.643730
8.487225
7.203250
-20.059591
-20.055151
-16.120796
-16.681967
-14.625118
-12.591428
-10.968459
-9.297231
-7.826377
-6.502264
20.049503
17.894659
12.339125
20.056698
2.656872
6.647392
6.585006
8.586032
7.390068
6.051299
-20.059563
-19.736950
-15.102771
-13.157488
-12.607911
-12.508703
-12.028097
-10.867761
-9.059225
-7.650905
20.055889
17.553432
12.349796
8.189888
20.059999
3.229966
4.895987
7.854799
5.940556
4.116669
-20.059996
-20.059996
-15.853105
-12.380074
-11.301707
-11.305622
-11.180894
-10.463291
-9.143587
-8.178015
19.060947
15.674103
20.056263
18.414658
5.230608
7.848531
7.682805
7.936168
7.142437
6.469782
6.955075
-16.990845
-13.931149
-12.830357
-13.031742
-13.495119
-13.432114
-12.379054
-10.386350
-8.418168
18.794836
16.077595
11.916435
20.058855
4.931404
7.621962
7.677194
10.059106
8.745193
7.976938
-19.692831
-17.987896
-15.360413
-13.276580
-12.761246
-12.468211
-11.802031
-10.583818
-8.738546
-7.389793
14.777032
19.180819
13.606717
8.225350
20.059996
-5.091493
4.936333
4.190707
2.224978
2.021226
-20.059971
-20.059710
-15.865059
-11.986717
-10.714201
-10.553281
-10.308853
-9.552484
-8.453193
-6.704170
19.265879
16.115633
19.469666
-0.719566
5.498505
7.991400
7.933642
8.224295
7.314397
6.816856
8.269185
7.129660
-19.823942
-18.215681
-19.727736
-16.103600
-14.195946
-12.294273
-9.626372
-6.699544
20.042896
17.537807
11.590280
20.058929
-2.858281
4.908612
8.270860
9.561234
8.396292
7.981769
9.713033
-20.059704
-17.327827
-15.066395
-14.104759
-13.394770
-12.340954
-10.915829
-8.939129
-7.408859
20.023222
17.400181
12.653531
9.297833
6.720544
20.055420
6.849345
6.383968
4.202695
3.839149
-20.059671
-20.059908
-20.007162
-14.135021
-11.052079
-9.520967
-8.405852
-7.394561
-6.297990
-5.259887
-4.385013
20.009089
20.050554
14.155302
7.146255
20.057669
1.558072
3.879072
2.476216
1.606983
-20.059544
-20.059656
-19.451981
-12.936825
19.260887
-16.460085
-13.312101
-10.749888
-8.881262
-6.535046
20.056498
17.335903
12.437081
20.059906
4.020741
6.852798
6.392805
6.846214
6.110838
5.641415
6.614253
-13.913289
-17.185825
-16.927271
-15.419581
-13.704064
-12.463361
-11.025000
-9.241852
-7.302797
20.045866
17.953728
12.338635
20.059614
6.996474
6.790523
7.091489
7.759962
7.086187
6.349039
6.586885
-18.728733
-15.249268
-14.391973
-14.249877
-14.395042
-14.168315
-13.180170
-11.101387
-8.707541
18.428881
14.973765
11.277224
8.648848
20.059992
5.302778
6.961071
10.416757
10.570045
9.564791
-19.818909
-20.059723
-17.915833
-13.782416
-11.586553
-10.313816
-9.196647
-8.032028
-6.670575
-5.743520
-5.653927
20.029516
20.060278
20.059999
14.597789
20.060066
-4.901480
5.256785
3.861924
4.986254
-20.058405
-20.059826
-20.059994
-17.355804
-11.754058
-8.612659
-6.872200
-5.626634
-5.616886
-4.505948
-4.073934
9.132475
19.969395
20.007309
19.984097
16.368401
20.059940
-3.900821
0.620074
0.292141
-20.057690
-20.059521
-19.997036
-18.086538
-13.259446
-10.415045
-8.995577
-8.323496
-7.450480
-6.124831
-4.607311
20.053385
20.056791
18.078402
16.133757
2.397686
1.719413
5.628189
4.059592
4.261594
-16.061029
-19.761724
-15.239485
13.303427
-18.380116
-15.637921
-13.774600
-12.210980
-9.867401
-8.856446
15.478681
11.589724
20.058222
4.329754
7.471781
8.952548
10.550216
10.957943
14.398615
15.212110
8.593388
-17.023420
-18.263275
-20.060005
-17.693727
-16.413740
-15.485170
-13.478745
-11.257934
-9.646774
-7.307835
20.030886
17.415878
11.020333
20.060003
2.177672
7.930222
9.508328
13.014563
11.526969
9.657008
-20.059530
-20.059719
-16.505127
-14.836383
-14.234423
-13.837930
-13.098085
-12.023153
-10.272717
-8.927608
-8.510485
20.031620
18.806162
13.559443
10.024055
5.276095
9.769482
6.068528
8.192259
5.750297
6.298731
8.939611
11.673072
-18.477587
-20.059998
-16.347534
16.532513
-19.728996
-16.004820
-12.886384
-10.718934
-8.690863
-6.909104
-7.017663
19.925619
20.059944
19.704359
17.078981
-5.158707
-0.305653
6.714510
13.989380
20.052479
-0.000000
-0.000001
-0.000001
-20.060009
-20.059641
-17.782244
-13.779882
2.205858
-15.555836
-14.303093
-12.458218
-10.915352
16.255848
11.198493
20.059988
4.408783
8.847108
8.824363
10.317016
10.806333
10.830918
11.015509
-0.000040
-0.120985
-14.841152
-19.969225
-20.059996
-16.935915
-16.288702
-14.862753
-12.493379
-7.202233
11.664161
9.099166
7.912198
4.022994
6.779783
9.764162
9.945586
11.479125
11.134437
12.002312
13.835546
-20.059488
-18.928473
-18.037878
-17.862410
-11.794479
-8.932007
-6.925237
-5.478879
-4.145179
-3.452336
20.032648
20.039522
20.059971
13.511305
20.059996
20.055517
9.234379
-0.000001
0.000000
-0.000472
-20.059994
-20.059530
-20.059999
-16.538902
-10.574374
-7.135152
-4.660150
-4.944751
-4.923949
-5.550389
-7.002732
20.010122
19.979704
18.550447
10.399371
-2.270631
6.968245
7.959257
7.463893
8.627253
-20.059998
-20.059994
-15.377709
-12.459628
-11.428973
-10.639111
-10.373948
-9.164812
-8.350346
-7.443928
-6.020095
0.000000
-5.955894
-2.117728
3.679857
2.589681
3.515457
4.169112
5.149301
6.107626
6.674918
7.203808
7.832109
8.569188
9.410478
10.451312
11.922402
13.916178
0.001957
0.000000
0.000000
0.000000
0.000000
-8.126719
-7.271097
-6.512344
-4.354466
-5.479750
-5.219570
9.871370
6.589553
3.094077
-20.043159
-18.778755
-14.654284
-12.665764
-13.025185
-11.594396
-10.698989
-9.848751
-8.781026
14.515271
18.246246
-0.436664
1.573966
6.334987
4.664549
4.234787
6.476811
7.526824
9.060541
10.593247
-2.170858
-20.026972
-17.950712
-17.423286
-16.760481
-11.362598
-9.275844
-5.498542
-4.280417
9.060354
5.667367
7.371696
10.124515
12.121115
12.125745
12.401071
13.199804
12.984953
13.778156
15.519218
-4.532577
-20.044622
-19.109661
-17.578682
-12.509954
-11.757662
-10.711085
-9.048370
-6.923037
20.055649
18.294598
14.037834
9.922602
6.886822
4.736987
3.583781
5.637628
4.660480
3.907439
4.040559
5.529241
-20.059866
-16.465330
-13.953006
-13.016088
-12.671344
-11.779110
-10.121441
-3.868891
16.515879
12.589169
8.776812
18.926376
4.619807
7.452220
8.395430
9.709743
9.379444
9.371161
10.414731
-13.376576
-12.820236
-17.865934
-17.489691
-15.307739
-13.280419
-11.370557
-9.501335
-7.079002
-5.874941
20.022861
18.469400
13.659292
20.059992
-4.611122
3.838234
7.056776
7.149364
6.324608
6.604727
-18.710997
-15.825794
-12.328360
-11.390079
-11.555619
-11.371621
-10.583692
-9.248635
-7.893847
-7.167238
20.037825
18.905397
20.043297
20.059988
5.101948
4.789347
6.388925
6.391980
6.605471
7.841487
7.884273
-19.832443
-16.207127
-14.699839
-13.757730
-12.647131
-11.320625
-9.790406
-7.899565
20.056150
16.354509
11.910892
8.024024
20.059978
5.144540
5.159012
6.876386
7.406543
7.801733
9.291747
-16.159369
-14.475196
-13.540563
-13.893231
-14.333596
-13.850536
-12.727768
-11.025362
-8.689704
-7.055267
20.036131
18.508638
20.041241
20.059986
4.038807
3.886984
6.304031
6.515779
6.617800
7.767983
-19.129576
-15.835330
-13.033010
-11.999046
-12.031908
-11.955387
-11.190625
-9.822328
-8.234377
7.806296
18.144056
14.167809
14.617670
9.455618
5.611354
5.355834
7.158390
7.069297
7.083431
8.085829
-15.088828
-13.644532
-12.684485
-12.983999
-13.805433
-14.093586
-13.390005
-11.448724
-8.922726
-7.123035
18.155306
16.251358
20.045116
20.059990
5.747171
7.415561
9.243459
9.154537
9.187854
10.241052
-14.058895
-13.158318
-12.658297
-13.197634
-14.060425
-14.054796
-12.987931
-11.222365
-8.864160
-7.283808
20.028557
18.419647
14.127129
20.059988
4.646252
4.967688
7.091053
6.966689
6.733944
7.841147
8.098598
-20.046661
-17.475914
-15.169189
-14.194993
-13.543924
-12.575838
-11.140217
-4.476155
-9.940269
18.173149
16.662666
20.053520
-3.903920
6.342851
6.676883
8.495865
8.581409
8.677880
9.880923
-15.409403
-13.411813
-12.387115
-17.975945
-12.110250
-11.613879
-10.784967
-9.445395
-7.305359
-5.929658
20.021441
18.580517
13.955272
20.059984
-3.863827
4.740310
8.284351
8.359313
7.583387
8.015737
-18.546053
-16.001427
-12.793858
-11.990805
-12.118683
-12.045987
-11.393455
-10.120809
-9.229418
-7.692759
20.031679
18.296425
20.042393
20.060001
6.043533
5.910489
7.875737
8.099942
8.517865
9.838783
9.843546
-20.035223
-17.032711
-15.550690
-14.806664
-14.102153
-12.870120
-11.328195
-4.207521
-9.897873
19.082344
16.309738
20.050341
13.801512
5.047319
6.663070
8.351047
7.933167
7.837215
8.911074
-4.777554
-17.732557
-14.763710
-13.656613
-13.310979
-13.019719
-12.194391
-10.782413
-8.773296
-7.214978
20.028318
17.885742
13.784392
20.060003
4.835847
5.221495
7.154028
6.685846
7.432948
9.069039
-15.064372
-14.013075
-12.619676
-12.476609
-13.116488
-13.432306
-12.828038
-12.118213
-4.780015
-9.387282
17.423609
15.888921
20.048506
4.377145
6.223480
6.445786
7.960680
7.722630
7.994884
8.996037
9.838575
-16.547766
-14.475908
-16.681490
-16.208652
-14.293208
-12.444600
-10.165947
-7.280552
19.285763
15.308731
11.463439
8.495564
17.777409
6.601492
7.624465
9.593636
9.699470
9.610335
11.453974
-15.224555
-14.661016
-13.557799
-15.867678
-15.264513
-14.370187
-12.965162
-11.159908
-9.197954
-7.976389
19.919664
18.140692
20.040411
20.059984
5.184959
7.009542
8.108257
7.965099
7.954392
9.412662
9.657038
-20.048084
-16.914944
-15.526543
-14.943055
-14.304504
-13.095112
-11.553059
-4.798225
-2.431693
16.527729
14.001220
20.050854
2.418901
4.204750
4.745064
6.161989
6.001242
6.244085
7.381792
8.627671
-19.375101
-15.759110
-13.382628
-12.789450
-12.520967
-11.762984
-10.388784
-8.452450
-7.029448
19.483517
16.939148
20.039892
20.059992
5.441297
7.285779
8.799911
9.088908
9.486739
11.114715
-12.028121
-12.686047
-12.429420
-15.744571
-15.720173
-15.214343
-13.833504
-11.512403
-11.416831
16.591290
13.580770
10.620378
20.044420
6.846228
8.707066
8.454300
10.962397
11.830865
13.387822
15.624232
-13.799580
-13.246425
-18.163992
-17.150801
-15.913456
-14.478461
-12.836359
-10.993940
-8.770020
-7.299941
20.019060
18.197939
20.032120
20.059988
3.960911
5.553267
7.463048
7.231410
7.879405
9.340932
9.152150
-20.031157
-17.811632
-16.030222
-14.899880
-13.902653
-12.561828
-11.119152
-4.721138
-1.721810
17.251072
14.524027
9.902761
2.557348
3.493874
5.934862
7.406859
7.196605
6.892047
7.877220
8.430002
-19.845018
-16.995022
-17.188396
-16.095116
-12.721949
-10.605277
-8.738797
-2.427922
18.505640
14.522449
10.899549
8.657812
5.137761
5.741014
5.263285
6.764670
7.259060
8.739526
10.830742
-15.571457
-13.703357
-12.362735
-12.476933
-13.428978
-13.849249
-13.253417
-7.953211
-6.163592
-11.918830
16.473318
13.752235
20.049929
2.970326
5.504897
7.263031
8.221196
7.775304
7.654310
8.957895
10.138263
-15.497915
-13.312552
-18.098349
-13.238589
-13.109485
-12.272882
-8.067544
-5.687307
13.760193
11.096775
9.017575
2.472610
5.991266
8.515560
8.664477
10.245197
10.044560
11.434464
13.603023
-15.696547
-15.100770
-13.659840
-13.551403
-14.467335
-14.696167
-13.948125
-12.798435
-5.953055
-10.837247
18.011009
15.670962
12.567541
17.550512
5.436418
7.085310
8.851998
9.310763
9.904415
11.917386
-15.942394
-15.529352
-16.697172
5.795456
-19.005932
-15.420172
-12.684789
-10.379436
-3.793391
-2.397556
17.440393
15.073287
11.702181
10.709312
2.514349
3.262074
5.666924
6.532623
7.142253
8.496666
9.224607
-20.058613
-15.834788
-12.987246
-12.462501
-12.352524
-11.729221
-10.679554
-4.453320
-1.897626
16.495192
13.721023
11.710830
-5.878453
4.117125
6.166633
7.720468
8.269545
8.814539
10.260612
-17.307880
-13.990442
-11.340564
-11.121272
-12.196517
-12.697291
-12.174092
-12.667265
-4.732622
-9.060794
18.252419
14.872930
20.056883
3.683808
6.046097
8.761735
10.144830
10.287813
10.320305
11.805311
12.485929
-18.706217
-17.707170
-16.897352
-16.684011
-14.710549
-12.977454
-11.194201
-4.758807
-9.811006
17.803232
15.302594
20.050135
-1.783702
5.781115
7.069589
9.300042
9.519293
10.179646
11.934276
-16.465223
-14.819263
-13.405919
-12.946699
-13.415405
-13.561418
-12.855748
-11.476317
-4.929611
-9.225965
19.565907
16.830551
11.400720
20.059988
4.642535
8.095527
9.503806
9.804770
10.013704
11.919188
8.386038
-20.058455
-17.591463
-16.167997
-17.607182
-15.680978
-13.968814
-10.804560
-6.117915
15.096417
11.838650
7.981462
5.682084
2.673910
6.155544
7.470133
9.450777
10.464650
11.609186
13.809702
-16.647478
-13.701051
-17.142809
-16.853510
-14.076973
-12.549328
-11.179909
-9.864705
-3.621565
-9.570836
19.554445
17.157648
13.611788
20.060001
2.753166
5.666485
7.643389
7.985398
7.933885
9.505682
9.618240
-20.046099
-16.921709
-14.224721
-13.451780
-13.029834
-12.207609
-12.107258
-4.626782
-1.873591
16.558481
14.451838
20.052189
2.598198
6.186270
6.737224
11.683986
10.815199
11.733907
14.384191
-19.263401
-15.206358
-16.971371
-16.972715
-13.906817
-12.017077
-10.460241
-9.075970
-7.363842
-6.163329
20.034248
18.656376
14.740397
20.059988
5.057072
6.321245
8.226775
9.220592
10.807028
14.044847
-20.058451
-16.834875
-17.064161
4.228129
-20.059998
-17.486118
-14.882263
-7.802228
-6.868784
14.710274
11.314117
7.843106
5.776022
3.110377
6.811196
8.305280
10.060834
11.248985
13.281985
17.011625
-19.383987
-15.558190
-17.310425
-16.816471
-14.988271
-13.399242
-11.971864
-10.545398
-4.069499
-1.593558
18.100731
14.772474
11.927296
10.041470
0.180467
4.183735
6.679911
7.558713
7.534127
8.928604
10.340498
-20.058479
-16.623899
-2.615841
-19.487057
-15.200407
-12.118171
-9.933711
-3.475575
17.862104
13.678509
9.260061
7.600404
4.108221
6.961618
7.583694
9.432307
10.834796
13.042933
17.899136
-17.454559
-15.739805
-14.621384
-16.527979
-16.081898
-15.056857
-13.737727
-8.172111
-6.541833
-12.545999
16.803751
14.725786
12.040463
-0.308016
3.655559
5.791142
7.703890
8.163230
8.581292
10.270615
10.424615
-20.028250
-15.745714
-13.400351
-13.114424
-13.051376
-12.337544
-7.357884
-5.771572
-10.962731
17.771858
14.228713
20.054649
3.249490
6.468278
10.278668
10.988680
11.129813
11.560740
13.716421
14.456515
-19.652292
-16.977837
-15.821413
-15.927652
-15.786265
-13.934367
-9.884930
-7.328264
-13.015431
16.409218
14.362220
9.690230
-4.871522
4.916527
7.212412
9.003484
9.587882
10.501060
12.517774
-17.494467
-15.073168
-17.482866
-11.838228
-11.413152
-11.237783
-10.590297
-9.597444
-3.617779
-1.412777
18.336164
15.467631
10.458468
15.462289
4.455852
5.964057
8.154091
9.758487
11.256828
14.141266
11.781031
-20.058889
-17.377958
3.338302
-20.059996
-18.015211
-14.676053
-11.975384
-5.022289
-3.881413
17.560579
13.844248
9.835942
19.144644
2.142935
2.829198
3.611216
4.342746
5.550608
7.281402
-18.556288
-15.902531
-12.179593
-11.098682
-11.390576
-11.770025
-11.380814
-6.662973
-5.455047
-9.900916
18.109833
15.271883
9.909133
5.521470
5.589994
6.670834
7.598244
9.019223
10.569427
12.680893
-14.215075
-14.264848
-12.510215
-12.271252
-13.257918
-13.686815
-10.619493
-7.939188
-5.937912
12.218335
9.212365
7.109288
3.329042
6.412593
8.927513
9.856878
14.232141
14.483385
16.032726
20.059628
-16.096830
-20.057535
-17.849907
-16.648651
-16.744513
-15.267894
-12.851536
-10.486442
-3.764721
-8.480062
20.015503
16.244759
11.980425
20.059986
4.340649
7.621645
9.142125
10.133878
11.385733
14.240337
-18.173088
-15.759985
-13.910114
-13.437761
-11.264140
-16.675955
-14.167218
-11.630365
-4.553494
-9.198236
19.658770
16.680014
13.104468
20.057428
5.797581
9.292341
10.887795
12.831254
14.438895
-0.006248
-0.000002
-20.056629
-19.249382
-16.576271
-16.916456
-16.406246
-12.793995
-10.119280
-3.174165
-2.886859
19.646791
16.358719
12.382549
14.518913
-5.061469
2.885485
5.027538
6.920305
7.638155
9.612497
8.575358
-20.058695
-17.561888
-14.504693
-15.599851
-14.834334
-12.171204
-12.289005
-3.706875
-8.200740
19.397678
16.384579
12.710198
20.060001
2.336969
5.437601
7.527813
8.423779
8.803753
11.261157
10.463720
-20.045437
-16.620850
-14.255457
-13.727654
-13.429475
-14.319130
-7.358364
-5.666937
-10.409681
18.906538
15.888421
12.261720
20.059990
4.852926
7.277292
8.263277
8.992053
10.171854
13.111392
12.608156
-20.045982
-17.494251
-15.588845
-15.215843
-14.921805
-11.697491
-9.641483
-7.175739
-12.405885
17.513149
14.551517
11.113099
5.185974
4.369892
5.996439
7.590699
9.083507
11.228307
14.837532
-17.467655
-14.881951
-12.996852
-12.257884
-15.935262
-14.691013
-12.307273
-10.185380
-3.479569
-8.377544
20.052252
17.347082
13.449560
10.691883
-2.285727
5.785151
8.024910
9.833860
10.672779
13.442336
11.937964
-20.059847
-17.455910
-17.000225
-17.289101
-18.058657
-14.410236
-6.655043
-5.831443
14.844898
12.013017
8.502191
7.064512
3.249615
7.188667
9.176459
10.662087
12.403952
14.794353
19.105049
-0.000002
-19.126717
-18.715014
-17.197329
-17.075502
-16.063385
-12.516367
-10.100429
-3.037934
-1.083755
19.800371
15.272837
10.027963
7.265378
20.059986
-6.927940
-4.005964
1.285293
3.037827
4.723045
-20.058367
-19.875378
-14.276888
-10.503761
18.202454
-15.954130
-13.678258
-11.310023
-4.405210
-2.766559
18.015892
14.443849
10.961174
8.790302
1.456064
5.294060
6.196292
7.446538
7.787860
9.873211
10.561773
-20.044064
-16.045843
-13.765970
-15.778322
-14.653812
-15.403184
-13.546950
-8.031479
20.053905
15.980580
11.288858
8.535485
5.489321
8.934792
9.555593
11.334665
13.212959
16.599020
-0.000008
-0.000001
-17.155558
-20.059999
-17.057304
-16.334373
-16.736156
-13.625748
-9.978518
-14.049582
15.096704
12.594064
9.333354
7.203654
3.488898
8.282403
9.050144
11.815215
15.791545
20.059347
2.391785
-18.218586
-16.215555
-14.707208
-13.758622
-14.037125
-14.084797
-13.275674
-11.975739
-5.521065
-2.937684
17.214670
13.891185
11.096948
9.153441
1.604925
6.616685
7.615465
8.348254
9.365615
11.314674
-18.261353
-18.223642
-14.870278
-13.192031
-13.350343
-13.669690
-14.232444
-8.667401
-6.620646
16.408257
9.362241
5.949799
-4.061621
2.190715
6.090115
7.717311
8.171739
10.481091
12.452266
15.342742
15.977893
-20.048641
-18.496058
-16.706587
-16.583761
-16.560204
-11.527813
-8.181646
-11.989458
16.122408
13.604961
10.027648
8.017505
1.858073
6.241009
8.182856
11.036031
13.662831
18.703808
20.059988
0.000007
-17.464422
-15.251170
-16.544188
-17.923828
-15.577782
-13.972138
-12.167983
-5.444279
-3.263352
17.108280
13.713426
10.601788
8.187890
0.793789
6.065243
7.500717
9.036226
10.571447
13.601018
-16.851580
-18.066216
-17.371447
4.700955
7.947065
-20.059998
-19.550381
-15.683865
-7.217115
-7.111896
14.840519
11.377717
8.493670
-2.574773
4.395177
6.231501
6.058494
8.007762
10.022259
12.856967
15.355004
-19.675188
-16.395603
-16.604774
-16.563450
-17.103994
-12.999379
-9.944626
-13.692317
14.294358
11.533291
8.022463
-0.350917
4.518914
7.350413
9.100135
10.188060
12.484449
14.874601
19.101542
19.366501
-20.057989
-18.501783
-16.537363
-16.378977
-17.538065
-16.378248
-12.426898
-4.283025
-2.464659
16.807804
13.940356
10.729841
20.059822
1.917004
3.949529
5.814378
8.344994
10.388709
14.057514
-18.922979
-17.282915
-13.587970
-11.614143
15.346042
-19.154383
-16.585178
-13.717340
-12.179796
-3.453267
18.353483
14.667436
10.097309
7.622726
2.399708
4.986480
7.112557
9.069748
12.048341
16.599857
-19.826996
-17.504034
-18.659744
-16.620073
-16.912615
-18.748569
-14.718717
-4.874476
-4.455196
17.491636
13.999667
10.702691
6.759591
2.334398
6.457592
7.084531
8.759110
11.783236
15.040306
20.059645
0.000001
-18.759369
-16.010260
-16.793251
-16.567331
-19.658642
-16.778706
-7.067888
-5.796786
15.252677
13.270416
9.637424
7.419662
5.833394
2.052472
5.347541
6.473286
9.185123
11.661724
15.491134
-18.689482
-16.795910
-13.992741
-12.658430
-15.262856
-13.141711
-11.888066
-8.756113
-6.383556
-4.267266
14.913444
12.156384
9.511184
-2.135342
1.926938
4.185750
5.167088
7.369385
9.140386
12.023188
-13.835690
-14.298926
-11.647643
-16.024649
-17.349045
-13.407871
-10.745871
-4.965405
-4.182414
17.419655
12.932583
9.980444
6.045783
2.330946
6.655542
8.887512
9.832949
12.524437
15.548930
20.059559
-4.179104
-15.196422
-18.234735
-16.605757
-2.712848
-16.981939
-19.685961
-9.363931
-8.103149
14.067359
11.883398
8.739793
7.166182
4.850607
3.099784
5.887366
7.292166
10.643848
13.980899
20.059528
-18.646391
-16.361635
-18.149933
-17.099525
7.425072
-19.861444
-16.357019
-12.944016
-4.988238
-3.434610
17.773294
14.300407
10.401456
8.224872
0.760558
2.850480
4.808382
7.895358
10.668844
15.333966
-12.680130
-18.488104
-17.838438
-17.164486
-17.491579
-13.930388
-10.642761
-4.190873
-4.144839
20.059975
13.516883
10.041237
6.933348
6.015198
1.295537
3.431560
5.326513
8.070599
10.704777
14.996696
13.488615
-0.000001
-20.059992
-16.859600
-16.743706
-17.243401
-19.540440
-9.406413
-8.618729
15.784467
13.130437
9.550400
7.200622
5.015475
1.108619
2.731427
4.454088
7.667190
10.824093
16.054682
15.554947
-20.018824
-17.769447
-16.447872
-16.772671
-18.594286
-17.965330
-6.814342
-6.048435
16.677063
13.635559
9.554336
7.175890
0.950154
5.298794
6.958245
8.829265
10.793225
13.762100
19.353149
0.000000
-18.660646
-15.818232
-16.865290
-16.684868
-16.601421
-13.883868
-7.301203
-5.940479
-4.514729
16.632236
14.097350
9.753727
7.741972
-1.022361
1.981036
3.601660
6.524140
9.029472
13.120767
12.292387
-20.022053
-17.721724
-17.001436
-17.422888
-13.836526
-10.244451
-3.864958
-3.983442
20.055527
13.085085
9.641236
6.236148
-0.782961
3.449081
5.160801
6.293288
8.883941
11.468647
15.895195
16.275948
-19.718893
-16.272316
-16.630060
-16.665014
-17.172935
-13.099649
-9.695863
-8.222798
13.896965
11.825649
8.274658
5.820173
-0.944764
4.337706
6.665878
7.535800
9.545434
12.072824
16.277048
15.229618
-17.818737
-18.653658
-16.818205
5.884763
-19.955454
-19.012312
-8.422152
-6.772660
18.394417
10.320747
6.911478
4.842251
0.395013
4.106218
5.360788
6.557178
8.948115
10.607977
15.489419
15.606786
-17.806423
-14.977268
-16.575214
-16.454441
-16.985985
-12.819765
-9.165387
-7.920413
13.551805
11.691879
9.246529
5.621405
-0.152344
3.045157
4.961309
6.448205
8.599911
11.004591
14.227550
14.411516
6.164424
-20.059986
-17.157784
-16.062077
-16.529425
-15.182045
-11.561313
-9.765491
9.771093
8.738894
7.053664
4.516015
0.913676
4.630988
6.716545
9.265810
15.768214
19.677292
20.059631
20.059046
-20.036194
-19.157307
-17.237961
-16.271997
-16.749838
-13.617563
-9.076316
-7.687705
12.117962
10.469870
7.781014
4.641481
0.189756
4.581721
6.085899
7.868707
9.742706
12.028217
15.445635
17.951752
-14.292082
-18.988911
-16.919704
-16.560925
-15.387529
-16.071281
-4.794046
-4.008918
13.757777
11.492168
9.013459
-2.918626
1.760828
6.676969
7.403327
9.156565
11.695334
17.631010
20.059515
20.059788
-3.098448
-16.082027
-20.059999
-17.345278
-15.789596
-16.369837
-14.816548
-10.324001
-9.009660
8.554836
7.086123
5.942013
-3.411687
0.509329
4.955998
6.318169
7.280232
9.574218
11.485703
14.019560
17.262535
17.302055
-20.051514
-18.724258
-16.612823
-16.217922
-15.549571
-9.557804
-6.829675
-6.198568
11.148072
9.684811
7.816102
4.449261
1.122117
3.165578
4.695764
7.183540
8.340144
10.978894
14.326471
16.838970
-14.220574
-18.086273
-16.261248
-16.471985
-12.958499
-7.387270
-5.404930
-5.012906
9.839871
8.629974
6.628467
-0.876344
3.803533
6.858542
8.037756
7.755440
11.289885
16.795738
19.207747
20.054014
-2.645364
-20.051201
-18.828411
-16.968601
-16.605097
-14.883201
-9.161920
-6.522061
-5.914318
8.273840
7.127565
-2.023597
0.346990
4.933299
8.136964
8.500245
8.870937
10.562990
14.690948
17.554920
19.623148
19.741184
-19.073660
-20.056713
-18.437544
-17.004852
-16.609068
-13.002628
-6.530232
-5.124876
11.605743
6.012506
5.156649
-2.046594
0.133578
5.239583
8.145020
9.778108
11.774158
12.720340
14.396480
17.717745
20.056767
-0.141315
-20.059536
-20.060001
-5.010507
-18.488445
-16.893562
-16.623478
-11.776505
-9.990130
11.669375
10.817849
8.091253
5.210829
-1.092695
1.414233
3.569324
5.683811
7.232087
8.635615
12.829920
16.813099
-14.043361
-13.212583
-12.495539
-15.515333
-16.715343
-13.498475
-8.568156
-7.129903
-12.845283
17.179659
14.534435
10.336144
6.413580
2.875685
0.803422
6.815845
8.982782
11.985462
14.467755
16.960262
19.735243
-20.059660
-20.059992
-4.727928
-3.654745
-1.926594
1.443273
-20.057983
-16.033480
-15.128369
10.536926
4.781001
4.489275
2.350064
-0.986264
5.213791
5.196219
7.738932
10.379545
17.117453
14.310231
19.224432
-0.000002
-17.970695
-19.583941
-16.852724
-15.969832
-16.440611
-13.436069
-9.676205
-9.778218
13.587778
11.400701
9.585013
5.519300
-1.636079
-0.118729
7.533724
7.537177
9.266618
11.504349
14.833329
20.059418
19.905861
-20.028271
-19.199612
-17.047157
-16.416452
-17.031252
-13.972334
-10.400502
-9.014401
12.286755
11.054127
7.984044
3.724894
-0.615752
1.809824
7.453577
4.017858
9.652779
12.411511
16.230856
20.058926
-19.040052
-19.961246
-17.793402
2.581008
-17.432144
-17.031866
-11.431682
-8.233009
14.012094
10.321836
8.504401
7.124699
-2.306837
0.038825
1.707859
8.501347
8.638044
10.777584
13.095493
16.916916
20.056871
-1.311006
-20.060001
-19.145863
-16.931492
-16.366980
-16.772902
-13.605420
-10.685159
-10.317358
13.170274
12.076616
9.106971
7.674997
-3.083099
3.879322
4.874934
6.403482
8.471897
11.069926
14.444335
19.347923
19.738693
-20.030394
-18.036449
-16.667286
-17.051689
-16.992672
-12.256255
-9.507010
16.453817
11.696415
9.548511
7.173488
4.540267
-0.432948
1.784589
2.721560
6.331645
8.827153
12.284845
17.665548
15.602894
-20.026743
-18.314085
-16.508841
-16.309759
-16.937340
-13.468675
-10.889602
-9.281193
12.542099
11.475525
8.312551
-5.795248
-0.186470
2.300064
2.887226
0.000000
-5.953694
1.903932
3.174161
3.868358
4.735067
5.899566
7.238234
8.553902
9.932097
11.308130
12.903368
14.761872
17.576616
-0.002825
0.000128
0.009704
-0.000000
-0.000000
0.000000
-0.000000
0.000000
-6.644382
-6.475092
-5.392872
-4.471592
-3.742893
-3.207743
-2.710931
-20.019632
-20.030718
-19.442003
-16.574266
-13.441192
-9.774894
-9.452803
6.927208
7.191331
7.119167
5.579522
2.383526
1.128713
0.700526
0.031912
-0.430122
-12.438672
-8.566905
-8.490783
-7.702825
5.128908
5.989635
4.758927
2.944463
1.251332
0.314361
-0.778271
-1.821681
-2.312649
-2.247534
-1.947963
-1.712769
0.000000
-6.631728
-2.815268
2.946229
1.794352
2.732614
3.484255
4.478866
5.536912
6.608439
7.641141
8.729053
9.830694
11.026291
12.482050
14.179412
