0.008804
0.019478
-0.009783
-0.002569
-0.003191
-0.004913
0.006768
-0.046295
-0.028966
-0.054525
-0.049307
-0.057269
-0.031132
-0.037479
-0.029082
2.530422
4.478782
6.604891
8.820461
11.173895
2.244142
1.552482
0.103209
-1.732647
-3.482281
-4.906206
-5.625634
-5.352851
-4.294299
-2.722251
-4.575713
-1.360152
4.655982
2.998667
-0.605833
-6.048825
-16.394999
-20.333181
-10.370711
0.000000
-3.252588
-2.371384
-1.583062
-0.628662
0.095997
0.397825
1.017109
1.862733
-0.356842
-1.255053
-0.838804
-2.402498
-1.205911
-0.503578
0.378658
0.801970
1.574849
3.658372
1.942006
-0.777722
-0.693199
-0.475547
-0.496676
0.101851
0.587006
0.777422
-0.100338
-0.113873
1.484089
0.561672
0.889651
1.446846
2.854944
3.587056
4.432712
-3.305722
-8.099711
-7.098230
1.463067
-1.428049
-2.382308
1.759319
8.870074
11.186162
3.604638
3.438882
6.623852
10.362230
9.903550
5.271492
3.216787
2.025739
1.889152
-0.804524
-1.878621
-1.103404
-0.586673
3.978062
2.935335
-2.208233
-7.726640
-5.725349
-1.254371
-4.771337
-9.185075
-11.061085
-4.669045
-1.207809
-6.745801
-3.391723
-1.023479
-0.100620
0.508466
-0.843495
-0.442185
-0.029660
-0.342236
0.393210
-0.134216
5.896407
-1.563816
0.840213
-2.392096
-1.002967
-2.564418
0.188068
-0.515799
0.413423
-1.745705
-0.144419
0.392476
0.234674
0.034686
1.252906
1.585189
1.916388
0.221394
4.348307
1.384896
1.065362
-3.831354
0.911724
2.190916
1.915776
2.624863
2.913204
2.292789
2.853209
-1.433826
-1.254273
0.634049
1.456616
2.101191
0.205389
0.359935
0.007232
-1.699107
0.407617
0.443327
-0.409401
-1.242068
-3.444303
1.215055
-0.215485
-0.621092
-1.855838
-1.824561
-1.828493
-4.097850
-2.620864
-1.995905
-1.366674
-2.616220
-2.088342
-1.556412
-1.360688
-1.419619
-0.771464
-0.633630
7.876512
-2.551214
3.718810
-1.465615
-0.924577
-2.371664
0.469029
0.872214
0.915005
-1.534515
0.060620
1.454013
1.064396
1.026422
0.989845
1.559127
2.343656
1.390580
3.907623
1.748718
-0.492183
-1.362039
-2.326869
3.387796
1.839585
1.365201
0.943084
0.019014
0.463013
-1.592503
-0.720921
-0.269574
-0.133441
-1.385674
-0.562431
-0.729150
-0.053564
-2.649553
0.729035
1.839350
3.022708
-2.973251
0.300526
-0.784762
-0.499591
-0.068840
0.078732
-0.570976
0.485368
-0.661204
-0.564103
-0.744473
-0.763300
-1.578883
-1.007934
-0.441604
0.417466
0.040100
2.147556
1.170424
3.099696
-2.671854
0.836135
0.344619
0.343926
0.602533
1.588434
1.588761
2.361721
0.076028
-0.072603
1.521374
1.442261
1.531638
-0.194250
-0.000696
0.947997
-0.202222
0.563992
0.580939
0.183754
-2.413926
0.061717
-0.829660
-1.436023
-1.613399
-2.392019
-2.168132
-2.220654
-4.009093
-2.448529
-2.273846
-1.874836
-2.791965
-2.365039
-1.743576
-1.444258
-1.581281
-0.921889
-0.706303
8.498560
-2.350926
5.725281
-1.558026
-1.025552
-2.127177
0.819168
1.507771
1.330176
0.352052
0.451706
2.089769
1.918350
1.830767
2.649038
3.177350
3.740165
2.543020
3.634568
0.607519
0.514298
-3.737411
1.764279
1.935418
1.471610
2.185432
2.244389
1.721577
1.360676
-1.265486
0.214849
0.887188
1.275146
1.358500
-0.194343
-0.267459
0.241987
-2.781303
-0.697839
1.756201
4.348223
-4.451191
-1.420136
-4.239868
-4.751726
-3.355630
-3.099893
-1.522100
-2.988679
-3.303179
-3.245111
-3.105611
-1.564719
-3.725791
-2.683369
-2.218312
-1.811387
-2.937782
-2.373840
-1.720266
14.845743
6.559547
-5.866701
-4.511140
-3.912410
-5.006196
2.214009
5.731240
-3.418148
-3.143596
-4.458590
-3.308848
-1.511880
-1.658714
1.792528
3.263560
7.515438
4.781813
4.207328
1.453600
2.813746
-0.728946
3.226224
3.268968
3.729332
3.347927
4.188355
3.910205
2.715041
1.169048
1.767025
1.938315
1.554235
1.216137
0.318236
1.146553
1.533207
-0.415542
0.249494
1.812468
3.616076
-3.824556
0.453000
-3.755629
-3.693338
-2.560961
-1.772783
-1.718697
0.081071
-1.877184
-0.844812
-0.470767
-0.349051
-0.950609
-1.724222
-1.158554
-1.340593
-1.604920
-1.099083
-0.190948
9.025959
-3.262891
3.105504
-4.347649
-3.325053
-3.858139
1.307181
2.932003
1.947247
-1.997782
0.173841
0.280696
1.107877
0.825119
0.545407
1.541431
2.053315
0.858961
2.031491
-0.257146
6.869812
-1.809775
1.032709
-2.277661
-1.464267
-2.309846
0.236064
1.994777
3.037421
0.112850
1.345971
1.961622
1.722168
1.334122
0.411147
1.046595
1.601283
0.568070
1.693126
2.945297
3.755838
-3.923620
-0.039940
-1.727081
-1.718415
-1.303395
-0.914761
-0.749610
0.517108
-0.895974
0.392987
0.902980
0.638960
-0.790150
-0.715890
-0.692145
0.180348
-0.754237
-0.087648
-0.319993
5.626977
-3.372488
1.200198
-3.536128
-2.550837
-3.325139
-1.312251
1.288425
1.439120
-1.174178
-0.186274
0.116391
0.813105
0.462785
-1.222852
-0.154110
0.659629
-0.059596
0.582852
0.144184
6.233948
-3.541752
0.973992
-3.399966
-2.444795
-3.290353
0.228909
2.027817
2.112099
-2.597592
0.178630
0.486728
0.802489
0.459892
0.155986
1.245130
0.748116
0.922461
0.931389
0.616678
5.424125
-2.922834
0.836367
-2.408769
-1.085362
-2.245624
0.980136
1.109875
3.447712
-1.375669
0.505962
1.629843
1.989002
1.986923
0.823854
2.108123
2.502402
1.294893
2.304895
3.007952
2.969907
-4.365598
0.072741
-0.937761
-2.124092
-1.812204
-0.773714
-0.388017
1.957354
-2.754660
-0.258294
0.603801
1.120459
0.970886
0.699935
0.993873
1.092903
0.129800
1.223812
3.003879
5.038882
-4.577821
1.554033
-2.313104
-2.388490
-3.403355
-1.564040
-0.740566
1.864833
-0.891748
0.708093
1.267928
1.176600
0.670812
0.184454
0.420032
1.334945
0.472430
1.219877
0.658870
5.331086
-3.994224
0.686681
-3.070831
-2.779297
-1.941129
-0.924787
-1.014472
0.825669
-1.308614
-0.295820
-0.069365
0.012399
-0.697305
-1.571839
-0.969888
-1.114326
-3.058145
-2.023840
-1.139364
9.486523
-3.102115
3.563248
-3.984524
-2.996313
-3.622474
1.128876
2.668987
2.500635
-0.336089
0.697441
0.934101
1.808431
1.437631
0.003774
1.057144
2.014827
1.193331
2.494452
1.048911
5.446506
-3.716403
0.129634
-2.487179
-1.033532
-2.236786
-0.349830
0.480415
3.359771
-0.197207
1.505421
1.896213
1.554069
0.940134
0.061923
0.931587
1.397343
0.328264
0.877789
0.172265
5.952543
-3.950045
1.325324
-3.721138
-3.372916
-4.055752
-1.677015
-0.471925
2.993012
0.489990
0.878561
1.373983
1.756518
1.483931
0.443314
0.954999
0.804704
-1.425877
-0.431949
-1.006265
7.124744
-3.516636
1.189641
-4.420552
-3.814494
-4.086627
-1.865516
1.112269
2.428703
-1.110120
-0.953270
0.177386
1.428852
1.420243
0.068181
1.502820
2.076199
1.043998
1.365973
0.267754
5.583337
-4.247186
0.962832
-3.346410
-2.460345
-3.586699
-1.720606
0.863306
1.140479
-1.407473
-0.531535
-0.225594
0.605240
0.243243
-1.129983
-0.819347
1.743411
0.630835
-0.601740
-0.726652
0.319828
5.190228
-3.163574
-1.581421
-2.298727
0.089429
0.352631
2.038432
2.182174
0.840031
0.979952
1.915514
3.232884
3.193860
2.409735
3.725266
4.172427
3.109488
6.511754
3.000018
2.241810
-5.424341
-1.562695
-2.504797
-2.677562
-1.699329
-0.726709
-0.583121
1.374153
-1.655170
-0.444707
0.038743
-0.176730
-0.677900
-0.912429
-0.557976
-0.094171
-0.920325
-0.615758
-0.500711
5.915741
-4.332465
1.241024
-4.083563
-3.690688
-4.734833
-0.863912
1.365165
1.674107
-3.918145
-2.056387
-1.111965
0.474167
0.170013
-1.293207
-0.821255
-1.010203
-3.727341
-2.081141
-1.066191
14.380351
7.751574
2.225552
-7.673063
-5.756857
-5.300684
-0.176628
1.508280
0.516070
-0.735339
-1.483729
-0.554858
0.696895
0.590547
1.966959
4.590773
7.590271
5.172632
5.031403
0.618256
0.753391
-3.175917
1.606812
2.046772
1.065129
2.164818
2.853635
2.743773
3.215378
0.505061
1.859924
2.555935
2.665339
2.661669
0.740509
0.553435
0.896461
-0.578303
3.288468
2.297191
5.239343
-4.901125
-6.089545
0.007045
-8.650687
-5.761710
-4.318057
-3.170200
-1.703160
-2.307233
-1.139590
-1.505460
-1.130114
-2.985812
-3.388019
-3.003652
-3.402789
-4.447250
-4.060106
-0.633804
0.087544
12.677806
8.615046
-8.167775
-7.741095
-7.855127
1.327950
3.504748
5.072610
-2.804540
-6.023086
-5.008653
-2.334385
-2.781649
-0.972950
-0.313541
1.836350
2.680309
1.301359
0.478838
0.312622
15.039728
9.464542
-6.146163
-5.364428
-5.933435
1.618411
2.162688
2.980844
-3.146820
-3.961408
-3.293305
-0.282368
-0.112350
2.734773
5.448259
8.397799
5.881586
5.714618
1.403493
2.699397
-2.770722
1.255226
1.172616
0.379247
1.472309
2.765565
2.705093
4.943672
1.584596
2.718924
3.460501
3.531724
3.428674
1.155022
1.829024
1.887097
0.609973
6.003440
6.535050
6.902692
-6.289628
-3.654780
-8.099077
-7.773158
-6.392749
-4.337657
-2.875066
0.669722
-2.129450
-0.316243
0.442666
0.740784
0.113051
-1.362579
-0.944472
-0.417679
-3.641444
-4.193229
-2.628746
0.100661
7.413950
-5.271934
-5.203200
-6.002046
-6.425851
0.387479
3.908968
3.979475
-4.692957
-5.082916
-4.086220
-1.425520
-1.834598
-2.037858
-2.006235
-1.949962
-2.258903
-2.416682
-0.022046
-1.211797
17.863930
11.707810
4.575226
-12.376268
-11.544636
-1.235220
1.038212
1.233370
-3.742747
-5.835345
-5.445514
-3.369430
-3.805565
-3.580842
0.126736
2.120327
0.191974
-1.553627
0.625121
9.115215
13.359744
4.146166
9.803185
-8.068313
-0.757572
-10.135604
-0.778776
-0.422645
-3.517656
-3.912064
-4.881453
-3.530214
-3.686364
0.909481
3.139331
6.155824
5.125475
2.024741
1.434568
6.005842
-1.219853
4.798963
3.537814
5.094162
-1.938973
1.819341
2.826361
3.481138
3.903024
3.686477
6.785432
8.601638
8.537284
9.313046
9.843323
12.026943
9.503638
8.564788
4.266868
-1.529879
-8.039240
-5.264462
-1.721886
2.454785
2.677631
0.949972
1.857975
-2.927771
-5.431665
-7.708490
-5.085155
-2.500571
-0.927777
-0.416948
-0.282991
-0.039222
-0.708008
-1.059060
3.269806
3.369525
-1.011457
-4.859208
0.354223
-7.240396
-8.136970
-4.521101
-4.648372
-1.546585
-1.559256
-4.999965
-3.233108
-1.894803
-0.056970
-2.532314
-3.414975
-2.861171
-1.245949
-0.742391
-4.926708
-3.056018
19.785244
9.780200
9.082239
-13.328736
5.721678
-15.774256
-0.497184
0.862748
0.865964
-6.348909
-7.007533
-5.988667
-5.012234
-6.691401
-1.365006
0.728814
-2.240937
-1.072427
-0.848011
1.785613
1.140905
-0.511530
26.316723
15.452804
17.565975
6.414808
5.592992
1.578953
-1.429581
-23.611753
-16.102262
-0.555611
-2.809982
-6.773448
-6.509754
-3.256562
-1.983186
-0.488800
1.358451
2.369242
7.363000
10.795497
7.627922
7.743943
3.721977
-4.977164
-5.581535
0.015516
5.944719
7.178006
6.098430
5.819097
6.227669
6.275683
6.967625
2.332793
2.181256
1.991821
2.198979
0.376395
1.343772
0.351722
1.628025
3.500061
7.549416
-1.130097
-4.342371
0.295145
-8.711010
-4.802555
-5.544116
-5.215521
-5.820073
-3.529480
-5.452102
-4.003802
-2.542963
-1.005417
-0.895477
-2.359075
-2.199171
-2.683639
-3.166338
-6.901562
-4.073329
-0.796740
-2.072322
22.514921
16.507362
-15.940887
-20.448950
1.666763
3.686374
2.699549
9.783240
-8.961804
-10.461001
-6.209964
-0.883546
3.553459
3.446542
4.097682
4.586724
3.486699
2.030494
23.631735
28.213675
19.884745
11.528386
-0.001254
-8.441215
-8.736053
-11.523361
-11.209867
0.398199
-19.355669
-10.384268
-12.013532
-1.139787
1.194185
-0.302613
0.097699
0.905663
2.854681
0.000000
-2.671352
-2.531061
-2.631855
-2.606604
-2.531504
-2.385007
-2.220431
-1.886883
-0.524960
0.716410
1.720267
2.259748
2.659259
2.798333
2.917747
2.546817
4.443038
6.563305
9.179112
11.982720
5.925089
7.149530
13.554718
20.427374
-0.272386
-0.551939
-0.024494
-8.200912
-10.163305
-10.119126
-2.504464
3.233047
7.932577
8.412127
7.794869
2.717085
0.004466
-0.001037
-0.000968
-0.544489
0.001391
-0.000005
0.000015
-3.287115
3.880493
-0.957464
-4.168048
-5.778106
-6.911503
-7.961349
-11.311524
-9.059318
-9.896597
-6.917736
-2.373409
-3.709240
-3.615808
-4.027854
2.231146
3.908692
4.861652
4.806715
-8.424024
-4.783414
-7.098118
0.388890
-0.063311
-1.915021
-0.488742
-1.048875
1.860426
-3.221416
-2.325835
-1.075320
0.633973
1.862113
2.343695
1.943235
2.221896
1.156179
1.373513
0.647224
2.807819
-1.671957
-2.607849
0.677230
-1.860894
-3.018054
0.179243
1.553513
1.857571
5.209744
0.326677
2.589866
2.241897
1.922905
0.482903
0.626488
-0.496303
-0.301268
0.565309
1.594537
2.221550
-4.960171
-2.112326
-2.978045
-2.530780
-2.997680
-1.196998
-1.035318
0.342159
-1.440102
-1.979177
-0.455529
0.149375
0.770295
-0.421368
-0.196934
0.484644
2.113187
0.046199
0.107143
1.113542
-1.972422
-2.623552
3.093290
1.328986
-7.329179
-2.149190
-2.346194
0.152244
-0.444406
-1.308876
-1.545541
-0.536739
0.083353
0.389174
0.982595
3.873124
6.501500
4.558953
4.184431
-3.500693
-1.238292
-0.798501
-1.314640
1.140781
-0.230749
0.967145
-0.041029
0.058299
1.164083
-0.300745
0.083340
0.884602
1.415928
0.400869
0.708572
1.250640
0.313358
0.262173
0.762855
3.180832
-3.258524
-0.907989
-2.859725
-1.317127
-1.708389
-0.799569
-1.430518
-0.208531
-0.535606
-0.631268
-0.733683
0.379685
1.082595
-1.160798
0.124177
2.303647
3.897699
3.043875
0.482195
3.137641
-3.060162
-3.815089
-1.945990
-0.462721
-2.221122
-0.613239
-1.132232
0.349330
-0.505970
-1.137173
0.135905
0.246832
0.479912
-0.298825
0.273584
2.444075
2.417369
1.451603
0.963870
2.587227
-2.606929
-0.812291
-2.232016
-0.570355
-1.910106
-0.018841
-0.468801
0.608834
-0.535367
-0.940024
0.127269
0.481702
0.813762
0.047217
0.311333
2.572830
4.233564
2.888945
0.300532
2.011638
-3.141664
-3.889970
1.798672
-2.972720
-3.321753
-0.809584
-0.753789
0.659425
-0.820530
-1.112567
-0.121500
0.368238
0.724006
-0.023174
0.200501
1.721653
3.477842
1.282068
0.377419
0.582015
-1.401473
-2.492191
1.047510
-1.852247
-3.838357
-0.828002
-0.524955
-0.331766
0.440864
-0.909117
0.655680
1.139760
1.477555
0.817048
1.438951
2.023272
4.511333
4.344136
7.004951
-0.558147
-3.508931
-1.627122
-2.990110
-1.978664
-3.222207
-1.385661
-1.045132
0.528816
-1.235312
-1.449407
0.323603
0.641253
1.221396
-0.458743
-0.129831
1.883748
2.784189
0.164187
-1.003777
-0.283897
-1.571885
-2.757891
3.292418
0.457570
-8.125079
-2.717404
-1.764487
0.624834
-0.299310
-0.878599
-0.377746
0.784406
1.351714
0.697344
1.354832
3.924013
6.284583
4.951695
6.635480
-2.493737
-3.037878
-1.366047
-2.287184
0.806541
-1.369977
-0.158443
-0.760154
-0.151437
0.403423
-0.390007
0.378804
1.330621
1.967071
0.964345
1.354467
-0.075274
2.487528
2.163042
1.122018
2.939234
-2.958112
-4.172554
0.910852
-3.518161
-4.320041
-1.669890
-0.974189
-0.341522
-1.026540
-1.697338
0.334910
0.459952
0.624790
-0.773959
-0.566779
1.572375
3.190973
0.807349
0.094474
-0.132990
-0.844021
1.087409
-1.573457
-2.312080
-3.106809
-1.067465
-0.585941
1.128424
0.254468
-0.503119
1.294010
1.555602
1.816837
0.508556
1.132881
1.375249
3.744452
3.503525
5.091032
-1.727950
-3.485920
-0.926178
-1.362081
-0.683200
-1.704104
-0.196929
-0.402121
-0.477959
0.311187
-0.539916
-0.335290
1.184136
2.367410
0.345567
0.605840
2.636885
0.656009
-0.001758
0.353661
-0.321868
-1.237250
-2.566383
1.434421
-3.626472
-4.528071
-1.792618
-1.427798
0.069620
-1.334434
-1.018269
-1.203512
0.101350
1.104024
0.274970
0.918709
3.279491
5.627378
4.124281
6.126651
-2.595337
-2.383780
-2.166212
0.366504
-1.584943
-2.601921
-0.361331
-0.426702
0.006321
1.172089
0.155070
0.097236
1.061769
1.828054
0.326544
0.914842
0.965155
1.251632
1.102226
1.254483
3.158975
-3.934993
-3.106402
-0.736005
-0.399026
-2.034972
-0.984516
-1.723557
-1.922236
-1.954564
-2.622471
-0.907579
-0.347430
0.157888
-1.753251
-0.607565
1.909413
4.901731
5.826997
9.485904
-4.509012
-2.821482
-4.024529
1.939649
-3.020984
-2.802842
-1.192029
-1.775267
-1.009686
-1.297416
-1.779521
-1.540471
-0.942054
-0.020169
0.841480
2.075593
3.236995
3.905360
4.955162
4.989703
-4.863075
-2.888596
0.264395
-1.006950
2.716136
1.443247
0.792892
-1.496792
-1.612736
-1.813963
-2.640207
-2.073345
-0.508248
0.659809
-0.010983
0.092297
2.186645
3.432368
0.630651
-0.212675
1.284872
-2.396722
-2.804909
0.801822
-1.794900
-2.257873
-0.043039
0.325477
0.720259
1.578410
0.409800
0.858322
1.708216
2.276335
0.308074
0.944341
1.051867
1.552260
2.798538
5.442767
-0.822847
-1.290939
-3.677075
1.669888
-3.555204
-2.884433
-1.082178
0.372171
0.154427
0.108929
-0.767323
-0.471309
0.645541
1.662034
0.549245
0.635293
1.078652
0.674752
1.386301
2.008083
1.956814
-3.125850
-2.528063
-2.596139
1.262987
1.529342
-0.184670
-2.297272
-1.723432
-1.535079
-2.506322
-1.436315
-1.123023
-0.623235
-0.585894
-1.259062
-0.530041
3.409592
3.271500
3.074673
0.452864
-2.130557
-0.999910
3.477935
-0.526986
-1.331038
1.023018
1.141679
0.944769
1.769451
0.546520
0.432613
1.312067
2.353519
0.942445
0.405828
1.877920
3.078608
4.821910
7.656594
-2.707567
-3.319285
-1.546808
-2.045626
-0.845492
-0.753432
-1.697274
-4.067115
-3.598331
-3.575567
-3.666557
-3.051443
-1.724681
-0.481195
-1.615908
-1.413540
-0.851493
2.531006
2.748933
1.338435
-0.310064
0.012219
1.349984
-1.769826
-0.401983
-2.271921
-0.072003
-0.002368
0.483113
0.715064
-0.367680
-1.161887
0.723698
1.684874
2.005076
1.743168
2.058899
2.362842
2.779171
5.311399
1.301442
-3.083511
-3.563562
-3.064240
1.493679
0.036322
-0.009006
-0.465473
-0.922675
-1.607437
-2.733136
-2.346638
-1.599836
-0.650659
-2.377383
-0.207033
0.528941
1.508406
3.302046
3.468832
4.064952
-3.309331
-2.742998
1.391571
1.866655
-0.556652
-0.133175
-1.719119
-1.425577
-1.167712
-2.425183
-2.641948
-2.177097
-1.322860
-1.278780
0.353790
1.131471
3.779662
3.157090
3.408050
0.219711
-0.572770
-1.575435
3.449331
0.129863
-0.410617
-0.048096
0.195241
-0.290420
-0.246455
-1.528549
-1.780789
-0.769815
0.395964
0.213993
0.418756
1.635011
4.526844
3.219516
4.247170
0.788809
-3.245023
-3.559770
-0.222330
0.144423
-1.638703
-0.581304
-1.202613
-0.631364
-2.032586
-3.137542
-1.311952
-0.774950
0.136795
-1.021017
1.057437
1.786151
4.635701
4.943786
9.896950
0.745578
-3.719801
-4.227448
1.829929
-3.378934
-2.960423
-1.507947
-0.295350
-0.015153
0.184762
-0.553728
-0.328824
0.765554
1.847471
1.013299
0.131439
0.832543
1.564797
3.506868
4.270505
1.167459
-2.822894
-2.364465
0.234879
1.131207
-0.132411
-0.375023
-1.531088
-1.148055
-1.708741
-2.505663
-2.399974
-1.025148
0.314356
-0.388305
1.145468
1.864684
2.941317
0.624632
0.106087
-0.454862
-0.769903
-2.568445
2.522112
-2.527728
-3.557391
-1.167668
-0.564805
-0.568878
-0.586246
-0.980252
-0.378178
0.840527
1.954014
0.871198
2.560255
3.388583
4.635562
5.098132
8.920021
-0.305712
-4.274410
-3.123579
-3.425050
0.675839
-1.401634
-1.399579
-2.718742
-2.087845
-2.706546
-3.461391
-3.482844
-2.036442
-0.504580
-0.793143
1.142800
3.088715
3.415837
1.588542
-0.482342
-0.866514
-0.769362
0.093197
-1.374628
-0.438532
-2.073679
-0.697069
-0.008787
0.641991
1.476599
0.657392
0.344528
1.835824
2.407513
1.181261
0.583645
1.653923
1.752745
2.298580
2.540926
0.411466
-2.210446
-2.314011
0.858930
1.672204
-0.772925
-1.146666
-1.715638
-1.585111
-1.046382
-1.343263
-1.711745
-0.812792
-1.037872
-0.518114
0.290715
1.022844
0.666237
1.271999
1.606834
-0.418143
0.032129
-3.116011
3.963201
-2.401478
-2.324389
-0.805536
0.400613
0.570749
0.892864
-0.393983
-0.123640
1.206745
2.024606
2.355134
1.635048
1.916127
1.197246
2.433037
3.098578
0.613045
-3.713049
-1.869468
-1.918035
2.437743
0.417425
-0.010936
-1.167449
-0.971542
-2.670316
-1.667998
-1.622704
-0.554120
0.627634
0.166182
0.044033
1.249929
3.907904
3.063879
3.840109
0.932914
-1.333456
-2.729754
0.987571
-1.342740
-2.975564
-1.408986
-1.396873
-1.424065
-0.915213
-1.156569
-1.245897
-0.525101
0.413705
-0.060675
0.428241
1.061843
3.652019
3.658450
2.256509
-0.557124
-1.268161
-2.323465
3.399928
-2.166794
-2.054728
-1.424848
-0.760654
-0.725929
-0.829434
-1.603835
-1.304528
-0.494391
0.412095
-1.286779
-0.739000
1.236682
5.589900
5.977454
10.464974
-0.947526
-2.536324
-4.043273
-0.037688
-1.915554
-2.805012
-1.639304
-1.902863
-1.537788
-2.114188
-2.935675
-2.269123
-0.812736
0.503072
0.273326
2.240083
2.733996
4.029105
6.404772
10.569743
0.958736
-3.497971
-4.046738
-1.832503
1.101807
-1.752253
-1.440842
-1.742059
-1.671795
-2.439866
-1.983314
-2.342473
-0.713824
0.312397
0.237885
-0.018574
0.493759
0.823111
0.050206
1.268027
-0.526790
-0.777946
0.541887
-1.215168
-0.830208
-0.959498
-0.650898
-0.979568
-0.570523
-1.506175
-1.289621
-0.659540
-0.488084
0.271205
-1.103999
-0.493388
1.309388
6.172387
6.698904
9.930319
1.514542
-2.591116
-3.590185
-1.145728
0.685948
0.416339
-0.793185
-2.099341
0.784352
-0.753549
-0.987961
-0.293144
1.007655
2.283113
1.335163
0.443135
2.004961
3.688951
6.214768
7.002538
-1.815189
-3.942887
-1.849104
-1.305739
0.401013
-0.349234
-0.320552
-2.230071
-2.704906
-3.962226
-4.028503
-4.165920
-3.599801
-2.045301
0.800534
1.883138
1.911911
3.539301
2.583923
1.422729
-0.533472
-1.177329
-3.266391
2.636603
-1.935588
-3.872101
-2.242392
-2.537217
-1.335361
-0.679928
-1.090934
-2.078574
-2.488124
-0.650677
1.818551
3.510339
3.825357
5.659436
4.377385
2.208116
0.203517
-0.622634
-1.987215
3.200379
-1.920776
-2.206534
-0.919082
0.840724
0.902077
0.821275
1.279723
0.446068
0.112077
1.296936
1.785718
0.957263
1.647981
1.722325
0.027256
0.411587
-0.641342
-1.308907
-2.906541
2.304086
-3.561407
-3.399107
-2.938213
-1.584227
0.005798
0.680134
-0.068862
0.091751
0.104731
1.462652
-0.157201
1.036100
1.775895
3.597170
3.093894
3.597787
-0.377681
-1.139387
-3.525734
2.783082
-2.810930
-5.002113
-2.736265
-2.113151
-1.750048
-0.713270
-0.541464
-1.011808
-0.273874
0.751742
1.131250
0.528316
2.079214
4.600416
2.764539
2.482134
-0.212620
-1.017056
-2.552410
1.406682
-2.064721
-3.735978
-1.812311
-0.929759
-0.553032
0.143276
0.249784
-0.039659
0.794458
1.885553
-1.012232
0.347611
2.045732
4.550891
4.479957
2.542754
-0.230447
-1.184513
-3.478378
-0.269192
-0.254274
-2.095908
-2.457545
-2.658497
-2.123404
-1.528818
-0.939963
-1.409261
-1.357727
0.496016
0.439134
2.245768
2.162486
3.683570
2.509483
0.710224
-0.579116
-0.051512
-3.025970
3.821132
-3.353118
-3.712912
-2.572332
-0.865382
-0.197681
1.259511
0.176368
0.072797
0.182116
1.769186
3.550468
2.957258
4.135847
3.507981
4.223319
2.356749
0.234421
-2.322037
-2.337927
0.198657
0.762171
-1.305223
-1.147809
-1.651906
-0.968917
-1.719076
-0.610012
-0.536597
0.143102
2.008503
-0.470103
1.023390
1.262245
1.175887
2.390980
3.067883
-0.800786
-2.667945
-3.867268
-3.280035
-2.239871
-3.768264
-3.004270
-2.516471
-1.724884
-1.631525
-0.456491
-0.973658
-1.988658
0.601292
0.768159
2.435826
2.401688
2.510131
3.980722
4.039173
0.457695
-0.179221
-2.597003
4.033799
-1.845154
-2.018462
-1.265529
-0.408731
-0.215633
0.925087
-0.057311
1.398228
0.437687
-0.102631
-0.344822
2.957603
7.021676
5.011467
3.901400
2.805991
0.458303
-1.502098
-1.756178
-1.650676
2.226392
1.687579
-0.501609
-0.279710
-0.075656
0.772248
-0.245765
0.665541
1.000458
1.250587
1.054042
1.516878
3.198126
2.974331
2.608986
1.810881
0.128024
-4.649876
-6.028806
0.036312
-1.337959
-4.274265
-5.620401
-5.179440
-3.648086
-4.975754
-3.640384
-2.656268
-1.425282
-0.134890
-2.370269
-0.357621
-0.220307
1.390885
4.318826
5.439774
1.296044
-0.198232
-3.770931
2.536126
-2.599931
-3.444092
-2.487787
-1.014976
0.259870
0.111486
0.222968
0.692953
1.510109
2.552335
2.191540
1.682774
3.241734
3.047404
5.599879
5.795846
2.190147
-3.716607
-0.965192
-0.601640
4.038109
1.884034
2.293465
1.605496
0.191120
-1.115693
-1.528236
-0.650152
-0.108467
0.356803
0.524211
-0.320247
3.407378
3.172271
2.404267
1.109965
-0.697020
-2.447434
-3.022322
-0.764313
-0.872778
-2.967913
-3.251905
-3.428796
-2.024081
-4.080679
-2.442257
-2.129811
-1.020137
0.584846
-0.776297
-0.001197
-0.627907
-1.184804
-0.202977
1.101105
-0.367175
-0.012464
-3.589217
4.151840
-3.938255
-1.913581
-2.176483
-1.199198
-0.213366
-1.092085
-1.658665
-1.926125
-1.220352
1.633726
3.934261
4.321535
3.570954
2.357450
2.955575
4.482787
-0.360292
-1.885921
-0.779408
0.870890
2.955244
3.970753
2.639360
0.604008
-1.211508
-1.231269
-1.739146
-1.338181
-1.798749
-1.731417
-1.064480
0.872451
4.173077
5.213362
5.349076
4.545806
0.309042
-1.847537
-2.145489
-1.868175
2.483445
-0.396453
-0.335111
-1.880919
-2.718188
-4.041641
-3.206090
-3.254903
-2.926839
-1.933466
-0.544260
1.408530
2.160479
2.537783
2.704035
4.203723
0.598771
-1.091710
-2.942946
-3.389911
-0.250092
-0.892731
-1.575791
-2.376903
-2.600302
-1.793205
-3.056645
-3.577986
-3.581355
-1.558467
0.732259
2.469477
2.942818
3.143870
7.070554
7.711654
1.253110
-1.001239
-2.669757
-0.572792
1.260831
1.020132
-0.889447
-1.457196
-1.265625
-0.164249
-0.451879
-1.151077
-1.328295
-0.063227
1.959129
1.194138
2.712548
3.884273
4.402417
5.481048
1.171852
-2.310347
-1.802163
-1.021404
1.148830
-0.605255
-0.021044
-0.425518
-0.484330
-2.809889
-1.151103
-1.183876
-1.015814
0.425689
-0.471740
-0.702954
0.937395
1.308478
4.327635
4.644553
0.824237
-1.296773
-4.191003
-1.758197
-1.407560
-2.353810
-2.271333
-2.098620
-0.968144
-2.822721
-2.181529
-1.850680
-0.867820
0.344550
-1.463378
-1.009241
0.173765
2.584854
5.924226
6.470757
1.522988
-1.482450
-2.039438
-0.540672
1.264241
0.542194
-0.528009
-1.953161
-2.291257
-2.048002
-3.135140
-2.830957
-2.696138
-0.980189
3.442958
2.319619
3.787388
4.003960
7.698346
9.048175
0.771749
-2.655032
-2.752830
-1.373052
0.590888
-0.881016
-0.764959
-1.053545
-0.681749
-1.815111
-1.685351
-1.821631
-1.988459
-1.051611
0.300303
1.169099
2.682981
2.433712
4.046384
3.311838
0.629804
-0.877590
-3.104436
-1.395710
-0.295362
-1.889567
-1.646183
-1.893143
-1.665664
-0.723120
-1.404457
-1.593636
-1.799289
-0.142385
2.427656
3.365023
2.922903
2.736072
4.533525
4.613245
-0.011953
-1.542613
-3.091910
-1.036917
-0.374603
-0.880393
-1.799108
-2.300968
-1.844116
-0.264548
-1.132361
-1.722966
-1.490868
0.272275
2.448124
2.036199
3.050326
2.928983
7.297277
11.136854
-0.505292
-2.137639
-3.502687
-2.604899
-0.444271
-0.165114
-0.912237
-1.251735
-1.167178
-2.228660
-1.400917
-1.032481
-0.596122
-0.067799
0.187912
0.430087
2.448057
2.508105
5.616243
4.837058
0.688834
-2.831414
-3.460542
-1.897483
-0.605779
-0.949300
-1.871998
-2.352600
-1.943754
-3.291766
-1.685249
-1.521126
-1.135380
-0.037888
0.568673
0.609806
2.388209
2.725777
5.368333
5.079885
1.290434
-2.533422
-2.648842
-1.608502
0.180137
0.617532
-0.783179
-1.510348
-1.182281
-2.970621
-1.783839
-2.074718
-1.913357
-0.398777
0.900681
0.980265
1.467798
2.399425
6.385333
10.926403
-0.079944
-2.287408
-3.594973
-2.045681
-0.307200
-0.363561
-0.982791
-1.296255
-1.290301
-1.740147
-2.118387
-1.904051
-1.314740
0.428674
1.820183
1.521117
2.134583
2.567925
7.449182
10.514519
-0.461196
-3.427496
-2.500786
-2.619617
-0.093029
0.027627
-0.866622
-1.624070
-2.020928
-3.723219
-1.658175
-2.094195
-2.025556
-1.360428
-1.054996
0.572928
3.389947
4.809525
9.053542
8.154773
1.035160
-2.704905
-3.202190
-1.193435
-0.422056
-0.438750
-1.546484
-2.035879
-2.130854
-4.314813
-1.891162
-2.095040
-1.864959
0.254836
1.562288
0.826649
1.485689
2.334779
8.465231
6.748343
0.341124
-2.624555
-2.027589
-1.012631
-0.652596
-0.496596
2.045208
-2.239110
-3.106091
-3.187282
-1.728706
-2.055640
-1.958728
-1.423012
0.592956
1.972033
5.187536
6.569957
10.835415
10.273532
0.142012
-3.464580
-3.233782
-2.085419
0.868321
1.306157
0.267474
0.053397
-0.683589
-3.021690
-3.402676
-1.822029
-1.029853
-0.145654
-2.135648
0.903969
4.123948
5.227901
6.549720
6.199143
1.463176
-2.980403
-3.132396
-2.324567
0.173047
-1.311460
-1.323445
-1.766086
-1.987590
-3.435078
-3.577417
-2.701675
-1.568704
-0.109806
-3.165839
0.361314
3.093063
5.651634
10.002392
15.264167
-0.003474
-4.056197
-3.383029
-2.867658
-1.203382
-0.991601
-1.983350
-2.864877
-1.220118
-4.677749
-3.165453
-1.889868
-0.800892
0.599698
1.865306
2.042389
5.181832
7.141727
10.291489
9.242392
0.662758
-3.173700
-5.409313
-1.203763
-0.356592
-1.445250
-1.915456
-1.166846
-1.953352
-2.012865
-5.208019
-3.907542
-2.095216
-0.782817
0.671342
-1.218521
1.211989
4.068101
7.411496
13.228017
17.372015
-0.565748
-5.761182
-7.573675
-0.027747
-2.028885
-1.748957
-1.875162
-3.273912
-3.404361
-5.122427
-4.132945
-3.284765
-2.187603
-1.064848
0.317305
-1.445138
1.183604
4.911583
8.647461
15.868916
16.848244
-2.172471
-6.007473
-5.146587
-2.845999
-1.234719
-0.403312
-1.305739
-1.678609
-5.235541
-4.576789
-3.611269
-2.600618
-1.911125
-0.709276
-0.326304
0.273594
3.706301
7.129593
13.895582
14.291587
1.094115
-5.455057
-8.745659
-4.259533
-2.653466
-2.781422
-4.578072
-4.713880
-4.326972
-1.798232
-2.610202
-2.041940
-0.892114
0.496119
1.130919
0.030347
2.761646
5.851727
9.597012
14.234937
10.141642
-1.983426
-6.605656
-5.321960
-0.312168
0.769355
-1.476890
-2.046177
-3.158490
-2.664250
-2.152826
-3.959709
-1.431997
-0.916974
0.400691
2.236338
1.636993
0.178771
2.328452
5.599249
7.959878
10.130837
3.164486
-1.996795
-4.529543
-5.203681
-0.387116
-0.931886
-3.244057
-3.618806
-4.025856
-3.800808
-3.357776
-6.392225
-2.791450
-0.798498
-0.940682
1.395027
1.847079
2.120060
4.262124
5.461466
8.147610
3.319349
-0.194811
-2.703397
-1.341493
0.486518
-0.112723
1.318633
-0.442159
-4.375713
-7.134495
-4.748321
-5.013048
-2.819605
-2.179407
-0.198502
-2.866730
-3.212399
-1.495054
1.559136
1.426298
1.372714
0.035183
-1.053850
-2.720287
3.134240
3.120778
-4.169408
0.030012
-1.833820
-2.678445
-2.487465
-1.320320
-2.467569
-2.747733
-1.992594
-0.500178
1.325692
4.135947
4.280848
5.737250
6.230206
11.253500
8.313318
1.680623
-1.486651
-4.799040
2.296802
3.302357
2.930376
2.709446
3.332534
2.031279
-0.328156
-7.787964
-3.901580
-2.402677
-1.642256
-0.318134
-1.577489
-2.116813
1.427847
3.927591
10.391638
16.049559
-2.227989
-6.992936
-6.275155
-4.860131
-2.207656
-2.839542
-1.659863
-3.192844
-3.412526
-5.937160
-3.823459
-1.895550
-1.873954
-0.816268
-1.829806
-1.405959
-0.436518
2.191411
2.845789
4.809494
4.952685
0.635033
-1.625676
-2.568620
0.563584
0.150161
0.996602
0.630123
-1.790330
-2.704514
-1.454953
-0.234643
-1.418364
-1.927170
-1.150430
0.651223
1.688255
0.478804
3.278791
8.593686
19.620445
14.216574
-4.838936
-6.086469
-4.273896
-2.792029
-0.730858
0.116885
0.802968
-0.950994
-1.600483
-4.608550
-2.042758
-1.453223
-0.744647
-1.466686
-1.240740
-1.255183
0.807572
3.138448
1.688626
1.160475
0.577403
-0.580140
-0.525223
-3.843964
0.308375
1.081738
0.765754
0.119944
-1.680183
-3.008773
-1.377080
-2.333490
-1.257534
-1.875582
-0.853619
-0.252980
-0.213200
1.371901
2.634262
8.576263
13.712579
6.507263
-2.661947
-4.346309
-3.262055
-0.957522
-0.008425
-0.530997
-2.022560
-1.959182
-5.835073
-2.261970
-0.143606
-0.760100
-0.904166
-1.953076
-0.262890
1.698971
3.810455
3.629930
5.558085
3.521041
-1.955065
-1.644215
-1.328008
-0.443147
0.000000
1.845636
1.503750
1.160632
0.772554
0.464078
0.104078
-0.655734
-1.234018
-1.472941
-1.397458
-1.139449
-0.846982
-0.579621
-0.331167
0.035770
0.871012
3.258427
5.529615
8.121602
11.035020
13.819341
5.552604
4.678835
2.361937
-1.383741
-4.633526
-5.083915
-2.382601
0.940875
5.995459
11.704532
13.844970
15.535566
-0.000005
-0.000001
-1.115077
-4.652732
-9.491739
-12.396344
-11.200393
-10.149492
-11.966928
-12.326350
-9.945464
-6.433824
-4.604975
-9.645739
-12.975377
-13.212163
-11.694110
-12.041001
-6.290420
-1.775238
-0.170092
2.337618
2.588470
1.609390
1.590709
2.814345
4.186613
0.000000
0.811471
0.630728
0.567142
0.539375
0.493131
0.453057
0.346648
-0.026470
-0.380104
-0.531164
-0.622300
-0.535808
-0.467524
-0.333613
-0.390551
