-0.000022
-0.000040
-0.000058
-0.000075
-0.000090
-0.000105
-0.000118
-0.000130
-0.000143
-0.000155
-0.000167
-0.000180
-0.000193
-0.000204
-0.000216
-0.000227
-0.000238
-0.000248
-0.000258
-0.000268
-0.000284
-0.000308
-0.000337
-0.000360
-0.000377
-0.000387
-0.000390
-0.000383
-0.000365
-0.000343
-0.000033
0.000463
0.000640
0.000530
0.000591
0.001035
0.001848
0.003136
0.003468
0.000009
0.000078
0.000064
0.000001
-0.000105
-0.000253
-0.000435
-0.000630
-0.000758
-0.000973
-0.001135
-0.001243
-0.001458
-0.001440
-0.001466
-0.001668
-0.002033
-0.002529
-0.003001
-0.003404
-0.003616
-0.003848
-0.004068
-0.004293
-0.004547
-0.004703
-0.004849
-0.004968
-0.005104
-0.005548
-0.006212
-0.006867
-0.007550
-0.008262
-0.009043
-0.009781
-0.010378
-0.010505
-0.010909
-0.011696
-0.012356
-0.012745
-0.013185
-0.013632
-0.013917
-0.014173
-0.014157
-0.013954
-0.013632
-0.013167
-0.012721
-0.012548
-0.012512
-0.012521
-0.012479
-0.012082
-0.011409
-0.010757
-0.010258
-0.009997
-0.010262
-0.010861
-0.011727
-0.012413
-0.012604
-0.012386
-0.012420
-0.012933
-0.013456
-0.013924
-0.014650
-0.015345
-0.016047
-0.016786
-0.017661
-0.018327
-0.018894
-0.019594
-0.020244
-0.020760
-0.021484
-0.022033
-0.022777
-0.023385
-0.023742
-0.024083
-0.024402
-0.024789
-0.025097
-0.024992
-0.024922
-0.025156
-0.025436
-0.025699
-0.025856
-0.025646
-0.025258
-0.024912
-0.024459
-0.024045
-0.024005
-0.024207
-0.025366
-0.026223
-0.026341
-0.026367
-0.026380
-0.026529
-0.026624
-0.026429
-0.026239
-0.026117
-0.026021
-0.025946
-0.025839
-0.025355
-0.024667
-0.024000
-0.023333
-0.022898
-0.022784
-0.023035
-0.023970
-0.024878
-0.025215
-0.025500
-0.025653
-0.025766
-0.025746
-0.025559
-0.025339
-0.025195
-0.025013
-0.024805
-0.024519
-0.024006
-0.023311
-0.022809
-0.022396
-0.021970
-0.021782
-0.021316
-0.021000
-0.020607
-0.020152
-0.019786
-0.019522
-0.019329
-0.018977
-0.018314
-0.017753
-0.017219
-0.016701
-0.016198
-0.015656
-0.014837
-0.013898
-0.013077
-0.012064
-0.011127
-0.010513
-0.010176
-0.010388
-0.010713
-0.010530
-0.010334
-0.010124
-0.009993
-0.009667
-0.009098
-0.008359
-0.007750
-0.007146
-0.006543
-0.005861
-0.004924
-0.003841
-0.002846
-0.001795
-0.000880
-0.000395
0.000232
0.000302
0.000316
0.000522
0.000504
0.000540
0.000553
0.000822
0.001484
0.002283
0.002924
0.003582
0.004223
0.004914
0.005873
0.007138
0.008429
0.009835
0.011213
0.012307
0.013488
0.014219
0.014854
0.015582
0.016100
0.016593
0.017016
0.017709
0.018680
0.019604
0.020585
0.021629
0.022661
0.023595
0.024790
0.026134
0.027430
0.028843
0.029969
0.030608
0.031220
0.031225
0.031198
0.031222
0.030969
0.030729
0.030489
0.030501
0.030828
0.031227
0.031611
0.032062
0.032510
0.032993
0.033728
0.034698
0.035725
0.036813
0.037894
0.038806
0.039884
0.041039
0.042577
0.044107
0.045475
0.046600
0.047607
0.048906
0.050706
0.052277
0.053786
0.055306
0.056799
0.058355
0.060183
0.062150
0.064175
0.066562
0.068816
0.070633
0.072057
0.072520
0.073238
0.074315
0.075226
0.076085
0.076909
0.077768
0.079063
0.080625
0.082287
0.084025
0.085731
0.087231
0.088909
0.090781
0.092791
0.094910
0.096610
0.097722
0.098763
0.099171
0.099486
0.099663
0.099375
0.098991
0.098579
0.098504
0.098981
0.099428
0.100145
0.101008
0.101830
0.102588
0.103528
0.104669
0.106013
0.107407
0.108696
0.109713
0.110948
0.112547
0.114183
0.115616
0.116818
0.117407
0.117571
0.118076
0.118910
0.119507
0.120172
0.120928
0.121692
0.122462
0.123494
0.124782
0.126553
0.128703
0.130874
0.132725
0.134711
0.135971
0.137317
0.138592
0.139521
0.140200
0.140718
0.141434
0.142861
0.144618
0.146392
0.148190
0.149952
0.151736
0.153715
0.155867
0.158390
0.161239
0.163780
0.165772
0.167753
0.169282
0.170760
0.172359
0.173682
0.174852
0.175959
0.177323
0.179333
0.181696
0.184085
0.186508
0.188854
0.191163
0.193631
0.196439
0.199343
0.202354
0.205404
0.208080
0.210841
0.213464
0.216011
0.218220
0.220013
0.221308
0.222271
0.223530
0.225644
0.227548
0.229432
0.231450
0.233468
0.235465
0.237476
0.239789
0.242421
0.245440
0.248607
0.251393
0.254305
0.256998
0.259456
0.261670
0.263506
0.265054
0.266454
0.268112
0.269956
0.272237
0.274497
0.276710
0.278809
0.280837
0.282905
0.285140
0.287573
0.290362
0.293080
0.295410
0.297943
0.299914
0.301872
0.303686
0.305056
0.306383
0.307686
0.309325
0.311212
0.313447
0.315694
0.317994
0.320242
0.322474
0.324769
0.327204
0.329744
0.332531
0.335344
0.337654
0.340189
0.342430
0.344598
0.346498
0.347906
0.349091
0.350134
0.351398
0.353319
0.355377
0.357633
0.359965
0.362215
0.364374
0.366641
0.369015
0.371460
0.374137
0.376856
0.379171
0.381618
0.383687
0.385634
0.387392
0.388814
0.389866
0.390651
0.391655
0.393500
0.395186
0.396817
0.398541
0.400241
0.401938
0.403801
0.405988
0.408418
0.411025
0.413719
0.416046
0.418472
0.420541
0.422479
0.424262
0.425769
0.426999
0.428079
0.429437
0.431012
0.432690
0.434342
0.436031
0.437652
0.439140
0.440691
0.442372
0.444163
0.446408
0.448608
0.450435
0.452367
0.453862
0.455409
0.457191
0.458804
0.460341
0.461786
0.463504
0.465833
0.468162
0.470462
0.472801
0.475081
0.477363
0.479665
0.482291
0.485144
0.488267
0.491168
0.493539
0.496023
0.498120
0.499992
0.501945
0.503690
0.505279
0.506760
0.508451
0.510720
0.513259
0.515774
0.518302
0.520739
0.523129
0.525551
0.528111
0.530813
0.533760
0.536812
0.539329
0.541821
0.543718
0.545499
0.547096
0.548233
0.549226
0.550179
0.551416
0.553310
0.555599
0.557922
0.560275
0.562542
0.564756
0.567117
0.569810
0.572817
0.576082
0.579181
0.581944
0.584858
0.587747
0.590612
0.593109
0.595199
0.596848
0.598248
0.599850
0.602079
0.604436
0.606996
0.609654
0.612239
0.614719
0.617198
0.619751
0.622390
0.625299
0.628334
0.630939
0.633718
0.635975
0.638128
0.640119
0.641684
0.643090
0.644406
0.645969
0.648140
0.650572
0.652982
0.655415
0.657777
0.660105
0.662507
0.665048
0.667796
0.670901
0.674007
0.676587
0.679346
0.681488
0.683637
0.685928
0.688020
0.689899
0.691629
0.693540
0.696075
0.698860
0.701672
0.704590
0.707459
0.710242
0.712899
0.715864
0.719166
0.722818
0.726422
0.729507
0.732739
0.735682
0.738376
0.740690
0.742481
0.744091
0.745605
0.747486
0.749933
0.752058
0.754282
0.756615
0.758866
0.760992
0.763166
0.765442
0.767802
0.770556
0.773463
0.775929
0.778552
0.780799
0.782992
0.784956
0.786475
0.787784
0.788979
0.790421
0.792528
0.794768
0.797211
0.799735
0.802184
0.804567
0.807149
0.809786
0.812408
0.815228
0.818087
0.820626
0.823069
0.825514
0.827836
0.829931
0.831684
0.833045
0.834049
0.835124
0.836536
0.837973
0.839555
0.841227
0.842827
0.844287
0.845695
0.847220
0.849083
0.851354
0.853477
0.855246
0.856814
0.857701
0.858773
0.860153
0.861355
0.862499
0.863579
0.864834
0.866635
0.868627
0.870563
0.872550
0.874527
0.876524
0.878774
0.881184
0.883740
0.886498
0.889263
0.891453
0.893797
0.895862
0.897764
0.899362
0.900592
0.901463
0.902087
0.902944
0.904513
0.906067
0.907809
0.909606
0.911310
0.912925
0.914706
0.916690
0.918735
0.920798
0.922697
0.924325
0.926100
0.928169
0.930379
0.932393
0.934195
0.935477
0.936503
0.937700
0.939152
0.940552
0.942060
0.943645
0.945187
0.946659
0.948248
0.950176
0.952393
0.954947
0.957549
0.959817
0.961896
0.963405
0.964983
0.966837
0.968499
0.970052
0.971560
0.973373
0.975723
0.978388
0.981049
0.983754
0.986416
0.988949
0.991540
0.994346
0.997402
1.000682
1.003620
1.005878
1.008103
1.009702
1.011133
1.012369
1.013000
1.013500
1.013933
1.014712
1.016046
1.017576
1.019212
1.020935
1.022621
1.024268
1.026086
1.028103
1.030256
1.032371
1.034343
1.036271
1.038127
1.040223
1.042499
1.044288
1.045704
1.046455
1.046850
1.047472
1.048633
1.049524
1.050527
1.051691
1.052993
1.054390
1.056016
1.057730
1.059459
1.061475
1.063479
1.065347
1.067102
1.069082
1.071427
1.073519
1.075314
1.076581
1.077510
1.078673
1.080173
1.081527
1.082919
1.084472
1.086027
1.087573
1.089319
1.091359
1.093597
1.096141
1.098987
1.101510
1.104062
1.105987
1.107877
1.110055
1.112033
1.113862
1.115609
1.117745
1.120338
1.123168
1.125975
1.128805
1.131582
1.134319
1.137054
1.139979
1.143197
1.146708
1.149917
1.152567
1.155265
1.157340
1.159388
1.161451
1.163280
1.165010
1.166627
1.168413
1.170792
1.173454
1.176117
1.178842
1.181525
1.184142
1.186884
1.189776
1.192813
1.195957
1.198979
1.201732
1.204334
1.207231
1.209573
1.211300
1.212614
1.213382
1.213503
1.213716
1.214482
1.215093
1.215877
1.216791
1.217753
1.218728
1.219832
1.221021
1.222108
1.223057
1.223783
1.224383
1.224699
1.225362
1.226187
1.226967
1.227629
1.227831
1.227796
1.228028
1.228529
1.228669
1.228825
1.229084
1.229528
1.230170
1.230871
1.231465
1.232205
1.233205
1.233998
1.234484
1.235018
1.235733
1.236448
1.237359
1.238301
1.239187
1.239664
1.240242
1.241090
1.241864
1.242464
1.243089
1.243812
1.244622
1.245652
1.246970
1.248492
1.250483
1.252539
1.254411
1.256553
1.258443
1.260043
1.261106
1.262167
1.262650
1.262720
1.262975
1.263400
1.263672
1.264109
1.264581
1.264993
1.265336
1.265648
1.265877
1.266430
1.267586
1.269303
1.270963
1.273258
1.275624
1.278247
1.280826
1.283640
1.286451
1.289103
1.291617
1.294350
1.297325
1.300223
1.302958
1.305723
1.308535
1.311548
1.314327
1.317141
1.320313
1.323634
1.326382
1.328651
1.331139
1.333160
1.335041
1.336446
1.337274
1.337806
1.338157
1.338687
1.340008
1.341529
1.343224
1.345014
1.346746
1.348401
1.350101
1.351808
1.353379
1.355181
1.356936
1.358411
1.360057
1.361766
1.363439
1.364229
1.365151
1.365629
1.365647
1.365571
1.365407
1.365271
1.365421
1.365341
1.364878
1.364736
1.364833
1.365109
1.365594
1.366226
1.366825
1.367445
1.368078
1.368129
1.368113
1.368118
1.368484
1.368672
1.368578
1.368339
1.368545
1.368880
1.368636
1.368008
1.367508
1.367675
1.367885
1.368087
1.368309
1.368857
1.369384
1.369532
1.369763
1.370441
1.371458
1.372743
1.373857
1.374745
1.375369
1.375654
1.375838
1.375832
1.375779
1.375688
1.375778
1.376204
1.376797
1.377545
1.378403
1.379286
1.380090
1.381007
1.382109
1.383500
1.385219
1.387146
1.388693
1.389590
1.389789
1.390014
1.390683
1.391384
1.392113
1.392950
1.394006
1.395100
1.396412
1.397745
1.399175
1.400669
1.402184
1.403725
1.405387
1.407182
1.408955
1.410357
1.411469
1.412454
1.413094
1.413807
1.414576
1.414813
1.414520
1.413852
1.413451
1.413346
1.413933
1.414623
1.415221
1.415730
1.416370
1.417033
1.417679
1.418100
1.418291
1.417931
1.416498
1.414465
1.412735
1.412170
1.411611
1.410164
1.407648
1.404912
1.402243
1.400125
1.398459
1.396709
1.395216
1.393525
1.392267
1.390901
1.389286
1.386848
1.383634
0.000014
0.000108
0.000216
0.000323
0.000448
0.000608
0.000807
0.001040
0.001298
0.001477
0.001499
0.001366
0.001100
0.000731
0.000294
-0.000186
-0.000636
-0.000977
-0.001310
-0.001636
-0.001995
-0.002441
-0.003000
-0.003758
-0.004824
-0.005947
-0.006054
-0.006258
-0.006157
-0.005664
-0.005004
-0.004598
-0.004779
-0.005532
-0.006559
-0.007699
-0.008654
-0.009561
-0.011000
-0.012325
-0.014142
-0.016152
-0.017870
-0.019537
-0.020642
-0.022064
-0.023368
-0.024266
-0.025242
-0.026437
-0.027532
-0.027879
-0.027596
-0.027629
-0.027701
-0.027784
-0.027836
-0.027957
-0.028106
-0.028277
-0.028138
-0.027473
-0.026575
-0.026438
-0.026531
-0.026883
-0.026998
-0.026540
-0.025849
-0.025193
-0.024718
-0.024275
-0.023325
-0.022361
-0.021525
-0.020698
-0.019928
-0.019177
-0.018375
-0.017415
-0.016319
-0.014993
-0.013605
-0.012498
-0.011473
-0.010476
-0.009679
-0.008713
-0.007735
-0.006787
-0.005878
-0.004962
-0.003870
-0.002558
-0.001355
-0.000234
0.000897
0.002018
0.003175
0.004421
0.005669
0.007117
0.008920
0.010237
0.011208
0.011392
0.011570
0.012014
0.012395
0.012744
0.013025
0.013426
0.014228
0.015409
0.016449
0.017495
0.018584
0.019647
0.020728
0.021999
0.023257
0.024476
0.025653
0.026568
0.027346
0.028221
0.028834
0.029497
0.029737
0.029584
0.029326
0.029188
0.029289
0.029261
0.029418
0.029688
0.029892
0.029936
0.030083
0.030484
0.031008
0.031661
0.032400
0.032915
0.033391
0.033579
0.033566
0.033651
0.033866
0.034089
0.034345
0.034920
0.036171
0.037398
0.038635
0.039948
0.041257
0.042502
0.043886
0.045345
0.046833
0.048392
0.050145
0.051547
0.052713
0.053623
0.054262
0.054882
0.055068
0.054941
0.054802
0.055139
0.056005
0.056870
0.057967
0.059217
0.060431
0.061505
0.062623
0.063913
0.065287
0.066727
0.068200
0.069327
0.070359
0.071354
0.071979
0.072511
0.073025
0.073517
0.073969
0.074598
0.075556
0.076721
0.077924
0.079201
0.080485
0.081686
0.083021
0.084367
0.085728
0.087156
0.088759
0.089997
0.091148
0.091973
0.092476
0.092978
0.093438
0.093853
0.094206
0.094710
0.095547
0.096654
0.097813
0.099058
0.100303
0.101445
0.102614
0.103982
0.105466
0.107070
0.108732
0.110080
0.111345
0.112405
0.112995
0.113664
0.114231
0.114720
0.115130
0.115691
0.116616
0.117831
0.119130
0.120520
0.121893
0.123155
0.124469
0.125969
0.127544
0.129222
0.130953
0.132449
0.133818
0.135218
0.136242
0.137154
0.137991
0.138771
0.139499
0.140281
0.141521
0.143009
0.144507
0.146069
0.147620
0.149073
0.150577
0.152291
0.154119
0.156050
0.157962
0.159529
0.161039
0.162154
0.162915
0.163768
0.164539
0.165259
0.165919
0.166734
0.167964
0.169561
0.171074
0.172614
0.174133
0.175578
0.177003
0.178566
0.180194
0.181884
0.183547
0.184950
0.186251
0.187625
0.188675
0.189730
0.190334
0.190511
0.190551
0.190685
0.191048
0.191354
0.191727
0.192221
0.192695
0.193020
0.193325
0.193793
0.194325
0.194959
0.195718
0.196192
0.196643
0.196822
0.196836
0.196925
0.197185
0.197468
0.197746
0.198281
0.199421
0.200560
0.201657
0.202800
0.203938
0.205031
0.206279
0.207633
0.209038
0.210547
0.212245
0.213471
0.214452
0.215113
0.215282
0.215677
0.216056
0.216423
0.216720
0.217099
0.217886
0.218968
0.219884
0.220849
0.221855
0.222830
0.223859
0.225010
0.226147
0.227220
0.228204
0.228927
0.229575
0.230106
0.230408
0.230761
0.231220
0.231580
0.231812
0.232132
0.232813
0.233733
0.234542
0.235355
0.236171
0.236931
0.237766
0.238667
0.239629
0.240672
0.241673
0.242318
0.242940
0.242976
0.242854
0.243078
0.243350
0.243643
0.243900
0.244481
0.245768
0.246980
0.248158
0.249423
0.250690
0.251889
0.253066
0.254416
0.255789
0.257094
0.258332
0.259268
0.260035
0.260520
0.260669
0.260898
0.261095
0.261256
0.261324
0.261493
0.262036
0.262554
0.263157
0.263829
0.264488
0.265063
0.265794
0.266770
0.267748
0.268664
0.269540
0.270084
0.270535
0.270778
0.270702
0.270724
0.270880
0.271087
0.271277
0.271764
0.272945
0.273911
0.274866
0.275869
0.276894
0.277904
0.279099
0.280394
0.281714
0.283018
0.284354
0.285188
0.285889
0.285967
0.285754
0.285676
0.285624
0.285607
0.285567
0.285532
0.285920
0.286522
0.286981
0.287472
0.288029
0.288585
0.289245
0.290030
0.290670
0.291088
0.291340
0.291327
0.291160
0.290907
0.290431
0.290254
0.289740
0.289000
0.288198
0.287493
0.287136
0.286995
0.286692
0.286378
0.286108
0.285850
0.285852
0.285974
0.286084
0.286210
0.286490
0.286370
0.286082
0.285277
0.284425
0.283848
0.283480
0.283163
0.282884
0.282816
0.283049
0.283268
0.283408
0.283607
0.283804
0.284001
0.284456
0.285260
0.286188
0.287103
0.287943
0.288368
0.288646
0.288857
0.288812
0.288927
0.289205
0.289469
0.289660
0.290139
0.291291
0.292289
0.293207
0.294190
0.295192
0.296159
0.297247
0.298394
0.299538
0.300651
0.301794
0.302587
0.302914
0.302836
0.302462
0.302560
0.302708
0.302938
0.303091
0.303352
0.303873
0.304162
0.304397
0.304646
0.304898
0.305058
0.305304
0.305796
0.306312
0.306861
0.307485
0.307633
0.307556
0.307019
0.306257
0.305739
0.305308
0.304640
0.303991
0.303478
0.303234
0.303127
0.302881
0.302668
0.302538
0.302437
0.302589
0.302772
0.303016
0.303203
0.303567
0.303503
0.303330
0.302726
0.301815
0.301432
0.301224
0.301096
0.300928
0.301082
0.302013
0.302721
0.303309
0.303867
0.304421
0.304991
0.305736
0.306761
0.307932
0.309155
0.310401
0.311209
0.311447
0.311149
0.310550
0.310244
0.310179
0.310080
0.310029
0.310091
0.310297
0.310433
0.310460
0.310559
0.310759
0.311012
0.311448
0.312105
0.312826
0.313327
0.313495
0.313380
0.313209
0.312994
0.312691
0.312753
0.313055
0.313450
0.313635
0.313888
0.314019
0.314081
0.313950
0.313929
0.313881
0.313762
0.313781
0.313955
0.314255
0.314710
0.315333
0.315505
0.315380
0.314878
0.314147
0.313674
0.313726
0.313888
0.314005
0.314097
0.314421
0.314483
0.314463
0.314503
0.314627
0.314795
0.315144
0.315746
0.316264
0.316542
0.316486
0.316015
0.315527
0.314793
0.313753
0.313038
0.312524
0.312113
0.311686
0.311373
0.311229
0.310797
0.310365
0.310047
0.309806
0.309552
0.309483
0.309495
0.309618
0.309769
0.310206
0.310388
0.310265
0.309712
0.308695
0.308252
0.307940
0.307711
0.307429
0.307140
0.307127
0.306942
0.306667
0.306516
0.306417
0.306271
0.306221
0.306417
0.306786
0.307154
0.307659
0.307752
0.307810
0.307490
0.306880
0.306588
0.306471
0.306358
0.306199
0.306154
0.306398
0.306948
0.307413
0.307929
0.308499
0.309052
0.309686
0.310551
0.311466
0.312289
0.312832
0.313128
0.313412
0.313616
0.313515
0.313828
0.314203
0.314657
0.315056
0.315445
0.316099
0.316588
0.316945
0.317372
0.317806
0.318180
0.318612
0.319082
0.319588
0.320287
0.321266
0.321934
0.322138
0.321824
0.321310
0.321321
0.321449
0.321667
0.321947
0.322378
0.322960
0.323314
0.323574
0.323935
0.324325
0.324684
0.325144
0.325887
0.326805
0.327635
0.328456
0.329063
0.329516
0.329847
0.329674
0.329786
0.330009
0.330249
0.330432
0.330635
0.331208
0.331774
0.332312
0.332910
0.333518
0.334043
0.334567
0.335376
0.336257
0.337007
0.337802
0.338235
0.338445
0.338083
0.337470
0.337054
0.337042
0.337135
0.337279
0.337572
0.338009
0.338197
0.338303
0.338548
0.338857
0.339147
0.339581
0.340341
0.341227
0.342097
0.342695
0.343066
0.343330
0.343539
0.343639
0.343939
0.344514
0.345103
0.345592
0.346253
0.346828
0.347358
0.347819
0.348312
0.348818
0.349218
0.349627
0.350114
0.350682
0.351530
0.352720
0.353639
0.354036
0.353933
0.353587
0.353681
0.353904
0.354130
0.354384
0.354844
0.355189
0.355457
0.355627
0.355914
0.356266
0.356601
0.356948
0.357499
0.358082
0.358617
0.359054
0.359201
0.359373
0.359328
0.359013
0.359135
0.359420
0.359800
0.360055
0.360253
0.360720
0.360975
0.361134
0.361311
0.361500
0.361643
0.361897
0.362256
0.362697
0.363365
0.364354
0.364960
0.365194
0.364865
0.364281
0.363990
0.363936
0.363880
0.363883
0.364069
0.364331
0.364667
0.364937
0.365288
0.365678
0.366048
0.366478
0.367161
0.368013
0.368652
0.369339
0.369660
0.369871
0.369724
0.369103
0.368769
0.368658
0.368615
0.368566
0.368544
0.368896
0.369153
0.369364
0.369653
0.370004
0.370341
0.370818
0.371341
0.371996
0.372701
0.373403
0.373760
0.373776
0.373305
0.372626
0.372437
0.372253
0.372161
0.372051
0.371942
0.372109
0.372083
0.372018
0.372020
0.372081
0.372132
0.372165
0.372383
0.372829
0.373017
0.373146
0.373054
0.372680
0.372048
0.371092
0.370649
0.370383
0.370182
0.369963
0.369851
0.369994
0.370082
0.370099
0.370152
0.370228
0.370290
0.370517
0.371088
0.371687
0.372169
0.372397
0.372346
0.372100
0.371583
0.370881
0.370504
0.370357
0.370373
0.370434
0.370546
0.370748
0.370865
0.370768
0.370811
0.370870
0.370889
0.371037
0.371269
0.371525
0.371826
0.372377
0.372642
0.372677
0.372378
0.371956
0.371700
0.371243
0.370561
0.369857
0.369255
0.368975
0.369041
0.369088
0.369200
0.369433
0.369682
0.369920
0.370263
0.370728
0.370956
0.371166
0.371094
0.370856
0.370368
0.369597
0.369094
0.368281
0.367363
0.366491
0.365631
0.365194
0.364725
0.364176
0.363625
0.363071
0.362535
0.362005
0.361532
0.361261
0.361303
0.361553
0.361372
0.360846
0.359824
0.358482
0.357717
0.357289
0.356960
0.356774
0.356849
0.356931
0.356862
0.356766
0.356773
0.356821
0.356836
0.356991
0.357451
0.357962
0.358306
0.358403
0.358345
0.358193
0.357980
0.357421
0.357124
0.356835
0.356621
0.356437
0.356477
0.356800
0.357021
0.357333
0.357793
0.358317
0.358714
0.359176
0.360019
0.361140
0.362430
0.363797
0.365156
0.366323
0.367237
0.367677
0.368359
0.369042
0.369841
0.370770
0.371930
0.373343
0.374674
0.376061
0.377541
0.379100
0.380613
0.382127
0.383544
0.384981
0.386639
0.388761
0.390705
0.392329
0.393774
0.394692
0.395753
0.396664
0.397675
0.398742
0.399854
0.401280
0.402510
0.403808
0.405194
0.406656
0.408071
0.409356
0.410638
0.411968
0.413089
0.414316
0.415376
0.416326
0.416993
0.417012
0.417158
0.417260
0.417393
0.417589
0.417918
0.418630
0.419256
0.419987
0.420901
0.421882
0.422771
0.423611
0.424627
0.425996
0.427408
0.429089
0.430621
0.432035
0.433200
0.433732
0.434224
0.434651
0.435122
0.435683
0.436377
0.437428
0.438398
0.439467
0.440714
0.442028
0.443244
0.444317
0.445502
0.447072
0.448710
0.450405
0.451873
0.453216
0.454204
0.454721
0.455299
0.455828
0.456387
0.457086
0.458054
0.459253
0.460362
0.461547
0.462892
0.464331
0.465669
0.466972
0.468431
0.469958
0.471337
0.472535
0.473611
0.474757
0.475718
0.476301
0.477102
0.477782
0.478581
0.479388
0.480249
0.481427
0.482410
0.483357
0.484377
0.485496
0.486513
0.487422
0.488679
0.490259
0.492301
0.494602
0.496783
0.498502
0.499667
0.500497
0.501432
0.502271
0.503219
0.504350
0.505862
0.507698
0.509429
0.511150
0.512977
0.514909
0.516839
0.518636
0.520373
0.521982
0.523398
0.524667
0.525712
0.526767
0.527745
0.528707
0.529710
0.530397
0.530979
0.531512
0.532187
0.533176
0.534063
0.534837
0.535583
0.536567
0.537557
0.538559
0.539723
0.540850
0.541869
0.542831
0.543675
0.544553
0.545201
0.545290
0.545630
0.545908
0.546286
0.546726
0.547274
0.548239
0.549385
0.550433
0.551505
0.552601
0.553644
0.554881
0.556519
0.558373
0.560456
0.562918
0.565209
0.567169
0.568694
0.569796
0.570866
0.571560
0.572112
0.572898
0.574069
0.575448
0.576889
0.578210
0.579624
0.581063
0.582392
0.583593
0.584852
0.586129
0.587479
0.588981
0.590285
0.591118
0.591911
0.592031
0.592334
0.592900
0.593536
0.594302
0.595187
0.596213
0.597103
0.597884
0.598724
0.599660
0.600670
0.601700
0.602809
0.603917
0.604673
0.605017
0.605060
0.605075
0.604990
0.604672
0.604801
0.605104
0.605403
0.605554
0.605642
0.606113
0.606480
0.606667
0.606782
0.606880
0.606989
0.607181
0.607549
0.608045
0.608861
0.610071
0.610908
0.611356
0.611380
0.610989
0.610631
0.610390
0.610259
0.610247
0.610619
0.611524
0.612500
0.613245
0.614012
0.614821
0.615552
0.616225
0.617051
0.617966
0.619073
0.620428
0.621509
0.622085
0.622206
0.622028
0.622229
0.622593
0.623088
0.623712
0.624418
0.625413
0.626274
0.626974
0.627705
0.628505
0.629358
0.630261
0.631232
0.632098
0.632477
0.632316
0.631862
0.631491
0.630923
0.630137
0.629829
0.629550
0.629160
0.628537
0.627737
0.627050
0.626152
0.625040
0.624016
0.623232
0.622364
0.621501
0.620789
0.620170
0.619495
0.619071
0.618420
0.617668
0.616685
0.615194
0.613734
0.611946
0.610101
0.608395
0.606914
0.606175
0.605512
0.604606
0.603650
0.602748
0.601841
0.601124
0.600771
0.600510
0.600319
0.600313
0.599980
0.599197
0.598023
0.596582
0.595272
0.594091
0.593044
0.592170
0.591545
0.591358
0.591036
0.590471
0.589921
0.589423
0.588921
0.588513
0.588480
0.588709
0.588780
0.588859
0.588635
0.588095
0.587296
0.586234
0.585412
0.584488
0.583483
0.582515
0.581713
0.581105
0.580392
0.579559
0.578757
0.578132
0.577530
0.577009
0.576813
0.576641
0.576133
0.575344
0.574418
0.573437
0.572314
0.571076
0.570323
0.569658
0.568900
0.568233
0.567810
0.567544
0.567300
0.566852
0.566404
0.565961
0.565473
0.565166
0.565172
0.565463
0.565962
0.566612
0.566998
0.567106
0.566811
0.566141
0.565610
0.565299
0.565105
0.565040
0.565207
0.565806
0.566369
0.566704
0.567038
0.567418
0.567799
0.568174
0.568848
0.569710
0.570643
0.571350
0.571730
0.571883
0.571734
0.571420
0.571423
0.571579
0.571732
0.571852
0.572019
0.572542
0.572941
0.573192
0.573491
0.573875
0.574287
0.574678
0.575242
0.575881
0.576207
0.576196
0.575915
0.575468
0.574619
0.573600
0.572849
0.571926
0.570924
0.569980
0.569175
0.568713
0.568355
0.567828
0.567327
0.566865
0.566363
0.566041
0.566234
0.566660
0.567269
0.567631
0.567869
0.567901
0.567542
0.566951
0.566618
0.566456
0.566323
0.566327
0.566549
0.566921
0.567260
0.567463
0.567715
0.568028
0.568323
0.568550
0.569146
0.569982
0.570944
0.571770
0.572379
0.572809
0.572928
0.572765
0.572847
0.572995
0.573215
0.573532
0.574101
0.574887
0.575662
0.576291
0.576955
0.577766
0.578535
0.579289
0.580288
0.581404
0.582353
0.583089
0.583613
0.583969
0.584118
0.583968
0.584067
0.584041
0.583975
0.584025
0.584308
0.584826
0.585197
0.585437
0.585736
0.586104
0.586417
0.586740
0.587423
0.588185
0.589033
0.589601
0.590094
0.590445
0.590480
0.590099
0.589904
0.589648
0.589368
0.589266
0.589392
0.589772
0.590202
0.590495
0.590780
0.591079
0.591379
0.591540
0.592008
0.592697
0.593501
0.594139
0.594549
0.594728
0.594666
0.594394
0.594323
0.594129
0.593928
0.593857
0.593903
0.594176
0.594491
0.594592
0.594702
0.594851
0.594964
0.595017
0.595449
0.596011
0.596540
0.596811
0.596802
0.596485
0.595720
0.594811
0.594298
0.593627
0.592890
0.592316
0.591938
0.592245
0.592260
0.591994
0.591748
0.591573
0.591405
0.591408
0.591826
0.592395
0.592804
0.592869
0.592794
0.592600
0.592215
0.591729
0.591612
0.591486
0.591328
0.591214
0.591143
0.591421
0.591622
0.591597
0.591544
0.591493
0.591405
0.591421
0.591890
0.592442
0.592983
0.593138
0.593141
0.592887
0.592256
0.591317
0.590592
0.589817
0.589019
0.588365
0.587893
0.588124
0.588067
0.587674
0.587287
0.586981
0.586674
0.586454
0.586655
0.586969
0.587132
0.586991
0.586605
0.585973
0.585016
0.584028
0.583473
0.582771
0.582039
0.581440
0.580983
0.581203
0.581258
0.580950
0.580573
0.580225
0.579812
0.579540
0.579727
0.579947
0.580045
0.579788
0.579257
0.578458
0.577274
0.576122
0.575365
0.574513
0.573312
0.572182
0.571246
0.571117
0.570670
0.569865
0.569022
0.568242
0.567466
0.566877
0.566836
0.567025
0.567170
0.567007
0.566689
0.566254
0.565634
0.564826
0.564332
0.563812
0.563309
0.562985
0.562910
0.563445
0.564191
0.564596
0.564866
0.565044
0.565169
0.565358
0.566035
0.567057
0.567996
0.568887
0.569473
0.569665
0.569435
0.568933
0.568677
0.568621
0.568708
0.568972
0.569463
0.570565
0.571617
0.572265
0.572891
0.573535
0.574204
0.574911
0.575979
0.577059
0.577733
0.577797
0.577676
0.577233
0.576417
0.575350
0.574582
0.573811
0.573041
0.572420
0.571899
0.572123
0.572398
0.572249
0.572006
0.571698
0.571306
0.571052
0.571462
0.572257
0.572949
0.573311
0.573812
0.574133
0.574753
0.574909
0.574637
0.574432
0.574308
0.574150
0.574115
0.574369
0.575196
0.576096
0.576518
0.576800
0.577098
0.577413
0.577741
0.578470
0.579383
0.579973
0.580327
0.580578
0.580495
0.580635
0.580154
0.579704
0.579391
0.578668
0.578021
0.577602
0.577855
0.578843
0.579749
0.580246
0.580666
0.581044
0.581382
0.581818
0.582725
0.583691
0.584282
0.584681
0.584993
0.585016
0.584745
0.584332
0.584136
0.583760
0.583442
0.583331
0.583945
0.585311
0.586653
0.587581
0.588432
0.589204
0.589927
0.590789
0.592030
0.593265
0.594030
0.594331
0.594627
0.594582
0.594642
0.594205
0.593962
0.594178
0.594621
0.595107
0.595581
0.596220
0.597363
0.598421
0.599046
0.599445
0.599753
0.600054
0.600796
0.602185
0.603510
0.604280
0.604801
0.605239
0.606005
0.606707
0.606652
0.606151
0.605673
0.605312
0.605029
0.604802
0.604811
0.605586
0.606737
0.607503
0.607844
0.608063
0.608369
0.608783
0.609333
0.610150
0.611080
0.611823
0.612453
0.612992
0.613812
0.614738
0.615037
0.614799
0.614657
0.614501
0.614456
0.614488
0.614754
0.615556
0.616684
0.617260
0.617775
0.618150
0.618503
0.618727
0.619245
0.620114
0.620945
0.621600
0.622074
0.622307
0.622427
0.622292
0.622154
0.621894
0.621418
0.621486
0.622341
0.623923
0.625713
0.627003
0.628158
0.629440
0.630858
0.632340
0.634013
0.635711
0.636755
0.637291
0.637531
0.637787
0.638070
0.638417
0.638717
0.639073
0.639462
0.639719
0.639832
0.639681
0.639468
0.639197
0.638711
0.637992
0.637150
0.636270
0.635461
0.634736
0.634464
0.634279
0.634060
0.633408
0.632602
0.631817
0.631706
0.631252
0.630748
0.630348
0.630096
0.629856
0.629725
0.629941
0.630894
0.631825
0.632117
0.632248
0.632429
0.632641
0.632701
0.632953
0.633317
0.633468
0.633503
0.633653
0.633775
0.633641
0.633685
0.633992
0.634383
0.634574
0.634617
0.634769
0.635504
0.636909
0.638006
0.638837
0.639626
0.640491
0.641376
0.642232
0.643335
0.644170
0.644683
0.644824
0.644647
0.644140
0.643349
0.642543
0.642103
0.641806
0.641396
0.640895
0.640483
0.640378
0.640422
0.640136
0.639693
0.639266
0.638840
0.638443
0.638251
0.638269
0.638271
0.638106
0.637797
0.637539
0.637084
0.636523
0.636102
0.635997
0.635758
0.635119
0.634442
0.634121
0.634617
0.635357
0.635714
0.635893
0.636083
0.636332
0.636460
0.636765
0.637529
0.638472
0.639580
0.640706
0.641607
0.642265
0.642928
0.643318
0.643512
0.643610
0.643336
0.642958
0.642829
0.642877
0.643491
0.643934
0.644297
0.644746
0.645315
0.645699
0.646129
0.646697
0.647333
0.647624
0.647819
0.647981
0.648022
0.647994
0.647886
0.647870
0.647731
0.647566
0.647681
0.648511
0.649959
0.651148
0.652197
0.653313
0.654425
0.655445
0.656561
0.658038
0.659363
0.660590
0.661651
0.662462
0.662927
0.662870
0.662560
-0.000012
-0.000426
-0.001068
-0.001677
-0.002266
-0.002841
-0.003400
-0.003922
-0.004403
-0.004862
-0.005321
-0.005795
-0.006291
-0.006812
-0.007322
-0.007866
-0.008382
-0.008873
-0.009372
-0.009872
-0.010372
-0.010862
-0.011462
-0.012209
-0.012970
-0.013690
-0.014346
-0.014943
-0.015504
-0.015946
-0.016461
-0.017294
-0.018392
-0.019591
-0.020314
-0.020661
-0.020784
-0.020532
-0.019923
-0.019262
-0.019046
-0.019124
-0.019480
-0.019907
-0.020230
-0.020316
-0.019785
-0.018224
-0.015991
-0.013401
-0.010797
-0.008233
-0.005836
-0.004141
-0.002704
-0.001149
0.000702
0.002630
0.004750
0.007291
0.010364
-0.000002
-0.000034
-0.000073
-0.000106
-0.000142
-0.000181
-0.000227
-0.000275
-0.000307
-0.000310
-0.000288
-0.000246
-0.000188
-0.000121
-0.000047
0.000027
