3.530268
3.055927
3.036668
1.309192
0.143859
0.163259
0.173333
0.106106
-0.794259
-11.658830
-11.540953
-10.821969
-7.755398
-5.959867
-4.890676
-2.522541
-2.602997
1.029123
3.310770
5.679217
4.665724
3.538698
3.186590
4.046771
3.536707
3.217549
3.020578
2.879878
2.868330
2.816119
12.450531
10.224502
0.074034
-4.550653
-6.391000
-5.380025
-7.640819
-8.211350
-6.812469
-5.365122
-1.853013
1.996019
2.601315
7.422350
6.561101
5.816589
5.483017
4.753091
3.237901
1.269743
12.038221
12.946701
4.732260
1.348369
-6.142381
-9.025261
-7.919863
-6.930444
-7.344194
-10.881785
-13.172526
9.591519
8.340298
6.754097
5.414008
4.268527
3.212532
2.143188
0.531781
-1.577262
10.321462
9.802468
1.278570
-3.668227
-11.987459
-10.937426
-5.824156
-4.099434
-4.420781
-7.268515
-12.820642
8.900240
7.550548
5.623373
4.639899
3.511205
2.094430
0.913684
-0.497797
-2.786819
10.243871
11.962106
2.190121
-5.911064
-13.023377
-12.087957
-7.842305
-5.819466
-6.167346
-8.471873
-8.823399
8.946507
7.523659
6.022154
5.316113
4.066128
3.042476
2.012853
0.655851
-1.414630
9.857738
12.341017
2.139203
-6.151729
-12.799661
-11.643948
-6.981731
-5.060708
-4.872682
-6.598723
-9.937018
8.640941
7.159037
5.824592
4.846629
3.840522
3.016272
1.882451
0.332226
-1.855192
9.299639
13.287292
4.602367
-3.583475
-12.579365
-11.539696
-7.526377
-5.644431
-5.991849
-8.456779
-10.251101
8.874300
7.451467
5.727901
4.918539
3.765302
2.664019
1.554227
0.013411
-2.278970
10.331588
11.782596
2.305064
-5.737543
-12.850034
-12.705233
-6.934247
-3.650123
-3.603594
-5.617736
-9.559853
9.302281
7.906929
6.140671
5.325884
4.001862
2.960585
1.828377
0.209479
-2.007265
9.178636
11.989457
2.829661
-5.090297
-12.480875
-11.987812
-6.147487
-3.242582
-3.358579
-6.027830
-10.760587
8.926465
7.552054
5.959502
5.082863
3.595533
2.345257
1.130122
-0.411907
-2.646375
9.249640
12.139815
2.719096
-5.046117
-12.364834
-12.782282
-7.312048
-4.259031
-4.017033
-6.209879
-9.696226
9.230213
7.760354
5.981049
5.286609
3.884928
2.732473
1.506794
-0.023520
-2.409593
9.325506
11.231350
2.277354
-4.902554
-12.157809
-13.228325
-5.950178
-2.220438
-1.965890
-4.897710
-11.402018
9.399589
8.349663
6.150565
5.250771
3.740681
2.561405
1.225050
-0.448637
1.090503
8.957903
11.121259
2.118684
-4.849067
-11.907682
-12.873672
-6.486510
-2.877875
-2.348864
-5.189354
-11.563344
9.228916
7.727224
5.792244
4.690054
3.372076
1.794716
0.433577
-0.750071
1.627601
9.263921
11.348112
2.487211
-5.005939
-12.330196
-13.865576
-6.460223
-2.018716
-0.944151
-4.151034
-10.563303
9.204578
8.118607
6.108471
4.815618
3.288643
1.977647
0.584038
-1.158025
1.320434
9.532287
10.372995
1.541313
-5.328366
-11.659489
-13.692457
-6.962209
-2.525564
-0.992908
-4.535382
-10.848407
9.347823
8.254925
6.051743
4.882311
3.203317
1.808803
0.328290
-0.951117
1.692494
9.397141
11.022038
2.187333
-5.151419
-11.581326
-13.713887
-6.562502
-2.256131
-0.813256
-4.998085
-11.220266
9.985858
8.853713
6.529938
4.978311
3.376880
1.812091
0.310305
-1.629652
1.165777
9.906644
11.716024
1.953666
-6.137854
-11.704025
-13.040931
-5.225211
-1.555936
-0.459341
-4.204941
-12.178268
13.697301
9.207739
7.113172
5.548150
3.658581
2.087857
0.569240
-0.945168
0.810884
8.337312
10.652149
1.638719
-6.030645
-10.989812
-13.546364
-6.779166
-2.781839
-1.464081
-4.997147
-10.312127
10.347250
8.823664
6.567560
5.202167
3.899483
2.258308
0.825370
-1.176159
1.269315
6.808927
10.693577
3.211699
-5.156464
-11.419698
-14.937237
-7.306739
-2.426031
0.041782
-2.918560
-8.329346
13.797926
9.308833
7.428818
6.167467
4.252982
2.795017
1.360032
-0.850206
-3.198637
7.867506
12.048111
3.248175
-5.455235
-11.851930
-14.449635
-6.919637
-2.596343
-0.942410
-3.562843
-10.558267
11.209934
8.872939
6.919981
5.541586
3.853792
2.471634
1.013668
-1.010400
1.576203
8.525162
10.777506
2.288607
-5.033642
-11.365892
-14.521587
-7.979841
-2.930739
-1.503225
-4.268604
-9.480550
10.607375
9.140197
6.753965
4.860724
3.410174
1.781138
0.208549
-1.384616
