-0.000022
-0.000180
-0.000331
-0.000416
-0.000417
-0.000487
-0.000640
-0.000792
-0.000859
-0.000849
-0.000870
-0.000946
-0.001053
-0.001143
-0.001130
-0.001060
-0.000872
-0.000651
-0.000445
-0.000183
0.000112
0.000329
0.000484
0.000607
0.000762
0.000850
-0.000002
0.000039
0.000094
0.000156
0.000165
0.000037
-0.000029
-0.000010
0.000048
0.000216
0.000327
0.000421
0.000547
0.000591
0.000706
0.000843
0.000972
0.001176
0.001343
0.001490
0.001691
0.001909
0.002162
0.002343
0.002465
0.002530
0.002430
0.002290
0.002125
0.002018
0.001972
0.002165
0.002458
0.002686
0.002807
0.002756
0.002691
0.002948
0.003493
0.004316
0.005466
0.006844
0.008356
0.009993
0.011717
0.014827
0.019225
0.024672
0.031474
0.039903
-0.001292
-0.010795
-0.019352
-0.025250
-0.029188
-0.032945
-0.038754
-0.047670
-0.060101
-0.075657
-0.093157
-0.111461
-0.129761
-0.147447
-0.164084
-0.179396
-0.193370
-0.205927
-0.217020
-0.226629
-0.234887
-0.241756
-0.247408
-0.251880
-0.255092
-0.256538
-0.251458
-0.237462
-0.219149
-0.201284
-0.191416
-0.194076
-0.208709
-0.223968
-0.231353
-0.236763
-0.243428
-0.250799
-0.263047
-0.283844
-0.306434
-0.331343
-0.351632
-0.349700
-0.302827
-0.000200
-0.007367
-0.016242
-0.022784
-0.027283
-0.030194
-0.031841
-0.032396
-0.032060
-0.031078
-0.029393
-0.027227
-0.024704
-0.021973
-0.019044
-0.016070
-0.013135
-0.010215
-0.007260
-0.004256
-0.001305
0.001593
0.004338
0.006816
0.009150
0.011330
0.013385
-0.000009
-0.000152
-0.000466
-0.000777
-0.001141
-0.001374
-0.001436
-0.001370
-0.001230
-0.001116
-0.001000
-0.000955
-0.000853
-0.000767
-0.000732
-0.000666
-0.000580
-0.000526
-0.000471
-0.000361
-0.000198
-0.000059
0.000045
0.000082
0.000033
-0.000008
-0.000001
0.000042
0.000088
0.000117
0.000105
0.000052
-0.000057
-0.000167
-0.000118
0.000111
0.000437
0.000856
0.001540
0.002609
0.003325
0.003982
0.004307
0.004248
0.004558
0.004846
0.001521
-0.021531
-0.078573
-0.000150
-0.001954
-0.004177
-0.005848
-0.006807
-0.007306
-0.007425
-0.007272
-0.006984
-0.006641
-0.006192
-0.005518
-0.004662
-0.003637
-0.002560
-0.001508
-0.000396
0.000656
0.001661
0.002729
0.003725
0.004510
0.004903
0.004887
0.004629
0.004295
0.004026
0.003832
0.003675
0.003571
0.003529
0.003508
0.003438
0.003421
0.003553
0.003520
0.002819
0.001197
-0.001632
-0.005992
-0.010438
-0.015371
-0.020889
-0.027958
-0.037119
-0.048069
-0.059764
-0.071864
-0.000016
-0.000488
-0.001013
-0.001155
-0.001144
-0.000981
-0.000680
-0.000319
0.000054
0.000348
0.000662
0.001012
0.001321
0.001551
0.001845
0.002189
0.002581
0.003000
0.003432
0.003869
0.004280
0.004663
0.004961
0.005140
0.005042
0.004710
0.004324
0.003983
0.003697
0.003549
0.003553
0.003558
0.003509
0.003382
0.003122
0.002747
0.002416
0.002429
0.002316
0.001989
0.001701
0.001131
-0.000314
-0.002505
-0.005613
-0.009061
-0.012574
-0.016925
-0.000005
0.000045
0.000065
-0.000127
-0.000283
-0.000323
-0.000285
-0.000141
0.000182
0.000597
0.000848
0.001031
0.001189
0.001275
0.001282
0.001191
0.001207
0.001302
0.001467
0.001585
0.001725
0.001931
0.002113
0.002241
0.002181
0.001978
0.001785
0.001669
0.001603
0.001585
0.001697
0.001835
0.001935
0.001893
0.001764
0.001739
0.001940
0.002378
0.003162
0.004487
0.005568
0.006267
0.007475
0.009138
0.011035
0.012912
0.014597
0.017018
-0.000003
-0.000061
-0.000227
-0.000392
-0.000612
-0.000769
-0.000933
-0.001033
-0.001063
-0.001057
-0.000961
-0.000626
-0.000328
-0.000052
0.000254
0.000555
0.000846
0.001266
0.001629
0.001852
0.002033
0.002228
0.002337
0.002234
0.002004
0.001760
0.001577
0.001500
0.001470
0.001414
0.001268
0.001006
0.000761
0.000609
0.000758
0.001148
0.001695
0.002609
0.003826
0.005622
0.007801
0.009701
0.011504
0.012470
0.012685
0.014007
0.016499
0.019765
0.024366
0.000018
0.000303
0.000535
0.000714
0.000811
0.000871
0.000802
0.000630
0.000447
0.000250
0.000007
-0.000214
-0.000416
-0.000589
-0.000699
-0.000724
-0.000736
-0.000716
-0.000729
-0.000726
-0.000779
-0.000764
-0.000666
-0.000625
-0.000657
-0.000635
-0.000542
-0.000416
-0.000288
-0.000169
-0.000020
0.000074
0.000076
0.000032
-0.000005
0.000152
0.000423
0.000759
0.001337
0.002452
0.003686
0.005352
0.008115
0.011424
0.015448
0.020474
0.026338
0.032474
0.040084
0.000034
0.000603
0.001219
0.001553
0.001623
0.001552
0.001394
0.001224
0.000966
0.000633
0.000352
0.000156
-0.000052
-0.000161
-0.000364
-0.000628
-0.000781
-0.000797
-0.000762
-0.000751
-0.000701
-0.000621
-0.000576
-0.000594
-0.000631
-0.000570
-0.000443
-0.000298
-0.000170
-0.000083
-0.000026
-0.000030
-0.000085
-0.000147
-0.000169
-0.000041
0.000098
0.000389
0.000870
0.001510
0.002336
0.003464
0.004862
0.006337
0.008090
0.010332
0.012996
0.015819
0.019605
0.000022
0.000371
0.000688
0.000863
0.000916
0.000927
0.000898
0.000825
0.000592
0.000386
0.000272
0.000267
0.000251
0.000196
0.000124
0.000199
0.000413
0.000717
0.000975
0.001207
0.001403
0.001542
0.001688
0.001866
0.001927
0.001743
0.001526
0.001382
0.001303
0.001256
0.001330
0.001519
0.001614
0.001432
0.001177
0.001010
0.000988
0.001151
0.001843
0.002828
0.004175
0.005420
0.006120
0.006616
0.008131
0.010928
0.014486
0.018569
0.023872
0.000017
0.000301
0.000620
0.000859
0.000970
0.000996
0.000958
0.000879
0.000569
0.000142
-0.000232
-0.000540
-0.000750
-0.000876
-0.001024
-0.001214
-0.001387
-0.001533
-0.001621
-0.001744
-0.001896
-0.002024
-0.002147
-0.002250
-0.002322
-0.002275
-0.002063
-0.001777
-0.001480
-0.001221
-0.001015
-0.000703
-0.000455
-0.000479
-0.000631
-0.000694
-0.000690
-0.000590
-0.000180
0.000543
0.001607
0.002799
0.004253
0.006525
0.010228
0.015312
0.021287
0.027777
0.035659
0.000034
0.000567
0.001011
0.001090
0.001118
0.001131
0.001111
0.001000
0.000737
0.000363
0.000034
-0.000345
-0.000742
-0.001038
-0.001146
-0.001167
-0.001187
-0.001277
-0.001444
-0.001588
-0.001710
-0.001889
-0.002049
-0.002174
-0.002280
-0.002237
-0.002066
-0.001848
-0.001618
-0.001409
-0.001188
-0.000918
-0.000718
-0.000762
-0.000925
-0.001031
-0.001035
-0.000916
-0.000502
0.000116
0.001790
0.004335
0.007090
0.010127
0.013651
0.017659
0.022369
0.029736
0.000004
0.000150
0.000287
0.000371
0.000490
0.000484
0.000541
0.000539
0.000386
0.000169
-0.000106
-0.000337
-0.000673
-0.000961
-0.001153
-0.001297
-0.001417
-0.001464
-0.001575
-0.001567
-0.001511
-0.001363
-0.001157
-0.001028
-0.001011
-0.001115
-0.001152
-0.001068
-0.000919
-0.000557
0.000070
0.000692
0.000843
0.000621
0.000386
0.000319
0.000364
0.000708
0.001405
0.002551
0.003711
0.005607
0.007724
0.010051
0.012281
0.015094
0.018663
0.023756
-0.000000
-0.000002
-0.000113
-0.000280
-0.000311
-0.000349
-0.000401
-0.000396
-0.000393
-0.000315
-0.000141
-0.000036
-0.000037
-0.000004
0.000046
0.000099
0.000175
0.000294
0.000437
0.000566
0.000694
0.000815
0.000934
0.000983
0.000978
0.000884
0.000789
0.000775
0.000770
0.000799
0.000842
0.001102
0.001705
0.002461
0.003318
0.004207
0.004988
0.005579
0.006126
0.006706
0.007432
0.008326
0.009805
0.011245
0.012791
0.014567
0.016868
0.019241
0.023140
0.029684
0.000038
0.000755
0.001688
0.002460
0.003063
0.003383
0.003502
0.003512
0.003449
0.003315
0.003093
0.002859
0.002627
0.002358
0.001961
0.001543
0.001102
0.000735
0.000335
-0.000062
-0.000367
-0.000608
-0.000774
-0.000942
-0.001044
-0.001074
-0.000985
-0.000811
-0.000634
-0.000579
-0.000670
-0.000659
-0.000518
-0.000328
-0.000155
0.000006
0.000092
0.000081
-0.000114
-0.000415
-0.000577
-0.000341
0.000210
0.000686
0.001296
0.001987
0.002796
0.003630
0.004526
-0.000003
-0.000070
-0.000276
-0.000574
-0.000823
-0.000965
-0.000947
-0.000767
-0.000539
-0.000439
-0.000297
-0.000097
0.000103
0.000311
0.000454
0.000579
0.000709
0.000935
0.001199
0.001504
0.001884
0.002240
0.002531
0.002798
0.003004
0.002995
-0.000011
-0.000101
-0.000047
0.000026
0.000081
0.000160
0.000246
0.000253
0.000279
0.000345
0.000537
0.001056
0.001609
0.002113
0.002707
0.003276
0.003850
0.004448
0.004977
0.005286
0.005625
0.006134
0.006828
0.007139
0.007794
0.008759
0.009910
0.010956
0.011857
0.012386
0.012452
0.011926
0.010444
0.008073
0.005568
0.003443
0.000958
-0.001516
-0.003561
-0.005738
-0.007640
-0.009736
-0.012736
-0.016870
-0.022251
-0.026702
-0.031411
-0.038341
-0.047817
0.000129
0.002940
0.006730
0.009987
0.013258
0.015904
0.017614
0.018744
0.019564
0.018652
-0.007395
-0.063412
-0.094767
-0.131871
-0.182629
-0.233528
-0.290509
-0.343756
-0.386092
-0.410553
-0.420153
-0.420024
-0.411784
-0.390390
-0.354371
-0.306933
-0.260504
-0.234865
-0.224284
-0.215523
-0.188952
-0.171947
-0.157669
-0.103538
-0.086900
-0.084719
-0.090827
-0.094337
-0.092696
-0.089986
-0.092592
-0.095791
-0.113613
-0.126863
-0.132813
-0.080942
-0.050625
-0.028454
-0.016968
-0.013302
-0.011262
-0.014787
-0.007897
0.007213
0.015185
0.006105
-0.006617
-0.013662
-0.011815
-0.007770
-0.005931
-0.014961
-0.029269
-0.042149
-0.054741
-0.071446
-0.088184
-0.102170
-0.123067
-0.137803
-0.158146
-0.190180
-0.199050
-0.198882
-0.205789
-0.227400
-0.251204
-0.265052
-0.264044
-0.259193
-0.256156
-0.263849
-0.273365
-0.275423
-0.276437
-0.276400
-0.262765
-0.249320
-0.246466
-0.242005
-0.240718
-0.240066
-0.217514
-0.170270
-0.138289
-0.118518
-0.088300
-0.045506
-0.011824
0.013384
0.024330
0.009892
-0.011693
-0.027686
-0.031290
-0.018810
-0.010833
-0.011860
-0.011926
-0.006611
-0.002292
-0.007315
-0.001827
0.005219
-0.005401
-0.017102
-0.010752
0.001927
0.022664
0.045214
0.052000
0.038344
0.015668
0.012961
0.017600
0.012219
0.016407
0.015658
0.010277
0.010342
0.007240
0.001891
0.013163
0.030594
0.029590
0.020291
0.024022
0.042681
0.066035
0.083635
0.085314
0.064886
0.040820
0.032439
0.028304
0.013781
0.007784
0.001738
-0.008217
-0.011975
-0.026739
-0.043548
-0.039699
-0.031188
-0.039887
-0.050758
-0.049265
-0.033126
-0.009789
0.017935
0.037406
0.035196
0.031780
0.041523
0.058053
0.057858
0.049562
0.030811
0.009680
0.000486
-0.011582
-0.026129
-0.025458
-0.016549
-0.020608
-0.031785
-0.027786
-0.003749
0.023556
0.049476
0.062229
0.052308
0.041207
0.041735
0.044550
0.031695
0.020225
0.004267
-0.012605
-0.021858
-0.038944
-0.059310
-0.059874
-0.051696
-0.055057
-0.064948
-0.065066
-0.043309
-0.010631
0.021408
0.043413
0.043776
0.045023
0.053675
0.066857
0.062659
0.049768
0.030869
0.016778
0.016243
0.013325
0.007829
0.018496
0.033769
0.018577
-0.018052
-0.042322
-0.046606
-0.034591
-0.018741
-0.008362
-0.003777
0.001985
0.008933
0.006233
-0.001141
0.007023
0.013867
0.008934
0.005225
-0.006497
-0.022211
-0.020262
-0.016042
-0.023648
-0.047155
-0.063806
-0.059949
-0.043854
-0.025878
-0.024749
-0.041509
-0.054282
-0.057285
-0.060225
-0.067625
-0.057275
-0.038220
-0.032326
-0.031019
-0.041768
-0.054525
-0.047265
-0.031334
-0.032977
-0.055373
-0.072388
-0.069967
-0.060514
-0.048087
-0.042557
-0.054215
-0.064006
-0.061373
-0.054058
-0.055017
-0.041613
-0.023765
-0.016940
-0.011563
-0.014966
-0.020852
-0.010606
0.007709
0.009912
-0.013573
-0.032086
-0.027159
-0.006339
0.013229
0.019364
0.004636
-0.012259
-0.014199
-0.012072
-0.015662
-0.000885
0.015494
0.017740
0.018386
0.013132
0.003248
0.009977
0.022828
0.016685
-0.009580
-0.029070
-0.028019
-0.015465
-0.003048
-0.002100
-0.018970
-0.036469
-0.039310
-0.038134
-0.043403
-0.032909
-0.015709
-0.013321
-0.011651
-0.015020
-0.020402
-0.002632
0.022121
0.029686
0.012911
-0.003760
-0.001801
0.016947
0.037434
0.042064
0.027819
-0.006423
-0.037054
-0.067935
-0.094504
-0.106302
-0.099631
-0.092685
-0.088410
-0.094472
-0.105066
-0.093186
-0.065091
-0.068928
-0.084272
-0.093046
-0.080444
-0.055808
-0.032895
-0.023629
-0.030760
-0.035094
-0.031283
-0.027319
-0.033207
-0.033465
-0.029237
-0.031386
-0.027743
-0.031492
-0.040269
-0.035791
-0.017666
-0.016786
-0.043280
-0.071093
-0.079858
-0.072474
-0.062372
-0.058055
-0.067342
-0.081296
-0.078559
-0.071852
-0.072806
-0.060864
-0.042454
-0.032192
-0.022170
-0.017032
-0.016073
0.003747
0.030566
0.039164
0.018168
-0.001155
-0.007050
-0.001053
0.008603
0.016274
0.016799
0.019357
0.027961
0.032964
0.022921
0.028608
0.036002
0.034447
0.032933
0.029155
0.019272
0.026575
0.030217
0.015165
-0.007494
-0.020073
-0.010551
0.011796
0.031980
0.034833
0.019388
0.006408
0.002366
-0.003898
-0.022182
-0.024489
-0.014743
-0.019505
-0.028351
-0.044581
-0.063598
-0.062872
-0.059654
-0.064645
-0.085160
-0.099604
-0.097511
-0.083685
-0.070328
-0.072207
-0.080124
-0.080887
-0.072493
-0.066324
-0.074355
-0.078429
-0.069679
-0.061648
-0.052157
-0.043200
-0.024719
0.028146
0.080188
0.105031
0.120920
0.132221
0.161715
0.188131
0.193179
0.181681
0.182772
0.168871
0.142029
0.105009
0.077412
0.061372
0.060801
0.071746
0.092817
0.114799
0.147115
0.231188
0.252444
0.235299
0.191933
0.121964
0.056148
0.010091
-0.021672
-0.056022
-0.115968
-0.186418
-0.241823
-0.285314
-0.340438
-0.380924
-0.380609
-0.369485
-0.380975
-0.421666
-0.468699
-0.486781
-0.451039
-0.403074
-0.371666
-0.339453
-0.297250
-0.245548
-0.198606
-0.161778
-0.145959
-0.128761
-0.106216
-0.073097
-0.046229
-0.015145
0.001688
-0.005918
-0.012098
-0.011358
-0.018786
-0.006831
0.004514
-0.004277
-0.031586
-0.057101
-0.064190
-0.056031
-0.037199
-0.026362
-0.027031
-0.022746
-0.018720
-0.026288
-0.039406
-0.047027
-0.038996
-0.035132
-0.029818
-0.028726
-0.032853
-0.021582
-0.004781
0.005054
-0.004514
-0.011945
-0.001960
0.006801
0.017531
0.024348
0.012261
-0.001964
-0.003094
-0.018544
-0.040379
-0.040814
-0.020867
-0.009728
-0.005196
-0.002378
-0.010301
0.000711
0.016149
0.019840
0.016162
0.009273
0.015597
0.029961
0.045011
0.058357
0.043086
0.024253
0.022578
0.022558
0.019038
0.032738
0.052030
0.064485
0.077759
0.095454
0.103050
0.121808
0.141720
0.141749
0.116210
0.089414
0.076169
0.077919
0.084354
0.089568
0.067591
0.041483
0.031603
0.033974
0.023642
0.029096
0.037416
0.035015
0.036423
0.039723
0.036088
0.047831
0.059309
0.055140
0.030044
0.009541
0.003763
0.014559
0.035805
0.051294
0.059592
0.072458
0.081935
0.078915
0.064455
0.070293
0.079231
0.073188
0.069927
0.075327
0.074687
0.083386
0.090309
0.087735
0.065293
0.047068
0.051302
0.074755
0.098773
0.116494
0.105977
0.089092
0.084725
0.082393
0.066363
0.070840
0.083470
0.084114
0.078336
0.073031
0.059139
0.057511
0.047910
0.035365
0.010250
-0.009791
-0.006653
0.008191
0.019343
0.026524
0.013644
0.000433
-0.007989
-0.006835
-0.001993
0.000817
-0.013123
-0.035152
-0.041080
-0.048055
-0.051158
-0.033108
-0.011600
-0.015102
-0.036439
-0.056368
-0.057703
-0.043664
-0.034117
-0.031760
-0.036104
-0.043942
-0.046331
-0.048918
-0.056926
-0.056042
-0.033525
-0.022223
-0.020262
-0.015665
0.007120
0.060254
0.107733
0.133455
0.154107
0.165322
0.190009
0.223963
0.237031
0.237293
0.220690
0.199802
0.153507
0.090762
0.048875
0.042667
0.035713
0.014932
0.000797
-0.012373
-0.033474
-0.048608
-0.061460
-0.081378
-0.113435
-0.148075
-0.165076
-0.160174
-0.147740
-0.148884
-0.175006
-0.197339
-0.206696
-0.213475
-0.220345
-0.212905
-0.195311
-0.183793
-0.183803
-0.201593
-0.219080
-0.206931
-0.185331
-0.168585
-0.162554
-0.163478
-0.153774
-0.130654
-0.104023
-0.089216
-0.087981
-0.088315
-0.078793
-0.080119
-0.085275
-0.076913
-0.046409
-0.021835
-0.001458
0.021570
0.034734
0.059278
0.088743
0.100980
0.088500
0.068319
0.065056
0.079294
0.095198
0.103408
0.090816
0.079325
0.078601
0.072549
0.052119
0.048640
0.055685
0.061653
0.066866
0.075648
0.075166
0.086021
0.101526
0.108919
0.095452
0.071901
0.061913
0.077860
0.102176
0.124436
0.126935
0.117835
0.111857
0.114956
0.108659
0.126281
0.146784
0.146819
0.141663
0.145245
0.139329
0.137258
0.139820
0.125430
0.097807
0.067552
0.055809
0.065593
0.077634
0.087684
0.076942
0.049838
0.032003
0.034407
0.027485
0.032902
0.041067
0.037887
0.035505
0.032339
0.018581
0.019994
0.022587
0.021755
0.014845
0.004245
0.011000
0.037978
0.064550
0.083992
0.085304
0.078008
0.071860
0.075205
0.071727
0.071795
0.064826
0.051495
0.046403
0.046464
0.042539
0.048575
0.056781
0.048073
0.018428
-0.008224
-0.014385
-0.002051
0.013743
0.017810
0.010925
0.004393
-0.000986
0.001382
-0.003949
-0.001605
0.011141
0.016771
0.014560
0.003572
-0.009385
-0.010266
-0.008938
-0.013253
-0.029618
-0.042648
-0.033041
-0.011557
0.004014
0.014398
0.009496
0.001162
-0.004012
-0.001984
0.000461
0.009417
0.010340
-0.005659
-0.017359
-0.024170
-0.027074
-0.005067
0.014600
0.012429
-0.006337
-0.024357
-0.026032
-0.015755
-0.006081
-0.004420
-0.010106
-0.017364
-0.027548
-0.038718
-0.051214
-0.057881
-0.038856
-0.022393
-0.016259
-0.013842
-0.015385
0.010533
0.033074
0.046736
0.042649
0.039786
0.057349
0.085541
0.096798
0.085324
0.056985
0.012663
-0.027057
-0.058621
-0.090374
-0.101152
-0.094495
-0.098097
-0.106106
-0.112632
-0.122985
-0.085536
-0.048219
-0.023067
-0.003862
0.008106
0.035260
0.072448
0.089861
0.086861
0.071669
0.033829
-0.005642
-0.051973
-0.096893
-0.102862
-0.090561
-0.082271
-0.080229
-0.080364
-0.090988
-0.079905
-0.049785
-0.036640
-0.043964
-0.062586
-0.075473
-0.069970
-0.056458
-0.051026
-0.067436
-0.096997
-0.119424
-0.122115
-0.125589
-0.110134
-0.086516
-0.079880
-0.073907
-0.065089
-0.064596
-0.056457
-0.032507
-0.017122
-0.015304
-0.025746
-0.028067
-0.011006
0.011657
0.022998
0.014523
-0.002277
-0.011653
-0.012263
-0.025460
-0.014577
0.013625
0.032322
0.040138
0.047307
0.044653
0.054543
0.093483
0.119132
0.123344
0.095642
0.069611
0.061715
0.063027
0.062258
0.039356
-0.003996
-0.032550
-0.043082
-0.076551
-0.092110
-0.075464
-0.076424
-0.089807
-0.108130
-0.133522
-0.134140
-0.126448
-0.122766
-0.118942
-0.123767
-0.124907
-0.107865
-0.083822
-0.064180
-0.059267
-0.063458
-0.055907
-0.046429
-0.057865
-0.046965
-0.018177
-0.000593
0.008298
0.021829
0.026568
0.042784
0.066191
0.069555
0.053687
0.024737
0.008057
0.014168
0.029623
0.036235
0.028671
0.011412
0.002547
0.007102
-0.003080
0.005539
0.025624
0.038332
0.053184
0.069778
0.075121
0.090297
0.115716
0.130458
0.127521
0.107695
0.099046
0.096770
0.090901
0.078606
0.044376
-0.003826
-0.045083
-0.068646
-0.112296
-0.135192
-0.138977
-0.156369
-0.180874
-0.208739
-0.245085
-0.244949
-0.215496
-0.205507
-0.185714
-0.183081
-0.180027
-0.156857
-0.135445
-0.121782
-0.124598
-0.135373
-0.135873
-0.130931
-0.127025
-0.107588
-0.076067
-0.067787
-0.075881
-0.080454
-0.088844
-0.083495
-0.077723
-0.070443
-0.080122
-0.101576
-0.115707
-0.105788
-0.097880
-0.092326
-0.098136
-0.115010
-0.120948
-0.108897
-0.120436
-0.126587
-0.124936
-0.129594
-0.137985
-0.151658
-0.171245
-0.175924
-0.143357
-0.107779
-0.083103
-0.083969
-0.099817
-0.091579
-0.063398
-0.040761
-0.039219
-0.051527
-0.056022
-0.052532
-0.052463
-0.030005
0.007133
0.028143
0.038289
0.048879
0.050241
0.058829
0.077867
0.088571
0.081843
0.060977
0.048203
0.049908
0.053461
0.039414
0.006103
-0.044170
-0.095673
-0.134355
-0.175731
-0.193755
-0.194978
-0.208133
-0.233926
-0.266736
-0.308892
-0.315021
-0.296498
-0.273651
-0.265490
-0.268147
-0.278259
-0.269104
-0.248246
-0.233953
-0.237252
-0.244674
-0.246694
-0.249027
-0.240230
-0.212190
-0.167902
-0.138301
-0.124188
-0.109124
-0.099518
-0.068196
-0.024076
0.017229
0.060705
0.087492
0.093215
0.071241
0.044125
0.013755
-0.023705
-0.085846
-0.148612
-0.204182
-0.252082
-0.282025
-0.288875
-0.296946
-0.317834
-0.357582
-0.396565
-0.432963
-0.479269
-0.483798
-0.496798
-0.473563
-0.426333
-0.362287
-0.280689
-0.181787
-0.076763
0.020459
0.076709
0.130479
0.198251
0.285056
0.363886
0.436485
0.502630
0.578956
0.658889
0.742300
0.853469
0.997928
-0.000026
-0.012917
-0.026568
-0.038346
-0.047499
-0.054179
-0.058497
-0.060472
-0.060456
-0.058651
-0.055444
-0.050989
-0.047461
-0.053019
-0.082331
-0.090653
-0.107143
-0.137787
-0.170770
-0.188559
-0.196457
-0.191674
-0.174316
-0.141229
-0.093414
-0.041947
0.013528
0.087963
0.167048
0.247892
0.314393
0.359759
0.389830
0.388141
0.401688
0.388547
0.359954
0.331380
0.313390
0.300256
0.260046
0.217767
0.186481
0.160195
0.133077
0.102949
0.069205
0.037606
0.015487
0.007100
0.006028
0.005436
0.007554
0.016287
0.025033
0.028047
0.031505
0.058552
0.078511
0.087262
0.075268
0.052054
-0.001247
-0.011791
-0.023316
-0.031578
-0.036821
-0.039666
-0.040601
-0.039998
-0.038194
-0.035424
-0.031808
-0.027537
-0.022780
-0.017544
-0.012061
-0.006640
-0.008571
-0.030090
-0.059588
-0.087395
-0.119615
-0.142020
-0.150694
-0.147683
-0.150783
-0.175937
-0.204457
-0.179870
-0.111423
-0.067646
-0.034060
0.011111
0.073167
0.168498
0.287892
0.445740
0.600767
0.732682
-0.000383
-0.001768
-0.001244
-0.000401
0.000791
0.002368
0.004020
0.005542
0.007030
0.008424
0.009728
0.010958
0.012127
0.013184
0.014051
0.014726
0.015267
0.015599
0.015846
0.016048
0.016301
0.016422
0.016395
0.016228
0.015936
0.015528
0.000000
-0.000036
-0.000122
-0.000145
-0.000109
-0.000064
-0.000059
0.000023
0.000092
0.000176
0.000326
0.000477
0.000491
0.000455
0.000561
0.000812
0.001121
0.001312
0.001437
0.001520
0.001657
0.001886
0.002135
0.002359
0.002606
0.002856
0.003062
0.003209
0.003279
-0.000007
-0.000087
-0.000306
-0.000559
-0.000678
-0.000654
-0.000543
-0.000491
-0.000538
-0.000605
-0.000815
-0.001107
-0.001370
-0.001436
-0.001446
-0.001441
-0.001433
-0.001439
-0.001373
-0.001240
-0.001074
-0.000954
-0.000901
-0.000865
-0.000898
-0.000968
-0.000951
-0.000776
-0.000530
-0.000338
-0.000015
0.000438
0.000728
0.000712
0.000581
0.000502
0.000636
0.001035
0.001700
0.002555
0.003435
0.004688
0.006082
0.007653
0.009577
0.011318
0.013469
0.015505
0.017950
0.022765
-0.000066
-0.000313
-0.000289
-0.000137
-0.000041
-0.000154
-0.000208
-0.000283
-0.000339
-0.000269
-0.000073
0.000276
0.000813
0.001373
0.001906
0.002433
0.002951
0.003460
0.003926
0.004202
0.004237
0.004142
0.003817
0.003294
0.002857
0.002648
0.002592
0.002585
0.002585
-0.012674
-0.037921
-0.039310
-0.029279
-0.030765
-0.041840
-0.063091
-0.090872
-0.127002
-0.158009
-0.165884
-0.142677
-0.116316
-0.085071
-0.024221
0.022854
0.053564
0.081604
0.105627
0.120193
0.122277
-0.004730
-0.034164
-0.056362
-0.070681
-0.079950
-0.085418
-0.087700
-0.087276
-0.084737
-0.080418
-0.074445
-0.067082
-0.058423
-0.048537
-0.048258
-0.072872
-0.118183
-0.149680
-0.186943
-0.237243
-0.288333
-0.340658
-0.387941
-0.424039
-0.444038
-0.448399
-0.443651
-0.432744
-0.414746
-0.393151
-0.369714
-0.346347
-0.334929
-0.333621
-0.260401
-0.165244
-0.115499
-0.105156
-0.098595
-0.055910
-0.015492
0.018820
0.047927
0.068117
0.090193
0.138250
0.229828
0.377870
0.001169
-0.044735
-0.105624
-0.151849
-0.183523
-0.203902
