1.975593
5.711414
40.526665
44.463711
47.513866
48.402538
47.633324
46.126179
45.415142
45.773956
43.432575
40.203846
39.204056
38.460846
39.130604
36.371017
35.228062
35.566135
35.924885
31.231737
30.901834
30.603535
25.547623
27.017921
23.868746
21.578058
0.000000
16.331493
31.711588
39.671631
43.580181
47.284473
47.823200
47.607361
46.043755
45.089931
44.219067
45.087795
42.196331
42.094479
40.741844
41.451256
39.035519
39.262260
35.172436
35.469292
35.511326
30.945065
33.900726
42.248329
44.237480
50.853210
90.180580
77.501549
65.433655
55.659294
111.570496
11.815873
27.718565
27.682800
25.174393
18.241022
11.784123
3.737574
12.215047
21.316368
7.658167
7.668742
7.245146
5.949196
0.000000
0.000000
70.991875
0.083337
0.000000
0.000000
0.000000
7.058156
109.882156
36.001213
42.732864
46.752403
48.821026
46.242058
45.779545
48.501122
50.132225
48.078796
47.544079
44.931580
46.322990
42.727551
43.280071
44.417187
39.181644
39.584709
40.432938
33.679955
34.277962
34.098774
35.041550
39.893139
88.195732
73.979675
63.328686
24.529551
9.401161
8.427985
11.390792
33.344563
30.325771
2.563269
6.785706
3.371484
3.795578
0.000000
0.000000
0.000000
0.000000
0.000000
0.000000
0.000000
6.930753
7.594631
39.706017
45.205173
47.959015
48.500378
47.624142
45.538921
45.365490
43.270027
42.450737
40.920296
38.337730
37.559647
38.212246
38.253315
35.803886
34.627071
34.901680
30.370638
30.053097
29.164268
25.029461
24.510962
23.583380
21.085772
0.000000
16.100714
47.706425
37.783226
43.329952
47.333168
47.939281
47.616318
46.222019
45.677155
44.165714
41.675003
43.049957
41.365208
41.293816
37.921040
39.153126
36.629417
37.022526
40.128345
44.075066
53.684700
64.107155
65.286140
73.228943
78.320450
76.381561
68.689117
54.445484
14.022418
28.897205
27.096243
25.338375
18.759014
11.348281
4.971871
3.856220
17.446167
17.705702
6.780835
7.779307
7.741832
2.388470
0.000000
0.000000
-0.002416
-0.001184
0.000000
0.000000
0.000000
7.802197
8.096375
39.332661
44.173637
48.013893
47.770786
46.951763
45.831375
46.240322
41.693092
42.834312
43.776306
41.136883
39.456573
37.108910
37.378323
34.755352
33.645512
36.094261
47.593468
53.229713
65.706772
78.536980
87.351196
93.222717
85.312233
82.070282
65.654114
14.352324
11.925090
30.146294
28.656586
21.521843
11.115893
4.696945
8.456301
18.776808
20.223719
6.448064
7.572987
7.340659
0.351529
0.000000
0.000000
-0.149593
-0.077800
0.000000
0.000000
6.994637
7.844806
72.159698
62.552307
56.560303
48.277824
43.561497
42.482635
42.319637
42.303452
43.152111
42.871922
42.604397
37.846401
39.337135
36.384663
39.682335
35.016632
35.798420
41.027561
45.537125
57.748703
69.803055
79.361343
87.037590
88.760010
73.166199
56.761444
11.873765
12.138995
33.164516
30.785297
23.616228
10.780944
64.273064
5.882609
13.507852
12.127423
7.742198
7.958824
0.166742
0.000000
0.000000
-0.017669
-0.011451
0.000000
0.000000
0.000000
7.368078
76.016624
74.314224
62.648888
59.227318
50.652733
51.884262
48.643280
41.532413
41.484192
42.704971
42.385704
41.904449
39.856140
41.172119
38.629021
35.812061
36.578007
37.221996
35.574371
46.680321
58.244488
58.531803
77.531334
85.536331
87.537842
79.427124
56.622009
11.954212
12.148017
33.165749
30.423111
23.151060
10.937677
56.677742
6.654626
12.479327
8.897107
8.023119
7.058284
0.000000
0.000000
0.000000
0.046065
0.026991
0.000000
0.000000
0.000000
7.072277
53.604965
29.108276
44.438618
48.157253
48.637962
47.788536
46.093952
44.420525
44.260429
44.303204
41.390625
38.362370
37.370041
38.211727
38.584866
35.443123
33.671913
37.036438
41.766338
52.562096
65.681557
68.809975
88.557755
92.173019
82.109138
80.604797
62.002468
32.163830
29.571568
26.154428
22.764854
11.634356
11.373577
9.939226
6.826606
10.548950
19.072031
11.391092
7.525527
7.492663
8.052357
0.000000
0.000000
0.000000
0.000000
0.004251
0.000000
0.000000
7.258438
0.000000
41.022938
44.517532
47.645279
48.143063
47.183132
45.567535
44.302799
43.357571
41.873722
40.810528
41.146263
40.364952
39.184166
36.687199
36.077896
33.995842
33.897320
36.822647
48.019283
60.829552
63.416523
69.748329
73.355408
73.490158
70.133232
60.219486
38.903347
11.186168
18.121208
25.627344
23.063822
11.910892
11.501965
21.678783
14.616984
20.130096
10.668080
7.703564
7.496544
6.578468
2.313395
0.000000
0.000000
-8.366301
0.058988
0.000000
0.000000
7.016568
0.000000
34.233562
44.032280
47.323048
48.350498
47.090496
45.780655
44.625370
43.901257
42.212955
41.883339
41.665379
40.750267
36.924809
37.315212
34.260078
32.738361
33.181049
41.274784
45.284088
56.666428
70.990044
70.900146
73.954720
80.378723
67.039009
56.769173
33.761650
11.931335
26.919287
25.103489
19.691460
11.702721
11.025870
22.348104
10.448301
20.348051
8.604073
6.632932
7.476973
7.843476
0.311217
0.000000
0.000000
2.606917
0.028578
0.000000
0.000000
7.184398
19.818298
39.871658
42.515373
46.280964
47.543804
46.443951
45.930149
44.633957
43.821331
42.455536
41.575378
40.621765
39.866226
39.311657
35.972115
36.210316
34.946392
35.164043
30.618465
41.717403
53.880726
56.696270
73.957741
81.396782
78.384621
83.641258
72.406738
46.710289
12.278012
12.222326
28.062820
24.754414
16.569027
10.852769
22.104342
12.707454
15.354447
4.975768
6.997344
6.723263
4.445581
0.000000
0.000000
0.000000
0.000000
0.000000
0.000000
0.000000
7.135413
85.743874
45.032383
42.209362
45.881721
47.129704
46.401653
43.175667
42.707119
43.757442
42.730141
41.964638
38.710922
38.142025
39.658604
36.499092
37.253143
37.290421
32.703197
33.153366
39.832775
45.060101
57.465469
61.419537
65.969925
68.626457
66.814102
60.859516
40.067272
11.451164
11.787309
21.889429
25.739759
19.678505
14.611229
25.669176
12.470854
7.083651
5.477050
7.671245
7.129863
7.471839
5.366247
0.000000
0.000000
0.000000
0.000000
0.000000
0.000000
7.104667
111.820915
27.527229
40.443996
46.732056
45.870995
46.461250
45.029110
45.175461
45.371258
42.866291
40.487194
39.956276
39.136127
39.940781
37.138409
38.036827
38.718082
33.593460
34.204842
37.961086
42.541061
54.631207
67.405418
77.148132
80.625893
78.566803
71.017181
36.323204
11.474984
12.676617
26.749565
25.919012
19.054127
14.726791
23.199680
10.468963
5.680758
0.000000
8.797208
6.094621
0.000000
0.000000
0.000000
0.001946
0.000000
0.000000
0.000000
7.435573
78.849022
54.470562
45.677551
49.608494
49.854946
48.517059
48.356949
49.988983
46.734734
43.018349
45.214367
48.246559
56.429806
58.322636
67.758125
77.572426
25.089500
26.271368
28.205769
30.648718
41.763535
51.906342
53.220047
71.240540
75.468124
46.726151
19.513140
12.796301
12.848467
28.440054
35.525944
29.260435
18.991026
11.940889
3.013855
10.930668
4.916776
10.313221
7.143827
1.541028
0.000000
0.000000
0.009746
0.000000
0.000000
0.000000
0.000000
7.808209
0.000000
37.195774
45.418034
49.536392
49.938557
48.533031
47.381500
45.510433
44.692825
43.241680
42.182575
39.384541
38.212616
38.528580
38.684475
35.880493
43.048576
48.165379
29.740614
31.700077
36.639603
48.713402
60.652477
69.328995
75.817390
78.871803
76.017303
58.447510
25.542149
10.896985
11.012094
12.282806
12.187300
11.810871
20.841105
29.123667
19.708052
5.469451
5.892600
9.634113
6.558143
7.467511
5.376938
0.000000
0.000000
0.000000
0.000000
0.000000
0.000000
7.827565
62.643665
40.834045
54.533928
52.814468
51.710480
50.757980
47.425255
45.798431
42.945450
44.179897
43.320549
43.474483
44.888588
51.576950
54.619549
64.809708
75.295082
75.632378
20.782011
24.560884
27.743647
39.386208
50.570610
51.089329
49.760479
26.643402
13.604925
12.098675
12.046529
13.188035
22.639671
30.144094
29.316193
21.233953
3.815516
9.550357
2.460418
8.712811
3.435986
7.173153
0.000000
0.000000
0.000000
0.006048
0.002622
0.000000
0.000000
0.000000
7.432885
0.000000
42.931908
44.841015
48.921391
49.410290
47.699173
46.076977
44.158230
41.432076
42.467819
41.160236
37.912788
36.945114
36.066689
35.977093
33.743385
34.658241
30.659590
30.577765
29.957830
35.117744
44.961285
51.871372
59.867973
0.000000
96.463158
220.441513
31.169176
27.035864
38.516415
43.302574
49.315956
50.547626
53.920540
54.316139
58.360821
57.036804
60.871212
60.574223
61.975609
66.223061
58.564278
65.674591
70.182838
61.977993
69.993401
74.187843
64.431908
75.912437
70.014931
65.727554
62.837181
61.452110
59.836815
59.284142
57.612663
0.000000
0.000000
0.000000
0.000000
13.405054
6.621052
101.244659
12.580173
12.348708
0.000000
0.000000
0.000000
0.000000
0.000000
0.000000
0.000000
0.000000
0.000000
7.654187
44.566269
10.171527
11.936577
48.318615
51.110546
52.311867
52.071754
51.013847
11.098590
12.935247
13.116522
12.614182
12.554859
12.583836
26.870817
80.355461
111.915321
133.788879
117.393745
106.502235
89.018478
65.451294
51.927921
43.737602
40.396603
78.507668
56.111034
111.286255
99.567856
85.605843
129.430481
0.000000
0.000000
0.000000
0.000000
0.000000
0.000000
0.000000
0.000000
0.000000
0.000000
0.000000
0.000000
0.000000
192.623581
171.205444
143.504150
30.389555
7.294358
4.765115
3.816754
0.000000
0.000000
0.000000
0.000000
0.000000
0.000000
0.000000
0.000000
0.000000
0.000000
0.000000
0.000000
0.000000
369.309753
248.661438
209.471939
199.675903
0.000000
0.000000
8.486584
0.000000
0.000000
0.000000
0.000000
0.000000
0.000000
0.000000
0.000000
0.000000
0.000000
0.000000
152.710510
0.000000
119.145454
294.671021
189.513458
74.073982
1.785777
0.000000
0.000000
0.000000
0.000000
0.000000
0.000000
0.000000
0.000000
0.000000
0.000000
0.000000
0.000000
0.000000
468.697266
0.000000
100.099510
156.221725
123.773415
3.060285
1.212547
0.000000
0.000000
0.000000
65.104996
0.000000
0.000000
0.000000
0.000000
0.000000
0.000000
0.000000
0.000000
0.000000
0.000000
0.000000
62.394474
244.297852
219.641403
123.100090
2.074407
0.000000
0.000000
0.000000
0.000000
0.000000
0.000000
0.000000
0.000000
0.000000
0.000000
0.000000
0.000000
0.000000
0.000000
0.000000
70.215569
241.443939
210.089371
114.344254
0.973340
0.000000
0.000000
0.000000
107.081429
0.000000
0.000000
0.000000
0.000000
0.000000
0.000000
0.000000
0.000000
0.000000
0.000000
0.000000
183.453644
238.095169
145.592941
3.733179
1.775067
0.000000
0.000000
0.000000
54.411057
0.000000
0.000000
0.000000
0.000000
0.000000
0.000000
0.000000
0.000000
0.000000
0.000000
0.000000
174.506927
247.138092
180.598907
2.844301
1.068996
0.000000
0.000000
0.000000
0.000000
0.000000
0.000000
0.000000
0.000000
0.000000
0.000000
0.000000
0.000000
0.000000
0.000000
0.000000
209.912567
249.314240
161.970062
2.808041
0.790811
0.000000
0.000000
0.000000
0.000000
0.000000
0.000000
0.000000
0.000000
0.000000
0.000000
0.000000
0.000000
0.000000
0.000000
0.000000
125.703651
219.282227
199.863113
3.339142
1.764326
0.000000
0.000000
0.000000
0.000000
0.000000
0.000000
0.000000
0.000000
0.000000
0.000000
0.000000
0.000000
0.000000
0.000000
98.982788
118.130142
264.173981
202.660156
107.047264
0.875673
0.000000
0.000000
0.000000
0.000000
0.000000
0.000000
0.000000
0.000000
0.000000
0.000000
0.000000
0.000000
0.000000
0.000000
0.000000
105.455902
247.640457
165.709381
3.745305
2.026669
0.000000
0.000000
0.000000
0.000000
0.000000
0.000000
0.000000
0.000000
0.000000
0.000000
0.000000
0.000000
0.000000
0.000000
0.000000
94.169304
197.860519
157.208389
30.282837
3.331916
0.000000
0.000000
0.000000
0.000000
0.000000
0.000000
0.000000
0.000000
0.000000
0.000000
0.000000
0.000000
0.000000
0.000000
0.000000
77.909393
274.563507
194.149628
166.597702
0.000000
0.000000
0.000000
0.000000
0.000000
0.000000
0.000000
0.000000
0.000000
0.000000
0.000000
0.000000
0.000000
0.000000
189.782379
0.000000
73.408546
242.636749
167.481171
32.070316
0.000000
0.000000
0.000000
0.000000
0.000000
0.000000
0.000000
0.000000
0.000000
0.000000
0.000000
0.000000
0.000000
0.000000
0.000000
0.000000
271.535583
223.133987
124.252411
2.312611
0.947928
0.000000
0.000000
0.000000
0.000000
0.000000
0.000000
0.000000
0.000000
0.000000
0.000000
0.000000
0.000000
0.000000
0.000000
0.000000
54.961044
254.197754
160.154297
89.541519
0.000000
0.000000
0.000000
0.000000
0.000000
0.000000
0.000000
0.000000
0.000000
0.000000
0.000000
0.000000
0.000000
0.000000
0.000000
0.000000
117.686775
261.512115
161.982224
0.861891
0.000000
0.000000
0.000000
0.000000
0.000000
0.000000
0.000000
0.000000
0.000000
0.000000
0.000000
0.000000
0.000000
0.000000
0.000000
0.000000
170.903625
303.504364
220.934967
150.921158
3.521609
0.000000
0.000000
0.000000
0.000000
0.000000
0.000000
0.000000
0.000000
0.000000
0.000000
0.000000
0.000000
0.000000
0.000000
0.000000
188.302704
358.748474
255.264023
97.086731
0.000000
0.000000
18.981194
0.000000
0.000000
0.000000
0.000000
0.000000
0.000000
0.000000
0.000000
0.000000
0.000000
0.000000
366.964294
0.000000
80.857613
145.012238
65.993752
1.543902
0.000000
0.000000
0.000000
0.000000
0.000000
0.000000
0.000000
2.013047
0.000000
0.000000
0.000000
0.000000
44.236958
7.770985
0.000000
0.000000
191.399429
242.065765
61.069199
0.000000
1.221948
0.000000
0.793177
0.000000
261.197937
0.000000
0.000000
0.000000
0.000000
0.000000
0.000000
0.000000
0.000000
0.000000
0.000000
0.000000
261.454254
310.233734
254.346985
3.939341
1.193246
0.000000
0.000000
0.000000
0.000000
0.000000
0.000000
0.000000
0.000000
0.000000
0.000000
0.000000
0.000000
0.000000
0.000000
3.331200
272.308594
379.331757
279.431030
160.601105
2.985149
0.000000
0.000000
0.000000
45.884155
0.000000
0.000000
0.000000
0.000000
0.000000
0.000000
0.000000
0.000000
0.000000
0.000000
0.000000
128.682739
190.738129
125.937172
0.000000
0.000000
0.000000
0.000000
0.000000
0.000000
0.000000
0.000000
0.000000
0.000000
0.000000
0.000000
0.000000
0.000000
0.000000
0.000000
0.000000
106.567841
190.373474
199.430176
30.677240
0.000000
0.000000
0.000000
0.000000
0.000000
0.000000
0.000000
0.000000
0.000000
0.000000
0.000000
0.000000
0.000000
0.000000
0.000000
0.000000
68.644646
246.450729
201.199158
114.534241
0.000000
0.000000
0.000000
0.000000
0.000000
0.000000
0.000000
0.000000
0.000000
0.000000
0.000000
0.000000
0.000000
0.000000
0.000000
0.000000
144.555786
247.299042
174.681534
2.337428
0.000000
0.000000
0.000000
0.000000
0.000000
0.000000
0.000000
0.000000
0.000000
0.000000
0.000000
0.000000
0.000000
0.000000
0.000000
148.773087
13.846306
219.932693
159.951736
93.458199
0.000000
0.000000
0.000000
0.000000
0.000000
4.019426
0.000000
0.000000
0.000000
0.000000
0.000000
0.000000
0.000000
0.000000
0.000000
0.000000
51.093761
356.209381
212.116074
170.748459
0.000000
0.000000
0.000000
0.000000
0.000000
0.000000
0.000000
0.000000
0.000000
0.000000
0.000000
0.000000
0.000000
0.000000
209.112488
0.000000
17.969688
220.084244
192.488052
67.457130
53.742443
0.000000
0.000000
0.000000
0.000000
0.000000
0.000000
0.000000
0.000000
0.000000
0.000000
0.000000
0.000000
0.000000
0.000000
0.000000
372.592987
140.600632
5.859904
4.381814
2.918889
0.000000
0.000000
0.000000
0.000000
0.000000
0.000000
0.000000
0.000000
0.000000
0.000000
0.000000
0.000000
0.000000
0.000000
0.000000
56.817032
311.645660
203.820465
174.999588
0.000000
0.000000
0.000000
0.000000
0.000000
0.000000
0.000000
0.000000
0.000000
0.000000
0.000000
0.000000
0.000000
0.000000
219.049118
0.000000
140.939682
231.162216
171.306732
0.000000
0.000000
0.000000
0.000000
0.000000
0.000000
0.000000
0.000000
0.000000
0.000000
0.000000
0.000000
0.000000
0.000000
0.000000
0.000000
0.000000
54.799614
203.324768
137.456436
0.026356
0.000000
0.000000
0.000000
0.000000
0.000000
0.000000
0.000000
0.000000
0.000000
0.000000
0.000000
0.000000
0.000000
0.000000
0.000000
265.708344
0.000000
198.072937
158.329788
0.000000
0.000000
0.000000
0.000000
0.000000
0.000000
0.000000
0.000000
0.000000
0.000000
0.000000
0.000000
0.000000
0.000000
0.000000
0.000000
324.701599
0.000000
230.609985
192.478561
81.142815
0.000000
0.000000
0.000000
0.000000
0.000000
0.000000
0.000000
0.000000
0.000000
0.000000
0.000000
0.000000
0.000000
0.000000
0.000000
229.231934
3.053151
302.051392
213.270187
141.255219
0.000000
0.000000
0.000000
0.000000
0.000000
0.000000
0.000000
0.000000
0.000000
0.000000
0.000000
0.000000
0.000000
0.000000
0.000000
176.685913
2.330462
235.066238
168.864258
140.355820
0.000000
0.000000
0.000000
0.000000
0.000000
0.000000
0.000000
0.000000
0.000000
0.000000
0.000000
0.000000
0.000000
0.000000
0.000000
162.642471
2.002689
343.326996
252.977325
147.926865
0.000000
0.000000
0.000000
0.000000
0.000000
0.000000
0.000000
0.000000
0.000000
0.000000
0.000000
0.000000
0.000000
0.000000
0.000000
97.480400
1.760010
315.621796
233.791122
192.125000
3.832098
0.000000
0.000000
0.000000
0.000000
0.000000
0.000000
0.000000
0.000000
0.000000
0.000000
0.000000
0.000000
0.000000
117.941818
117.711227
2.325948
351.977448
244.519073
116.111961
0.000000
0.000000
0.000000
0.000000
0.000000
0.000000
0.000000
0.000000
0.000000
0.000000
0.000000
0.000000
0.000000
0.000000
0.000000
312.238312
0.000000
184.618469
118.143784
0.000000
0.000000
0.000000
0.000000
0.000000
0.000000
0.000000
0.000000
0.000000
0.000000
0.000000
0.000000
0.000000
0.000000
0.000000
0.000000
414.478088
0.000000
266.820923
201.901566
115.693459
0.000000
0.000000
0.000000
0.000000
0.000000
0.000000
0.000000
0.000000
0.000000
0.000000
0.000000
0.000000
0.000000
0.000000
0.000000
251.256836
0.000000
137.608170
77.374046
0.000000
0.000000
0.000000
0.000000
0.000000
0.000000
0.000000
0.000000
0.000000
0.000000
0.000000
0.000000
0.000000
0.000000
0.000000
0.000000
373.727448
0.000000
319.826141
198.350067
112.998390
0.000000
0.000000
0.000000
0.000000
0.000000
0.000000
0.000000
0.000000
0.000000
0.000000
0.000000
0.000000
0.000000
0.000000
0.000000
159.411621
0.000000
197.963425
108.592850
10.247643
0.000000
0.000000
0.000000
0.000000
0.000000
0.000000
0.000000
0.000000
0.000000
0.000000
0.000000
0.000000
0.000000
0.000000
0.000000
416.686646
0.000000
243.002548
170.126526
29.716049
0.000000
0.000000
0.000000
0.000000
0.000000
0.000000
0.000000
0.000000
0.000000
0.000000
0.000000
0.000000
0.000000
0.000000
0.000000
253.747330
0.000000
332.770020
223.748337
57.038437
0.000000
0.000000
0.000000
0.000000
0.000000
0.000000
0.000000
0.000000
0.000000
0.000000
0.000000
0.000000
0.000000
0.000000
98.319077
81.176331
1.316094
426.949921
316.452667
200.318100
3.702753
0.000000
0.000000
0.000000
78.601410
0.000000
0.000000
0.000000
0.000000
0.000000
0.000000
0.000000
0.000000
0.000000
0.000000
214.088058
0.000000
215.241333
84.834244
0.000000
0.000000
0.000000
0.000000
0.000000
0.000000
0.000000
0.000000
0.000000
0.000000
0.000000
0.000000
0.000000
0.000000
0.000000
0.000000
433.094452
0.000000
181.344620
59.536064
0.000000
0.000000
0.000000
0.000000
0.000000
0.000000
0.000000
0.000000
0.000000
0.000000
0.000000
0.000000
0.000000
0.000000
0.000000
15.572313
270.881012
0.000000
317.430511
258.724854
67.050064
0.000000
0.000000
0.000000
0.000000
0.000000
0.000000
0.000000
0.000000
0.000000
0.000000
0.000000
0.000000
0.000000
0.000000
394.517944
153.333542
0.000000
316.190338
250.899979
71.036964
0.000000
0.000000
0.000000
0.000000
0.000000
0.000000
0.000000
0.000000
0.000000
0.000000
0.000000
0.000000
0.000000
0.000000
210.917007
203.503632
0.000000
98.933083
0.000000
0.000000
0.000000
0.000000
0.000000
0.000000
0.000000
0.000000
0.000000
0.000000
0.000000
0.000000
0.000000
0.000000
0.000000
0.000000
0.000000
0.000000
0.000000
0.000000
0.000000
37.753269
0.000000
0.000000
0.000000
0.000000
0.000000
0.000000
5.004178
0.000000
57.849194
52.713570
57.612778
58.909496
63.405918
68.834801
82.769447
80.332542
78.122421
58.678856
11.920857
12.655506
13.383304
12.486697
12.631235
63.529072
74.181374
56.034447
51.422104
12.765672
13.467259
264.725189
0.000000
0.000000
0.000000
0.000000
0.000000
0.000000
0.000000
0.000000
0.000000
0.000000
0.000000
243.517883
2.583321
141.992294
25.887203
13.135937
12.919415
12.844443
13.491804
12.882933
12.872952
12.806299
42.086605
61.744614
83.593445
87.963974
114.737267
104.290749
92.999596
79.925453
68.838615
31.013136
0.000000
0.000000
0.000000
0.000000
0.000000
0.000000
4.941679
0.000000
57.880714
54.270550
51.096207
48.643368
51.725636
53.371628
54.136879
56.340767
58.013309
63.295025
62.713715
69.209686
74.277489
69.656364
12.718496
12.735604
13.287723
52.822689
12.704638
99.850220
141.239975
173.822296
196.204956
64.920601
130.872284
12.143811
11.885217
25.092709
15.559361
79.072533
181.745651
184.253967
186.840179
136.694626
152.794540
0.000000
0.000000
52.602043
28.573761
46.422626
50.821918
50.120403
49.380566
47.612442
48.936939
45.498638
42.416374
41.107883
41.953156
42.560333
39.579227
38.486206
39.402443
34.506916
34.881432
34.517197
29.490377
31.050869
28.922880
27.044661
24.163370
0.000000
22.297365
67.817513
44.734291
41.408710
46.001118
47.165218
46.150291
46.172134
45.539574
46.174816
43.402538
40.927151
40.503330
39.603905
40.933601
37.337048
38.693447
39.296406
34.561596
35.731152
35.287987
30.426489
30.511162
29.861027
24.733433
26.319935
23.557209
17.933090
0.000000
15.559916
40.994251
38.791973
42.992622
47.641895
47.738491
47.579063
46.369335
44.842892
44.291676
45.401852
43.112331
41.677906
40.930252
41.355614
39.016258
39.163826
34.978176
35.586521
35.679729
34.156204
44.787605
57.369881
60.810524
81.485062
87.296089
84.380470
136.564056
112.373833
12.378402
12.389647
29.697550
25.755432
17.597519
10.795815
44.578239
16.217426
17.505814
5.208636
8.747460
6.509535
6.450691
9.714096
1.363067
0.000000
0.000000
0.043893
0.025094
0.088920
2.841441
7.891503
38.335323
39.280064
41.935402
46.249138
46.493362
46.290550
45.871300
44.767666
43.711559
42.672977
41.514816
42.283901
39.523075
37.389206
36.420338
39.289936
51.075733
57.799545
70.067757
81.708992
79.176819
90.257828
86.126923
59.806458
30.480959
15.254708
51.261227
33.339275
12.254176
12.736148
12.604573
12.362990
12.417823
12.300141
11.955683
16.275475
94.850281
107.345924
22.839613
21.234898
4.527148
0.000000
0.000000
0.000000
0.000000
0.000000
0.000000
0.000000
16.979507
5.919561
0.000000
20.669313
28.274294
56.239212
53.402401
51.729706
51.159325
51.225746
50.988487
50.246239
49.933552
50.366695
50.355114
12.620873
12.643930
13.359571
12.785158
36.493061
60.686893
99.310852
138.443741
145.368362
143.594467
129.472031
95.191467
81.895988
67.149101
44.370064
39.792747
33.587944
33.252254
55.877251
73.148758
12.760592
28.690174
50.361580
0.000000
0.000000
0.000000
0.000000
0.000000
0.000000
0.000000
0.000000
0.000000
0.000000
0.000000
5.274944
0.000000
59.398052
65.795990
57.740730
