0.007397
0.190442
-0.304457
-0.024428
-0.008648
0.013447
0.021251
0.034514
0.042736
0.034511
0.030139
0.031844
0.016500
0.040605
0.040232
0.038814
3.735565
1.958798
0.024646
0.701692
0.790374
-0.023352
-0.280353
-0.281479
-0.689959
-0.918692
-2.026519
-1.688718
-1.806544
2.530860
3.593531
4.810522
2.619446
-0.348430
-1.659811
-0.544583
-0.811114
1.862190
1.292692
1.790968
1.381068
-0.579170
-0.216264
1.341259
3.798057
3.718680
3.767064
0.728418
-0.361162
1.923427
1.242813
0.967779
0.799148
-1.379166
-1.846042
-1.557649
-1.996256
3.709270
2.079674
0.706277
-0.136585
-3.353548
-3.776591
-1.054082
1.748846
2.618849
2.499722
-1.514328
-2.525303
2.297971
0.205796
0.012497
-0.235213
-1.671252
-1.674155
-0.858402
-0.386986
4.128672
2.384993
0.950591
0.094546
-2.976340
-3.496214
-0.555299
2.238537
2.993622
2.871651
-1.362494
-2.430209
2.029631
0.231913
0.026431
-0.441116
-1.697332
-1.815702
-1.085841
-1.055185
3.590833
2.399635
1.342047
0.590343
-2.614416
-3.143628
-0.487404
2.257652
2.997899
2.739503
-1.294622
-2.284611
1.618377
0.206613
-0.067377
-0.188981
-1.788707
-1.955600
-1.261528
-1.625738
3.435664
2.511406
1.494876
0.505028
-2.643553
-3.025148
-0.407236
2.101491
2.778662
2.622344
-1.423562
-2.476624
2.154978
0.273065
0.001553
-0.062525
-1.820323
-1.988557
-1.288200
-1.640935
3.391356
2.426061
1.299273
0.425734
-2.332442
-2.930452
-0.406839
1.963141
2.637362
2.378645
-1.398084
-2.412543
2.326575
0.297808
0.178710
-0.345246
-1.666550
-1.885991
-1.240891
-1.205151
3.439263
2.201813
0.962737
0.467615
-2.830405
-3.112983
-0.515465
2.362548
3.162642
2.839386
-1.304615
-2.185852
1.986192
0.631133
0.447111
0.123249
-1.584932
-1.872545
-1.215086
-3.356375
2.789746
2.589731
1.727419
1.031842
-2.169312
-2.628704
-0.263621
2.306891
2.955088
2.615529
-0.904328
-2.394965
0.724880
0.963399
0.686682
0.446589
-1.664584
-1.927229
-1.320860
-3.774594
2.902324
2.604332
1.493701
0.479431
-2.057493
-2.860534
-0.954700
1.614912
2.347965
2.069342
-1.352636
-2.615552
1.326528
0.743968
0.444068
0.112146
-1.602564
-1.913600
-1.229697
-3.217747
2.992785
2.466475
1.295441
0.752783
-2.519412
-2.827635
-0.353266
2.548751
3.277191
2.729734
-0.708362
-2.155495
1.080187
1.721630
1.327844
0.608680
-1.477704
-1.743197
-1.037276
-3.364753
3.391277
2.606966
1.293296
0.405593
-2.476824
-3.187523
-0.890847
1.708257
2.381122
2.229154
-1.186624
-2.608212
1.918710
0.861312
0.506886
-0.188139
-1.760097
-1.962323
-1.179413
-2.826257
3.333397
2.573039
1.145466
0.632190
-2.877882
-3.279050
-0.798648
2.134881
2.884593
2.535460
-0.686696
-2.196459
1.538649
1.752382
1.228086
0.088349
-1.617703
-1.847431
-0.980745
-3.051070
3.544986
2.794303
1.279438
0.534829
-2.766876
-3.515869
-1.075032
1.771347
2.387324
2.462613
-0.810491
-2.358122
2.249384
1.323638
0.813135
-0.714800
-1.904357
-1.970656
-1.316908
-2.615411
3.680679
2.955469
1.203947
0.490660
-3.013788
-3.697816
-1.076641
2.060105
2.720401
2.758195
-0.375014
-1.994382
2.182699
1.638083
0.913906
-1.027262
-2.117069
-2.067252
-1.225804
-2.435498
4.163345
3.197935
1.047158
0.210345
-3.492822
-4.106895
-1.198556
1.972481
2.593486
2.897958
-0.325417
-2.099449
2.888945
1.715493
1.162968
-1.219650
-2.104580
-1.940891
-1.094297
-2.106546
4.658521
3.326982
0.926470
-0.061025
-3.604954
-4.344712
-1.254314
2.038125
2.588240
3.048913
-0.209879
-2.091789
2.725917
1.680688
1.140722
-1.442457
-2.955728
-1.809563
-0.795645
-1.555700
5.155743
3.593181
0.994437
0.129115
-4.087157
-4.685621
-1.316363
2.089864
2.642096
3.294125
0.230022
-1.762720
2.884091
2.030711
1.179211
-1.427728
-2.578466
-1.889040
-1.183797
-1.761619
5.204874
4.028396
1.141146
0.111907
-4.311257
-5.037164
-1.549558
1.581868
2.049350
3.167636
-0.080293
-2.129011
4.469930
1.507252
0.796687
-2.182777
-3.904048
-2.063372
-3.361274
-2.442975
4.959484
4.420320
1.833118
0.692563
-3.340316
-4.313478
-0.936783
2.366873
2.640829
3.481514
0.363000
-1.792350
3.848913
1.805097
1.051130
-2.114753
-3.689647
-1.834697
-2.554547
-1.755942
5.547840
4.884698
1.910880
0.384479
-4.215616
-4.790006
-1.076499
1.958775
2.225941
3.407125
0.315560
-1.945751
3.460241
1.511122
0.706975
-2.654995
-4.292921
-3.958897
-4.710869
-3.693153
4.456486
5.084057
2.806741
1.533918
-2.517419
-3.795503
-0.448142
2.573954
2.529411
3.488694
0.385823
-2.005435
5.333305
1.957103
1.361642
-2.241513
-4.249944
-3.443528
-4.742475
-3.388846
4.931876
5.336449
2.671636
1.034248
-3.560923
-4.106328
-0.565196
2.309829
2.541284
3.535146
1.041084
-1.549886
3.987462
2.464396
1.649552
-2.118426
-3.751035
-3.034344
-3.041695
-2.669013
5.460232
5.652041
2.732953
1.384906
-3.503009
-4.462136
-0.779924
2.067599
2.090417
3.561288
0.264762
-2.131275
4.742048
1.127851
0.341999
-3.457788
-5.455561
-5.001749
-7.242140
-5.394575
3.562270
5.199523
2.950775
1.576763
-2.464223
-3.835185
-0.697819
2.423321
2.550395
3.801209
1.121504
-1.687424
4.721869
3.361306
1.989017
-1.718187
-3.373471
-2.172085
-2.454882
-0.862381
6.276925
6.038042
2.645723
-0.300774
-4.478892
-4.690212
-0.739281
1.929671
2.103690
3.586106
0.690005
-1.824311
2.903252
2.120756
0.978274
-2.913537
-4.229024
-3.655910
-3.574189
-3.035485
4.941496
5.606143
2.994996
1.537218
-2.615255
-4.124886
-0.843398
1.858437
1.843541
3.158417
0.577731
-1.895145
4.287875
1.508288
0.479744
-3.045759
-4.879480
-4.165386
-5.726950
-4.481326
4.185169
5.403204
3.215097
2.045661
-2.652031
-3.523665
-0.456750
2.381012
2.537421
3.522865
0.927361
-1.668298
5.743550
2.659997
1.369070
-2.186801
-3.801957
-3.285853
-2.859941
-2.723825
5.423387
5.525076
2.534615
0.887513
-3.622430
-4.357203
-0.710695
1.766413
2.014081
3.268225
0.604975
-1.939179
4.046852
1.809788
0.833620
-3.257119
-4.941866
-4.342618
-6.502755
-4.681784
3.986886
5.426497
3.431208
2.183957
-1.779100
-3.307338
-0.263111
2.508801
2.536807
3.405263
0.957619
-1.690463
5.477686
2.306047
1.239390
-2.551481
-4.601318
-3.774913
-5.109356
-3.525641
5.006030
5.755484
2.799911
1.095127
-3.334200
-4.062785
-0.564924
2.050951
2.221327
3.650429
1.054362
-1.670052
5.509894
2.788547
1.435283
-2.594168
-4.422592
-3.583361
-4.911869
-3.504264
4.945158
5.885904
3.146652
1.754242
-2.812333
-3.839362
-0.314801
2.258039
2.187108
3.442610
0.714849
-1.910194
4.534401
1.843499
0.204365
-3.462585
-5.404047
-5.144461
-7.559618
-5.600652
3.336821
5.237082
3.947373
2.881927
-1.505673
-2.578440
0.268795
2.809238
2.768074
3.535328
0.952079
-1.728371
5.310544
2.550013
1.269332
-2.617009
-4.494599
-3.547556
-4.510648
-3.396074
4.976980
5.755432
2.999485
1.388902
-2.853348
-3.633979
-0.265066
2.352133
2.430154
3.544194
1.173287
-1.551384
4.926365
2.516239
1.132382
-2.721130
-4.409377
-4.037406
-5.081140
-3.760131
4.551001
5.822076
3.518149
2.396037
-2.218351
-3.369411
-0.244337
2.278215
2.171195
3.331908
1.303021
-1.448152
1.471065
1.714558
0.340411
-3.081250
-4.849704
-4.291088
-4.693033
-4.009728
4.449677
5.709971
3.610330
2.228459
-2.232500
-3.363550
-0.174798
2.251992
2.066607
3.199792
1.268632
-1.575069
1.987935
2.127300
0.754772
-3.011895
-4.488579
-4.473267
-4.697598
-3.955395
4.458306
5.828775
3.597791
2.446838
-1.909373
-3.368291
-0.288071
2.206511
2.052517
3.252214
1.330344
-1.401669
1.502575
0.858898
-0.371926
-3.608698
-5.494180
-4.985263
-5.750050
-5.116746
3.582076
5.430477
4.173786
3.053458
-1.241447
-2.514394
0.184526
2.726317
2.535125
3.397498
1.590590
-1.277949
3.925682
2.216372
0.667072
-2.941235
-4.680770
-4.133451
-3.580869
-3.222494
4.701704
5.643770
3.477860
2.073898
-2.271141
-3.440825
-0.337788
2.146644
1.944808
3.187450
1.397073
-1.383242
1.285602
1.738450
0.351997
-3.142206
-4.550850
-2.474512
-2.468559
-2.276880
5.028195
5.734128
2.756734
1.613995
-2.804895
-4.276142
-1.156302
1.560666
1.714824
3.056720
1.446298
-1.167513
1.387028
-0.096749
-0.928469
-3.808204
-5.687201
-2.853888
-2.060087
-2.313010
5.102160
5.534390
2.655311
0.953517
-3.113951
-4.263810
-1.169705
1.525391
1.694451
3.012391
0.949517
-1.690415
4.061986
1.832625
0.384131
-3.136780
-3.197421
-2.511818
-3.233322
-2.532727
5.344143
5.262834
1.926765
1.000785
-3.015749
-4.149778
-1.186229
1.640726
2.134980
3.263900
0.943910
-1.571396
4.417459
1.541373
0.193005
-2.964874
-2.967534
-2.441510
-4.436743
-3.392200
4.575153
4.872757
2.419993
1.533491
-2.439082
-3.616066
-0.978921
1.967857
2.485663
3.253690
0.949151
-1.494531
1.394369
1.409606
0.096360
-2.694871
-3.031001
-2.619795
-4.007012
-3.440445
4.634464
4.881117
2.212070
1.533901
-2.368278
-3.784510
-1.102467
1.855361
2.425828
3.147124
1.055676
-1.412894
4.555715
0.839136
-0.378546
-3.129371
-3.240498
-2.816517
-4.074143
-3.605442
4.336925
4.672829
2.374899
1.933751
-1.932829
-3.390620
-0.955099
2.263303
2.745421
3.431762
1.133874
-1.291273
2.982288
0.822275
-0.520317
-3.001550
-3.117306
-2.919993
-2.999605
-3.043031
4.354358
4.829492
2.271926
1.578843
-2.508657
-3.855769
-1.235170
1.831456
2.454877
3.066198
0.692014
-1.708282
2.685617
1.257992
-0.038477
-2.980609
-3.104295
-2.779191
-4.754743
-4.302204
3.930485
4.654143
2.799165
2.199895
-1.181919
-2.793792
-0.678094
2.541411
3.147347
3.307574
0.749739
-1.495962
1.493312
1.262952
0.076581
-2.014232
-2.814752
-2.735777
-4.111256
-4.246554
3.876468
4.370885
2.472745
1.742937
-1.823568
-3.252676
-1.142790
1.930334
2.763648
2.998454
1.027340
-1.296256
1.209150
1.215647
0.054274
-1.780305
-2.848223
-2.970788
-3.276201
-3.584076
4.031070
4.402659
2.173463
1.574097
-2.230100
-3.796935
-1.454025
1.404591
2.085141
3.006913
0.261296
-1.934626
3.727229
0.266252
-1.122876
-3.590764
-3.289688
-3.332861
-5.417775
-4.604261
3.217406
4.248045
3.321331
2.947216
-1.006605
-2.410915
-0.357705
2.977917
3.246509
3.561430
1.285306
-1.324343
0.859796
2.395623
1.274145
-1.143688
-2.618313
-2.578483
-3.714856
-6.732335
1.807197
5.530377
3.099435
2.440294
-0.762052
-3.155073
-1.025190
2.287771
2.465574
3.378618
1.000161
-1.574891
0.419200
0.313252
-1.110966
-2.717388
-3.040489
-3.236815
-5.394006
-8.022993
1.459316
5.396943
3.565975
2.794733
-0.599333
-2.675380
-0.512121
2.828938
2.757800
3.618679
0.721642
-1.839748
0.608499
2.044200
0.039086
-2.349793
-2.550541
-2.976226
-4.423378
-7.928420
1.532646
5.312129
3.828722
2.975298
-0.284510
-2.247539
-0.397391
3.127052
3.008747
3.585906
1.262884
-1.224480
0.499080
0.821303
-0.773219
-2.433968
-2.855165
-3.171762
-4.946689
-8.351059
1.641580
5.363583
3.656012
2.844173
-0.471883
-2.645998
-0.645221
2.894205
2.832064
3.665834
1.172075
-1.396127
0.885442
0.787694
-0.564199
-2.481827
-2.952497
-3.286936
-5.229458
-7.854169
2.116849
5.780857
3.376243
2.445482
-1.211899
-2.763717
-0.935259
2.826539
2.685056
3.760421
1.334072
-1.163746
1.225628
1.141762
-0.448390
-2.530394
-2.570027
-3.130653
-5.501625
-7.800065
2.147239
5.852312
3.526476
2.399430
-1.021695
-2.970781
-0.618644
3.404217
2.822840
3.783601
1.715024
-0.956924
0.781635
2.046793
0.312092
-2.468808
-2.371643
-3.066484
-4.100143
-7.664250
2.176462
5.678147
3.807992
2.860890
-0.329378
-2.730607
-0.802046
3.123640
2.707118
3.757048
2.897374
-0.511878
0.625301
0.876640
-0.479795
-2.253793
-2.688160
-2.975170
-4.401944
-7.743006
2.327269
5.780790
3.530842
2.334133
-0.771092
-3.470707
-1.292323
2.386871
1.790885
3.227321
3.600939
-0.431062
0.512667
0.853530
-0.313631
-2.731517
-3.080019
-2.948029
-5.080879
-8.129020
2.431239
6.027611
3.550131
2.408617
-0.639212
-3.400372
-1.221594
2.633142
2.008919
3.580119
4.002486
-0.383612
1.019259
0.819649
-0.308299
-2.417448
-5.660760
-2.823237
-3.681193
-6.548998
3.155304
6.485803
3.256296
1.823020
-1.719295
-4.077363
-1.635511
2.132755
1.624010
3.449025
4.019904
-0.299618
1.461571
0.610101
-0.312038
-2.818498
-6.408814
-2.670502
-3.121792
-6.268957
3.192159
6.642179
3.651082
1.785337
-1.360981
-4.062166
-1.314210
2.566456
1.629890
3.287504
3.145878
0.047420
1.181148
3.201534
1.391837
-1.447101
-2.368435
-2.406353
-4.966020
-7.900915
2.651184
6.094515
3.776315
2.572011
-0.549557
-3.575128
-1.350767
2.195595
1.740335
3.422537
3.955432
0.032714
0.246535
-0.179928
-0.701304
-2.930676
-6.726425
-2.583089
-3.422280
-6.457718
1.724004
5.451499
4.786071
3.891594
0.089023
-2.852580
-0.833481
2.352549
2.060441
3.238430
2.262994
0.632314
-0.928590
1.325570
0.351019
-1.402200
-3.048475
-3.226750
-3.967025
-5.307445
2.614989
5.966197
3.468027
1.900087
-1.508217
-4.784569
-2.029109
0.989877
1.081220
2.960106
2.460948
-0.047333
0.270990
-0.269899
-0.651832
-2.948941
-6.822829
-2.671829
-3.495555
-6.307203
2.519523
5.960967
4.619445
3.044525
-0.896005
-3.765857
-1.534291
2.024880
1.815093
3.264151
2.434890
0.720434
0.200253
0.900964
0.890891
-1.256216
-2.673357
-2.948140
-3.111829
-4.624723
3.229525
6.162163
3.847300
1.957683
-1.682305
-5.152306
-2.459934
1.017186
1.155666
2.916135
2.305467
0.782559
0.044030
0.474876
0.646325
-1.203551
-3.939476
-2.883979
-3.255740
-4.762038
2.706895
5.800249
3.688075
2.500545
-1.361567
-4.839905
-2.234805
1.253389
1.246528
2.842680
2.203976
0.660697
-0.507631
0.761708
0.293176
-1.781197
-5.118459
-3.013604
-4.362562
-5.799334
2.976572
6.264966
4.107967
2.314487
-1.157534
-4.628338
-2.244987
1.087232
1.409741
3.010305
2.439027
1.282033
0.394501
0.709222
1.046835
-0.780303
-4.905693
-2.646883
-2.763841
-4.290900
2.992091
5.785444
3.323795
2.642394
-1.345188
-5.046009
-2.337818
1.196926
1.340600
2.744415
2.178309
1.153947
-0.919380
1.701000
0.780724
-1.397601
-3.660024
-2.900461
-4.649970
-5.964873
3.032756
6.402449
4.120899
2.028792
-1.604440
-4.999363
-2.459257
0.581392
1.149292
2.727334
2.193295
2.947825
1.380870
1.615332
0.833406
-0.804211
-5.544024
-2.369590
-2.128730
-4.044399
2.617032
5.146150
2.701007
2.417953
-1.541195
-5.118134
-2.187816
1.324246
1.516910
2.684729
2.132276
2.447498
-0.847619
1.535284
0.648728
-1.605869
-5.360227
-2.386370
-3.001532
-4.819443
3.118426
5.961308
4.066280
2.509911
-1.252869
-4.675156
-2.161572
0.909780
1.128123
2.266511
1.572975
1.376753
-1.067281
1.078342
0.366236
-0.966175
-3.477411
-2.851050
-4.800088
-6.285087
1.572354
4.912701
3.387160
3.113901
-0.218851
-3.924197
-1.689204
1.104007
1.458279
2.459635
1.888475
2.842952
0.250493
1.266327
0.811022
-0.830972
-4.411333
-2.814264
-2.144466
-3.969948
3.437064
5.811303
2.735088
0.986834
-2.326497
-6.773768
-3.366085
-0.360070
0.115648
1.754312
1.669025
3.185301
0.202659
2.063985
1.926849
-0.045961
-3.523091
-2.063325
-3.581878
-5.202541
2.650177
6.590025
3.748738
1.791778
-1.487311
-5.747756
-2.859326
0.646923
0.716032
1.899841
1.298594
2.675079
-0.958744
1.915061
1.649640
-0.408916
-3.888763
-2.098286
-3.953409
-5.325782
1.188744
4.946827
3.964370
2.634414
-0.248574
-4.035617
-1.832005
0.881743
1.181133
2.008569
1.145612
2.631749
-0.694580
1.343855
0.847910
-0.922418
-3.846344
-2.623143
-4.078310
-5.610332
1.523574
5.325850
3.997251
2.112074
-0.513724
-4.893937
-2.542978
0.362537
0.532558
1.428083
0.879851
1.958672
-0.024409
1.707476
1.083328
-1.209956
-2.501487
-2.732722
-4.930130
-6.267591
1.754929
5.898085
3.600156
1.347527
-0.755982
-4.719257
-2.640965
0.664316
0.528171
1.842571
1.126936
2.651747
0.864710
2.941095
2.637715
0.731219
-1.585417
-2.474190
-5.226531
-6.871009
0.623548
4.948654
4.038219
2.051240
-0.101559
-4.406018
-2.551187
0.569616
0.727416
1.888243
1.043629
2.413156
0.295773
2.359568
1.944465
0.262008
-2.091851
-2.760075
-5.267346
-7.155262
0.864430
5.185955
4.421431
1.944269
-0.449098
-4.465565
-2.749163
0.430823
0.737912
1.850616
0.938713
2.379446
0.364675
2.733122
2.509047
0.456462
-1.900448
-2.703320
-4.958304
-6.707010
0.083430
4.265905
4.223817
2.114238
0.110212
-3.855902
-2.121870
0.561209
0.821145
1.886914
0.787061
1.886802
0.050930
2.124762
1.690016
-0.271741
-2.448230
-2.974374
-4.674677
-6.675843
0.760201
5.037877
3.870668
1.536177
-0.385442
-4.313468
-2.622853
0.670631
0.569511
1.787538
0.803664
2.083730
0.826708
2.826948
2.664758
0.435231
-1.857241
-2.559272
-4.510911
-6.163622
0.259705
5.494964
3.561905
1.431611
-0.163210
-4.009472
-2.269682
0.719323
0.628821
1.824841
0.682004
1.940970
0.808313
2.917144
2.666430
0.480653
-1.765754
-2.576709
-4.775451
-6.544165
0.256180
4.515088
3.943302
1.548727
-0.422351
-4.250893
-2.469426
0.637257
0.602529
1.803392
0.726060
1.881218
0.923062
2.875737
2.594707
0.447139
-1.826984
-2.550306
-4.413318
-6.238983
0.719913
4.802336
3.997076
1.520474
-0.684127
