-6.580647
-5.113013
0.596616
-1.446451
-1.042705
-1.189219
-1.522061
-1.717269
-1.859507
-1.938475
-2.051172
-1.705727
-1.255490
-0.635450
-0.248627
0.295992
1.298089
2.582546
3.283020
5.704062
8.035783
10.478094
12.336660
13.957190
15.165956
15.659608
-15.935895
-15.727419
-15.703942
-11.188457
-12.778199
-2.721644
-6.928966
-6.350611
-3.919552
8.255458
10.574869
9.905963
7.855887
-7.723357
-1.986948
0.345582
3.412954
5.370804
6.722845
8.087895
9.752532
-12.487303
-8.107233
-7.894107
-10.457565
-6.482595
0.827915
1.549885
2.940071
4.381149
5.479240
6.945801
6.038330
-5.967342
-4.459297
-1.064577
2.056426
3.089983
4.671687
6.052205
7.505493
-13.967914
-5.975316
-7.101876
-9.738676
-4.588788
3.488177
6.287353
3.709994
4.130497
9.374939
6.370116
5.463627
-6.580874
-4.289495
-1.152864
1.815710
3.125980
4.784973
6.208336
7.769033
-14.806028
-6.768393
-8.337533
-10.708918
-5.985325
2.672933
5.786071
3.442266
4.210069
8.470424
6.567584
5.653750
-6.873576
-4.547417
-1.259483
1.758176
3.340551
4.916321
6.343540
7.882868
-14.253756
-6.130479
-8.020649
-10.450207
-6.386438
2.432885
5.385507
3.126766
3.813899
7.885596
6.371253
5.468384
-7.273027
-3.955912
-0.476039
2.624885
3.895808
5.447271
6.901553
8.564473
-14.772111
-6.900647
-7.670863
-10.394587
-5.695647
2.370749
5.374341
3.574911
4.154822
8.230017
7.021340
6.055600
-9.299283
-4.533772
-1.389568
1.753533
3.229490
4.768785
6.255420
7.795139
-14.544729
-7.271591
-8.384150
-10.874477
-5.965342
2.741924
5.406785
2.817441
3.742640
9.040459
6.366187
5.298694
-9.523746
-3.999695
-0.528115
2.473352
3.858097
5.459488
7.022921
8.650752
-14.308782
-7.070811
-8.394506
-10.326227
-6.419213
2.778524
5.134130
2.936451
3.775957
8.231777
6.162718
4.576458
-6.278836
-5.082754
-0.842609
2.399355
3.890836
5.445415
6.909482
8.483415
-15.029657
-8.184012
-8.287495
-10.179890
-5.020578
2.250319
5.195096
4.049324
3.987274
8.506515
7.438373
5.579093
-9.598877
-5.835034
-2.803504
0.792713
3.075658
4.477219
6.058638
7.587926
-14.482144
-8.402364
-10.012952
-11.569441
-7.165111
2.390741
4.827944
3.418467
4.218307
9.203537
6.294893
4.481997
-8.966728
-5.077442
-0.695321
2.545469
4.004664
5.591889
7.080631
8.783180
-14.714245
-8.652390
-8.707361
-10.110745
-5.040771
2.485377
4.210986
3.960345
3.829973
8.242230
6.981373
5.269111
-9.044669
-5.476126
-1.876776
1.597562
3.489597
4.962799
6.502467
8.203274
-14.649828
-8.193194
-9.614724
-11.430305
-6.563949
2.084685
4.490951
3.338246
3.861883
9.211926
6.659275
4.535740
-10.056033
-5.188462
-0.783257
2.541321
4.557800
5.941082
7.502969
9.215853
-14.854745
-9.071125
-9.649276
-11.266506
-6.277693
2.034788
4.163304
3.860218
4.127992
8.872289
6.736923
4.978801
-7.295169
-5.836167
-1.817308
1.663413
3.852952
5.368626
6.905874
8.648306
-14.540676
-7.987909
-9.516536
-11.621317
-7.377796
1.567645
5.003976
4.104743
4.353526
9.542577
6.447712
4.604807
-9.355577
-5.562132
-1.306373
2.229307
4.511425
5.850246
7.373526
9.142014
-14.581330
-7.968782
-9.088860
-11.928695
-7.925643
0.628416
4.515776
4.059527
4.334515
9.985678
6.411101
4.377457
-9.164046
-5.469214
-0.992599
2.518209
4.697526
6.024699
7.585569
9.438190
-15.119477
-8.479856
-8.858952
-11.719400
-8.057506
0.303992
4.990839
4.559923
4.816774
10.860401
6.467732
4.289267
-8.679050
-5.607609
-1.240096
2.300960
4.627977
5.930213
7.459858
9.244187
-15.391601
-8.359731
-8.647954
-12.008138
-8.476501
-0.804641
4.369697
4.356596
4.737856
11.090703
6.763403
3.746056
-8.329975
-5.674353
-1.094554
2.297844
4.906444
6.439420
8.019933
9.897406
-15.328576
-8.341607
-8.579415
-13.173096
-9.864939
-0.940187
5.127611
5.174057
5.311646
11.048533
6.567101
4.025633
-7.927858
-5.564614
-1.017485
2.310505
4.916902
6.376646
7.933030
9.860365
-15.699903
-8.108589
-8.033996
-12.926513
-10.505746
-1.859994
4.841340
5.987592
6.073076
11.633896
6.742352
3.727998
-9.273762
-5.295912
-0.737890
2.524686
5.305423
6.482893
7.987359
9.911339
-15.536749
-8.141351
-7.654738
-14.130828
-11.464025
-3.194536
3.980110
6.400997
6.205254
10.950356
6.629701
3.332152
-7.749977
-5.012059
-0.290009
2.656980
5.448282
6.934443
8.544231
10.495021
-15.701236
-8.423526
-7.565117
-13.875094
-11.505919
-3.017607
4.137011
6.493717
6.715084
11.369030
7.068515
3.781627
-9.095919
-5.105197
-0.538508
2.670126
5.463325
6.626073
8.126646
10.093839
-15.702247
-9.037099
-7.861669
-14.176885
-11.141523
-4.650428
2.737292
7.266087
6.992349
10.665274
7.240831
2.998669
-9.219316
-4.622796
0.273876
3.267236
6.193934
7.258988
8.843388
10.811815
-15.700420
-9.507824
-7.551383
-14.542913
-11.111757
-4.559483
3.508572
7.726606
7.814575
10.876463
7.108788
3.631240
-9.599121
-4.463205
-0.018022
3.022687
6.051713
7.271932
8.867933
10.938491
-15.697607
-8.149099
-7.692352
-15.674392
-11.875611
-6.252207
2.403890
8.240805
7.877975
10.849751
7.170899
3.008816
-8.081904
-4.919859
-1.018528
1.796728
5.044112
6.523118
8.119019
10.030298
-15.695320
-10.173925
-7.710459
-14.883712
-11.019169
-6.464593
2.980415
9.291127
8.814830
8.700510
6.424442
2.356315
-7.887611
-3.680209
1.069834
3.618123
6.597127
8.150619
9.743308
11.794788
-15.696616
-8.145204
-6.054791
-13.747470
-11.386752
-3.929225
3.503852
6.726320
7.503867
11.038074
7.825735
4.429407
-9.504333
-4.782691
-0.180338
3.070915
6.247444
7.556923
9.214317
11.390162
-15.703246
-9.254055
-8.499842
-15.702614
-12.340384
-7.013759
0.264701
7.165262
7.723709
10.324726
7.832973
3.163862
-10.667417
-5.003359
-0.121528
3.080765
6.383019
7.607082
9.365291
11.384762
-15.696113
-9.796041
-8.466093
-15.697433
-11.662214
-6.140832
2.474786
8.482518
8.240034
9.908388
7.355780
3.045801
-9.420682
-4.583623
0.685025
3.700682
6.879392
8.156167
9.834563
11.979439
-15.698550
-9.096218
-6.856113
-14.673888
-12.027283
-5.980206
2.028399
7.956799
8.403175
11.002483
7.765118
3.547332
-8.508996
-5.394814
-0.640026
2.595822
5.768424
7.384920
9.070048
11.060776
-15.536454
-9.324015
-7.055082
-15.701823
-12.478010
-7.769223
-0.644606
8.483281
9.536021
9.368567
7.380487
2.479393
-10.475980
-4.797462
0.573888
3.610071
6.924132
8.109516
9.882647
11.959963
-15.594629
-9.590254
-6.807686
-15.040918
-12.051082
-6.927598
1.618981
8.957877
9.213973
9.851601
7.771392
3.088146
-8.807076
-4.784407
0.286017
3.331447
6.579587
8.298621
10.124188
12.235060
-15.698416
-8.868109
-6.728176
-15.699301
-12.806768
-7.380960
-0.550438
6.906213
8.564379
10.066396
8.319080
3.154102
-9.266502
-5.459749
-0.056893
3.050683
6.255072
7.894058
9.563632
11.606385
-15.698490
-9.874554
-6.985380
-15.701061
-12.531035
-7.605906
-0.618418
8.572796
9.903892
9.445729
7.789876
2.585811
-10.237693
-4.757884
0.677203
3.853915
7.204341
8.587406
10.476171
12.481166
-15.468005
-9.396129
-6.827050
-15.408551
-12.577225
-6.958410
0.820626
7.925644
8.860680
10.088117
8.124969
3.479238
-10.282228
-4.655731
0.600980
3.793739
7.227650
8.610491
10.561794
12.634078
-14.879314
-9.103743
-7.396897
-15.707831
-13.551984
-8.518655
-2.283623
6.418868
9.149929
9.884167
8.173248
3.302064
-11.018256
-4.857397
0.507799
3.922329
7.557805
9.019596
10.908625
12.901002
-15.686461
-9.876869
-7.687768
-15.702600
-13.008571
-7.694648
-0.480193
6.780139
9.199215
10.301248
8.376293
3.795788
-8.739599
-5.371032
-0.281971
3.166097
6.774580
8.595573
10.547332
12.636422
-15.029834
-8.963337
-7.962865
-15.708233
-13.527067
-8.467547
-2.771216
5.530769
9.010823
9.742252
8.711761
3.249909
-9.158268
-5.368477
-0.321647
3.235030
6.946708
8.703700
10.463717
12.388765
-15.018136
-9.935385
-7.881104
-15.703351
-12.842310
-7.693688
-0.784876
7.405200
9.293683
9.676638
8.545641
3.188832
-8.861617
-5.200968
0.182636
3.567665
7.340758
9.207841
11.117531
13.136059
-14.912505
-9.038997
-7.502250
-15.702258
-13.252738
-7.736966
-0.685936
6.054712
8.879253
10.367135
8.369007
3.926269
-8.883401
-5.361413
-0.760212
2.705883
6.851110
8.857100
10.856587
12.903285
-14.262432
-8.531328
-8.142330
-15.709070
-14.099765
-8.881657
-3.279127
5.155708
8.458622
9.289329
8.331726
2.911856
-9.686984
-5.515912
-0.820011
2.907610
7.245278
9.231963
10.966671
12.850248
-15.658233
-10.477696
-8.740014
-14.573408
-12.345935
-6.427112
1.378872
7.883975
8.280188
10.185323
8.635292
2.927852
-10.573032
-4.894893
-0.022964
3.345903
7.468428
9.194313
11.212724
13.137201
-15.633147
-10.074001
-7.985671
-14.347248
-13.238772
-7.222118
-0.726744
6.600588
7.868209
9.364505
8.745339
2.709298
-11.239247
-5.451472
-0.386746
2.979332
7.486624
9.472045
11.368934
13.147465
-15.288419
-10.715011
-9.171821
-14.077038
-12.851264
-6.048275
0.560175
6.780241
7.675007
9.982791
8.718085
2.786921
-9.191637
-5.701647
-0.753678
2.886494
7.217168
9.180114
11.219362
13.105087
-15.515673
-10.052368
-8.234198
-13.253715
-13.043972
-5.578393
0.525719
6.270152
7.250366
10.120502
8.536268
2.812169
-10.616841
-6.081156
-0.959455
2.819549
6.985008
9.077942
11.191883
13.118684
-14.847043
-9.679458
-7.090386
-13.104248
-13.704608
-6.499227
-1.127686
5.190058
6.414474
9.364265
8.689115
2.522542
-10.943187
-6.097983
-0.917233
2.936996
7.481329
9.617712
11.560561
13.333062
-15.701645
-11.124772
-8.854539
-12.195591
-12.653488
-3.816495
1.068183
5.567818
7.001518
10.001060
9.581544
2.932627
-11.158589
-5.831095
-0.537407
2.857337
6.860560
9.064054
11.192808
13.093608
-15.273030
-10.256807
-8.774483
-12.539975
-13.124850
-5.236927
-1.323861
4.246200
6.853438
8.849973
9.730532
2.500738
-10.672814
-6.478052
-0.948157
3.101425
7.608906
9.611048
11.689875
13.412782
-15.359553
-11.209026
-9.636128
-12.165549
-12.385914
-2.051605
0.342232
3.757748
5.017450
9.013123
9.557458
3.149904
-11.075578
-5.933816
-0.501356
3.591127
7.826531
9.897835
11.964115
13.731049
-14.904869
-10.167532
-9.031823
-11.553992
-11.677948
-3.407972
-0.642815
2.283576
3.970556
9.739593
10.480429
3.111575
-11.060675
-6.169920
0.016518
3.919465
7.908740
10.302833
12.358761
14.088877
-14.254765
-12.630873
-8.078549
-11.377022
-11.820894
-6.335881
-3.165035
1.224854
3.132115
10.045696
9.900794
3.272954
-12.249951
-8.025258
-1.684938
2.104227
6.972474
9.351135
11.416907
13.222239
-12.217041
-10.908607
-10.537444
-12.521967
-14.026296
-5.937762
-2.377167
3.345315
5.968426
8.730680
10.362837
2.678501
-9.771507
-7.260962
-1.300586
2.850286
7.668259
9.765988
11.646182
13.199862
-14.183120
-12.298549
-10.136593
-11.463422
-12.841520
-5.173887
-1.942422
3.674703
6.427064
7.904543
10.812056
2.792807
-9.637140
-7.044886
-1.169019
2.833575
7.593822
10.083052
11.886325
13.353166
-13.094996
-11.980118
-10.776536
-12.169355
-13.683249
-5.034258
-1.899110
3.536130
6.553561
8.301458
11.122661
2.620637
-11.271219
-7.099660
-1.049191
2.548234
7.518466
9.858440
11.699954
13.152510
-13.429005
-11.982346
-10.146372
-11.850838
-13.829539
-5.687962
-1.860980
4.511870
6.889250
8.486361
10.472586
2.395027
-11.477233
-7.318261
-1.130613
2.512917
7.213265
9.730650
11.604374
13.004659
-12.198302
-11.409406
-8.716737
-11.062569
-13.862206
-7.410690
-2.717086
4.391654
7.216489
8.044274
8.966236
2.569321
-9.976695
-7.934917
-1.983228
2.195891
7.272030
9.916519
11.841344
13.217842
-12.909854
-11.820643
-9.566021
-10.864910
-12.409694
-5.317711
-1.310021
5.407749
7.527010
7.797363
10.734460
2.785142
-10.589523
-7.202024
-1.202771
2.607782
7.451194
10.029064
11.885804
13.345154
-12.278306
-11.463117
-9.834301
-12.512206
-13.794790
-5.803462
-2.585730
2.649458
7.259858
8.155280
10.470469
2.981094
-11.229279
-7.728547
-1.808887
2.383407
7.699697
10.209980
12.117099
13.577337
-10.680957
-11.781452
-8.190718
-12.313011
-14.232260
-6.877647
-2.768918
4.395777
8.067678
8.999701
11.180823
2.815253
-11.037973
-7.526631
-1.509995
2.532369
7.590517
10.099985
11.985952
13.517228
-11.068454
-11.975606
-7.475585
-12.543274
-14.985620
-8.211917
-3.978187
3.594160
7.934778
8.980599
10.369006
2.671321
-9.857890
-8.133746
-1.989681
1.852268
7.119928
9.889046
11.919459
13.453194
-10.675785
-11.539661
-5.902869
-11.479008
-15.259236
-8.668971
-4.330402
2.583297
7.429515
8.070663
9.715860
3.222061
-9.578633
-8.032492
-2.243827
1.922342
7.370534
10.612114
12.564974
14.085593
-11.581807
-12.537857
-6.630831
-10.826612
-14.448077
-6.466297
-2.240099
3.737161
7.734277
9.670631
11.650400
3.477491
-9.521153
-7.050191
-1.043464
2.765457
7.872084
10.548771
12.502419
14.105171
-8.017514
-11.261932
-7.593620
-14.051894
-15.703742
-9.149596
-5.845911
-0.850496
6.414960
8.457105
10.976795
3.564171
-10.118398
-7.858478
-2.090402
2.047345
8.030293
11.107801
13.256960
14.758584
-6.441354
-11.028916
-8.658198
-12.932088
-14.317843
-5.704751
-4.340539
0.673479
5.214423
11.021161
11.174208
4.328086
-8.619949
-7.240755
-1.140269
2.596420
7.974801
10.721281
12.774779
14.272385
-7.131969
-11.400324
-7.449467
-14.531565
-15.704503
-10.268700
-6.327400
0.339984
7.329687
9.153015
10.784654
3.209785
-11.470666
-8.116070
-2.220705
1.887251
7.765493
11.018050
13.289840
14.856470
-7.620566
-11.111769
-6.830605
-12.380698
-15.260556
-6.064349
-4.563793
-0.082306
3.734162
10.186245
12.081557
4.032498
-9.316573
-7.565777
-1.572057
2.297809
8.071770
11.197949
13.362929
14.911329
-6.295073
-11.206468
-7.366325
-13.775215
-15.703609
-7.471365
-5.467069
-0.468051
4.430420
10.257814
10.777160
4.130722
-10.774772
-7.539960
-1.665288
2.391486
8.442814
11.537685
13.680847
15.199661
-5.711179
-11.664546
-7.887859
-13.747707
-15.702457
-7.779117
-6.116317
-1.012973
4.388735
11.318133
12.731883
3.790372
-10.664349
-8.167043
-1.933730
1.909789
7.861422
10.956985
13.237029
14.853895
-4.671224
-10.089102
-6.691713
-14.285863
-15.705278
-8.291109
-6.236405
-0.987354
4.964597
10.259877
11.047374
4.331449
-10.312133
-7.861036
-1.882536
2.105977
8.582828
11.999960
14.255260
15.701068
-4.756959
-11.560005
-8.070210
-13.112858
-14.223451
-7.004144
-5.896447
-1.001768
3.347107
11.981443
12.189772
4.924864
-10.674730
-7.703093
-1.454048
2.437530
8.340962
11.334144
13.551667
15.082574
-2.301608
-10.246202
-8.791030
-15.702161
-15.708570
-9.065419
-7.341733
-1.715185
3.561331
10.309603
11.386020
4.458026
-11.164646
-8.382424
-2.222797
2.323158
9.055500
12.682381
14.995061
15.701262
-3.487504
-12.338060
-8.650259
-12.681310
-13.265207
-6.230835
-6.438607
-2.262322
2.589659
11.183139
13.032441
5.984312
4.668086
-6.692789
-0.832088
2.650634
8.842368
12.315343
14.416745
15.700736
-2.964863
-12.245127
-10.329747
-15.267918
-15.705932
-7.919549
-8.042029
-3.120889
1.341256
9.900391
14.240028
4.919456
-11.577978
-7.785677
-1.787827
2.411237
8.837255
12.244814
14.530232
15.701391
-0.299197
-10.770499
-8.670876
-15.699340
-15.709439
-7.828138
-7.673268
-2.057123
3.166363
11.111116
13.306318
4.305165
-9.625187
-8.674692
-2.789891
1.119153
7.930120
11.678070
14.098342
15.694607
-15.739313
-12.505587
-10.729047
-13.751828
-15.705666
-10.397521
-7.184773
-1.475883
6.619194
13.111850
11.739174
0.053150
2.584869
-9.434527
-3.277557
0.899427
8.144445
12.214653
14.708497
15.701504
-15.716826
-10.870265
-7.665816
-10.357896
-14.951450
-9.783012
-7.054916
-3.090144
1.728612
11.350377
14.552029
5.112278
3.516004
-8.553101
-2.563931
1.639324
8.615541
12.272758
14.766769
15.701891
-15.738029
-11.766466
-10.576802
-14.015235
-15.708839
-10.093794
-8.075109
-3.697971
1.182240
10.358200
14.236434
4.781651
3.202286
-11.012262
-2.827764
1.154058
8.474525
12.251786
14.744891
15.701386
-15.757784
-13.533077
-9.684426
-13.524584
-14.572585
-8.273845
-7.188787
-2.750196
1.042010
10.634818
14.265882
-4.243147
3.419730
-10.126240
-3.281121
1.038484
8.164804
12.247995
14.672969
15.701361
-15.773273
-13.603729
-9.620621
-12.410386
-12.702465
-5.666356
-6.218094
-2.947642
0.252452
8.187675
15.079596
4.714862
3.384753
-10.386589
-3.609233
0.820692
7.936854
11.874403
14.458294
15.701818
-15.765624
-13.496618
-9.683958
-12.503803
-12.469622
-5.622190
-6.427268
-3.308176
-0.336731
7.472243
15.453138
4.963412
3.476987
-10.521222
-3.454484
1.057456
7.835461
11.926871
14.577315
15.702035
-15.758482
-12.515363
-8.602068
-11.799752
-12.301331
-6.829525
-6.864377
-3.513037
-0.616004
7.290154
15.305882
-5.407587
3.941911
-10.831995
-3.271166
1.358310
8.386414
12.492245
15.001201
15.701890
-15.785368
-15.671226
-10.476048
-12.375905
-12.223996
-6.558418
-6.813965
-3.874824
-0.992119
7.144319
15.428396
5.383702
3.807516
-10.948181
-3.760342
0.818885
7.675132
12.086177
14.681016
15.701414
-15.784269
-14.297574
-9.920858
-12.173581
-10.183824
-6.636047
-6.960995
-3.721449
-0.471207
8.270882
14.323236
4.755008
4.007330
-11.220662
-3.821661
0.889265
8.252738
12.545990
15.057834
15.701617
-15.781143
-14.617460
-9.651246
-11.022260
-10.653598
-7.144202
-6.767334
-3.643125
-0.984213
7.016048
15.609367
5.449230
4.493547
-11.015594
-3.690748
1.118587
8.172978
12.499792
15.059572
15.701705
-15.787271
-14.340214
-10.102584
-11.714578
-11.306725
-7.067598
-6.966671
-3.804771
-1.116248
6.795659
15.605841
5.315155
3.950657
-11.125578
-3.861472
