-0.000020
-0.000038
-0.000055
-0.000072
-0.000088
-0.000104
-0.000121
-0.000137
-0.000152
-0.000165
-0.000177
-0.000187
-0.000193
-0.000199
-0.000203
-0.000206
-0.000203
-0.000186
-0.000167
-0.000058
0.000086
0.000199
0.000326
0.000441
0.000527
0.000605
0.000713
0.000750
0.000730
0.000848
0.001234
0.001744
0.002290
0.002768
0.003116
0.003419
0.003734
0.004105
0.004391
0.004700
0.005470
0.007251
0.009760
0.011952
0.013931
0.015810
0.017683
0.019467
0.020812
0.021897
0.022898
0.024068
0.025255
0.026315
0.027306
0.028391
0.029753
0.031252
0.032734
0.034170
0.035973
0.038722
0.042089
0.045164
0.048082
0.050919
0.053749
0.056174
0.057665
0.058989
0.060476
0.062088
0.063632
0.065042
0.066374
0.067723
0.069250
0.070847
0.072418
0.073900
0.075715
0.078405
0.081697
0.084696
0.087520
0.090259
0.092994
0.095190
0.096438
0.097495
0.098679
0.099994
0.101264
0.102423
0.103525
0.104683
0.106045
0.107497
0.108916
0.110264
0.111955
0.114563
0.117826
0.120847
0.123719
0.126508
0.129306
0.131607
0.133020
0.134218
0.135487
0.136884
0.138232
0.139435
0.140536
0.141654
0.142965
0.144346
0.145687
0.146959
0.148581
0.150969
0.153945
0.156625
0.159144
0.161584
0.164037
0.166040
0.167146
0.168070
0.169109
0.170283
0.171409
0.172406
0.173331
0.174304
0.175480
0.176730
0.177940
0.179084
0.180551
0.182855
0.185701
0.188177
0.190461
0.192668
0.194877
0.196722
0.197696
0.198507
0.199450
0.200517
0.201550
0.202465
0.203309
0.204193
0.205270
0.206423
0.207547
0.208610
0.210079
0.212566
0.215727
0.218606
0.221324
0.223943
0.226574
0.228808
0.230139
0.231248
0.232427
0.233739
0.235028
0.236183
0.237247
0.238366
0.239677
0.241058
0.242417
0.243692
0.245160
0.247272
0.250155
0.252849
0.255378
0.257822
0.260285
0.262405
0.263585
0.264506
0.265583
0.266812
0.267996
0.269037
0.269978
0.270937
0.272048
0.273249
0.274426
0.275536
0.276804
0.278747
0.281459
0.283950
0.286262
0.288501
0.290742
0.292648
0.293666
0.294407
0.295317
0.296379
0.297413
0.298308
0.299126
0.300010
0.301120
0.302292
0.303455
0.304558
0.305895
0.307984
0.310896
0.313693
0.316354
0.318915
0.321502
0.323808
0.325173
0.326277
0.327494
0.328847
0.330177
0.331378
0.332513
0.333706
0.335058
0.336505
0.337937
0.339291
0.340807
0.342955
0.345868
0.348596
0.351168
0.353671
0.356177
0.358355
0.359568
0.360545
0.361654
0.362876
0.364066
0.365132
0.366141
0.367224
0.368511
0.369868
0.371214
0.372502
0.374004
0.376199
0.379203
0.382104
0.384873
0.387550
0.390253
0.392661
0.394109
0.395319
0.396625
0.398044
0.399456
0.400771
0.402068
0.403480
0.405093
0.406821
0.408533
0.410170
0.411976
0.414385
0.417580
0.420712
0.423734
0.426686
0.429651
0.432265
0.433857
0.435210
0.436660
0.438214
0.439747
0.441186
0.442613
0.444164
0.445977
0.447871
0.449755
0.451560
0.453550
0.456114
0.459478
0.462868
0.466174
0.469405
0.472659
0.475551
0.477425
0.479048
0.480714
0.482464
0.484192
0.485828
0.487458
0.489210
0.491251
0.493404
0.495553
0.497609
0.499844
0.502611
0.506142
0.509698
0.513169
0.516571
0.519984
0.523017
0.524983
0.526736
0.528562
0.530454
0.532311
0.534098
0.535930
0.537917
0.540222
0.542649
0.545075
0.547394
0.549876
0.552855
0.556586
0.560413
0.564182
0.567886
0.571596
0.574905
0.577102
0.579088
0.581115
0.583177
0.585178
0.587120
0.589140
0.591327
0.593820
0.596437
0.599051
0.601563
0.604243
0.607435
0.611418
0.615540
0.619620
0.623641
0.627668
0.631312
0.633843
0.636140
0.638419
0.640725
0.642954
0.645132
0.647398
0.649851
0.652637
0.655552
0.658455
0.661247
0.664190
0.667571
0.671696
0.675967
0.680205
0.684402
0.688597
0.692277
0.694819
0.697166
0.699545
0.701943
0.704234
0.706437
0.708750
0.711294
0.714143
0.717080
0.719996
0.722802
0.725770
0.729112
0.733185
0.737503
0.741847
0.746139
0.750449
0.754364
0.757166
0.759766
0.762347
0.764921
0.767407
0.769823
0.772346
0.775079
0.778114
0.781245
0.784346
0.787346
0.790521
0.793944
0.798171
0.802613
0.807063
0.811479
0.815901
0.819828
0.822620
0.825237
0.827850
0.830450
0.832940
0.835362
0.837913
0.840681
0.843758
0.846883
0.849961
0.852940
0.856104
0.859577
0.863736
0.868153
0.872614
0.877032
0.881460
0.885489
0.888371
0.891076
0.893778
0.896435
0.898987
0.901482
0.904069
0.906864
0.909938
0.913047
0.916106
0.919092
0.922300
0.925627
0.929747
0.934132
0.938564
0.942961
0.947378
0.951537
0.954667
0.957616
0.960522
0.963371
0.966127
0.968839
0.971664
0.974704
0.978050
0.981460
0.984810
0.988076
0.991554
0.995407
1.000023
1.004895
1.009803
1.014696
1.019585
1.023905
1.027014
1.029926
1.032815
1.035655
1.038373
1.041041
1.043791
1.046784
1.050017
1.053243
1.056404
1.059452
1.062722
1.066468
1.070909
1.075660
1.080474
1.085230
1.089982
1.094500
1.098013
1.101268
1.104514
1.107719
1.110840
1.113864
1.116908
1.120118
1.123571
1.127123
1.130597
1.134028
1.137635
1.141234
1.145658
1.150291
1.154948
1.159585
1.164235
1.168488
1.171628
1.174613
1.177525
1.180382
1.183143
1.185870
1.188751
1.191873
1.195258
1.198671
1.202011
1.205259
1.208679
1.212343
1.216620
1.221052
1.225488
1.229906
1.234340
1.238338
1.241206
1.243900
1.246561
1.249171
1.251688
1.254171
1.256746
1.259531
1.262593
1.265640
1.268611
1.271528
1.274693
1.278154
1.282342
1.286732
1.291143
1.295522
1.299924
1.304072
1.307178
1.310064
1.312897
1.315668
1.318347
1.320969
1.323696
1.326634
1.329870
1.333163
1.336386
1.339537
1.342938
1.346423
1.350670
1.355113
1.359573
1.364019
1.368490
1.372590
1.375581
1.378415
1.381212
1.383954
1.386590
1.389183
1.391875
1.394822
1.398021
1.401192
1.404282
1.407284
1.410517
1.414019
1.418167
1.422595
1.427112
1.431603
1.436109
1.440388
1.443631
1.446698
1.449716
1.452673
1.455563
1.458411
1.461306
1.464406
1.467763
1.471135
1.474422
1.477640
1.481164
1.484859
1.489253
1.493834
1.498437
1.503016
1.507615
1.511929
1.515185
1.518263
1.521291
1.524250
1.527115
1.529918
1.532794
1.535887
1.539260
1.542635
1.545915
1.549121
1.552598
1.556286
1.560681
1.565276
1.569894
1.574496
1.579114
1.583364
1.586477
1.589418
1.592297
1.595107
1.597829
1.600535
1.603315
1.606320
1.609538
1.612685
1.615721
1.618700
1.621968
1.625417
1.629513
1.633829
1.638193
1.642528
1.646876
1.651001
1.654112
1.657050
1.659932
1.662753
1.665504
1.668196
1.670943
1.673894
1.677130
1.680384
1.683549
1.686647
1.690054
1.693616
1.697910
1.702371
1.706845
1.711297
1.715774
1.720020
1.723223
1.726241
1.729178
1.732045
1.734834
1.737580
1.740420
1.743480
1.746794
1.750091
1.753282
1.756405
1.759790
1.763391
1.767665
1.772111
1.776595
1.781078
1.785582
1.789888
1.793163
1.796250
1.799227
1.802140
1.805007
1.807853
1.810772
1.813888
1.817230
1.820559
1.823784
1.826943
1.830410
1.834155
1.838502
1.842892
1.847275
1.851653
1.856062
1.860267
1.863436
1.866432
1.869324
1.872144
1.874904
1.877646
1.880514
1.883620
1.886949
1.890279
1.893501
1.896649
1.900054
1.903779
1.908144
1.912637
1.917136
1.921639
1.926173
1.930438
1.933624
1.936606
1.939458
1.942252
1.944986
1.947688
1.950448
1.953394
1.956581
1.959714
1.962738
1.965721
1.969042
1.972791
1.977185
1.981633
1.986077
1.990514
1.994982
1.999281
2.002616
2.005716
2.008682
2.011576
2.014417
2.017223
2.020125
2.023235
2.026559
2.029893
2.033135
2.036314
2.039790
2.043653
2.048137
2.052662
2.057173
2.061686
2.066235
2.070544
2.073803
2.076864
2.079782
2.082641
2.085449
2.088237
2.091133
2.094252
2.097603
2.100997
2.104308
2.107542
2.111011
2.115097
2.119868
2.124625
2.129324
2.134028
2.138760
2.143206
2.146571
2.149696
2.152649
2.155567
2.158458
2.161279
2.164102
2.167043
2.170238
2.173489
2.176674
2.179792
2.183240
2.187400
2.192226
2.196823
2.201278
2.205721
2.210189
2.214408
2.217556
2.220413
2.223135
2.225816
2.228430
2.230996
2.233602
2.236397
2.239459
2.242548
2.245580
2.248505
2.251653
2.255456
2.259959
2.264380
2.268680
2.272952
2.277254
2.281291
2.284269
2.286988
2.289576
2.292135
2.294644
2.297113
2.299605
2.302264
2.305183
2.308084
2.310919
2.313705
2.316739
2.320523
2.325025
2.329319
2.333447
2.337536
2.341667
2.345572
2.348450
2.351046
2.353479
2.355893
2.358267
2.360583
2.362892
2.365381
2.368138
2.370911
2.373636
2.376284
2.379158
2.382830
2.387228
2.391481
2.395587
2.399658
2.403763
2.407652
2.410527
2.413125
2.415573
2.418017
2.420429
2.422762
2.425066
2.427530
2.430268
2.433009
2.435694
2.438289
2.441098
2.444679
2.449019
2.453290
2.457434
2.461531
2.465652
2.469565
2.472473
2.475142
2.477649
2.480155
2.482653
2.485083
2.487427
2.489859
2.492544
2.495247
2.497902
2.500495
2.503336
2.507018
2.511391
2.515462
2.519327
2.523141
2.526989
2.530612
2.533229
2.535565
2.537752
2.539938
2.542093
2.544152
2.546168
2.548361
2.550804
2.553252
2.555629
2.557934
2.560453
2.563801
2.567878
2.571806
2.575563
2.579258
2.582988
2.586517
2.589053
2.591324
2.593440
2.595574
2.597695
2.599746
2.601747
2.603881
2.606250
2.608624
2.610927
2.613201
2.615732
2.619205
2.623422
2.627372
2.631114
2.634797
2.638519
2.642095
2.644791
2.647178
2.649389
2.651616
2.653847
2.655978
2.658008
2.660161
2.662555
2.665004
2.667396
2.669733
2.672279
2.675708
2.679878
2.683855
2.687680
2.691458
2.695256
2.698786
2.701267
2.703499
2.705610
2.707736
2.709865
2.711899
2.713883
2.716023
2.718430
2.720816
2.723113
2.725356
2.727830
2.730880
2.734637
2.738294
2.741824
2.745294
2.748775
2.752117
2.754536
2.756627
2.758744
2.760904
2.763078
2.765225
2.767362
2.769645
2.772171
2.774734
2.777227
2.779639
2.782182
2.785524
2.789829
2.794114
2.798242
2.802323
2.806427
2.810307
2.813057
2.815388
2.817774
2.820198
2.822590
2.824918
2.827191
2.829612
2.832298
2.834966
2.837563
2.840077
2.842752
2.846163
2.850443
2.854654
2.858703
2.862692
2.866704
2.870481
2.873118
2.875339
2.877618
2.879887
2.882124
2.884310
2.886482
2.888828
2.891431
2.894022
2.896506
2.898933
2.901538
2.904938
2.909255
2.913444
2.917428
2.921353
2.925310
2.929077
2.931806
2.934124
2.936493
2.938860
2.941201
2.943491
2.945741
2.948165
2.950841
2.953520
2.956127
2.958672
2.961388
2.964904
2.969326
2.973667
2.977833
2.981940
2.986074
2.989995
2.992821
2.995215
2.997661
3.000103
3.002506
3.004849
3.007135
3.009581
3.012300
3.015017
3.017680
3.020275
3.023042
3.026576
3.030989
3.035378
3.039612
3.043784
3.047965
3.051967
3.054944
3.057495
3.060093
3.062692
3.065263
3.067793
3.070254
3.072860
3.075718
3.078573
3.081369
3.084112
3.087065
3.090852
3.095580
3.100107
3.104356
3.108529
3.112731
3.116769
3.119776
3.122312
3.124893
3.127426
3.129923
3.132369
3.134793
3.137391
3.140254
3.143134
3.145945
3.148700
3.151665
3.155468
3.160211
3.164891
3.169404
3.173878
3.178394
3.182777
3.186181
3.189108
3.192090
3.195040
3.197957
3.200862
3.203744
3.206776
3.210018
3.213284
3.216466
3.219596
3.222935
3.227036
3.231972
3.236630
3.240986
3.245311
3.249677
3.253978
3.257533
3.260618
3.263770
3.266870
3.269932
3.272956
3.275957
3.279132
3.282551
3.285983
3.289344
3.292641
3.296125
3.300332
3.305337
3.310189
3.314840
3.319473
3.324136
3.328728
3.332507
3.335791
3.339148
3.342456
3.345721
3.348961
3.352180
3.355527
3.359118
3.362748
3.366320
3.369813
3.373515
3.377965
3.383224
3.388301
3.393139
3.397939
3.402756
3.407501
3.411441
3.414901
3.418422
3.421880
3.425324
3.428724
3.432044
3.435445
3.439099
3.442813
3.446455
3.450025
3.453860
3.458435
3.463772
3.468716
3.473264
3.477741
3.482247
3.486696
3.490551
3.493931
3.497339
3.500632
3.503887
3.507120
3.510348
3.513762
3.517385
3.521026
3.524578
3.528053
3.531742
3.536160
3.541383
3.546454
3.551311
3.556151
3.561022
3.565843
3.569956
3.573578
3.577263
3.580870
3.584455
3.588034
3.591605
3.595282
3.599128
3.602994
3.606716
3.610342
3.614195
3.618894
3.624420
3.629390
3.633869
3.638255
3.642673
3.647064
3.651115
3.654853
3.658669
3.662405
3.666121
3.669810
3.673449
3.677220
3.681190
3.685218
3.689163
3.693019
3.697070
3.701773
3.707167
3.712270
3.717079
3.721865
3.726672
3.731437
3.735631
3.739330
3.743106
3.746799
3.750471
3.754107
3.757682
3.761359
3.765239
3.769152
3.772973
3.776706
3.780708
3.785513
3.791105
3.796248
3.800972
3.805603
3.810246
3.814862
3.819131
3.823047
3.827029
3.830913
3.834799
3.838690
3.842522
3.846409
3.850483
3.854634
3.858693
3.862656
3.866810
3.871671
3.877253
3.882418
3.887149
3.891795
3.896457
3.901088
3.905388
3.909341
3.913352
3.917259
3.921154
3.925067
3.928941
3.932876
3.936988
3.941168
3.945255
3.949233
3.953407
3.958323
3.963969
3.969114
3.973766
3.978320
3.982897
3.987447
3.991655
3.995537
3.999468
4.003275
4.007055
4.010838
4.014623
4.018540
4.022662
4.026825
4.030885
4.034850
4.039017
4.043931
4.049584
4.054904
4.059833
4.064672
4.069522
4.074350
4.078948
4.083301
4.087704
4.092000
4.096293
4.100626
4.104914
4.109236
4.113725
4.118273
4.122721
4.127046
4.131570
4.136838
4.142808
4.148179
4.152960
4.157608
4.162269
4.166920
4.171336
4.175595
4.179780
4.183723
4.187619
4.191512
4.195432
4.199505
4.203768
4.208075
4.212285
4.216373
4.220668
4.225665
4.231361
4.236694
4.241610
4.246419
4.251244
4.256054
4.260726
4.265371
4.270028
4.274547
4.279058
4.283603
4.288103
4.292600
4.297273
4.302034
4.306687
4.311210
4.315972
4.321467
4.327647
4.333061
4.337747
4.342263
4.346794
4.351317
4.355680
4.360120
4.364261
4.367903
4.371489
4.375044
4.378659
4.382434
4.386387
4.390405
4.394306
4.398044
4.402003
4.406736
4.412199
4.417165
4.421598
4.425925
4.430305
4.434676
4.438844
4.442917
4.446965
4.450811
4.454653
4.458509
4.462384
4.466383
4.470572
4.474780
4.478836
4.482762
4.486894
4.491799
4.497401
4.502421
4.506826
4.511085
4.515360
4.519652
4.523842
4.528225
4.532449
4.536341
4.540218
4.544096
4.547951
4.551878
4.556013
4.560281
4.564455
4.568486
4.572726
4.577534
4.583157
4.588423
4.593020
4.597478
4.601944
4.606373
4.610679
4.614854
4.618887
4.622480
4.625957
4.629478
4.633049
4.636772
4.640675
4.644617
4.648471
4.652171
4.656095
4.660708
4.666296
4.671494
4.676012
4.680337
4.684681
4.689041
4.693274
4.697280
4.701181
4.704674
4.708018
4.711422
4.714957
4.718674
4.722569
4.726481
4.730261
4.733892
4.737667
4.742063
4.747313
4.752201
4.756469
4.760562
4.764674
4.768807
4.772845
4.776852
4.780702
4.784053
4.787290
4.790576
4.793918
4.797394
4.801049
4.804735
4.808296
4.811717
4.815294
4.819482
4.824532
4.829116
4.832981
4.836653
4.840342
4.844053
4.847648
4.851193
4.854501
4.857302
4.859994
4.862705
4.865456
4.868363
4.871470
4.874605
4.877621
4.880515
4.883583
4.887363
4.892080
4.896493
4.900277
4.903889
4.907524
4.911158
4.914679
4.918112
4.921275
4.923967
4.926617
4.929320
4.932042
4.934908
4.937962
4.941058
4.944014
4.946868
4.949891
4.953660
4.958417
4.962909
4.966784
4.970490
4.974206
4.977921
4.981528
4.985040
4.988248
4.990938
4.993552
4.996207
4.998895
5.001713
5.004716
5.007762
5.010676
5.013474
5.016426
5.020070
5.024688
5.029099
5.032920
5.036553
5.040189
5.043828
5.047371
5.050816
5.053971
5.056675
5.059298
5.061903
5.064494
5.067194
5.070065
5.072973
5.075727
5.078363
5.081159
5.084728
5.089267
5.093475
5.097026
5.100392
5.103765
5.107142
5.110420
5.113628
5.116480
5.118785
5.120983
5.123204
5.125471
5.127866
5.130460
5.133105
5.135622
5.138031
5.140596
5.143954
5.148322
5.152462
5.155996
5.159352
5.162726
5.166090
5.169347
5.172507
5.175328
5.177700
5.179976
5.182238
5.184499
5.186875
5.189432
5.192033
5.194489
5.196814
5.199302
5.202620
5.206951
5.211027
5.214471
5.217732
5.221003
5.224278
5.227460
5.230623
5.233426
5.235707
5.237891
5.240108
5.242373
5.244787
5.247401
5.250066
5.252606
5.255027
5.257604
5.260981
5.265362
5.269540
5.273133
5.276555
5.279986
5.283428
5.286761
5.290099
5.293059
5.295472
5.297793
5.300158
5.302580
5.305137
5.307893
5.310707
5.313398
5.315964
5.318692
5.322212
