0.000118
0.000863
0.002538
0.002881
0.002818
0.002835
0.003028
0.003438
0.004003
0.004518
0.005067
0.005601
0.006091
0.006709
0.007564
0.008485
0.021389
0.033542
0.019600
0.001056
-0.000908
-0.001582
-0.002296
-0.002288
-0.004712
-0.008396
0.000655
-0.016382
-0.056681
-0.082828
-0.107685
-0.115301
-0.095081
-0.073765
-0.059904
-0.050312
-0.035209
-0.008133
0.004379
-0.018139
-0.031261
-0.029589
-0.021314
-0.017346
-0.014352
-0.010413
0.005891
0.013739
-0.015747
-0.032212
-0.026398
-0.020453
0.000713
0.028228
0.056873
0.084998
0.107503
0.141399
0.155237
0.134167
0.114267
0.101271
0.086291
0.074898
0.069825
0.072093
0.083441
0.083870
0.048517
0.039251
0.031053
0.012465
0.006997
0.011944
0.026928
0.048187
0.072260
0.113561
0.137203
0.128491
0.116775
0.109604
0.102131
0.099510
0.104426
0.114975
0.134167
0.138365
0.104452
0.092965
0.083605
0.061158
0.051108
0.052571
0.063692
0.079178
0.096635
0.132076
0.151509
0.139290
0.126852
0.118843
0.110723
0.106377
0.109058
0.117066
0.133637
0.136181
0.102376
0.088027
0.079329
0.059422
0.053429
0.057578
0.070537
0.087329
0.104081
0.139869
0.158724
0.144620
0.129633
0.118630
0.108894
0.105638
0.108968
0.117229
0.134495
0.139893
0.106387
0.092615
0.084929
0.064417
0.056273
0.057993
0.068094
0.081581
0.095197
0.127123
0.142365
0.125328
0.107363
0.098410
0.090846
0.087366
0.089790
0.097050
0.112262
0.115309
0.080816
0.071396
0.061889
0.041174
0.032594
0.036625
0.048616
0.061371
0.073355
0.103627
0.115085
0.095473
0.076879
0.065795
0.057717
0.055139
0.059345
0.067323
0.083664
0.084847
0.048916
0.035754
0.029515
0.014527
0.014961
0.026518
0.046028
0.068496
0.086313
0.125126
0.151985
0.143603
0.128839
0.117510
0.105386
0.100981
0.104253
0.112803
0.130627
0.144461
0.114485
0.093530
0.091654
0.071875
0.063986
0.064999
0.074410
0.087637
0.096699
0.127464
0.148452
0.134526
0.115290
0.104706
0.094493
0.088824
0.089525
0.095176
0.108326
0.116162
0.084704
0.067385
0.059749
0.035970
0.027660
0.033103
0.045151
0.057768
0.065815
0.095958
0.112827
0.096981
0.077807
0.066677
0.055875
0.054331
0.060536
0.071012
0.090396
0.105215
0.073765
0.055140
0.054571
0.036767
0.032231
0.039050
0.053320
0.072815
0.089579
0.127507
0.153860
0.145176
0.130840
0.123183
0.115804
0.113326
0.117047
0.126016
0.143109
0.155782
0.125816
0.110056
0.101622
0.074196
0.058813
0.058175
0.065294
0.074529
0.080976
0.110618
0.129192
0.117020
0.100196
0.090538
0.081732
0.083755
0.093180
0.106567
0.128641
0.146737
0.116998
0.098729
0.093670
0.067608
0.053375
0.054254
0.063703
0.078755
0.091766
0.128460
0.154745
0.148714
0.138058
0.131533
0.125208
0.126740
0.135316
0.148566
0.170675
0.188088
0.159103
0.142085
0.132467
0.099335
0.075034
0.068096
0.071918
0.081777
0.090400
0.124237
0.148361
0.144633
0.134068
0.127377
0.120732
0.125089
0.137576
0.154524
0.180542
0.201247
0.173036
0.151930
0.141260
0.104692
0.075943
0.064957
0.066087
0.075731
0.083570
0.119212
0.144651
0.144144
0.135445
0.129602
0.124029
0.131143
0.146481
0.165919
0.194524
0.218678
0.191956
0.173553
0.158584
0.115807
0.078450
0.061087
0.058625
0.067379
0.076448
0.114811
0.143076
0.146904
0.142160
0.139411
0.135908
0.144760
0.162229
0.183761
0.214362
0.240671
0.215185
0.196293
0.178385
0.129772
0.086581
0.063247
0.057579
0.065517
0.076382
0.117823
0.150478
0.159264
0.159137
0.158448
0.156082
0.167859
0.188067
0.212041
0.245428
0.275538
0.251346
0.228986
0.211554
0.157485
0.110651
0.083952
0.076262
0.084147
0.095512
0.139169
0.175099
0.187179
0.188767
0.188239
0.184903
0.196252
0.216362
0.240184
0.273896
0.303863
0.281678
0.259319
0.235523
0.174451
0.116955
0.080571
0.065807
0.070498
0.078666
0.120960
0.155568
0.172935
0.178604
0.182779
0.183743
0.198176
0.220444
0.245626
0.280255
0.312498
0.290709
0.265342
0.243605
0.180456
0.123317
0.086703
0.071674
0.078576
0.092285
0.139784
0.181431
0.201971
0.211115
0.214827
0.214674
0.229873
0.252830
0.278707
0.314532
0.348469
0.329042
0.301822
0.276698
0.209181
0.143841
0.099846
0.078687
0.079703
0.087295
0.130491
0.167148
0.189743
0.198288
0.205005
0.208738
0.225913
0.250051
0.276114
0.311224
0.346323
0.328353
0.304985
0.277076
0.205508
0.139243
0.091355
0.071321
0.072635
0.083107
0.130302
0.171420
0.197382
0.207441
0.211458
0.214849
0.234773
0.258974
0.285603
0.321464
0.360926
0.344771
0.319153
0.292548
0.220357
0.152446
0.104931
0.085098
0.088090
0.101992
0.153880
0.201733
0.231478
0.244026
0.252681
0.256235
0.274518
0.299583
0.327346
0.365088
0.400077
0.380386
0.352908
0.323894
0.247811
0.173824
0.118005
0.089449
0.081290
0.083006
0.123892
0.156462
0.180745
0.189319
0.195160
0.195967
0.213140
0.237886
0.263597
0.297281
0.338271
0.325742
0.296040
0.263840
0.190682
0.119457
0.071108
0.051046
0.060860
0.088364
0.148112
0.204937
0.240591
0.261050
0.265616
0.263664
0.278000
0.299445
0.323197
0.357088
0.393561
0.375279
0.343128
0.317389
0.245681
0.177522
0.131544
0.107975
0.106808
0.117938
0.167083
0.213963
0.240387
0.249055
0.255455
0.257163
0.273509
0.297773
0.324641
0.361200
0.396991
0.380344
0.353858
0.327816
0.254635
0.181965
0.128560
0.102468
0.096453
0.101087
0.144604
0.184326
0.208564
0.215106
0.219640
0.223341
0.244232
0.269904
0.297528
0.334105
0.373477
0.356312
0.328921
0.301354
0.228136
0.159346
0.112729
0.090655
0.093109
0.106461
0.157523
0.205113
0.233342
0.244041
0.248026
0.248784
0.267610
0.291901
0.318606
0.354923
0.392060
0.375218
0.345559
0.316924
0.242023
0.168084
0.115144
0.090103
0.083421
0.088522
0.132274
0.171322
0.198771
0.213179
0.223113
0.228686
0.248111
0.270872
0.295598
0.329584
0.366431
0.349191
0.321078
0.293153
0.222118
0.149187
0.096216
0.072226
0.071442
0.085938
0.138286
0.185406
0.217763
0.228602
0.233678
0.235089
0.255520
0.279934
0.306428
0.342672
0.381980
0.365894
0.335510
0.306214
0.232099
0.158621
0.107471
0.085254
0.085201
0.098326
0.151252
0.201801
0.234152
0.249550
0.257177
0.259255
0.278221
0.303765
0.330952
0.367093
0.403603
0.385818
0.353660
0.326777
0.252813
0.179026
0.124883
0.097618
0.088778
0.095908
0.141657
0.183497
0.209723
0.221121
0.227815
0.232373
0.254025
0.278122
0.303240
0.337009
0.374821
0.359525
0.329101
0.299585
0.226464
0.152101
0.099972
0.075720
0.074520
0.087200
0.137950
0.186139
0.217589
0.229568
0.236266
0.239336
0.260947
0.286684
0.314470
0.350859
0.389755
0.371564
0.338580
0.313383
0.243265
0.173602
0.126095
0.103348
0.101391
0.114274
0.165443
0.216147
0.247931
0.262957
0.271430
0.274030
0.292644
0.315972
0.341932
0.376511
0.413023
0.393763
0.360991
0.337431
0.269185
0.197177
0.145669
0.120160
0.115469
0.126853
0.177226
0.226708
0.256242
0.267024
0.275007
0.275317
0.293506
0.317356
0.342985
0.376884
0.414705
0.398071
0.365535
0.341843
0.270970
0.197569
0.147378
0.120505
0.114829
0.125411
0.175224
0.224811
0.254051
0.269096
0.279869
0.283617
0.302840
0.329539
0.358256
0.395582
0.432530
0.413375
0.381924
0.353549
0.281795
0.207317
0.152637
0.123839
0.114002
0.120309
0.165179
0.209010
0.236952
0.252381
0.263914
0.267507
0.287902
0.313048
0.338846
0.372386
0.410005
0.392054
0.358818
0.332009
0.261732
0.191191
0.144221
0.119122
0.118123
0.132729
0.184629
0.237872
0.267172
0.280399
0.289170
0.287908
0.304055
0.329269
0.355739
0.390592
0.427248
0.408362
0.374430
0.349405
0.280982
0.211756
0.165101
0.139915
0.135582
0.146185
0.194405
0.244653
0.268976
0.279295
0.287855
0.285267
0.298780
0.323510
0.350932
0.387000
0.420931
0.398542
0.367426
0.334083
0.268136
0.202013
0.155372
0.128998
0.125546
0.134741
0.178736
0.223366
0.243833
0.247366
0.252096
0.244772
0.257682
0.280741
0.303393
0.334319
0.370052
0.350436
0.316930
0.283509
0.214860
0.153677
0.113226
0.093988
0.092980
0.102866
0.148487
0.191935
0.211473
0.211638
0.214597
0.212147
0.228461
0.252437
0.277761
0.311700
0.346547
0.325005
0.293795
0.262910
0.201214
0.146893
0.112336
0.096024
0.095841
0.105568
0.149867
0.193967
0.208596
0.205852
0.205902
0.200543
0.216207
0.239985
0.264083
0.296122
0.329953
0.307388
0.276005
0.244773
0.182878
0.133689
0.103054
0.089009
0.088461
0.096004
0.137845
0.177516
0.190448
0.189083
0.191124
0.186703
0.200875
0.223394
0.246926
0.278077
0.311095
0.286671
0.256930
0.222758
0.164556
0.120157
0.093112
0.080623
0.080539
0.087122
0.128072
0.166205
0.179267
0.178599
0.179810
0.176121
0.189687
0.211533
0.234576
0.265248
0.296640
0.271382
0.241888
0.209515
0.156029
0.115914
0.092141
0.081667
0.085007
0.093486
0.133564
0.173152
0.183121
0.176418
0.173397
0.162693
0.173208
0.193013
0.212525
0.239593
0.270156
0.246291
0.216195
0.181798
0.126220
0.089538
0.069575
0.062269
0.062967
0.068928
0.107949
0.145260
0.153287
0.149031
0.150058
0.146948
0.159746
0.180473
0.202364
0.231360
0.260623
0.233878
0.207343
0.178423
0.129204
0.097699
0.081897
0.076741
0.078981
0.086355
0.124729
0.163043
0.165884
0.156724
0.152191
0.141293
0.150670
0.168753
0.187362
0.213177
0.242147
0.213764
0.185676
0.155353
0.108037
0.083904
0.074178
0.073387
0.081504
0.089734
0.127554
0.163300
0.167656
0.158800
0.152619
0.139658
0.146199
0.161941
0.178478
0.203962
0.229153
0.200978
0.175212
0.142119
0.097053
0.068613
0.054225
0.049232
0.051616
0.054963
0.089772
0.123545
0.128863
0.122717
0.118684
0.114341
0.127357
0.148471
0.170406
0.199464
0.234753
0.216697
0.186339
0.164257
0.125917
0.094369
0.076703
0.071017
0.074940
0.076239
0.112799
0.154785
0.165717
0.162939
0.162726
0.151007
0.157221
0.176065
0.195910
0.224719
0.257185
0.231528
0.202450
0.170294
0.118304
0.085569
0.067298
0.060441
0.062928
0.065856
0.102855
0.145085
0.158439
0.154801
0.151892
0.139976
0.149182
0.171084
0.190659
0.217725
0.250280
0.227620
0.196707
0.164665
0.111591
0.075789
0.055662
0.049235
0.052276
0.058532
0.097696
0.143820
0.156699
0.153899
0.153172
0.142446
0.152045
0.175937
0.197375
0.225224
0.258652
0.235029
0.203994
0.169111
0.115256
0.081969
0.062824
0.055893
0.057323
0.061042
0.098450
0.140913
0.152709
0.149226
0.148127
0.138048
0.149713
0.174486
0.195597
0.222761
0.255400
0.231164
0.201460
0.163834
0.105617
0.067758
0.045433
0.036943
0.039379
0.043288
0.081064
0.122606
0.136962
0.134797
0.131719
0.122495
0.135461
0.161377
0.183020
0.209747
0.242001
0.214957
0.185814
0.149966
0.094709
0.053930
0.031815
0.025053
0.029826
0.036940
0.078674
0.122902
0.138309
0.135356
0.135271
0.124977
0.136506
0.167253
0.191010
0.216512
0.249438
0.224349
0.193974
0.159801
0.101188
0.063892
0.044193
0.038765
0.045272
0.054467
0.096931
0.146195
0.161947
0.164009
0.168589
0.161309
0.172513
0.200456
0.224150
0.252913
0.289708
0.266101
0.235799
0.202399
0.145991
0.108264
0.086287
0.079460
0.083876
0.095466
0.143401
0.198631
0.214686
0.211975
0.215029
0.205160
0.211803
0.236605
0.255629
0.277527
0.310373
0.291658
0.259808
0.226056
0.166937
0.120769
0.090522
0.077790
0.078472
0.086593
0.132869
0.185400
0.200684
0.199808
0.204487
0.197324
0.205524
0.231048
0.252953
0.278474
0.314504
0.296449
0.266482
0.233102
0.173850
0.123270
0.086772
0.072490
0.074698
0.085260
0.134127
0.188596
0.207751
0.208277
0.213250
0.204323
0.210793
0.235791
0.254539
0.276506
0.309966
0.290481
0.259201
0.222034
0.163495
0.110998
0.075496
0.063438
0.067798
0.082278
0.134784
0.193008
0.216819
0.215860
0.219615
0.208124
0.212556
0.238937
0.257132
0.274972
0.305465
0.295259
0.263213
0.231324
0.177414
0.133367
0.103999
0.093582
0.098072
0.112189
0.167324
0.231486
0.255749
0.260256
0.267911
0.261768
0.268794
0.291389
0.312201
0.339141
0.375062
0.359454
0.328602
0.301309
0.246186
0.197342
0.162704
0.148998
0.150966
0.165954
0.220824
0.291061
0.328188
0.339554
0.348147
0.337855
0.340404
0.359701
0.373774
0.390847
0.416673
0.407235
0.373691
0.343633
0.287257
0.238009
0.200104
0.178278
0.175417
0.181417
0.231961
0.291929
0.313112
0.312860
0.316584
0.304901
0.306883
0.323901
0.339301
0.359376
0.388927
0.375327
0.346401
0.317498
0.256736
0.198110
0.155143
0.135200
0.131353
0.141456
0.193796
0.257840
0.288027
0.294408
0.299668
0.286937
0.288220
0.307893
0.322011
0.338364
0.365211
0.356430
0.324056
0.293470
0.241228
0.196527
0.162459
0.145382
0.150057
0.162902
0.219571
0.287570
0.318142
0.321866
0.326694
0.313201
0.312914
0.329743
0.344598
0.362986
0.390755
0.383862
0.354479
0.328569
0.274119
0.227083
0.190191
0.171079
0.172267
0.183694
0.240204
0.308065
0.338748
0.344655
0.350128
0.336602
0.336008
0.353474
0.368698
0.386390
0.412064
0.405542
0.375668
0.347409
0.290018
0.235958
0.191644
0.167417
0.162909
0.168068
0.221655
0.288182
0.318438
0.325287
0.331805
0.321329
0.323317
0.340249
0.355053
0.372586
0.398011
0.390694
0.362491
0.338192
0.283652
0.235303
0.196104
0.177583
0.181233
0.197938
0.261665
0.338430
0.378166
0.390650
0.395796
0.379738
0.375240
0.389724
0.402689
0.416949
0.437090
0.436181
0.406681
0.378863
0.321331
0.265070
0.218080
0.189383
0.183073
0.188166
0.244240
0.312632
0.344981
0.353515
0.360727
0.350319
0.351272
0.366281
0.379540
0.395928
0.418994
0.414625
0.391584
0.369130
0.317042
0.269290
0.229711
0.212152
0.216670
0.234199
0.298641
0.378142
0.420702
0.433147
0.437006
0.419240
0.412713
0.426317
0.438845
0.451133
0.467290
0.471219
0.442059
0.411777
0.350131
0.289566
0.240298
0.207093
0.202225
0.210520
0.269054
0.345364
0.390155
0.409025
0.423849
0.417327
0.418229
0.434494
0.449375
0.465576
0.484436
0.483475
0.457172
0.431918
0.378971
0.328767
0.287424
0.260215
0.253324
0.257733
0.309612
0.383293
0.422058
0.435193
0.442753
0.429196
0.425752
0.436888
0.445886
0.454493
0.465713
0.463954
0.441981
0.417144
0.359307
0.302439
0.256664
0.225719
0.216996
0.221174
0.272370
0.337257
0.370363
0.372904
0.377447
0.360990
0.354285
0.365590
0.375274
0.384954
0.399883
0.401285
0.375244
0.346493
0.294192
0.233989
0.184855
0.159534
0.154794
0.164358
0.221340
0.292224
0.331142
0.344284
0.354673
0.341878
0.337630
0.356291
0.370836
0.385184
0.406052
0.407788
0.373362
0.347309
0.305212
0.260006
0.225045
0.206580
0.205915
0.215906
0.268552
0.345247
0.392829
0.406771
0.415616
0.405451
0.401028
0.412726
0.424238
0.435952
0.451769
0.454745
0.427832
0.401458
0.350322
0.297178
0.253734
0.226614
0.218401
0.221325
0.266554
0.334718
0.373134
0.379755
0.386210
0.370839
0.360219
0.368143
0.374385
0.379859
0.391612
0.396562
0.367669
0.338079
0.287738
0.236864
0.196949
0.172660
0.164243
0.162009
0.201539
0.258284
0.279302
0.274195
0.274049
0.257479
0.251653
0.266325
0.274700
0.285201
0.305469
0.309045
0.278929
0.257132
0.223640
0.195237
0.178939
0.172528
0.175594
0.182630
0.224104
0.285850
0.305553
0.298752
0.297666
0.279758
0.270550
0.280258
0.287048
0.297898
0.319189
0.322138
0.289531
0.266845
0.229929
0.200429
0.182250
0.173129
0.174526
0.180078
0.219972
0.280211
0.307680
0.305649
0.307258
0.291371
0.281643
0.289481
0.294073
0.302563
0.321502
0.324442
0.292289
0.270843
0.239869
0.213248
0.197782
0.191906
0.194712
0.200603
0.237682
0.296376
0.316895
0.308982
0.303452
0.283558
0.273868
0.282306
0.288728
0.300173
0.322075
0.327278
0.293615
0.269195
0.233415
0.204386
0.185943
0.175556
0.175021
0.174421
0.206232
0.257705
0.267865
0.251877
0.246779
0.228133
0.219138
0.229705
0.235569
0.246198
0.268391
0.270787
0.237637
0.216797
0.190204
0.172349
0.164861
0.165468
0.171445
0.175694
0.209797
0.260350
0.278254
0.265311
0.256200
0.235274
0.227550
0.239957
0.249171
0.263732
0.289238
0.293091
0.259679
0.239800
0.214229
0.195003
0.185594
0.183516
0.186520
0.188665
0.220138
0.272481
0.283089
0.267115
0.259448
0.240765
0.233611
0.245273
0.252680
0.265313
0.288580
0.292319
0.259269
0.238911
0.210988
0.189368
0.178192
0.174910
0.180236
0.185925
0.221511
0.278442
0.293411
0.281280
0.277393
