0.000000
0.558962
22.092567
21.502563
20.965363
20.626095
20.293457
19.910793
19.671276
19.568653
19.701748
22.326824
23.304478
22.957283
20.416521
15.016647
18.394478
20.579859
21.695242
50.591732
62.675995
44.525856
32.240242
20.045292
6.247966
-2.059921
-72.558968
-9.028437
-6.269753
-4.155605
-2.436203
-2.514537
-0.958159
1.537210
1.351703
0.414753
-1.290363
-1.349400
3.867275
0.000000
117.185760
99.927338
44.912254
18.670719
-0.238212
-0.574587
-0.891769
-1.081383
-0.457691
-0.682377
-0.282963
-0.185458
-1.021488
0.193172
-0.064970
-0.300226
-0.017985
0.588555
0.570003
0.000000
87.597466
81.904243
56.526218
1.151381
0.222049
-0.101487
-0.427610
-1.357461
-0.103738
-1.356737
0.772032
0.133419
-0.710254
-0.633151
-0.449295
-0.437954
-0.350485
1.254622
0.907108
0.000000
83.653236
77.510437
58.117989
7.601935
0.023329
-0.298243
-0.617879
-1.412605
-0.295278
-1.274122
0.604567
0.113590
-0.658232
-0.505187
-0.378479
-0.459002
-0.386877
1.174506
1.012106
0.000000
86.735596
80.552650
61.004509
12.546438
0.055877
-0.267447
-0.590050
-1.354717
-0.332170
-1.054592
0.326826
0.089879
-0.658095
-0.405540
-0.301310
-0.401441
-0.646439
1.184683
0.951480
0.000000
92.045013
85.154648
59.546333
7.269210
0.006692
-0.326461
-0.656089
-1.315593
-0.369388
-1.185387
0.489603
0.048504
-0.742987
-0.390146
-0.283766
-0.378121
-0.408331
1.142947
1.070516
0.000000
79.958237
74.726288
54.136974
7.933590
0.017436
-0.308162
-0.634025
-1.644571
-0.300211
-1.464058
0.666498
0.039176
-0.762475
-0.506429
-0.296514
-0.381374
-0.739761
1.257776
1.203079
0.000000
98.664459
88.006477
58.492729
10.082288
0.002953
-0.333917
-0.670358
-1.326100
-0.440602
-1.115158
0.275335
0.012444
-0.803050
-0.412421
-0.283850
-0.370962
0.105825
1.436211
-0.737175
0.000000
89.175247
82.520126
61.722954
13.333599
0.105809
-0.235884
-0.573973
-2.075224
-0.291246
-1.412558
0.027119
-0.143900
-0.820976
-0.199317
-0.139025
-0.298814
0.474102
1.283607
-0.723555
0.000000
69.586426
67.578728
57.476391
24.027761
0.024731
-0.308983
-0.639929
-3.156855
-0.396915
-1.610981
-0.054745
-0.074940
-0.802023
-0.238063
-0.201676
-0.461776
0.180410
1.398810
-0.540321
0.000000
94.543304
85.103432
62.639084
18.626545
0.068193
-0.280298
-0.625470
-2.475431
-0.376705
-1.504976
-0.073175
-0.275227
-0.917026
0.018218
-0.164029
-0.394572
0.368178
1.390771
-0.722329
0.000000
72.505737
72.079628
57.259262
17.978815
0.016974
-0.320343
-0.657003
-2.873937
-0.408272
-1.886843
0.097296
-0.250423
-0.770760
-0.151860
-0.167689
-0.435743
0.015223
1.337706
-0.397909
0.000000
89.772903
84.306587
60.802513
23.296465
-0.057080
-0.408147
-0.756282
-2.467776
-0.465092
-1.877514
-0.134615
-0.300913
-0.748764
-0.027234
-0.234552
-0.497316
0.204737
1.439978
-0.712422
0.000000
76.684875
75.658752
60.773922
22.074608
-0.008982
-0.354331
-0.698032
-2.821162
-0.470322
-2.011084
-0.086067
-0.266766
-0.542750
-0.160913
-0.304713
-0.505853
0.177303
1.388865
-0.653486
0.000000
84.106354
78.014359
65.896858
30.604580
-0.026769
-0.378423
-0.727649
-2.439801
-0.518305
-1.991711
-0.395546
-0.332109
-0.305644
-0.069800
-0.390321
-0.594796
0.024712
1.263016
-0.497828
0.000000
86.121262
79.895386
65.367714
27.661434
-0.038056
-0.393578
-0.746107
-1.643494
-0.514793
-2.466646
-0.313694
-0.451355
-0.271620
-0.112354
-0.449677
-0.602274
-0.067299
1.207882
-0.350058
0.000000
82.859360
76.892204
67.958786
32.071518
-0.040100
-0.390902
-0.740217
-1.933253
-0.533438
-2.552654
-0.453989
-0.691463
-0.071877
-0.091979
-0.508348
-0.636556
-0.448883
0.892200
0.252947
0.000000
89.621613
85.419365
68.688797
37.523930
-0.090700
-0.447857
-0.801380
-1.654554
-0.609562
-2.457529
-0.669062
-0.640312
0.201239
-0.100644
-0.658832
-0.683657
-0.232618
1.021393
-0.071185
0.000000
87.357559
82.403961
68.521385
35.218452
-0.084574
-0.440071
-0.791609
-2.543631
-0.639839
-2.721788
-0.723591
-0.814253
0.246388
-0.021104
-0.763071
-0.870402
-0.404058
0.889579
0.277466
0.000000
83.158058
77.040894
72.521057
45.612938
-0.110132
-0.470661
-0.818986
-1.799307
-0.653761
-2.830868
-1.045464
-1.192829
0.752079
0.093851
-0.831502
-0.878428
-0.555880
0.726248
0.574957
0.000000
95.865677
90.554581
70.855530
41.749172
-0.125116
-0.489148
-0.842253
-2.842226
-0.690451
-2.892450
-1.087492
-1.038906
0.607501
0.070074
-0.872093
-0.901437
-0.433664
0.731168
0.466673
0.000000
79.296616
74.981453
71.478775
45.248230
-0.140984
-0.513987
-0.859352
-3.229895
-0.750916
-3.315949
-1.047319
-1.561644
0.894539
0.327105
-1.085373
-1.069614
-0.692114
0.247420
1.219754
0.000000
98.842918
89.773865
71.908806
49.484390
-0.065951
-0.536459
-0.890513
-2.520981
-0.673838
-3.373660
-0.966440
-1.322752
0.934057
0.201704
-1.118799
-0.991453
-0.456835
0.646431
0.835405
0.000000
88.212090
82.677345
68.484314
45.178032
-0.195290
-0.575468
-0.926121
-2.444169
-0.768589
-3.057308
-3.022964
-1.525240
0.935324
0.504807
-1.072208
-0.963264
-0.500526
0.304449
0.967862
0.000000
88.988678
78.100311
76.762863
62.471031
-0.029612
-0.523973
-0.876069
-1.669150
-0.807837
-3.726578
-2.231649
-0.684866
0.719267
0.257710
-1.294508
-1.611971
-0.872702
0.272844
1.662879
0.000000
120.000000
111.117142
72.841988
46.102062
-0.069862
-0.481247
-0.850384
-1.678309
-0.662304
-3.119989
-1.327530
-1.245821
1.112047
0.108150
-0.848956
-0.912855
-0.360722
0.709766
0.650491
0.000000
74.571320
72.434341
63.656090
42.810127
-0.288319
-0.654581
-1.006255
-3.511403
-0.751070
-3.290804
-4.600174
-1.609970
0.837437
0.587101
-0.976921
-1.061127
-0.576136
0.079273
1.371323
0.000000
97.532837
86.828873
67.932190
52.030769
-0.135913
-0.598727
-0.963829
-1.964695
-0.695780
-3.267939
-3.626236
-1.013885
0.841874
0.288311
-1.150488
-1.289219
-0.468008
0.370329
1.281757
0.000000
103.391647
95.313858
67.908310
44.939049
-0.152522
-0.570546
-0.940121
-2.571233
-0.634974
-3.273899
-1.332178
-1.452391
0.983905
0.402626
-1.117086
-1.109085
-0.482498
0.376870
1.071009
0.000000
79.687813
75.147278
70.409790
55.591995
0.280144
-0.592545
-0.946095
-1.704026
-0.652636
-3.584758
-4.738327
-1.401262
0.783440
0.656435
-1.114399
-1.493135
-0.622972
0.035423
1.705479
0.000000
110.637512
97.173477
68.810883
52.643082
-0.042062
-0.580856
-0.952926
-1.612441
-0.637941
-3.464352
-2.349520
-1.069796
0.911944
0.438375
-1.280102
-1.321211
-0.425705
0.241544
1.535417
0.000000
98.370354
91.769241
67.392403
46.635395
-0.184899
-0.606322
-0.978586
-2.448778
-0.626120
-3.365306
-3.984581
-1.387280
0.925021
0.562301
-0.904556
-1.145218
-0.647673
-0.154772
1.758385
0.000000
95.049774
87.909134
68.326126
55.180527
0.068559
-0.611576
-0.976604
-2.056096
-0.643702
-3.577834
-4.639111
-1.232208
0.796263
0.535428
-1.162447
-1.499172
-0.550516
0.023283
1.778346
0.000000
108.500404
98.180573
66.409698
48.528934
-0.115971
-0.601477
-0.981021
-1.506925
-0.539648
-3.298348
-3.142494
-1.242157
0.958909
0.446071
-1.014414
-1.204985
-0.452717
0.318680
1.439672
0.000000
90.910423
86.583832
63.895836
48.514690
-0.148902
-0.667022
-1.039957
-1.187425
-0.469965
-3.328446
-7.472494
-1.577627
0.789038
0.661358
-0.765585
-1.258762
-0.505932
0.199072
1.529092
0.000000
99.710884
93.342934
59.340893
46.833275
-0.208456
-0.666629
-1.044310
-1.757689
-0.458672
-3.356638
-5.004051
-1.523676
0.878717
0.485362
-0.774967
-1.236488
-0.462233
0.360626
1.350695
0.000000
86.794426
85.447823
59.679527
44.240234
-0.258861
-0.661877
-1.037740
-1.114845
-0.494543
-3.189812
-7.476723
-1.681044
0.685125
0.584218
-0.753935
-1.316057
-0.588514
-0.112303
1.753379
0.000000
99.800262
94.983437
58.918839
50.539829
-0.119628
-0.638655
-1.020229
-1.268864
-0.527245
-3.282958
-5.671846
-1.109222
0.825733
0.401733
-0.853024
-1.484253
-0.541119
0.129810
1.735772
0.000000
104.664185
99.769333
56.901356
44.826408
-0.222200
-0.637757
-1.024597
-0.977917
-0.489941
-3.197104
-4.952682
-1.433435
0.865681
0.410413
-0.662536
-1.260332
-0.414194
0.470974
1.223098
0.000000
92.497421
90.501930
55.144196
43.777504
-0.277727
-0.676943
-1.065845
-2.726062
-0.516434
-3.178281
-6.837637
-1.388800
0.615412
0.566629
-0.540881
-1.484619
-0.578194
0.004873
1.547559
0.000000
116.486794
107.760437
50.192192
45.972916
-0.200682
-0.621032
-1.024991
-1.589583
-0.608332
-3.184261
-1.625723
-0.713417
0.867866
0.306343
-1.134527
-1.418394
-0.634783
-0.103783
1.739954
0.000000
104.383972
98.791672
50.621574
38.463722
-0.216610
-0.636243
-1.042190
-1.845890
-0.540621
-3.152369
-1.726500
-1.081495
0.770763
0.448975
-0.809347
-1.325851
-0.693134
-0.608747
2.043446
0.000000
114.223862
107.455170
47.519936
43.653187
-0.211433
-0.643254
-1.057527
-1.377484
-0.490868
-2.924023
-1.458525
-0.909636
0.757537
0.320220
-0.933992
-1.280835
-0.668398
-0.308306
1.766244
0.000000
106.019196
104.132706
48.006538
36.966843
-0.140949
-0.574710
-0.994775
-1.688974
-0.480885
-2.972107
-1.363966
-1.061625
0.766934
0.305385
-0.843115
-1.194833
-0.648602
-0.286146
1.738699
0.000000
101.270065
100.463669
54.070862
41.465122
-0.122085
-0.560196
-0.983271
-2.014368
-0.443836
-3.056970
-1.518934
-1.131907
0.637799
0.419653
-0.610147
-1.211900
-0.672836
-0.632160
1.879125
0.000000
115.607109
114.606178
44.629715
42.298119
-0.115924
-0.566882
-0.998470
-2.941684
-0.469837
-3.032578
-1.488382
-0.899618
0.794676
0.132047
-0.819840
-1.100491
-0.595654
-0.522095
1.829235
0.000000
94.999374
98.269119
45.506630
31.362564
-0.125860
-0.568466
-0.996758
-1.605149
-0.411762
-2.830816
-1.488091
-1.166464
0.651616
0.276114
-0.505736
-1.063647
-0.607929
-0.963638
2.080975
0.000000
116.373337
116.210709
41.767757
38.560760
-0.117633
-0.575492
-1.013201
-1.887298
-0.319397
-2.694708
-1.294212
-0.778044
0.544271
0.037603
-0.623577
-0.985942
-0.737862
-0.200890
1.465164
0.000000
109.563255
114.843597
45.261436
32.006832
-0.141429
-0.597427
-1.035027
-2.133620
-0.375101
-2.648235
-1.611465
-0.951588
0.428557
0.201118
-0.339582
-0.720338
-0.467030
-0.610447
1.690068
0.000000
99.039841
106.004417
52.541603
35.299789
-0.188599
-0.641406
-1.076363
-0.964828
-0.323526
-0.685835
-2.434443
-1.532606
0.370063
0.582767
0.108276
-0.520537
-0.872248
-0.515043
1.569526
0.000000
105.623398
115.415390
51.785454
46.250526
-0.092988
-0.558023
-1.002314
1.524498
-0.556669
-0.462717
-1.570118
-1.236111
0.393571
0.306017
-0.328035
-0.968174
-0.553482
-1.030848
1.830493
0.000000
114.691658
120.000000
50.395130
51.156120
-0.078759
-0.551285
-1.001220
-0.722003
-0.348555
-0.689075
-1.761166
-0.964060
0.471239
0.171270
-0.234386
-1.066213
-0.512482
-1.312908
1.631989
0.000000
119.764877
120.000000
46.681019
53.784286
-0.093395
-0.572513
-1.024580
0.656629
-0.364038
-0.635145
-1.501825
-0.999029
0.444339
0.134171
-0.479868
-1.078090
-0.505629
-1.300949
1.809455
0.000000
115.760902
120.000000
45.347446
51.779419
-0.061530
-0.542869
-0.999093
0.149267
-0.356365
-1.248016
-1.445927
-1.517179
0.532950
0.177490
-0.381995
-1.217755
-0.560556
-1.319189
1.663550
0.000000
120.000000
120.000000
48.281834
61.437378
-0.021428
-0.513541
-0.976658
1.643767
-0.472462
-0.522018
-1.466820
-1.419340
0.394279
0.241093
-0.021022
-1.317963
-0.650692
-1.246311
1.132753
0.000000
120.000000
120.000000
45.685123
61.045647
0.098233
-0.430334
-0.910778
1.160986
-0.246475
-0.599293
-1.248011
-1.342394
0.526397
0.090998
-0.362151
-1.364929
-0.446915
-1.232897
1.466060
0.000000
116.719238
120.000000
44.617325
56.112663
-0.018023
-0.506569
-0.969237
1.932748
-0.265984
-0.547571
-1.545113
-1.213717
0.554119
0.051925
-0.552068
-1.291028
-0.527479
-1.211864
1.415409
0.000000
120.000000
120.000000
40.102833
57.529694
0.020007
-0.487056
-0.952377
4.041039
-0.042202
-0.712992
-1.800243
-1.452723
0.459756
0.268923
-0.606250
-1.357712
-0.565439
-1.283665
1.817808
0.000000
108.489960
120.000000
41.141243
56.447517
-0.047386
-0.526527
-0.982368
3.217167
-0.138329
-0.710548
-2.055534
-3.221725
0.379517
0.441404
-0.428456
-1.375769
-0.606707
-1.205570
1.734513
0.000000
117.858955
120.000000
42.185913
62.336636
0.065601
-0.479548
-0.941700
3.968286
-0.084568
-0.900611
-2.075186
-3.686438
0.483259
0.331302
-0.365899
-1.392424
-0.553284
-1.102161
1.124288
0.000000
120.000000
120.000000
39.069603
59.670288
1.135113
-0.445675
-0.921792
3.231910
0.269434
-1.052107
-2.252605
-1.889324
0.752900
0.409283
-0.534943
-1.223480
-0.843201
-1.019394
1.977979
0.000000
97.919991
118.132217
36.833321
43.485130
-0.144603
-0.623543
-1.071695
6.838422
-0.272867
-0.412254
-2.435341
-6.517202
0.367682
0.311478
0.047310
-1.033381
-0.782434
-0.952526
1.525961
0.000000
119.348221
120.000000
38.791794
51.811211
0.104437
-0.555893
-1.014724
9.943933
0.097584
-0.549681
-2.575668
-1.885063
0.414439
0.292092
-0.119693
-0.876799
-0.598286
-0.413475
1.606338
0.000000
102.218437
115.978622
35.563927
34.903366
-0.172335
-0.663582
-1.111613
8.010363
-0.279108
-0.369619
-2.508543
-7.443283
0.140039
0.349677
0.136336
-1.067430
-0.832766
-1.035004
1.690827
0.000000
119.025780
120.000000
39.943542
53.926468
1.615157
-0.530055
-0.999905
8.456465
0.194021
-0.632280
-2.735497
-3.818403
0.530514
0.357881
-0.066708
-0.845099
-0.476137
-0.894636
1.710191
0.000000
109.682381
116.984970
37.274872
39.217026
-0.087884
-0.619237
-1.079464
9.559835
-0.068476
-0.376770
-2.796555
-7.034950
0.345491
0.453861
0.171671
-0.767928
-0.510450
-0.535055
1.599663
0.000000
113.365715
118.938164
36.747681
39.308414
-0.095580
-0.637489
-1.097835
10.323375
0.032940
-0.318882
-2.888321
-6.146521
0.312525
0.326551
0.100799
-0.701823
-0.646715
-1.261225
1.846558
0.000000
111.112549
117.718391
40.118916
43.042313
-0.039213
-0.589327
-1.053789
11.688770
-0.117451
-0.177068
-2.858337
-7.835562
0.298923
0.484121
0.289352
-0.774803
-0.499371
-0.504616
1.639787
0.000000
113.483795
119.400528
41.152878
39.120193
-0.062386
-0.635140
-1.097783
11.905244
0.315399
-0.432552
-3.321119
-2.210749
0.170093
0.327390
0.190478
-0.433600
-0.533493
-0.469852
1.664734
0.000000
95.697670
113.058098
35.427670
33.778519
-0.181894
-0.717226
-1.166423
13.905721
-1.339310
0.103828
-5.595825
-9.714523
0.116713
0.478866
0.484754
-0.488426
-0.432400
-0.276188
1.495015
0.000000
112.381355
119.023369
43.962532
37.595036
-0.069779
-0.661892
-1.123303
13.403984
0.174498
-0.574148
-3.527559
-2.377264
0.016398
-0.009981
0.341949
-0.415565
-0.319719
-0.280085
1.727813
0.000000
96.965515
110.655663
29.334259
24.903200
-0.315913
-0.817599
-1.252837
12.723850
0.248358
-0.283207
-3.939215
-7.509281
-0.036982
0.241211
0.580814
-0.151186
-0.388235
-1.020370
1.846383
0.000000
109.640877
116.196678
40.390427
33.228714
-0.144190
-0.721234
-1.174077
16.616304
-0.675316
-0.055096
-4.676615
-9.762449
0.069927
0.168177
0.685791
-0.464191
-0.553318
-0.754496
1.715149
0.000000
107.566635
116.319145
39.568806
37.239571
-0.015300
-0.669720
-1.136784
-50.589245
0.423561
-0.461151
-3.350019
-8.234175
0.055922
0.349263
0.497905
-0.640994
-0.866831
-1.224504
16.148212
0.000000
110.748337
117.885666
37.644337
40.462387
1.635903
-0.586405
-1.064627
-47.027721
1.060026
-0.331661
-4.056177
-3.763590
0.197519
0.609016
0.678253
0.176512
-0.490095
-1.024824
1.920714
0.000000
97.356102
115.392410
36.766144
34.928898
-0.064027
-0.738587
-1.200357
-47.557816
1.125980
-0.420418
-4.175634
-9.571672
-0.033024
0.430326
0.702377
0.066437
-0.363169
-1.146599
1.639521
0.000000
105.508072
117.537529
37.639736
36.970661
0.088866
-0.675449
-1.156569
-51.771416
0.787680
-0.553844
-4.099213
-2.784082
0.275999
0.315206
0.408825
-0.038861
-0.561281
-1.859192
1.044242
0.000000
98.646591
117.185966
33.187134
38.011932
0.919650
-0.645527
-1.137311
-54.412186
0.664116
-0.505924
-3.883787
-2.040638
0.211856
0.337428
0.611752
0.112577
-0.226715
-0.858776
1.506486
0.000000
95.950378
117.476181
37.279678
38.924507
0.288248
-0.621256
-1.119398
-53.159428
0.653067
-0.507143
-3.932074
-2.158499
0.093522
0.332425
0.587988
0.068937
-0.081188
-0.191107
1.508109
0.000000
92.455307
116.498398
42.700054
39.815815
1.138362
-0.613724
-1.113816
-52.151924
0.773506
-0.483074
-4.404066
-2.114197
0.211508
0.454544
0.746932
0.241815
-0.144697
-0.301321
1.368422
0.000000
95.828247
116.233246
34.858791
34.222500
0.139701
-0.706241
-1.205217
-54.744312
-0.629280
-0.534136
-4.365595
-2.200380
0.100920
0.356016
0.653635
0.180284
-0.002703
-0.113865
1.251519
0.000000
92.990189
117.661018
35.431381
36.800316
1.146424
-0.612059
-1.118603
-55.721031
0.358639
-0.596180
-4.155830
-2.063486
0.254658
0.398662
0.693841
0.361203
-0.293674
-1.728197
29.185318
0.000000
93.969444
117.431023
34.970337
34.617874
1.475976
-0.672643
-1.176750
-54.593021
0.860987
-0.407309
-4.400623
-2.190754
0.098708
0.524041
0.848115
0.441668
-0.043614
0.292721
1.330122
0.000000
90.672340
116.609581
36.408684
35.711693
0.760664
-0.691140
-1.193168
-54.768650
0.498392
-0.503536
-4.540764
-2.354959
0.061969
0.519000
0.817458
0.318127
0.006056
0.269876
1.437252
0.000000
92.003387
115.798859
