0.006664
0.579877
0.989209
-0.009888
-0.021970
-0.012737
0.351968
0.623922
2.024883
2.686878
0.114825
-0.965726
-0.739624
-0.483891
-0.702941
-0.949804
-0.910433
-0.823110
-0.807346
-0.335549
-0.976305
-0.624647
-0.527018
-0.496586
-1.009292
-0.616067
0.885820
2.597286
3.095415
-1.445235
-0.177751
-0.957873
-1.349420
-0.850418
0.353105
1.345240
3.457253
4.061029
2.411528
0.674775
-0.099353
0.001666
0.573963
1.204358
0.632355
-1.639009
-0.146244
-0.706165
-1.343642
-0.565389
0.090646
-0.328209
0.631107
0.601912
-0.006394
0.301806
1.900514
2.324401
2.114604
0.461763
-1.498454
0.747547
3.819468
0.219984
-0.639815
-0.149840
-0.786212
-1.148372
-0.414929
0.971248
4.083345
2.146208
-0.105504
-1.326787
-1.041258
-0.407026
-1.699627
-1.013796
1.335963
-0.985693
-2.119357
0.922476
0.167795
-0.363769
-0.856831
-3.282853
-2.265816
-3.503182
-1.744074
-0.474999
1.797183
0.042387
-1.291869
-0.651118
2.029086
2.729470
1.836778
1.930137
2.890769
1.214386
-1.127052
-0.608139
-0.780717
0.030367
-2.391936
-3.515172
-4.379123
-3.347176
-1.618099
-0.794076
1.763516
0.558089
0.325258
0.294457
0.951818
2.201324
1.329496
1.057931
-0.027459
-1.211359
-2.405722
-2.094196
-0.868092
-0.677276
0.935567
-0.696271
-1.618072
-1.966213
-0.281761
-0.008244
1.227765
0.239547
0.280955
1.416875
2.418165
3.641706
3.610903
3.065258
2.224923
0.515390
0.089172
-3.500340
-3.078178
0.364686
1.857289
1.215787
-1.947591
-2.813991
-3.852754
-1.878781
-1.858720
-0.390125
-1.874940
-1.072396
0.941907
3.120091
4.747869
3.394327
2.347745
0.979322
-0.890334
-2.282001
-2.911766
-1.187214
-0.477317
-2.152318
-2.610976
-3.167235
-3.308733
-2.026558
-0.758648
0.536724
0.014617
0.606207
1.315208
2.405165
3.777029
2.942815
2.350355
0.726042
-0.502985
-2.128881
-1.864337
-0.917661
0.904199
0.450412
-1.502214
-3.062650
-3.424095
-2.056218
-0.587759
0.735521
0.707449
-0.007939
1.355533
2.078205
3.508039
3.732820
3.117967
2.603384
1.252554
-0.782722
-1.871747
-1.432021
-0.003329
1.661983
2.808045
-0.709799
0.326298
-1.723024
-2.635773
-1.274521
-0.840742
-3.112210
-3.269915
-0.030600
3.625447
5.802871
4.918363
3.500377
1.838439
0.128402
-1.554199
-3.300090
-2.703363
-1.255056
-2.305390
-2.780104
-2.858860
-5.491352
-4.062542
-2.546225
-0.660414
0.677581
-0.033307
0.483884
1.284955
2.333423
2.160532
1.591033
0.444220
-1.455426
-2.985086
-1.988541
-1.035264
-0.165129
0.142532
0.160292
-0.114437
-1.063534
0.098364
0.220321
0.967695
0.330738
-0.482456
1.370157
2.492802
5.102000
5.514899
4.555926
2.447020
0.920914
0.525982
-1.090079
-3.838681
-3.867022
-2.322400
-1.890206
-3.019599
-3.880934
-5.224011
-3.032606
-2.519357
-0.888017
0.011395
0.022097
0.943374
2.010880
3.416399
3.833479
2.649554
2.037075
0.531360
-1.751884
-2.978340
-4.099373
-1.941262
-1.710960
0.730930
-0.434664
-0.679464
-0.729836
0.338663
-0.107090
0.826116
-0.990399
-0.157192
2.398397
4.215561
6.525099
5.998358
5.067706
2.323407
2.098920
1.236099
-1.775642
-4.719760
-4.162976
-2.296417
-1.625823
-2.723011
-3.133031
-5.581643
-2.747374
-2.879276
-1.206996
-1.098078
-1.025635
1.080406
2.708523
4.816572
5.422456
4.404370
2.249035
0.524892
-0.150891
-1.935122
-2.741894
-1.225418
-0.690613
-0.564807
-0.715718
-1.969769
-3.630474
-1.166973
-1.799435
-0.561156
-1.374321
-0.367253
1.447503
3.346014
5.804671
5.438068
4.487167
1.956980
0.774690
0.117607
-2.002263
-4.372900
-4.016617
-2.655910
-1.810854
-2.857374
-3.853489
-5.451832
-3.715919
-2.534333
-0.408454
-1.241953
-0.208158
2.322615
3.589653
4.946322
4.853520
4.238697
2.815309
0.649753
-1.485962
-2.253677
-2.332323
-0.539676
-0.611174
1.192732
-0.856407
-1.323079
-3.444588
-1.064331
-1.129537
-0.588054
-2.283709
-0.565637
2.504972
4.979798
7.129618
5.992787
4.647141
2.426737
1.046598
-0.915989
-2.714540
-1.961032
-0.348065
0.241071
-2.608551
-3.004279
-5.287366
-3.908604
-2.890761
-0.997386
-0.900004
-0.601789
1.109282
2.569302
4.611957
4.298963
3.216684
1.198400
-0.297249
-0.779293
-2.119240
-1.989776
-0.323212
0.408526
1.338128
-0.707695
-2.437664
-1.712441
-1.723317
-0.589919
-1.478765
-1.207920
1.011327
3.088300
5.670872
6.246707
5.343040
2.916051
1.153715
1.795784
0.667801
-3.191845
-4.976169
-3.310687
-1.856943
-1.248186
-2.490678
-3.104400
-5.370521
-2.794599
-2.802302
-0.930954
-2.069045
-0.402282
1.887698
4.084093
6.060372
5.026831
3.833793
1.428553
-0.201965
-2.995976
-3.758877
-3.019785
-1.110881
-0.539778
-1.683097
-3.281456
-5.468199
-3.827704
-2.665017
-0.721980
-0.578348
-0.480473
1.531157
3.799325
4.064622
4.346416
3.983847
2.048432
-0.462966
-1.348677
-1.887857
-2.963621
-1.035006
-0.713165
2.218997
0.511441
-0.229385
0.641521
0.338731
0.328727
-0.943161
-2.086567
0.812965
3.428399
6.779377
8.391835
7.243688
4.757169
3.155057
4.264089
0.890709
-3.018317
-5.259473
-5.216111
-2.375153
-1.619861
-4.597436
-4.848779
-7.223878
-5.124465
-3.418626
-2.339081
-0.826748
-1.192158
0.360073
2.255107
3.861502
4.639186
3.884496
2.330102
0.509241
-0.587931
-1.488611
-2.249708
-0.434936
0.082506
1.711959
-0.611701
-2.173136
-2.650683
-1.875853
-1.451826
-1.968720
-2.339420
0.490376
2.655170
5.651053
7.021258
5.889069
3.289883
0.824319
0.202484
-1.340062
-4.153965
-4.576206
-2.348212
-1.167115
-2.240207
-3.823649
-5.261121
-4.612233
-2.931530
-1.507767
-0.136785
-0.654499
1.086232
2.505149
3.925963
4.699232
4.099281
3.169948
1.225265
-1.759147
-2.127150
-2.026196
-0.567630
0.109702
2.365853
-0.183380
0.136137
-1.786793
-1.056644
-1.087702
-1.943592
-4.228011
-2.724617
2.111952
5.716154
8.612630
8.129702
5.887822
2.973705
0.302448
-2.750840
-4.914567
-3.957724
-0.638990
-1.315271
-4.518684
-3.573083
-6.674219
-6.752038
-3.950728
-2.331855
-1.296737
-1.091118
0.764333
3.209229
5.045422
5.442001
4.707997
2.949650
0.587660
-0.960051
-2.089995
-1.623515
0.056773
0.695305
-0.066763
-1.027079
-4.399966
-4.365620
-3.348656
-1.498317
-0.345182
0.132467
2.222475
2.342495
3.162865
3.307644
2.759126
0.967610
-1.129413
-2.029245
-2.048939
-2.188888
-0.635302
-0.390467
1.868301
0.174425
-0.963364
-0.200765
-0.338896
-0.000337
-1.239392
-2.117299
0.969263
3.858296
6.839485
8.439933
7.039100
4.963058
3.205715
3.499403
0.608873
-2.919249
-5.155898
-4.603042
-1.664435
-0.959252
-4.141261
-5.294286
-7.005009
-4.970954
-3.687887
-2.197045
-0.957279
-0.958622
0.934140
2.531528
4.625783
4.795768
3.509275
1.751927
-0.191227
-0.809313
-2.906430
-2.535134
-0.783736
0.293869
1.124705
-1.562055
-3.121802
-4.322647
-3.105245
-1.504637
-1.323459
-1.551262
1.049836
3.090552
4.831358
5.659527
4.324569
2.050718
-0.074482
-1.238502
-2.568860
-3.779695
-1.878388
-1.501867
1.849801
-0.928939
-3.099249
-2.189178
-1.765312
-1.086053
-0.097619
-1.579437
0.398155
2.557236
4.456608
6.229025
5.230151
4.004837
1.632448
0.148223
-1.122745
-2.343879
-2.035948
-1.810920
-2.692021
-2.047886
-2.597922
-3.736854
-2.358156
-1.988086
-1.283941
-1.076823
-1.258301
1.193226
2.916442
5.390968
6.262623
5.002232
2.827902
1.091635
0.897006
-0.400392
-3.890359
-3.527470
-2.279627
-1.133500
-1.488961
-2.260836
-4.051696
-4.350166
-2.853602
-2.167279
-3.004832
-1.993432
1.490065
3.623960
6.154167
6.885689
5.881592
3.173000
0.611970
-0.058396
-1.647470
-5.532318
-4.539732
-3.082932
-0.715056
-0.338603
-2.049619
-4.217140
-1.862080
-2.014267
-0.870558
-2.459509
-1.383508
2.232063
4.472761
6.630370
6.757382
5.697727
2.565249
0.467519
-0.209872
-1.627154
-3.582357
-3.466299
-3.001124
-0.822453
-0.649352
-0.801210
-3.794173
-1.155300
-1.385088
-0.918401
-2.514918
-1.358125
2.249376
4.763245
7.420895
7.880112
6.665209
3.600340
2.507186
2.127373
-0.667298
-4.291452
-5.758822
-3.796445
-2.640574
-1.023093
-3.234012
-4.864028
-6.333826
-3.950519
-2.690873
-1.174989
-2.391144
-0.967863
2.029088
4.228664
5.852152
5.906705
4.776967
1.495922
-1.109644
-2.548628
-5.504248
-3.928516
-3.002704
-1.081576
0.171683
-1.244930
-3.392537
-1.050715
-1.207408
-0.552328
-2.606849
-1.645094
2.099082
4.859499
7.750220
8.022296
6.601661
3.174601
0.646943
-0.711740
-1.824106
-2.954330
-1.608774
-1.086033
1.022550
-1.606154
-3.451847
-4.294066
-2.991520
-2.105741
-0.762675
-2.563123
-1.023146
2.002990
4.251958
6.551360
6.234622
4.834489
2.265692
0.570792
-0.706263
-1.469789
-1.585221
0.036704
0.451930
-0.315390
-1.880296
-5.234413
-4.357848
-3.392044
-1.820657
-1.170316
-1.447711
1.141180
2.305391
4.210639
5.303713
4.490257
2.628562
0.560992
0.132659
-0.588960
-1.074397
-0.475312
0.374946
2.212728
-0.017744
-2.529821
-5.296031
-3.493525
-3.021226
-2.013812
-2.891863
-1.792029
1.046680
3.206113
5.536087
5.484156
4.205220
1.729574
-0.141026
-0.792165
-1.602856
-1.616421
-0.063340
0.541706
2.715690
-1.264010
-3.620576
-4.003626
-3.472727
-2.175298
-0.835236
-1.875094
0.573416
1.335021
3.025892
4.643258
4.032665
3.154637
0.962420
-0.647330
-1.028003
-0.900663
0.071269
1.353153
3.215612
-0.356241
-0.977821
-4.821829
-5.020396
-2.666634
-1.381610
-2.907332
-2.796248
0.212427
2.652275
4.468264
4.004832
2.665296
1.515940
-0.317843
-1.322610
-1.528183
-1.000380
-0.480868
1.259181
-0.031860
-1.650678
-2.712790
-2.502428
-1.384047
0.785266
-0.318418
-0.443751
1.138145
2.508300
4.506577
4.878988
3.899378
2.110617
1.093763
0.813647
-0.916758
-1.473845
0.026526
1.551166
2.441861
-1.099373
-1.656455
-4.233715
-2.973953
-2.199274
-1.392820
-3.050954
-1.907697
0.345970
2.411561
4.645983
3.850093
2.482131
0.497530
-2.093884
-2.866471
-4.471251
-3.222952
-1.380359
0.402593
-0.682677
-1.381333
-2.653460
-3.110613
-1.486005
0.196068
-2.039305
-1.190477
1.125880
2.964812
4.624422
4.949079
3.862766
2.116551
-0.040120
-0.141233
-0.351491
-0.074928
1.426274
2.217429
3.383663
-2.065183
-2.661426
-5.035927
-2.805665
-2.078814
-0.737689
-3.217417
-1.050344
1.503088
3.539692
4.163478
2.222065
0.833826
0.665302
-0.680566
-1.104816
-1.492099
-0.638712
0.326903
0.340839
-0.507045
-1.060825
-2.491211
-1.933462
-0.675902
0.144941
-1.625705
0.247666
2.129309
3.914308
5.177049
4.047422
2.693877
0.818253
0.858181
-0.011894
-0.563809
0.325213
1.692144
2.455338
2.089691
-1.189174
-4.389536
-3.558749
-3.335146
0.490143
-1.412455
-2.687731
-0.786742
0.622975
2.591692
2.149577
1.073691
-0.008344
-2.045091
-2.979754
-2.945634
-3.278843
-2.256053
-0.164604
-0.155197
-1.313898
-1.573134
-2.003870
-1.537205
0.093512
-1.140273
-1.092303
1.453977
3.296107
4.554945
4.515354
3.459150
1.735834
-0.085283
-0.685590
-1.210256
-0.505919
1.690522
3.018184
3.275127
-0.955070
-2.781569
-4.960080
-3.102247
-2.272545
-3.371853
-4.066018
-0.085580
2.458686
4.986390
4.447464
2.322547
1.033157
-0.031144
-1.462574
-0.952355
-1.256013
-1.127108
1.073388
0.706893
-1.162455
-2.648567
-3.470870
-1.838130
-1.103392
-0.452347
-1.805582
1.143155
2.859028
4.829957
4.706341
3.142646
2.069337
1.215389
0.671897
0.824399
1.261284
2.504875
2.527349
3.579240
-0.454004
-4.133941
-3.907379
-3.115922
-1.029680
1.058351
-1.815441
-0.506573
-0.126420
1.424612
1.808131
0.449352
0.311970
0.099568
-1.276445
-1.426253
-0.969868
0.683131
2.307787
1.046353
-2.196721
-2.934971
-4.311648
-3.305747
-1.628116
-0.146765
-1.438302
0.514988
1.236324
2.561861
3.155005
1.815563
0.891839
-0.062424
-0.992993
-0.765290
0.383344
1.277506
1.608500
3.247559
-1.853063
-3.225113
-2.723668
-1.451320
-0.702746
1.064263
-2.138571
-0.872865
0.729572
2.955568
3.384144
1.679249
0.921197
1.145156
-0.630271
-1.089066
-0.630325
0.429191
0.708918
0.185452
-2.461608
-4.351165
-4.498147
-2.720291
0.684113
1.650721
-1.129975
-0.227543
0.224415
1.793894
2.756688
1.902023
1.287727
0.541952
-0.407516
-0.583387
1.045745
1.497670
2.125511
2.925373
-1.975230
-3.561401
-3.869851
-2.112634
-1.633106
0.133900
-2.617036
-1.383373
0.703243
2.761984
3.386498
1.772181
0.718912
0.723409
-0.356779
-1.701281
-1.531219
-0.339099
-0.240469
-1.197183
-1.725549
-3.047491
-3.274205
-1.699881
2.074813
1.691236
-0.939594
-0.052389
0.258524
1.584803
2.596891
1.956640
1.368975
0.492100
-0.332618
-0.518955
0.721583
1.184882
1.923450
3.085305
-1.055045
-2.499167
-3.306782
-1.595223
-1.238430
-0.342771
-3.016131
-1.182418
1.111920
3.353245
4.256850
2.504016
1.070005
0.689117
-0.859919
-2.054264
-1.747940
-0.531016
-0.525207
-2.184849
-2.128047
-3.907656
-3.625981
-1.802192
-0.436082
1.390819
-0.503202
0.657456
1.243564
2.386974
3.430315
2.642094
1.780866
0.642557
-0.294843
-0.368815
0.880696
1.103607
1.670051
2.924430
-0.986817
-2.532518
-3.043117
-1.297834
-0.984783
0.079194
-2.908552
-1.447337
1.482906
3.628598
4.688534
3.028264
1.634856
0.997160
-1.075451
-2.467838
-2.070644
-0.660119
-0.738608
-2.453499
-2.576507
-4.393515
-3.769510
-1.911082
-0.058930
1.575420
-0.803840
0.530258
1.118556
2.345280
3.440598
2.684267
1.736208
0.672799
-0.292240
-0.488612
0.638824
0.898305
1.618607
2.995932
-0.484812
-2.161257
-2.572396
-1.235596
-1.327627
-0.686846
-3.311670
-1.560679
1.000556
3.912478
5.198516
3.484073
1.712124
0.834046
-1.428244
-2.652936
-2.194049
-0.799712
-0.877173
-2.347217
-2.104951
-3.645468
-3.308707
-1.720968
0.558344
1.406452
-1.226576
0.235651
1.094640
2.622693
3.913345
3.213845
2.112077
0.869089
0.249654
-0.096497
1.061420
1.472476
2.302150
3.646777
-0.082300
-1.549397
-2.288555
-1.485943
-1.380730
-1.250777
-3.654858
-2.458447
0.592269
3.591770
5.153935
3.476609
1.576788
-0.046952
-2.263255
-2.993167
-2.474986
-1.025758
-1.107492
-2.253071
-2.085434
-3.486558
-3.443442
-1.881046
0.327902
1.170928
-1.721257
-0.154356
1.043852
2.524301
3.801729
3.081922
1.830796
0.608248
-0.093337
-0.194405
0.781995
1.186881
1.948675
3.363752
0.252980
-1.161327
-2.302689
-1.261562
-0.984335
-0.495887
-3.332690
-2.314536
0.233557
3.369544
4.778955
3.005401
1.165511
0.427331
-1.713233
-2.679916
-2.121371
-0.830114
-0.851275
-1.679758
-1.862875
-3.122591
-3.348407
-1.935714
0.052472
1.286992
-1.648479
-0.071592
1.208145
2.599316
3.903980
3.101164
1.811288
0.564466
-0.014222
-0.138077
0.940998
1.388043
2.188620
3.557510
0.220417
-0.928672
-2.385261
-1.505687
-0.962445
-0.518542
-3.316848
-2.593670
0.422692
3.305443
4.870211
3.260548
1.547302
0.071093
-2.302020
-2.794879
-2.664091
-1.335794
-1.395175
-2.729500
-3.096915
-3.983677
-4.378319
-2.526696
-1.339510
1.745602
-1.206031
0.249193
1.171310
1.765014
2.827732
2.773937
1.949359
1.421740
-0.615196
-0.883811
0.341542
0.364816
1.003180
2.841046
1.269516
-0.420349
-1.997606
-0.700127
-0.701696
-0.490366
-3.095889
-2.415927
0.859484
3.612163
6.263465
4.944134
3.505901
1.869862
-1.438981
-3.223200
-2.593704
-1.176952
-1.083493
-2.655614
-2.025065
-2.894110
-3.172516
-1.249029
0.822927
1.629619
-1.983030
-0.621329
0.323307
2.441254
3.992403
4.119223
3.256530
1.305203
-0.657567
-1.077005
-0.343787
0.288066
0.808730
2.131674
0.267435
-1.276179
-2.138228
-2.200724
-1.810938
-1.277443
-2.972571
-2.823803
-0.034805
2.751653
5.182125
4.775211
3.480461
1.892560
-1.348437
-2.491178
-2.410940
-1.312034
-1.111511
0.245498
-1.153452
-2.135920
-2.620957
-1.479165
0.346472
0.353062
-2.264067
-0.959107
0.319771
2.732847
4.534954
4.475058
3.371027
0.957652
-0.879704
-1.093396
-0.431695
0.287385
0.760722
1.854157
-0.385710
-2.302560
-3.547359
-2.269382
-1.580265
-0.691397
-3.091804
-2.435432
-0.134685
2.492702
4.502666
3.610554
2.333405
1.475747
-1.326980
-2.008034
-1.440251
-0.370581
-0.041577
-0.179618
0.060109
-0.265297
-1.418350
-1.312348
-0.212572
-0.793482
-2.659680
-0.829234
0.743848
3.627370
5.830156
4.670079
3.231812
0.980228
-0.640169
-0.823311
0.247013
1.024443
1.120582
2.165640
-1.765819
-3.631456
-4.016568
-2.563047
-0.378218
0.896122
-2.204084
-2.351767
-0.925567
1.583241
3.313809
2.402860
1.385850
0.649568
-1.452372
-1.806813
-0.727015
-0.219528
-0.165741
2.201571
-0.727649
-1.159337
-1.607835
-0.256450
0.474452
0.636493
-1.723991
-1.485905
0.043487
3.055251
5.515878
4.730113
3.357320
1.593063
-0.267406
-0.810127
-0.236770
0.788129
1.314449
2.021927
-0.694036
-3.296690
-4.129396
-2.975306
-1.596154
0.302312
-2.410413
-3.552495
-1.708906
1.493634
3.254171
2.444988
1.772223
1.290282
-1.438614
-3.065739
-2.271691
-1.314639
-0.496762
-1.013722
-0.067668
-0.549501
-1.823871
-1.242391
-0.330263
0.159437
-2.587240
-0.697463
0.462857
3.399181
5.373751
4.369377
3.080787
1.050913
-0.837410
-1.226620
-0.202037
0.503909
0.376028
1.436720
-2.081950
-3.540122
-4.008604
-1.959886
-0.848444
1.337581
-1.793226
-2.165712
-0.513538
1.715590
3.384860
2.984547
2.271497
1.099310
-1.439107
-1.995238
-1.294476
-0.731186
-0.420943
-0.287642
-0.470306
-0.737897
-1.510609
-0.448764
0.512221
0.785700
-1.948084
-0.289690
0.459352
3.223339
5.405277
4.363415
2.936964
0.994727
-1.019306
-1.104733
-0.273557
0.453790
0.593102
1.444787
-0.896448
-3.218599
-4.508281
-2.515535
-1.854388
0.046856
-2.569484
-2.798287
-0.831459
2.183961
3.957824
3.222999
2.421870
1.614601
-1.103763
-2.128357
-1.341460
-0.435708
0.263860
0.157232
-0.020491
-0.158254
-1.531121
-1.002811
-0.266795
-0.058368
-2.624375
-0.935226
0.497396
3.553828
5.653504
4.388740
3.136197
1.186267
-0.629522
-1.156671
-0.116583
0.755895
0.567332
1.904706
-1.528728
-3.605873
-3.959901
-2.254850
-0.501205
0.473501
-2.226022
-2.215211
-0.800770
2.114351
3.978611
3.237486
1.908210
-0.328384
-1.176170
-1.291551
-0.942822
-0.530690
-0.545177
1.543248
-1.041898
-1.862238
-2.381082
-0.664461
-0.051785
0.660794
-2.421705
-1.352084
0.309511
3.168730
4.979745
3.830105
2.286832
-0.027337
-0.946911
-0.875457
-0.470748
0.090093
-0.002631
-0.465015
-0.325368
-3.169037
-3.988901
-2.330322
-2.296012
-0.024065
-2.904752
-1.517853
0.415388
3.071405
4.531933
3.221387
1.860962
1.064091
-0.478155
-1.045181
-0.622268
0.204859
0.507878
0.615722
0.185774
-0.314031
-1.274556
-0.661336
-0.493422
-0.645432
-2.627209
-1.128643
0.846132
4.230028
6.101913
4.309959
2.434708
0.277342
-0.201415
-0.244282
0.194900
1.099572
0.907296
1.944310
-1.336642
-3.850033
-4.177271
-2.904575
-2.823983
0.920734
-2.484298
-2.735990
-0.497197
2.139035
3.802613
2.693669
1.953081
0.432060
-1.098093
-1.786054
-1.319592
-0.428798
0.292981
-0.002686
-0.857524
-1.846617
-2.969485
-1.757286
-0.915643
0.386657
-3.197695
-0.497652
1.241871
3.441063
4.864081
3.433523
1.946141
0.080297
-0.817353
-0.789460
-0.305426
0.251582
0.164200
1.130185
-1.362826
-1.642618
-1.722248
-0.661747
-0.019682
0.191263
-2.394807
-0.921793
0.825295
3.968888
5.972928
3.966873
2.485487
0.595552
0.214092
-0.001131
0.643425
1.284021
1.234622
1.884064
-1.730617
-4.117407
-4.230403
-2.722322
-2.880136
0.575993
-2.185619
-2.778939
-0.839314
2.158704
3.748764
2.428388
1.718741
0.401696
-1.326367
-2.125854
-1.631104
-0.506319
0.058641
-0.242595
-0.982791
-1.683167
-2.722053
-1.146261
-0.181860
0.713762
-2.608375
-1.053549
0.696784
3.423612
5.267537
4.093731
2.593470
0.316862
-0.472136
-0.748423
-0.562779
0.202763
0.238295
-0.659465
-1.102780
-3.788120
-3.886639
-2.526594
-2.466390
0.267481
-2.945971
-1.814327
0.473951
2.681188
4.302130
3.550780
2.588166
0.270403
-0.976879
-1.456179
-1.191354
-0.142337
0.463728
0.449852
-0.165004
-0.768507
-1.687962
-0.399386
-0.410319
-0.179965
-2.488033
-0.739628
1.134465
4.413279
6.163447
4.219806
2.568010
0.634857
-0.502668
-0.610833
-0.166730
0.615723
0.127954
-0.795601
-1.903854
-4.235256
-3.612088
-2.216570
-2.429252
1.138500
-2.359966
-2.071693
0.085047
2.210265
4.191281
3.526910
2.745341
0.296724
-0.632138
-1.082928
-0.852206
-0.124489
0.637666
0.384779
0.107705
-0.217230
-1.058658
-0.108461
-1.595578
-1.476207
-2.545243
-1.160775
0.640506
4.741056
6.451013
4.111100
2.259963
-0.182834
-0.644822
-0.837207
-0.660715
0.333245
-0.069799
0.800950
-1.206996
-2.997721
-3.131616
-2.091226
-2.782496
0.176592
-1.766557
-2.958402
-1.538008
1.934069
4.280230
4.137416
3.596475
1.056017
-0.373906
-1.340620
-1.113404
-0.047012
0.836221
-0.036569
0.319293
-0.358221
-1.141579
-0.208802
-1.989734
-1.294067
-2.358076
-0.892913
0.127659
4.536538
6.745092
4.896060
3.195078
1.131430
0.914137
-0.071986
0.059127
1.245169
1.194799
2.198540
-0.316160
-2.160639
-2.312081
-2.698740
-2.707153
0.557355
-1.671534
-3.900473
-2.896719
0.648389
3.259945
3.074164
2.786933
0.214204
-1.771915
-1.849243
-2.279498
-0.835493
-0.378660
-1.046624
-0.648999
-1.607278
-2.439251
-0.202460
-0.957903
-0.560601
-2.024400
-1.851534
-1.089233
3.115019
5.496807
4.249672
2.703226
0.145099
-0.711930
-1.165817
-1.351118
-0.198220
-0.227831
-1.737121
-0.390537
-3.124325
-3.276490
-1.917642
-2.331162
-0.592876
-2.177496
-2.722473
-1.347668
2.125015
4.467284
4.035813
3.201749
0.988198
-0.751700
-0.919315
-1.686033
-0.785854
-0.385940
-0.851230
-0.066674
-0.800057
-1.722220
0.387588
-1.116535
-0.201675
-1.371377
-1.745855
-1.043476
3.324613
6.347772
5.601041
3.867410
1.830205
1.047769
0.321980
-1.011538
0.429093
0.801385
-0.763294
0.274603
-2.330444
-2.518801
-1.681764
-2.184416
-1.123246
-1.834133
-2.930038
-1.644411
2.448432
4.789526
3.763211
2.848014
0.934952
-0.675478
-1.202337
-1.866464
-0.894595
-1.110915
-2.962380
-1.959166
-3.767534
-2.182936
-1.249007
-1.728461
0.746354
-1.420847
-1.629056
-0.779000
2.580960
4.877652
4.276193
3.255045
1.278786
-0.131276
-0.049800
-0.560383
0.779882
1.238555
-0.541179
0.757484
-2.279997
-2.912544
-1.565936
-2.122724
-1.671808
-2.403269
-1.987741
-0.932456
3.428762
5.749462
4.537301
3.227049
0.486000
-0.784776
-0.975668
-1.669346
-0.713523
-0.393141
-1.566267
-1.448398
-2.594181
-2.355458
-0.224644
-0.865497
0.347879
-1.560212
-0.991599
-0.702605
3.340150
5.662107
4.662440
3.160082
0.568906
0.091690
-0.043142
-1.806415
-0.646069
-0.179934
-0.716400
0.287932
-2.014018
-2.503312
-1.221204
-3.134719
-2.169160
-2.380126
-1.745312
-0.585974
3.368723
6.171359
5.628146
4.402791
1.807459
0.801779
0.152540
-1.121668
0.056035
0.561012
-1.585875
-0.540163
-2.594113
-1.960658
-0.615938
-1.746072
-0.408156
-1.812932
-2.345176
-1.610531
2.530118
5.159896
4.314164
3.145634
1.200668
0.246996
-0.200691
-1.454958
-0.273480
-0.121523
-0.795143
-0.824345
-3.080707
-2.457910
-1.435388
-2.758500
-0.411032
-1.489078
-2.509931
-1.856387
1.875414
4.320612
3.920203
2.933212
0.468972
-0.527768
-0.522570
-1.555252
-1.073630
-2.251455
-0.693083
-1.384384
-1.928567
-1.121523
0.889192
-1.311237
0.847232
-1.614585
-1.692400
-0.929345
3.243574
5.836228
4.632453
2.709492
0.627582
0.369605
0.154069
-1.332355
-0.215757
-0.207228
-0.706359
-0.532001
-3.290115
-2.107154
-1.337489
-3.051306
-0.607076
-2.794922
-2.223621
-1.114008
2.495321
4.700660
3.967652
2.631776
-0.060160
-0.556634
-0.442066
-1.889113
-1.388245
-2.312043
-0.498024
-1.316357
-3.023690
-0.189659
0.065955
-2.487325
0.785369
-2.640779
-1.868479
-0.793273
2.387048
5.084937
4.683872
3.187612
1.034269
0.608418
0.767224
-0.369054
0.894067
1.479870
0.487521
0.495016
-2.154648
-0.724551
-0.435584
-2.988406
0.557663
-2.252939
-3.171019
-1.848476
1.607885
4.425317
3.858002
2.692326
0.932921
-0.109529
-0.117873
-1.080489
-0.190998
0.143016
-0.962832
-2.385924
-2.167516
0.373534
0.200228
-0.935219
2.246851
-2.825046
-3.173712
-2.438141
0.631348
3.507464
3.373346
2.044730
0.359979
-0.253114
0.116339
-0.808422
0.206515
0.697622
0.658328
-1.151996
-0.624102
0.797854
0.705789
-1.905725
1.781451
-1.889931
-3.427445
-2.637321
0.660015
3.831131
3.529600
2.254061
0.515386
-0.288468
-0.229313
-1.130971
-0.258037
0.048351
-0.677742
-2.342962
-1.457964
1.106573
0.679904
-0.217278
2.345184
-2.484189
-3.391128
-3.162785
-0.254010
2.561208
2.364561
1.062159
-0.833962
0.208674
-0.189169
-0.758239
0.044062
0.234604
1.120707
-2.956254
-1.539435
1.212029
0.886723
-2.134753
1.130912
-1.697161
-3.133768
-1.953093
-0.477364
2.177896
2.254134
1.038331
-0.717851
0.629736
0.235035
0.020779
0.483061
0.190672
0.332243
-2.745370
-2.601576
0.082932
1.336128
-2.597980
3.130258
-0.304380
-2.048587
-1.119692
-0.314848
1.757536
1.870681
1.074010
-0.423119
0.753660
0.502786
0.111475
0.376031
0.864812
1.187442
-2.583130
-1.591169
1.469842
1.361425
-2.297905
1.452909
-0.912602
-1.704174
-1.570605
0.522159
3.182922
2.056785
1.006269
0.443971
1.222538
0.870413
0.070278
-0.247943
0.684031
0.531157
-0.321249
-0.597242
2.163159
1.491157
-1.989330
1.263698
-1.206547
-2.004148
-3.081775
-0.821763
2.843050
2.856686
1.847482
-0.091274
0.731116
0.519642
0.331527
0.978219
0.439920
1.008645
-1.330633
0.016186
2.223254
1.440440
-0.400871
2.223427
-1.693008
-3.601248
-4.187516
-1.518433
1.681474
1.829325
0.743184
-1.098835
-0.298460
-0.681510
-0.913774
-0.355217
0.357958
0.420720
0.513119
1.206923
3.774907
2.518110
-1.227130
2.340573
-1.246275
-3.329190
-3.956739
-1.506605
1.510719
1.885666
1.018808
-0.843834
-0.545847
-0.727886
-0.883977
0.006830
0.541201
0.903008
-3.249326
-0.978390
1.681386
2.194191
-1.376423
2.730031
-1.943317
-3.428715
-3.005829
-1.489147
0.403151
0.444484
-0.685346
-0.615329
0.167468
-0.019831
-0.194323
1.567622
1.725776
1.429830
0.196368
1.143231
3.569103
3.010426
-1.227765
3.244464
-0.516909
-1.826368
-3.316663
-0.135753
2.350360
1.930697
1.133101
-0.609360
0.539695
0.269443
-1.471781
-0.337637
1.125479
0.832960
-1.249798
-1.362150
1.368129
1.534303
0.341110
0.997209
-1.809768
-2.527856
-5.230973
-3.470218
-0.122214
-0.265931
-1.119274
-1.333037
-0.175640
-0.740321
-0.528295
0.066179
1.092690
1.157190
0.700432
0.989469
3.805822
2.443100
-2.331338
0.882764
-0.141886
-1.205181
-2.488065
-2.455205
0.015669
0.057850
-0.595736
-0.658848
-0.564263
-1.388914
-0.978968
0.875352
2.608992
2.530130
0.387084
-0.366594
1.693185
1.857442
-3.278275
0.240786
-0.222497
-0.593173
-3.800868
-1.833723
0.365553
1.002231
-0.224124
-0.786034
0.194026
-0.703543
-0.367247
-0.157661
1.642598
1.767769
-0.087719
-1.010880
1.438148
2.066547
-2.420697
0.402669
0.215568
-1.442652
-2.408629
-1.951681
1.413715
1.862910
0.265358
-0.257943
0.545179
-0.230110
-0.632221
0.176377
1.147760
0.448690
0.944303
0.890244
1.794418
-0.660006
-1.732693
0.261048
0.015258
-1.572578
-3.257241
-1.430187
1.797053
1.274557
-0.136602
-0.100369
-0.175622
-0.409965
-0.504490
0.682483
1.274478
-0.239374
0.075498
1.696624
3.549607
0.810662
-0.593764
0.699985
0.539394
-0.884332
-2.602052
-0.731612
0.814708
1.189224
-0.095179
0.013533
-0.279487
-1.233446
-1.378510
0.822202
1.922307
0.204431
-0.842322
-0.203770
1.409007
1.138893
-1.522637
-0.041877
0.370592
-0.644767
-4.611736
-1.826879
0.823945
1.332210
-0.019813
-0.790174
0.001773
-0.906534
-0.697582
0.850482
2.462500
0.816111
-0.646191
0.669877
2.116421
0.752124
-1.728894
-0.078959
2.044441
-0.842525
-6.475692
-1.795887
0.513612
0.969848
0.408794
-0.309106
0.179761
-0.422517
-0.398047
2.027309
3.459683
1.530904
0.053761
1.012328
2.631415
0.573505
-2.240235
-0.054990
4.135125
0.286348
-5.441279
-0.037152
2.465811
3.044962
1.926250
1.328603
1.434774
0.694881
-0.559510
-0.309359
0.779088
0.058823
-1.100480
-0.625668
0.630706
-1.945982
-3.679059
-0.471180
-0.387725
-0.513414
-2.793271
-0.625577
0.482420
1.461318
0.936669
-0.498405
-1.302342
-2.638078
-1.835696
0.427154
1.408975
-0.072198
-1.672473
0.846236
1.507663
1.341729
-1.451298
-0.172470
1.084510
0.049802
-3.911515
-0.789789
1.349622
1.771308
0.743945
-0.175535
0.240478
-0.801848
-1.470208
1.954822
3.647473
1.896571
0.525612
0.947403
2.397011
-0.558014
-2.993215
-0.370802
3.030246
-1.937016
-4.120027
1.596658
3.034090
3.461109
2.068222
0.901172
1.279027
-0.040799
-1.240914
-2.353307
1.247568
0.715409
-1.389285
-1.015082
1.345317
-1.203826
-3.510132
-0.639850
0.275852
-0.599268
-3.310063
-0.693449
0.968511
1.708085
1.104322
-0.096491
0.001157
-1.300453
-1.845111
0.272240
2.091648
2.211232
0.587970
1.085982
2.393240
0.358315
-2.721487
-0.348850
-0.069389
-0.660823
-2.734127
1.007583
2.225748
2.537721
1.508667
0.582698
0.338931
-0.904735
-3.539004
0.007901
1.710583
1.673701
-0.078807
0.330094
2.782708
0.740331
-2.117006
-0.288467
1.038619
-0.568064
-5.606412
0.248237
1.847684
2.090481
0.910179
-0.191153
0.167988
-2.252089
-2.560753
-0.452903
1.945140
0.703859
-0.759681
-0.404539
0.956319
-0.603047
-3.309715
-0.873914
0.609099
0.098648
-3.371721
0.001213
1.695819
2.676990
1.673491
0.068783
0.274806
-0.814975
-2.594434
0.905663
2.788278
2.238866
0.422127
0.729322
2.518703
0.472615
-2.637736
-0.312947
0.256534
-1.069574
-5.193731
0.052597
1.788421
2.626122
1.723526
-0.069851
0.431847
-0.444337
-1.134974
0.768933
2.341738
2.537930
0.210481
0.387914
2.189301
0.363613
-2.615678
-0.041381
0.505835
-0.775854
-3.630579
0.303516
2.017315
2.827554
1.718945
0.487770
0.840746
-1.072953
-1.678966
-1.431734
1.041125
1.601627
-0.149313
0.202372
1.772038
-0.264246
-2.936720
-0.572632
-0.536403
-1.064124
-3.446194
-0.220954
1.148578
1.792319
0.998720
-0.353330
-0.135703
-2.173172
-2.981487
-0.482256
0.888593
0.422453
-0.091930
0.894776
2.974907
0.877231
-2.118919
-0.377753
1.428188
-0.308424
-5.709918
0.301655
2.181253
2.421524
1.017193
-0.286726
0.094193
-1.967448
-2.180615
0.815525
2.687436
1.203731
-0.261303
0.143085
1.790421
-2.393350
-4.275631
-0.956243
1.628137
0.663092
-4.279277
1.099326
2.948066
3.402222
2.117394
0.475351
0.530233
-1.057652
-1.674422
0.499525
2.225514
1.673178
-0.164287
0.082349
1.962517
-0.372053
-3.512378
-0.709324
-0.260844
-1.191830
-5.210932
-0.100528
0.753876
1.746181
1.404461
-0.629904
-0.219956
-0.304692
-1.580349
0.552649
1.402677
0.300981
-0.472959
1.436833
1.995942
-0.462378
-1.537829
-0.430995
4.283317
-1.082121
-6.018182
0.380315
2.657995
3.385013
1.659634
0.325419
0.603108
-0.276250
-1.184956
0.623468
3.348085
2.457517
1.274239
1.443884
2.184198
-3.236348
-2.813045
-0.776501
0.288937
-0.224213
-4.916197
1.146876
1.973084
2.556500
1.515278
0.005641
0.125760
-0.727401
-0.746373
0.229107
0.968391
0.056902
-0.843553
0.875788
1.878332
-0.978623
-1.092553
-0.378553
3.078207
-1.666203
-7.662332
-1.028170
1.185423
1.475748
-0.217912
-1.338710
-0.729743
-0.828700
0.344641
2.997128
4.189337
2.886261
1.347366
2.048418
3.232437
-1.339419
-1.624870
0.196771
1.786426
-1.736632
-5.380535
0.888004
2.153730
3.352904
2.085727
0.719327
1.264804
1.109377
-0.123209
0.258175
1.111401
1.182306
0.807646
1.480549
1.611547
-1.845017
-1.656455
0.080962
0.089396
-1.948949
-4.883903
-1.329490
-0.182000
1.684572
0.649882
-1.165019
-0.649797
-2.047545
-1.073708
1.459280
2.066582
1.861570
0.995041
1.470090
3.118277
0.043529
-1.259400
-0.079728
1.857703
-3.019592
-6.288677
-0.224526
1.722487
1.694629
0.222751
-0.657452
-0.312846
-0.777598
-1.459784
1.925108
3.054152
1.388609
-0.097404
0.680043
2.339078
-4.031134
-2.947500
-0.278895
1.580802
0.564401
-5.644203
-0.017242
1.577663
3.163912
1.987503
-0.065680
0.227112
-0.199712
-0.815187
2.408836
2.960850
3.071245
0.998733
1.791430
2.422516
-0.657708
-1.271582
0.132173
1.267819
-1.150268
-6.299595
0.105511
1.562015
2.977244
2.029087
-0.008434
0.462757
-0.907798
-1.874020
-0.352727
0.698700
0.724684
-0.091199
1.022705
2.183166
-0.791748
-1.253271
-0.062391
0.630142
-0.573924
-4.123029
-0.289466
1.580715
2.931079
1.510306
-0.158419
-0.102128
-2.460277
-2.693713
-0.561552
0.888638
1.596764
1.023030
2.074470
2.207072
-0.695667
-1.630047
-0.455430
-0.321737
-0.856491
-4.835222
0.918902
1.534290
2.333187
0.977251
-0.571821
-0.567836
-2.972506
-3.066658
-0.271800
0.426108
-0.523135
0.146824
1.423688
2.251753
-0.508270
-2.062117
-0.830891
4.012433
-1.756404
-6.697779
-0.209852
2.449982
2.868684
0.986092
-0.832510
-0.496291
-1.559794
-1.411238
1.729129
4.410209
3.215567
3.176614
3.676162
3.372794
-3.729979
-2.818413
-0.296765
0.811464
0.648929
-4.387293
1.847467
2.681774
3.483194
1.987616
0.867046
0.798586
-0.801653
-1.477641
0.396849
0.892498
-1.771640
-2.571159
0.051544
0.770672
-1.638045
-1.807511
-0.324032
3.479034
-1.680629
-8.911841
-1.618033
0.815894
1.329186
-0.235859
-1.909256
-1.100332
-0.912605
0.082524
2.519848
3.694098
2.876967
2.456909
2.487838
3.427449
0.382376
-1.227888
0.049112
3.731443
-2.156635
-6.624828
-0.105262
1.994449
2.894332
1.152048
0.571153
0.829678
1.287921
0.881467
1.360281
3.060971
3.243334
2.694161
4.028017
3.494353
-0.477853
-0.775387
0.890506
0.089925
-2.466727
-8.317641
-1.774171
-0.926002
0.580819
-0.108893
-1.571018
-0.583778
-0.874536
-0.237866
1.223090
0.849843
-0.097637
-0.007580
0.853559
2.416606
-0.184487
-2.081977
0.163492
4.015835
-0.338514
-8.732664
-2.032464
0.872899
1.536200
0.120433
-0.836156
-0.145212
-0.245969
-0.323920
2.525554
4.587254
4.992436
5.595445
6.400719
4.910133
-1.954072
-1.695762
0.785560
1.802022
-3.662958
-3.650708
1.991423
2.668093
3.360112
1.788720
0.392885
0.681973
-1.891452
-5.344026
-3.859462
-2.138874
-3.382861
-4.549094
-2.669480
-0.878497
-1.268840
-3.189728
-0.262522
2.788951
-1.640616
-4.826711
-3.012738
-0.363074
0.406457
-0.916620
-2.555232
-1.463200
-1.532503
0.178249
3.221625
6.867638
4.207565
3.623864
4.800241
5.024073
-0.079949
-3.658878
0.205419
3.768390
-3.999835
-3.548763
1.031110
2.395519
2.550436
1.011849
0.425318
1.004524
1.623913
0.894933
1.611848
4.027225
2.655747
0.966915
1.081486
2.283319
1.621014
-1.457160
1.487009
0.230161
-6.345976
-10.302170
-6.985563
-4.394814
-2.986221
-2.641727
-3.619025
-2.771398
-1.317788
1.168002
4.273599
7.384023
5.265395
3.157308
3.928293
4.750110
4.481288
0.830905
1.069176
4.765666
0.233448
-9.596567
-5.222701
-2.864434
-1.943755
-2.059461
-2.305289
-1.036713
-2.375429
0.448014
2.589234
3.406672
2.424370
1.460699
2.184658
3.419760
-3.485257
-5.103287
0.807560
6.578379
-1.265029
-4.471776
1.392227
3.473007
3.729135
1.912723
0.692438
1.329277
0.265617
-1.996236
-0.700587
0.385772
0.198723
-0.817872
-0.450850
1.653430
-0.559604
-3.880022
-0.116317
0.669499
-0.953952
-8.497364
-3.994734
-0.973464
-0.304518
-1.058579
-2.746231
-1.908945
-1.711061
-0.375153
2.784452
8.189348
5.762144
4.351537
5.395768
4.923364
3.385267
-1.803241
0.968555
2.120750
0.757280
-6.931400
-2.674433
0.487781
0.907375
0.046229
-0.583945
0.060311
-2.192394
-3.325488
-0.445542
1.214451
-0.289325
-1.100703
-1.593401
0.569020
-3.292879
-7.491924
-0.680122
5.922058
1.615832
-6.599675
-1.708190
1.603779
2.290428
0.899813
-0.483258
-0.052003
-0.669137
-0.583261
1.891502
8.093716
4.144892
4.173759
4.269339
3.906241
-5.854834
-8.121848
-0.553871
1.703158
-0.551345
-3.070715
1.214376
3.327465
4.595745
2.788940
0.729578
1.504264
0.543710
-2.331877
-1.418736
0.454453
0.959604
-0.218909
0.261020
1.410533
-2.190651
-8.120676
-0.851314
0.777393
1.000992
-7.810851
-3.936331
-0.211823
0.693777
-0.142769
-1.792566
-1.709453
-1.759862
-0.836846
2.068898
8.001223
6.420254
4.423945
4.282396
4.852801
2.348033
-6.288830
0.794053
1.221439
-1.947262
-5.407837
-1.470917
0.833279
2.666199
1.059223
-0.639971
0.358314
-0.170769
-2.893693
-1.388830
0.812862
2.364493
1.311814
1.276430
1.951967
-4.385320
-8.084943
-1.165643
0.399062
1.081560
-6.219923
-2.403971
0.931192
1.664900
0.642483
-1.326824
-1.167982
-1.525088
-1.370907
1.190030
3.555489
4.157601
2.384384
1.824216
2.909621
3.251251
-4.678172
0.741076
0.763422
0.859596
-6.407365
-2.349452
0.408443
2.490706
1.199351
-0.408139
0.605115
0.101744
-0.266347
1.100810
4.832695
4.998941
3.366949
2.100998
3.151543
-1.380001
-6.819118
-0.597589
0.416844
-3.929727
-6.097181
-3.284870
0.447429
1.488716
0.622418
-0.627433
0.084053
-0.721089
1.866335
1.346419
3.536615
3.034124
2.013574
1.686223
3.687028
3.671402
-1.576655
1.340963
1.092361
1.296260
-8.731809
-6.430349
-1.352150
0.402599
-0.178571
-0.997921
-0.200274
-0.559348
0.169472
2.085070
5.115187
5.290204
4.167553
2.377316
3.498557
0.991339
-5.836025
-0.369248
1.063222
0.278391
-7.013098
-3.739494
-0.122510
0.871576
0.089352
-0.959326
-0.074333
-0.737301
1.414691
-2.098494
5.037211
3.880706
3.058679
2.230341
3.286513
2.893608
-2.475546
1.755619
1.595200
1.763194
-9.969742
-8.673310
-3.836591
-1.965886
-2.242939
-2.947927
-1.373668
-1.352899
0.220430
2.520413
7.156277
4.756812
2.752849
1.874142
3.137290
2.770194
-3.027476
0.831799
0.989484
0.602727
-8.125614
-6.709494
-2.332184
-0.625252
-0.956634
-1.931980
-0.991519
-1.091247
0.098841
2.960449
6.749348
5.250756
4.133763
3.758599
4.458070
3.580294
-4.935087
0.618379
1.514517
-0.639005
-6.267295
-4.936216
-1.524924
0.305252
-0.163096
-1.012028
-0.292433
-0.946156
1.115310
2.487443
4.556070
4.004003
2.483746
2.661268
3.356228
3.024218
-3.327550
1.432806
1.402378
-0.527517
-7.440825
-6.072558
-1.904505
-0.378543
-0.523158
-1.024761
-0.638994
-0.726145
1.208881
2.548832
4.501464
4.037745
2.824013
2.925468
3.629179
2.915859
-3.790297
1.486955
2.311208
-1.554252
-6.944849
-4.874096
-1.267008
0.307730
1.253085
0.570065
-0.167918
-0.044031
0.823561
0.757800
1.914882
2.091324
1.330569
-0.266400
0.820816
1.581773
-5.449079
-1.314995
1.635617
5.016033
-8.219170
-9.113706
-3.082686
-1.160370
-0.630626
-0.231595
-3.216028
-2.178600
-0.139388
0.914430
6.791914
5.935806
3.996701
2.050576
4.213918
3.915684
0.709025
1.547486
2.175518
4.190929
-7.412151
-7.213669
-1.565216
0.536628
0.990839
-0.733287
-1.612559
-1.336969
-5.078827
-0.895518
2.371961
1.369994
0.743961
-0.344678
1.143440
3.001955
-5.385354
-2.248400
0.886827
5.993680
-5.239112
-5.148146
1.015725
2.978281
2.911151
1.498071
-0.119072
-0.256556
0.451165
0.153705
2.949263
2.807866
2.232385
1.204963
2.254200
3.897999
-3.769158
-1.028799
1.811079
6.221770
-5.956447
-6.282925
0.325049
2.449022
2.393447
1.460675
-0.105367
0.153853
-0.912118
2.987260
2.743495
3.198626
2.489393
0.826031
2.103197
3.600086
-2.157839
-0.183167
1.900721
3.339690
-6.716590
-8.607050
-3.034397
-0.469838
0.286077
0.149504
-2.292497
-1.812865
-0.605688
1.015886
6.217681
5.336518
2.768349
0.626007
2.347616
2.659018
1.816784
2.054387
2.459645
3.721690
-7.347871
-6.178848
-0.434235
1.590085
2.045496
0.870731
-0.259218
-0.116132
-3.038225
-4.643984
1.158690
1.637286
0.909714
-0.102750
1.568054
0.136857
-5.746931
-2.181283
1.086599
4.580756
-5.432718
-5.125518
0.357942
2.665335
2.778379
1.476989
-0.898826
-0.645421
-2.182782
-1.202343
1.809774
1.743513
1.014232
0.535648
1.147210
2.186508
-0.318470
-1.803499
2.057258
5.990346
-6.355700
-6.897405
-0.792075
2.023047
2.388726
1.116984
-0.548866
-0.612905
-0.517647
0.172685
2.386966
3.658401
2.976859
0.675297
2.536930
2.789394
-3.412972
-2.990475
0.543549
2.298754
-4.455773
-6.429725
-0.722859
2.046288
2.345219
0.982609
-0.901441
-0.524062
0.445056
0.271184
3.831902
6.192433
4.479462
1.156305
2.551708
3.214088
0.459800
-0.556345
3.335987
6.429985
-6.079043
-5.862178
-0.175023
1.943486
2.818153
2.036062
0.715277
0.129162
-3.578190
-3.364085
0.233274
1.138647
0.625617
0.543810
0.529848
2.139463
-0.692580
-1.450021
2.066761
2.467059
-5.948194
-8.332799
-2.695470
-0.150862
0.451359
0.019128
-1.491910
-1.735429
-0.526079
0.153777
5.346393
6.073457
3.301521
2.582327
2.941477
2.908835
-0.464796
0.006106
3.393428
6.197070
-5.247519
-4.881903
0.462516
3.075207
4.460588
3.357213
2.110859
0.552253
-3.575805
-0.768883
-1.449122
0.709172
-0.767446
-0.638465
-1.640532
-2.853367
-2.735288
-3.501164
-0.303551
1.316358
-3.926441
-7.227896
-2.151145
0.457470
0.668326
0.365156
-1.229043
-1.665489
-0.359931
-0.225128
6.092601
5.797089
4.545978
2.180204
3.189168
3.272444
1.692587
0.165918
3.363517
6.062404
-5.788143
-5.647982
-0.409395
2.541032
3.284149
1.877863
0.851342
-0.279341
-3.826485
-0.147514
-0.127499
2.133784
1.004112
-2.251508
0.314398
-0.004350
0.818493
-3.988666
-1.127071
0.737589
-3.763164
-5.971662
-0.903691
1.920138
2.753523
1.913542
-0.195212
-0.576426
-0.410390
-3.713819
1.653883
4.458958
3.468375
-0.346481
1.330909
1.505545
-2.293011
-4.340873
2.656836
7.708077
-3.278653
-5.125729
0.736224
3.844023
4.243062
2.432215
0.347418
-0.134829
-4.390457
-2.373449
-2.365775
1.272780
-1.175549
-1.214442
-0.160529
0.433962
1.526989
-3.744249
-1.053771
0.821811
-1.133397
-5.971688
-0.789234
2.505589
3.436987
1.944350
-0.134657
-0.081372
-0.815876
-3.873397
0.994727
5.416183
4.492418
0.293977
2.069870
1.125696
-5.814376
-5.691461
0.846977
7.284829
-2.295897
-3.451458
2.013101
5.148530
5.493065
3.401649
1.082235
0.890991
-0.663360
-3.409166
-0.032245
1.589088
1.124984
1.535211
-1.694000
2.103173
3.340162
-1.688981
0.083573
1.210312
-3.254881
-5.422137
-0.230375
2.864678
4.610688
3.054121
0.978714
0.854868
-3.308254
-0.623006
-1.309283
1.732103
0.522455
-2.955181
-0.858969
0.788858
-0.598034
-4.597838
1.194108
6.735556
-3.204134
-6.969914
-0.696077
2.638952
3.283378
1.588098
-0.355615
0.095794
-1.087131
-1.852409
1.849729
5.554008
4.325231
2.491179
2.487008
2.797771
-0.942017
-3.911036
0.509960
3.435925
-2.132604
-3.123861
0.940163
3.964748
5.288463
3.475272
1.786165
2.332414
1.133599
-1.761955
-5.306518
1.870619
0.235685
1.389925
-1.708466
0.456841
-0.261160
-4.205945
0.179308
2.138990
-2.146116
-5.761279
-1.816007
1.356461
2.877265
2.632228
0.785196
-0.209824
-1.465020
-3.782565
-1.042513
4.208130
0.696500
-1.696574
-0.759210
-0.295290
2.383209
-6.705844
1.033976
5.775737
-3.344237
-6.296223
-0.885489
2.603989
3.611897
1.849517
-0.346896
-0.448684
-1.807913
-5.802418
-2.450942
4.831526
0.962432
1.741918
0.867959
1.270966
2.387589
-5.148507
-0.287007
5.937857
-1.151546
-4.018971
0.574986
4.073173
5.916882
4.206558
2.333046
2.287727
-2.337247
-4.347242
-3.067048
1.871222
-0.761204
-0.033748
-2.059714
-0.663408
1.149099
-3.630749
-0.906817
0.953640
-2.569649
-5.588475
-1.334094
1.804453
3.707314
3.309685
1.695257
0.566151
-1.249505
-7.223287
-0.877473
4.206510
0.976470
-2.891753
-0.844220
-0.333766
2.042578
-7.212846
0.650489
5.643096
-2.915487
-5.819959
-0.694444
2.946294
3.731446
1.861561
-0.095135
0.363282
-0.764109
-4.650123
-0.670129
5.906097
2.087597
2.418916
1.656361
1.547160
2.699753
-5.587209
0.220533
2.692120
-0.458724
-3.692326
-0.007400
3.082323
5.037536
4.146521
2.572040
2.908014
2.019351
-2.752263
3.503255
-0.645231
-0.981206
-1.070750
-4.515940
-2.135084
2.354852
2.692022
2.849349
1.153843
-5.251332
-6.507648
-5.112896
0.242839
3.288058
3.221051
1.847106
-3.958445
-6.851768
-4.789046
1.653189
4.693796
1.389883
-2.000178
-0.678077
0.815072
5.061047
-3.917460
1.745850
4.124012
-3.500318
-5.761240
-2.334992
1.704054
2.825332
2.287511
0.762176
0.359083
0.084223
-4.637652
3.571508
7.274468
3.849474
2.842631
2.887869
0.513964
-0.358450
-7.527751
1.022030
7.208236
-1.723334
-5.313762
-1.988474
1.162232
2.014382
1.450760
0.670117
-0.970121
-1.648723
-4.622750
0.184464
4.423404
1.659748
0.572881
-0.573872
-0.172804
1.788391
-1.271181
1.803335
3.734461
1.113195
-8.176277
-5.386437
-1.070447
0.878806
0.361171
-1.073355
-1.455344
-2.000260
-5.664583
-0.114408
5.335063
3.584502
1.345120
1.587246
1.371602
2.968524
-5.946479
-0.706652
2.677605
1.265139
-4.908382
-2.162786
1.756220
3.266328
2.488084
-0.006861
0.066136
-1.042519
-5.463683
-1.166087
5.618880
1.651943
2.067445
-0.016140
1.896461
2.939950
-5.139148
-1.817526
1.489553
0.651633
-4.113346
-1.057820
2.375451
5.050271
4.673440
2.873470
2.456642
0.934483
-4.226763
-2.062137
5.230433
0.465211
1.940366
-2.461024
-2.791094
3.205136
-0.183024
-0.310843
0.325230
-1.745473
-6.348701
-2.489503
1.272322
3.251367
2.880440
1.794686
1.362055
0.007727
-3.615034
-1.286743
4.723704
2.015026
0.058828
1.197631
1.079364
2.631543
-5.906178
-0.449126
2.760277
0.323140
-4.570994
-1.544406
2.018596
3.705240
2.614261
0.645062
0.699861
0.025469
-4.279730
-0.192877
6.075141
2.421971
2.360284
-0.135513
-0.939424
3.144739
-2.696863
-0.389003
1.777053
2.729628
-5.510696
-3.601888
0.724960
3.699384
5.412704
4.149755
0.928398
-0.294858
-5.084411
-2.231996
-0.718105
0.000236
-0.929702
-3.538356
-0.898141
1.672810
0.221589
-0.033706
2.923568
3.227359
-6.265682
-4.925754
0.583456
3.521108
4.235651
3.071020
0.471199
0.150985
-2.450786
0.165915
1.017622
-0.707058
-3.322312
-1.421180
0.718933
2.736128
2.802894
0.328338
1.354366
2.682055
-6.844757
-5.460443
0.205456
3.274642
4.304730
2.981214
0.673031
0.868137
-2.601069
0.401245
5.943506
2.639337
1.334832
-0.417782
-0.628699
3.001488
-1.319246
-1.444193
0.674708
2.266817
-5.421104
-3.839641
0.845387
3.666031
4.479831
2.745518
0.534726
0.361794
-3.375585
-0.024831
5.942307
3.303384
2.980825
-1.067505
-2.812074
2.918536
3.057219
0.035364
1.175238
2.848699
-7.262073
-5.421137
-0.797366
2.617413
3.733510
2.468953
-0.055420
-0.609290
-4.724007
-0.750439
5.191226
2.148683
1.556543
0.112749
-1.718630
2.782192
2.631938
0.401811
1.683197
2.967795
-7.247884
-5.470076
-0.470962
2.452044
3.052608
1.524422
-0.647399
-0.819573
-4.796341
-0.979592
5.210909
2.729668
2.161038
1.415213
1.225736
2.357243
-1.343773
-0.433841
2.167287
4.844298
-5.563863
-4.062469
0.181129
3.580333
5.535128
3.887086
1.123447
0.206979
-4.487633
-2.284323
0.151093
-0.031056
-0.459555
-4.419199
-1.663047
0.342315
2.146045
-0.061851
2.106921
3.876986
-8.122492
-7.089360
-0.375193
2.562458
3.674484
2.663001
-0.092918
-0.537591
-3.135352
0.149918
0.531311
-1.838651
-0.195436
-1.504645
-0.302917
2.950155
4.116004
-0.754098
2.496864
2.803677
-6.609610
-5.251066
0.518510
3.239525
3.885640
2.924106
0.005058
0.125977
-0.337442
0.382998
5.957953
2.265440
1.706948
-0.776742
-1.254804
2.487665
2.952853
-0.870847
0.199688
3.184717
-6.802249
-5.631435
-0.685677
2.663876
3.960063
2.320550
-0.370873
-0.576161
-1.796419
-0.317057
5.555460
1.524617
0.777340
-1.367715
-0.744722
2.313328
2.832975
-1.220537
1.321822
3.205486
-6.492902
-4.861014
-0.013902
3.222647
3.908494
2.179995
-0.318600
-0.869735
-4.187900
-1.636220
4.909284
1.558656
1.058540
-0.665238
-0.402743
3.108027
3.414229
-0.237507
0.315125
2.554267
-6.617283
-5.682254
-1.140965
2.437343
3.947233
2.544756
-0.031791
-0.680279
-1.878812
2.834245
-1.105850
-1.218417
-0.074003
-0.563116
-0.034368
1.698334
2.604943
-1.222322
2.132997
2.396566
-6.256717
-5.337810
-0.680128
2.840496
3.917117
2.270497
-0.433484
-0.757880
-2.197591
4.011637
-0.637528
-0.993459
-0.748482
-3.134776
-1.781851
2.248883
3.558138
1.453933
1.519346
4.135926
-8.537083
-7.426011
-1.898879
1.407192
2.944120
1.541362
-0.647282
-0.973369
-4.418770
0.237352
5.902958
1.807897
1.839459
0.759440
1.463721
4.868956
4.468715
-0.750708
0.113229
3.071805
-6.186853
-4.594576
-0.207350
3.191221
4.201054
2.128007
0.124690
-0.146716
-3.840081
-0.906595
5.734747
2.277671
1.377819
-0.411661
-1.745025
1.376008
3.458658
-1.899361
1.616786
2.910427
-7.123928
-7.287776
-2.695307
1.583976
3.396656
1.799782
-1.047745
-2.275575
-4.314581
-2.565476
-2.580554
0.819641
0.285743
-1.677269
-0.177772
0.911593
2.909999
-2.413630
5.927413
5.711805
-0.293369
-3.963394
2.531006
6.148000
6.936164
4.626586
2.861193
0.864185
0.847522
0.590753
0.408110
-1.608516
-0.337389
-5.367347
-6.443819
-3.077583
0.955710
0.145902
-1.784910
0.812610
-6.974381
-6.586624
0.419668
3.927125
5.748062
4.371169
1.279607
-0.363488
-5.567849
-1.934932
-3.050832
-1.350718
-3.313983
-2.572205
-0.042560
2.398991
5.016743
0.494023
5.906376
3.482345
-3.199001
-2.134701
3.941855
7.088869
8.196032
6.989382
3.351135
1.929821
-2.735606
-1.066457
-4.005181
-2.131298
-2.335651
-6.198304
-3.081655
-1.954273
2.106704
0.644822
-0.648947
1.593278
-7.659639
-6.645105
0.963246
5.406888
7.234721
6.783072
3.896988
1.633241
0.951403
-2.748010
-2.886812
0.510292
-0.240856
-1.358786
-0.849804
0.593613
4.215842
0.282297
6.442097
5.007004
-4.493351
-3.813908
2.227463
5.193426
5.787569
5.554980
3.238872
1.287919
-1.893723
-1.745558
-3.629221
-1.497727
-3.691398
-2.444171
-2.080603
-2.755686
0.510189
0.895408
2.644941
4.279451
-0.346575
-7.913403
-0.836665
2.365731
3.951638
5.049591
2.797707
2.430418
-0.926828
-5.598247
-0.985434
0.584118
-1.702642
-2.321268
-2.307042
-2.728891
1.161976
1.291028
6.656823
4.571196
-5.532304
-6.990088
-2.208825
0.970370
1.840991
3.101828
0.208120
0.582808
-2.918571
-2.041239
3.981929
7.473441
4.907536
2.980628
1.612768
-2.964729
-3.469664
-8.349691
3.482788
8.096475
-3.087805
-4.275184
0.503959
2.407298
2.542640
2.978454
0.352049
-1.244822
-3.449597
-7.596697
-2.889200
-1.727393
-3.866767
-4.163169
-3.392626
-1.766994
0.159515
1.610835
6.819317
5.090353
0.677107
-7.939035
-2.426935
2.591166
3.654447
4.573923
2.072246
1.060090
1.812139
-1.926990
-0.301802
6.311412
3.791191
-0.892312
-0.837820
-3.886688
-0.557112
-4.066103
3.177984
6.349369
0.927930
-7.579820
-1.773629
1.130389
1.759979
2.884756
1.067591
-0.144852
-0.716862
-6.791644
-1.744503
0.387137
-0.408124
-0.979698
-0.746717
-2.805788
1.308798
1.241818
6.423315
4.704021
-0.657159
-8.067935
-2.979456
1.414445
2.694577
3.591060
1.045513
0.092121
-1.317158
-3.368010
-1.018100
5.710883
2.289860
1.149210
-0.700801
-3.705781
-0.297740
-2.686019
3.466799
5.260453
-1.960068
-7.925287
-2.893219
0.038517
0.938123
2.111229
-0.325357
-2.737886
-6.365209
-3.935653
0.697478
-0.496961
-1.634440
-1.306202
-3.166278
-0.960519
2.405296
3.849602
5.465971
4.018626
-2.165842
-9.042170
-3.352448
1.143862
2.647162
2.747022
0.702913
-0.892584
-0.475844
-0.577934
5.852709
2.801190
1.496069
0.636509
0.767663
-2.486946
-0.658534
-4.056711
1.328155
5.302855
0.258212
-6.325687
-3.542069
0.798414
3.331081
3.242804
1.839580
-2.951818
-4.096455
-5.582973
-3.646667
-2.249110
-4.345389
-4.706746
-4.764819
-2.496207
1.027102
2.609163
4.536057
4.962687
1.747309
-7.916992
-3.538044
2.376375
4.223196
4.239299
2.513367
-0.563120
-0.557270
3.782953
4.313748
2.557776
1.716132
2.279695
0.676238
1.120036
2.689599
-4.392705
-1.008483
3.906269
-1.305391
-3.179772
1.943098
4.200058
6.105069
7.682957
4.209916
2.547280
-3.586025
-10.998599
-3.794271
0.569399
0.129490
-1.166003
-2.402747
-3.410362
1.149580
4.817857
3.977525
4.658578
-1.186805
-9.844810
-6.450082
-1.464209
1.559165
3.097772
2.012380
-0.415221
-1.912645
-6.726889
-2.838802
2.219396
-1.424943
-1.324607
-1.886685
-0.790021
1.555757
0.540962
6.675978
6.882600
1.266831
-3.889594
0.084910
5.334966
6.877511
7.186542
5.725312
1.383907
-2.301486
-2.284826
-6.363758
-1.533761
-0.459964
-0.551650
-0.909323
-3.424690
-1.073592
1.768674
1.129627
3.915626
1.462323
-6.457738
-0.160866
3.252892
4.121913
5.471335
5.617689
2.554394
0.439188
-3.442837
-1.593785
0.838305
-0.703520
-0.838264
-6.168326
-4.679686
0.416582
3.644320
4.003541
3.970744
-0.015713
-7.982105
-4.081535
1.322264
2.769173
3.118340
2.658526
0.904834
-1.907449
-6.020281
-0.634558
1.394770
0.704135
-1.079662
-1.841169
-2.164064
1.176656
2.067097
4.248829
5.741136
1.473593
-7.824306
-6.436397
0.462026
2.406625
3.152639
2.927283
-1.191041
-0.187400
-4.148726
-2.711034
0.486520
-0.047408
-0.982437
-0.564987
-2.141411
-0.957668
-1.812078
0.721958
6.130672
5.822116
-6.638370
-6.054794
0.775445
2.589494
3.693578
3.287534
-0.462140
-0.892555
-2.312216
-1.626666
1.802635
0.934251
-0.411374
-0.747688
-1.296848
0.218275
-4.072759
0.738218
6.626080
6.385419
-5.318469
-5.329133
2.082445
4.077902
5.053063
4.470762
-0.304751
0.534702
-3.524003
-3.472292
3.280586
1.856251
0.135949
-1.931001
-3.752155
-0.796641
1.008588
1.108707
6.025377
4.388556
-5.927901
-6.717150
1.151828
2.686591
3.872115
3.912991
-0.722112
-0.556299
-5.288967
-1.034591
1.880514
1.386503
-0.564893
-0.235772
-2.591825
-1.098356
-0.806868
0.991042
6.008193
4.827909
-6.525190
-7.240255
0.136434
2.137225
2.940439
3.017740
-0.989785
-0.226595
-5.647246
0.544176
3.277069
2.490971
0.638724
-0.507942
-4.866829
-2.146558
-5.149825
2.229231
6.531566
6.746160
-0.101037
-5.121754
1.968326
4.672973
5.149609
5.030187
2.418240
2.070254
-1.260803
-0.659599
2.169119
2.959071
-0.022059
-5.436426
-9.165735
-2.931921
1.033744
0.018981
4.442351
3.334787
-0.639367
-6.670034
-0.135564
0.741563
2.302023
4.249266
1.144144
-1.538926
-3.028676
-0.403967
5.966050
4.639331
2.236715
-1.176598
-0.341938
3.898883
6.887259
7.036501
4.581355
2.485363
-6.323821
-10.961483
-3.708706
-1.467838
-0.174092
2.602129
-1.524912
-3.366390
-4.586330
-1.755792
0.987524
2.365887
-0.140501
-2.347773
-1.695686
0.084775
8.336450
4.245483
4.005900
3.317265
-3.843820
-8.754098
-1.437415
1.398942
2.599983
3.603379
-0.892220
-0.857433
-3.020280
-2.456642
0.857881
1.238258
-0.006910
-1.460562
-2.049079
0.423009
5.176946
3.127748
5.270218
5.232845
-2.593618
-6.990880
-0.049050
2.401355
3.173232
3.902927
-0.507540
-0.644293
-3.681130
-2.305118
1.591540
1.769016
1.085583
-0.569736
-7.175738
-5.242646
-1.500882
2.610139
5.820853
4.692644
-0.052450
-3.355386
3.284573
5.721829
5.711041
5.946641
2.566772
-0.244073
-3.438808
-7.315619
0.061881
1.944138
-3.501016
-9.185616
-11.908227
-11.994001
-7.459268
-1.580837
4.423479
4.754044
0.835578
-2.594970
4.407342
6.850577
5.734327
4.944003
1.173187
-1.040538
-12.339826
-3.762517
-0.430997
0.269872
-0.012530
-0.476454
-0.050083
3.494432
3.961272
2.925100
5.333318
4.812401
-2.593271
-6.718361
0.568056
3.247802
4.400514
4.763248
-0.484548
-0.287565
-2.887094
-3.979570
0.749954
2.759124
1.164641
1.080779
-0.903664
-2.299069
-0.172463
-0.948650
6.141147
5.905657
0.066656
-5.666484
0.697760
3.634658
3.929972
4.814354
1.768498
1.108864
-2.410991
-1.882127
2.246648
1.646706
-0.635548
-2.208123
-3.617864
-4.730633
0.189404
0.818286
5.214658
4.749436
-0.160214
-8.323070
-1.321872
1.693288
2.038324
4.321498
-0.469766
0.188418
-2.228987
-1.825719
2.964150
3.273949
2.786016
0.163040
0.215020
0.989682
5.208078
6.456990
6.241188
3.442300
-2.535579
-8.444900
-2.717009
0.618764
1.780867
3.271182
0.230832
0.136505
-3.114948
-2.256218
2.062704
3.610887
-2.591669
-1.927372
-3.634831
-4.788798
0.690822
-0.740869
5.388724
5.435970
-0.996330
-5.604530
-0.223424
3.100448
3.690108
5.137160
1.081829
0.052257
-3.454749
-3.213842
2.503094
3.998467
0.011940
-1.914781
-2.627690
-1.444154
2.376406
5.235837
5.441367
2.198043
-4.127693
-8.189031
-2.805971
1.289095
2.540478
-1.355017
-2.419250
-8.610599
-8.021043
-5.883098
0.386600
1.672103
-5.746787
-2.941888
-1.407055
1.368841
7.073193
2.514246
5.941625
4.167655
-1.451055
-3.759138
2.094290
4.693066
5.175675
5.861675
0.389058
-4.347582
-4.232210
-8.012383
-2.683873
1.109852
-3.553965
-0.781942
0.128114
2.037893
4.395195
3.630333
5.640973
4.243425
-5.734959
-4.970290
1.526787
4.758222
5.881127
6.170869
1.511516
1.664179
-3.087250
-6.597043
-1.684988
2.398173
-1.662926
-2.279830
-1.303675
-1.724489
3.137550
2.177141
6.231730
4.205187
-1.313419
-8.493248
-2.588592
1.364747
2.508411
3.248432
0.571959
1.530018
-1.332506
-4.073361
0.472662
4.868152
3.305369
0.290217
0.270562
-1.632180
1.816532
-2.115376
5.452778
5.239766
-0.557141
-7.499896
-2.494308
0.804336
1.804335
2.610872
-0.583490
-0.682222
-3.106462
-5.028938
-0.342769
5.292997
3.165958
1.409812
-0.234953
-3.243214
-1.006135
-4.864599
5.922666
5.946154
0.966174
-6.770846
-2.337478
2.264860
3.321801
3.942389
1.321838
0.301199
-3.187830
-6.176114
-0.893850
5.869468
3.414669
1.237273
0.580474
-6.454247
-2.413314
-5.244364
5.011760
6.175481
1.370486
-7.406413
-3.447606
0.864000
1.984490
2.867456
0.569237
-1.769837
-6.816839
-2.720070
0.123881
0.567709
-1.074515
-2.001793
-3.514313
-2.471875
-0.041944
-0.064260
5.929264
5.269523
-0.519388
-7.025863
-2.393296
2.494500
3.363683
3.698279
1.303540
-0.525829
-2.386370
-3.348651
-0.454733
5.008022
1.332881
2.109969
1.330368
-3.986987
-3.745548
-8.420295
1.676296
6.384190
3.664479
-3.942503
1.809557
4.690618
5.833837
6.701472
4.470910
3.664187
-0.785897
-5.616669
0.485189
3.055666
-0.294881
-1.850553
-6.776023
-6.848667
1.375597
5.690334
6.216231
3.464303
-7.028440
-8.332877
-3.773569
-0.842248
0.481997
1.862691
0.556729
0.649571
-6.296969
-5.409353
-1.063608
3.382567
-1.045128
-1.450997
-2.259353
-0.844144
3.798915
3.556408
6.952730
5.493236
-1.162750
-5.948309
-0.853005
3.451509
4.850467
5.733455
2.826416
0.968299
-2.613493
-2.917208
-2.691740
0.317077
-1.682524
-0.967011
-1.454767
-4.020844
-0.667551
-0.232481
3.014797
3.302729
-3.362166
-6.680296
-1.828065
1.320950
2.616824
3.499482
2.501511
0.393585
-0.708704
-5.967347
-1.946855
-0.853157
-3.687096
-3.848955
-4.255407
-2.275010
1.223362
5.089763
5.937069
4.712917
0.513283
-7.291411
-3.680398
2.173366
3.384696
4.517210
3.103669
0.250488
1.110173
-2.443058
-1.867609
5.612390
4.308571
3.639278
0.480247
-4.330451
-1.897967
-6.242426
-0.557169
3.640434
-2.114702
-1.139187
-1.811499
1.877176
2.655257
2.663271
1.756614
-2.360663
-2.923808
-6.041821
-3.162149
2.738679
-1.404723
-1.726934
-2.756807
-1.132882
1.994555
4.728333
5.787349
4.171173
-1.047557
-7.822293
-4.478588
1.327801
2.854684
3.278773
2.167082
-1.596896
-0.945996
-4.462492
-1.022758
5.214262
1.920141
2.077999
3.218681
-2.420052
-2.792392
-8.055550
-2.534949
2.693463
-0.942212
-3.026282
2.606327
4.438765
4.646953
4.981554
3.936937
0.093405
-3.696800
-4.294907
-1.615260
4.064736
2.372916
1.362786
-2.819874
-2.322328
2.486690
5.069802
4.281259
4.497851
-0.862228
-10.599162
-7.482831
-2.051487
-0.260140
0.756236
-0.413684
-1.379869
-2.653684
-0.468959
6.199592
1.809926
2.417724
1.026089
-0.467037
-0.836875
1.915257
-1.818836
4.818859
6.154739
1.403216
-7.979568
-4.944980
0.336490
2.328106
2.242000
0.591796
-1.768762
-1.112924
4.779173
-0.815746
1.486550
0.494603
-0.454326
0.364263
-1.725189
-0.543923
1.001835
1.822677
3.652924
2.011421
-8.304931
-4.895850
-0.347393
1.582860
2.564550
1.883587
-1.370852
-3.129036
-6.018343
-2.922067
-1.680608
-1.996697
-2.898638
-3.290179
-1.716889
1.269408
3.503493
4.120529
5.800213
4.243441
-2.315878
-5.953316
2.052833
5.155995
6.369116
4.912911
1.364191
2.574562
-0.441713
2.224904
1.528713
3.688046
3.517945
-0.966882
-1.573534
1.132635
3.101738
-0.506617
1.580145
-1.472966
-7.337921
-2.125852
-0.149405
1.654550
3.658117
2.874262
0.241418
-4.804304
-7.032628
-3.157851
2.572966
1.635293
-0.683127
-1.980218
-1.839215
2.223601
6.427176
6.415875
5.977684
1.258017
-5.891203
-11.103025
-2.315091
1.137931
2.676002
3.006798
-0.753794
0.716621
10.545238
1.273472
2.413221
4.905547
2.983193
0.070231
-0.274992
2.449395
8.366042
7.370040
4.623744
3.327567
-7.871732
-9.829631
-4.668966
-1.728017
1.107466
1.600436
-0.660836
-2.063431
-3.259824
0.718945
2.737305
4.876758
2.798425
-3.304221
-0.950680
2.537573
11.192259
9.633189
5.326474
1.025356
-11.664980
-13.741453
-7.723059
-4.933029
-3.230421
-1.638419
-2.945801
0.980700
0.893074
-0.079227
4.810753
1.152626
0.046485
-2.622178
-2.052222
0.208139
8.580919
6.415510
4.110596
1.009537
-5.283154
-9.577082
-1.533945
0.854318
2.103932
2.433592
-2.968606
-2.731845
-5.212351
-3.210433
1.354164
1.386553
0.716846
-2.303556
-2.409880
1.093876
2.473555
2.078941
4.962711
3.566012
-7.662337
-6.517901
0.577577
2.375191
3.480872
3.316926
-1.172926
-0.546074
-0.232204
-0.852086
4.922860
2.768828
0.439992
-0.545657
-2.330729
-1.303689
-0.926183
4.083128
6.730114
6.011710
-6.186860
-6.352617
-0.019353
2.265716
2.918257
3.103925
-2.099055
-1.603927
-4.993200
-3.836712
3.468339
2.413172
0.821703
-3.103470
-2.721642
-1.662633
1.067777
1.897970
6.678200
4.581845
-6.276230
-6.547806
0.701047
2.865582
3.866306
4.428014
-0.489743
-0.596380
7.444317
-2.410698
0.471351
1.919713
0.880813
-0.968745
-2.400615
-1.303849
-0.203964
-0.446442
6.795926
5.268571
-1.815027
-7.438338
-0.059737
2.701774
3.732633
3.952072
0.491925
0.782281
-2.422007
-3.145040
2.669340
4.290594
2.368599
0.226724
-0.951474
-2.652353
-2.232144
-1.939597
4.441959
5.982522
-4.662986
-5.743350
0.640047
2.403032
2.802989
4.106520
-1.393300
-0.946558
-3.642864
-1.250802
-0.189155
1.397961
-0.629254
-2.768080
-2.988711
-2.021394
1.378734
2.992844
6.009511
3.733979
-2.734718
-10.264731
-2.189530
0.577184
1.577236
2.300364
-1.590212
-0.763883
-3.116372
2.861244
7.851921
6.319363
6.880327
1.239262
-1.375292
-1.982661
2.104369
-1.778362
4.824776
5.414042
-0.281485
-7.622604
-0.545003
1.294686
2.378811
3.723674
-0.671222
-5.691960
-6.411942
-1.559128
0.319753
0.621686
0.081057
-1.940491
-0.768867
-0.159457
4.854111
4.795415
5.473020
3.369655
-2.332719
-8.066129
-1.540590
1.422180
2.652686
3.368121
-0.576589
-0.104190
6.797754
-1.872033
1.031876
3.880764
2.525779
0.244974
0.257542
1.081047
4.681213
3.945061
5.377041
2.855328
-2.611110
-8.080330
-1.926390
1.068693
1.530642
3.864283
0.001020
-0.725013
-3.094134
-3.554677
0.046340
2.820539
-2.575671
-0.988440
-2.025543
-3.699888
0.344961
-0.388105
5.948046
4.511646
-0.934663
-8.050140
-2.246595
1.095598
1.566035
3.168735
-0.586772
0.225178
-1.646365
-2.596283
3.749099
5.178931
-1.109799
-0.061982
0.043819
-2.998394
1.284121
-1.125666
6.309395
5.400337
0.282496
-7.257235
-1.994432
1.760579
2.461666
4.467741
0.994506
0.802369
-2.419400
-2.998240
1.142926
3.925450
1.541953
-0.729418
-1.200184
-4.251082
1.217364
-1.110973
5.582288
5.284441
0.313487
-6.721768
-1.452194
1.933819
2.695013
4.035395
0.304338
0.002508
-2.835392
-2.991246
1.300530
3.577010
0.722057
-0.098635
-0.796868
-4.200623
0.991566
-0.673515
5.709877
6.780805
0.499599
-5.143466
0.198691
3.484193
3.906188
4.936539
1.592423
0.785150
-2.834135
-4.283576
0.597840
1.497025
-3.109055
-1.832729
-6.734503
-7.092526
-2.413996
-1.359179
5.128431
5.351578
1.622504
-5.535359
-0.011336
3.765381
3.936898
5.041321
1.764341
1.026112
-2.097051
-6.053429
0.751303
3.428899
-2.059615
-6.915389
-7.409317
-6.442734
-1.437720
0.136958
5.087433
5.193194
1.592482
-4.832972
-0.033681
4.321342
4.846206
6.195973
2.757119
1.639767
-1.191219
-4.022857
2.270462
4.765220
2.630132
0.745225
-6.594076
-7.532188
-3.646604
-1.934050
4.903306
5.847442
1.722223
-5.246344
-1.721429
2.587339
3.119987
4.441581
0.435093
-0.032314
-2.353229
-2.798730
2.671076
5.172931
0.429163
-0.942463
-3.253133
-4.945729
0.116185
6.881594
5.837654
2.394300
-1.799983
-10.911622
-6.769613
-2.539214
-0.231241
-1.690502
-0.629887
-0.924475
-2.799287
-0.560583
4.901538
6.508683
0.370468
-0.294817
-0.274781
1.306831
6.388893
2.628444
6.297235
6.324767
-1.920589
-8.635211
-4.608250
-0.242168
0.680206
3.239905
0.096189
-2.352152
-5.433855
-7.572124
1.377234
5.970553
4.381594
0.443623
0.141369
-1.860123
2.951328
1.499378
7.288609
4.807232
-1.641643
-7.496575
-3.102282
1.130236
2.257118
3.111509
0.210342
-1.506294
0.228954
-7.589985
-2.417732
4.204585
0.591397
-0.379167
-2.022390
-3.340104
1.162511
3.421884
6.869833
3.776007
-3.154981
-9.216460
-3.832087
0.641990
2.157883
2.405542
0.356896
-1.368658
-4.686837
-1.789161
2.110093
1.539731
-0.278322
-0.776628
-1.514169
-1.176041
1.106093
-1.999487
5.653979
5.893296
0.817048
-7.160527
-2.370459
2.199640
3.991882
4.440256
2.216927
1.032829
-1.361783
-7.481030
-0.389737
6.779481
4.098710
1.970843
-0.435269
-4.646708
-0.690433
-1.777434
3.747469
4.827482
-3.718832
-7.721186
-3.662727
-0.927506
0.180201
1.295605
-0.283709
-2.663774
-5.154110
-2.905037
-2.817398
-2.743550
-3.900776
-4.504177
-6.343579
-2.649361
0.743330
6.368257
6.043479
3.592180
-1.812178
-6.037389
-3.952018
1.368809
3.750720
4.337543
3.343090
-0.166612
1.462253
12.823287
0.186915
2.782530
4.121967
2.475828
1.135172
-3.707660
-2.250187
1.960072
2.070355
3.309689
0.221928
-7.710571
-4.084811
-0.045644
1.452072
1.532473
0.543262
-1.565599
5.201101
-3.711639
-2.895330
-2.521104
-1.209511
-3.183826
-3.394204
-2.070336
-0.114694
5.566157
6.073552
4.640732
-0.143167
-7.932168
-4.016709
1.651480
3.637027
3.693336
1.581312
-1.283152
-0.428082
3.337135
-1.108844
0.711823
1.534908
0.724570
-3.051814
-2.462711
1.547394
2.906622
1.746031
5.037906
-2.068563
-8.132777
-4.233709
0.830526
3.858875
3.960137
2.446835
-1.074335
-2.483511
-5.968171
-3.554952
-2.175955
-4.348463
-4.042169
-4.417703
-2.101190
-0.318960
3.309976
5.644711
4.851780
0.917429
-6.765297
-2.238101
3.631802
5.072088
5.343006
3.687655
0.214149
0.983366
-0.838169
-0.820858
5.754387
2.571540
2.740887
-1.119754
-1.063548
1.446140
1.018489
0.580435
2.551483
-3.250436
-4.848231
1.942845
4.279163
5.630121
7.065391
4.214760
2.115124
-3.367874
-8.162084
-2.994084
-0.415848
-2.221313
-2.807384
-6.856381
-4.124728
-0.139053
3.778003
4.546619
4.174844
-0.275031
-8.813629
-4.514698
1.386688
2.890306
3.495583
2.576760
1.543301
1.632567
2.990251
0.313512
1.354683
1.562675
-0.768211
-0.353780
-2.313449
-1.280147
-1.339295
3.817879
7.428006
3.017049
-8.078327
-5.626046
-0.483654
1.579767
2.707477
2.394685
-1.362466
-0.257113
-3.807958
-1.669565
2.248123
1.440189
-0.604741
-1.937542
-2.806245
-1.009684
0.472650
1.278942
6.210829
5.181576
-7.031054
-6.153115
0.833143
2.129645
3.364283
3.393651
-0.593485
-0.704859
0.771650
-0.750820
0.089055
1.349863
-1.120556
-2.093582
-2.873460
-1.709758
1.361571
4.306645
6.547577
5.256814
-7.722148
-8.033171
-0.802742
1.530197
1.970359
1.872012
-1.497329
-1.714264
5.844133
1.603588
2.004339
1.947821
0.224086
-0.277307
-2.794402
-0.395800
-4.482864
0.188909
6.885033
6.766778
-5.526835
-5.201459
1.708314
3.626416
4.758910
4.134814
-0.914803
-0.257180
-2.194038
-1.542559
1.577568
0.768161
-0.730176
-1.892485
-2.714792
-0.949909
1.643527
1.247768
5.880685
3.777017
-6.602241
-7.710110
0.280138
2.026309
3.285791
3.204876
-0.097076
-0.265646
-2.523790
0.147059
1.198384
2.132987
-0.108672
-0.983972
-2.277401
-1.512667
0.110232
3.014083
6.649601
4.953281
-3.308699
-9.031405
-0.970032
1.180571
2.164999
2.288380
-1.427869
-0.052565
4.039528
0.318048
3.889074
3.613123
1.953935
1.092929
-1.468555
-1.722462
-4.064199
0.380886
6.708551
4.907676
-4.000309
-7.676944
-0.103969
1.706117
2.381485
3.172026
-0.751901
-1.204898
-5.070450
-1.508108
1.030437
0.712380
-0.963832
-2.076207
-3.312884
-0.464179
1.874444
4.065162
5.755059
3.980622
-2.110682
-9.338477
-1.385435
0.968271
1.631500
2.276605
-0.341791
-0.367826
-1.957078
0.178998
6.704181
3.956171
2.386188
-0.490294
-2.074484
-3.366799
1.034140
1.329260
5.727744
4.873088
-0.227460
-7.583979
-0.456769
1.861033
2.625795
4.288584
-0.045944
0.437056
-2.219165
-2.213861
1.356297
3.211433
1.621845
-0.286177
-0.163808
2.071083
7.797355
3.987967
3.721276
2.601860
-3.661454
-9.640051
-2.981938
0.366447
1.342252
2.553396
-1.643635
-1.443161
-3.022527
-2.448860
4.022233
3.139179
1.688613
-1.757958
-2.400926
0.960969
7.552614
9.088881
5.213284
1.768016
-6.473520
-12.728322
-7.567497
-3.208079
-1.277122
1.219789
-4.304318
-1.661488
0.820195
4.395689
8.034850
6.368250
5.317547
0.968115
0.900661
2.602667
8.490897
9.560894
6.380781
1.946780
-5.600074
-10.378834
-4.115322
-1.750986
0.142168
0.899317
-5.253712
-10.400184
-8.278792
-6.874148
-2.465308
-0.693968
-2.605453
-6.733583
-3.061148
-0.690242
6.448870
7.723496
3.510872
2.405686
-3.811216
-7.425207
-0.006449
3.160841
4.707407
5.062029
-0.927141
0.146708
6.877728
-2.620818
4.871100
3.944360
5.283532
-0.554216
-0.470472
-0.074920
2.718610
0.074268
5.145601
4.785681
-6.957780
-5.997688
0.222351
2.895077
4.620551
5.172166
0.055264
-0.565620
-4.771496
-3.867753
-1.345582
0.289616
-1.751091
-3.850879
-2.354622
-0.166097
3.641474
4.089797
5.561545
2.226956
-3.444701
-8.571296
-0.770866
2.419082
3.936510
3.860312
0.629160
1.833497
-1.722740
1.249058
4.209196
4.149590
2.669371
-3.724531
-1.597832
-2.119966
1.891384
3.046084
3.706613
3.914856
-1.869644
-8.606564
-1.947612
0.409015
1.689042
4.443616
2.171940
2.072013
0.703091
-0.837750
1.683788
2.155334
-1.468812
-0.155672
-1.474104
-1.230576
3.612289
2.902699
6.120804
3.735474
-3.980366
-8.997589
-3.225543
-0.029438
1.141758
2.649556
-0.928369
1.046085
2.858858
-1.227554
1.877276
5.145481
1.883503
1.116407
0.128237
-3.824919
-0.446249
-2.845843
6.224288
5.652576
-1.646449
-7.128524
-1.901113
1.030277
1.625059
3.236495
-0.779275
-0.889632
-0.792463
-1.471745
1.628032
1.372647
-1.073629
-2.838232
-3.759400
-3.800020
1.412566
2.681817
5.765635
4.260125
-0.747976
-9.106949
-3.230654
0.434618
1.063902
3.164501
-0.636888
0.502368
-1.698708
-2.340966
5.688462
6.441914
0.690120
0.494678
-0.322308
-3.790940
0.767408
-0.503155
6.583558
5.566329
0.745187
-8.058091
-3.059787
0.453412
1.550609
3.464056
0.099106
0.032582
0.265171
-0.916521
2.516010
2.131137
-0.498731
-2.490709
-3.009492
-1.681948
4.894511
4.552750
4.920459
2.908844
-2.027017
-10.007688
-4.400780
-0.688946
0.485439
2.429655
-1.270224
-0.005833
-1.715201
-1.451013
2.683349
4.891016
0.479957
0.430312
-0.222764
-3.590537
1.870067
-0.959875
5.662040
6.648874
0.658432
-5.670397
-0.288135
3.241452
3.782059
4.740229
1.768228
0.992860
-2.418289
-3.219328
1.436882
2.975244
-0.119908
-1.400078
-6.021894
-7.145090
-1.784392
-0.791767
5.135262
5.101137
1.420855
-5.521160
-1.512081
3.306121
3.487747
5.045714
1.578786
0.522462
-2.840306
-3.166000
-0.006464
5.534264
-0.272939
-8.255807
-8.413212
-7.612166
-5.339075
-5.075438
4.501554
5.282184
1.953413
-5.315685
-1.163951
3.520992
3.931882
5.536068
1.665136
-0.665938
-2.784669
-2.947000
5.831212
8.192566
2.198079
0.861287
-0.475060
-0.860248
4.133982
5.863758
6.485801
2.965757
-1.503120
-9.958876
-5.381782
-0.859494
0.555667
2.728394
0.339542
0.197149
-0.734364
-2.287086
2.382389
6.755235
4.021779
0.783210
-0.918712
-0.722235
4.741648
7.943959
8.015815
3.884849
-3.535782
-11.649800
-7.965126
-4.173163
-2.192355
0.471361
-1.355913
-1.801672
1.465175
-2.262527
1.590439
1.309407
-1.150988
-3.205427
-5.473172
-2.962569
2.769987
8.244497
4.938409
1.600518
-1.503790
-11.293690
-6.034832
-1.846689
0.420098
2.449462
0.123976
-0.090092
1.552920
-2.608693
2.784961
7.143108
2.441728
1.378045
-0.025164
-0.618606
4.881589
0.617196
6.235842
4.821748
-2.046366
-8.413897
-4.102597
-0.492134
0.877331
2.664820
-0.326817
-0.167022
-1.771731
-3.289938
1.878702
5.358042
-0.501769
-2.057261
-3.821979
-2.486925
2.714363
7.241148
5.672523
1.339035
-2.522305
-11.070139
-6.035423
-2.049863
-0.414668
1.527747
-0.824339
-0.311774
-2.617986
-4.040158
1.583755
5.802650
0.245442
-0.064411
-1.093531
0.396084
4.913899
5.941926
6.210744
2.927872
-1.609823
-9.079797
-6.064320
-0.427003
0.814134
2.422311
0.774403
0.512271
-1.881538
-3.877442
0.749905
5.622977
2.150935
-0.270959
-1.487272
-1.503409
2.709335
3.837025
6.226257
4.781739
-0.833829
-9.399755
-6.880114
-1.883250
-0.409025
1.046172
-0.661433
-2.022495
-3.880024
-5.130841
-0.431384
3.696113
0.248072
0.202255
-1.631768
-0.193808
3.266736
5.793153
6.137557
5.053402
0.073267
-7.205255
-4.408912
1.113066
2.413257
4.182472
2.747549
0.172356
-1.982206
-3.759066
-1.309694
2.047504
0.309496
-0.540485
0.434293
-6.399925
-3.892483
-4.674629
1.839968
6.152660
3.330386
-5.404884
-2.966396
1.961184
3.006986
3.577392
3.039114
-0.028308
-2.776175
-4.834417
-0.650571
1.551687
-1.065261
-3.139859
-4.775138
-4.728125
-2.192564
3.866159
5.783933
5.387620
1.967366
-6.883582
-4.812212
1.714051
3.421061
4.192533
2.764038
0.457454
-0.651510
-2.452624
-0.641832
2.284416
0.369394
-0.741001
-0.464290
-3.593185
-2.063149
-7.539416
1.853730
6.200316
4.776999
-3.763335
-2.461476
2.836219
3.960546
4.823660
4.527557
2.077736
1.858883
-3.832971
1.324114
4.014771
0.661647
-1.566944
-3.676911
-6.115548
-2.004223
2.717659
4.639581
5.033340
1.281851
-7.298460
-3.954746
1.137034
2.361075
2.922854
1.948015
0.173215
0.219866
-4.923030
-0.155244
3.568068
-0.209148
-2.124514
-3.877046
-3.877932
-1.473269
4.573160
5.577310
4.735503
1.541866
-6.650418
-6.462345
1.321311
3.121806
3.586173
3.615518
-0.146582
-1.627939
-2.776005
-1.514007
1.849173
0.970533
-0.913540
-0.716727
-4.236181
-1.740187
-6.650167
2.250906
5.899481
6.203761
-3.718391
-3.638763
3.496449
4.748911
5.028195
4.910492
0.685676
0.358504
-3.273810
-0.896093
3.005464
0.993674
-1.403061
-1.798043
-6.572715
-3.185992
0.527864
3.768824
5.623597
5.280208
-5.531802
-5.151334
1.929742
3.229360
3.497939
3.906788
-0.298555
-1.027580
-6.174376
-1.366785
2.826740
0.427596
-1.782190
-3.422508
-5.501847
-2.676371
3.185411
4.722786
5.554385
4.097799
-3.639501
-4.808920
3.242743
4.880738
5.340783
5.446812
1.159222
-2.097108
-2.977202
-2.940938
1.055322
-0.173910
-2.282346
-3.706323
-8.575508
-2.938280
0.891909
3.294460
5.252990
4.814692
-5.688509
-5.129362
2.428176
3.845464
4.118326
4.279216
0.006177
0.062311
-5.657305
-1.327771
2.523824
-0.013992
-1.894590
-2.373651
-2.210149
-1.008917
4.263021
5.065063
5.710655
4.734279
-5.733112
-4.918695
2.336817
4.016516
4.529270
5.081192
0.807193
-0.841971
-2.509633
-2.043849
1.660738
0.078034
-1.491106
-2.616068
-8.239874
-3.139298
-0.008592
1.736102
5.468221
3.225282
-4.998633
-3.577603
3.170541
4.119216
3.979582
4.179498
-0.354322
0.065382
-4.487303
-2.570700
1.065651
-0.387110
-2.005793
-3.195732
-3.677981
-1.829195
3.157819
5.145782
6.021139
3.899745
-1.990452
-5.101951
2.795331
5.177061
5.714886
5.826924
2.113420
-0.817957
-1.492146
-10.684776
0.080537
0.152478
-1.261560
-6.895509
-9.766544
-10.291036
-3.141840
-1.013186
4.689227
5.084550
0.693124
-3.595699
3.489323
5.947599
6.125122
6.078109
2.524075
1.596272
-2.623501
-2.851549
2.060165
0.496713
-0.717068
-0.854987
-0.936433
-0.263600
4.585068
5.720830
5.677851
4.364191
-5.519883
-4.467693
1.539731
2.468572
3.790733
5.228966
0.768053
0.390411
-4.295457
-4.585859
0.258416
0.187398
-1.977677
-1.388324
-9.007420
-6.268480
-3.610263
2.194748
5.712031
2.563909
-1.506197
-1.376396
5.526442
6.584978
6.442932
6.654152
1.370653
-2.057635
-4.904891
-7.067840
-2.043944
-1.415979
-3.798473
-2.526997
-6.352474
-2.385443
1.399439
3.707429
5.877948
2.762877
-1.744839
-3.701652
3.648695
6.206810
6.537706
5.857231
1.356624
-1.486673
-3.327235
-6.385411
-2.148384
-1.981891
-1.530336
-3.278681
-7.034164
-3.066756
0.397829
-0.361140
4.598982
4.430548
-4.764240
-4.041625
3.151545
4.771276
5.393925
5.569956
2.945986
2.420253
-3.227961
-4.107691
-0.305685
-1.271252
-1.961028
-1.539502
-1.407880
-0.921307
1.326434
0.984739
5.904719
4.628839
-4.792601
-3.624934
3.004740
5.233291
5.993950
6.666925
1.856682
3.181784
-1.813630
-5.578396
-0.233646
0.949213
0.428760
-4.724186
-5.098829
-2.671591
1.160817
1.011688
5.988807
5.271972
-5.190848
-5.154826
0.954178
2.281942
3.107579
3.922940
1.446306
1.104393
-1.866283
-2.698236
0.025709
-1.241345
-1.942474
-2.255967
-2.676822
-2.615970
-0.485838
0.661527
5.839273
6.662630
-0.615327
-4.155376
1.585341
5.425619
5.895949
5.840129
2.818034
2.244366
-1.808575
-1.968889
-2.054707
-0.750029
-3.437231
-3.784615
-8.557193
-8.616779
-4.030331
-4.191145
4.319454
5.421060
2.467174
-4.257719
1.940402
4.563300
5.223742
6.504654
2.706249
2.621555
-1.471888
-3.677366
1.426599
2.297771
-0.612105
-0.238652
-1.325314
-3.872930
0.852717
-1.587018
5.578759
6.526114
-4.279605
-4.662276
1.607228
3.548124
3.765821
5.332094
0.426801
0.306712
-3.538993
-3.513009
1.028644
2.905243
-1.738400
-2.513753
-3.381310
-3.411793
2.068904
1.806432
5.847190
6.500931
-0.686470
-5.482470
-0.078337
3.611254
3.952677
4.771834
1.808653
1.349733
-2.259337
-1.915673
0.323225
2.845843
-1.926367
-7.318370
-7.497501
-10.544661
-3.925506
-1.854390
4.449890
6.083061
1.054623
-2.570294
3.347071
6.686988
6.661470
7.383617
3.415136
2.328106
-2.351737
-4.113849
1.136099
3.362495
-2.548928
-3.229430
-4.712600
-5.620282
-0.080402
3.728210
5.666813
3.972085
-1.123427
-5.820003
0.033099
2.610291
3.728945
4.512187
0.594091
0.398587
-4.545547
-3.334888
2.017046
3.272269
-2.652487
-2.870205
-2.485425
-3.231668
2.532596
6.399228
6.854429
4.742379
-3.304509
-6.621581
-0.056613
2.133294
3.235908
4.430545
0.500993
1.146766
-3.437405
-4.415695
1.351874
2.615614
-3.611500
-2.569557
-4.422917
-3.544140
1.537262
6.930889
7.049148
4.518713
-3.526788
-6.024122
-0.241407
2.682431
3.112674
4.364646
0.337143
0.668238
-4.194967
-8.227338
-2.291530
2.404877
-2.205756
-2.994411
-3.038486
-3.300034
0.442979
3.072729
6.533843
4.412962
-2.145115
-6.410357
-0.813044
3.418805
4.432577
4.836332
1.811111
1.371274
-3.105023
-6.393513
-0.985629
1.544268
-1.489650
-2.486939
-3.537975
-0.726634
2.053501
2.045857
6.632888
4.835603
-4.760370
-6.211576
-0.413796
2.832225
3.557402
4.542529
1.334253
1.792654
-2.034036
-6.170952
-1.044313
4.148144
0.652958
1.034877
-2.436716
-1.386728
1.288653
0.247425
6.937036
7.083976
-4.490913
-5.338247
-0.584160
2.177303
2.699518
3.446312
0.988697
0.281196
-1.562142
-6.447748
-1.713480
-0.256629
-2.538795
-2.591472
-1.721724
-2.636884
-0.856162
-3.927148
5.798740
5.901977
0.327654
-5.425332
-0.926630
3.599169
4.734537
5.098721
2.838623
2.097408
0.315122
-2.731354
-1.861405
1.014862
-1.058769
-1.234615
-8.053021
-5.817468
-2.341407
-3.697329
3.111527
5.811326
2.950752
-5.757241
-1.374792
2.361781
3.273161
3.883943
3.068842
1.467576
0.910687
-4.614506
0.393710
1.987156
-1.089667
-2.413605
-3.995186
-1.858456
1.969625
1.747266
5.626167
4.910856
-5.010786
-6.748292
-1.329105
1.686295
2.637938
3.266494
1.941667
0.544721
-0.328068
-5.923581
-1.366451
0.377955
-1.757340
-2.483115
-1.400379
-1.956359
1.490198
0.878492
6.525976
5.079631
-0.116590
-6.962264
-3.616293
1.981111
3.544434
4.299165
2.618489
0.636078
0.943494
-3.202582
-1.577146
1.350323
0.207738
-0.043846
-0.847488
-5.121247
-2.206332
-7.270588
1.113008
6.253208
3.810089
-4.372205
-1.741623
3.088073
3.728301
3.990876
3.355557
1.313832
0.346740
-4.889712
-0.670075
1.362378
-1.628017
-3.137260
-3.402722
-2.146590
0.862066
2.691768
5.470909
5.146721
0.722986
-7.188615
-3.539175
2.186306
3.288262
3.924168
3.278748
1.022452
0.950576
-3.483338
-1.040641
1.374539
-0.114910
-1.529364
-4.092025
-5.370699
-0.354508
-1.552097
3.186042
5.844568
-2.417243
-5.180874
-1.547682
2.784951
3.482813
3.505136
2.972432
-0.186290
-0.439135
-7.803565
-3.025318
1.022749
-0.937873
-1.870146
-0.683233
-2.517771
-0.453670
-1.043171
3.493414
6.720382
2.019997
-6.794580
-3.335414
2.201834
3.889984
3.956444
2.497699
0.300670
0.702632
-3.436035
-2.675408
0.413508
-0.949857
-1.186300
-3.373703
-2.707134
0.442385
-0.406404
1.508142
5.698606
3.250598
-6.797091
-3.323190
1.741774
3.029552
4.000512
2.906095
0.627224
-2.218495
-1.766981
1.391792
2.133978
0.779850
-0.296066
-2.947790
-1.387328
1.327983
2.314771
3.769574
5.503324
2.114448
-7.421920
-3.744993
1.441543
3.290250
4.053221
2.995136
0.731126
-1.559116
-2.889017
0.151985
2.227782
3.824271
1.041346
-0.376098
-3.771026
-1.962899
2.969562
4.545848
5.645508
2.210884
-8.805502
-8.360126
-2.290823
-0.287250
1.214608
1.095201
-0.850453
-5.784413
-3.254148
-2.440904
-2.220671
-1.466004
-2.832709
-4.522999
-2.839262
1.407574
6.289691
5.370595
5.677404
4.464657
-5.692463
-6.381206
1.998828
4.403762
5.342217
5.361697
-0.259216
1.161377
-2.026980
-3.426687
1.535131
1.622401
0.858891
-2.535364
-2.174507
0.940876
3.064051
1.662016
4.971812
2.492668
-7.193885
-5.893317
0.313291
2.003128
3.748210
3.302010
0.504048
-1.818683
-2.796485
-1.636335
-1.343702
-0.555892
-3.427190
-3.436836
-3.384403
-0.294359
2.766659
5.626642
7.066845
5.523879
-7.282769
-7.736839
-0.012838
2.029643
3.110326
2.731156
-1.115869
-0.519385
-3.662003
-0.437208
5.499002
2.928328
2.384217
0.311725
-3.153118
0.437327
-0.386272
-0.733899
2.908561
1.413462
-4.009952
1.783814
4.776872
6.157708
7.700323
7.277124
1.598667
-0.753763
-3.945120
-6.299575
-1.301772
-1.980829
-3.525570
-7.199586
-4.752475
-0.571947
3.778083
4.343781
5.134724
1.379908
-7.935867
-10.889943
-2.737311
-0.550656
1.884166
1.166556
0.885739
0.280256
0.099525
5.285030
2.071462
2.033789
1.696761
-0.391010
-1.034489
1.272042
-3.423777
4.174315
6.569145
3.758295
-5.088780
-4.848923
2.146183
3.979480
4.714040
4.286313
-0.613475
-2.033556
-3.215361
-2.976763
0.834829
-0.062560
-1.296288
-0.594447
-3.735047
-2.905157
0.976637
0.529061
5.176785
4.129213
-3.252236
-6.546774
1.474230
2.906437
3.968146
5.518455
1.102170
1.539625
-2.180745
-1.508800
1.298616
1.729383
0.176955
-0.714140
-6.136401
-4.555478
-6.135286
1.252249
6.089851
4.734302
-2.436864
-2.531850
4.532952
5.936408
5.827277
6.163644
1.307553
0.644436
-3.737697
-4.929877
-1.216081
-1.648836
-2.130115
-3.641515
-5.058739
-3.630624
-2.616174
1.852476
5.544386
6.004258
-0.405144
-5.936444
0.767490
3.649567
4.192893
4.475211
0.976079
0.403658
-2.616872
-2.564819
1.023730
2.144385
0.203064
-1.381972
-4.216244
-2.216782
-0.168947
1.438887
5.909431
6.162678
-0.313841
-6.004818
0.525306
3.390719
3.767926
4.326353
0.321816
0.582612
-2.340532
-1.620964
2.074061
2.240844
-0.223339
-1.781083
-1.845256
-2.549271
1.854618
1.898096
5.465755
4.943290
-0.669848
-6.766267
-0.446613
2.714154
3.229800
4.424693
0.526516
0.979466
-2.227992
-1.362429
3.056169
1.992864
0.385691
-0.846323
0.277370
-0.451169
3.591019
5.776274
5.633451
3.371022
-3.302840
-7.300922
-1.098150
1.225157
2.445512
3.443823
-0.090774
0.074300
-3.128763
-0.989342
3.699751
2.455600
-0.344065
-2.297795
-1.347026
-3.054566
3.517594
3.046466
5.974409
4.022651
-5.290437
-5.139800
0.839356
1.943725
2.325040
3.990508
-1.024283
-0.914564
-4.800597
-3.438772
1.600355
1.316251
-1.280718
-2.509953
-3.757589
-2.661736
2.656906
3.190822
5.692508
3.618726
-1.882991
-4.943946
1.984669
4.129571
4.576970
5.105624
0.828219
-0.245998
-3.409377
-5.666538
-0.780462
1.744954
-2.851964
-2.810519
-5.944235
-3.954575
-1.772455
-1.433844
5.212021
4.451253
-0.962838
-3.780582
1.958433
4.864460
4.888480
5.695178
1.359765
0.637546
-3.692737
-4.806325
-0.594177
1.546580
-2.987461
-1.961338
-3.794038
-2.624097
-1.621599
0.574996
5.838799
6.350001
-0.064044
-3.798821
1.938510
5.509306
5.866349
6.267131
3.224707
2.043002
-1.948185
-2.241379
-1.040834
0.374240
-3.192384
-2.032365
-3.400793
-6.824896
-3.938131
-3.972708
4.686334
5.565648
1.036522
-4.886894
0.361608
3.401939
3.931145
5.123065
1.452819
1.089294
-2.618100
-2.968009
1.515334
2.915079
-2.751339
-1.543513
0.755609
-1.444409
2.281725
-0.619520
5.991540
4.533157
-4.334545
-4.489154
1.348472
3.343056
3.585528
5.342268
0.675739
-0.148717
-4.264102
-4.556715
-0.431027
1.669475
-3.950732
-2.267579
-1.584935
-2.029314
2.420300
1.212857
5.814847
6.418987
-0.892472
-4.425485
1.154467
4.873851
5.371848
5.827884
2.954448
2.183758
-1.527583
-1.643228
-1.445156
0.046148
-3.180037
-6.304529
-5.627627
-8.100267
-4.367894
-4.364091
4.193852
5.434967
2.166918
-4.591210
0.486178
3.325978
4.227886
5.619440
2.455969
1.626118
-1.947180
-2.292043
2.281424
3.575952
-2.540952
-1.875406
-0.755778
-2.754033
2.330214
1.720219
6.370431
6.525132
-4.705853
-4.947142
0.776747
2.529891
3.104131
4.347254
0.770880
0.600885
-3.757594
-5.640334
-0.197696
4.722572
0.295825
-2.428378
-3.609491
-4.670159
-2.094174
3.449072
6.581885
5.413822
-0.920320
-6.472474
-1.816269
2.430264
2.998580
4.254921
1.209273
0.855868
-2.701815
-5.886647
0.099815
3.365426
-0.147833
-0.791265
-2.042664
-2.923795
-1.850140
-4.719326
5.157549
6.594749
-1.800614
-3.971405
0.498232
4.064370
4.670650
5.139834
1.795252
0.754879
-3.435274
-6.511224
-0.968112
3.227261
-0.803656
-2.211873
-4.133660
-3.960385
-2.107709
-4.008855
5.440218
5.745925
1.003723
-5.467343
-0.991355
3.682828
4.222120
5.205677
2.860394
1.439191
-1.762877
-2.722147
-2.200288
3.651770
0.201981
-6.286116
-4.503049
-5.227865
-3.681620
-8.032460
3.815449
5.553432
3.320457
-4.712129
-1.233726
3.088868
4.327519
6.006184
2.779939
0.848974
-1.446156
-4.091541
1.845228
4.719748
-0.899642
0.193692
-0.108647
1.183419
6.157223
6.670246
5.884711
1.628191
-3.111940
-9.403757
-4.740324
-0.660270
1.198126
2.638514
-0.766350
-0.322293
-4.548341
-4.930223
0.240511
4.504893
0.900888
-0.392972
-0.916359
-1.784687
2.963573
-1.268138
5.784120
5.447004
-1.425388
-6.926870
-2.767839
1.079496
2.019979
3.673307
1.017185
-0.461739
-3.566864
-6.040403
-0.595937
4.424795
0.333691
-0.636225
-1.572175
-5.226206
-1.840776
0.958607
6.376623
5.067782
0.407433
-7.592431
-3.476046
1.013245
2.142686
3.665745
1.528745
0.150457
-1.532034
-2.975673
0.608474
5.782562
1.845167
-0.191195
-3.602012
-7.646587
-3.653055
-7.773412
3.352159
5.718113
3.762002
-5.041668
-3.091102
2.544509
3.276144
4.382215
2.214723
-0.004494
-3.080392
-5.167717
-0.230907
5.163406
1.944536
-0.032573
-1.583097
-5.311736
-0.588016
1.373394
5.708178
5.453565
2.950385
-7.855628
-6.252778
-0.351160
1.098561
2.899487
1.490247
-0.344378
-1.705962
0.558220
6.908518
8.726264
6.304740
4.195236
2.145459
-0.970622
-1.582398
-6.619951
3.630469
6.704287
1.168194
-7.742914
-5.619456
-1.526038
-0.579208
0.249760
-0.798920
-2.602179
-0.719782
-0.998255
0.485811
-0.195749
0.122785
-2.898036
-5.622810
-4.454569
-1.373829
5.756398
4.653612
2.095114
0.358487
-6.960994
-7.849309
-2.172168
0.044533
1.310405
0.796412
-2.980016
-0.921096
-3.384392
-0.253969
5.564066
2.696952
2.351639
0.870842
-1.896864
-0.381209
-1.455175
5.549424
6.129014
2.678269
-5.652465
-2.922550
2.630450
3.989901
5.041464
3.804705
0.147262
0.363136
-3.326727
-0.497332
6.079147
3.360400
1.172130
0.526900
-3.965464
-2.078680
-4.619405
2.492222
6.587348
2.582603
-7.342051
-5.752090
-1.054097
0.172375
1.311724
0.536216
-2.356502
-5.701959
-4.910795
-1.224218
3.422116
-1.140596
-0.156169
-0.622861
-0.824961
4.667889
6.584111
5.633543
3.882125
-0.354725
-4.685670
-3.888981
1.926376
3.955177
4.721471
4.396649
0.814117
-1.577872
-2.903168
-2.398287
1.724075
2.218021
0.645086
-2.588099
-1.712305
2.824988
6.452901
3.316624
4.858050
1.964226
-8.884259
-8.780968
-1.900799
-0.414663
0.480061
1.573671
-0.717456
-4.790305
-3.453029
-1.530390
-0.845119
-1.320927
-2.045114
-3.758643
-1.843995
1.135473
4.939277
5.002780
5.353975
2.756932
-3.047000
-7.417749
0.508222
2.879747
3.927431
4.096011
-0.386701
0.144091
-1.936130
-2.510564
2.124594
2.325992
1.033559
1.922874
-5.245705
-3.944306
-3.236097
-0.721221
4.690168
5.950515
-4.798719
-1.841135
2.589362
3.300457
4.449051
4.762345
0.197267
0.165347
-7.070254
-1.073728
1.409491
0.436101
-1.294595
-1.008474
-4.014347
-3.023693
-1.372580
3.173278
6.131761
5.656014
-5.739504
-5.131602
1.902524
3.181364
3.596559
3.746716
-0.977157
0.086783
-3.798127
-1.863941
0.935836
0.139028
-1.046418
-1.584146
-5.564113
-2.898276
-1.484446
3.261428
5.993802
5.648740
-0.726966
-6.245505
1.135904
3.904043
4.347803
4.577333
1.391447
1.020384
-1.736125
-1.509351
2.834681
2.203869
-0.107920
-5.318254
-9.437209
-5.121740
-1.665090
1.971621
5.059304
4.590272
-0.235385
-6.773295
0.865955
2.078031
2.788266
4.657349
0.182502
0.008165
-2.697317
0.164722
2.911833
0.029808
-0.441728
-2.364518
-0.816978
2.855302
5.381113
6.261202
4.674668
1.986104
-4.074719
-10.747149
-2.203369
-0.107894
1.430853
2.487712
0.238613
1.660831
-0.951696
1.952902
4.957746
2.442105
0.417963
-1.985597
-1.492947
3.736791
6.993549
5.721277
3.755886
1.773547
-5.975617
-11.108603
-4.350578
-1.668879
-0.338705
1.003625
-0.485201
1.947471
-0.870252
1.636857
5.355259
3.508271
1.214165
-2.887172
-2.542935
1.496322
7.759575
7.042317
4.742222
2.504141
-5.391210
-13.103008
-6.638837
-3.301408
-1.682197
-0.034931
-1.673118
1.474889
0.815946
2.487949
6.906762
4.071991
1.904965
-2.263416
-2.328904
1.733007
9.646210
9.798256
5.010622
1.353093
-5.804387
-14.210459
-7.920250
-4.927455
-3.141299
0.740943
-2.054293
-0.553696
0.218858
1.308753
7.108817
5.738111
3.286038
-0.069063
0.890014
3.813534
11.625814
10.765829
6.308847
4.205541
-6.692851
-13.464759
-8.026711
-5.216035
-2.698983
0.033075
-4.985909
-4.532416
-3.957571
2.155038
5.897031
1.741580
0.046646
-3.376725
-2.942673
-0.798699
9.469676
8.008386
3.613916
1.602044
-6.368937
-11.704754
-6.118493
-2.937524
-0.901285
1.299236
-2.547138
-4.118057
-3.884066
2.240302
6.593476
5.742610
5.529447
2.820580
1.756662
1.540131
4.779483
5.979473
6.266765
1.234429
-4.715071
-3.786752
2.213511
3.459077
4.287724
4.742692
-1.692510
-6.503728
-9.340768
-9.112806
-5.241264
-4.557353
-5.508650
-4.917531
-2.777923
-1.205835
3.774382
6.182818
5.816841
5.187790
-5.494192
-4.174975
3.202579
5.587761
6.193415
6.463006
1.638328
2.265514
-1.951474
-6.156322
-0.937070
0.349113
-0.068374
-3.054286
-1.575438
-1.167946
1.430414
0.574493
3.293720
4.866513
-5.640468
-4.772004
2.406023
3.892897
4.593742
5.239344
1.515408
1.873967
-3.724440
-5.818554
-1.540419
-1.744929
-4.456863
-2.712568
-2.270065
-0.872984
2.746202
4.064421
6.485722
4.539624
-5.029584
-6.032764
0.797786
3.789842
4.792539
5.739474
1.601767
2.341626
-1.059086
-7.722653
-0.239428
2.503472
-1.826699
-3.503052
-2.224998
-2.714042
0.884845
-1.530457
6.037660
5.728812
-4.294814
-5.713161
0.303045
2.640696
3.284227
4.263786
-0.137669
1.149951
-0.668677
-2.550869
0.350748
3.190343
0.479953
0.114317
-1.421129
-3.120206
0.038137
-2.540317
5.941571
5.874322
-2.155884
-6.083314
0.234321
2.508906
3.878377
4.579151
0.594677
0.302372
-0.371048
-3.458735
-1.053344
2.148783
-2.653247
-2.577190
-6.019114
-3.103256
0.294073
-1.666001
4.960608
5.648642
-0.207426
-6.232119
0.481424
3.526598
4.567896
5.062436
1.981029
1.640382
0.816495
-2.179369
0.035738
0.791102
-2.394331
-5.603346
-5.189773
-3.904129
0.540118
3.020481
5.655724
3.861046
-1.142741
-10.173538
-3.408464
-0.018894
1.018043
2.944988
0.773779
0.651889
-3.522555
-0.984852
0.961159
4.226818
1.406839
1.130899
1.480670
0.609841
4.884812
-0.187214
6.343824
5.811772
-4.590559
-4.831836
0.701170
3.061296
3.802709
5.490242
0.144216
0.042454
-4.260885
-5.762226
-1.305463
1.384421
-0.055717
-0.777740
-1.330847
-1.361396
2.691422
2.254095
6.015021
4.093764
-0.877361
-8.724517
-4.042878
0.658452
1.592370
2.434388
1.128844
0.608514
-2.783923
-3.989438
0.324571
1.475940
-0.343458
-1.014058
-2.685238
-3.456190
-1.409785
-6.648449
5.362796
6.304131
2.257636
-5.299523
-0.685774
4.237969
5.086854
6.057611
3.757632
2.611812
-0.081747
-1.583407
-0.866589
3.042273
1.378734
-0.182208
-4.963842
-8.019004
-3.753756
-8.445845
2.299196
6.201649
3.782748
-5.284801
-1.234848
1.493374
2.188225
3.755130
2.453342
-0.132693
-0.151936
-2.572118
0.750809
1.187885
-1.250448
-2.657082
-4.008529
-2.763288
0.175792
3.708139
6.397789
4.105788
-0.342746
-9.524568
-4.893109
-0.020225
1.255188
2.602945
-0.075375
-0.438433
-1.236522
-3.424495
1.457987
6.669705
3.061116
1.853197
1.130964
-5.518054
-3.115119
-8.008373
5.015465
6.723347
2.183921
-4.450493
-0.018201
3.836614
4.575115
5.426248
2.577662
1.290325
-2.040521
-5.485792
0.159510
3.212026
-0.278594
-1.539165
-1.601567
-7.505346
-3.494002
-4.812723
5.037441
5.546000
0.791514
-4.769009
-0.451366
3.808201
4.174918
4.982520
2.178872
0.466013
-3.471617
-4.921972
-1.926189
2.600807
-1.412967
-6.531115
-8.102824
-6.082252
-4.247983
-2.135561
5.139854
5.371592
2.021350
-3.372391
-1.207550
4.115342
5.222321
6.144348
3.964721
1.821476
-1.043840
-1.436177
-0.508857
5.595006
2.267498
-3.852716
-7.339569
-10.962291
-12.267700
-6.689973
0.040313
5.540549
4.429402
-2.408631
0.997898
4.834707
5.022265
5.520373
2.638198
0.776789
-2.700324
-3.809399
0.415286
5.022663
1.368626
-0.142812
-2.831966
-0.624749
5.550237
8.433282
5.473765
2.219559
-0.736834
-8.548567
-8.801761
-3.741871
-0.663764
1.211559
0.081891
-0.679999
1.520128
-1.875828
3.661242
7.139599
4.748291
2.739174
1.415073
2.626685
6.574465
10.497954
7.940285
4.251428
-2.231814
-10.885759
-9.683155
-5.409667
-3.485772
-1.065944
-2.339325
-2.558176
2.017162
-1.604819
0.981877
5.766688
2.569367
-1.405614
-4.476371
-3.126721
0.085712
11.808078
6.080726
0.500540
-0.380427
-9.776994
-10.683609
-6.248130
-3.177507
-0.882920
-0.193579
-3.474528
-2.287762
-2.840686
5.403870
3.689052
4.622261
2.663728
1.186395
0.733737
2.838428
5.595413
8.368345
4.611490
-2.218175
-8.787446
-5.607452
-0.835836
0.649152
1.852080
0.041762
-2.990211
6.063885
-7.897813
-3.078514
-1.180433
-0.305638
-2.119404
-4.041479
-2.004616
0.239637
7.384243
6.890699
3.634088
-1.029209
-8.710795
-5.756135
0.052245
2.487303
3.449794
2.455969
-1.435053
-0.859179
-3.932526
-1.941524
1.375837
-0.052410
-0.078462
0.439831
-1.304490
2.859678
2.605687
4.196224
4.909416
-1.487509
-6.930889
-3.168652
2.252302
3.819820
4.083386
2.953540
-0.428073
-0.488764
-7.192914
-1.735588
4.456676
1.384851
0.571084
-2.876334
-2.536759
2.208275
3.861845
3.571417
4.923341
1.221557
-8.414536
-4.637678
0.736151
2.080735
3.024573
1.925073
-0.388297
-0.139305
-5.725050
-1.002479
1.667967
0.333364
-0.969003
-0.165114
-2.239060
-0.070118
0.032432
1.780217
6.540942
4.736096
-7.547576
-7.352746
-0.329547
1.407621
2.691321
2.499631
-0.127298
-1.033795
-4.692513
-0.783200
0.549187
0.539576
-0.589607
-1.694464
-0.562860
-0.008729
0.397314
4.083193
6.392215
5.669634
-5.864315
-6.732394
0.955164
3.552109
4.279745
3.903152
-0.420214
0.790954
-2.872209
-2.466619
1.938254
1.706779
0.184765
0.601048
-4.128383
-2.595445
-2.185986
-0.856189
3.232695
5.520475
-1.707291
-6.750413
1.190725
2.690608
3.672046
3.384936
0.521381
-1.288107
-3.528388
-0.897897
0.525709
-0.552421
-1.174753
-1.761439
-2.484516
-1.843674
-3.194188
3.811760
6.192638
4.778866
-4.191673
-3.726664
3.781271
5.739417
6.137540
5.152867
0.499051
-0.092193
-3.168906
-5.991272
-0.300670
-0.742895
-1.507421
-1.154212
-4.661764
-2.533495
-0.096702
-0.522964
3.641803
4.794791
-0.418351
-4.648406
1.585036
2.863128
4.421498
5.552556
1.879012
2.099648
-1.869398
-0.626676
3.069659
2.496243
0.642203
-3.985481
-2.831569
2.485510
4.627153
3.527565
5.502533
3.165804
-9.097639
-8.339614
-1.812287
-0.256379
0.435706
1.331233
-1.017789
-0.843776
-4.857569
-1.833319
3.269060
0.050342
-0.224189
-1.562183
0.016183
2.411877
7.117209
5.646054
4.689303
1.513002
-3.874559
-6.448700
0.833202
3.421790
4.833417
4.733140
0.019459
-2.428338
-2.905964
-3.833470
0.702997
0.299124
-0.755669
-3.657101
-3.128619
-4.655390
0.330641
0.225507
5.424898
4.785497
-5.905480
-6.324579
0.214669
1.906050
2.434189
3.658247
0.371689
-0.735540
-3.445676
-2.203479
-1.164252
-0.447477
-0.611818
-3.643744
-2.230878
0.328509
4.538129
3.219337
5.618956
3.649142
-2.362798
-5.993510
0.879314
3.478771
4.046936
4.044010
-0.605868
-0.231078
-3.070117
-4.016595
0.064671
1.272638
1.621687
2.443516
-0.712239
-1.772170
-0.875757
-1.800086
3.628670
6.179614
-4.495271
-1.364963
3.765048
5.615263
6.247694
7.622261
1.705662
1.482143
-3.543730
-4.064294
-0.018148
0.321302
-0.897605
-4.536748
-4.247658
-1.512904
2.345963
3.018077
5.841565
3.787492
-7.331015
-6.848931
-0.146875
1.563224
2.179121
3.450677
-0.741803
1.231969
-6.644629
-2.947631
3.842546
3.357755
2.332452
1.534210
0.670639
-0.131626
-2.425483
-0.170924
6.517782
6.612009
-4.312524
-4.116310
2.105744
4.332232
4.977886
5.402526
0.238019
0.421863
-3.400941
-6.392219
-0.389483
1.599386
-0.426523
-4.583951
-3.488651
-4.485783
0.090071
1.953076
6.595112
4.519768
-1.483865
-7.876073
0.396965
2.514434
3.342148
4.505125
1.166068
1.506857
0.190164
-2.154513
1.666233
1.587875
-0.314954
-1.048658
-2.433888
-4.335093
0.164789
-1.602002
4.954174
4.855651
-0.270915
-8.068012
-0.603957
1.736437
2.203298
3.405072
-0.265479
-0.744585
-2.431991
-1.299911
1.732273
1.268798
0.557857
0.505707
1.060390
3.415541
5.885586
6.349306
4.991872
2.608337
-3.662834
-7.565629
-1.579335
1.364781
2.198485
3.442073
0.185077
0.098259
-3.662792
-3.494703
0.806631
1.985362
-3.156891
-2.007914
-4.434560
-4.133871
0.190955
-2.339782
5.514531
5.775312
-0.266151
-5.921360
-0.145641
3.455534
3.956264
4.970639
1.092650
0.482898
-3.096718
-3.251330
2.222236
2.830323
-2.362372
-0.342952
0.354110
-1.270049
2.944675
6.302864
5.738101
3.620313
-2.965453
-6.592172
-0.569121
2.311225
3.108681
4.565661
0.436577
0.087585
-7.943393
-4.363549
0.420511
1.803943
-2.691332
-1.137091
-3.101986
-0.872130
4.859075
4.748729
7.132301
5.840347
-6.068851
-6.274590
-0.168441
1.724792
2.235146
3.878312
0.056377
0.197352
-4.271483
-5.519187
-0.844723
1.061127
-3.564802
-1.650211
-0.866278
-0.813578
1.854218
0.742876
6.315204
4.174573
-2.905584
-3.339147
2.527468
4.739590
4.929978
6.114666
1.058837
0.518311
-3.820951
-5.425107
-1.336751
-0.422283
-4.297393
-2.063151
-3.468590
-2.632796
0.327109
-2.036275
4.692272
5.113503
-1.232913
-5.030779
1.641592
4.034272
4.869657
5.280749
1.862443
2.125870
-1.966190
-8.238980
-0.726773
0.178298
-3.678766
-1.910179
-6.597915
-5.768727
-0.661966
0.240359
5.632622
6.671752
-2.539012
-3.920894
2.585098
5.133064
5.437868
5.956668
2.529776
1.879121
-2.778179
-6.329885
-1.201558
-0.001993
-4.070135
-1.933779
-3.752487
-4.775515
-0.875034
-2.374349
5.290395
5.751054
0.447916
-5.004187
-0.360834
4.080496
4.535424
5.129912
2.580964
1.796873
-2.259978
-7.246213
-0.578582
3.813712
-0.528659
-2.388888
-5.316426
-3.853549
-0.786634
-2.778532
5.794084
5.841671
0.775942
-5.472140
-1.296280
3.228639
4.012115
5.168121
2.393299
1.973031
-2.134011
-5.917834
0.527689
4.747573
0.106062
-1.253997
-8.351407
-8.118624
-1.281955
1.988248
6.921303
5.839103
-0.361958
-5.989428
-1.207630
2.752103
3.611380
4.745518
1.350106
1.161338
-3.185053
-5.031137
1.412008
5.361080
-0.242250
-1.024494
-1.558999
-2.417470
1.761047
4.109900
6.215497
3.946062
-2.231567
-6.625862
-1.817644
1.553453
2.578338
3.109631
0.611107
0.196191
-4.328241
-6.539368
-0.900962
