3.520571
3.432226
2.586656
0.498267
0.281870
0.171774
-0.143760
-0.645490
4.388994
5.511794
-0.617265
-7.003381
-7.741881
-4.697847
-3.909337
-4.169940
-4.565822
-2.655510
0.735354
0.103232
-3.198335
-0.866163
1.238645
2.675589
2.304769
1.301714
-0.340252
6.171626
14.822348
10.903009
12.493074
8.721138
1.148021
-5.809705
-8.331243
-6.743665
-5.787334
-6.621975
-8.164248
-8.596867
-10.138835
-8.229413
-2.115696
0.840241
1.741574
-5.799478
11.275122
8.642929
7.987940
7.596291
8.298278
-5.507619
-2.608545
-6.493991
-10.027230
-10.573618
-9.257793
-8.788740
-12.575564
-15.023301
-13.206955
11.105953
3.847606
4.691163
6.575999
8.601501
10.040471
10.112185
9.504684
10.048804
19.937048
17.364491
8.735119
2.628613
5.820115
4.796122
-4.849753
-15.260996
-21.017094
-22.591061
-19.387291
17.955755
1.617494
4.778576
6.183977
7.679027
7.015887
6.960570
6.766003
8.014066
18.919697
12.376399
2.395717
-7.048351
-2.351233
2.386705
-0.996960
-7.127450
-16.574871
-21.127932
-19.138777
-15.725667
3.819453
4.466390
7.176501
8.135426
8.054770
8.591990
8.367467
8.103888
13.862459
2.570664
-4.743695
-7.113498
-2.954263
4.385748
4.504798
2.072012
-5.172206
-9.306432
-13.711191
-16.464233
-11.329579
-1.808373
0.737620
6.615297
7.263330
7.751694
8.378157
8.066666
10.215496
1.187993
-5.809773
-4.033185
-2.324903
5.879852
8.427660
6.919398
1.269769
-3.254951
-5.993080
-13.234579
-17.079409
-10.880297
-1.173806
1.427411
5.125895
5.092316
5.243647
5.904292
6.689470
11.662412
4.484013
-2.924603
-4.206530
-0.729995
7.535963
6.665873
2.097682
-7.055282
-12.889722
-14.419775
-16.682861
-11.170341
-0.121979
7.243046
8.200559
8.124510
7.854999
8.188823
7.959055
11.061935
2.747993
-5.587825
-7.759144
-8.996690
2.519945
6.736788
5.714155
-2.012940
-7.644909
-11.303074
-16.159903
-13.305030
-1.042786
3.115785
7.482621
7.725794
7.911304
8.590484
8.128663
7.505534
4.740942
-5.694165
-7.361490
-7.964904
-0.925750
4.867386
6.212116
4.666101
-0.325830
-1.692169
-7.418996
-11.898669
-9.103761
-1.738177
1.457618
4.120211
4.649550
4.618549
5.222904
5.194042
11.915587
8.735941
-1.555514
-3.968698
-4.538293
2.737888
3.486440
-1.381668
-10.471265
-15.635777
-16.252174
-16.656837
-11.719490
4.192469
7.347561
8.459861
8.599913
8.567891
8.214238
7.750131
11.014140
7.617362
-2.793397
-5.403811
-7.008427
0.315482
2.826122
2.038141
-2.624630
-7.040504
-10.467789
-12.723690
-11.401226
-1.169960
1.316516
5.113286
7.390377
7.240223
7.659805
7.316530
7.069362
6.038784
-3.379777
-4.025752
-3.811003
4.125853
8.737348
6.492852
-0.851766
-7.384290
-9.781234
-10.692107
-16.335978
-13.902557
-3.367961
0.315706
5.611967
7.824828
7.793276
8.310862
8.169018
8.066716
5.320940
-4.105072
-5.738912
-7.307643
0.923698
6.764762
5.535669
1.808196
-5.014241
-6.112508
-10.557759
-13.086042
-7.769289
-1.065493
0.770814
7.012516
7.113585
7.339629
7.094419
6.798212
10.468602
1.910592
-5.230499
-5.187911
-1.416121
7.254354
8.030873
4.438620
-3.278187
-11.055476
-8.860831
-10.308920
-15.320662
-12.992296
-3.316640
0.113126
6.305944
7.558245
7.385567
7.607934
7.799199
7.240317
7.613034
-1.845708
-3.180027
-3.370597
4.045044
7.904688
4.783157
-2.751689
-8.298928
-10.672756
-13.262466
-15.109776
-11.233059
-3.295183
-0.730257
5.781667
8.024427
7.854113
8.383912
8.174401
11.115656
1.682684
-5.368895
-4.652998
-0.778138
9.504278
10.451770
6.552560
-1.768149
-7.288744
-8.524047
-11.361880
-15.346745
-10.565729
-0.712135
2.007169
8.125945
7.887097
8.117652
8.221209
8.030149
9.524708
1.090146
-7.771548
-9.875472
-7.831053
-0.259200
5.706701
6.918874
3.260015
-2.381064
-5.110120
-9.124822
-10.824327
-6.075716
-0.046237
1.653108
7.208599
6.907542
7.022133
7.125808
6.712905
10.848390
0.721184
-6.306579
-7.733722
-3.493161
5.711269
6.235472
1.866974
-6.178895
-12.158894
-11.530152
-13.247038
-11.154161
-0.822200
2.072974
8.045793
7.813678
7.528958
7.902942
7.686684
10.851362
6.922918
-3.542805
-5.948976
-7.764981
1.737042
6.331282
4.032350
-3.019758
-8.864075
-11.133734
-13.767932
-12.987844
-3.842895
-0.651846
0.194283
7.110633
8.332162
8.481390
8.768435
8.116683
5.371808
-5.280599
-7.258532
-5.900699
2.445976
10.796189
10.709242
4.165304
-3.197998
-6.889549
-8.323358
-13.954435
-15.709099
-8.090421
-0.998752
2.413015
7.483435
7.161545
7.302409
7.541988
7.377994
11.807899
2.296757
-5.706730
-7.661125
-4.613853
6.610324
7.915904
4.517088
-3.752427
-8.813351
-9.158657
-13.002839
-11.795963
-0.475497
2.241418
6.890126
8.399386
8.078121
8.178671
8.249312
7.256854
5.051745
-6.274220
-10.750132
-11.469104
-6.425479
1.898497
5.206956
2.071421
-4.111841
-6.954196
-9.969711
-10.517911
-2.389634
0.670093
1.866553
8.386867
8.237200
8.246859
7.744813
7.358991
8.911159
-1.729116
-5.858703
-5.658809
2.116669
10.164303
10.057047
0.166601
-8.797122
-14.766348
-8.133636
-8.665224
-13.531401
-11.353279
-0.867747
2.199681
7.123441
7.462028
7.312562
7.877126
7.656836
7.336950
11.025374
0.156776
-4.286153
-7.591794
-1.583157
4.411691
2.880826
-2.478078
-8.188408
-10.310886
-12.296948
-12.566329
-5.650559
-1.136867
0.076412
7.137753
8.334512
8.592039
8.509861
8.182678
8.575088
-2.822881
-6.932541
-6.372513
0.884487
9.008918
9.836597
3.841769
-4.604551
-9.656425
-9.958431
-14.334198
-13.831961
-2.738353
0.647004
5.621606
8.732675
8.441076
8.615972
8.695197
7.891976
8.224052
-2.954463
-7.295424
-9.724171
-3.551687
3.666807
4.901754
3.272401
-2.391938
-4.777442
-7.749404
-10.248878
-6.974154
-1.100419
1.020035
7.509052
6.805432
6.298525
6.619606
7.296514
13.874199
6.532451
-3.030393
-5.089340
-3.822767
2.959676
4.885825
-1.485253
-10.266977
-15.424848
-12.277893
-11.463950
-10.522127
0.804536
4.161150
8.924523
8.486435
7.899341
8.168394
8.087520
7.275682
11.722233
-0.532699
-6.507199
-11.965828
-3.246478
1.883144
1.263378
-4.901983
-10.871775
-12.362062
-12.517869
-12.585650
-0.156065
2.253302
6.250618
8.423485
8.967065
10.223769
9.876164
9.095591
4.841241
-6.920391
-9.849115
-9.678082
-2.543664
5.634829
7.751022
3.342966
-3.460954
-6.898518
-8.678061
-9.645231
-1.703109
0.372666
1.437438
8.210999
8.686052
8.459804
8.571014
7.728130
7.697308
-4.064276
-7.945568
-7.903582
-0.004893
8.454158
7.933494
0.167435
-7.002282
-10.972747
-6.867041
-8.233996
-12.526324
-10.283746
-0.255189
2.820477
7.470442
8.407916
8.243244
8.696747
8.388894
8.023133
9.192770
-2.615751
-6.708870
-10.584027
-2.055191
5.383470
3.546022
-2.122535
-6.867011
-8.858293
-12.565630
-13.008290
-3.287065
0.251915
1.241533
6.906732
8.702891
9.149751
8.942628
8.297316
7.225896
-5.704463
-10.628898
-10.684356
-5.193089
5.304562
8.380016
4.097964
-3.000300
-7.352744
-10.402531
-11.885402
-5.069317
0.784467
2.311013
8.709581
9.232787
9.277728
8.752116
7.991302
10.815747
-1.585474
-9.431356
-11.393606
-6.584230
3.567126
5.918187
3.289148
-2.529062
-7.615291
-9.301155
-12.820538
-12.440420
-1.944723
1.134229
7.318770
9.367353
9.205868
9.195375
8.576888
8.152956
7.270214
-3.816101
-6.348633
-8.238286
-0.562048
6.511480
4.117836
-1.684415
-5.683791
-7.096999
-8.418004
-12.890141
-11.666108
-4.391866
-1.039207
4.596213
8.067346
8.990320
9.010245
9.078690
8.424214
3.418451
-6.925419
-8.256168
-7.440095
-0.551098
7.166650
7.445760
2.551600
-2.353470
-5.148061
-8.346180
-12.235250
-10.863679
-2.179499
0.266457
7.330048
9.127383
9.056383
8.585574
8.266601
10.491160
3.227998
-7.253332
-9.691263
-9.212790
-1.508053
6.299693
6.908179
2.394175
-3.029083
-6.163451
-9.405656
-12.423171
-10.657904
-3.020505
-0.582843
6.014552
8.910511
8.901454
8.460345
8.062836
11.131396
4.798469
-5.252302
-6.198967
-5.225218
3.415423
8.038392
5.712927
-0.769162
-8.842504
-8.340899
-6.413366
-11.027852
-11.795651
-6.513750
-1.017946
1.145716
7.972116
8.407238
8.362352
8.251814
8.154071
10.423921
0.705517
-7.806580
-10.875102
-8.649570
0.548722
3.959871
2.742006
-2.673505
-5.804447
-6.862834
-8.629273
-8.827257
-0.549623
1.162805
8.447717
9.869844
9.559844
8.788411
8.273000
10.572219
4.109996
-6.792005
-9.035356
-8.872566
-1.119202
6.003242
6.127903
1.758565
-4.549037
-7.847287
-10.455061
-11.997754
-8.306585
-1.389938
0.806707
7.326721
8.935367
8.961843
8.630325
8.299393
12.381044
3.192149
-6.304780
-7.617027
-5.744274
2.382112
4.923476
2.538966
-3.162882
-9.292929
-11.015878
-12.946272
-13.631322
-4.011766
0.023325
4.920364
6.848951
9.474290
9.553694
9.771935
8.767343
9.742118
-3.831260
-7.598932
-8.057563
-2.227183
5.660174
6.661623
3.053825
-2.811252
-7.129364
-10.050487
-11.976521
-11.193843
-2.862982
-0.299680
4.727601
8.184528
9.137266
9.388030
9.021278
11.586234
5.902556
-6.916159
-7.902675
-7.174599
0.174556
6.690386
5.765186
0.313358
-5.897037
-9.891521
-12.520824
-14.096954
-6.848113
-0.982655
0.682913
6.666086
9.852542
9.838786
10.080860
9.131813
11.590394
-2.315117
-8.829732
-8.588905
-4.183605
4.251791
6.887258
4.908492
-0.887324
-4.596754
-8.510801
-11.388137
-9.309939
-1.472928
1.137393
6.569600
8.001983
7.588550
7.955131
7.972920
13.017001
8.792898
-4.387455
-8.324236
-9.604132
-2.279889
0.419904
-2.006703
-8.006725
-11.930914
-12.717014
-12.835242
-9.705193
1.069069
3.513620
8.349847
10.985695
10.570896
10.691543
9.960961
13.290653
7.025564
-6.109810
-6.977892
-6.376226
1.728034
6.502179
4.011867
-1.255039
-7.566702
-8.934881
-12.436131
-13.411166
-10.456823
-3.642355
-0.220835
5.313829
8.809934
9.087481
9.376981
11.119969
16.480309
5.457648
-6.557319
-7.245973
-5.599117
3.001756
5.656922
0.325576
-6.474838
-10.548477
-10.096939
-12.024033
-12.023209
-0.714865
2.114898
7.989632
11.340568
11.280631
10.957775
10.280648
13.367281
5.035541
-9.635886
-11.649032
-10.064496
-3.521679
4.239469
5.583579
2.963359
-0.659760
-3.245490
-8.638626
-9.196817
-3.391592
-0.415219
0.370797
8.315786
7.943392
8.097136
8.118763
7.364851
13.066043
-1.634655
-8.277463
-11.732026
-7.282309
0.524634
-1.011688
-6.336464
-10.971153
-13.629426
-13.009892
-13.185424
-2.233970
3.157479
7.596020
11.722391
11.779219
11.400208
10.928091
11.529719
15.104518
-1.850639
-9.795184
-9.717705
-3.938297
5.509039
6.595555
2.190032
-3.406272
-7.534635
-11.234420
-13.621865
-11.078377
-4.033095
-0.899988
-0.939161
7.705644
9.324114
9.492565
9.187850
15.943771
9.368249
-6.535406
-9.023760
-9.773125
-1.851312
2.488451
-1.226680
-7.026017
-10.651771
-11.491766
-13.163970
-12.962690
0.911623
4.024028
9.427029
12.019874
12.245149
11.872317
11.238269
13.777843
4.891538
-10.026732
-13.154430
-11.455978
-2.840763
6.470833
6.653257
2.003281
-1.446053
-5.215240
-11.318063
-10.347795
-2.915164
0.040015
0.425529
9.897010
9.341973
9.471916
9.414680
10.325146
10.003572
-6.205626
-11.579618
-12.784184
-5.668323
2.376463
0.835895
-5.024204
-9.467076
-12.412375
-13.165812
-12.053541
6.325822
5.352322
9.962084
12.339314
12.010180
11.994907
10.904327
9.793406
9.911793
-6.572504
-12.286239
-13.664355
-5.531901
4.555815
4.665730
0.456398
-3.690527
-8.058330
-13.497747
-11.910370
-3.196793
0.471271
0.715860
6.499877
9.852826
10.668110
10.302440
11.172708
13.690618
-4.210253
-10.108469
-11.340036
-4.537317
2.576731
0.618310
-4.261602
-7.444418
-10.096112
-15.086013
-14.314157
-4.294446
0.794855
4.424895
11.714710
11.686928
12.245379
11.690188
11.219202
11.503411
-5.968189
-11.430081
-10.765452
-4.350482
4.694585
5.711437
2.696410
-1.189987
-5.030558
-11.206209
-10.122001
-1.005101
1.919962
2.133966
9.568287
9.183392
9.092134
8.378703
7.675490
14.677688
-0.606868
-8.538608
-13.316322
-8.043857
-1.024897
-2.568751
-7.695947
-11.430748
-12.965256
-14.875632
-13.101689
-0.566946
4.068977
8.063069
12.091799
12.122431
11.790557
11.266434
11.656155
14.094367
-3.515008
-9.779315
-11.565332
-5.676657
1.674630
2.626477
0.032000
-3.204160
-4.939395
-9.951140
-9.055935
-3.308400
-0.705715
-0.066805
8.868073
8.478179
8.425086
8.210679
7.888215
14.574672
0.183260
-7.295091
-11.829852
-7.993504
-2.751744
-4.562572
-8.243477
-11.491607
-14.917038
-14.862938
-13.347786
0.338593
6.056226
10.430625
13.609099
13.305327
13.455092
12.313546
13.172322
12.281902
-4.762123
-10.692101
-11.976357
-6.200343
0.880176
2.589511
0.435811
-2.360052
-2.862086
-7.959447
-8.119590
-2.597950
-0.363650
0.314562
9.293569
8.828597
8.772702
8.736080
7.978509
13.748260
-0.866651
-8.393192
-12.147107
-8.308289
-2.098774
-3.476226
-7.722212
-11.289918
-14.020579
-14.083961
-12.043009
2.171305
7.779656
11.444646
13.451306
13.451696
12.949058
12.250649
10.683980
11.849410
-4.864557
-11.248625
-12.236619
-7.636809
0.300771
2.845949
1.353452
-1.563946
-1.865812
-7.113804
-7.412520
-2.250281
-0.196152
0.411652
9.082300
8.468889
8.358442
8.194968
7.415072
14.767889
0.712644
-7.401555
-12.457333
-9.366379
-3.030576
-4.681502
-9.118661
-12.242851
-13.693335
-12.972669
-11.097881
1.189129
7.146230
11.006425
13.143588
13.051228
12.448330
11.726268
10.819237
13.532646
-3.444155
-10.697649
-13.184873
-8.483710
-0.254392
2.351682
0.658899
-2.057688
-1.420004
-6.381006
-6.716040
-2.278544
-0.367064
0.184227
8.933398
8.403202
8.148110
7.742353
7.407830
15.496322
2.011885
-7.062134
-12.480874
-9.859212
-3.102533
-4.464317
-9.369324
-12.303893
-13.543780
-12.355311
-10.841638
0.880376
7.081557
11.390614
13.018419
12.780437
12.045506
11.278160
10.961927
14.127542
-2.797985
-10.766472
-13.560362
-8.782041
-0.165581
2.034750
0.016748
-2.544059
-2.361020
-6.970049
-7.372147
-2.427676
-0.047334
0.534332
9.102259
8.626149
8.251473
7.952046
10.351676
18.076025
4.379617
-7.047847
-12.957961
-10.861145
-2.971929
-3.740785
-8.972978
-12.346223
-12.684450
-12.667681
-11.465475
-0.438879
6.065970
10.969066
12.772420
12.473613
11.650253
10.916818
10.781937
14.361085
-2.786311
-11.412310
-13.942818
-10.091252
-1.140892
1.433051
-0.284043
-2.646590
-2.311561
-6.606385
-7.294908
-2.712182
-0.312478
0.370603
9.572748
8.966770
8.664618
8.460525
8.381042
17.179373
3.585872
-7.134227
-12.913063
-10.742343
-2.491368
-3.007703
-8.407300
-11.935856
-13.069538
-12.709663
-10.825763
-0.271225
6.296785
11.317407
13.230867
12.999959
12.122263
11.324253
11.123015
14.401807
-3.100559
-12.251580
-14.251758
-10.417452
-0.831158
1.921403
0.228033
-2.242088
-2.356601
-6.943819
-7.540481
-3.051127
-0.346749
0.378517
9.754081
9.230429
8.757870
8.356757
9.802898
18.337698
4.678144
-7.327022
-13.622006
-11.501858
-3.217194
-3.891018
-9.258838
-12.191210
-11.691487
-11.310650
-10.801262
-0.114966
6.835151
11.792353
13.458822
12.672777
12.179471
10.900140
9.532331
13.314402
-3.043716
-12.198081
-14.282483
-11.537955
-3.758673
0.430671
0.145364
-2.377486
-0.447503
-3.886076
-6.153566
-1.417195
0.294253
1.205214
9.534820
8.831016
8.173682
7.526956
6.626871
16.230692
6.691672
-5.377419
-12.997930
-12.264346
-4.715483
-4.548842
-9.078738
-12.337178
-11.310025
-9.586618
-11.290934
-1.323519
6.289548
11.170585
12.597075
11.507504
10.955628
9.735257
11.013589
18.573732
4.744670
-8.387848
-13.880092
-10.751461
-1.336288
0.941952
-2.937850
-5.496661
-4.587201
-7.982416
-8.236353
-3.383636
-0.422567
0.715929
9.206171
8.895668
8.318312
7.945354
9.721517
18.693203
8.488280
-2.988728
-10.482093
-11.119990
-4.613468
-4.720808
-9.913300
-12.708574
-11.543399
-10.105463
-11.645566
-4.296330
3.071127
5.054503
12.410414
11.361849
10.915421
9.950459
11.193322
17.850676
3.852602
-7.962761
-12.190212
-9.765147
-0.428862
2.012451
-2.166993
-4.928852
-4.352139
-8.301377
-8.992807
-3.611575
-0.222306
1.009933
10.280559
9.719371
9.287464
8.920560
9.524595
17.031906
6.018293
-6.089296
-12.148747
-11.956646
-4.388283
-3.411766
-7.392397
-9.832966
-8.978608
-10.009411
-12.847174
-4.396325
2.074257
8.104851
12.687059
12.176640
11.104150
10.552063
11.987844
17.985643
3.539207
-8.832541
-12.613994
-9.807612
0.487810
3.643990
-0.289528
-3.965837
-4.718653
-10.413647
-11.184636
-5.588514
-0.819904
0.624681
10.924524
10.626301
9.717509
9.313244
11.343561
18.740601
6.521733
-6.847713
-12.821556
-12.314996
-4.188151
-2.545717
-6.210967
-7.936941
-6.914883
-10.016406
-11.052489
-4.137327
1.323428
2.848034
11.884684
11.307508
10.174114
9.556397
12.155203
19.277250
6.564486
-6.698591
-12.514575
-11.043952
-1.127379
1.544292
-3.820408
-6.630730
-6.247412
-9.118865
-9.545784
-5.100593
-0.722267
0.750247
10.557592
9.987976
9.550229
8.997947
10.139978
19.524920
10.778665
-5.227259
-14.123404
-14.574479
-6.924177
-6.689814
-10.030841
-11.299212
-11.448903
-12.113992
-12.796140
-2.859019
4.598325
10.909904
13.709155
13.172206
12.143323
11.384933
12.278385
18.531956
4.151583
-9.797551
-14.929008
-12.011659
-1.526882
2.156809
-1.593506
-4.757992
-4.555207
-9.737210
-11.142956
-4.288625
0.933636
2.464162
11.854645
10.983849
10.452332
9.473230
8.376006
17.371058
6.032015
-6.527933
-13.544390
-13.099374
-5.565098
-4.335430
-7.186563
-8.538845
-6.604074
-9.371144
-11.500446
-4.197634
1.964952
8.529407
13.010098
12.453072
11.350510
10.668859
12.174703
17.429733
2.709249
-8.858013
-12.970004
-10.157578
0.288136
3.205872
-1.310855
-3.727709
-3.875628
-8.344891
-8.802818
-4.077415
-0.174893
1.190245
10.624006
10.058548
9.562888
8.900587
7.239675
17.036997
8.020133
-5.650276
-14.629308
-15.120512
-7.655946
-6.589796
-8.609838
-9.757366
-8.611884
-10.207789
-12.655740
-3.284367
2.892547
8.534258
13.711601
13.193469
12.127360
11.314434
12.627303
18.231764
3.290479
-9.812753
-14.702681
-11.482720
-0.846310
2.250853
-1.510729
-4.387508
-4.588818
-9.745007
-10.561448
-3.237349
1.750219
3.194689
11.676870
11.121736
9.956857
9.355421
11.263148
18.084360
7.243817
-6.886361
-14.803140
-14.179467
-5.773413
-4.203238
-7.474344
-7.866739
-5.882236
-9.345133
-9.572127
-3.047160
2.484319
4.315178
12.499146
11.476101
10.664247
9.426770
10.849958
17.471693
2.991840
-8.515340
-14.989063
-12.672674
-3.142755
-1.708694
-4.811100
-5.476839
-4.462057
-8.880370
-9.073342
-3.418118
1.617673
7.323624
11.939624
10.831394
10.240457
9.565016
8.860517
16.925299
2.907904
-8.605984
-15.365385
-14.239922
-5.681526
-4.268364
-6.765735
-7.600108
-6.595129
-9.079003
-10.162858
-1.383411
4.108181
9.298195
13.832031
12.492654
11.569826
10.209625
12.235003
18.455553
2.905708
-9.833165
-15.874084
-12.447370
-1.525154
-0.012018
-3.792812
-5.299608
-5.008721
-9.377522
-9.081265
-3.203362
1.432217
2.395655
11.678959
11.148996
10.493168
9.723998
8.628543
19.114666
5.970898
-7.377171
-16.321764
-15.929798
-8.444386
-8.402294
-9.058444
-10.046221
-9.126212
-12.255237
-12.599295
-0.381704
5.889299
10.596701
15.131256
14.687069
13.641524
12.426368
12.529316
17.606768
-0.422421
-12.890192
-17.104048
-14.522024
-3.609022
-0.204889
-2.476920
-3.768512
-2.745266
-8.666930
-9.369728
-1.924666
2.766372
8.108287
13.172527
12.576482
10.830794
9.709864
11.468559
17.303133
2.265180
-9.524196
-15.578416
-12.324840
-1.689622
-1.331349
-4.922918
-5.331004
-4.602587
-9.590396
-8.086607
-3.056078
0.390913
1.218775
11.502974
10.999161
10.267566
9.317464
8.103147
19.324482
7.384862
-6.893471
-16.674585
-16.317926
-8.650962
-8.724337
-9.633235
-10.316152
-8.961514
-10.665250
-11.002467
0.661346
5.949436
10.905560
14.951564
13.702364
12.813824
11.070711
12.164740
18.206553
2.184151
-11.112587
-17.921679
-15.620350
-4.847965
-2.020389
-4.835979
-5.511308
-3.781798
-7.164131
-7.871920
-1.061426
3.297018
8.959772
12.539671
11.400857
10.731194
9.842155
8.556844
16.696985
2.216609
-9.731838
-16.661146
-16.088917
-9.370089
-7.703526
-7.557608
-8.313685
-5.075366
-8.722551
-11.604278
2.281364
6.437823
11.489182
14.957211
13.516844
12.499377
10.610390
11.329897
16.879404
1.538003
-10.498765
-16.618179
-13.995081
-3.366963
-2.015326
-4.847367
-5.482790
-4.298674
-8.499875
-8.794504
-1.030554
3.734631
9.231643
12.453885
11.215981
10.458293
9.197250
7.525819
17.312546
4.044814
-8.716867
-16.771667
-16.617367
-9.421751
-8.089384
-8.126183
-8.302955
-5.351073
-8.445198
-10.090261
-1.008755
3.821339
9.393917
14.192005
12.679197
11.659863
10.059255
12.088078
19.711086
6.479999
-7.668087
-14.682908
-11.045763
-1.895906
-2.905576
-6.619926
-7.430512
-5.310653
-8.758420
-8.739161
-1.178743
3.193968
3.519385
10.081164
9.511587
8.904495
7.938576
5.350181
18.327421
11.860925
-1.969330
-14.665435
-16.120121
-11.174546
-11.418983
-11.381655
-11.175949
-9.027318
-10.324260
-10.254259
-0.296517
4.410560
10.523042
13.908657
12.380362
11.423080
9.884334
12.755466
21.335182
9.882795
-5.254891
-14.011548
-11.001985
-2.403243
-3.680415
-7.619102
-9.293482
-6.194902
-8.990634
-8.604149
-1.651299
2.809247
3.194206
10.096385
9.674373
8.857808
7.954046
11.412443
21.613155
16.074026
-0.162673
-13.362048
-15.731742
-10.988433
-13.499296
-14.112160
-13.518591
-11.575167
-10.856464
-10.165015
1.005218
7.021062
13.914278
13.359088
12.244978
11.079036
9.963008
12.393069
20.851126
10.501735
-5.115484
-15.288767
-14.279182
-5.743318
-5.899458
-9.892501
-10.097791
-6.446091
-8.147916
-9.446111
-0.265555
5.313112
13.657944
11.014118
10.028738
9.619778
8.530151
6.694482
18.856256
13.301435
-2.766629
-15.223951
-16.993107
-11.119538
-11.056423
-12.420073
-11.780746
-8.879328
-9.427947
-8.777196
5.957908
10.234725
13.812713
13.402970
11.776002
10.355845
8.914771
8.987338
18.771578
13.171738
-2.694370
-16.062712
-16.747318
-8.693303
-8.458705
-12.531303
-11.825583
-8.283793
-8.740644
-9.067471
1.339607
7.018878
10.566418
12.005723
11.153187
10.280602
9.036586
9.924081
20.128031
14.194967
-3.437455
-16.009995
-16.898291
-9.641313
-10.384097
-13.432684
-12.949059
-9.137137
-9.475967
-9.161090
4.811415
10.670968
11.908677
13.675976
12.474349
11.162759
9.715349
6.553376
17.362480
8.676919
-5.490194
-17.417208
-17.082159
-9.125771
-7.442328
-9.641082
-8.781759
-4.885684
-6.117834
-7.483775
2.230701
6.711389
12.595036
12.121680
10.719234
9.822609
8.672751
6.846495
17.338272
11.814493
-3.637643
-16.315516
-17.071899
-9.589947
-9.575195
-11.923295
-11.307524
-6.590502
-7.777459
-8.247979
4.506413
9.055044
14.061682
13.511842
11.996397
10.201127
8.512235
8.643108
17.080750
7.963965
-6.485258
-16.387896
-15.152340
-7.492912
-7.519297
-10.159239
-8.840650
-4.732241
-7.324831
-7.851190
1.593365
6.431642
12.678879
10.026699
9.364543
8.237923
6.999588
6.862341
17.579863
13.144990
-1.402989
-13.813630
-16.032173
-10.762330
-12.086553
-13.773425
-12.769489
-8.519519
-9.483691
-9.042448
2.655621
7.743613
13.307792
12.832219
11.524469
10.362120
9.057358
11.614337
20.961994
12.446473
-3.988682
-15.192947
-15.122730
-8.549066
-9.937450
-13.011153
-11.516577
-7.836701
-9.491553
-8.836104
2.744110
8.201824
13.063376
11.330618
10.374915
9.695626
8.192772
6.868979
19.056986
13.939281
-1.958951
-14.263419
-16.357105
-11.773607
-12.771851
-13.271833
-12.248395
-9.108014
-9.914770
-8.413982
5.857305
13.829455
14.486633
13.720120
12.215832
10.320829
8.542330
9.954784
19.329193
8.305190
-5.306444
-16.287718
-15.173282
-8.027402
-9.406803
-12.299464
-10.326200
-6.708792
-9.056564
-8.042742
2.098661
7.229351
13.264233
11.473713
10.257463
9.384531
7.856088
9.521644
19.520636
9.244486
-4.481391
-14.751001
-15.436804
-10.422455
-11.664155
-12.586602
-11.615664
-8.604387
-9.597118
-7.225989
6.030638
12.637173
13.382471
12.350237
10.625069
9.328279
7.400024
9.103918
18.828527
7.437080
-5.504809
-15.053579
-15.530449
-10.395682
-11.040018
-12.533990
-11.265332
-8.982241
-10.057101
-7.359928
4.816052
8.887218
13.258491
11.413853
10.025892
9.068218
7.556344
11.828570
21.693300
12.917427
-2.176804
-13.475428
-15.306935
-11.242689
-14.038733
-14.729393
-13.609430
-11.996181
-11.129633
-8.939967
5.646596
10.930688
12.081002
12.914896
11.417879
10.343445
8.539683
12.547216
20.818531
8.902165
-4.295534
-13.570168
-14.641706
-10.535058
-12.081950
-13.295484
-12.201206
-10.981894
-10.442617
-7.404301
5.112144
9.408238
13.442468
11.833682
10.162128
9.078070
7.358701
12.522366
21.154907
12.311979
-1.391769
-12.552611
-14.756820
-11.378728
-14.054487
-14.862931
-13.595682
-12.752450
-11.592359
-9.159692
4.048818
8.762595
14.499644
12.950950
11.307725
10.214759
8.520485
13.206375
20.090071
8.690633
-4.312615
-12.574036
-13.732085
-10.654747
-11.931231
-13.479233
-12.418127
-11.043517
-10.201099
-4.607332
6.647021
12.406020
12.429899
11.778918
9.935179
8.631686
6.729779
10.157888
16.215939
9.323667
-2.484483
-11.489273
-15.374509
-13.428305
-13.634891
-13.871147
-12.687866
-10.774288
-9.763283
-5.627976
9.973083
13.690944
13.972419
13.629162
11.806608
10.371273
8.228210
3.156590
15.861951
4.729612
-5.212841
-12.454307
-13.806719
-11.105988
-10.527744
-11.516894
-10.630038
-9.018201
-8.375824
-1.959462
12.703897
12.690758
12.755307
11.921827
10.058357
8.534299
6.474123
8.215940
15.884950
7.296387
-3.902031
-11.355561
-13.388997
-11.954893
-12.845401
-14.286183
-13.124746
-10.575819
-5.021889
3.094098
12.109076
11.444580
10.877592
9.560612
7.762128
5.959546
4.128470
9.864531
13.144899
7.565322
-1.578396
-9.802985
-13.383143
-12.921255
-15.017147
-15.209339
-13.463935
-12.103913
-10.673300
-4.985961
6.008746
12.586358
12.466129
11.846505
10.109544
8.866006
7.087149
12.604670
17.642725
10.717820
-1.412968
-10.494389
-13.577628
-12.776780
-14.778650
-15.122221
-13.427707
-11.833375
-9.080196
-1.386309
13.165168
12.698602
12.405725
11.458673
9.619370
8.070885
6.283016
9.313670
14.871803
9.229212
-1.835217
-10.788160
-13.833573
-12.803542
-14.537602
-14.849703
-13.261523
-12.014565
-10.253315
-3.843661
8.156042
13.506780
13.644150
13.159032
11.264571
9.805435
7.783520
7.341645
16.167404
6.623187
-4.740632
-11.940686
-14.635932
-13.513816
-12.721327
-13.494157
-12.044158
-9.782842
-4.701425
4.446543
13.324531
13.153666
13.007839
11.822914
9.584437
7.732568
5.595831
7.310421
14.727703
6.220982
-4.052360
-10.633734
-12.994896
-12.801875
-15.007611
-14.976047
-13.015862
-11.869987
-3.988087
4.461078
11.770844
10.652655
10.248229
8.358614
6.416824
4.470941
2.857856
9.235948
10.583110
5.830982
-2.314843
-7.762284
-13.425858
-14.298017
-14.610894
-13.896298
-13.762980
-9.785406
-7.655797
0.052157
12.865954
11.723072
11.141200
9.982470
8.243020
6.783914
5.215248
5.796709
9.363334
5.663690
-2.885463
-6.133525
-11.605781
-10.113983
-10.760317
-11.462570
-8.965246
-8.042071
-3.759200
13.034747
10.695971
9.002873
8.225381
6.445785
5.032022
3.360635
1.286279
7.733385
9.556076
6.988019
-1.360953
-4.474100
-9.357558
-10.464595
-12.710176
-12.223581
-12.027775
-9.130266
-8.479985
0.464770
11.267035
9.784881
8.926886
7.651674
6.502682
5.015257
2.985442
7.179211
9.251213
7.332637
-0.924769
-5.433668
-12.416549
-12.795745
-11.998726
-10.436640
-10.283767
-7.587666
-9.002563
-1.535059
5.194759
11.220350
10.654768
9.090491
7.965188
6.685625
6.121496
10.317640
12.061023
11.581335
1.614622
-6.894421
-13.430171
-14.134638
-14.271855
-13.297217
-11.063249
-6.524255
1.145305
12.389050
11.815598
10.712214
9.810567
7.675475
5.692639
3.698674
6.225776
8.285707
8.685559
3.824379
-3.111056
-6.875384
-10.359092
-10.831043
-12.833130
-12.173828
-10.264540
-9.226522
-3.247864
11.039981
9.882436
8.205450
7.466596
5.504496
4.023868
2.154736
8.517833
9.341177
8.827653
5.698589
-1.102194
-4.798087
-10.352644
-12.023351
-11.968601
-10.960117
-12.314889
-7.854173
-6.473424
0.893522
10.754537
8.669587
7.905970
6.443611
5.277935
3.441059
10.050721
8.291172
8.058984
3.522237
-2.237545
-5.990170
-8.998946
-9.792476
-9.473016
-8.531471
-8.882173
-6.147202
-4.390351
1.166488
10.125724
7.678306
7.195595
5.807443
4.754469
2.571361
10.512249
8.733140
9.627828
4.479511
-0.832582
-4.023958
-5.645242
-8.539810
-8.877471
-9.473351
-8.360709
-6.552907
-4.551022
-0.537486
1.764761
10.518635
5.418366
6.956618
5.945755
4.156903
8.953111
10.455023
13.513924
12.227207
1.420137
-5.802447
-13.009131
-15.757993
-14.178211
-11.659369
-13.924934
0.249149
11.443988
10.620540
8.649963
6.463949
5.072425
3.528640
1.749058
0.081801
7.208187
7.902926
8.011397
3.671454
-1.612281
-5.835917
-9.217417
-11.010662
-10.729650
-10.421252
-10.028012
-7.761286
-4.158791
0.618500
9.445736
7.032337
6.108095
4.964316
3.925001
1.733901
10.508466
8.129757
10.585820
6.642597
1.063385
-0.768712
-3.524057
-9.375357
-10.700706
-11.283673
-11.052065
-7.635363
-4.947381
0.022749
8.928729
8.068625
6.704017
5.610578
4.532604
2.091037
10.203662
9.766093
11.271729
8.705938
0.114645
-5.015992
-11.116064
-13.654752
-12.303255
-10.157405
-11.064293
-8.607337
-4.599408
11.842278
10.586275
8.705987
7.414519
5.860692
4.814351
2.967312
9.013492
9.661565
10.978522
9.542111
0.272348
-5.341018
-9.385220
-12.233762
-13.715728
-11.992515
-11.771167
-9.529341
-5.020041
11.743392
11.622646
9.865229
8.143237
6.682580
5.452015
3.058100
8.870719
9.210724
9.026946
4.442005
-0.811840
-3.449686
-6.519794
-10.283914
-11.912983
-11.921409
-10.555650
-8.261320
-5.186536
0.171552
10.002502
7.868838
6.630862
5.160203
3.872024
1.695071
9.909443
9.616168
10.989784
7.868094
0.357094
-4.813024
-9.992364
-12.718506
-11.864350
-10.420643
-10.480855
-8.025723
-4.491108
11.877506
10.636518
8.524726
6.801221
5.593470
4.441486
2.087962
9.581760
9.762357
11.167213
8.996084
0.130663
-3.049222
-6.742638
-11.602022
-12.407517
-11.960565
-11.834960
-8.276856
-5.119302
0.958964
10.936506
8.759495
6.843169
5.718169
4.530968
2.121841
8.970390
9.690050
10.823012
8.013186
-0.351946
-4.249328
-7.183683
-11.955131
-13.690263
-11.916437
-11.985918
-9.143505
-6.117584
0.589331
12.833713
9.845143
8.466107
6.998826
5.648861
3.332354
10.178393
11.466151
12.456412
10.817803
1.661439
-6.462294
-11.103101
-14.337496
-14.904938
-11.731502
-12.764414
-9.921740
-4.751550
13.878854
12.398609
10.692698
9.178548
7.299881
5.678040
3.279649
8.300089
7.679041
7.602080
1.880011
-2.510805
-5.470543
-8.081760
-10.578703
-10.770810
-10.537830
-8.694850
-7.221251
-4.228289
0.153449
9.956994
7.701253
6.257761
4.787517
3.320936
0.646180
8.743873
7.203083
10.508925
8.024077
1.964538
-2.300167
-6.356752
-11.292227
-11.980789
-11.051032
-10.419697
-8.537818
-5.005002
0.614464
10.401529
8.294415
6.901326
5.349128
4.073733
1.608335
9.752333
10.391262
12.470652
10.698243
1.634418
-5.356599
-11.848411
-15.790019
-12.877831
-10.550990
-13.056430
-8.584706
-1.309255
13.690516
12.115624
10.337001
8.564268
6.681012
4.699944
2.699571
9.253204
6.431614
5.337572
-2.701311
-4.556370
-7.401517
-9.539021
-10.827582
-9.008747
-8.972519
-7.546131
-5.290653
-3.096061
1.253792
11.188779
8.220451
6.522141
5.052221
3.604871
1.062894
7.575286
10.156871
12.946511
12.205243
3.049162
-5.365752
-8.399755
-13.656559
-12.849936
-11.605653
-12.064438
-8.367918
-5.314648
2.459922
13.130618
11.810219
10.111695
8.169656
5.858991
3.979734
8.314881
6.755730
6.492443
-1.632040
-4.236540
-9.817817
-11.430964
-12.153447
-9.517905
-9.043366
-8.078558
-6.281729
-0.673911
12.271779
9.718612
7.682045
6.101057
4.514550
2.951512
0.232451
7.780551
9.001509
10.425922
7.275517
1.065870
-2.524555
-6.181273
-10.756605
-12.035229
-12.072888
-11.066401
-7.712684
-3.896483
1.103773
2.922446
10.143056
8.491346
6.616318
4.848557
2.733439
11.300890
11.568478
12.566632
10.345830
0.393901
-7.315916
-12.811555
-16.484957
-13.520408
-12.002068
-12.597906
-9.605560
-1.634977
13.415613
11.621161
9.764334
7.722660
5.714725
4.028903
1.418054
11.416474
9.279854
8.761513
3.060698
-0.457185
-3.765627
-7.750764
-11.623016
-13.096458
-12.141863
-10.633248
-8.146554
-3.574519
0.298968
10.200217
7.993216
6.438059
4.831096
3.128009
0.174289
6.747150
8.486276
10.975145
9.023301
1.965838
-4.942112
-9.106080
-12.938850
-12.108784
-11.196116
-10.778463
-8.034709
-3.938644
1.511610
11.548868
9.400450
7.559893
6.009574
4.301167
1.801963
12.137319
11.808364
12.472937
8.825830
0.927602
-4.702270
-8.258731
-13.835164
-14.622339
-13.247474
-12.035037
-10.388839
-3.978013
1.900854
11.915857
10.265915
8.338722
6.594447
4.628335
2.094381
12.210423
11.133704
10.657805
6.390774
0.517073
-5.663761
-9.431295
-13.899074
-14.345326
-11.986312
-11.461431
-9.505718
-4.397082
1.571896
11.028667
10.443845
8.660920
6.946131
4.919206
2.670329
12.670803
12.798529
13.071803
10.727000
1.247119
-6.449980
-9.242498
-14.801067
-14.875007
-13.312783
-12.765253
-9.449481
-3.599596
14.659144
12.891085
11.223081
9.237768
6.704646
4.481954
2.113410
10.970774
6.937289
6.095507
-1.893339
-3.736292
-7.071543
-9.548329
-10.968292
-10.582003
-9.620484
-7.623908
-5.916270
-3.111024
0.805957
10.982713
8.681407
6.900505
5.058999
2.919247
0.350296
6.462923
9.295220
13.298002
13.978062
5.017098
-4.064822
-7.092635
-12.390878
-13.767916
-12.663340
-12.058796
-9.198720
-5.303350
1.110552
13.813488
11.887563
10.476599
8.312493
5.700541
3.593819
10.618915
8.321719
8.393258
1.077357
-3.035730
-11.541576
-12.992488
-13.445517
-10.714678
-9.830404
-9.328997
-6.388246
0.829479
13.859706
11.494973
9.412219
7.356784
5.370659
3.414748
0.839905
11.365472
8.779453
8.465961
1.968572
-1.599998
-4.884044
-8.077565
-10.761159
-11.208573
-9.981435
-8.440793
-6.962102
-2.119338
2.017641
1.139230
9.884634
8.306188
5.733866
3.516586
1.162063
12.082765
13.479069
15.909598
14.467297
3.046692
-6.722609
-10.842702
-16.488441
-16.443081
-15.060037
-13.964476
-9.829906
8.149126
14.360370
11.875990
9.731644
7.779788
5.203483
2.929859
0.324388
10.697251
6.229382
4.924255
-2.085365
-2.541662
-7.388158
-8.987281
-10.313755
-10.335534
-8.989535
-7.150341
-6.569376
-2.182291
1.440749
11.268793
9.247372
7.293092
5.151653
2.702863
0.443326
6.767327
10.011513
15.992205
16.119764
6.240502
-2.801713
-6.109195
-13.137991
-15.217252
-14.991628
-13.701002
-10.859742
-4.250387
-0.185947
13.652336
11.660251
10.098753
8.155170
6.079419
3.762829
9.223796
6.864955
6.386738
-1.408730
-4.721128
-11.163857
-15.057347
-13.394884
-9.248998
-7.838571
-7.240152
-5.311341
0.897008
14.087028
11.345958
8.517024
7.544503
5.264184
3.166981
0.567843
8.834748
5.205923
7.918203
3.299591
1.057127
-3.096798
-6.472978
-9.734229
-10.820217
-9.967788
-8.249470
-6.685811
-1.964570
1.979906
10.484362
7.761935
6.361365
4.467330
2.269908
-0.275307
7.520616
7.784005
12.236044
11.178697
4.636127
-1.763789
-8.749266
-12.846457
-14.858924
-12.896025
-10.724213
-8.786430
-4.500848
13.969604
11.818625
9.885033
9.281523
7.302688
5.208725
2.951325
7.449008
5.263096
3.175483
-2.424365
-1.867568
-3.824857
-7.977626
-11.352612
-11.108329
-8.898410
-7.001457
-6.422646
1.420439
13.351966
10.475245
7.648725
5.925319
3.495368
1.303247
-1.779815
6.830810
3.873308
6.641403
2.273167
0.516687
-3.400761
-5.666591
-8.990063
-9.902619
-8.741996
-7.482913
-7.591703
-3.149144
0.400371
0.553733
8.429167
6.605755
4.508854
2.360843
5.634681
5.263413
4.621867
9.284756
7.960904
3.338236
-3.010449
-8.318739
-11.078117
-12.700265
-10.979797
-8.387316
-8.141281
-4.613489
1.895382
12.030281
9.226765
8.701811
6.578590
4.320573
2.136030
8.800988
7.818824
8.526196
3.590887
1.738360
-1.959069
-6.089670
-10.316530
-10.865138
-9.415517
-9.860482
-9.026446
-3.974091
-0.691879
10.783923
7.717280
6.961997
4.109081
2.115363
4.883866
-4.148558
-0.284115
6.969697
5.383178
2.229846
-1.909639
-5.555518
-8.912431
-9.611368
-9.210752
-6.812762
-6.665778
-5.239670
1.307028
11.728723
7.715147
7.392489
4.677440
1.929211
4.770773
-5.231692
0.722922
8.999364
11.292586
6.006238
2.118991
-2.755425
-7.687495
-9.481767
-9.300470
-8.962283
-7.335505
-4.829371
-0.468308
1.701675
9.894525
8.675191
6.005287
3.360410
0.540139
0.150357
4.503357
11.178186
11.173211
6.301524
-1.805604
-9.563504
-13.306682
-14.613036
-12.943771
-10.563881
-8.865275
-5.665467
14.342121
12.319198
9.115961
7.932820
5.372511
2.577203
-0.181331
2.752278
4.599382
9.130430
7.083313
3.773666
0.763168
-4.033310
-8.529745
-10.681429
-11.234414
-10.295132
-8.637607
-7.198307
-1.542209
1.120065
10.300345
8.990198
6.351036
3.765625
1.151904
0.591515
5.542317
12.154962
12.545148
7.195379
-0.839911
-8.531157
-12.750393
-14.813879
-13.407019
-11.648963
-9.017599
-5.579921
14.231970
12.507240
9.707144
8.308237
5.466005
2.812616
0.127168
-2.466877
5.592299
9.831698
8.159081
2.850197
-0.740449
-6.203712
-10.768541
-12.272798
-12.579337
-10.747435
-8.049775
-8.131101
-0.617925
13.359068
9.916261
8.583481
5.827599
2.919250
0.052861
1.459620
7.021878
12.947730
13.834655
8.634200
-1.614458
-7.875515
-12.564141
-15.740898
-14.884566
-12.503264
-8.602641
-8.551663
0.774029
14.629230
11.860680
10.489302
7.853765
5.479970
2.637116
-0.167532
8.213593
10.274730
8.427010
1.811209
-1.836246
-8.362966
-12.454262
-13.808523
-12.596120
-9.959154
-7.894716
-8.574287
0.039234
13.088525
10.366280
8.616669
5.741705
3.412350
0.278120
1.887270
6.414857
12.615963
14.221878
10.306880
-1.053056
-5.358418
-10.963443
-14.387422
-13.922231
-12.460954
-8.767204
-8.506799
0.303334
17.522371
11.788781
10.656284
8.269464
6.160780
3.736025
1.165988
8.617374
11.478773
9.473858
3.862236
-2.414717
-12.086576
-15.803967
-16.213499
-13.791675
-10.796819
-7.481750
-2.216602
15.639432
13.270389
9.789986
8.602206
5.650296
2.867178
0.144853
-2.531526
6.300655
9.356916
6.718575
1.175024
-0.708385
-7.390222
-12.051101
-14.330348
-13.499813
-10.432814
-9.072049
-7.083132
1.249928
13.127672
9.975815
8.603369
5.831285
3.263831
0.459208
-2.799923
6.515917
11.542873
12.263573
6.943204
0.737990
-7.238122
-12.464567
-15.069543
-14.319547
-12.188807
-9.190205
-8.189026
0.100827
13.597380
10.637092
9.125153
6.382434
3.769106
1.004917
-2.072424
9.210683
13.145935
12.804549
6.668205
0.147563
-7.344572
-13.256498
-16.407225
-14.927299
-12.891235
-9.924104
-7.599197
0.531158
13.974186
11.068851
9.492872
6.669073
3.977884
1.173710
-2.031461
9.177864
13.231781
12.999393
7.282179
-0.457241
-6.900901
-12.632367
-15.909124
-15.017675
-13.167213
-9.585574
-8.764413
0.610494
3.766822
11.925347
9.873734
7.257812
4.950766
2.230161
-1.142226
7.480021
10.753766
12.101034
7.450740
1.322742
-8.485086
-13.817651
-15.514725
-14.517624
-10.346489
-10.690368
-4.684259
2.555489
14.133671
10.935745
9.293759
7.151844
4.490078
1.480549
-1.277190
6.707741
8.961947
6.926925
1.254313
-0.113768
-3.821271
-9.178293
-11.437298
-12.282390
-9.970442
-9.445495
-9.261009
-1.724339
13.127048
9.563711
7.645157
4.797802
2.683856
-0.416616
4.382659
5.505541
9.237394
11.954453
9.272306
2.125737
-6.129908
-11.999678
-13.829398
-14.001586
-11.061853
-8.895395
-7.510662
0.574917
13.824203
10.723152
8.735459
5.991520
3.216264
0.338856
5.374288
5.901721
8.765079
10.633948
6.605404
0.938889
-5.951119
-11.140120
-12.882113
-12.573908
-10.203328
-8.218474
-7.884350
0.193423
2.480481
11.096618
8.956115
6.442050
3.963339
1.006002
5.476494
7.450333
10.872613
13.488471
9.426862
4.638618
-6.825392
-13.101703
-15.601588
-15.732767
-12.223912
-11.094585
-6.436078
0.571864
13.832111
10.561799
8.706521
6.628801
3.576575
0.462525
-2.545475
9.574161
11.528101
12.364877
3.624516
-0.427366
-4.750293
-10.990000
-14.538691
-15.275455
-12.366947
-10.417747
-9.298779
-0.182867
11.779131
11.543937
9.312864
6.268554
4.109051
1.064582
-2.392353
6.761183
10.817277
13.506971
10.149834
2.768479
-6.022379
-12.573008
-15.199587
-15.228586
-11.996186
-9.794984
-7.884922
1.493963
14.259963
10.954573
8.814422
6.126650
2.984464
0.260858
-0.021646
4.094570
6.419292
10.010159
7.016824
1.587132
-5.051356
-9.947260
-11.638559
-11.548265
-9.296697
-7.235348
-7.406883
-2.248533
0.798671
10.729195
8.071088
5.631332
2.772265
-0.494485
3.504770
3.657738
7.041970
13.291868
12.270514
7.816061
-3.715538
-11.105247
-13.809052
-14.634107
-11.983143
-8.982962
-7.889088
-0.782563
14.439116
11.707381
9.110291
6.925697
4.516456
1.170969
-2.342927
6.415545
9.015636
13.541682
10.129756
2.696780
-5.473842
-12.167977
-15.929502
-15.371073
-12.363724
-9.470296
-9.437404
0.269513
6.082290
11.903255
9.017483
6.372915
3.069473
0.271938
4.515719
5.661767
8.774864
14.044607
12.163268
7.356855
-4.032954
-11.559887
-15.073969
-16.068064
-13.267927
-10.750714
-8.713821
-0.085607
14.555380
11.399207
8.969419
6.973151
3.691140
0.647387
-2.680350
5.963125
9.156185
13.832099
9.553999
4.802815
-3.297894
-10.611839
-14.847472
-15.060496
-13.262750
-10.678468
-8.065325
-0.214524
3.064909
10.607406
7.559228
5.183934
1.638545
4.613260
-1.651263
5.259351
8.545677
13.824567
13.514131
10.745027
-1.392686
-10.414366
-13.557050
-15.048327
-12.725032
-9.923823
-8.797132
-1.378915
15.002481
11.841157
9.791912
7.463143
4.752346
1.740681
-1.316911
10.060536
9.407159
11.530190
5.826554
1.866830
-3.760459
-10.453154
-13.431232
-12.956753
-11.657537
-9.517013
-11.127460
-1.577711
2.067373
10.673991
7.648755
5.099843
2.131362
-1.693563
-0.818835
7.302579
7.647650
14.364239
14.813341
12.187949
0.154589
-10.130908
-14.956849
-15.750214
-13.855527
-10.862055
-8.807098
0.335780
15.956551
12.269506
9.106911
6.452186
4.058901
0.547220
-2.687273
5.178844
4.492787
9.373566
6.751476
1.877965
-2.321749
-7.685410
-9.888777
-9.068175
-8.394139
-7.982853
-10.345187
-3.136566
-0.075068
10.091543
6.285093
3.119757
1.022672
3.735238
-1.528126
9.047670
8.388750
12.835807
12.085911
11.855178
0.909430
-9.406858
-13.927654
-14.214362
-12.907436
-9.942164
-9.166028
-2.424672
17.762085
12.285123
8.893172
5.823144
3.614668
0.209747
-2.831615
3.437618
3.092068
8.623883
7.849569
5.356654
0.280384
-6.705528
-9.854330
-8.780731
-8.276476
-7.498216
-8.618752
-5.175247
-4.210148
-1.288363
8.418716
6.433784
3.544177
1.154319
2.745135
10.985213
10.302176
14.787301
14.836488
13.169959
2.885702
-9.658766
-16.553108
-16.619709
-15.093905
-12.372044
-10.900995
-2.004788
2.708668
12.800037
8.901808
6.164124
3.683956
0.490163
4.588912
4.928113
3.700602
8.308038
7.837203
5.424502
-2.771522
-8.878401
-10.975314
-10.434886
-8.777493
-6.913905
-7.513195
-4.049728
-2.650635
11.230288
7.929094
5.945102
3.108120
0.033519
3.586294
5.568395
5.262049
11.542921
12.092874
11.801773
3.822587
-6.936512
-12.702240
-13.658758
-12.707125
-10.796113
-10.410528
-4.861780
-3.256019
6.976756
9.073310
4.952998
4.108886
1.698482
3.082976
8.250312
8.489006
14.168512
14.995150
12.735014
0.828253
-10.432899
-16.204151
-16.649673
-14.135822
-10.922668
-8.860004
-2.062760
-0.214127
12.774906
8.929706
7.753708
4.332084
0.868268
-2.443603
3.527455
5.013215
11.251555
6.097844
1.217905
-3.875763
-8.692598
-10.895965
-9.867992
-8.574680
-6.964918
-7.125555
-6.298369
-2.148339
12.005670
7.463071
7.127799
3.444463
0.158615
2.741971
2.071026
4.886873
11.594882
11.452548
11.256739
4.708901
-5.768775
-12.781642
-13.323004
-13.490475
-11.603818
-11.423096
-3.795914
-2.597780
11.141880
7.344500
6.635377
2.777817
-0.305109
-0.742524
1.018920
7.269213
14.354630
16.257980
14.743253
3.559883
-9.676214
-17.336615
-18.286734
-15.396796
-11.387634
-9.524541
0.078898
16.704245
13.144537
8.994115
7.608511
4.102719
0.570808
-2.699784
3.323248
4.697777
10.582105
5.053950
1.118570
-4.339614
-9.039915
-11.130499
-11.176106
-9.697167
-7.873962
-6.429650
-4.731418
-2.591426
11.904212
7.413412
7.000402
3.343113
0.143840
3.046800
2.248141
5.263994
11.718761
13.230795
12.557008
5.022029
-6.362973
-14.175894
-15.713068
-14.835634
-11.743237
-10.554692
-6.724786
-2.462479
2.412732
10.592072
9.879036
6.733932
4.661781
1.768416
6.641072
16.207792
16.974808
14.217164
4.478354
-6.961503
-17.389303
-24.536598
-23.202461
-18.191444
-10.738353
1.889096
18.491823
15.487742
11.052852
7.602278
6.049102
1.878264
-1.512674
-3.501608
2.522895
6.321457
12.704669
10.067182
5.004869
-3.119744
-10.679778
-15.776316
-17.962864
-15.211586
-10.870621
-7.086217
1.743152
15.425302
11.557860
7.714125
6.434646
3.251802
0.149129
-2.886959
-0.903636
2.787239
10.094831
10.716836
6.198816
-0.836294
-8.176167
-12.197954
-13.660583
-12.134412
-8.491488
-9.167081
-5.158310
0.386871
12.067181
8.623893
7.159797
4.160839
0.921547
2.576599
0.937238
4.763694
11.652712
13.699282
11.522533
2.475019
-6.682739
-11.899571
-14.493110
-13.933844
-11.007660
-8.474447
-6.488088
-2.997794
13.074248
8.983526
7.511945
4.345019
0.875977
-2.580578
3.164555
4.776526
11.423048
11.618773
10.256672
4.249268
-5.026989
-11.669082
-14.291792
-14.669571
-11.622480
-9.175440
-6.984820
-3.237390
12.335580
8.294277
7.302645
3.680863
0.468537
1.722650
1.596166
5.057319
11.697490
15.096287
15.346521
7.767171
-5.284756
-15.699451
-19.158634
-17.152544
-12.635239
-10.124114
-6.249447
-2.231159
14.300577
10.018789
8.705499
5.431267
2.694177
-0.550942
4.079170
10.560245
14.684463
16.472567
12.346963
3.434464
-7.727830
-16.273493
-19.417803
-16.970840
-12.478208
-9.418593
-6.114982
-1.614443
14.391144
10.614198
9.165513
5.795352
2.152708
-1.407401
3.908617
5.564843
11.662742
11.320973
8.452496
2.132399
-6.150084
-11.486958
-14.047946
-13.584667
-10.805280
-8.382418
-6.559657
-2.762258
11.496065
7.779383
6.873321
3.137168
-0.071662
2.107494
-0.050990
5.522589
12.020030
15.868546
15.165558
6.547974
-5.640117
-15.603136
-18.363913
-17.039589
-11.969077
-10.771389
-6.052365
-0.957722
13.591560
10.776646
8.306177
5.191884
2.422593
-1.544036
3.458563
8.727184
11.502164
13.439723
12.256442
4.747427
-5.328748
-12.709581
-15.868405
-16.305506
-12.402579
-10.006989
-6.523962
-0.831473
11.639694
8.266105
6.700356
1.434383
-0.179398
2.345036
0.578656
11.282860
12.974257
16.039936
13.187386
6.420067
-5.295351
-15.146914
-18.444330
-17.356544
-12.651933
-9.900397
-5.287402
-1.373251
13.659306
9.488081
7.808922
4.174814
1.189524
-2.090923
2.691861
7.358367
11.558910
15.953604
12.480586
5.250403
-5.279674
-13.992538
-17.980001
-17.522026
-12.886963
-9.631354
-5.702381
-1.346650
13.565759
9.678604
7.936717
4.177000
1.736546
-1.604750
2.974561
12.845081
14.151916
14.689305
10.956194
4.003840
-6.263710
-15.452273
-18.681526
-17.682512
-12.657707
-9.941490
-6.145953
-2.431872
13.698796
9.385028
8.022511
4.411528
1.405389
-2.065906
2.527836
11.419500
12.752188
13.668304
9.690739
2.922537
-5.514991
-13.053391
-16.077223
-15.988081
-11.972905
-9.330762
-6.619596
-1.030390
12.952182
9.024447
7.005047
3.325106
-0.041289
-3.484470
0.997425
6.243898
10.601487
14.907185
14.607258
8.027901
-2.874816
-13.919223
-17.951305
-17.673588
-12.836240
-10.619224
-7.266678
-3.107373
11.753079
10.841281
8.359438
4.857952
2.288159
-1.780156
2.638628
13.110635
13.247767
12.844584
9.928109
2.897557
-7.001104
-15.150961
-17.954508
-16.723415
-12.084340
-9.925344
-4.938039
0.192860
13.318356
9.831285
8.047266
4.871046
1.422777
-2.076028
3.573065
11.635101
10.346103
11.022215
8.508638
2.086354
-5.391816
-13.234999
-15.958311
-15.622460
-11.093709
-7.874218
-4.335499
1.795613
13.788448
9.486491
7.526366
4.100533
0.824131
-2.372811
2.432613
11.661407
11.149576
15.925157
12.728800
5.824954
-4.170672
-15.462148
-20.447962
-19.340645
-13.829266
-9.162860
-4.804254
1.296726
14.643048
10.225877
8.187469
4.661678
1.356732
-2.127873
1.382528
11.507602
10.057034
11.967238
9.461562
3.080351
-4.239174
-12.692904
-16.103008
-16.563778
-12.064042
-8.097186
-5.937772
0.995425
13.515769
9.266403
7.188558
3.813038
0.279722
-2.970717
2.164596
11.044214
9.955612
14.696769
12.936092
7.778594
-1.075785
-12.837025
-19.274858
-18.765667
-13.786131
-9.750856
-6.942662
-0.337637
11.844073
11.782594
8.816305
5.332296
1.808979
-1.475683
3.239062
11.730099
9.164954
11.401914
9.015727
3.827318
-3.081586
-12.064822
-16.014862
-16.360914
-11.856514
-8.420865
-6.474068
-0.645452
11.644552
10.109821
7.263226
4.082606
1.069961
-2.424685
2.842664
11.800124
11.218034
13.726459
10.773771
2.684361
-4.236316
-13.894117
-18.440746
-17.703922
-13.049918
-9.490495
-5.320389
1.165586
13.907232
9.496125
7.364542
3.712266
-0.119807
-2.975682
2.943213
11.262057
9.867143
13.349497
9.779708
4.073452
-3.008746
-12.874702
-16.929092
-16.830967
-12.161609
-8.169062
-5.578633
1.968544
14.719324
10.606187
7.876990
1.740141
1.462317
-1.940489
2.511129
10.266464
9.114180
13.618573
12.236508
4.605323
-5.196194
-15.710170
-19.392920
-17.838844
-12.506285
-9.225274
-3.762408
2.075905
15.099638
12.040102
8.122999
5.114108
2.121408
-1.165858
-3.480379
11.543436
4.731230
4.071568
2.010947
-1.885679
-4.255811
-8.321275
-10.705273
-10.534095
-7.026458
-4.061315
-5.611898
-1.140961
1.150879
1.724882
8.703996
4.534454
4.072610
0.927125
4.289395
12.868740
15.430809
14.543930
8.831792
2.079189
-7.610099
-18.154270
-22.541454
-20.046844
-12.893518
-7.070115
3.376125
19.931108
17.313797
13.620424
8.816378
2.664415
2.230339
-0.749920
-2.739705
10.220737
6.028540
5.275095
3.138639
0.261438
-4.304523
-12.930024
-17.599680
-17.313940
-12.956998
-5.707909
-2.363365
3.039708
6.151239
11.254887
8.262480
2.742855
3.255364
-0.425221
-3.193149
11.624263
14.722733
14.312436
10.136879
3.735628
-6.176952
-18.015295
-23.285318
-21.051474
-13.574573
-7.829973
-0.036658
7.305834
10.724752
13.912112
9.843417
7.467816
4.488388
1.654986
-1.718005
11.038792
6.431513
5.672925
1.515853
-2.147208
-4.306335
-8.577449
-11.669521
-12.203443
-8.682326
-5.789505
-5.142031
-0.251566
1.509488
10.584964
7.232881
2.610975
2.454584
-0.951646
0.034020
9.144710
9.617949
11.965464
8.430294
2.281153
-5.459851
-15.074070
-18.301567
-16.207850
-10.010962
-7.716322
-0.537602
4.336823
16.730978
13.030659
9.590623
4.002664
4.337947
1.363152
-1.924745
4.269852
5.508593
7.020692
3.885124
0.013763
-6.133466
-11.996324
-15.297951
-13.907793
-9.289773
-6.221887
-1.813994
1.524765
14.255465
10.112859
6.903946
5.386467
1.384955
-2.084766
-1.060015
-0.800794
3.047147
9.746236
8.988034
2.909155
-3.018641
-11.920139
-14.731999
-13.989869
-9.820292
-7.979553
-3.853626
0.077256
14.500956
10.990996
7.781491
6.869535
3.425885
0.167180
3.140800
2.675202
2.750476
4.753261
3.120916
0.104663
-5.413799
-8.875972
-11.686337
-11.617992
-7.484726
-4.830928
-3.191114
1.473213
4.386758
11.811403
7.107126
6.283360
3.288078
0.016653
1.277745
0.384040
4.407409
9.373010
9.058465
3.831399
-4.027189
-12.389191
-15.737035
-14.676394
-10.127728
-6.729461
-3.197340
1.285943
16.974842
12.587956
8.562329
7.171958
3.432110
0.320329
-2.800809
3.183753
6.147773
8.073645
4.949045
0.325921
-5.159277
-9.481960
-12.905684
-13.474758
-9.683491
-6.247786
-4.509113
0.670798
3.976020
11.644934
7.061766
6.181961
2.759568
-0.318002
1.077650
-0.022303
4.703610
10.584979
9.311273
3.221703
-4.162930
-12.353362
-16.207392
-15.365386
-10.747146
-6.588709
-3.132976
-0.369573
14.790643
11.283323
7.689319
6.054218
2.370382
-0.478191
-3.361464
3.252052
10.798334
6.931464
3.361573
-0.465779
-6.666277
-11.281178
-15.351148
-15.073447
-10.437651
-5.337280
-3.985782
1.342616
14.159782
10.220533
7.280741
6.172824
1.911177
-1.778976
0.363518
-0.825114
4.923392
10.020874
11.812232
6.322161
-1.313524
-11.739328
-17.924223
-17.682158
-12.886698
-5.691311
-4.195833
0.775460
15.200199
12.339826
8.486760
7.073615
3.781660
1.037274
-2.132170
4.077947
11.888963
7.848719
5.123748
1.124871
-5.596583
-10.408193
-15.064251
-15.398134
-11.020920
-5.219613
-4.522839
0.604973
6.969263
11.397398
8.420382
6.712031
2.640662
-0.965395
-0.599311
-0.072253
3.825303
10.388741
12.037501
9.023429
2.951398
-10.445384
-16.477551
-17.969254
-14.813143
-10.036257
-4.770621
1.481572
18.172756
13.069505
8.952173
7.020330
3.403995
0.532362
-2.609362
3.104371
14.754430
15.083462
11.571354
6.517653
-2.382062
-14.349537
-22.269072
-22.098494
-16.200363
-7.718663
-2.855587
3.313219
17.410107
14.733531
10.087645
8.291209
5.252654
2.592816
-1.144765
-2.407003
1.194786
1.965728
1.934919
-0.182780
-2.539919
-6.150706
-10.388297
-11.920506
-9.068974
-3.837166
-5.152018
-0.258081
2.850269
12.399236
8.652797
6.173743
2.901229
-0.705470
-2.436195
0.049101
11.454473
13.199953
10.719989
5.061346
-2.172087
-12.801875
-18.350443
-18.698854
-14.201683
-7.819992
-4.883729
0.976702
3.474034
12.337156
8.768230
7.391636
4.193478
1.982773
-1.576642
3.662742
14.847580
13.904586
8.234049
1.990140
-5.779940
-11.854162
-16.601406
-16.840582
-12.717644
-7.749358
-4.869362
1.599172
17.678091
12.176937
8.328936
6.666786
3.497224
0.383880
-2.797956
1.888738
7.698158
8.644939
5.488303
0.016677
-5.041805
-8.965356
-12.478886
-13.085354
-9.808983
-5.103840
-5.969403
-0.922506
2.011803
12.050219
8.062305
6.165269
3.514667
0.120110
1.718256
-0.307147
4.652216
7.024814
7.876264
4.020777
-2.374260
-7.322124
-11.439745
-12.895951
-9.518258
-5.065775
-5.247483
-0.703124
2.400807
12.051572
8.045765
6.240593
3.548780
0.219485
0.525194
0.293217
4.433999
4.398893
4.891850
2.089582
-2.849518
-6.865441
-10.181065
-11.210650
-7.765017
-3.085952
-4.907917
-0.291529
2.294444
12.720654
8.146972
6.403683
4.034946
1.119027
0.655930
0.117185
10.106328
8.628542
7.495047
3.343607
-2.573018
-8.670937
-13.420244
-13.958447
-10.885097
-5.748316
-5.730785
-0.127584
18.562943
12.919912
8.829556
6.921206
4.194258
0.973962
-2.212163
0.559725
4.954690
6.399492
6.452471
2.820868
-2.395036
-8.098722
-11.875175
-13.375315
-9.706732
-5.485286
-5.218805
0.082719
10.121721
12.242504
8.182201
6.480236
3.392155
0.095889
-0.951807
-0.133420
2.549013
1.287982
2.246194
0.424827
-2.701088
-5.479092
-7.742989
-8.685884
-5.440271
-1.148940
-3.540805
-0.380820
1.146972
1.563761
7.729703
4.865141
2.691647
0.026953
-0.627544
2.004176
12.403769
8.441201
6.595258
2.920073
-2.280060
-9.050835
-14.350804
-14.352430
-10.152245
-3.009076
-2.768679
1.552723
4.752547
13.303428
9.223187
7.194283
4.851826
3.076446
-0.185560
5.010027
12.524480
8.248516
5.339242
2.450804
-3.187321
-10.156310
-16.124428
-17.052206
-13.662010
-7.883311
-4.335354
1.636029
16.581388
14.136120
10.617604
7.265259
5.435118
3.196434
0.333093
-1.947546
11.674417
5.708381
2.831617
0.371214
-3.126758
-9.601957
-13.991476
-15.241342
-12.135050
-5.630494
-4.816800
0.621682
9.336789
12.999050
9.281444
6.486982
4.859183
2.210834
-0.358993
4.520081
4.376468
1.060127
0.875893
-0.551462
-3.114989
-6.658906
-10.152936
-11.637439
-8.525723
-3.391121
-5.672569
-1.397740
1.272322
11.323351
7.240129
5.292550
4.075270
0.103405
-1.140929
-1.451089
0.783149
0.014224
2.259525
0.226362
-2.144024
-4.040165
-6.364040
-7.344230
-4.463974
-0.450309
-3.361920
-1.050830
-0.684637
13.196028
6.672618
4.188579
4.643950
-4.746051
-9.447994
-15.357663
-13.302213
-8.128361
1.315488
1.820813
3.055198
4.830098
3.488316
4.277542
2.855528
4.202365
3.387948
2.943816
9.350925
11.422102
7.284004
4.506250
2.364135
4.473454
2.493230
3.183390
8.239669
1.236200
1.415250
-0.021874
-3.003860
-7.585810
-11.047158
-11.610224
-8.636690
-3.353787
-5.411988
-0.732909
2.381845
13.400143
9.731086
6.602316
4.697833
1.529245
4.535517
-0.040761
3.900261
2.469786
4.340397
3.290456
-0.318447
-5.492115
-8.985476
-10.883900
-9.038347
-4.818504
-5.187121
-0.950799
1.948311
13.124760
8.982012
6.147780
4.661522
2.138486
3.921020
0.892385
8.615088
3.399294
3.427244
1.862244
-1.939839
-7.224569
-10.739129
-12.176664
-8.764318
-3.688216
-4.283205
-0.111253
2.987452
13.558612
9.413977
6.243825
4.648988
2.126789
-0.644323
1.753314
9.460511
5.106147
4.633922
2.003703
-2.389596
-7.132030
-10.096330
-11.971843
-10.854685
-6.096698
-6.687245
-1.780483
1.119729
12.448327
8.318054
5.979733
1.302617
1.956108
2.594789
0.623630
8.581956
2.108276
3.002543
1.055545
-2.062474
-5.868093
-8.805693
-10.413733
-7.389371
-2.795247
-4.109809
-1.021576
0.772618
11.714346
7.011895
4.977925
2.799909
0.623837
-0.235362
0.001502
9.295095
11.812639
9.218462
4.103179
-1.580294
-8.444443
-14.083872
-16.255957
-13.856072
-8.980124
-3.961046
19.943699
16.193026
13.638642
9.576036
7.072851
2.024839
3.039135
0.298437
5.075085
9.217420
0.212914
1.984263
2.648679
-0.433902
-5.019145
-10.715616
-14.279903
-14.057666
-8.206156
-6.306604
0.185900
6.020432
13.324183
9.474850
6.039776
0.798113
0.996580
-1.996257
-4.354509
10.494158
11.452230
8.967430
5.374146
0.505214
-6.670777
-14.538164
-18.273939
-17.043617
-10.775409
-8.681124
-1.419356
3.704195
14.757518
11.455928
7.634413
2.408305
3.194751
0.002972
-2.802766
11.665002
7.783563
7.627363
4.338531
0.551477
-7.417443
-11.910656
-14.661389
-13.262561
-8.704777
-7.203705
-2.305236
2.368700
16.405458
11.449942
7.429116
4.976829
3.123674
-0.072092
2.094827
9.607692
5.456956
5.245540
2.900079
-0.549637
-6.804178
-10.988132
-12.955714
-11.119061
-6.611338
-5.837693
-1.702549
0.366527
14.932239
11.493499
6.918276
5.680384
2.601555
-0.351771
1.046940
0.487043
-0.012073
3.241299
2.493959
-0.077553
-5.600004
-9.393620
-11.742047
-10.228827
-5.878623
-4.926472
-2.569020
1.300358
14.575194
11.330056
6.727952
5.592722
2.301355
-0.928058
-0.896306
0.353764
3.395925
7.312696
6.032107
2.009299
-4.796957
-10.791598
-14.189168
-12.743850
-8.149627
-6.394878
-1.722841
16.744423
14.500463
11.093635
7.454558
6.202613
3.100890
0.480391
3.379449
3.048981
-1.058784
0.113267
-1.343997
-2.432389
-5.771468
-8.621947
-10.216409
-9.272976
-4.451463
-1.654908
-3.033135
0.549630
2.390404
9.709971
5.747508
5.113174
1.396499
0.495589
-0.704407
-1.131292
1.687632
7.092935
8.168779
4.498294
-1.270815
-10.321272
-14.967516
-13.820613
-8.870187
-6.582750
-2.451234
1.774418
14.538575
11.202087
7.482234
6.690195
3.589409
1.620655
5.083504
3.755784
11.211944
11.070196
6.044750
1.219149
-6.447338
-13.793657
-17.571295
-16.518707
-11.069007
-7.467641
-0.345397
19.737688
15.340870
11.667475
7.399858
6.266986
3.483399
1.046163
-2.232682
4.312712
0.722757
2.055132
0.810497
-1.423782
-3.653359
-8.049796
-12.144223
-12.277290
-8.610303
-5.254825
-3.463336
0.885223
2.963650
10.399688
7.030825
6.194228
2.177866
-1.081635
1.479107
0.510555
6.974373
12.992794
9.477053
3.844657
-4.033006
-13.292933
-18.282146
-17.622215
-12.026597
-7.473658
-2.028379
2.650849
15.131196
11.697952
7.987590
7.216730
3.898283
1.444826
-2.120089
3.989598
5.564533
3.344342
1.353840
-1.584556
-5.644513
-8.687649
-11.417941
-11.690056
-7.588266
-3.512669
-3.703481
0.871099
3.800767
12.057470
7.474534
5.498797
2.358517
-0.676076
-0.586843
-1.573249
3.311631
10.199496
11.104953
5.074469
-3.165623
-9.973718
-14.660418
-14.527024
-10.142130
-5.313677
-3.560846
1.045149
15.094673
11.966554
7.686179
6.724991
3.796767
1.106948
-2.536543
3.637032
10.523279
5.585144
2.454861
-1.651846
-6.685462
-9.524157
-12.202353
-13.186765
-9.522203
-4.242705
-5.123042
-0.379597
0.036369
11.960827
7.573404
6.583144
3.288905
-0.580554
-0.302636
-2.183123
2.307993
9.175895
10.741569
6.296121
-0.341808
-9.311476
-14.235855
-14.229711
-10.364583
-5.624778
-3.795435
1.724849
15.407218
12.661150
8.298121
6.523696
3.270094
0.978539
-2.475093
3.183548
13.881222
11.404993
7.171922
2.005969
-5.001690
-12.660897
-17.827930
-17.699963
-13.254134
-8.385549
-3.768823
2.233953
16.109713
12.199892
9.291591
7.012026
3.480375
0.877445
-2.482073
3.517189
2.663071
4.562765
3.211692
0.569611
-4.236822
-9.063765
-12.517743
-12.894487
-8.891189
-4.430062
-5.173293
-0.114226
7.601252
11.795345
7.758687
6.023928
2.755291
-0.824967
2.350700
-0.450456
8.802559
11.960343
10.726912
5.243760
-2.242978
-11.795662
-17.672888
-17.482639
-12.568473
-5.837720
-5.042159
0.481897
17.908669
13.461802
9.778284
7.642921
4.524268
1.762762
-1.914751
4.130737
10.630112
4.983759
3.918926
1.259719
-4.124484
-8.412872
-12.140690
-13.871938
-10.822744
-4.670950
-5.988304
-0.516781
3.516326
5.029170
10.356652
7.728296
4.365494
1.766925
-1.810119
2.379861
12.748155
14.007302
13.645777
7.329402
-0.612188
-12.764062
-20.698082
-21.938725
-17.310541
-10.524505
-4.375318
2.332323
17.176231
14.026967
9.689490
7.164428
4.246510
1.665842
-1.518777
-3.404342
13.731022
12.750704
9.411576
4.291645
-2.501206
-11.810568
-19.323620
-20.830976
-16.507168
-9.464480
-5.658872
1.958956
11.083319
13.968156
10.387359
7.226555
3.795121
1.212796
-1.982847
3.570717
14.846131
16.692289
12.830124
8.862672
-1.822902
-13.880375
-23.878901
-25.334171
-19.504921
-13.023934
-4.572628
3.499491
17.048986
14.700882
11.190517
8.481931
5.278563
3.472126
0.273274
-1.744704
16.486610
13.769427
8.847613
4.423821
-2.212021
-13.173221
-21.887768
-22.393234
-17.158005
-10.663511
-1.903619
19.717850
16.676638
13.734273
9.158778
6.652388
3.880245
1.894082
-1.089698
-2.859913
11.408912
6.117085
3.302022
1.619024
-3.032737
-10.252333
-15.778294
-17.400490
-14.257617
-6.986897
-5.611304
0.118284
1.250274
13.077663
9.046234
6.719940
3.906294
1.165047
-2.192226
2.845218
12.272697
9.225224
7.289671
3.296051
-2.088938
-8.748497
-13.802741
-16.658201
-14.003804
-9.026540
-6.211237
0.377904
12.466631
12.739607
8.217055
6.841392
3.692185
0.772291
-1.842765
1.024202
4.102226
3.080085
3.149948
0.919339
-2.803625
-6.482002
-10.247895
-11.957201
-9.050881
-4.333080
-6.531031
-1.376828
-0.576106
12.819399
8.512074
6.541119
4.405098
1.782778
-2.084305
-1.031445
9.906804
6.798793
8.125578
5.486952
0.363910
-6.038862
-11.370219
-14.690422
-12.885874
-7.929147
-7.835029
-1.490029
8.343127
13.185653
9.154372
7.010125
4.467134
0.632375
-2.195585
0.655877
4.606607
3.934847
5.705093
3.372969
-0.982811
-6.233749
-9.717402
-12.312928
-10.073675
-5.533547
-7.315513
-1.792492
-0.641163
14.364967
10.037598
6.945828
4.804495
1.890339
-0.213669
-0.472862
3.686598
5.729085
7.913419
6.207487
0.667079
-5.435644
-11.465911
-13.419771
-11.161592
-6.673123
-7.263939
-1.240699
12.739519
12.678015
8.996400
6.479026
3.961972
1.342775
-1.928218
1.199371
10.147918
4.457747
3.494591
1.024648
-2.678961
-7.287360
-9.798419
-12.014996
-9.607216
-5.169155
-6.419458
-1.315141
1.994486
12.578006
8.618083
6.197636
4.264709
0.911910
1.487480
0.487203
9.232863
7.680000
8.821926
6.530714
1.071390
-6.878035
-15.135523
-16.740477
-13.996951
-8.524419
-6.113071
-0.918536
17.285257
14.381403
10.824099
7.956341
5.342365
2.651711
-0.619950
-2.850153
11.675425
6.447813
4.327261
1.424357
-1.366503
-7.017111
-12.507921
-15.214949
-13.334603
-7.530826
-6.844480
-0.209110
7.072072
13.882799
10.483386
7.111102
4.365695
1.878166
-1.210557
2.822131
11.813064
7.326710
5.450941
2.243645
-1.584609
-7.601638
-12.340957
-15.448876
-13.509579
-8.319983
-8.101059
-1.829758
1.783877
14.221846
10.535117
7.034914
2.000761
2.638295
-0.268006
1.350040
9.167255
3.344830
4.323082
2.357731
-0.980649
-6.262494
-9.349771
-11.547557
-10.057479
-5.742297
-6.260330
-1.842486
0.003156
13.750662
9.199090
6.197214
1.278337
2.115472
-1.371435
0.325963
8.479729
2.951447
4.665759
3.826637
0.526466
-5.306586
-9.276681
-11.727886
-10.740479
-6.548659
-7.342010
-1.553118
1.815897
14.119501
10.468478
6.797340
4.798668
2.923332
-0.010057
0.736845
8.738304
1.467576
2.644302
1.772147
-0.902723
-5.650768
-9.005317
-11.650368
-9.884649
-5.059822
-6.650852
-1.133078
0.069779
13.453666
9.816198
6.594638
3.559278
2.483466
-0.599028
-0.276685
6.463861
-0.669763
1.084404
0.926118
-1.546743
-3.963768
-7.029037
-9.326490
-7.926829
-3.587648
-6.067852
-2.124094
0.399354
12.602357
8.637438
5.464799
1.022609
1.381803
-0.547042
-0.149331
7.813054
0.772999
1.797730
0.489222
-1.518794
-4.810363
-6.853382
-7.682587
-6.858706
-1.861832
-3.592530
-0.777067
0.491528
4.364071
8.661099
5.180766
1.119843
1.398032
0.568390
0.569697
7.562609
-0.670381
0.697752
0.704155
-0.932276
-4.719674
-7.139556
-8.181610
-7.054822
-1.624285
-2.844192
0.596258
2.358188
14.987737
9.658648
6.264259
4.380605
2.497736
-0.397578
1.466386
6.674783
-1.156281
0.407622
0.702665
-1.087112
-4.773201
-7.380867
-8.685283
-7.728700
-2.785726
-3.504047
-0.166389
3.986094
13.865265
9.828552
5.877337
5.041795
2.858464
0.405143
1.789221
1.789712
7.030150
5.739146
2.912964
-1.567378
-7.752031
-13.037326
-15.730877
-14.035713
-9.724412
-5.595095
1.068048
16.156322
13.788144
10.006280
6.814787
5.901085
3.426124
0.768117
4.023855
1.858531
-1.694920
1.947053
3.185879
0.850430
-4.506564
-9.859739
-12.991043
-12.474369
-8.011477
-7.335702
-1.526713
11.507254
14.917114
10.981383
7.044767
5.695044
2.685874
-0.232827
-3.345972
2.978832
3.641199
5.747624
3.722367
0.928094
-3.916551
-10.149862
-15.004985
-14.955978
-10.434301
-6.919061
-3.545487
2.672529
14.762377
11.406091
6.974296
6.162087
2.589892
-0.164805
-3.381958
2.696539
9.088750
9.754831
5.370093
0.976691
-5.981919
-12.755612
-17.105953
-16.444956
-11.528468
-6.678728
-3.277594
-0.202335
14.832291
11.078343
7.407078
6.336208
2.185059
-0.939388
2.261029
1.643470
3.514487
6.266562
5.294136
2.023677
-4.252103
-9.575815
-13.353113
-13.327743
-9.374967
-6.039051
-4.448656
1.470847
7.924911
11.634382
7.069974
5.983153
2.396940
-0.579762
0.606958
-0.340164
5.729771
13.009033
12.411886
5.175810
-3.479894
-13.636685
-18.609369
-17.951479
-12.896920
-8.010247
-1.764165
19.788078
15.715248
12.711735
8.633553
6.918159
3.183516
0.839240
-2.238548
3.938991
11.267324
7.193898
4.010734
1.102872
-6.413794
-13.485274
-18.267204
-17.741531
-12.620699
-5.514552
-3.591530
1.952677
11.258874
11.529124
7.940043
5.963708
1.745918
-1.651424
-4.360563
0.218379
12.873231
14.802866
12.565969
6.305047
-2.920177
-14.636052
-23.004154
-22.691656
-16.269753
-7.308981
-0.586320
8.784762
16.733829
13.554045
9.367880
7.316091
3.158054
0.471361
-2.364530
-3.276578
12.929334
8.505109
5.208828
1.285804
-4.496400
-12.191178
-17.637413
-17.931667
-13.321688
-6.075654
-3.926240
1.969128
11.936193
11.828515
7.770101
5.960408
1.572470
-1.332181
-4.276851
1.518636
12.968173
13.473778
11.849599
6.155073
-2.164118
-13.258194
-21.107183
-21.352814
-16.078060
-8.341898
-4.511268
1.664534
5.666759
13.784945
10.010835
8.221099
5.141542
2.631131
-1.228814
-1.405327
11.381090
7.084341
4.432418
1.252013
-4.697443
-9.567763
-14.065642
-15.220031
-11.446172
-5.342197
-5.322188
0.097914
2.670090
12.185536
7.894440
6.571663
3.134989
0.098665
2.546234
-0.315005
11.361597
13.085536
11.908480
5.755884
-1.657236
-12.602077
-18.931931
-19.653568
-15.019899
-10.338045
-3.983763
2.194591
15.830952
12.973612
9.428537
7.930414
4.711218
2.109401
-1.392196
-2.360281
14.859397
14.183778
9.372936
3.115926
-4.566666
-11.441567
-15.985350
-18.064798
-14.221786
-9.712405
-5.356980
0.941254
12.782867
11.836740
8.231875
6.553178
2.820707
-0.518041
3.071837
0.055345
3.040780
6.196252
7.640745
3.272965
-3.141172
-8.408645
-12.452927
-13.530907
-10.087214
-5.774971
-5.830014
-0.515158
-0.303268
12.175828
8.179626
6.273890
3.734736
0.704797
1.953660
-0.003010
7.297347
8.422692
8.711781
4.327432
-2.174288
-8.116695
-12.591906
-14.064248
-11.127160
-6.351469
-5.547400
-0.071389
13.124637
12.007827
8.322757
6.577633
3.007567
-0.197310
2.089443
0.868557
5.108610
4.129622
4.120326
1.590775
-3.431051
-7.683147
-10.505635
-12.207923
-8.667922
-4.696206
-5.459853
-0.325104
7.891747
11.022630
7.789464
6.050860
2.676817
-0.918490
-1.760363
0.145855
4.305748
4.655258
6.316403
4.335690
-1.373123
-6.188721
-11.193378
-12.683180
-9.769911
-4.884469
-6.322144
-1.039553
2.356279
12.726339
8.745118
6.667279
4.217715
1.284413
-1.770928
-0.231752
10.315791
8.713254
7.728811
3.570902
-2.155866
-9.089688
-13.636357
-14.971661
-11.940216
-7.313402
-5.427528
0.515886
14.992527
12.781726
9.287421
6.710906
4.143483
1.274352
-1.761866
0.911202
4.516119
3.601440
4.368651
2.316152
-2.373209
-8.069832
-11.234375
-12.780739
-9.415579
-4.807459
-5.387458
0.207640
6.531929
13.005250
9.059012
6.600123
3.737130
0.923252
-2.223210
-0.126851
4.603116
4.960918
6.676126
3.473857
-1.915020
-8.117971
-12.589875
-13.648562
-10.306154
-5.340621
-5.557475
-0.140284
5.241010
13.131072
9.455023
7.300327
4.803663
2.185161
-0.820305
3.329702
2.979986
0.440515
1.256421
-0.114880
-2.516932
-7.152626
-8.969175
-10.671704
-7.681699
-3.611362
-4.355312
0.282793
0.664447
12.894063
8.166628
6.552934
4.407268
2.144490
4.214491
1.074309
8.262966
2.720447
4.245851
2.987645
-0.693331
-8.017578
-12.969427
-13.623779
-10.520413
-5.439034
-4.879840
0.586256
5.332263
14.866611
11.733041
8.541166
6.459336
3.956747
1.215755
-1.322570
12.037265
6.119049
3.046164
0.324949
-3.423627
-9.642751
-13.589527
-14.751081
-11.869160
-6.524308
-4.325822
1.504557
12.367142
14.244379
10.055341
7.465645
4.817768
2.547258
0.283425
-2.213752
12.650290
10.120204
8.187585
6.157484
0.475529
-9.996733
-20.532949
-23.224318
-19.023026
-11.162418
-4.774472
3.198889
17.237410
14.361288
10.754578
7.687507
5.255838
3.055106
0.175246
-2.655820
12.767961
10.325167
7.786857
4.740708
0.093319
-8.916825
-18.530365
-22.015005
-18.760229
-9.814624
-5.182128
3.056211
17.930620
15.171827
10.864612
7.144924
4.707819
2.414689
-1.000415
-3.046442
12.430202
9.655763
6.514781
5.136229
0.139377
-9.408072
-19.971228
-23.012777
-19.977543
-11.137309
-6.432239
1.299566
8.386317
13.668074
9.111183
6.793742
5.318821
1.350015
-2.029449
-4.507249
11.712491
10.312531
11.735351
8.304678
2.551327
-7.193861
-18.151518
-21.487118
-19.162853
-11.195743
-7.674359
0.499098
1.680093
14.612576
11.406000
8.178818
6.133713
3.160302
-0.003018
-2.737152
12.807528
11.057261
7.916132
3.399507
-1.535478
-7.888187
-12.708772
-17.041615
-14.979335
-9.479166
-7.974926
-1.314227
2.447488
13.185457
9.260314
6.578078
4.531976
1.874417
-1.869531
1.058615
9.275136
10.305323
9.992677
7.992649
1.567495
-7.140167
-17.041807
-19.709940
-16.910698
-9.986156
-7.177631
0.154068
4.250166
14.728762
11.663081
8.396320
3.595691
3.562522
0.965804
-1.972385
12.761990
6.398390
5.063789
1.764854
-2.619569
-7.814738
-11.502823
-14.590423
-12.207362
-7.491941
-6.740231
-0.501125
4.207651
13.900341
10.474933
6.759107
3.540874
2.359605
-0.739049
-0.297778
6.934385
2.623119
4.919910
3.287395
-0.525592
-6.493816
-10.731338
-13.082344
-10.678532
-6.189487
-6.287675
-0.645824
2.412364
13.650416
9.935144
7.258219
4.466453
3.149689
0.440181
1.960491
9.083213
1.262506
1.778073
0.601147
-1.913658
-6.854751
-9.461531
-10.892377
-8.870545
-4.305714
-4.963871
-1.349844
2.098112
13.604173
9.105122
6.039234
1.133539
2.208475
4.181352
0.638283
8.724846
3.885104
5.574765
4.478842
1.172865
-6.108495
-11.372135
-14.032062
-11.683124
-6.999416
-6.328227
0.218549
3.736059
14.208054
10.525370
7.587705
4.794020
3.757065
1.210670
-1.697768
11.996088
3.170320
1.770200
-0.287698
-2.260157
-7.492412
-10.825233
-12.839949
-10.740489
-5.913186
-6.442908
-0.893588
0.628087
13.318106
9.505694
6.458995
2.301450
2.625331
-0.220995
0.882360
7.080891
-1.206421
0.392022
0.210228
-1.430463
-5.114516
-8.087410
-10.061337
-8.080581
-3.397459
-5.458816
-1.268010
1.540656
12.905486
8.840790
5.504547
3.182623
1.913748
0.805386
0.017326
7.307314
0.354022
1.517779
-0.358918
-2.111263
-4.994518
-6.863230
-7.373601
-6.985130
-1.748034
-2.791132
-0.503264
0.290126
0.619970
8.748878
4.515039
4.038624
-0.966713
1.105730
0.576961
1.361847
-2.517214
1.403853
2.045714
-0.557177
-4.819528
-7.909594
-10.004683
-8.725356
-3.756008
-2.603871
1.332018
15.971477
14.009684
9.713162
6.280666
5.234211
2.888911
0.210927
1.951353
1.766137
9.065305
6.941517
3.630153
0.146603
-6.831434
-12.779857
-16.430000
-15.300939
-10.299328
-7.894372
-0.199891
17.415112
15.391148
11.925976
7.570662
6.223493
3.491608
0.992512
-1.967150
3.856987
5.953246
6.689085
4.029486
1.120394
-5.702734
-12.726612
-17.291763
-16.195469
-10.758115
-7.980264
0.525597
16.884008
14.915575
11.012034
7.375681
5.948594
2.908225
0.803203
-2.549502
3.118499
8.661074
5.166206
1.959490
-0.454028
-7.155758
-13.497082
-16.838013
-15.545090
-10.078656
-8.414899
-1.486380
3.125536
14.670318
11.558488
7.484487
6.668984
3.654337
1.024197
-2.037127
3.934462
1.809351
3.487659
2.157398
-0.739788
-5.845579
-9.521117
-13.118292
-11.850471
-7.695099
-7.403441
-2.004658
1.606748
13.785642
9.846210
6.208282
5.364318
3.121741
0.713551
3.571794
3.786656
10.946033
6.809256
1.993234
-2.764813
-8.314447
-12.340724
-14.986367
-13.477405
-8.839025
-7.506910
-2.391428
1.818572
14.880794
11.139753
6.869452
5.954209
3.564686
1.035327
3.914170
2.993660
7.232191
5.147261
1.754755
-1.843976
-7.034306
-10.638241
-13.958954
-12.870971
-8.851620
-7.550071
-1.951327
2.747712
15.211815
12.015145
7.622473
6.634521
4.259933
1.836718
-1.082800
4.711323
2.739605
3.847665
2.559003
0.147119
-5.523058
-10.072890
-13.747244
-12.892080
-8.526315
-5.750445
-1.845808
0.389878
14.811534
11.523891
7.384149
5.943176
3.217728
1.095149
-2.501835
3.705409
0.650281
1.640118
1.307874
-1.204353
-4.083361
-7.510261
-11.565516
-11.475117
-8.155020
-5.153172
-4.192580
0.265578
2.374042
11.057124
7.201516
5.979918
2.952844
-0.737751
-0.425714
-0.649581
3.357841
7.810113
8.244179
3.395320
-2.280090
-7.579290
-12.598838
-13.032892
-8.895774
-5.542802
-4.135914
-0.224652
14.147045
10.613633
6.853579
6.003574
2.942414
0.097632
-1.050136
1.088527
3.964466
2.491131
1.008677
-1.406107
-5.547007
-8.013474
-9.550609
-9.556436
-4.754960
-1.738720
-3.043504
0.281240
1.575886
10.166759
6.379178
5.174982
2.468533
1.560915
0.285204
0.148020
1.739884
4.795275
6.001927
3.622421
-0.334216
-6.894016
-12.595795
-12.835696
-8.245993
-4.704037
-2.812896
1.100736
14.479539
10.840819
7.094768
5.857983
3.488124
0.851557
0.296677
0.353966
10.245143
8.964041
5.424525
0.448652
-5.113216
-8.662149
-12.530072
-12.419217
-8.548028
-5.504352
-3.656101
0.669227
14.267471
10.693354
6.733360
6.013459
3.642120
1.215016
1.834408
1.120411
7.802217
3.948727
1.259187
-1.624148
-5.983547
-8.287367
-10.500570
-10.288121
-6.127940
-2.008361
-3.673493
-0.334774
1.092324
10.197774
6.532498
5.046185
2.588292
3.282811
0.396588
0.097899
3.310377
2.964379
3.909166
1.534530
-1.849253
-5.559776
-9.833891
-10.444699
-6.431584
-1.709404
-2.872262
0.280544
1.436190
10.704991
6.813025
5.605289
2.964136
4.907287
0.700236
0.110931
6.356256
5.463574
4.729213
1.544562
-2.679642
-6.350620
-10.977645
-11.306701
-7.341786
-2.758796
-3.363196
-0.279302
15.849537
10.967138
6.890182
5.819601
3.439633
0.831806
-1.074742
0.570690
8.186996
3.894731
2.559620
-0.360690
-4.048057
-6.646389
-9.683826
-10.036797
-5.912984
-1.579612
-4.536534
-0.746782
0.495255
10.351136
6.479605
4.841501
2.799313
3.379238
0.502561
0.321024
10.475930
7.889056
5.696722
2.115655
-2.520310
-7.003668
-11.845460
-12.163982
-8.808576
-4.299345
-3.982329
0.629009
16.221458
11.708922
7.711214
6.306565
4.171270
1.532611
4.505222
0.028612
8.051884
4.168333
3.051044
0.254513
-3.617511
-6.731913
-10.797288
-11.519038
-7.996734
-3.117169
-5.511171
-1.085325
0.934980
10.449073
6.692430
5.131653
2.759423
-0.371194
-3.459476
-1.216158
6.788187
8.506784
7.664393
2.203007
-1.471492
-5.512902
-10.487148
-11.525558
-8.202680
-3.732507
-4.597649
-0.866048
1.156272
11.251045
7.160414
5.917916
3.442256
0.751974
-0.560621
0.557141
5.114494
2.444927
1.701417
-1.078258
-3.863160
-5.697623
-7.966012
-8.553668
-4.339810
-0.217377
-5.033139
-1.079555
0.417634
7.457134
6.763922
4.437715
1.529997
-1.663248
0.985795
-0.987990
8.498393
5.777374
5.518949
3.121997
-0.538471
-5.751827
-9.591299
-10.558358
-7.389232
-3.538794
-3.239229
1.185674
6.029546
13.032144
8.670916
5.949114
4.117740
1.186666
-1.898372
1.101027
9.459165
6.436068
5.960759
2.667537
-1.627924
-4.373974
-11.158745
-13.861681
-11.818911
-6.618362
-7.477167
-2.389308
-0.185863
11.335804
7.534553
5.795833
4.006495
0.312340
-2.209364
-1.710015
1.212885
2.780197
5.891579
1.362312
0.720207
-1.453375
-7.312601
-9.357430
-6.160528
-1.802101
-5.106523
-1.442833
-0.538769
10.351734
6.198002
4.775488
2.206768
6.992744
-2.109543
2.210113
9.288101
5.262473
4.020632
0.126425
-2.354299
-4.771490
-8.334227
-9.066945
-5.973378
-1.715552
-5.807213
-0.499130
1.788107
12.340696
7.655108
5.099201
4.273513
-0.751872
-3.268098
-0.971136
9.402905
9.162196
9.722040
5.413507
1.405228
-4.770830
-12.843576
-14.849736
-11.923513
-6.063446
-5.616535
-0.724142
2.450258
12.672925
8.973069
6.668697
4.733927
1.111676
3.171521
-0.182457
9.290723
6.182034
5.624259
2.551283
-1.828156
-5.087499
-9.723012
-11.898506
-9.297297
-4.606617
-6.817487
-1.750892
1.824327
13.790915
8.456259
6.022289
5.013486
1.276461
0.362680
-0.142871
9.268772
8.065575
8.358565
4.673025
0.673387
-5.558893
-12.197058
-14.285434
-11.403066
-6.448575
-6.095788
-0.594175
1.600590
12.589747
8.885043
7.071775
5.039979
1.691625
3.582476
0.628406
6.384749
0.672293
2.005092
0.130887
-2.586044
-3.490859
-5.626002
-6.702652
-5.179381
-1.138429
-3.229905
-1.896218
0.103112
0.115647
8.041934
4.770648
1.147044
-1.144185
0.715243
0.371505
7.492099
3.371240
4.634995
3.776760
1.165385
-4.401548
-9.118303
-11.786888
-9.498439
-3.808924
-4.295855
0.432279
3.557245
14.003987
10.027387
6.607917
3.779633
2.331095
-0.604920
-1.715007
8.365347
4.742091
6.040016
3.627397
-0.837987
-5.563340
-10.716129
-12.451324
-10.241436
-5.278179
-5.800025
-0.968776
1.792072
12.114527
8.253123
6.163188
2.425787
1.754113
3.446912
0.328527
7.780646
-0.452687
0.448644
-0.877484
-2.720194
-4.790447
-6.962725
-7.673088
-5.703365
-1.263364
-2.865647
-1.176685
0.209153
-0.918446
7.315271
4.737394
0.873556
-2.498490
-2.231008
-6.745050
7.447858
3.636609
3.921858
0.751296
-1.589887
-4.039546
-6.123690
-7.785614
-5.413847
-0.709065
-0.141058
1.750548
2.309078
12.462952
7.837966
5.152849
0.851891
2.871444
0.735340
-0.313955
8.621028
8.679480
6.846367
3.561586
-0.891343
-4.863948
-9.824229
-12.387714
-10.823736
-5.954520
-5.930028
-1.129057
2.102125
12.608106
8.745112
6.174276
2.248191
2.715441
-0.534941
0.541144
8.731152
5.724678
5.466431
3.220686
-1.096810
-5.549008
-10.265206
-12.948479
-10.724740
-5.749951
-7.075936
-2.060779
0.716248
12.539075
8.451145
5.794912
0.896469
2.397761
4.525042
0.167508
1.054985
9.285335
7.804763
3.969329
-1.514392
-4.577494
-10.128325
-13.308103
-11.944743
-7.463680
-8.348629
-2.473135
0.792777
13.156580
9.566403
6.452896
5.602696
2.857459
-0.470701
-1.710493
1.124958
7.496651
7.439695
4.341034
0.387124
-5.721010
-11.470715
-14.317256
-12.887628
-7.842763
-6.177163
-1.804219
2.323759
13.709591
9.769185
6.488416
5.578969
2.655641
-0.412667
1.045814
0.541266
6.294899
8.189816
5.355989
1.326867
-5.367430
-11.729107
-14.908015
-14.286510
-9.180627
-7.101856
-1.958035
2.562725
14.028577
10.439664
6.937827
6.128307
1.999153
-0.647189
1.090627
-0.090853
2.994928
6.964791
6.058988
0.305740
-3.627120
-9.689892
-13.207521
-12.382165
-8.500850
-6.021962
-3.410305
0.519244
13.343968
9.475841
6.641156
5.736127
2.117679
-1.697516
-2.062092
-0.005284
2.712867
6.436614
4.533443
0.008667
-3.233373
-6.356336
-9.110195
-9.545019
-5.587587
-3.219606
-3.620722
-0.337123
1.091240
9.624380
5.817559
5.199722
1.407955
-1.139022
0.111369
0.711171
3.374705
7.654338
6.281692
2.752414
-2.197169
-8.439887
-13.779427
-12.392550
-7.488951
-3.930191
-1.683418
1.943945
14.485672
10.718849
7.006090
6.054200
3.382523
0.367076
1.725019
1.013334
7.652382
9.870770
6.161661
1.378926
-5.504751
-11.956896
-15.418858
-14.883439
-10.054914
-6.228132
-2.593054
2.081005
14.750530
11.151727
7.239699
6.380633
3.149806
-0.103822
-3.039052
2.923240
4.766858
6.432562
3.623653
-0.758677
-5.231634
-8.713264
-11.967710
-12.081752
-8.404367
-4.469770
-4.508952
-0.136401
2.008518
10.792344
6.978007
5.841006
2.418699
-1.190127
-3.109968
-0.498743
2.490733
7.207644
7.484234
3.858588
-1.731821
-7.801800
-13.652116
-12.692019
-7.964390
-3.535203
-3.299699
0.212735
14.054890
10.195256
6.908363
5.397057
2.716280
-0.633811
-1.389073
0.303753
11.294690
9.695267
5.851927
0.879527
-4.857193
-8.570374
-12.627395
-12.451922
-8.646119
-4.267232
-4.645203
-0.288250
1.785215
10.650854
6.783205
5.754463
2.248300
-0.825049
-2.706352
-0.587016
4.953969
9.499911
8.524062
3.037063
-3.313524
-9.183979
-12.895688
-12.815939
-8.854268
-4.318464
-4.452576
0.007123
16.408020
11.033561
7.131259
6.291534
2.839764
-0.965007
0.418997
-0.106033
3.942454
7.605694
7.952461
3.501516
-1.919222
-6.322806
-9.783873
-11.877332
-9.307056
-5.544279
-5.925094
-1.167024
1.658447
11.610507
8.237486
6.443205
3.447427
0.160682
0.373379
1.045319
7.110016
10.368686
9.195971
4.093333
-2.547740
-8.904840
-14.146206
-14.929095
-11.426971
-7.178844
-4.469026
-0.636413
15.341025
11.736822
7.593976
6.374101
2.479531
-0.455928
2.673426
-0.133721
9.740961
9.197005
6.283887
1.917474
-4.557397
-9.573888
-13.943804
-14.663105
-11.324167
-6.872857
-5.339200
1.441043
15.991991
11.643310
7.995920
5.692182
2.220111
-0.783722
2.014420
0.315689
10.218822
12.783233
10.347476
4.227944
-2.458727
-12.013556
-18.596699
-18.836607
-14.652164
-8.033725
-4.125486
1.588381
16.446735
13.206306
9.619661
7.005345
3.536780
1.237171
-2.160914
3.655560
10.886178
5.082231
3.771516
1.385957
-3.913468
-9.986789
-14.934133
-15.674050
-12.579683
-5.849648
-5.625200
0.349066
0.858171
13.439157
9.609789
7.357115
4.451754
1.489285
-2.268790
2.879741
12.669745
11.385239
10.048387
5.209406
-0.922442
-10.172917
-17.326571
-18.600317
-15.123316
-9.160651
-4.842681
0.903511
15.394486
12.073651
8.330261
7.051463
3.189955
0.144000
-2.744471
2.499702
3.920083
3.390753
4.198126
2.144497
-2.878700
-7.032023
-10.345546
-12.614669
-9.454868
-4.677254
-6.176538
-0.930331
-0.164826
11.916798
7.694382
6.355502
3.436322
-0.311836
-1.282027
-1.893310
7.671090
9.638219
11.783474
9.580230
4.393034
-5.144464
-13.135718
-15.933383
-14.698148
-8.969275
-8.449402
-1.581162
2.583237
12.887460
9.554064
7.399767
5.195491
2.742830
-0.902647
4.224887
14.187108
13.676255
9.999988
4.589031
-2.138178
-10.781389
-17.971382
-19.192841
-15.638514
-12.277391
-3.807742
2.467093
16.545778
12.797824
10.082722
7.481569
4.365424
1.962254
-1.298962
3.513039
0.214488
1.400485
0.493845
-1.350887
-3.113410
-6.586904
-10.130958
-10.520632
-7.215691
-2.466038
-5.649075
-0.789662
1.684062
11.239409
7.529677
5.617998
3.232891
0.081991
1.537487
-0.496946
10.144429
9.626762
8.824696
4.466870
-1.564586
-8.729284
-13.680104
-14.660951
-12.265456
-6.653655
-5.951671
-0.388068
2.187772
12.773026
8.774076
6.927355
5.133872
1.373751
1.694601
-0.781598
1.489354
1.285768
3.759515
1.473963
-0.537871
-3.237756
-7.108717
-9.038457
-5.752560
-1.722248
-4.732809
-1.088174
0.505305
12.023600
7.460541
5.240864
4.049914
2.824292
0.828052
0.782108
4.286092
2.882393
3.542254
1.519593
-2.072457
-5.220733
-7.541014
-8.831809
-6.347352
-1.626016
-3.588174
-0.317962
1.261585
11.914306
8.005858
5.453691
3.821949
5.534677
0.529391
0.577108
5.884098
2.742457
3.625867
2.496475
-1.202857
-5.113992
-8.608199
-10.295703
-8.002799
-3.340211
-4.622100
-0.471149
2.571982
12.822981
8.964429
6.445802
4.744052
2.208073
4.653517
1.082529
8.581205
2.703388
3.097874
1.721872
-1.691843
-6.695067
-9.496271
-11.279616
-8.783348
-4.241965
-5.243658
-0.318098
2.336857
12.476011
8.309183
6.207349
4.362810
1.733675
-1.540034
1.630697
10.138178
5.579766
5.274106
2.260048
-2.757857
-6.843011
-10.954946
-13.521629
-11.550193
-6.458643
-6.383389
-1.136306
1.816326
12.156670
8.209852
6.335954
4.744181
2.483467
-0.431603
-0.265511
6.523177
3.642224
4.410538
1.104231
-1.721809
-4.374321
-9.604336
-11.597897
-9.426748
-4.676527
-6.109986
-1.940774
0.154788
11.452296
7.465930
5.855653
3.931221
1.358757
2.391675
0.822433
8.028666
3.105160
2.837289
-0.078145
-2.629388
-4.717634
-8.087862
-9.985073
-6.932637
-2.797973
-5.968404
-1.609505
0.306831
11.225737
7.098987
4.690999
0.581511
4.083786
-5.291327
-0.151269
6.196214
3.609336
5.952718
3.664178
-0.343207
-3.357260
-7.480278
-10.036291
-7.579871
-2.927464
-3.931724
-0.831596
0.839986
11.996561
7.987301
5.369909
1.149034
6.350882
-3.127088
-0.128018
5.617017
0.313479
2.698298
1.072991
-1.454319
-2.963546
-5.722948
-7.230120
-5.489521
-0.959471
-2.676787
-1.600367
0.084426
-0.865706
7.563636
4.654238
0.772986
0.756092
1.076332
0.533095
6.897029
3.981063
6.139848
4.612449
0.458011
-2.843374
-7.472705
-11.117599
-9.598541
-4.612312
-5.097723
-0.887891
1.982751
12.772943
8.513910
5.918183
1.314644
2.166933
4.564047
0.563357
8.614794
3.612518
5.309728
3.026485
-1.160776
-4.312414
-9.787202
-11.767564
-9.708450
-5.156862
-6.562805
-1.681596
0.878343
11.894288
8.147811
5.996047
1.245341
1.344847
3.018677
0.037002
8.026918
0.954153
1.895257
-0.437745
-2.852405
-3.344935
-5.460499
-6.846606
-5.388405
-1.523948
-2.933388
-2.749101
-0.549945
-1.428650
7.843967
4.707985
0.970172
-2.402535
1.316364
0.568103
6.979125
3.489719
5.429478
4.723949
1.733464
-1.453420
-6.588702
-10.749577
-10.193327
-5.268858
-4.927058
-0.342983
2.634287
13.142342
9.061665
6.043929
1.442868
2.811412
-0.565970
0.526488
8.598992
3.996566
5.866755
4.050084
-0.623855
-3.712428
-9.950494
-12.840303
-11.213280
-6.713316
-7.434451
-2.039600
1.053175
12.339714
8.881205
6.309498
5.437235
1.717187
5.744491
0.639044
1.152566
0.856533
3.353283
2.298166
-0.900444
-4.257862
-7.159790
-9.480617
-8.720414
-4.879791
-4.631767
-2.496641
0.151844
12.506098
8.531633
4.981986
4.429644
1.052941
0.180505
0.023562
-0.307502
0.585371
4.038036
2.596521
-0.953150
-3.421939
-7.357112
-10.263747
-8.300911
-3.952127
-2.957665
-1.482584
0.511116
12.585378
8.396214
5.460764
4.842514
1.097835
0.345292
-0.040986
0.202495
-0.751055
2.121335
0.584156
-1.523523
-3.840606
-5.975762
-7.024133
-6.803867
-1.783599
-0.946634
-1.335584
0.620595
0.756611
9.067106
4.982720
4.567554
0.834445
1.397774
1.520491
1.326530
1.575313
3.864704
3.345890
1.380402
-3.536121
-7.853527
-11.340912
-10.332059
-5.593292
-5.002192
0.172923
3.933471
15.224410
11.431849
7.394194
6.496401
3.410745
0.691709
-2.449415
4.637990
12.198350
8.923370
4.120139
-0.258214
-7.225103
-13.002234
-17.502186
-16.945377
-11.519351
-9.414498
-1.493171
18.230520
14.777378
11.191289
7.511318
6.887174
3.941376
1.189988
-1.785809
3.291827
0.013572
1.740841
0.355284
-1.620360
-4.156431
-7.762086
-11.399261
-10.757219
-6.718698
-5.239814
-2.693715
1.322176
14.052416
10.126181
6.358182
5.854178
2.848185
-0.097003
1.519958
0.755467
0.606449
3.037512
1.208449
-1.628056
-4.818666
-7.241398
-9.404140
-9.377257
-5.430745
-4.306102
-3.251844
0.103174
2.182568
10.596136
5.840741
5.441706
2.716826
3.101231
0.675436
0.619485
0.247887
1.813341
2.109161
-0.128826
-4.101632
-7.028929
-9.099377
-9.147978
-4.596552
-2.720180
-1.934698
0.522530
14.780894
11.355555
7.079742
5.788612
3.413763
0.744863
0.393144
1.435228
-1.125291
1.657492
2.024324
0.147117
-4.284476
-8.306304
-11.406135
-10.983636
-6.998245
-5.411397
-2.145380
0.403670
14.563725
10.760570
6.985364
5.246902
2.501235
-0.245421
3.112593
0.525555
4.508856
7.712747
6.577196
2.509620
-4.698863
-10.660047
-15.302491
-15.048287
-10.688987
-7.317889
-1.800735
17.843021
14.362546
11.095909
7.591321
6.320269
3.079416
0.900127
-2.354296
3.548174
5.513661
2.026479
-0.717209
-1.569725
-6.242168
-10.874180
-13.586494
-12.725499
-7.650889
-2.821784
-3.021082
1.454110
3.737829
12.243986
8.152390
6.242992
3.609087
0.563855
1.659334
0.462191
0.207673
2.147633
3.087869
1.353997
-2.688999
-6.576027
-10.077961
-10.935167
-7.323245
-4.452682
-4.431959
0.104767
2.804214
11.873152
7.436666
6.188350
3.540146
0.552341
1.910372
0.576536
3.313628
6.448765
6.846110
2.182173
-2.709890
-8.266726
-12.226838
-13.041044
-9.122231
-5.869958
-3.692774
0.080603
15.274416
11.835530
7.432401
6.085488
3.004413
0.272869
-2.783905
3.770379
9.294403
5.378842
2.834274
-0.609001
-6.316817
-11.114656
-14.287891
-14.356887
-10.722516
-6.541905
-4.654277
0.675744
3.860785
13.420426
9.245392
7.171725
4.171415
1.677207
-1.641016
4.339064
13.562165
10.467252
7.344348
2.391625
-3.863851
-10.662443
-16.149876
-16.774506
-12.921738
-7.936872
-4.060102
1.470865
15.755154
12.506149
8.714088
7.051115
4.071500
1.865666
-1.699718
3.724716
1.969614
-0.582022
0.127128
-1.328628
-4.009978
-7.574245
-9.933538
-10.683893
-6.641908
-1.914324
-4.531429
-0.439810
2.473610
11.813295
8.170712
5.367566
2.942537
-0.460321
-0.956514
-1.250408
3.514840
5.920096
8.602322
6.364356
1.275172
-6.638081
-13.700031
-13.976334
-10.958136
-5.501564
-5.337724
-0.284997
7.809763
11.858401
8.338854
6.638195
4.134190
1.028575
2.702765
0.428312
4.863104
4.545497
4.538743
0.632375
-3.011000
-5.919594
-9.133241
-10.952345
-7.411252
-3.211315
-4.919434
-0.801910
1.466924
11.847657
7.787524
5.970887
3.686426
0.588397
-0.633242
0.246104
3.711222
1.892599
2.440598
0.414382
-2.932175
-6.021577
-7.854131
-8.572419
-5.638868
-1.963311
-3.189176
-0.132386
1.306316
11.847519
7.560345
4.896945
3.058355
1.275062
-0.302111
0.723936
6.370281
3.791318
3.940302
2.071151
-2.007118
-7.302228
-11.042096
-11.627436
-7.611958
-2.453198
-2.785394
0.646741
3.027196
12.715285
8.883884
6.712170
4.689851
2.592175
-0.755247
3.679804
10.501202
5.163961
3.744493
0.148733
-4.811968
-9.495582
-12.002713
-13.191188
-10.152384
-5.238276
-4.624282
0.542864
3.552870
12.492536
8.595473
6.761088
4.904429
2.929728
0.358504
5.391602
11.302773
5.642527
3.642900
0.419522
-4.718120
-9.457869
-14.974370
-15.369395
-11.761374
-7.377346
-3.115593
2.265958
15.254381
13.159838
9.228349
6.950867
5.273776
3.600948
1.027724
-1.932144
10.168254
4.396360
3.541762
1.614871
-2.240094
-8.680507
-14.838255
-15.916663
-12.502145
-7.169888
-2.823844
3.180616
15.718700
13.614308
9.854429
7.181671
5.239564
3.478753
1.295262
-1.895986
12.247321
8.980087
6.239249
2.810551
-2.767323
-11.650697
-18.963896
-19.981983
-15.784670
-8.744095
-2.322790
4.068834
13.911550
14.581459
10.640231
7.664604
5.489482
3.557173
0.630422
-2.372918
12.945618
9.034719
6.483973
5.093225
-0.164191
-10.368555
-19.728584
-22.121351
-17.952396
-9.655455
-2.454408
20.433472
16.920671
13.485364
9.362573
6.906157
4.166912
2.232082
-0.534602
-2.657509
12.624996
6.151290
3.778730
2.645256
-1.119496
-9.445636
-18.462498
-20.677847
-17.037670
-8.392270
-4.019084
3.497436
16.843143
13.793921
9.430960
6.755207
4.157115
1.328495
-1.724248
-3.867296
9.734416
6.772248
5.962571
3.114511
-0.108843
-7.145682
-14.404822
-17.860569
-16.578573
-8.932848
-6.797130
-1.227235
7.617802
12.985430
9.406642
6.898251
4.717564
2.169864
-1.260754
-3.359007
11.111712
6.238975
5.338197
2.706934
-1.736853
-5.698150
-11.510861
-15.165771
-13.674389
-8.135936
-8.390256
-1.891306
2.198164
13.916696
9.232496
6.483481
4.778251
1.586545
-2.326310
0.307351
9.541243
10.585143
12.269711
7.791391
1.787741
-6.722702
-16.248991
-18.415886
-16.085810
-9.324365
-7.391553
-0.512199
3.178318
14.656476
11.103355
8.175235
3.181900
2.914655
-0.220931
-3.154827
11.960763
5.943294
6.003412
2.984649
-1.668443
-6.347891
-10.667686
-13.851485
-12.394086
-7.504140
-7.510759
-2.010663
1.975698
14.102999
10.028657
6.880312
2.214495
2.823165
-1.064629
-1.507056
9.062665
5.383030
7.552673
5.650274
0.967568
-5.542876
-11.682318
-14.051402
-11.895190
-7.156627
-6.925040
-1.582901
1.903188
13.327499
9.837024
6.808176
3.995231
1.731211
-1.618619
-0.239123
6.953086
5.038506
7.529722
5.629147
-0.196390
-4.628781
-9.443316
-11.509651
-10.791615
-6.310306
-6.021936
-2.407583
1.041929
1.924890
9.533716
6.311860
1.846848
1.838263
0.945030
-0.037163
9.053693
6.761857
9.030125
6.493059
2.276615
-3.474813
-8.981528
-12.087331
-11.386142
-7.357714
-7.449440
-2.952203
1.264979
2.764574
10.808517
7.935479
3.130826
3.883342
0.695251
2.019640
10.265715
9.932590
9.414163
6.126421
1.327153
-6.525021
-14.110492
-16.806732
-14.729548
-9.521466
-7.225422
0.697518
19.103605
15.114278
11.896852
7.926445
2.629101
3.026640
-0.025182
-2.986227
11.494506
4.911459
4.829609
2.490146
-1.067262
-5.543212
-11.953730
-14.557780
-13.765416
-9.037075
-9.009355
-2.461824
2.048132
13.921409
10.143980
7.042032
4.981652
2.389660
-0.682003
3.849393
11.334528
8.361205
9.008263
5.012687
0.174892
-6.717035
-10.898721
-13.734930
-13.685473
-9.409815
-7.115496
-3.173221
0.890898
14.160199
10.603827
6.878204
6.119753
2.203333
-1.054482
0.397628
0.771960
-0.659802
2.255929
1.955385
-0.405946
-4.783286
-7.720397
-9.498927
-8.314826
-3.912317
-3.287875
-2.542392
0.899276
2.473714
10.410094
6.270555
5.521983
2.185236
0.898171
0.129040
0.500102
1.626203
5.662669
6.176186
2.860224
-2.533121
-9.920419
-14.229208
-12.206383
-7.029785
-4.621746
-0.961010
2.257414
14.270024
10.984127
7.758897
6.741042
3.670159
0.915421
3.610224
3.048179
2.189368
2.656428
0.641483
-2.054147
-6.473986
-9.376531
-11.097616
-10.285351
-5.834548
-4.727350
-2.127062
2.383535
14.327333
10.694442
6.568766
5.958442
2.757998
-0.565977
-1.850316
-0.145667
-0.316039
3.442305
3.408902
0.877676
-3.504812
-7.894218
-11.243192
-9.734876
-5.587982
-4.883007
-2.527430
0.657031
13.849526
10.082249
6.025252
5.488349
2.340180
4.988384
-0.654356
-0.421521
0.271817
3.942766
1.778282
-1.288043
-3.692932
-6.539618
-8.541653
-7.757740
-3.157117
-2.214386
-2.118412
-0.482698
-0.577226
9.175480
5.047819
4.605201
3.799358
0.468483
0.567625
1.025450
-1.710098
0.148669
-0.411563
-1.272602
-4.320010
-6.523990
-7.652660
-6.631183
-0.956671
-0.126075
0.183503
2.341032
2.151235
9.943552
5.367566
4.774104
1.646817
-0.569917
-6.626747
-18.007647
-12.158761
-4.821308
-1.579035
0.669328
1.312779
0.200983
0.083594
-0.484867
1.233825
4.011346
6.529159
16.474539
14.997357
11.737670
7.610657
5.614976
3.602357
1.691707
-1.819553
4.168066
9.725556
5.466411
3.134800
0.830984
-5.844698
-12.804705
-17.165813
-16.542974
-11.589925
-8.478171
-0.869631
4.422078
16.469685
13.526174
9.129889
7.499056
4.944412
2.397627
-0.172999
-2.687096
6.736553
6.369033
4.469726
2.420575
-3.656752
-12.469578
-18.650244
-18.293739
-12.800582
-8.641609
0.870132
16.902634
15.523123
12.132074
7.685093
6.033722
3.194624
1.462417
-1.763037
-3.169840
12.530451
7.134929
3.216147
1.902120
-4.727091
-13.720290
-20.328251
-19.934301
-13.771376
-7.072479
-1.116966
3.911148
16.714808
12.913804
9.421186
7.065375
3.971219
1.278158
-1.643445
-3.179790
8.688998
8.724444
5.913398
2.608836
-3.911072
-12.391876
-18.865528
-19.369181
-14.252815
-7.726923
-2.173858
7.516520
15.942297
12.637173
8.619279
6.402523
2.987140
0.788836
-2.572567
-3.822044
12.440531
8.648372
5.493027
2.377513
-3.673563
-12.070726
-18.869215
-19.572653
-14.574592
-7.554299
-3.609317
1.947065
8.821259
12.747180
8.731277
6.888299
3.623879
0.284473
-2.545886
2.927958
10.421110
10.229475
6.644734
1.987964
-4.451762
-11.376348
-16.497957
-16.655418
-12.546228
-6.649772
-5.016483
0.750370
14.902923
12.150803
7.493850
6.425168
3.334883
0.616149
-3.044276
2.683348
13.190637
11.778390
7.505514
2.476548
-4.950422
-11.229878
-15.978464
-16.449558
-12.803002
-8.021524
-5.667717
0.379176
18.841162
12.307600
8.549619
6.996842
3.982056
0.657896
-2.413163
1.665284
3.651855
6.212265
7.783955
3.841639
-1.924079
-8.367730
-12.387735
-13.812229
-10.338656
-5.731322
-4.964996
0.319911
10.902547
12.340971
8.617309
6.630635
3.772462
0.913311
3.751369
-0.655791
4.112413
2.269384
2.531635
0.707684
-3.488456
-7.562447
-10.298378
-11.196064
-7.148036
-2.771625
-4.519000
0.003459
2.694458
12.766050
8.499779
6.202321
3.848249
0.464365
0.334659
-0.480795
4.622832
8.079807
8.939435
5.139380
-1.166679
-8.213024
-13.739329
-13.892261
-10.071859
-4.399905
-4.489238
0.180316
12.327849
12.689035
9.016692
7.124215
4.594290
1.701682
4.601245
0.154335
2.901521
1.165171
0.869693
-1.569502
-3.452944
-5.403255
-7.563546
-8.527254
-4.524126
-0.540836
-4.297862
-0.495856
1.313734
2.877991
7.203647
5.149933
2.872377
3.265596
0.029978
0.310963
8.195234
8.934942
7.882042
4.259631
-1.234152
-8.955534
-13.963571
-14.268128
-10.801351
-4.770890
-4.007049
1.127564
4.011673
13.770110
9.703714
7.342350
4.913399
3.075266
0.061445
2.899987
9.262492
8.686824
6.389984
2.071935
-3.555279
-9.108026
-14.221572
-14.670164
-11.221675
-6.525694
-3.498729
2.156688
16.051580
13.179957
9.024979
6.604971
4.520584
2.242085
-0.675137
-2.802731
10.007482
4.344657
2.129013
-1.273876
-5.044928
-7.709542
-11.720312
-13.459677
-10.897573
-5.427065
-6.614022
-1.078742
1.794893
12.108679
8.635889
6.304756
4.018131
1.531664
-2.055076
-0.884565
10.282885
8.588551
9.304426
5.920222
0.762387
-7.507170
-15.181228
-16.577471
-13.184091
-7.416598
-4.048658
1.894516
16.164009
13.243440
9.848129
7.604125
5.324607
3.098844
-0.601947
4.762118
3.585539
-0.295868
0.341992
-0.759600
-3.160835
-6.626817
-10.070842
-11.400490
-8.640449
-3.418164
-5.617678
-0.732264
2.603371
12.338234
8.744616
5.975008
4.933299
0.114423
0.125004
-0.896690
7.000568
6.903381
9.120893
6.404001
1.179718
-7.094300
-13.634562
-15.520004
-13.086714
-6.936747
-6.420749
-0.493892
2.518584
13.043387
9.421402
7.001119
5.439796
2.423121
-0.780336
3.003858
11.555437
8.557062
6.806964
2.580704
-2.504660
-8.285721
-12.509377
-14.415219
-11.463150
-6.791917
-6.518760
-0.318398
6.847588
13.419542
9.408669
6.677344
4.820241
1.441969
-1.723295
-0.733650
2.596318
2.709491
3.615605
1.198896
-1.912448
-5.302161
-9.458369
-11.055449
-8.167381
-3.857583
-6.833122
-1.504429
2.185194
13.147195
9.478010
6.257831
4.518353
2.052744
4.167512
-0.298719
9.630299
7.617224
8.204914
4.622251
-0.479496
-6.985118
-10.890780
-12.841148
-10.909345
-6.463080
-6.997421
-1.507545
1.610764
13.644438
9.822715
6.872944
5.150168
2.109727
4.308835
0.605138
9.205282
7.445228
6.507341
3.518621
-1.166879
-7.771465
-12.042836
-13.281150
-10.102690
-4.991298
-4.928016
0.212158
3.092551
13.642275
9.871437
6.668851
4.579082
1.565426
-1.290465
3.373203
11.157054
8.820577
6.063440
1.948729
-3.404891
-8.128897
-11.464579
-13.540945
-12.423927
-7.389075
-7.520207
-2.096028
0.813715
12.969734
8.683053
6.163218
1.612713
1.913105
2.585783
0.851513
9.239188
2.860574
3.885389
2.531574
-0.753462
-6.415142
-10.257975
-11.553294
-8.720392
-3.543665
-4.439397
-0.482472
1.987771
12.234417
7.873951
5.775236
0.944515
1.323799
3.513293
-0.950241
7.947196
9.858525
8.163315
4.259781
-0.976300
-7.068893
-12.736547
-15.156099
-13.093508
-7.660388
-6.759024
-0.905473
11.420384
13.480290
9.737053
7.062289
2.817321
2.860054
0.467596
2.401848
9.993476
4.957677
6.091279
3.781960
-1.311501
-6.152980
-11.909159
-14.009155
-12.606718
-7.275103
-6.871475
-1.108391
2.330732
12.901917
9.271129
6.826418
2.380160
2.931486
-0.097131
1.835914
6.766740
0.261671
2.187077
1.037028
-0.958862
-3.085845
-8.320608
-10.936246
-9.522868
-5.387946
-7.065950
-2.401976
0.930570
11.290895
7.509163
5.062676
0.495096
0.458428
1.898509
-0.593482
8.271683
6.876270
9.020063
5.792007
0.109011
-4.300220
-9.638481
-12.487899
-11.116412
-6.297796
-5.493730
-1.672792
1.154987
13.379275
8.592509
5.790908
1.584082
1.228435
-2.160278
-0.161397
7.086074
3.430882
4.974822
3.105827
-0.847679
-3.897245
-8.321661
-10.657104
-8.183122
-3.324318
-2.748807
-0.660788
1.569937
13.927704
8.434397
5.678522
1.467681
1.134451
-0.883823
-0.243487
7.522795
4.334970
5.825552
3.268339
-0.682439
-4.327340
-7.938036
-10.345182
-8.729901
-3.775187
-2.227777
-0.912299
0.697614
14.835845
8.480151
5.254148
4.691351
5.555227
-3.530783
0.485778
0.880862
1.700902
3.953349
2.943929
0.171618
-4.826650
-8.052009
-10.607898
-8.286769
-3.838439
-3.456941
-0.692389
1.427096
13.055080
8.776788
5.400421
4.846924
1.346462
-0.414620
0.631044
0.628346
1.573117
4.334210
3.630081
0.811978
-4.436223
-8.058673
-10.862878
-8.885416
-4.702815
-5.216538
-0.975633
1.064097
12.953966
8.363037
5.574715
4.581093
1.518199
2.791236
-2.789988
0.953556
9.202742
7.926781
4.285228
-0.607059
-4.989180
-10.389329
-14.241408
-12.222699
-7.803846
-5.942050
-2.361831
0.747976
13.439635
9.567323
