0.000081
-0.002071
-0.012363
-0.015215
-0.014715
-0.014069
-0.016008
-0.021596
-0.020730
-0.023453
-0.027929
-0.030251
-0.029110
-0.029193
-0.031316
-0.032384
-0.033819
-0.038330
-0.043815
-0.041588
-0.036138
-0.033051
-0.029393
-0.026652
-0.031921
-0.037521
-0.044818
-0.062327
-0.082229
-0.096562
-0.074814
-0.036586
-0.006496
0.009200
0.021153
0.021903
0.029248
0.044067
0.054896
0.051853
0.047570
0.045872
0.047911
0.066231
0.086700
0.082298
0.077611
0.072136
0.058273
0.047177
0.050794
0.083744
0.104819
0.114987
0.110241
0.095048
0.096647
0.123340
0.159156
0.183995
0.188581
0.192885
0.245922
0.283651
0.277319
0.259148
0.236845
0.215413
0.201952
0.210830
0.218028
0.213458
0.203317
0.190622
0.167730
0.146741
0.136206
0.143332
0.155172
0.162299
0.160483
0.176117
0.198524
0.210469
0.198062
0.166904
0.137902
0.096213
0.068226
0.079568
0.098725
0.102381
0.100717
0.087330
0.066104
0.049224
0.050855
0.075327
0.103270
0.121024
0.114689
0.120712
0.115637
0.106144
0.083424
0.049603
0.009744
-0.035850
-0.069786
-0.066266
-0.037622
-0.012976
-0.002882
-0.010656
-0.029469
-0.039858
-0.037513
-0.021379
0.009857
0.022961
0.002625
-0.010691
-0.020447
-0.032662
-0.045851
-0.054839
-0.067539
-0.087869
-0.109009
-0.125254
-0.111024
-0.081649
-0.055884
-0.041991
-0.031716
-0.019710
0.001002
0.025995
0.063850
0.099211
0.082811
0.078820
0.079165
0.075722
0.080114
0.073295
0.053095
0.029012
-0.015336
-0.043182
-0.076898
-0.078524
-0.052651
-0.027085
-0.007870
0.005762
0.016046
0.029391
0.050992
0.078353
0.090325
0.078773
0.076791
0.069953
0.049227
0.026888
-0.000007
-0.028285
-0.067216
-0.096283
-0.112701
-0.092964
-0.058542
-0.038614
-0.037603
-0.045692
-0.057495
-0.055971
-0.037320
0.001410
0.031604
0.028268
0.018189
0.006319
-0.009839
-0.019617
-0.034413
-0.059562
-0.090386
-0.118245
-0.147320
-0.135216
-0.099325
-0.074452
-0.065055
-0.065565
-0.063804
-0.051557
-0.035470
-0.003427
0.041643
0.037417
0.011330
-0.009023
-0.019875
-0.017160
-0.007320
-0.001727
0.001673
-0.011121
-0.037797
-0.065586
-0.072721
-0.056250
-0.029339
0.000800
0.033486
0.061713
0.083568
0.101980
0.122756
0.132087
0.130090
0.131785
0.122008
0.100554
0.082921
0.055277
0.027854
-0.020639
-0.074783
-0.081472
-0.052560
-0.033050
-0.030531
-0.041558
-0.063660
-0.082776
-0.091905
-0.090757
-0.068600
-0.047868
-0.068828
-0.094581
-0.107889
-0.126010
-0.136421
-0.143484
-0.145368
-0.152873
-0.154824
-0.184045
-0.197235
-0.173021
-0.133620
-0.093799
-0.061855
-0.031049
0.004324
0.038681
0.075231
0.095924
0.098541
0.089171
0.072700
0.048716
0.025356
0.000388
-0.031741
-0.068002
-0.114023
-0.149395
-0.190717
-0.196946
-0.173968
-0.148072
-0.132635
-0.124531
-0.118941
-0.110037
-0.096964
-0.076007
-0.037318
-0.038115
-0.066380
-0.087644
-0.109931
-0.129760
-0.141105
-0.143274
-0.149103
-0.157081
-0.165234
-0.189299
-0.184383
-0.152828
-0.113713
-0.075636
-0.041807
-0.007131
0.027202
0.060192
0.082275
0.095933
0.087706
0.081815
0.079443
0.056573
0.037820
0.017096
-0.010667
-0.040825
-0.087449
-0.123569
-0.170431
-0.182045
-0.161009
-0.128970
-0.098071
-0.071954
-0.051730
-0.030855
-0.008974
0.018989
0.033708
0.017834
-0.004197
-0.017643
-0.022252
-0.026354
-0.045637
-0.060464
-0.077642
-0.111248
-0.131122
-0.157717
-0.164977
-0.146422
-0.114738
-0.081804
-0.055015
-0.026227
0.003933
0.032479
0.059275
0.071510
0.058302
0.041869
0.015115
-0.014956
-0.042421
-0.071569
-0.102593
-0.135325
-0.183559
-0.227957
-0.285957
-0.282330
-0.233366
-0.196470
-0.175427
-0.157498
-0.133647
-0.110665
-0.088478
-0.057008
-0.022118
-0.029388
-0.051763
-0.070570
-0.079702
-0.081544
-0.092388
-0.101130
-0.113392
-0.145774
-0.167825
-0.200172
-0.201314
-0.167101
-0.129115
-0.093046
-0.059701
-0.023751
0.007923
0.041414
0.068683
0.070378
0.068274
0.080675
0.085739
0.086477
0.064587
0.036765
0.008666
-0.039619
-0.088800
-0.129529
-0.121515
-0.089122
-0.066141
-0.056175
-0.051702
-0.048207
-0.038620
-0.022609
0.002927
0.019029
0.005206
-0.012168
-0.027007
-0.040391
-0.054831
-0.069341
-0.085488
-0.107079
-0.126206
-0.171008
-0.180680
-0.148049
-0.110432
-0.077202
-0.052380
-0.022479
0.013321
0.050727
0.093268
0.117021
0.120990
0.110877
0.096455
0.072706
0.044583
0.019689
-0.008186
-0.040519
-0.068669
-0.121699
-0.152548
-0.192130
-0.190245
-0.152312
-0.120103
-0.095847
-0.074312
-0.052690
-0.028422
-0.001052
0.026062
0.034983
0.023889
0.007806
-0.016982
-0.044777
-0.073830
-0.100561
-0.132726
-0.177970
-0.217722
-0.276492
-0.287487
-0.244301
-0.197313
-0.174769
-0.164288
-0.142683
-0.123495
-0.106893
-0.080211
-0.056405
-0.064942
-0.083585
-0.100571
-0.112778
-0.126689
-0.132859
-0.131846
-0.133673
-0.131228
-0.149916
-0.163186
-0.138363
-0.097138
-0.054396
-0.016363
0.026052
0.072573
0.111088
0.151249
0.169903
0.199477
0.212846
0.226225
0.243212
0.241187
0.231918
0.203554
0.159332
0.110694
0.046348
-0.016385
-0.068746
-0.074958
-0.046650
-0.021458
-0.010223
-0.014411
-0.021251
-0.025631
-0.019793
0.000022
0.015979
-0.002073
-0.025933
-0.034496
-0.037511
-0.049410
-0.059755
-0.071782
-0.090917
-0.117465
-0.148666
-0.166807
-0.148989
-0.115751
-0.078721
-0.047551
-0.013941
0.025125
0.058360
0.095080
0.115707
0.120320
0.113455
0.108490
0.087060
0.059180
0.034016
0.000053
-0.038333
-0.084164
-0.135291
-0.186542
-0.193795
-0.160498
-0.128229
-0.108971
-0.103987
-0.098307
-0.086663
-0.072162
-0.047097
-0.013189
-0.028017
-0.057087
-0.078191
-0.089961
-0.092942
-0.094798
-0.095759
-0.095451
-0.110502
-0.129265
-0.144446
-0.151518
-0.129186
-0.088476
-0.040804
0.010738
0.057927
0.093662
0.121015
0.128897
0.132304
0.143484
0.164259
0.178882
0.194796
0.171190
0.134353
0.095871
0.036549
-0.026257
-0.063566
-0.047749
-0.023023
-0.007911
-0.005332
-0.018426
-0.028057
-0.035149
-0.024360
0.001508
0.017115
0.005485
-0.015271
-0.033912
-0.054253
-0.077803
-0.099149
-0.126019
-0.173561
-0.221265
-0.281568
-0.283446
-0.237451
-0.193256
-0.169937
-0.161711
-0.139679
-0.116232
-0.096394
-0.071720
-0.052024
-0.061756
-0.083540
-0.098691
-0.108989
-0.120755
-0.133972
-0.141599
-0.151500
-0.157646
-0.184695
-0.204305
-0.174600
-0.126374
-0.080830
-0.043485
0.000096
0.049430
0.092927
0.139133
0.159267
0.189727
0.205157
0.217366
0.231906
0.227530
0.216382
0.184976
0.139242
0.087036
0.022602
-0.035125
-0.081332
-0.076972
-0.044324
-0.021139
-0.014790
-0.022836
-0.031695
-0.033455
-0.022190
0.000008
0.016940
-0.001332
-0.020268
-0.035018
-0.055227
-0.075895
-0.097866
-0.126142
-0.158942
-0.198823
-0.264205
-0.291460
-0.254174
-0.199722
-0.163306
-0.141364
-0.114859
-0.083308
-0.053128
-0.020463
0.000509
-0.001931
-0.017431
-0.036951
-0.051206
-0.074430
-0.091271
-0.105485
-0.131714
-0.156714
-0.199561
-0.225816
-0.198576
-0.151356
-0.117191
-0.094519
-0.070130
-0.039771
-0.009414
0.025966
0.049465
0.055443
0.045874
0.039978
0.036428
0.019832
-0.011386
-0.039112
-0.063937
-0.097818
-0.126252
-0.157498
-0.165321
-0.142829
-0.112345
-0.084236
-0.063165
-0.043363
-0.021015
0.005191
0.036456
0.053278
0.043297
0.021893
0.001451
-0.019897
-0.042933
-0.064317
-0.085121
-0.108967
-0.144410
-0.187051
-0.214858
-0.234419
-0.221601
-0.187586
-0.150503
-0.118497
-0.082038
-0.046690
-0.015800
0.019000
0.038072
0.031381
0.010996
-0.010058
-0.045866
-0.069034
-0.088110
-0.101525
-0.120909
-0.156731
-0.181944
-0.230711
-0.242646
-0.204916
-0.165062
-0.132795
-0.104204
-0.069348
-0.035548
-0.004739
0.021401
0.032158
0.026934
0.010334
-0.004874
-0.026299
-0.045785
-0.067348
-0.082202
-0.093707
-0.123887
-0.144201
-0.166498
-0.171233
-0.143182
-0.104720
-0.065353
-0.028399
0.008326
0.045203
0.082102
0.106619
0.124782
0.139150
0.134615
0.130823
0.120207
0.103996
0.081598
0.044542
0.006992
-0.036982
-0.102718
-0.142543
-0.190964
-0.188697
-0.153460
-0.123037
-0.107341
-0.090464
-0.073820
-0.058757
-0.041465
-0.032410
-0.045246
-0.070269
-0.096874
-0.123053
-0.140217
-0.158066
-0.164104
-0.173813
-0.200589
-0.219060
-0.264265
-0.274577
-0.236064
-0.187964
-0.143684
-0.104177
-0.057485
-0.014907
0.021774
0.044908
0.053562
0.046763
0.040242
0.036375
0.032193
0.023901
0.002196
-0.025750
-0.060590
-0.104190
-0.146314
-0.181521
-0.169364
-0.131705
-0.093240
-0.061277
-0.035116
-0.007382
0.021716
0.056886
0.087610
0.101293
0.093658
0.089173
0.088594
0.082535
0.061584
0.037100
0.003254
-0.044846
-0.093284
-0.148120
-0.159907
-0.126625
-0.088937
-0.056830
-0.042265
-0.025840
-0.002068
0.027135
0.065407
0.090708
0.093636
0.082930
0.077243
0.077987
0.076951
0.065487
0.050008
0.023570
-0.022885
-0.067202
-0.106847
-0.102094
-0.070862
-0.038969
-0.013870
0.000074
0.020120
0.043291
0.072994
0.107800
0.127670
0.127761
0.119550
0.117542
0.114202
0.100600
0.083886
0.057985
0.023987
-0.017098
-0.067736
-0.086155
-0.058486
-0.025782
-0.001057
0.006625
0.012860
0.027852
0.049403
0.086405
0.122532
0.121876
0.108133
0.100791
0.096783
0.096496
0.090838
0.078838
0.068342
0.032133
-0.025453
-0.065264
-0.057675
-0.029223
-0.003036
0.013552
0.022638
0.028870
0.034894
0.051445
0.078426
0.089534
0.081877
0.073775
0.072020
0.065712
0.048343
0.031117
0.015698
-0.008209
-0.039856
-0.062429
-0.042577
-0.011203
0.014855
0.030305
0.034544
0.044047
0.064559
0.097081
0.130758
0.144856
0.139609
0.134952
0.136207
0.139991
0.139695
0.130080
0.110020
0.090110
0.051470
0.017860
0.002358
0.002918
0.017702
0.039433
0.058465
0.068123
0.082022
0.099361
0.122102
0.139958
0.135115
0.125474
0.123298
0.119065
0.108448
0.089096
0.066667
0.050018
0.026811
-0.010834
-0.043226
-0.032949
-0.004526
0.018423
0.027650
0.020635
0.024725
0.040106
0.063919
0.104339
0.127251
0.118577
0.106275
0.102339
0.102350
0.102100
0.096911
0.081002
0.056751
0.009740
-0.030739
-0.042421
-0.024763
0.002507
0.024343
0.034459
0.039038
0.045293
0.053811
0.074312
0.099041
0.101015
0.091258
0.092046
0.074352
0.059060
0.044212
0.033651
0.026825
0.005988
-0.024527
-0.019094
0.008213
0.033585
0.052114
0.053797
0.060767
0.075870
0.101504
0.141942
0.167258
0.170208
0.169282
0.174935
0.183922
0.188674
0.180079
0.160213
0.137463
0.096837
0.055780
0.031193
0.032254
0.045206
0.059850
0.068691
0.069609
0.068903
0.073173
0.090392
0.117549
0.125830
0.113029
0.103297
0.083799
0.063213
0.043503
0.031984
0.020993
0.006344
-0.018268
-0.039282
-0.024994
0.004519
0.023869
0.027676
0.016113
0.019683
0.033358
0.056956
0.094020
0.104676
0.092322
0.077059
0.067087
0.063405
0.063563
0.058773
0.050130
0.029250
-0.014871
-0.046427
-0.055460
-0.034497
-0.010582
0.010712
0.021660
0.032438
0.045964
0.065099
0.098473
0.130089
0.134565
0.130098
0.126876
0.117604
0.112532
0.108126
0.101018
0.080410
0.046428
0.014479
0.023623
0.057520
0.080425
0.088436
0.073434
0.068080
0.075874
0.097663
0.139233
0.174338
0.183228
0.188406
0.195791
0.198730
0.187680
0.174457
0.151464
0.111823
0.070666
0.032767
0.036585
0.062945
0.082344
0.090301
0.082500
0.072882
0.073862
0.092203
0.131691
0.163179
0.165611
0.161471
0.159552
0.145489
0.135599
0.119787
0.097984
0.073016
0.034708
-0.009595
-0.012513
0.016913
0.040612
0.054031
0.044091
0.040682
0.049730
0.067957
0.107135
0.144666
0.143352
0.135591
0.134418
0.123565
0.113689
0.104983
0.090314
0.061958
0.030622
-0.009671
-0.015009
0.016907
0.051191
0.070224
0.073153
0.071582
0.073533
0.084151
0.110543
0.138725
0.143684
0.139612
0.147328
0.142161
0.127761
0.107334
0.083173
0.047772
0.001255
-0.036938
-0.027995
-0.004812
0.013418
0.027975
0.020931
0.011827
0.012063
0.028354
0.063985
0.098399
0.088926
0.072391
0.072238
0.069845
0.072303
0.071429
0.059084
0.029887
-0.004019
-0.036976
-0.047212
-0.041403
-0.020526
0.006200
0.022059
0.033411
0.041969
0.048260
0.060842
0.080357
0.086252
0.075422
0.077274
0.075717
0.067458
0.046355
0.027444
0.003421
-0.030352
-0.056182
-0.045464
-0.026408
-0.010132
0.006904
-0.004241
-0.013818
-0.014191
0.001756
0.038392
0.073279
0.064545
0.046241
0.042768
0.036891
0.037793
0.038021
0.031947
0.013462
-0.019672
-0.045468
-0.053746
-0.046425
-0.023480
0.006349
0.027052
0.038801
0.052258
0.061376
0.076124
0.094975
0.098883
0.090066
0.093774
0.091811
0.082795
0.058878
0.035773
0.004257
-0.036181
-0.066479
-0.055140
-0.030107
-0.009011
0.007393
-0.008327
-0.017507
-0.014847
0.002561
0.037685
0.070818
0.061615
0.043725
0.041209
0.034240
0.032550
0.030310
0.023777
0.004977
-0.019279
-0.046543
-0.057885
-0.051130
-0.026292
0.007270
0.032624
0.048434
0.063737
0.075371
0.091622
0.107772
0.107924
0.109072
0.120552
0.125987
0.117255
0.088386
0.059897
0.022584
-0.021892
-0.052465
-0.038840
-0.016222
0.002182
0.014908
-0.004033
-0.015704
-0.015941
-0.001145
0.029470
0.057313
0.045166
0.025635
0.021261
0.012548
0.012077
0.012496
0.010400
-0.003980
-0.029477
-0.049787
-0.059942
-0.053165
-0.030488
0.004952
0.034178
0.053027
0.070726
0.081168
0.094210
0.105989
0.102721
0.103880
0.114522
0.119092
0.109423
0.081482
0.056609
0.025865
-0.013382
-0.044085
-0.032671
-0.010700
0.006471
0.022412
0.009556
0.002278
0.004505
0.021816
0.055086
0.082398
0.071135
0.054720
0.053213
0.047145
0.050099
0.054069
0.055762
0.046918
0.023779
0.005819
-0.004864
0.001338
0.018203
0.049246
0.076576
0.093935
0.109241
0.118941
0.133204
0.142529
0.135146
0.138481
0.148721
0.149991
0.136941
0.109096
0.084074
0.054125
0.014380
-0.020240
-0.012734
0.008886
0.025195
0.037805
0.021349
0.012036
0.012168
0.026022
0.056104
0.081587
0.069547
0.052270
0.049277
0.043062
0.043824
0.045348
0.047513
0.042559
0.021016
0.004807
-0.003392
0.004306
0.020921
0.048523
0.068800
0.082543
0.096076
0.103916
0.115942
0.128788
0.123317
0.124218
0.133517
0.135469
0.123473
0.097798
0.075243
0.049112
0.012926
-0.021189
-0.014354
0.008026
0.025832
0.039888
0.024729
0.019019
0.022946
0.039104
0.070791
0.097468
0.087377
0.071799
0.069547
0.064306
0.064943
0.065802
0.066955
0.063113
0.041763
0.024403
0.015702
0.024653
0.040843
0.067604
0.088874
0.102844
0.114286
0.123551
0.137715
0.143787
0.138931
0.145482
0.157700
0.158067
0.141972
0.109773
0.076215
0.040001
-0.008728
-0.051425
-0.054417
-0.030911
-0.007307
0.006022
-0.019523
-0.029363
-0.026239
-0.014706
0.010197
0.035596
0.026086
0.002838
-0.005776
-0.019557
-0.023429
-0.023144
-0.016610
-0.014146
-0.030948
-0.047806
-0.065692
-0.056002
-0.029609
0.008341
0.043082
0.068366
0.089112
0.102049
0.116641
0.120721
0.118308
0.130258
0.149906
0.155923
0.146911
0.120769
0.095605
0.069531
0.029271
-0.017294
-0.018172
0.003975
0.024180
0.046694
0.046366
0.044463
0.043407
0.054241
0.074453
0.078871
0.060939
0.048907
0.046970
0.041169
0.038090
0.035697
0.035094
0.028701
0.008222
-0.011999
-0.024656
-0.024529
-0.009566
0.020377
0.050523
0.074460
0.090754
0.106021
0.123747
0.128878
0.111618
0.111476
0.123873
0.126984
0.113720
0.091398
0.072639
0.056262
0.027878
-0.018042
-0.028021
-0.007825
0.014414
0.039547
0.051257
0.055497
0.060135
0.075413
0.100304
0.108367
0.093897
0.088340
0.091002
0.085476
0.081953
0.074803
0.067399
0.051124
0.016542
-0.009200
-0.024768
-0.021524
-0.008068
0.018986
0.041448
0.052465
0.060708
0.069372
0.082149
0.095171
0.084470
0.072224
0.074448
0.066889
0.057237
0.043034
0.034706
0.035370
0.024404
-0.003261
-0.012676
0.008384
0.032996
0.061859
0.077606
0.089148
0.102358
0.120366
0.149817
0.168710
0.170098
0.180049
0.193518
0.194191
0.189496
0.176484
0.157398
0.126688
0.082934
0.044083
0.031590
0.047502
0.064241
0.081929
0.085917
0.082692
0.078625
0.082874
0.100457
0.118156
0.109024
0.098535
0.100348
0.093532
0.079350
0.066816
0.056796
0.047971
0.031781
-0.006714
-0.017166
0.009129
0.041990
0.075602
0.097472
0.110204
0.122208
0.138031
0.160760
0.168140
0.165245
0.180939
0.200522
0.208307
0.207490
0.197932
0.185455
0.161708
0.118012
0.085971
0.069718
0.075117
0.082060
0.095054
0.102151
0.101703
0.093921
0.091504
0.099144
0.106997
0.095943
0.077712
0.072561
0.059176
0.046045
0.030175
0.020993
0.020075
0.004613
-0.027772
-0.039343
-0.016905
0.007719
0.037320
0.052101
0.063467
0.075541
0.092315
0.118075
0.135250
0.133496
0.136005
0.147218
0.146459
0.139157
0.123109
0.102888
0.072805
0.029654
-0.013028
-0.027808
-0.009467
0.010527
0.031049
0.039620
0.043331
0.042320
0.051987
0.073238
0.090317
0.078300
0.064280
0.062524
0.051492
0.034514
0.017349
0.006166
0.002080
-0.011038
-0.049763
-0.061743
-0.034895
-0.002419
0.033803
0.054666
0.070533
0.087279
0.104790
0.127076
0.136627
0.129268
0.138824
0.152565
0.154073
0.149494
0.135974
0.120982
0.096955
0.051249
0.017433
0.000681
0.011111
0.025323
0.045789
0.055523
0.059588
0.057442
0.061403
0.074227
0.087705
0.078757
0.064046
0.062226
0.049482
0.036198
0.021020
0.012351
0.014275
0.004096
-0.026389
-0.037252
-0.012232
0.015886
0.047815
0.064728
0.077986
0.092003
0.109947
0.137480
0.154623
0.154580
0.164520
0.180796
0.181697
0.175387
0.161741
0.144596
0.115812
0.072689
0.027713
0.012902
0.032727
0.053064
0.075340
0.081633
0.080124
0.077107
0.085368
0.105775
0.114669
0.103066
0.095286
0.093803
0.084829
0.065643
0.049366
0.037705
0.022923
0.000005
-0.046089
-0.048391
-0.020344
0.008427
0.040402
0.053109
0.062258
0.072133
0.087242
0.107373
0.111722
0.102773
0.106644
0.113857
0.111055
0.098503
0.080889
0.071307
0.051112
0.018023
-0.009294
-0.015384
-0.005407
0.008686
0.031716
0.037709
0.043224
0.047582
0.054910
0.066840
0.080952
0.075437
0.071677
0.077731
0.071712
0.058505
0.045009
0.041754
0.043358
0.033974
-0.001064
-0.003962
0.024100
0.053320
0.086720
0.100049
0.110888
0.121417
0.134926
0.158644
0.167138
0.171209
0.188980
0.205495
0.210282
0.202873
0.186597
0.170231
0.139373
0.107526
0.087373
0.078468
0.083040
0.087450
0.099349
0.097004
0.095028
0.088255
0.092372
0.108153
0.121737
0.116966
0.106249
0.104051
0.086737
0.067135
0.043637
0.028640
0.016737
-0.008532
-0.048678
-0.052420
-0.028576
-0.001028
0.030594
0.029762
0.041155
0.055227
0.072245
0.097770
0.115244
0.114741
0.114512
0.117307
0.105995
0.087118
0.072875
0.060298
0.045864
0.027973
-0.010671
-0.011038
0.020825
0.054640
0.091892
0.103996
0.114206
0.125498
0.140543
0.164583
0.170429
0.176576
0.195214
0.212641
0.216180
0.207924
0.190070
0.170118
0.135829
0.096503
0.065802
0.056977
0.067055
0.076912
0.092710
0.096899
0.096829
0.092662
0.094666
0.104199
0.112291
0.101693
0.098707
0.102512
0.089271
0.070331
0.046705
0.031588
0.019674
-0.006618
-0.054552
-0.059906
-0.030036
0.002690
0.034959
0.041833
0.054383
0.066254
0.081715
0.100770
0.104676
0.105180
0.115577
0.126145
0.124385
0.110761
0.092935
0.079352
0.052121
0.009361
-0.009503
-0.013862
-0.004051
0.009003
0.027138
0.026081
0.030349
0.033014
0.043992
0.061804
0.073581
0.065242
0.053928
0.049979
0.028565
0.009678
-0.008228
-0.015524
-0.018264
-0.036048
-0.078312
-0.083548
-0.047814
-0.007629
0.034321
0.050098
0.067425
0.084574
0.100309
0.123868
0.134974
0.142354
0.159580
0.177263
0.180031
0.164205
0.141440
0.120753
0.086269
0.040061
0.017386
0.019922
0.035808
0.049670
0.064727
0.055315
0.053513
0.050794
0.061908
0.081098
0.086849
0.075185
0.063797
0.059768
0.044626
0.029841
0.015155
0.010372
0.012152
0.005633
-0.035026
-0.042641
-0.010564
0.029351
0.076125
0.100132
0.110670
0.117728
0.125107
0.142884
0.143017
0.146876
0.163956
0.181016
0.186926
0.176948
0.159212
0.143751
0.118401
0.095777
0.075007
0.061788
0.069704
0.079743
0.093187
0.094874
0.092575
0.083175
0.088301
0.102135
0.102888
0.086619
0.078843
0.081475
0.074147
0.066403
0.057077
0.055525
0.056912
0.048789
0.012994
0.003746
0.030661
0.065320
0.108674
0.135669
0.144347
0.150578
0.161098
0.179003
0.179607
0.186359
0.209663
0.232719
0.247158
0.248899
0.243199
0.238584
0.222756
0.195839
0.173368
0.160291
0.164787
0.169452
0.180760
0.187177
0.189062
0.179331
0.176585
0.173634
0.157649
0.145562
0.155447
0.158345
0.142478
0.128129
0.112910
0.103516
0.092603
0.060540
0.002656
-0.005933
0.024623
0.061300
0.100209
0.117215
0.117822
0.114970
0.114738
0.122011
0.118316
0.116773
0.132552
0.145321
0.139607
0.127066
0.113254
0.106181
0.085196
0.052245
0.021571
0.004661
0.021381
0.037916
0.060812
0.069571
0.070276
0.065848
0.066412
0.071707
0.065156
0.056120
0.068275
0.069988
0.052927
0.035855
0.020826
0.015748
0.012280
-0.027035
-0.084695
-0.093938
-0.047756
-0.000526
0.042352
0.064990
0.077927
0.082594
0.090255
0.104437
0.108226
0.113180
0.137894
0.143832
0.136353
0.128815
0.123813
0.125309
0.112027
0.084067
0.051667
0.036864
0.056443
0.077277
0.102961
0.119103
0.123997
0.123121
0.123566
0.130415
0.131370
0.135775
0.159540
0.170900
0.155128
0.131506
0.105381
0.083284
0.052064
0.005082
-0.022686
-0.017958
0.016222
0.044302
0.065753
0.052599
0.049016
0.048200
0.055797
0.066430
0.061085
0.052363
0.065341
0.070093
0.064564
0.059532
0.055781
0.060142
0.049643
0.024635
-0.012108
-0.032550
-0.008781
0.022447
0.058867
0.076618
0.084484
0.089632
0.093085
0.103105
0.106871
0.110019
0.131787
0.140366
0.124608
0.103907
0.080272
0.062662
0.041741
-0.003541
-0.054375
-0.060070
-0.016384
0.031969
0.075472
0.082874
0.078904
0.075062
0.076723
0.089370
0.091387
0.092476
0.113269
0.107762
0.094584
0.081076
0.070029
0.069439
0.057162
0.035009
-0.002327
-0.024951
-0.003146
0.029998
0.070097
0.092441
0.101789
0.105972
0.112753
0.124919
0.127993
0.133352
0.158651
0.164696
0.151699
0.140028
0.128844
0.122580
0.105609
0.063741
0.018232
0.013815
0.045450
0.080977
0.116123
0.131500
0.130656
0.125662
0.126667
0.136962
0.137669
0.142101
0.166877
0.169819
0.158922
0.146932
0.136379
0.128590
0.106137
0.074679
0.038601
0.026951
0.048077
0.071665
0.096826
0.106581
0.104378
0.101476
0.104807
0.111088
0.105962
0.109317
0.128522
0.127988
0.108219
0.089689
0.072613
0.057174
0.040755
-0.015422
-0.058038
-0.044657
0.002812
0.050064
0.086165
0.095306
0.097349
0.096319
0.101469
0.114842
0.116279
0.124491
0.147512
0.146308
0.136519
0.123089
0.111948
0.108522
0.086060
0.054850
0.029618
0.024737
0.045508
0.071929
0.099452
0.103600
0.098543
0.094749
0.094846
0.100968
0.095031
0.096833
0.114638
0.107897
0.087985
0.066696
0.049978
0.038333
0.014984
-0.033724
-0.050934
-0.035742
0.003080
0.036455
0.061342
0.062308
0.059145
0.057439
0.064512
0.077066
0.072422
0.076162
0.096169
0.097198
0.093812
0.091441
0.092985
0.101230
0.091129
0.064661
0.038893
0.033896
0.061675
0.090709
0.114901
0.122398
0.122067
0.121773
0.126895
0.135754
0.133227
0.139410
0.159736
0.163700
0.151551
0.138951
0.126223
0.108470
0.085785
0.046552
0.038755
0.054345
0.082292
0.104110
0.119118
0.112063
0.097574
0.089192
0.093812
0.101732
0.092217
0.093180
0.108945
0.111057
0.107452
0.104662
0.103107
0.097788
0.088073
0.057326
0.040729
0.045978
0.077930
0.107843
0.124959
0.126609
0.119683
0.116830
0.122050
0.128627
0.121457
0.120352
0.134125
0.137976
0.132066
0.126788
0.120078
0.104282
0.085940
0.051496
0.046310
0.060929
0.086165
0.105934
0.118857
0.109832
0.088745
0.076555
0.074461
0.075672
0.058233
0.059107
0.068538
0.070838
0.068237
0.070698
0.075216
0.057316
0.036521
-0.006004
-0.017228
0.000892
0.036038
0.056899
0.062759
0.050923
0.041244
0.032633
0.031618
0.034397
0.022789
0.022433
0.025116
0.027033
0.025299
0.028673
0.026876
0.008444
-0.017150
-0.068592
-0.087409
-0.058878
-0.019775
0.003640
0.015514
0.002697
-0.005869
-0.006265
0.001294
0.009266
-0.000571
0.003299
0.015873
0.020848
0.022235
0.031366
0.038549
0.023947
0.003572
-0.038850
-0.049280
-0.021761
0.021121
0.050850
0.071942
0.068718
0.056784
0.055150
0.050350
0.049179
0.045516
0.059793
0.063943
0.059236
0.051438
0.057309
0.059802
0.055636
0.046988
0.011198
0.006024
0.030661
0.070505
0.094771
0.106037
0.098548
0.081475
0.077209
0.086217
0.093929
0.083287
0.088002
0.100917
0.106357
0.108138
0.113674
0.118557
0.109964
0.105592
0.078705
0.075599
0.087637
0.117249
0.138393
0.146373
0.135688
0.113153
0.103041
0.100923
0.098095
0.081123
0.083573
0.090029
0.087042
0.080639
0.083961
0.083994
0.085280
0.093195
0.081435
0.086733
0.106712
0.139799
0.155942
0.153546
0.136980
0.114543
0.103363
0.099445
0.096469
0.078967
0.086058
0.100849
0.104598
0.105546
0.111650
0.114718
0.092111
0.073737
0.029238
0.019453
0.042430
0.074690
0.088553
0.089574
0.069093
0.046306
0.032296
0.018878
0.004406
-0.013118
-0.017119
-0.013808
-0.005398
0.005308
0.023424
0.034008
0.035968
0.042867
0.022772
0.028193
0.058549
0.098584
0.125094
0.147917
0.138289
0.118985
0.115427
0.115234
0.119938
0.130144
0.146605
0.145692
0.137230
0.125954
0.134315
0.138570
0.127209
0.107190
0.070047
0.068566
0.087778
0.114794
0.128012
0.133862
0.112471
0.074021
0.055711
0.040015
0.020879
0.003033
-0.007171
-0.013632
-0.015516
-0.018077
-0.009162
-0.002315
0.001934
0.006238
-0.001194
-0.004073
0.008682
0.040323
0.063200
0.084669
0.076232
0.053486
0.042949
0.031412
0.018637
0.001090
-0.000722
-0.004742
-0.014609
-0.015231
0.005828
0.027251
0.033600
0.025498
-0.003757
-0.009745
-0.001922
0.028607
0.053819
0.080859
0.067914
0.035814
0.031228
0.032878
0.026558
0.008497
-0.003271
-0.012037
-0.019839
-0.028505
-0.016964
-0.003789
-0.003951
-0.019172
-0.048461
-0.057176
-0.049808
-0.019985
0.008695
0.032078
0.029076
0.017678
0.020098
0.023465
0.013472
-0.000016
-0.002535
0.000698
-0.003686
-0.006987
0.001507
0.010147
0.016732
0.017406
-0.002612
-0.015898
-0.010354
0.021154
0.043651
0.056694
0.049127
0.035353
0.036599
0.029073
0.007693
-0.008359
-0.011685
-0.019118
-0.028023
-0.027970
-0.015222
-0.008450
-0.009127
-0.010229
-0.024419
-0.028315
-0.005044
0.031150
0.057926
0.082079
0.066723
0.044389
0.042101
0.043915
0.032497
0.017152
0.017828
0.010051
-0.004986
-0.006539
0.011521
0.018217
0.010465
-0.011841
-0.045881
-0.052595
-0.040490
-0.008798
0.019645
0.045748
0.026939
-0.012771
-0.019897
-0.027113
-0.042036
-0.060103
-0.075647
-0.091652
-0.104904
-0.107288
-0.084391
-0.072186
-0.078131
-0.096791
-0.117465
-0.129706
-0.122406
-0.091314
-0.050504
-0.005872
-0.028007
-0.072543
-0.078184
-0.079501
-0.084441
-0.092951
-0.102204
-0.111983
-0.118003
-0.108773
-0.076438
-0.057364
-0.055413
-0.066564
-0.080314
-0.093199
-0.087327
-0.053072
0.001636
0.056499
0.038605
0.009547
0.021881
0.040442
0.053430
0.060990
0.068543
0.073549
0.065747
0.056997
0.058927
0.064380
0.056294
0.043929
0.028161
0.002300
-0.008639
0.016741
0.041514
0.066980
0.069322
0.058761
0.054524
0.038343
0.011135
-0.013583
-0.032519
-0.057849
-0.082348
-0.088374
-0.074230
-0.070736
-0.084626
-0.093743
-0.111051
-0.114730
-0.100993
-0.071397
-0.039428
-0.006198
-0.022455
-0.061022
-0.066911
-0.068201
-0.076638
-0.092620
-0.107664
-0.126653
-0.141306
-0.136785
-0.103623
-0.082255
-0.074415
-0.080605
-0.100587
-0.115077
-0.104347
-0.061852
-0.007766
0.035542
0.007237
-0.007665
0.012297
0.034570
0.046773
0.049632
0.049835
0.046554
0.021773
0.001744
0.007200
0.016890
0.006153
-0.026581
-0.057700
-0.081468
-0.079564
-0.045967
-0.012530
0.017007
0.011837
-0.008060
-0.009665
-0.017983
-0.037026
-0.058594
-0.077156
-0.099058
-0.121651
-0.128526
-0.110360
-0.087814
-0.077878
-0.081644
-0.108264
-0.127517
-0.116110
-0.071849
-0.030026
-0.000936
-0.001838
-0.005925
0.007911
0.015006
0.009350
0.000313
-0.007013
-0.027794
-0.056762
-0.066956
-0.052475
-0.034610
-0.031525
-0.048947
-0.074358
-0.087213
-0.074668
-0.035249
0.005003
0.038427
0.016014
-0.001916
0.007030
0.017026
0.015505
0.002054
-0.010640
-0.023686
-0.047150
-0.059476
-0.045405
-0.035400
-0.041517
-0.068325
-0.109798
-0.132772
-0.126432
-0.090817
-0.051684
-0.014747
-0.016681
-0.032803
-0.030431
-0.030244
-0.040183
-0.058474
-0.075510
-0.093516
-0.113556
-0.116156
-0.091883
-0.068128
-0.060253
-0.072509
-0.100190
-0.118171
-0.108188
-0.064755
-0.020433
0.012651
-0.002514
-0.026234
-0.018886
-0.010628
-0.010625
-0.021036
-0.033841
-0.045351
-0.065968
-0.070660
-0.050183
-0.025967
-0.019966
-0.038441
-0.075151
-0.099972
-0.094210
-0.052887
-0.008425
0.026842
0.026008
0.017127
0.032165
0.047225
0.047993
0.042527
0.037057
0.024948
0.002716
-0.013366
-0.008952
0.005942
0.007757
-0.010058
-0.044657
-0.068075
-0.061191
-0.020975
0.012849
0.035633
0.034703
0.028529
0.031946
0.026625
0.005967
-0.017601
-0.036323
-0.062313
-0.095722
-0.109232
-0.101455
-0.094314
-0.094450
-0.104142
-0.125050
-0.137764
-0.122411
-0.084425
-0.041630
-0.002841
-0.028827
-0.054061
-0.048380
-0.039396
-0.040553
-0.052672
-0.063141
-0.073335
-0.092110
-0.094252
-0.072250
-0.057444
-0.058227
-0.080234
-0.117451
-0.139758
-0.128785
-0.087157
-0.039288
0.002966
-0.005119
-0.023675
-0.011977
0.000248
-0.000692
-0.012270
-0.024596
-0.037690
-0.059011
-0.065257
-0.046983
-0.028773
-0.027081
-0.046832
-0.079507
-0.101884
-0.096059
-0.057232
-0.019299
-0.001973
-0.014839
-0.026837
-0.029344
-0.042548
-0.065987
-0.092822
-0.117045
-0.145615
-0.171244
-0.174287
-0.161255
-0.151185
-0.152783
-0.160499
-0.185748
-0.202976
-0.184722
-0.146269
-0.086050
-0.045235
-0.087801
-0.115784
-0.108304
-0.090862
-0.080716
-0.081313
-0.080006
-0.073063
-0.080805
-0.077712
-0.050585
-0.026276
-0.012087
-0.022089
-0.046501
-0.067575
-0.053968
-0.010919
0.030024
0.043117
0.027036
0.013014
0.017413
0.017087
0.003501
-0.016415
-0.034949
-0.059135
-0.084851
-0.092486
-0.083521
-0.079694
-0.084906
-0.098960
-0.119968
-0.132428
-0.116024
-0.088571
-0.045648
-0.019931
-0.072330
-0.118412
-0.128066
-0.129157
-0.137140
-0.153131
-0.166571
-0.175917
-0.182254
-0.164036
-0.125076
-0.096381
-0.086863
-0.108037
-0.135819
-0.149793
-0.128441
-0.079818
-0.028757
0.003805
-0.024125
-0.032813
-0.015970
0.009662
0.026797
0.032066
0.037824
0.051347
0.042173
0.039517
0.044959
0.055605
0.059888
0.047781
0.022475
0.000233
0.007314
0.039141
0.064209
0.070170
0.056996
0.037483
0.025657
0.014982
-0.004013
-0.028362
-0.047732
-0.065259
-0.085623
-0.081119
-0.060472
-0.042265
-0.034572
-0.053530
-0.075655
-0.083801
-0.064875
-0.027243
0.013139
0.033811
-0.013415
-0.038452
-0.031920
-0.021064
-0.024799
-0.037252
-0.049668
-0.057709
-0.069088
-0.062538
-0.034565
-0.017204
-0.019873
-0.053675
-0.082733
-0.102332
-0.087924
-0.050296
-0.010081
0.014030
-0.002744
-0.027535
-0.027611
-0.020484
-0.021949
-0.033299
-0.043624
-0.050824
-0.059040
-0.048836
-0.019428
0.009761
0.026492
0.024567
0.005957
-0.009073
0.003329
0.040071
0.075679
0.096504
0.069397
0.049219
0.055734
0.069407
0.073595
0.065578
0.061279
0.050226
0.024603
0.013181
0.017201
0.023820
0.018767
-0.009038
-0.038867
-0.055504
-0.040014
-0.002869
0.031950
0.052493
0.044725
0.033889
0.040185
0.052566
0.044963
0.028026
0.012150
0.001706
-0.020238
-0.030928
-0.026863
-0.013518
-0.004945
-0.014765
-0.045809
-0.065855
-0.048520
-0.004080
0.033539
0.049800
0.035744
0.027694
0.032453
0.030398
0.012740
-0.012922
-0.036200
-0.065399
-0.102404
-0.113005
-0.108756
-0.109515
-0.112269
-0.130628
-0.158193
-0.169034
-0.150642
-0.118958
-0.069445
-0.036029
-0.087311
-0.124533
-0.123613
-0.111337
-0.108111
-0.121541
-0.136463
-0.149114
-0.158213
-0.147437
-0.109000
-0.077596
-0.055433
-0.058758
-0.086357
-0.110201
-0.093998
-0.043697
0.007760
0.036133
0.028874
0.023777
0.042706
0.057663
0.055572
0.047878
0.042163
0.033507
0.011467
0.004655
0.013267
0.009279
-0.013642
-0.037740
-0.061539
-0.075550
-0.066963
-0.051209
-0.009461
0.008195
-0.056050
-0.115756
-0.138556
-0.151814
-0.166296
-0.189660
-0.213360
-0.237494
-0.247377
-0.231641
-0.197959
-0.170187
-0.161040
-0.185050
-0.216630
-0.229252
-0.210182
-0.168962
-0.113328
-0.064330
-0.097314
-0.115463
-0.095540
-0.063769
-0.046731
-0.040558
-0.032055
-0.012711
-0.002878
0.014772
0.040382
0.070877
0.096050
0.110714
0.098071
0.075270
0.079212
0.118076
0.145628
0.149786
0.108385
0.073024
0.059461
0.049903
0.032971
0.009296
-0.011151
-0.026726
-0.040844
-0.035327
-0.025124
-0.025233
-0.043255
-0.088930
-0.118670
-0.126025
-0.115636
-0.091895
-0.038717
-0.009342
-0.068528
-0.117291
-0.122986
-0.110929
-0.102121
-0.107646
-0.110266
-0.104091
-0.097812
-0.074313
-0.030384
0.017038
0.067040
0.103276
0.097529
0.086359
0.102269
0.152427
0.194017
0.196259
0.168695
0.163848
0.181750
0.200708
0.205046
0.196920
0.190576
0.177206
0.138437
0.098656
0.073519
0.040088
-0.012921
-0.089543
-0.144476
-0.166892
-0.161967
-0.144223
-0.105647
-0.097117
-0.135578
-0.188029
-0.218678
-0.234025
-0.243040
-0.267369
-0.295946
-0.326685
-0.332574
-0.313736
-0.255791
-0.209995
-0.177488
-0.166259
-0.186118
-0.192197
-0.172902
-0.127857
-0.065574
-0.048487
-0.075138
-0.082026
-0.060161
-0.028764
-0.004685
0.001671
0.007873
0.019262
0.017238
0.024428
0.061322
0.093738
0.095899
0.061145
0.021650
0.011493
0.011112
0.030726
0.036524
0.010028
-0.054468
-0.127962
-0.175187
-0.210325
-0.246062
-0.285711
-0.333402
-0.385774
-0.425620
-0.445620
-0.383614
-0.339065
-0.333153
-0.352926
-0.383718
-0.393114
-0.378394
-0.343753
-0.266854
-0.201883
-0.224411
-0.248492
-0.225300
-0.196245
-0.181498
-0.185780
-0.192410
-0.197149
-0.201145
-0.185031
-0.150844
-0.128555
-0.118179
-0.124790
-0.153136
-0.163415
-0.142611
-0.094663
-0.017691
0.018775
-0.019987
-0.043405
-0.024840
0.005067
0.023204
0.023919
0.028477
0.037918
0.014226
-0.004182
-0.005905
-0.004297
-0.018156
-0.066306
-0.113917
-0.129015
-0.127098
-0.107191
-0.090100
-0.067269
-0.108835
-0.170745
-0.198828
-0.214106
-0.231499
-0.259111
-0.295288
-0.338478
-0.377673
-0.396290
-0.327018
-0.271392
-0.246025
-0.240820
-0.263825
-0.277485
-0.269186
-0.227625
-0.172422
-0.097617
-0.108964
-0.127527
-0.095805
-0.058458
-0.040378
-0.039881
-0.041436
-0.043699
-0.068897
-0.082908
-0.075251
-0.071650
-0.085050
-0.128430
-0.180673
-0.205602
-0.206615
-0.180718
-0.124236
-0.062950
-0.101568
-0.158438
-0.167832
-0.162487
-0.158159
-0.169531
-0.188676
-0.209177
-0.250484
-0.266920
-0.214328
-0.161927
-0.133810
-0.125100
-0.149432
-0.168893
-0.157889
-0.106788
-0.053290
-0.017050
-0.032254
-0.037533
-0.011315
0.025859
0.055231
0.060192
0.059849
0.067912
0.047970
0.029410
0.022477
0.026320
0.021456
-0.002951
-0.045666
-0.073715
-0.081110
-0.052311
-0.025065
0.005897
-0.035228
-0.095956
-0.122171
-0.136326
-0.156761
-0.187361
-0.230713
-0.276892
-0.325115
-0.308135
-0.248207
-0.182887
-0.141993
-0.136888
-0.163910
-0.179277
-0.176244
-0.134037
-0.083244
-0.045416
-0.065129
-0.074150
-0.050480
-0.013473
0.017865
0.022775
0.017715
0.025416
0.010036
-0.001617
-0.002090
0.012203
0.021879
0.006521
-0.038255
-0.076799
-0.084090
-0.047791
-0.012215
0.010662
-0.018083
-0.062924
-0.079901
-0.085814
-0.102713
-0.132258
-0.174999
-0.220115
-0.267810
-0.266059
-0.236874
-0.201616
-0.180715
-0.174849
-0.203239
-0.215915
-0.216299
-0.182037
-0.138438
-0.090249
-0.105635
-0.130673
-0.122451
-0.099421
-0.075682
-0.068052
-0.071191
-0.065418
-0.061537
-0.055999
-0.019022
0.026375
0.063749
0.089193
0.080467
0.063913
0.060614
0.094958
0.127075
0.108931
0.061367
0.012760
-0.012423
-0.015423
-0.016204
-0.026984
-0.055262
-0.076408
-0.087904
-0.091739
-0.065788
-0.037610
-0.028069
-0.051650
-0.089478
-0.111895
-0.118581
-0.098632
-0.068170
-0.015508
-0.041030
-0.091115
-0.098432
-0.083535
-0.063851
-0.059091
-0.064594
-0.060057
-0.049291
-0.039369
0.002149
0.052654
0.094884
0.118192
0.104531
0.088197
0.079286
0.103688
0.134764
0.141903
0.101147
0.046960
0.029603
0.032701
0.036936
0.030906
0.010711
-0.002681
-0.039643
-0.068935
-0.040069
-0.002077
0.026777
0.027093
0.006947
-0.008910
-0.018568
-0.005453
0.014159
0.052497
0.006061
-0.061122
-0.088589
-0.098591
-0.105970
-0.122372
-0.145976
-0.167568
-0.168313
-0.156850
-0.109298
-0.060104
-0.029223
-0.027216
-0.055157
-0.070312
-0.067599
-0.048393
-0.022796
0.017420
-0.023359
-0.086481
-0.108969
-0.110826
-0.104661
-0.106820
-0.121222
-0.131280
-0.148241
-0.100245
-0.020841
0.033082
0.074568
0.099007
0.090223
0.082346
0.076763
0.099188
0.124344
0.122726
0.079162
0.029949
0.008639
0.011210
0.017845
0.014370
-0.001240
-0.011397
-0.016826
0.002906
0.059490
0.099151
0.123521
0.124087
0.098847
0.084398
0.075374
0.096334
0.120191
0.136523
0.093689
0.034938
0.011938
0.011568
0.014578
0.012851
0.000783
-0.007186
-0.005113
0.007042
0.046448
0.086827
0.113738
0.117214
0.095001
0.080352
0.073566
0.099050
0.129508
0.148560
0.110206
0.066382
0.053973
0.065298
0.082485
0.093763
0.090252
0.097345
0.098207
0.090217
0.101440
0.123095
0.135142
0.109265
0.056480
0.023698
0.007104
0.016482
0.038149
0.079141
0.040158
-0.037999
-0.079517
-0.097522
-0.112892
-0.132648
-0.165665
-0.209318
-0.271160
-0.290608
-0.242118
-0.177048
-0.135773
-0.126470
-0.142852
-0.164106
-0.163578
-0.143203
-0.101914
-0.028852
-0.037124
-0.076688
-0.073918
-0.044759
-0.015962
-0.018718
-0.032874
-0.039433
-0.057399
-0.081615
-0.067965
-0.045068
-0.039026
-0.052876
-0.093809
-0.126836
-0.136335
-0.110371
-0.066629
-0.012654
-0.020972
-0.059050
-0.066585
-0.054928
-0.041251
-0.043095
-0.058258
-0.068572
-0.103233
-0.116570
-0.096688
-0.067513
-0.044846
-0.038047
-0.065668
-0.088779
-0.095478
-0.077703
-0.043369
0.015415
0.001844
-0.044362
-0.052270
-0.032099
-0.004603
0.004102
-0.001303
0.003175
-0.042105
-0.071234
-0.061510
-0.027630
-0.000918
0.004339
-0.024379
-0.050814
-0.059821
-0.043518
-0.011436
0.023086
0.002993
-0.046267
-0.068673
-0.068872
-0.066306
-0.074520
-0.094715
-0.122359
-0.160686
-0.164425
-0.128602
-0.065465
-0.027877
-0.015155
-0.034964
-0.054982
-0.056181
-0.038237
-0.008667
0.057895
0.049380
0.011564
0.010467
0.032594
0.055293
0.053633
0.041560
0.042751
0.021526
-0.008235
-0.007106
0.011002
0.019666
0.012047
-0.020368
-0.054296
-0.063514
-0.035932
0.005451
0.049981
0.033337
-0.005481
-0.017579
-0.008860
0.002618
-0.002263
-0.024322
-0.038735
-0.105291
-0.136659
-0.128027
-0.107667
-0.096330
-0.096703
-0.128813
-0.161449
-0.165176
-0.157137
-0.124355
-0.057998
-0.054955
-0.099341
-0.117544
-0.102704
-0.077306
-0.067394
-0.075929
-0.082804
-0.092984
-0.121662
-0.112011
-0.074616
-0.040303
-0.025951
-0.033280
-0.054491
-0.062632
-0.050926
-0.018506
0.006908
-0.002368
-0.043822
-0.070081
-0.071395
-0.061462
-0.061971
-0.079845
-0.097030
-0.107515
-0.117080
-0.093792
-0.029592
0.021171
0.042844
0.008688
-0.025139
-0.037465
-0.031208
0.005670
0.070186
0.077606
0.051583
0.052169
0.080945
0.109552
0.120993
0.114893
0.122429
0.085643
0.027017
0.015518
0.029902
0.038443
0.031903
-0.009546
-0.051639
-0.060121
-0.044838
-0.005887
0.023338
0.014103
-0.027403
-0.058556
-0.066787
-0.067588
-0.078476
-0.100728
-0.129374
-0.159808
-0.179314
-0.148930
-0.082554
-0.038523
-0.010788
-0.026452
-0.052357
-0.063085
-0.049346
-0.006671
0.062078
0.074844
0.055341
0.063718
0.102243
0.143233
0.161611
0.158440
0.163669
0.119597
0.054938
0.025269
0.034497
0.031103
0.013610
-0.046498
-0.109183
-0.123880
-0.105001
-0.058849
-0.023936
-0.027949
-0.064035
-0.092978
-0.104750
-0.112714
-0.132011
-0.163904
-0.204340
-0.242971
-0.279513
-0.226041
-0.163194
-0.118308
-0.105740
-0.125170
-0.151250
-0.159780
-0.147450
-0.104894
-0.026356
-0.006875
-0.031176
-0.025866
0.014073
0.055901
0.070532
0.062645
0.072052
0.035890
-0.020454
-0.038896
-0.015292
-0.004648
-0.017149
-0.051225
-0.111028
-0.139202
-0.131215
-0.076685
-0.028817
-0.005268
-0.021286
-0.036026
-0.031562
-0.022101
-0.024285
-0.037996
-0.057482
-0.139666
-0.186556
-0.193731
-0.150445
-0.121932
-0.131379
-0.174359
-0.211401
-0.228337
-0.222511
-0.177307
-0.093128
-0.045158
-0.065407
-0.067561
-0.032309
0.008828
0.031204
0.025106
0.024619
-0.013322
-0.081856
-0.120678
-0.112816
-0.111426
-0.124082
-0.165166
-0.227254
-0.254974
-0.249669
-0.196744
-0.138849
-0.108687
-0.120471
-0.131224
-0.120507
-0.104065
-0.101120
-0.117609
-0.137576
-0.150493
-0.192696
-0.196860
-0.148953
-0.109962
-0.099255
-0.114096
-0.144425
-0.160237
-0.152111
-0.113786
-0.039363
-0.013239
-0.046433
-0.057779
-0.030097
0.006113
0.024655
0.016285
0.010067
0.005742
-0.041725
-0.070195
-0.065836
-0.060086
-0.056680
-0.135073
-0.232875
-0.276390
-0.276094
-0.214233
-0.139383
-0.085569
-0.073418
-0.052337
-0.009117
0.030547
0.047579
0.040236
0.032151
-0.003634
-0.072112
-0.100835
-0.089744
-0.082370
-0.103179
-0.141909
-0.183665
-0.196580
-0.193748
-0.158837
-0.092347
-0.062133
-0.102641
-0.129630
-0.121164
-0.101935
-0.094319
-0.110052
-0.123845
-0.127140
-0.169717
-0.174084
-0.123008
-0.088134
-0.060509
-0.053447
-0.082414
-0.092356
-0.081677
-0.041768
0.003313
0.022903
0.004260
0.008670
0.038199
0.078789
0.101366
0.095992
0.095535
0.098964
0.060070
0.039988
0.051917
0.062861
0.067158
0.014773
-0.056644
-0.087247
-0.083149
-0.031313
0.019433
0.049071
0.034076
0.018474
0.027190
0.045136
0.054555
0.050881
0.039222
0.021222
-0.041764
-0.073538
-0.048977
-0.031407
-0.042657
-0.079010
-0.118753
-0.131755
-0.138836
-0.119738
-0.052671
-0.003843
-0.037352
-0.070760
-0.061536
-0.040118
-0.028243
-0.041318
-0.060444
-0.068633
-0.124776
-0.162510
-0.137833
-0.112132
-0.102250
-0.118857
-0.170389
-0.193736
-0.192590
-0.154573
-0.087194
-0.024366
-0.024117
-0.013203
0.031423
0.082985
0.120009
0.118997
0.116837
0.093318
0.026344
-0.019760
-0.015868
-0.013132
-0.021464
-0.070474
-0.157145
-0.208452
-0.211092
-0.153657
-0.087652
-0.040660
-0.036566
-0.033520
-0.008213
0.019105
0.032702
0.029046
0.021654
-0.003806
-0.071303
-0.097254
-0.072269
-0.052957
-0.070266
-0.096068
-0.130979
-0.139394
-0.142111
-0.118464
-0.053470
-0.007376
-0.041517
-0.078513
-0.073888
-0.056200
-0.042830
-0.054318
-0.072097
-0.078594
-0.128709
-0.153992
-0.116363
-0.080879
-0.061772
-0.054154
-0.093699
-0.109576
-0.105818
-0.064289
-0.014253
0.020956
0.010175
0.015495
0.048308
0.095354
0.129318
0.129434
0.131689
0.138712
0.100734
0.078473
0.064658
0.058102
0.046397
-0.039237
-0.155107
-0.218653
-0.228214
-0.176672
-0.104043
-0.044121
-0.008003
-0.023439
-0.006900
0.018559
0.036749
0.037251
0.009804
-0.061438
-0.113707
-0.113094
-0.075224
-0.054192
-0.062532
-0.077642
-0.115739
-0.113298
-0.096811
-0.062577
-0.011790
0.016442
-0.001027
-0.028123
-0.025387
-0.007011
0.015585
0.015376
0.002632
-0.015691
-0.063036
-0.056569
0.005028
0.061989
0.089664
0.085869
0.042909
0.029286
0.028454
0.053537
0.108709
0.133056
0.103174
0.079777
0.087323
0.104623
0.115743
0.107405
0.090289
0.082366
0.030284
-0.000277
0.024307
0.058799
0.061948
0.013421
-0.059244
-0.090460
-0.088710
-0.071672
-0.034638
0.009289
-0.003265
-0.026897
-0.024066
-0.006536
0.003873
-0.009218
-0.042997
-0.069876
-0.118714
-0.153120
-0.118710
-0.073097
-0.049789
-0.043784
-0.072051
-0.087335
-0.086417
-0.064131
-0.025850
0.020886
0.001727
-0.023266
-0.015641
0.009953
0.031100
0.016092
-0.014864
-0.024447
-0.074236
-0.112620
-0.079365
-0.049070
-0.033909
-0.028698
-0.073862
-0.106817
-0.107070
-0.067546
-0.018670
0.024804
0.016776
0.012891
0.036554
0.073867
0.100360
0.092457
0.080970
0.075081
0.024976
-0.018317
0.010744
0.036061
0.047997
0.023228
-0.094643
-0.158886
-0.164045
-0.128115
-0.081124
-0.025804
-0.012285
-0.011056
0.006103
0.036151
0.057050
0.052191
0.038694
0.032394
-0.021830
-0.064881
-0.036560
-0.011577
-0.002502
-0.003784
-0.035791
-0.049295
-0.048198
-0.025809
0.011144
0.051577
0.037328
0.021382
0.030862
0.056077
0.080377
0.072591
0.051158
0.047568
0.000645
-0.034671
0.005841
0.042209
0.061782
0.065415
-0.023687
-0.081628
-0.092008
-0.059554
-0.009530
0.046912
0.060108
0.064750
0.091043
0.127432
0.157444
0.159384
0.149917
0.138483
0.078578
0.021198
0.010508
0.021566
0.010724
-0.044261
-0.121956
-0.162805
-0.160660
-0.135050
-0.083055
-0.028015
-0.022964
-0.036416
-0.024839
0.005536
0.035016
0.043290
0.032270
0.029951
-0.015479
-0.050144
-0.044419
-0.045887
-0.069747
-0.111784
-0.188216
-0.248545
-0.260377
-0.231937
-0.176131
-0.108425
-0.087934
-0.086470
-0.060709
-0.021204
0.010372
0.016433
0.008008
0.003539
-0.045487
-0.080463
-0.039017
-0.005671
0.018812
0.018841
-0.036893
-0.083047
-0.084708
-0.060564
-0.029737
0.019332
0.026743
0.018816
0.027931
0.054355
0.079580
0.076263
0.058413
0.047963
-0.003981
-0.043991
-0.002848
0.033502
0.060378
0.054607
-0.045929
-0.111599
-0.116584
-0.099564
-0.059043
-0.003531
0.009230
0.001294
0.012823
0.042466
0.068025
0.066317
0.048818
0.041397
-0.010698
-0.053443
-0.018161
0.007412
0.019756
0.010497
-0.083813
-0.140915
-0.147570
-0.135761
-0.095986
-0.032614
-0.018193
-0.027707
-0.014751
0.014218
0.040645
0.038757
0.016653
0.007194
-0.044582
-0.088962
-0.056152
-0.024211
0.002366
0.013545
-0.031578
-0.068966
-0.069338
-0.046029
-0.006022
0.042779
0.041517
0.030929
0.050494
0.091155
0.127786
0.128599
0.111781
0.112206
0.065566
0.024809
0.019979
0.026056
0.019672
-0.031935
-0.117220
-0.173046
-0.180200
-0.156627
-0.100406
-0.026869
-0.020081
-0.049847
-0.042242
-0.016038
0.003799
0.012512
0.004245
-0.004499
-0.052512
-0.087214
-0.088438
-0.098390
-0.117784
-0.137696
-0.190846
-0.235203
-0.246161
-0.239918
-0.191510
-0.118739
-0.098709
-0.115862
-0.109696
-0.080929
-0.052142
-0.040863
-0.051545
-0.061700
-0.109788
-0.143514
-0.101354
-0.074278
-0.046703
-0.049681
-0.107278
-0.165105
-0.175258
-0.152158
-0.119351
-0.063657
-0.044566
-0.059411
-0.057788
-0.036877
-0.016756
-0.019070
-0.044600
-0.063671
-0.118869
-0.159548
-0.122212
-0.101800
-0.083372
-0.095252
-0.153833
-0.201351
-0.206204
-0.190815
-0.151529
-0.090315
-0.074009
-0.092009
-0.089917
-0.066117
-0.038723
-0.034263
-0.055855
-0.070107
-0.125483
-0.175864
-0.147380
-0.127585
-0.107747
-0.112834
-0.176110
-0.236476
-0.249900
-0.227740
-0.194730
-0.134888
-0.103633
-0.111283
-0.099926
-0.065004
-0.032484
-0.028746
-0.048030
-0.059993
-0.089486
-0.115651
-0.129354
-0.141331
-0.141671
-0.146212
-0.188112
-0.231566
-0.235197
-0.219755
-0.177623
-0.119761
-0.100182
-0.120067
-0.115556
-0.085324
-0.050767
-0.039480
-0.055889
-0.065215
-0.093847
-0.112708
-0.120804
-0.128474
-0.136293
-0.162427
-0.242418
-0.309652
-0.329820
-0.307441
-0.270547
-0.191150
-0.160346
-0.176528
-0.171337
-0.142848
-0.116127
-0.109287
-0.127883
-0.146679
-0.198920
-0.232995
-0.192472
-0.168974
-0.144441
-0.135449
-0.163896
-0.199112
-0.202162
-0.190291
-0.164369
-0.106668
-0.081542
-0.085664
-0.071346
-0.037051
-0.002119
0.004365
-0.014319
-0.026714
-0.071267
-0.107625
-0.066290
-0.038782
-0.006498
-0.005245
-0.073310
-0.144963
-0.159184
-0.150986
-0.117284
-0.067463
-0.036280
-0.053556
-0.058272
-0.040841
-0.017003
-0.007700
-0.021994
-0.042784
-0.091116
-0.138914
-0.167567
-0.161800
-0.165322
-0.186366
-0.225425
-0.248435
-0.249563
-0.243659
-0.189884
-0.112126
-0.052111
-0.063514
-0.065732
-0.022797
0.028031
0.046736
0.035234
0.029386
0.011879
-0.016880
-0.035851
-0.054858
-0.063335
-0.135469
-0.292289
-0.484429
-0.601226
-0.607059
-0.517498
-0.387689
-0.292905
-0.243001
-0.190042
-0.126136
-0.083924
-0.066329
-0.067623
-0.092311
-0.152699
-0.190317
-0.217551
-0.231531
-0.248324
-0.272437
-0.301996
-0.330682
-0.321196
-0.292435
-0.213701
-0.135802
-0.095089
-0.095108
-0.072435
-0.012181
0.045536
0.063708
0.062482
0.037400
-0.021646
-0.104216
-0.151652
-0.142322
-0.105554
-0.162669
-0.259892
-0.389756
-0.456582
-0.441176
-0.360412
-0.245894
-0.179563
-0.168011
-0.141983
-0.087171
-0.032565
0.006217
0.031933
0.034594
0.002111
-0.043867
-0.077312
-0.072035
-0.082097
-0.100774
-0.142330
-0.177129
-0.172503
-0.150837
-0.076110
-0.000582
0.030821
0.012598
0.016067
0.059914
0.112391
0.143935
0.152681
0.150023
0.115137
0.050652
0.009131
0.013411
0.012985
-0.031119
-0.119594
-0.211262
-0.239300
-0.207294
-0.141559
-0.065257
-0.008896
-0.012448
0.004104
0.043946
0.082598
0.112234
0.138086
0.151180
0.134200
0.075680
0.058373
0.064117
0.069056
0.041920
-0.016909
-0.082973
-0.095564
-0.079090
-0.027913
0.034697
0.064880
0.036366
0.013627
0.031563
0.059724
0.089364
0.105180
0.104885
0.066037
0.032268
0.051594
0.115971
0.172263
0.192220
0.174894
0.136782
0.132835
0.131001
0.164013
0.218999
0.233298
0.193093
0.186851
0.204260
0.221781
0.227282
0.220652
0.201739
0.169602
0.097027
0.053896
0.037474
0.017324
-0.019874
-0.082381
-0.135073
-0.143932
-0.129268
-0.078763
-0.023782
0.028605
0.006702
-0.034727
-0.017625
0.017951
0.056696
0.078530
0.085991
0.087951
0.052908
0.039011
0.091419
0.142345
0.136703
0.070548
-0.009576
-0.028865
-0.021535
0.018546
0.071048
0.132730
0.119579
0.120593
0.143987
0.166017
0.175429
0.173286
0.171406
0.158502
0.103669
0.070726
0.069469
0.069261
0.050864
0.005603
-0.056124
-0.062998
-0.050832
-0.009672
0.048233
0.104004
0.086257
0.049949
0.064784
0.092397
0.124896
0.136302
0.138967
0.131713
0.084176
0.062773
0.104174
0.142588
0.149905
0.089620
0.008664
-0.008708
-0.001557
0.028062
0.074422
0.127490
0.107155
0.085856
0.100550
0.113861
0.122329
0.117072
0.101833
0.044600
-0.010392
-0.026280
-0.028402
-0.035381
-0.047829
-0.097805
-0.140892
-0.147032
-0.146031
-0.122181
-0.063559
-0.012080
-0.043569
-0.095539
-0.092206
-0.072967
-0.050778
-0.048526
-0.053819
-0.057975
-0.064304
-0.033187
0.010231
0.032108
0.034432
0.011909
-0.042776
-0.053105
-0.040426
-0.005790
0.039992
0.094885
0.072789
0.045505
0.060841
0.084536
0.103715
0.094543
0.082786
0.045459
-0.009264
-0.055599
-0.080659
-0.103139
-0.142964
-0.206505
-0.266514
-0.282941
-0.280564
-0.257835
-0.196980
-0.132060
-0.136806
-0.185427
-0.181170
-0.157275
-0.127112
-0.116221
-0.125693
-0.137090
-0.172529
-0.162346
-0.125526
-0.099765
-0.081594
-0.123222
-0.199447
-0.228152
-0.216448
-0.174519
-0.113734
-0.054777
-0.037758
0.022202
0.084529
0.143913
0.188609
0.217376
0.218975
0.162254
0.070004
0.016804
0.017259
0.032025
0.035486
0.000060
-0.072221
-0.107136
-0.096298
-0.067700
-0.015123
0.026142
0.003788
-0.038138
-0.036228
-0.021018
-0.005438
-0.001533
-0.003996
-0.015733
-0.074973
-0.116779
-0.109187
-0.105039
-0.126034
-0.168037
-0.213759
-0.214686
-0.190919
-0.121695
-0.049203
0.015307
0.010280
-0.004793
0.034573
0.097255
0.139706
0.158261
0.151619
0.093765
0.015223
-0.057596
-0.084671
-0.081731
-0.087498
-0.121561
-0.205560
-0.254927
-0.234842
-0.183316
-0.113067
-0.022517
0.008855
0.056222
0.113407
0.162803
0.192129
0.210518
0.215137
0.204250
0.150322
0.114996
0.127732
0.158188
0.161735
0.056135
-0.068097
-0.121019
-0.116381
-0.086957
-0.019926
0.066150
0.078435
0.053537
0.073123
0.103009
0.135199
0.162589
0.166805
0.139545
0.101321
0.080917
0.089636
0.108386
0.093396
0.026711
-0.059419
-0.084998
-0.078349
-0.051837
0.011105
0.087264
0.089970
0.054021
0.064173
0.094262
0.132002
0.157371
0.161316
0.153308
0.114341
0.067269
0.065271
0.083228
0.068108
0.021340
-0.049815
-0.073863
-0.063164
-0.038609
0.017391
0.080073
0.066916
0.012274
0.010148
0.030275
0.059046
0.082344
0.084946
0.078637
0.035067
0.001541
0.008420
0.037541
0.028927
-0.013933
-0.072719
-0.088995
-0.092607
-0.067633
0.001469
0.064644
0.059482
0.007633
0.010685
0.042403
0.081628
0.106211
0.113035
0.113484
0.078044
0.029508
0.041815
0.081019
0.082301
0.007632
-0.098549
-0.146970
-0.146099
-0.121287
-0.057025
0.020456
0.048594
0.018831
0.033994
0.065602
0.098436
0.122496
0.126287
0.121630
0.080882
0.048676
0.059275
0.093393
0.090940
0.054772
-0.015167
-0.042628
-0.036681
-0.020997
0.026693
0.081079
0.076233
0.013045
0.002152
0.016404
0.037915
0.061805
0.061769
0.064243
0.037002
0.021596
0.043686
0.081366
0.079510
0.034728
-0.037233
-0.060158
-0.067172
-0.031960
0.038757
0.095721
0.107893
0.068198
0.058518
0.087765
0.127501
0.156407
0.178422
0.190738
0.174112
0.142816
0.150697
0.189825
0.195019
0.137542
0.052439
0.001414
0.001785
0.023551
0.072120
0.116124
0.128632
0.096229
0.095545
0.103698
0.106629
0.121080
0.145572
0.149716
0.114825
0.085984
0.131251
0.191391
0.222204
0.190952
0.128550
0.096038
0.097729
0.123746
0.160171
0.197752
0.201427
0.138543
0.106322
0.112654
0.131175
0.156815
0.175675
0.175985
0.132143
0.092926
0.095720
0.129180
0.134574
0.091289
0.000361
-0.045786
-0.025655
0.007867
0.055248
0.103897
0.120159
0.071752
0.042644
0.061214
0.091899
0.115741
0.129978
0.130923
0.091850
0.045667
0.044916
0.070907
0.076131
0.043258
-0.044583
-0.085423
-0.062488
-0.017458
0.039906
0.091397
0.107729
0.071167
0.057911
0.086186
0.123548
0.150449
0.165548
0.161699
0.122415
0.075697
0.079336
0.112429
0.118628
0.085699
0.006513
-0.024037
-0.008996
0.046961
0.117594
0.171076
0.179579
0.148383
0.136946
0.168519
0.206159
0.235994
0.252423
0.244612
0.195696
0.128778
0.111370
0.131331
0.110570
0.050900
-0.035745
-0.082644
-0.081318
-0.045670
0.020740
0.080704
0.084300
0.045998
0.032493
0.056695
0.081709
0.095533
0.087482
0.051670
-0.013614
-0.071338
-0.085091
-0.071184
-0.054439
-0.051904
-0.070079
-0.075002
-0.075702
-0.054335
0.001886
0.052044
0.061359
0.012221
-0.010014
0.014366
0.054115
0.084370
0.102698
0.097232
0.056936
0.003795
0.001310
0.036941
0.050049
0.028941
-0.034546
-0.073103
-0.063350
-0.041928
0.026502
0.083395
0.112843
0.088471
0.073633
0.100617
0.136406
0.171215
0.191238
0.198659
0.173920
0.133262
0.146746
0.176680
0.174524
0.127087
0.039776
-0.014977
-0.015168
0.004391
0.058740
0.099312
0.120143
0.072306
0.030813
0.036720
0.058551
0.089317
0.103839
0.110868
0.090067
0.053587
0.066657
0.103753
0.122192
0.101810
0.045014
0.000292
0.007599
0.048151
0.097604
0.142900
0.171235
0.136607
0.101437
0.117503
0.149958
0.184354
0.206850
0.212283
0.186449
0.145081
0.155849
0.197685
0.206889
0.163912
0.079643
0.022638
0.023613
0.050346
0.116493
0.170291
0.192909
0.153352
0.114237
0.127588
0.155843
0.191464
0.212580
0.209378
0.165567
0.113030
0.118669
0.163474
0.165875
0.135694
0.087228
0.047676
0.044460
0.070558
0.126470
0.176583
0.193630
0.148706
0.110422
0.117466
0.139812
0.155183
0.140390
0.075315
-0.016127
-0.090690
-0.107120
-0.087763
-0.098428
-0.139429
-0.197454
-0.219000
-0.190013
-0.133590
-0.073883
-0.026208
-0.005606
-0.027197
-0.029809
0.015141
0.059065
0.076490
0.080376
0.028971
-0.062537
-0.157137
-0.191994
-0.179728
-0.181260
-0.226317
-0.303335
-0.366486
-0.371062
-0.332945
-0.253496
-0.158908
-0.102711
-0.080047
-0.042523
0.022162
0.084362
0.123813
0.137872
0.131240
0.083062
0.009264
-0.015901
0.008324
0.024502
-0.019674
-0.105306
-0.181372
-0.191432
-0.170766
-0.116162
-0.047767
0.012976
0.006375
-0.011545
0.015114
0.051007
0.087622
0.109377
0.124264
0.119988
0.078146
0.076353
0.121154
0.156254
0.133419
0.059980
-0.003694
-0.008188
-0.006201
0.038967
0.097784
0.139538
0.110666
0.074297
0.084924
0.105821
0.128501
0.138099
0.135914
0.100978
0.052923
0.037204
0.075878
0.117740
0.121052
0.072063
0.017125
0.008852
0.014150
0.070268
0.121775
0.161610
0.130740
0.084900
0.097307
0.126190
0.153642
0.168211
0.178184
0.143631
0.085409
0.064006
0.106257
0.153100
0.158571
0.118296
0.055931
0.048349
0.051048
0.090162
0.141359
0.184460
0.153341
0.102207
0.105038
0.118767
0.131494
0.138121
0.135143
0.086311
0.052955
0.042570
0.045665
0.041820
0.015396
-0.058386
-0.115620
-0.128080
-0.102503
-0.043050
0.010473
0.051462
0.017755
-0.030444
-0.016761
0.016622
0.046882
0.057839
0.061124
0.044892
-0.002192
-0.021754
0.022517
0.059599
0.068158
0.044253
-0.005840
-0.008835
0.008176
0.064689
0.121205
0.173209
0.155025
0.153353
0.182562
0.212797
0.232716
0.251452
0.264983
0.246816
0.192650
0.178797
0.207539
0.223603
0.203807
0.080756
-0.076045
-0.130721
-0.110325
-0.063579
0.014476
0.058177
0.054289
0.046720
0.068615
0.093038
0.118870
0.142711
0.150990
0.102220
0.050888
0.025196
0.044967
0.050006
0.028640
-0.027859
-0.071177
-0.066506
-0.030556
0.030496
0.087943
0.129405
0.101426
0.071242
0.102233
0.151118
0.185586
0.206460
0.202438
0.150813
0.079105
0.038845
0.044950
0.052831
0.041034
-0.009391
-0.096161
-0.117590
-0.083977
-0.038135
0.019441
0.087987
0.080523
0.072358
0.100133
0.128891
0.148569
0.164596
0.161165
0.139029
0.086575
0.053454
0.041686
0.016199
-0.026688
-0.099695
-0.163874
-0.179126
-0.163023
-0.112787
-0.051805
0.011587
-0.005355
-0.051504
-0.037642
0.000767
0.042341
0.070998
0.076463
0.072817
0.032743
-0.002179
0.035450
0.095091
0.133277
0.101594
0.025471
0.003954
0.011742
0.036487
0.076508
0.114666
0.140021
0.126300
0.143617
0.163420
0.169809
0.167370
0.146286
0.107745
0.050820
0.004887
0.015746
0.021733
-0.010862
-0.078785
-0.141232
-0.157149
-0.153756
-0.117866
-0.057395
0.000920
-0.008014
-0.057329
-0.051303
-0.023084
0.009381
0.023095
0.019810
0.015846
-0.024662
-0.055586
-0.013953
0.024063
0.035162
0.026370
-0.024135
-0.038828
-0.027824
0.005421
0.049358
0.088318
0.086003
0.098157
0.125712
0.152442
0.170644
0.177195
0.169802
0.133445
0.087788
0.059423
0.079730
0.119002
0.135018
0.067567
-0.022002
-0.050869
-0.047170
-0.036877
0.015693
0.072317
0.051398
-0.006211
-0.015507
-0.012304
-0.003225
-0.000078
-0.014485
-0.023138
-0.033567
0.002334
0.034297
0.063817
0.077604
0.043637
-0.007226
-0.019817
-0.024587
0.003403
0.060328
0.110046
0.081925
0.030561
0.034279
0.057457
0.083055
0.084246
0.078824
0.075319
0.047200
0.027483
0.038499
0.056985
0.049149
0.017366
-0.046649
-0.071527
-0.054125
-0.032032
0.008606
0.065860
0.049280
0.013819
0.021207
0.034942
0.047133
0.041553
0.023101
0.003510
-0.051717
-0.091433
-0.110341
-0.120553
-0.149582
-0.210826
-0.278519
-0.303612
-0.300348
-0.271372
-0.203750
-0.132732
-0.093928
-0.114397
-0.106472
-0.061379
-0.012933
0.004334
0.019045
0.026385
0.009420
-0.023992
-0.019502
0.028612
0.070678
0.052495
-0.046569
-0.117873
-0.117936
-0.090309
-0.038225
0.022411
0.041783
0.075812
0.110602
0.139023
0.160267
0.173350
0.179621
0.126103
0.048770
0.005685
0.021700
0.052818
0.072538
0.045370
-0.011907
-0.026514
-0.019344
-0.010687
0.027631
0.069297
0.074424
0.012962
-0.011221
-0.004775
0.014833
0.030423
0.036110
0.054090
0.060511
0.052603
0.078563
0.135799
0.176037
0.159687
0.096223
0.055277
0.066196
0.084202
0.106133
0.159978
0.177412
0.151692
0.151226
0.162238
0.170628
0.177791
0.201602
0.206332
0.185603
0.179962
0.207877
0.263485
0.301014
0.258958
0.183989
0.153623
0.162196
0.178837
0.208485
0.241744
0.206018
0.118487
0.080703
0.065762
0.060540
0.061525
0.051448
0.052867
0.053982
0.044636
0.079756
0.108964
0.112416
0.057225
-0.024501
-0.050931
-0.031736
0.009322
0.058890
0.100080
0.090190
0.032202
0.020542
0.042652
0.066191
0.065796
0.071024
0.053238
0.006200
-0.042660
-0.038975
-0.008514
0.000877
-0.058360
-0.162197
-0.214261
-0.207849
-0.171619
-0.099578
-0.024785
-0.016501
-0.044759
-0.030786
-0.002256
0.032089
0.062814
0.061640
0.055615
0.035509
0.008619
0.044624
0.087459
0.091544
0.044746
-0.027895
-0.051917
-0.048963
-0.014890
0.049891
0.103666
0.094848
0.042571
0.031899
0.057312
0.091600
0.110023
0.114026
0.105529
0.059761
0.004060
0.023371
0.065946
0.070136
-0.031330
-0.166964
-0.241236
-0.252396
-0.224343
-0.147709
-0.062738
-0.025884
-0.039510
-0.022657
0.018529
0.061124
0.092089
0.095518
0.088523
0.059809
0.016332
0.013832
0.043092
0.048712
0.015718
-0.052350
-0.086106
-0.083324
-0.070400
-0.008828
0.043976
0.066376
0.025518
0.006350
0.028908
0.063699
0.089525
0.100679
0.110512
0.082423
0.036477
0.047936
0.101469
0.130615
0.096876
0.011238
-0.043800
-0.039765
-0.024236
0.024469
0.092774
0.118477
0.082859
0.077910
0.098777
0.122921
0.146955
0.144291
0.135373
0.106962
0.083461
0.077400
0.097360
0.094238
0.037451
-0.048827
-0.089997
-0.098814
-0.084495
-0.034058
0.009271
0.029015
-0.027932
-0.064884
-0.058479
-0.037898
-0.014762
-0.012961
-0.002597
-0.026506
-0.030884
0.038244
0.119500
0.176791
0.161673
0.095328
0.043302
0.044057
0.058072
0.103777
0.153026
0.179331
0.143424
0.140046
0.153378
0.163516
0.172595
0.182190
0.142931
0.073796
0.043563
0.040949
0.049937
0.056561
0.026553
-0.042955
-0.080061
-0.076561
-0.050782
0.000136
0.046834
0.075034
0.035954
0.007558
0.024664
0.052137
0.071627
0.082326
0.082314
0.063521
0.030384
0.038588
0.081168
0.113681
0.094124
0.028371
-0.017463
-0.012508
0.012746
0.072500
0.120512
0.149851
0.119552
0.094335
0.112335
0.138804
0.160347
0.170881
0.171802
0.154282
0.107596
0.100208
0.130779
0.140842
0.112067
0.033018
-0.028177
-0.035215
-0.018371
0.038292
0.082698
0.111386
0.069121
0.023580
0.029547
0.049579
0.073344
0.083916
0.091515
0.070687
0.030837
0.049032
0.107861
0.138763
0.118405
0.055971
0.002453
0.001347
0.016511
0.073465
0.119028
0.147479
0.109323
0.066615
0.077626
0.105280
0.139921
0.163266
0.177040
0.148448
0.103642
0.105557
0.146306
0.164318
0.135018
0.054209
-0.006485
-0.007861
0.014645
0.076940
0.121294
0.147217
0.106940
0.063828
0.075941
0.104067
0.132507
0.151094
0.153950
0.120077
0.075678
0.079569
0.118206
0.136901
0.110800
0.034535
-0.018028
-0.012871
0.021523
0.091219
0.142419
0.163348
0.127527
0.094342
0.116887
0.153500
0.186113
0.209783
0.215103
0.184597
0.130288
0.123959
0.142229
0.140167
0.095372
0.008986
-0.049938
-0.055832
-0.030662
0.038561
0.088814
0.121567
0.085299
0.041199
0.052173
0.082473
0.116447
0.140670
0.148011
0.115025
0.064933
0.059824
0.094714
0.094575
0.050509
-0.025524
-0.080429
-0.082836
-0.052138
0.007666
0.052387
0.078141
0.052698
0.009699
0.023067
0.057264
0.094733
0.124308
0.141269
0.118552
0.079365
0.090338
0.141996
0.164199
0.141894
0.073709
0.015623
0.010590
0.036517
0.098392
0.140650
0.160997
0.114814
0.055762
0.052373
0.074977
0.104663
0.122618
0.132530
0.112150
0.082180
0.091283
0.140822
0.151102
0.122240
0.045720
-0.026843
-0.036743
-0.002975
0.030324
0.053350
0.066663
0.015921
-0.053952
-0.072048
-0.058629
-0.041696
-0.028405
-0.016241
-0.042654
-0.062331
-0.051025
-0.008405
-0.013781
-0.066544
-0.148314
-0.205360
-0.189607
-0.134024
-0.079743
-0.023993
0.015554
-0.005900
-0.032626
-0.002694
0.041450
0.071485
0.092776
0.091648
0.040799
-0.031061
-0.040969
0.007070
0.054401
0.055874
0.006074
-0.050730
-0.053044
-0.035429
0.024338
0.079692
0.122453
0.103593
0.076767
0.100467
0.131323
0.147533
0.141488
0.136697
0.098223
0.028894
-0.009223
0.015441
0.037107
0.026865
-0.040648
-0.121104
-0.134513
-0.119522
-0.078681
-0.014918
0.042492
0.029094
0.000674
0.019403
0.043773
0.060325
0.059438
0.052882
0.014364
-0.015475
-0.009447
0.010578
0.015216
-0.001816
-0.053457
-0.112441
-0.118616
-0.110817
-0.061981
0.000731
0.055494
0.040096
0.010981
0.033584
0.069979
0.107896
0.125262
0.138161
0.119523
0.076063
0.064529
0.119126
0.173862
0.192045
0.134579
0.049296
0.027924
0.046673
0.082258
0.121962
0.170124
0.146938
0.124712
0.136590
0.144420
0.145651
0.135626
0.119270
0.069391
0.028055
-0.005680
-0.032877
-0.060549
-0.091706
-0.169786
-0.224103
-0.231337
-0.202476
-0.172019
-0.127976
-0.092578
-0.100659
-0.149872
-0.145915
-0.119196
-0.089561
-0.076181
-0.061339
-0.055111
-0.049134
-0.053315
-0.019291
0.030200
0.065423
0.066203
0.007230
-0.028407
-0.011060
0.028368
0.075281
0.133905
0.120832
0.092841
0.106900
0.117889
0.113186
0.093611
0.075272
0.034915
-0.018121
-0.053533
-0.073829
-0.086471
-0.107127
-0.156764
-0.210554
-0.223471
-0.211097
-0.175799
-0.112561
-0.050767
-0.069854
-0.114244
-0.104971
-0.076048
-0.052919
-0.055976
-0.066135
-0.082437
-0.097402
-0.116112
-0.106021
-0.083073
-0.075414
-0.132056
-0.229891
-0.279880
-0.268467
-0.223789
-0.149861
-0.067888
-0.057903
-0.061717
-0.024890
0.017153
0.051382
0.054447
0.052534
0.021399
-0.028906
-0.076254
-0.101156
-0.120814
-0.154780
-0.211234
-0.269853
-0.286155
-0.277201
-0.235246
-0.167560
-0.099708
-0.106596
-0.139488
-0.118378
-0.078079
-0.038970
-0.025957
-0.023509
-0.029529
-0.068524
-0.095480
-0.043946
0.007144
0.037136
-0.020771
-0.129490
-0.178064
-0.170121
-0.123062
-0.054266
0.021334
0.042997
0.097649
0.156758
0.205398
0.240008
0.259643
0.253889
0.205904
0.126308
0.081290
0.079010
0.081652
0.055341
-0.070364
-0.209688
-0.268436
-0.265421
-0.226061
-0.146035
-0.054979
-0.035959
-0.054529
-0.031323
0.000891
0.036740
0.065437
0.076810
0.074246
0.066543
0.059631
0.074863
0.097647
0.091188
0.052739
-0.013703
-0.032063
-0.024286
0.008771
0.066840
0.118452
0.096798
0.048356
0.054743
0.077934
0.111518
0.134525
0.141828
0.143302
0.107324
0.070223
0.085997
0.117333
0.107503
0.025138
-0.088140
-0.135629
-0.126200
-0.098674
-0.036607
0.038174
0.042288
0.005647
0.014754
0.041363
0.072811
0.099093
0.103365
0.094142
0.078432
0.058874
0.057665
0.074732
0.064799
0.010918
-0.060760
-0.085544
-0.083986
-0.056417
0.002870
0.054397
0.035355
-0.028120
-0.037715
-0.017722
0.007982
0.026444
0.023346
0.017686
-0.007831
-0.025674
-0.004985
0.023105
0.016490
-0.028411
-0.095491
-0.118408
-0.119684
-0.090211
-0.016661
0.049060
0.044346
0.002445
0.012729
0.046595
0.086305
0.109346
0.113304
0.110493
0.071152
0.040626
0.049363
0.077197
0.070283
-0.000974
-0.106589
-0.153364
-0.146707
-0.121875
-0.055970
0.009638
0.022847
-0.022265
-0.019571
0.003281
0.033449
0.058807
0.065824
0.066936
0.054204
0.045798
0.056109
0.087845
0.095655
0.054140
-0.019159
-0.049335
-0.049578
-0.029325
0.025057
0.068678
0.071483
0.015282
-0.000124
0.013334
0.037418
0.055515
0.058736
0.069455
0.054108
0.044230
0.071285
0.123191
0.146885
0.130130
0.069378
0.040017
0.039637
0.058734
0.112150
0.155536
0.153697
0.094229
0.081643
0.091883
0.110186
0.128389
0.129919
0.130777
0.097766
0.063134
0.066445
0.087785
0.083965
0.031004
-0.055537
-0.088634
-0.085711
-0.056078
-0.006978
0.031775
0.039452
-0.018180
-0.049385
-0.039606
-0.014958
0.011137
0.024778
0.032901
0.015551
-0.002090
0.052358
0.117548
0.139000
0.100878
0.016715
-0.034149
-0.030038
-0.002663
0.048757
0.087329
0.101459
0.058110
0.037986
0.055441
0.082448
0.107351
0.124343
0.134969
0.121437
0.082124
0.088198
0.127621
0.149445
0.126790
0.057331
0.017854
0.027252
0.048187
0.092048
0.134257
0.150732
0.098030
0.055913
0.063046
0.086242
0.109589
0.124572
0.127931
0.089139
0.043205
0.068137
0.113681
0.133944
0.105603
0.013736
-0.036168
-0.030275
0.010215
0.038367
0.060534
0.057518
-0.010356
-0.050944
-0.053928
-0.039159
-0.017983
-0.036645
-0.025097
-0.019887
-0.001585
0.073117
0.149301
0.211892
0.216522
0.163645
0.140443
0.154903
0.185949
0.228177
0.267550
0.257163
0.202805
0.175766
0.184365
0.183460
0.162024
0.151221
0.078451
-0.029190
-0.120111
-0.152259
-0.149665
-0.161186
-0.229497
-0.328181
-0.376599
-0.361535
-0.310641
-0.253515
-0.199111
-0.160000
-0.174185
-0.165105
-0.122063
-0.086161
-0.071040
-0.065994
-0.071163
-0.100452
-0.141663
-0.105912
-0.048157
-0.016561
-0.032024
-0.097664
-0.154598
-0.153443
-0.121710
-0.063733
0.007309
0.023700
0.007687
0.033632
0.069139
0.102017
0.122491
0.120951
0.113021
0.058165
0.007070
-0.011372
0.001433
-0.007437
-0.059869
-0.138406
-0.182808
-0.185621
-0.170092
-0.118322
-0.055949
-0.011878
-0.040008
-0.060705
-0.040610
-0.012203
0.013263
0.020215
0.034295
0.009527
-0.012605
0.021456
0.076982
0.103420
0.064953
-0.018789
-0.087052
-0.098885
-0.070364
-0.026530
0.025661
0.058593
0.031508
0.038361
0.065822
0.087927
0.107169
0.135624
0.149244
0.145268
0.127921
0.136309
0.159869
0.167989
0.144049
0.071556
0.013833
0.006280
0.018025
0.069859
0.121359
0.148898
0.100452
0.052709
0.058219
0.079326
0.110625
0.127360
0.141000
0.129993
0.110478
0.121933
0.173990
0.208282
0.197474
0.135720
0.080510
0.080013
0.090074
0.145194
0.191082
0.205924
0.155257
0.109175
0.115214
0.134815
0.160149
0.170651
0.172293
0.162137
0.138740
0.147434
0.165105
0.161390
0.110924
0.008279
-0.058798
-0.066850
-0.038699
0.013446
0.052881
0.079249
0.031007
-0.023528
-0.021779
-0.000813
0.030984
0.050782
0.063688
0.048152
0.012076
0.050132
0.124268
0.168499
0.157394
0.103384
0.052416
0.051955
0.065773
0.114451
0.152376
0.177007
0.133731
0.084370
0.088867
0.107892
0.134568
0.151202
0.162826
0.164387
0.144270
0.161943
0.189208
0.192081
0.147315
0.048110
-0.021876
-0.026920
0.008100
0.053837
0.088175
0.113364
0.063127
0.006178
0.005188
0.023375
0.055010
0.075832
0.088100
0.073378
0.044211
0.060451
0.104387
0.128468
0.100485
0.020224
-0.035067
-0.032342
-0.001728
0.068559
0.122286
0.147407
0.112501
0.079116
0.102358
0.141832
0.181057
0.212034
0.222109
0.196601
0.149535
0.150498
0.182514
0.188499
0.146177
0.061310
-0.000162
-0.003565
0.024655
0.091505
0.139249
0.168882
0.130428
0.074322
0.077998
0.104785
0.139845
0.167592
0.173739
0.136154
0.081495
0.061134
0.111670
0.144441
0.138348
0.108951
0.079086
0.068929
0.079169
0.127796
0.162404
0.178629
0.113188
0.023477
-0.000541
0.001261
0.018039
0.035140
0.030176
-0.002380
-0.030667
0.004572
0.080645
0.123013
0.115830
0.066511
0.014551
0.017455
0.038615
0.079329
0.116598
0.151405
0.110956
0.054939
0.057960
0.079849
0.111595
0.138904
0.155547
0.143625
0.128323
0.138857
0.198877
0.251902
0.257034
0.203912
0.144067
0.142790
0.170446
0.208677
0.239776
0.255703
0.200198
0.133352
0.122869
0.128164
0.142562
0.155961
0.162125
0.160972
0.149036
0.152773
0.163930
0.163327
0.127518
0.028579
-0.050516
-0.061540
-0.024553
0.010236
0.037247
0.065295
0.019952
-0.043923
-0.048591
-0.027826
0.007895
0.035681
0.054031
0.071732
0.054796
0.067001
0.128414
0.173349
0.177336
0.131021
0.073235
0.070788
0.089638
0.143046
0.188933
0.215540
0.176916
0.130003
0.137239
0.158718
0.191718
0.217751
0.227467
0.223459
0.189114
0.191418
0.236662
0.252837
0.216588
0.132220
0.055794
0.043731
0.062538
0.100119
0.132384
0.162808
0.127581
0.068118
0.058906
0.067005
0.095415
0.117846
0.124861
0.116528
0.075370
0.074116
0.120316
0.144411
0.125994
0.069735
0.013718
0.012593
0.038226
0.084024
0.128645
0.173321
0.145234
0.092257
0.096865
0.123505
0.162483
0.198358
0.215232
0.209411
0.170718
0.156298
0.200838
0.245109
0.242864
0.187100
0.110963
0.090331
0.115345
0.161077
0.200057
0.230672
0.184978
0.119126
0.111868
0.123845
0.145898
0.163916
0.163432
0.130238
0.077135
0.051620
0.078891
0.102478
0.092273
0.032869
-0.029641
-0.041249
-0.003675
0.049117
0.101654
0.149496
0.126258
0.083558
0.101834
0.142709
0.183620
0.209464
0.226411
0.213076
0.164947
0.130001
0.145112
0.166569
0.150809
0.112853
0.039102
0.018884
0.034859
0.074572
0.128212
0.189775
0.172479
0.125776
0.132462
0.151494
0.172512
0.195963
0.201479
0.180828
0.138817
0.112754
0.116621
0.119657
0.079110
-0.006139
-0.084284
-0.106022
-0.085769
-0.032198
0.020258
0.070007
0.056183
0.000951
0.007516
0.039136
0.078501
0.106374
0.117936
0.114227
0.076785
0.049652
0.070917
0.100175
0.086594
0.045177
-0.015757
-0.029612
-0.017647
0.036546
0.098966
0.152102
0.143035
0.094438
0.109257
0.137951
0.169353
0.196949
0.215654
0.217103
0.184917
0.175904
0.209598
0.233693
0.218027
0.124917
0.016975
-0.019500
-0.006499
0.029947
0.092825
0.161216
0.152655
0.110762
0.120396
0.143331
0.174021
0.200772
0.201102
0.190321
0.144869
0.122286
0.143250
0.161739
0.131208
0.049983
-0.035516
-0.057146
-0.038497
0.015188
0.067644
0.119137
0.111921
0.059025
0.060706
0.090327
0.130252
0.162159
0.175443
0.167220
0.126134
0.086422
0.098376
0.135040
0.126676
0.086207
0.020031
0.001954
0.002604
0.054290
0.122288
0.181600
0.171730
0.121734
0.127127
0.158967
0.193463
0.222377
0.229865
0.219557
0.177930
0.141267
0.158077
0.184626
0.168736
0.113367
0.029753
-0.001819
0.012385
0.052619
0.113699
0.172757
0.166477
0.119051
0.123264
0.149517
0.178136
0.205424
0.207933
0.189835
0.139242
0.101599
0.114430
0.138495
0.118236
0.049353
-0.037270
-0.063755
-0.045498
0.011983
0.074316
0.133438
0.141639
0.106059
0.119971
0.159055
0.200342
0.227701
0.239639
0.218468
0.162105
0.106788
0.107324
0.134588
0.123864
0.038202
-0.112179
-0.190969
-0.197267
-0.159953
-0.078433
0.013754
0.048449
0.035131
0.064279
0.109396
0.153620
0.191721
0.193538
0.173488
0.121438
0.084091
0.092486
0.114389
0.098553
0.042525
-0.038326
-0.062576
-0.042335
0.010527
0.072037
0.133091
0.129905
0.091555
0.107262
0.146169
0.189516
0.220256
0.233721
0.224524
0.180013
0.133162
0.140819
0.166068
0.152814
0.066867
-0.069486
-0.127293
-0.111733
-0.072052
0.001590
0.091113
0.110620
0.095340
0.123276
0.164834
0.202423
0.232361
0.231850
0.208762
0.152574
0.099915
0.094715
0.106992
0.081776
0.017382
-0.060210
-0.083132
-0.067072
-0.008647
0.058499
0.118284
0.129544
0.101188
0.114703
0.159855
0.209063
0.239312
0.259567
0.245086
0.191968
0.131014
0.119733
0.143543
0.137944
0.026824
-0.156149
-0.275702
-0.307973
-0.276614
-0.182675
-0.077622
0.009583
0.038114
0.062048
0.117334
0.170352
0.212688
0.222092
0.207470
0.153345
0.097113
0.099394
0.125015
0.120661
0.098993
0.015579
-0.042067
-0.031344
0.027766
0.097397
0.166044
0.185629
0.166489
0.183399
0.224910
0.262298
0.295637
0.308114
0.297412
0.244300
0.173531
0.155722
0.175339
0.163516
0.126317
0.038962
-0.000608
0.015113
0.079722
0.158809
0.218042
0.225232
0.198463
0.211688
0.256090
0.291703
0.313015
0.310478
0.271920
0.194024
0.102058
0.060987
0.063669
0.041246
-0.005091
-0.107483
-0.157487
-0.158762
-0.115312
-0.033379
0.047966
0.089774
0.091931
0.118863
0.177614
0.233133
0.258519
0.253777
0.213992
0.140296
0.058866
0.027785
0.027533
0.011064
-0.049964
-0.170413
-0.260111
-0.281186
-0.247672
-0.169153
-0.067086
-0.005733
0.007663
0.051555
0.115211
0.164273
0.196474
0.208403
0.196618
0.141287
0.074803
0.063475
0.062342
0.043049
0.010725
-0.048584
-0.082198
-0.078615
-0.056562
0.012342
0.089242
0.106732
0.081926
0.096996
0.143645
0.195993
0.238353
0.255651
0.255479
0.212114
0.148116
0.137532
0.167381
0.166033
0.060841
-0.082343
-0.168379
-0.185476
-0.155481
-0.084907
0.006176
0.051326
0.047600
0.074343
0.123512
0.163785
0.196889
0.216885
0.208080
0.180947
0.132440
0.124513
0.121074
0.096992
0.044676
-0.034116
-0.072223
-0.068395
-0.031993
0.044264
0.111633
0.141619
0.114585
0.093233
0.127972
0.176008
0.213338
0.234196
0.232403
0.191404
0.128139
0.092569
0.100533
0.097352
0.053670
-0.056393
-0.140387
-0.153499
-0.126456
-0.051062
0.016973
0.068582
0.065256
0.055843
0.093137
0.131684
0.162507
0.180196
0.174326
0.131576
0.076340
0.079150
0.107347
0.112972
0.086720
0.018780
-0.036422
-0.030147
-0.006395
0.055932
0.128264
0.147574
0.115770
0.109610
0.140364
0.177107
0.213745
0.231885
0.213003
0.164531
0.108692
0.101454
0.137590
0.140905
0.095136
0.011122
-0.033186
-0.031268
0.011229
0.077192
0.131113
0.149215
0.110307
0.075023
0.096554
0.134958
0.172574
0.197948
0.201352
0.164893
0.108762
0.095954
0.123126
0.122536
0.075831
-0.000291
-0.061831
-0.063120
-0.035720
0.034429
0.104560
0.140653
0.126999
0.104418
0.134633
0.171351
0.203731
0.219821
0.209244
0.160374
0.097541
0.092593
0.128502
0.134006
0.098177
0.003375
-0.076783
-0.095415
-0.065433
0.003321
0.070440
0.120163
0.112640
0.101278
0.133676
0.168189
0.199625
0.211728
0.196699
0.146199
0.092839
0.094460
0.132301
0.135207
0.092534
0.004875
-0.061669
-0.065643
-0.022510
0.039852
0.098128
0.131215
0.112791
0.110262
0.145184
0.181552
0.210983
0.225044
0.217044
0.173135
0.109734
0.101639
0.137747
0.141075
0.104120
0.002269
-0.088094
-0.110861
-0.078171
-0.015246
0.056355
0.111327
0.113633
0.118664
0.163837
0.209561
0.240205
0.249787
0.225415
0.169709
0.084334
0.041924
0.050455
0.053801
0.029567
-0.022167
-0.077254
-0.082909
-0.057537
0.003306
0.063313
0.108278
0.096181
0.081091
0.113406
0.153574
0.183323
0.195948
0.181610
0.128609
0.059519
0.033061
0.044104
0.051895
0.030622
-0.043912
-0.116558
-0.131682
-0.111103
-0.056969
0.018129
0.068182
0.061102
0.064411
0.104623
0.150558
0.186321
0.206058
0.192299
0.164613
0.101037
0.075751
0.113558
0.141629
0.143322
0.074381
0.005414
-0.003046
0.013208
0.061905
0.136722
0.171840
0.153223
0.147467
0.180933
0.217687
0.247426
0.262671
0.246845
0.224362
0.162117
0.130994
0.124966
0.112963
0.076816
0.025164
-0.023336
-0.027098
-0.021425
0.037996
0.103273
0.154455
0.132468
0.095093
0.116880
0.153792
0.195197
0.215955
0.223725
0.216621
0.170475
0.139731
0.151972
0.160973
0.139675
0.021805
-0.094903
-0.129366
-0.113167
-0.056700
0.016896
0.092045
0.093400
0.076080
0.109545
0.145614
0.170958
0.191478
0.188514
0.176535
0.131952
0.120386
0.138910
0.141548
0.114831
0.037159
-0.043981
-0.060432
-0.043083
-0.002268
0.067922
0.116881
0.103144
0.096130
0.126521
0.160953
0.187417
0.206613
0.192039
0.172811
0.116245
0.088510
0.091068
0.083785
0.052297
0.000550
-0.054569
-0.060469
-0.049195
-0.003289
0.058050
0.119400
0.105638
0.066686
0.083336
0.118484
0.162462
0.187797
0.192000
0.187274
0.144355
0.108625
0.125030
0.143801
0.138251
0.096344
0.031606
0.017067
0.021684
0.062566
0.120904
0.186027
0.169564
0.127220
0.143024
0.170203
0.190855
0.203702
0.205186
0.190938
0.150386
0.123902
0.130019
0.132999
0.105158
0.036604
-0.038801
-0.064142
-0.056745
-0.027600
0.039732
0.114318
0.113665
0.080561
0.101324
0.136725
0.173595
0.198786
0.200513
0.190795
0.144254
0.109055
0.117909
0.132861
0.110150
-0.000125
-0.135412
-0.183536
-0.178478
-0.140917
-0.067409
0.010182
0.041384
0.048447
0.093547
0.142339
0.176003
0.199102
0.182082
0.155651
0.093745
0.042977
0.041891
0.048642
0.020829
-0.020988
-0.077811
-0.092030
-0.080632
-0.049945
0.014843
0.076029
0.061413
0.021277
0.036686
0.070073
0.110251
0.127173
0.128831
0.125584
0.083009
0.042441
0.045308
0.063950
0.056933
-0.033889
-0.152963
-0.196860
-0.182829
-0.142316
-0.075106
0.005639
0.014729
-0.007235
0.017668
0.051584
0.088436
0.112826
0.115772
0.079478
0.048839
0.046054
0.068093
0.088111
0.083126
0.008610
-0.082591
-0.108686
-0.100738
-0.071699
-0.003716
0.068667
0.070242
0.041877
0.061799
0.095702
0.136278
0.164207
0.172020
0.142997
0.111798
0.105472
0.124292
0.164422
0.182373
0.136315
0.053612
0.023502
0.044488
0.073722
0.111268
0.165522
0.149203
0.099525
0.093846
0.102362
0.113043
0.116702
0.118328
0.076022
0.030145
-0.002211
-0.022836
-0.029735
-0.040612
-0.095548
-0.159564
-0.174365
-0.157176
-0.124464
-0.063557
-0.005206
-0.001391
-0.049542
-0.045627
-0.007627
0.031537
0.049742
0.061007
0.057341
0.019485
-0.026711
-0.017150
0.017232
0.028083
-0.025403
-0.126201
-0.188012
-0.183950
-0.142589
-0.071037
0.002334
0.015294
-0.003211
0.019632
0.049405
0.080753
0.098997
0.106304
0.092334
0.065128
0.039975
0.025404
0.025556
0.000213
-0.058401
-0.126851
-0.147041
-0.141801
-0.111848
-0.051545
0.002677
-0.004342
-0.063300
-0.068685
-0.042543
-0.009063
0.009185
0.007662
0.004154
-0.037534
-0.073260
-0.032138
0.014719
0.027023
-0.030849
-0.140541
-0.195942
-0.191840
-0.154261
-0.090588
-0.006026
0.028558
0.087992
0.154180
0.219093
0.265374
0.296302
0.295138
0.270779
0.200431
0.119312
0.102363
0.126568
0.117407
0.000038
-0.149778
-0.234930
-0.254670
-0.225433
-0.155368
-0.083299
-0.054335
-0.099290
-0.100639
-0.083529
-0.059979
-0.031864
-0.015207
-0.007899
-0.011370
0.011836
0.040299
0.072278
0.094245
0.065078
0.009352
-0.012405
-0.006911
0.038898
0.104498
0.154614
0.128418
0.070636
0.071555
0.105618
0.147552
0.167662
0.182029
0.170211
0.124358
0.075145
0.079417
0.099167
0.089864
0.049388
-0.029568
-0.072178
-0.056288
-0.024000
0.040392
0.098039
0.123757
0.086658
0.083603
0.106971
0.135332
0.166199
0.187323
0.192380
0.173535
0.135652
0.145127
0.156556
0.138251
0.081805
-0.019479
-0.055838
-0.048794
0.010638
0.093841
0.160117
0.163553
0.129231
0.134434
0.174944
0.216261
0.246989
0.256492
0.240490
0.190193
0.122607
0.101075
0.105651
0.093132
0.050839
-0.015090
-0.047952
-0.045134
-0.010323
0.054108
0.102915
0.116195
0.071699
0.038601
0.054400
0.083630
0.110775
0.123075
0.115847
0.079563
0.033440
0.037364
0.060940
0.053701
0.002536
-0.079836
-0.124907
-0.121953
-0.089282
-0.016902
0.043655
0.070653
0.045493
0.031911
0.060667
0.098536
0.130945
0.146589
0.142651
0.112128
0.072712
0.083630
0.124423
0.131239
0.087351
0.004851
-0.042353
-0.036116
-0.002381
0.057875
0.104471
0.125057
0.086018
0.057732
0.075691
0.110322
0.144933
0.167431
0.173943
0.143738
0.105422
0.120295
0.161723
0.170375
0.146063
0.091997
0.050718
0.060337
0.109135
0.160851
0.204596
0.219922
0.178856
0.156108
0.172294
0.203505
0.231994
0.248291
0.246082
0.211058
0.175097
0.196929
0.239491
0.243289
0.197539
0.114974
0.069913
0.092320
0.136853
0.199022
0.250115
0.235276
0.185550
0.174580
0.194943
0.223330
0.249480
0.255903
0.241011
0.193245
0.135006
0.130030
0.158505
0.152675
0.101092
0.017151
-0.016035
-0.005237
0.043135
0.111620
0.165627
0.172695
0.135765
0.129130
0.161357
0.199709
0.226857
0.240060
0.225352
0.172534
0.101934
0.078728
0.100722
0.105671
0.070323
0.010976
-0.032773
-0.024439
0.003302
0.076560
0.142534
0.167482
0.141212
0.121169
0.150101
0.184523
0.213487
0.222574
0.202444
0.148615
0.080901
0.061703
0.077848
0.078521
0.038954
-0.028012
-0.064828
-0.063454
-0.022554
0.058471
0.124399
0.151739
0.126480
0.107615
0.143252
0.189287
0.226348
0.248408
0.247373
0.205814
0.142289
0.115670
0.130837
0.130473
0.092491
0.033594
-0.021479
-0.018502
0.010497
0.080076
0.139186
0.172403
0.140664
0.106031
0.123460
0.150889
0.179201
0.194108
0.185849
0.145222
0.096502
0.099712
0.133407
0.141195
0.108232
0.048696
0.003487
0.009347
0.037119
0.110861
0.174153
0.181299
0.145332
0.136412
0.166922
0.203509
0.238585
0.255345
0.238393
0.181200
0.114742
0.096954
0.119340
0.117046
0.074243
0.006322
-0.028283
-0.023424
0.014154
0.089803
0.153592
0.176513
0.144837
0.119898
0.152259
0.197667
0.239113
0.264317
0.270467
0.234338
0.176380
0.146679
0.160978
0.161645
0.122164
0.049320
-0.014840
-0.020994
0.006414
0.075496
0.132015
0.168993
0.136962
0.097872
0.111999
0.135122
0.165621
0.185149
0.182575
0.149254
0.106329
0.115993
0.152732
0.163040
0.133955
0.062740
0.006716
0.012060
0.048818
0.118596
0.179638
0.188291
0.152473
0.141308
0.169716
0.201800
0.231067
0.250243
0.235962
0.187256
0.124089
0.101702
0.127537
0.137502
0.100998
0.019465
-0.045164
-0.051895
-0.013125
0.051437
0.102967
0.137524
0.108523
0.073211
0.094843
0.130433
0.168732
0.193265
0.191516
0.155099
0.094947
0.078645
0.103197
0.118784
0.097159
0.045939
-0.002567
-0.002274
0.016175
0.087910
0.158813
0.187382
0.155933
0.125497
0.152060
0.188133
0.222492
0.244065
0.228437
0.182255
0.113268
0.088179
0.103417
0.111632
0.074503
0.009784
-0.042678
-0.053281
-0.040984
0.031299
0.094683
0.135727
0.103897
0.058277
0.074087
0.111287
0.153487
0.183584
0.191403
0.158695
0.103013
0.067522
0.098859
0.122085
0.095530
0.049260
-0.003430
-0.008291
0.000713
0.061528
0.110606
0.145633
0.119093
0.063640
0.069490
0.095952
0.132539
0.161259
0.169187
0.146451
0.102588
0.103337
0.140114
0.152251
0.144840
0.108278
0.061813
0.056835
0.082287
0.134781
0.182648
0.217707
0.180495
0.131404
0.133549
0.157635
0.189575
0.208435
0.211050
0.177647
0.125897
0.111540
0.146788
0.172247
0.158961
0.099445
0.039244
0.035466
0.062256
0.123950
0.174895
0.201420
0.158603
0.109013
0.120729
0.150526
0.187656
0.214201
0.217729
0.180654
0.119235
0.096604
0.131771
0.149859
0.124324
0.053330
-0.020538
-0.030828
-0.003210
0.057472
0.103683
0.143871
0.115341
0.068999
0.080713
0.110646
0.150632
0.184493
0.198015
0.190574
0.149190
0.137354
0.184979
0.214734
0.189133
0.119492
0.034394
0.014415
0.016733
0.074818
0.128905
0.171499
0.139283
0.076071
0.072981
0.093938
0.122120
0.149458
0.156559
0.124684
0.072071
0.048739
0.087139
0.127153
0.113010
0.051951
-0.024227
-0.042532
-0.018383
0.025907
0.068326
0.108442
0.075803
0.010048
0.007408
0.030502
0.062686
0.099160
0.115934
0.102512
0.094172
0.139138
0.229690
0.313231
0.366810
0.359211
0.316628
0.311449
0.316268
0.340545
0.375401
0.391011
0.325385
0.242309
0.213795
0.204833
0.204400
0.204847
0.193880
0.180616
0.168647
0.161806
0.159411
0.163726
0.128674
0.026633
-0.068243
-0.098192
-0.074167
-0.038184
-0.007791
0.016906
-0.003418
-0.073428
-0.090624
-0.077637
-0.052015
-0.030487
-0.029624
-0.028154
-0.057887
-0.079478
-0.039500
0.006167
0.023288
-0.005813
-0.059650
-0.069477
-0.055226
-0.000121
0.057068
0.106492
0.090673
0.053549
0.073767
0.111193
0.151427
0.183323
0.199087
0.197596
0.162446
0.137795
0.182147
0.235966
0.245846
0.213024
0.148123
0.128666
0.130197
0.156110
0.201133
0.239186
0.199682
0.129575
0.113477
0.113081
0.122270
0.133040
0.123205
0.081357
0.025592
-0.002754
0.019362
0.029615
0.016989
-0.020588
-0.070657
-0.076334
-0.058657
-0.011607
0.043499
0.097213
0.099609
0.063502
0.075768
0.113965
0.149883
0.170514
0.189193
0.173325
0.121446
0.081413
0.091136
0.125038
0.133246
0.077638
-0.015849
-0.055621
-0.040771
-0.011554
0.047266
0.112831
0.115345
0.077159
0.079478
0.094257
0.113231
0.136117
0.146455
0.123000
0.083309
0.052974
0.040527
0.039294
0.012608
-0.059245
-0.134945
-0.158668
-0.133293
-0.087658
-0.034489
0.015413
0.020898
-0.023961
-0.029098
0.007641
0.049602
0.078487
0.096275
0.097792
0.068371
0.030468
0.040110
0.079528
0.094244
0.086946
0.031770
0.000063
0.016850
0.045911
0.093023
0.154090
0.150896
0.130848
0.147593
0.170371
0.190757
0.206599
0.213696
0.210224
0.173373
0.139672
0.148065
0.170988
0.161290
0.116829
0.040831
0.013794
0.020723
0.053518
0.112600
0.168052
0.151119
0.092321
0.086863
0.107776
0.137186
0.162366
0.165427
0.159920
0.124508
0.082205
0.085381
0.106956
0.096346
0.046526
-0.030877
-0.055673
-0.052205
-0.016019
0.044935
0.094224
0.105573
0.061904
0.043414
0.065289
0.101746
0.135277
0.156927
0.163293
0.138502
0.105551
0.125732
0.167146
0.162337
0.105824
0.020556
-0.020846
-0.015699
0.012345
0.063501
0.102560
0.111738
0.067874
0.059844
0.071007
0.089131
0.113771
0.128765
0.129994
0.100325
0.074962
0.096237
0.118189
0.107332
0.053797
-0.019646
-0.051247
-0.043983
-0.010443
0.031543
0.073702
0.088428
0.032404
0.009444
0.020759
0.052589
0.092290
0.116930
0.143229
0.138609
0.132820
0.174744
0.220935
0.227878
0.178057
0.097438
0.058722
0.068161
0.098476
0.131450
0.166241
0.168876
0.099741
0.064173
0.069310
0.095751
0.129133
0.151420
0.180211
0.181007
0.174455
0.216750
0.257587
0.260572
0.190831
0.070700
0.013334
0.024861
0.071012
0.100724
0.130582
0.132551
0.057029
0.012436
0.015981
0.045451
0.078115
0.097710
0.135725
0.156461
0.160806
0.224111
0.284294
0.308012
0.263492
0.160295
0.119741
0.136348
0.180494
0.196200
0.208645
0.197678
0.106046
0.050783
0.040809
0.052156
0.073529
0.079045
0.112615
0.125839
0.121483
0.180379
0.253563
0.291540
0.269615
0.198718
0.180568
0.204739
0.241800
0.270202
0.303340
0.281534
0.204852
0.151332
0.144693
0.143172
0.146466
0.135769
0.099389
0.051797
0.043048
0.098311
0.128552
0.133577
0.079804
-0.026429
-0.074126
-0.053706
-0.010542
0.017189
0.033419
0.024306
-0.041509
-0.079669
-0.082025
-0.076067
-0.068460
-0.085787
-0.086435
-0.118931
-0.125674
-0.065186
0.004152
0.057219
0.071807
0.038358
0.018809
0.037804
0.091427
0.160122
0.213760
0.214602
0.197820
0.214881
0.249098
0.270307
0.267575
0.257228
0.205377
0.104865
-0.004720
-0.063107
-0.091937
-0.137044
-0.187959
-0.249108
-0.281769
-0.270833
-0.217485
-0.147388
-0.073566
-0.042510
-0.053427
-0.028825
0.025868
0.081268
0.110797
0.120003
0.113661
0.069086
0.005668
-0.010498
0.024147
0.038857
-0.026261
-0.149766
-0.243883
-0.264618
-0.225579
-0.151528
-0.056725
-0.003070
0.007017
0.058644
0.115363
0.155180
0.180969
0.189823
0.178776
0.135166
0.064056
0.038323
0.028232
0.007611
-0.026941
-0.092437
-0.135366
-0.138727
-0.114527
-0.046349
0.021414
0.058975
0.030015
0.021883
0.057891
0.105846
0.146711
0.167276
0.169163
0.151116
0.096526
0.085495
0.119695
0.132775
0.068548
-0.047540
-0.129112
-0.145683
-0.127311
-0.061910
0.017760
0.063091
0.049047
0.053358
0.093029
0.132061
0.164508
0.177053
0.172492
0.155502
0.121794
0.116840
0.150369
0.163803
0.141070
0.081550
0.035118
0.037615
0.043122
0.096876
0.155867
0.182086
0.140136
0.113420
0.132603
0.161837
0.188866
0.192082
0.193297
0.180065
0.137339
0.116879
0.142135
0.151161
0.081856
-0.046484
-0.135299
-0.158274
-0.145824
-0.088507
-0.008436
0.060524
0.059554
0.069922
0.109466
0.150223
0.181115
0.192943
0.196455
0.188933
0.148655
0.137508
0.146238
0.140664
0.050303
-0.094825
-0.210577
-0.251612
-0.230274
-0.179138
-0.109247
-0.041299
-0.043592
-0.051473
-0.025474
0.003828
0.031496
0.051729
0.060193
0.030962
0.012287
0.016603
0.057895
0.096679
0.092012
0.038656
-0.002583
0.003769
0.024905
0.095022
0.158995
0.169524
0.137481
0.131242
0.162027
0.200017
0.226083
0.243254
0.233447
0.184066
0.113353
0.090778
0.108815
0.112473
0.090857
0.029165
-0.032740
-0.032680
-0.013024
0.034140
0.084717
0.130061
0.103726
0.055818
0.061854
0.081932
0.107503
0.129505
0.144256
0.116514
0.079858
0.070616
0.084812
0.088883
0.062317
-0.003762
-0.059574
-0.070550
-0.067087
0.003514
0.065919
0.115515
0.092081
0.051194
0.072553
0.115507
0.161017
0.192055
0.211397
0.199876
0.156188
0.134934
0.160664
0.183938
0.171547
0.118064
0.047227
0.033203
0.042336
0.091174
0.141667
0.187401
0.155753
0.114169
0.125505
0.140804
0.154018
0.167903
0.169974
0.159158
0.135697
0.130813
0.140772
0.138426
0.098124
0.014185
-0.055814
-0.069641
-0.051059
-0.004426
0.039527
0.082607
0.046473
-0.013458
-0.013012
0.009909
0.041558
0.066162
0.071314
0.069399
0.036673
0.038342
0.093529
0.132672
0.125773
0.076880
0.015447
0.010641
0.020455
0.087233
0.148472
0.190607
0.166885
0.133328
0.155707
0.188987
0.222279
0.243177
0.252039
0.234458
0.181044
0.165004
0.187289
0.194849
0.163271
0.096936
0.025315
0.021382
0.042578
0.113662
0.172798
0.209937
0.178385
0.133402
0.147372
0.175859
0.207192
0.228393
0.226782
0.183247
0.115314
0.076530
0.084433
0.076581
0.021945
-0.061371
-0.125483
-0.142108
-0.119950
-0.052881
0.003844
0.044829
0.035966
-0.004654
0.011173
0.050730
0.093945
0.128958
0.145675
0.116449
0.068382
0.046088
0.089890
0.123851
0.109041
0.064826
0.011114
-0.005147
0.008084
0.040544
0.094269
0.134400
0.107769
0.059968
0.071214
0.090168
0.111490
0.131589
0.126739
0.104824
0.068271
0.050007
0.091505
0.127957
0.118934
0.052820
-0.022162
-0.039338
-0.020347
0.010150
0.037494
0.064179
0.039100
-0.028892
-0.043623
-0.026123
0.007335
0.033969
0.061407
0.083911
0.078038
0.092069
0.160148
0.224280
0.250014
0.225278
0.180137
0.184097
0.215500
0.251149
0.281719
0.296926
0.239898
0.163898
0.144805
0.144570
0.150364
0.156932
0.139391
0.148036
0.142811
0.138825
0.182876
0.224737
0.209723
0.121265
0.024139
0.002927
0.034836
0.063680
0.079606
0.096430
0.059885
-0.019235
-0.046755
-0.049901
-0.041908
-0.033078
-0.052067
-0.034260
-0.046563
-0.019094
0.026694
0.077861
0.104513
0.088556
0.034512
0.027412
0.047764
0.100822
0.151209
0.190335
0.166127
0.127226
0.138462
0.158705
0.166834
0.158914
0.148110
0.113474
0.040278
-0.006087
-0.020221
-0.019019
-0.039981
-0.108202
-0.186723
-0.203075
-0.178905
-0.129366
-0.073720
-0.016970
-0.024175
-0.061761
-0.045079
-0.010476
0.020208
0.033194
0.034430
0.027701
-0.020507
-0.055768
-0.048592
-0.032594
-0.036242
-0.053771
-0.107760
-0.117079
-0.101975
-0.064429
0.000323
0.060102
0.054812
0.029847
0.053754
0.085086
0.115467
0.128875
0.125270
0.113524
0.064792
0.031170
0.059758
0.092659
0.086235
-0.018879
-0.135409
-0.177674
-0.168704
-0.138417
-0.065605
0.018982
0.034483
0.014169
0.039328
0.071756
0.106988
0.128064
0.128622
0.121871
0.078301
0.054543
0.064747
0.083005
0.067217
0.025116
-0.050834
-0.080408
-0.068741
-0.044970
0.006268
0.067095
0.054509
0.001392
-0.003049
0.013446
0.037718
0.059476
0.067205
0.063288
0.030557
0.010755
0.013102
0.036219
0.031715
-0.015696
-0.077893
-0.098180
-0.098448
-0.067243
-0.003387
0.051866
0.046624
-0.009538
-0.010207
0.021310
0.061043
0.087980
0.099649
0.108207
0.086591
0.048328
0.057468
0.092375
0.096229
0.065977
0.001716
-0.029244
-0.014499
0.002343
0.039673
0.098551
0.122192
0.081001
0.077530
0.095606
0.114902
0.122345
0.129329
0.118686
0.094916
0.072757
0.072088
0.084958
0.073752
0.024823
-0.044684
-0.069414
-0.065588
-0.008299
0.063812
0.122789
0.108845
0.059439
0.066958
0.106745
0.150273
0.171623
0.180398
0.169030
0.125061
0.070015
0.058844
0.069297
0.053731
0.009979
-0.060634
-0.100503
-0.086354
-0.058462
-0.009634
0.054119
0.087759
0.076496
0.088936
0.116735
0.142671
0.163960
0.187424
0.193999
0.164119
0.133911
0.156081
0.200649
0.211490
0.153066
0.021248
-0.033942
-0.026308
-0.005148
0.047713
0.120187
0.118518
0.073862
0.071202
0.084758
0.107322
0.131774
0.138744
0.134214
0.095423
0.054959
0.072404
0.095336
0.086528
0.036525
-0.028006
-0.046577
-0.028575
0.018665
0.076505
0.130731
0.136338
0.096134
0.095299
0.131442
0.173086
0.189859
0.207952
0.194009
0.143994
0.091377
0.093433
0.119264
0.115116
0.027619
-0.106657
-0.201297
-0.213680
-0.174622
-0.105026
-0.018893
0.016904
0.008470
0.026911
0.061877
0.090611
0.115503
0.126637
0.112553
0.075171
0.039689
0.022337
0.026722
0.006429
-0.058961
-0.142926
-0.176553
-0.160858
-0.115805
-0.053943
-0.000539
0.014031
-0.023713
-0.037111
-0.001229
0.039425
0.059356
0.067384
0.056443
0.011128
-0.046755
-0.058204
-0.031287
-0.020955
-0.020235
-0.066576
-0.104575
-0.088580
-0.058760
-0.000435
0.077142
0.095144
0.107613
0.129910
0.173831
0.208801
0.235963
0.250359
0.241531
0.190548
0.127470
0.123966
0.149143
0.145309
0.084280
-0.043237
-0.119447
-0.126735
-0.105264
-0.041755
0.035023
0.053150
0.022546
0.020082
0.042686
0.071363
0.104219
0.116028
0.115551
0.076253
0.028088
0.049783
0.096239
0.117393
0.106054
0.065603
0.044897
0.045202
0.062531
0.126139
0.186230
0.182683
0.135564
0.130284
0.161495
0.200513
0.226983
0.241572
0.234608
0.193522
0.131920
0.117458
0.142183
0.139964
0.031314
-0.113459
-0.205917
-0.223647
-0.192977
-0.126110
-0.047595
0.018610
0.018324
0.036735
0.077444
0.118558
0.152769
0.167742
0.173625
0.168047
0.135144
0.143840
0.168764
0.169088
0.129149
0.050305
-0.007860
-0.006038
0.001403
0.043835
0.096268
0.127865
0.088853
0.063177
0.072593
0.091493
0.112420
0.117264
0.112885
0.093183
0.058674
0.064557
0.089377
0.095222
0.075741
0.027697
-0.005834
0.005678
0.040858
0.098232
0.149471
0.174438
0.144005
0.115296
0.132130
0.161963
0.190639
0.205389
0.204821
0.172241
0.119311
0.116491
0.138289
0.138824
0.099235
0.016473
-0.039659
-0.041913
-0.024140
0.041380
0.099935
0.133726
0.102386
0.070673
0.089384
0.121701
0.153811
0.172787
0.164993
0.118706
0.065662
0.069918
0.109477
0.119287
0.101418
0.060357
0.019825
0.023801
0.064402
0.125625
0.178100
0.201440
0.175468
0.156605
0.179494
0.211989
0.240942
0.251064
0.238889
0.189751
0.131016
0.123125
0.144649
0.145691
0.123957
0.030429
-0.042870
-0.043790
-0.002578
0.062033
0.130177
0.152474
0.130922
0.132824
0.166813
0.203998
0.233737
0.247522
0.231626
0.181411
0.111202
0.089020
0.114571
0.120334
0.093394
0.035961
0.003718
0.015356
0.062576
0.134801
0.189910
0.192536
0.157221
0.151248
0.187400
0.231775
0.258949
0.269303
0.254344
0.201111
0.128417
0.102802
0.110101
0.103412
0.074681
0.002821
-0.054060
-0.053663
-0.037413
0.021461
0.094935
0.144102
0.126199
0.120047
0.155342
0.192531
0.223609
0.237003
0.228664
0.197562
0.134031
0.113690
0.125303
0.119625
0.083765
-0.009235
-0.079479
-0.082975
-0.054866
0.018296
0.096158
0.132866
0.111630
0.110215
0.154195
0.199489
0.234839
0.247812
0.233148
0.185061
0.113296
0.087120
0.097358
0.093783
0.060308
0.002339
-0.044187
-0.039213
-0.023226
0.040010
0.107949
0.155191
0.130963
0.094015
0.115255
0.149967
0.184629
0.207033
0.202108
0.166704
0.102907
0.078245
0.098937
0.109650
0.073733
-0.009364
-0.084418
-0.097868
-0.085160
-0.014475
0.053263
0.106754
0.106397
0.081105
0.111517
0.153780
0.195758
0.223537
0.221448
0.182554
0.121162
0.107698
0.143457
0.161586
0.137363
0.010239
-0.131968
-0.181329
-0.158168
-0.087623
-0.008334
0.064387
0.077096
0.072575
0.115599
0.162775
0.207021
0.239646
0.228421
0.186304
0.127281
0.118375
0.166199
0.191587
0.179386
0.138516
0.092705
0.091397
0.115383
0.174219
0.222846
0.251331
0.221362
0.188677
0.207298
0.228966
0.248452
0.257165
0.243928
0.201964
0.131485
0.103004
