0.000000
32.127308
32.161831
32.132576
30.614529
29.761236
27.769516
25.790024
24.048298
24.207195
22.169441
20.394495
19.588900
17.512238
15.598042
12.078847
0.639034
0.114359
-0.075804
-0.795710
-1.458159
-1.303091
-0.946970
-0.681826
-0.206657
0.328425
0.412206
1.360705
2.422586
1.857239
0.692119
1.569975
0.000000
28.030491
26.737843
26.643299
28.788055
28.192062
5.278009
-6.538392
-4.234068
-1.672400
-0.238901
0.080380
0.078067
0.497661
0.529490
-0.301274
0.119511
0.701109
-0.136630
-1.147284
-1.023530
0.000000
26.821527
27.318142
26.018194
30.104052
4.266462
-1.054243
-1.070629
-2.110643
-4.032072
-1.776336
-0.348663
1.179793
1.530916
1.177900
0.319029
0.123075
-0.492353
-1.822645
-1.766760
0.000000
28.515110
28.993914
32.083801
32.142155
27.147692
2.155278
-1.415781
-1.720422
-1.286346
0.329796
0.608227
1.084778
0.019114
0.486514
-0.243488
-0.184379
-0.108512
-0.546771
-0.878483
0.000000
29.682991
29.787970
32.286709
32.281048
20.695887
-1.322115
-2.124977
-0.920574
0.028506
0.670686
0.586039
0.843136
0.690473
-0.423218
-0.287176
-0.036953
-0.244875
-0.659449
5.769604
0.000000
29.678518
29.903492
31.728577
31.989080
21.924778
-5.018860
0.921092
-0.106888
-0.139393
0.944461
0.738384
0.152159
0.723410
0.059823
-0.011083
0.095538
0.355772
0.011654
-0.830224
0.000000
29.229256
29.478043
29.875931
30.509838
23.301628
-9.714468
0.192572
-1.166556
-1.113585
-0.502367
1.072005
1.073694
0.752375
0.335604
0.112376
-1.050733
1.098013
1.054720
-0.231165
-0.811975
0.000000
30.282276
30.444534
31.777655
32.018204
17.427429
-4.702876
-1.010698
-0.672164
-0.274651
0.857330
0.771888
0.577635
0.598234
-0.090885
-0.760071
0.237527
0.403154
0.003123
-0.624145
0.000000
29.376173
29.613522
30.777096
31.178568
19.783361
-6.864468
1.005294
-0.754759
-0.490822
0.573440
0.679702
0.612941
0.872195
0.153804
-0.479245
-0.175012
-0.740968
-0.447708
-0.562135
0.000000
29.747581
30.004433
30.610113
31.120171
31.600533
25.211489
-3.797100
-1.016906
-1.107330
-0.994958
0.853827
1.479172
0.796803
0.220546
-0.001274
0.251431
-0.356135
0.784051
0.197773
-0.691010
0.000000
30.488785
30.638653
32.029888
32.185783
16.662491
-4.540831
-1.716125
-3.168467
-1.226890
-0.164401
0.519733
1.049878
0.570524
0.048407
-0.034852
-0.936578
-0.357189
-0.424850
3.900214
0.000000
29.709024
29.915791
31.883423
32.089569
22.212486
-8.983733
0.461680
-0.682428
-0.486984
1.030242
1.079183
0.663594
0.682036
0.373900
-1.053941
0.211669
0.200612
0.010863
-0.535138
0.000000
30.107500
30.443495
31.546251
31.773157
15.202381
-12.625998
-1.474586
-0.688443
-0.067556
-0.570363
0.330333
0.539184
0.506915
0.614408
0.367194
-1.391957
0.184635
0.534047
0.141741
-0.905570
0.000000
29.058321
29.378748
30.459595
30.931360
31.387545
21.596432
-4.209165
0.042382
-0.483980
-0.169543
0.856908
0.690292
0.524478
0.767421
-0.245955
-0.181253
0.533754
0.701780
-0.012561
-0.845660
0.000000
30.270929
30.604147
31.427670
31.716520
12.651234
-4.064871
-1.044164
-1.299598
-0.993021
-0.861468
0.208034
0.528871
0.530731
0.567945
0.383486
-1.449620
0.357182
0.534590
0.251396
-0.963445
0.000000
29.771852
30.098984
31.461020
31.601479
15.658386
-12.391881
1.325051
0.005856
-0.129196
0.052506
0.882036
0.730286
0.487247
0.536563
0.411209
-1.008823
0.697055
1.098242
-0.010332
-0.866407
0.000000
30.171543
30.476383
30.575634
30.839535
17.199707
-4.255572
0.820157
-0.270160
-0.420804
-0.295784
0.451815
0.628134
0.426219
0.485664
-0.222854
-0.866841
0.007789
-0.437300
0.031664
5.841792
0.000000
30.028759
30.342653
30.441162
30.792143
31.349499
19.001604
-1.646488
-0.819409
-1.232593
-0.822262
1.123260
1.078495
0.858192
0.565223
0.266119
-0.944180
0.543773
1.085526
0.458233
-0.669977
0.000000
30.224571
30.572496
31.418381
31.758402
14.456717
-3.172702
-1.298948
-2.723074
-1.268404
0.222541
0.903355
0.890386
0.591997
0.116473
-0.811707
-0.129013
0.241773
0.038059
-0.491828
0.000000
30.064833
30.361824
31.601212
31.798904
16.775974
-11.620524
0.653492
-1.042228
-0.728230
0.720618
0.861474
0.578164
0.809666
0.598131
-1.129370
0.320174
0.457428
0.381530
-0.336247
0.000000
30.499208
30.798090
30.804277
31.005726
19.096207
-8.313366
0.010469
-0.366529
-0.681766
-1.220143
0.087566
0.586056
0.606586
0.483925
0.176962
0.139178
-1.301510
0.743271
0.990146
0.320487
-0.747257
0.000000
30.116335
30.454422
31.195173
31.498632
15.710249
-5.248602
-0.333114
-1.138773
-1.021369
0.526325
0.957815
0.530964
0.794374
0.196753
-1.263610
-0.002450
-0.130644
0.038960
0.278591
0.000000
30.126568
30.420025
31.187483
31.403803
17.044529
-16.599836
-0.748602
-0.945093
-0.089936
0.524656
0.933964
0.508582
0.776928
0.542000
-1.195525
0.083038
0.984065
0.635611
-0.296244
0.000000
30.262423
30.645678
31.536118
31.752987
14.516605
-20.004932
-2.224413
-0.787446
-0.616264
-1.851469
-0.979877
-0.006876
0.555436
0.512729
0.378981
0.187683
-1.512117
-0.138350
0.410074
0.188485
-0.491757
0.000000
29.788786
30.162596
31.751293
31.837002
17.377716
-20.046644
0.073107
-0.712142
-0.075560
0.740339
1.023383
0.486253
0.730200
0.527869
-0.794894
0.000545
0.914755
0.644371
-0.266775
0.000000
30.491341
30.850903
31.488647
31.644028
16.082697
-18.043606
-1.828266
-1.053629
-1.414436
-0.805069
0.298185
0.403560
0.682596
0.758320
-0.020742
-0.992617
-0.176483
0.125805
0.026331
-0.316416
0.000000
29.589705
30.034340
31.298391
31.543114
31.797827
17.087654
-1.199257
-0.905485
-1.639501
-0.280695
1.158728
1.083373
0.635669
0.319217
-0.174289
-0.760351
0.662778
1.364744
0.312348
-0.714317
0.000000
30.572311
30.732800
32.214470
31.432339
8.444736
-2.913839
-1.315779
-5.035982
-2.228369
-0.903397
0.411605
0.582173
0.435196
0.214968
0.066790
-0.891359
-0.403752
0.815126
0.105749
0.000000
29.792824
30.071732
31.908737
31.918554
18.536573
-13.637075
-1.438237
-1.697303
-0.341810
0.503198
0.834168
0.566692
1.045981
0.198658
-1.018060
0.093094
-0.290540
-0.057332
6.197618
0.000000
30.254356
30.610893
31.463621
31.674654
17.314211
-17.479307
-1.013436
-1.186014
-0.580145
0.469156
1.062870
0.731959
0.887568
0.457394
-1.418583
0.158708
0.810995
0.517523
-0.064398
0.000000
30.363487
30.776043
31.488123
31.733883
16.777813
-18.911007
-2.414308
-0.875203
-0.837200
-1.907656
-0.796392
-0.004067
0.581518
0.405887
0.486207
-0.052393
-1.756462
-0.098235
0.506683
0.399331
-0.530623
0.000000
29.407551
29.877274
31.335888
31.589188
17.408569
-11.972773
0.790709
-1.343338
-1.003314
0.730145
1.001391
0.502725
0.898048
0.314864
-0.938068
-0.104061
0.234167
0.336890
0.453007
0.000000
30.280632
30.664064
31.199135
31.493820
18.017830
-17.320301
-1.925907
-1.716397
-1.203829
-0.248110
0.783335
0.590807
0.896925
0.770671
-0.971949
-0.294014
0.375699
0.383362
0.346286
-0.715475
0.000000
30.354538
30.736237
31.737364
31.395523
11.940514
-3.809158
-0.906096
-1.906870
-0.802420
1.163643
0.798980
0.279850
0.694315
0.317470
-1.555870
-0.150300
0.851084
0.692620
-0.794551
0.000000
29.551216
30.050627
30.880388
31.121365
14.868368
-12.095815
0.900977
-0.013343
-1.411481
-0.694102
0.392275
0.559842
0.295218
0.490397
0.675424
-0.775476
-0.334608
0.920984
0.897281
-0.456291
0.000000
30.269550
30.616535
30.309505
30.404482
18.147430
-10.077753
0.342622
0.001696
-1.233005
-1.260276
0.110750
0.270567
0.545819
0.981503
0.325078
-1.548068
0.011392
0.383919
0.763359
-0.437233
0.000000
30.426357
30.771755
31.139540
31.396500
16.867451
-7.028022
0.196954
-0.539340
-1.845847
-0.037312
0.505631
0.369973
0.406241
0.680468
0.187526
-1.477383
0.093138
0.894230
0.421435
-0.912473
0.000000
30.245720
30.675688
31.275101
31.394531
12.790415
-8.727278
-1.410222
-0.553172
-1.037958
-0.656254
0.031692
0.592661
0.571439
0.210904
0.161293
0.009540
-1.427751
0.323668
0.717875
0.828847
-0.353052
0.000000
30.414064
30.769196
31.557333
31.671001
11.915462
-5.919475
-0.359937
-1.646303
-1.029635
0.254313
0.334765
0.399366
1.084767
0.042849
-1.533774
-0.025621
0.283686
0.733252
-0.233523
0.000000
30.482279
30.853531
31.729301
31.924480
12.988676
-7.247221
-1.720389
-1.945288
-1.469638
-0.090997
0.502572
0.623497
0.862575
0.476244
-0.886559
-0.600679
0.490166
0.561325
0.222485
-0.649504
0.000000
30.227615
30.626976
31.934898
31.645914
10.379173
-6.257943
-0.951830
-1.965343
-0.406244
0.543928
0.857028
0.379194
0.927159
0.000673
-1.121855
0.000153
0.277886
0.127436
-0.306685
0.000000
30.143295
30.643822
31.817207
31.928101
13.673525
-20.269346
-0.579132
-0.193688
-1.596936
-0.055830
0.733550
0.724388
0.420043
0.734851
-0.105646
-1.226826
0.264142
0.429312
0.055751
-0.709319
0.000000
30.498249
30.870310
31.844202
32.001740
14.725769
-7.681227
-0.256583
-1.322078
-0.488003
0.681390
0.855508
0.454828
0.792744
0.120349
-1.032797
0.024867
0.474428
0.165681
-0.330115
6.083776
0.000000
30.592375
30.906305
31.926847
30.781244
13.743059
-1.497648
-1.548859
-1.950884
0.267843
0.943770
0.997910
0.604849
0.126312
-0.297197
0.148451
-0.620938
0.356102
0.295695
-0.214146
0.000000
30.370218
30.585125
32.184734
31.494951
17.033394
-7.317234
-3.055754
-2.144493
-0.569551
0.257161
0.691251
0.746516
0.570941
-0.705457
-0.294810
0.267386
0.055495
-0.166978
-0.818399
0.000000
30.234928
30.575424
32.030212
30.677290
9.172184
-9.334410
-0.994435
-1.007888
-0.503800
0.309446
0.860009
0.657640
0.148780
0.224526
0.065737
-0.963808
1.255977
1.376210
-0.595594
-1.264856
0.000000
30.734667
31.034685
32.056686
31.977505
10.483570
-6.849574
-2.159719
-2.389108
-0.703001
0.384236
0.667060
0.424491
0.229966
-0.641441
-0.196512
0.233279
0.268975
-0.440833
7.035965
0.000000
30.569586
30.929232
31.859184
32.003426
16.421572
-13.216242
0.100859
-1.630433
-1.114848
0.935050
1.544168
0.821289
0.649437
0.160789
-0.396245
-0.923547
0.395730
1.021152
0.034116
0.000000
30.118650
30.449165
32.019630
32.223736
20.877010
-10.620256
-1.094721
-4.373222
-1.348320
0.319839
0.604011
0.436576
0.618342
-0.422615
-0.601278
0.209356
0.682025
0.025080
-0.611535
0.000000
29.837143
30.420502
32.000813
32.118786
11.782883
-21.922567
-1.025878
-0.058141
-1.438496
0.173935
1.088750
1.042472
0.144094
0.423260
0.430930
-1.254517
0.192972
0.905104
-0.080132
-1.279609
0.000000
30.465620
30.782990
32.007240
32.126949
14.341610
-9.895780
-2.219965
-2.072736
-0.316776
0.471766
0.569609
0.180858
0.475395
-0.729996
-0.651785
0.242366
0.400735
-0.048215
6.756983
0.000000
30.191990
30.621733
31.595287
31.929106
15.584118
-8.190693
0.269761
-1.670964
-0.914078
0.960993
1.214872
0.474631
0.394886
0.063725
-0.105338
-0.471104
0.827327
0.422609
-0.882961
0.000000
30.352058
30.730425
31.858458
32.141945
23.327904
-8.482630
-2.939107
-4.081209
-1.030197
0.617492
0.629969
0.428570
0.621076
-0.137194
-0.667061
-0.026481
0.229390
0.037798
-0.628460
0.000000
29.500828
30.084156
31.905542
32.224136
15.144701
-12.708364
-0.812309
-1.519233
-0.644642
1.102023
1.395679
0.231594
0.570725
0.283732
-1.171276
-0.247114
0.422915
0.339996
-0.870185
0.000000
29.735073
30.252188
31.972113
32.214500
19.294033
-23.745304
-3.430802
-2.928019
-0.255754
1.202629
1.014602
0.419006
0.491445
-0.479109
-0.678088
0.275415
0.248883
-0.189728
8.086983
0.000000
29.783195
30.334669
32.011002
32.249596
15.221460
-21.261820
-1.144859
-2.326960
-0.846853
1.192535
1.609713
0.482516
0.457215
0.067936
-1.510944
-0.588287
0.327454
0.841590
0.297560
0.000000
29.955252
30.195747
32.243675
31.772161
22.482315
-17.362127
-3.229176
-5.152123
-1.231905
0.435046
1.080494
0.589508
0.588863
-0.287652
-0.724506
-0.014847
0.144387
-0.043722
7.687410
0.000000
29.593636
30.038530
32.122265
31.293074
11.534498
-26.699234
0.131475
-1.663725
0.054883
1.351995
1.590304
0.516500
0.440809
0.372047
-0.429449
-1.282238
0.429480
1.374974
0.183916
0.000000
30.228683
30.407007
32.284401
32.240715
24.105217
-6.331347
0.164511
-2.834945
-1.813777
-0.617892
0.374509
0.558583
0.818998
-0.365541
-0.822284
0.009318
0.312488
-0.051560
7.387489
0.000000
29.673388
30.142128
32.023258
31.684666
11.611940
-26.747738
-0.443990
-1.452816
0.270194
1.443953
1.586072
0.544825
0.316082
0.225082
-0.480203
-1.145712
0.539376
1.439757
0.222837
0.000000
30.306108
30.463230
32.275833
32.265900
20.174343
-13.167631
-0.918112
-4.020741
-1.911309
-0.535280
0.452233
0.697692
0.772255
-0.408295
-1.170374
-0.161800
0.315718
0.235054
8.235529
0.000000
29.576870
30.066166
32.108372
31.478416
10.717413
-26.347422
-0.465844
-1.806404
0.305712
1.441658
1.615757
0.580542
0.238631
0.126844
-0.577832
-1.376326
0.356039
1.567274
0.432177
0.000000
30.264084
30.446144
32.288872
32.229794
19.275181
-18.685587
-1.847000
-4.949996
-2.146901
-0.717064
0.472878
0.708176
0.740860
-0.403630
-1.190288
-0.131014
0.501064
0.322141
8.571178
0.000000
29.578138
30.016685
32.074085
31.050240
10.718651
-27.703695
-0.362914
-1.530242
0.288202
1.383456
1.608663
0.530855
0.161865
0.115822
-0.629900
-1.212008
0.722482
1.570644
0.279061
0.000000
30.387104
30.458330
32.291489
32.218018
18.792099
-18.416241
-1.619617
-4.869272
-2.282098
-0.796867
0.402783
0.681130
0.714778
-0.479424
-1.227877
-0.072419
0.703188
0.505454
9.598581
0.000000
29.732176
30.142607
31.949652
30.669317
8.489084
-28.143887
0.142889
-1.794998
0.010190
1.267084
1.581723
0.518680
0.035761
0.161647
-0.575731
-0.837235
1.292306
1.425257
-0.468450
0.000000
30.473564
30.594275
32.248955
32.063599
15.925856
-22.818260
-2.904883
-5.955653
-2.364060
-0.640093
0.565268
0.720127
0.585143
-0.540672
-1.244740
-0.109945
0.828645
0.640090
10.872630
0.000000
29.786476
30.207850
31.994049
30.811445
9.427803
-27.865597
-0.042475
-1.950828
0.066864
1.223920
1.544646
0.613780
0.056863
0.087744
-0.506560
-0.933347
1.048702
1.525456
-0.164173
0.000000
30.344593
30.555260
32.284035
32.181652
18.753065
-17.220528
-1.869076
-5.271908
-2.173007
-0.512356
0.616819
0.658955
0.604074
-0.470851
-1.261049
-0.233392
0.783920
0.672657
11.198242
0.000000
29.742424
30.215763
31.973101
30.731617
8.370693
-27.307449
0.049941
-1.983411
0.018661
1.198985
1.535412
0.633165
-0.005226
0.054900
-0.446410
-0.873408
1.060394
1.451508
-0.248663
0.000000
30.382437
30.584509
32.247482
32.070881
16.145035
-22.912004
-3.151083
-6.195803
-2.397308
-0.556514
0.700492
0.724893
0.546177
-0.620587
-1.415612
-0.304514
0.690209
0.806819
12.478041
11.893528
0.000000
30.129780
30.391104
31.614084
26.947872
3.691204
-3.356288
-1.680173
0.503355
1.439821
1.604110
0.803983
0.073020
-0.029655
-0.489223
-1.092276
0.484873
1.833718
0.867495
-0.973756
0.000000
30.409399
30.473930
31.941719
26.763092
5.435665
-3.195950
-6.700850
-3.410565
-1.207545
0.225255
0.698617
0.817796
-0.469585
-1.131317
-0.084032
1.059547
1.171146
0.744770
16.825415
0.000000
29.977030
30.059826
29.717196
24.833956
2.763279
-5.970312
-4.910157
-1.315356
0.405855
1.293857
0.853746
0.094183
0.330919
-0.301953
-0.235313
1.156788
1.486875
-0.119983
9.148979
0.000000
30.189384
30.249962
31.611431
26.597555
5.585562
-3.658126
-6.733823
-3.312497
-0.840617
0.481444
0.714449
0.565360
-0.475751
-0.858750
0.295149
1.286301
1.237932
0.211731
11.863516
0.000000
30.186632
30.173447
31.054670
25.766729
2.442913
-6.343414
-4.708754
-1.173804
0.554041
1.284897
0.833541
0.095737
0.194150
-0.413315
-0.764195
1.255919
1.698065
0.036863
11.013311
0.000000
30.474731
30.642673
31.909248
27.114431
12.374435
-3.826435
-5.881827
-2.319492
0.048858
0.819496
0.908949
0.484103
-0.547623
-1.141170
0.175062
1.327683
1.255923
0.164226
11.140392
0.000000
30.414059
30.437630
31.485245
26.163668
2.750420
-6.667810
-5.010979
-0.960977
0.722341
1.313441
0.838926
0.348493
0.118661
-0.945208
-0.607810
0.961763
1.182254
0.092021
11.795104
0.000000
30.307436
30.461399
30.830566
25.736300
8.559408
-4.896223
-4.736465
-0.996224
0.699494
1.320842
0.755532
0.363861
-0.364380
-1.243916
-0.448172
1.267689
1.470036
0.505435
10.833416
0.000000
30.239323
30.268169
30.305817
24.836109
2.755125
-5.537427
-5.596747
-1.864914
0.086997
1.037303
0.769969
-0.020285
0.321690
-0.102784
-0.846255
1.095700
1.728181
0.160251
11.343627
0.000000
30.501120
30.539398
30.543121
26.395430
11.388863
-4.386850
-5.080442
-2.247173
-0.289197
0.715335
0.766962
0.481854
-0.510519
-1.195915
-0.196205
1.428512
1.615758
0.591825
12.468721
0.000000
30.297016
30.363997
31.183098
25.786005
2.850857
-6.244308
-5.509867
-1.571053
0.377915
1.138734
0.915437
0.463799
0.087165
-0.963447
-1.016342
0.725188
1.629799
0.562271
9.838082
0.000000
30.184677
30.384266
30.457748
26.330597
5.370316
-6.244946
-5.008855
-1.252681
0.642993
1.240165
0.854121
0.369416
-0.435569
-1.119690
-0.294028
1.187875
1.426503
0.413960
13.718252
0.000000
30.368992
30.387016
30.417330
24.981150
3.402962
-6.360633
-5.348806
-1.459700
0.421541
1.184175
0.875086
0.068341
0.134901
-0.304422
-1.228308
0.654255
1.920204
0.531612
11.574837
0.000000
30.468830
30.591692
30.262854
26.159315
10.917120
-4.783659
-5.002571
-1.658311
0.327294
0.985756
0.838494
0.358737
-0.598504
-1.199329
-0.195606
1.496245
1.641541
0.367694
12.577332
0.000000
30.431633
30.457428
30.760452
25.307690
3.079437
-6.292900
-5.420198
-1.504527
0.369865
1.045401
0.795527
0.294133
-0.080452
-0.964143
-0.725941
0.996838
1.553274
0.376858
13.241295
0.000000
30.244045
30.324322
28.986015
12.075405
-28.274336
-6.192606
-3.698250
-0.560571
0.834064
1.410322
0.687539
0.263346
-0.351007
-1.176063
-0.703388
1.020632
1.590348
0.571499
0.000000
29.973402
30.278360
31.983271
28.722925
10.496677
-28.198940
-6.153769
-4.576805
-0.894052
0.579273
1.229352
0.785082
-0.035383
-0.164166
-0.330623
-1.317664
0.368085
1.873029
0.691054
0.000000
29.908134
30.324614
32.188965
29.929493
17.913696
-13.649109
-2.642018
-4.244046
-1.025917
0.446175
1.063713
0.666098
0.135727
-0.669816
-1.303500
-0.346247
1.410857
1.499920
0.281566
0.000000
30.094738
30.444412
32.071724
28.082024
9.300932
-28.223597
-5.611796
-4.803505
-1.099135
0.308107
1.120230
0.762502
-0.109259
0.338052
-0.302404
-1.375647
0.378009
1.926256
0.395683
0.000000
29.967018
30.290119
32.030952
29.996531
18.011814
-23.910511
-5.358877
-4.267839
-1.192991
0.411148
1.082889
0.725807
0.103597
-0.628491
-1.139390
-0.835373
1.036507
1.778392
13.125710
0.000000
29.851463
30.366060
32.199570
29.225965
12.003223
-28.402704
-5.834697
-3.909929
-0.267522
1.028097
1.346977
0.612964
0.185673
-0.492838
-1.476445
-0.608900
1.059866
1.325247
0.161994
0.000000
29.970554
30.355381
31.960844
26.739992
10.502663
-28.868587
-5.652529
-4.152031
-0.789743
0.555694
1.292249
0.593466
-0.167787
0.421041
-0.324022
-1.419631
0.538621
1.801138
0.077386
0.000000
30.158642
30.409029
32.061428
28.672779
19.799870
-21.066799
-4.858585
-4.590303
-1.335558
0.212513
1.016542
0.742396
0.116391
-0.698463
-1.107041
-0.851877
1.018245
1.940199
0.793343
0.000000
29.941374
30.335337
31.989422
27.842115
9.846437
-28.470997
-6.209579
-4.473148
-0.898165
0.431198
1.162848
0.786109
0.067653
0.040028
-0.420095
-1.432804
0.179593
2.111567
0.723524
0.000000
29.948524
30.282747
32.003815
28.553411
14.708336
-27.019697
-6.462486
-4.140407
-0.947631
0.637274
1.149241
0.866613
0.157480
-0.717805
-1.242028
-0.779275
1.203677
1.931612
0.594650
0.000000
30.025227
30.436722
32.187820
27.404581
12.088028
-27.673721
-6.342586
-4.788593
-0.991009
0.362641
1.115397
0.740921
0.100095
-0.094321
-0.750974
-1.511061
0.554532
2.095840
0.787192
0.000000
29.885122
30.196695
31.577721
27.503199
11.825520
-28.291864
-6.642406
-3.331631
-0.648021
0.824243
1.213140
0.700350
0.072787
-0.757730
-1.404200
-0.665054
1.825778
2.140004
0.401037
0.000000
30.059998
30.340563
31.243126
26.177715
8.953646
-27.235363
-5.375106
-5.725098
-1.924941
-0.322890
0.858692
0.811179
-0.008879
-0.047698
-0.429287
-0.992069
0.703023
2.482407
0.924087
0.000000
30.123528
30.245361
31.185783
26.919121
12.981216
-26.717987
-6.205340
-4.564695
-1.932357
-0.166842
0.807558
0.545660
0.143379
-0.809446
-1.152424
-0.065023
2.519235
2.311575
0.194835
0.000000
29.655027
29.916073
31.108767
25.731792
4.175749
-26.209244
-4.721348
-5.969503
-2.475570
-0.733525
0.648398
0.644569
-0.137414
0.517706
0.099743
0.459054
1.333554
1.605406
-0.171501
0.000000
30.176765
30.070000
30.941193
25.936302
9.078274
-25.287607
-5.708575
-5.478268
-2.683595
-0.866224
0.567220
0.438518
0.075995
-0.571220
-0.546388
-0.681817
1.579601
2.761338
1.171747
0.000000
29.640453
30.138422
31.817173
26.743473
8.570093
-26.899567
-5.458098
-5.793738
-2.573999
-0.698546
0.743856
0.846122
0.063461
0.019926
-0.219664
-0.948581
-0.202169
2.983905
1.986345
0.000000
29.980364
30.134541
31.794292
26.484787
11.792603
-26.376387
-5.664309
-5.454010
-2.933029
-1.117642
0.678015
0.881457
0.189505
-0.717094
-0.601459
-0.601994
0.214603
2.903273
2.267467
0.000000
29.453287
29.879026
31.655249
26.086363
5.617390
-26.439926
-5.277939
-5.666864
-2.919597
-1.065414
0.533690
0.698599
-0.006921
0.191187
-0.137269
-0.766762
0.803784
2.887643
1.288424
0.000000
29.691124
30.050148
31.877392
26.987057
10.638803
-26.751678
-5.642356
-5.786706
-2.844103
-0.996361
0.685579
0.946396
0.268232
-0.479261
-0.863601
-1.003341
-0.010243
2.872932
22.008610
0.000000
29.582582
30.062304
31.266554
26.252514
12.585613
-27.390669
-6.452854
-5.021477
-2.261638
-0.405839
0.962709
0.747935
0.012835
-0.196730
-0.089799
-0.895920
0.006417
2.926519
1.568881
0.000000
30.041714
30.441179
31.940586
26.492718
11.143488
-27.200142
-6.023561
-5.616278
-2.596690
-0.721025
0.853533
0.907860
0.118399
-0.755672
-0.920518
-0.958270
0.564124
2.763075
1.409501
0.000000
29.754854
30.300245
28.444817
23.514433
8.196981
-26.764526
-6.456565
-4.933333
-2.145991
-0.550308
0.784703
0.787856
-0.029220
0.150764
-0.163990
-0.773994
0.546335
2.825243
1.409184
0.000000
29.892700
30.137209
31.261112
25.954407
5.760609
-26.058374
-5.906446
-5.624498
-2.755380
-0.895877
0.600157
0.598072
0.081297
-0.291692
-0.500190
-0.706653
1.679681
2.730801
1.048537
0.000000
29.635538
30.013031
29.801367
25.296646
4.032562
-25.673248
-6.234606
-5.263367
-2.367499
-0.693741
0.630607
0.681388
0.135955
0.333697
-0.387266
-0.837844
0.657363
3.006485
1.409314
0.000000
29.735657
30.012760
31.593737
26.072632
8.481905
-12.806834
-6.699916
-5.030313
-2.212428
-0.672445
0.995838
0.791802
0.213718
-0.729234
-0.841719
-0.807643
1.173857
2.791970
1.104462
0.000000
29.571474
29.996552
28.484184
23.996990
5.327219
-12.251726
-7.066138
-4.728662
-2.031526
-0.476853
0.853204
0.689876
-0.006124
0.389797
-0.441640
-0.889522
1.337219
2.315964
25.237497
0.000000
29.913151
30.172045
28.804842
24.251827
7.137379
-13.049101
-6.977158
-4.680284
-1.963619
-0.561504
0.996513
0.804280
0.206632
-0.100197
-0.916348
-0.730357
1.259853
2.339495
23.214069
0.000000
29.613916
29.845324
27.574982
22.571836
4.738123
-11.923902
-6.786829
-4.824054
-2.092462
-0.653873
0.745185
0.740058
0.147649
0.350806
-0.440927
-0.299286
2.131697
2.019068
1.797925
0.000000
29.169672
29.376015
29.375885
23.966188
4.329840
-11.081670
-6.675849
-4.738762
-2.100686
-0.632370
0.653249
0.665938
0.413919
-0.058323
-1.012183
-0.521899
2.319371
2.076869
17.720682
0.000000
29.266783
29.503117
27.951954
23.722532
4.079542
-11.172552
-6.876250
-4.531778
-1.897619
-0.583966
0.722371
0.683210
0.390321
0.004203
-0.749879
0.004460
2.414176
1.684176
1.781183
0.000000
28.828733
29.016712
29.322386
23.657648
3.665361
-11.250609
-6.904396
-4.436329
-1.860116
-0.506350
0.686299
0.588062
0.487579
-0.158419
-0.945938
-0.135211
2.484180
1.780754
1.168416
0.000000
29.176609
29.351940
27.005196
21.986898
3.761679
-6.220450
-4.648665
-3.571815
-1.302092
-0.334169
0.579827
0.482810
1.030302
0.091146
-1.084667
-0.525916
1.994207
1.766441
2.688248
0.000000
28.978586
29.076618
29.784683
24.373640
5.563549
-7.973105
-4.573180
-3.467683
-1.391331
-0.209248
0.812823
0.610696
0.768871
-0.334665
-1.042940
-0.975036
1.016178
2.451222
29.183029
0.000000
29.327110
29.483889
27.677946
24.014963
6.648369
-7.269612
-4.472747
-3.560686
-1.336862
-0.320156
0.631743
0.546707
1.098011
0.191369
-1.372329
-0.860544
1.626156
2.116809
28.321335
0.000000
29.063766
28.758865
25.164049
12.329348
0.498955
-3.372470
-3.519294
-3.309909
-1.581049
-0.704963
0.090147
0.607873
1.507044
0.961512
-0.940061
-0.730484
1.956842
1.055641
2.186162
0.000000
28.285480
28.871746
26.782024
20.644251
1.010677
-8.382403
-5.380589
-3.558134
-1.312724
-0.342742
0.511362
0.361225
1.112187
0.177225
-0.875998
-0.065965
2.571580
1.591112
2.146848
0.000000
28.575167
28.893250
27.490297
22.101828
2.588825
-7.160273
-4.702202
-3.285246
-1.253674
-0.362119
0.343910
0.288961
0.759490
0.496691
-0.923186
-0.025393
2.496022
1.581279
2.171870
0.000000
28.542055
28.758219
29.092073
23.113758
3.192524
-9.415504
-5.530679
-3.555395
-1.312682
-0.401228
0.550354
0.357285
1.246869
0.073403
-1.089508
-0.812799
2.148477
2.086176
27.848482
0.000000
29.522810
29.431280
27.086515
23.508574
5.369656
-4.226994
-3.546324
-3.027415
-1.188024
-0.441458
0.415709
0.716998
0.902525
-0.192163
-1.183472
-0.615264
2.454249
1.941326
26.696766
0.000000
29.184280
26.896608
21.780138
17.576336
1.083984
-7.475229
-5.222676
-3.245670
-1.622301
-0.826604
-0.145495
1.423661
1.642688
1.690008
-0.410038
0.291783
1.276263
0.353917
1.067418
0.000000
27.556213
26.844482
15.059759
17.797779
-0.583742
-6.151414
-3.286074
-2.573386
-1.271478
-0.388136
0.022146
0.063448
0.647905
0.465140
-0.312343
0.877713
2.014101
1.286053
25.015858
0.000000
28.291353
26.305363
9.692335
6.739087
-1.247819
-3.070092
-3.122817
-3.366595
-2.094021
-1.411880
-0.873507
1.047494
1.753691
1.807737
0.490408
-0.248138
1.498913
0.887831
1.391315
0.000000
25.122658
23.523497
0.953966
10.728064
0.836029
-5.352118
-3.399289
-2.918694
-1.813023
-0.990748
-0.576755
-0.210350
1.334643
1.476089
0.072114
-0.526438
1.857534
1.834646
1.171547
0.000000
27.411331
28.102463
20.333132
15.891474
2.401042
-3.326131
-3.598396
-3.179375
-1.247898
-0.450343
-0.178388
-0.004992
0.909133
0.626697
-0.329392
-0.532321
1.842658
1.975493
3.105756
0.000000
27.765272
28.621201
23.945551
13.652359
1.742514
-2.254976
-3.231169
-3.252571
-2.224422
-1.213767
-0.531431
0.491609
0.871269
0.537611
-0.363341
1.327395
1.844610
0.758335
35.549999
0.000000
27.921673
23.329403
0.172166
0.661813
1.795878
-2.833243
-3.600714
-3.385911
-2.107604
-1.412522
-0.854781
1.578706
2.244551
1.917654
0.257202
0.044576
1.295051
0.836559
26.622932
0.000000
23.078987
25.547035
3.023865
10.562979
0.687950
-2.532790
-2.361732
-2.089033
-1.776246
-1.581463
-1.248112
0.860328
1.704201
1.549422
0.219446
0.498013
1.078569
0.713490
35.549999
0.000000
27.553753
23.451792
1.116441
1.940367
0.295944
-1.427444
-1.680737
-1.803244
-2.023386
-2.114475
-1.571315
0.375726
1.738359
1.666951
0.257740
1.081938
1.087593
0.662445
35.549999
0.000000
27.768642
23.732635
0.260226
-0.206842
-0.864954
-1.366409
-2.142420
-1.736981
-0.818255
-0.538400
-0.218160
0.569649
1.563571
0.299112
-0.860379
-0.174455
1.823548
2.031464
1.002099
0.000000
28.767023
25.976555
0.878525
-0.030627
-1.253225
-0.694220
-2.396750
-2.965019
-2.522573
-1.928943
-1.190902
1.539398
1.916565
1.409747
0.683508
0.607097
1.449293
0.656555
35.549999
0.000000
27.237209
22.468477
0.113969
-0.350075
-0.501286
-0.653445
-1.335468
-1.757174
-2.097987
-2.426225
-1.787784
0.219357
1.540976
1.882598
0.487252
1.035251
1.855217
0.863636
35.549999
0.000000
28.013433
23.244659
-0.006934
-0.368470
-0.722019
-0.852197
-1.594321
-1.953108
-1.265755
-1.334896
-1.332379
-0.101388
1.886964
1.762212
-0.255988
0.153063
1.592694
1.619086
19.462095
0.000000
28.035698
23.750340
0.260693
-0.184435
-0.491871
-0.369785
-1.869774
-2.492138
-2.333275
-1.713884
-1.292666
-0.470086
1.055904
1.523033
0.285784
0.260526
1.983641
2.110655
1.996712
0.000000
26.971811
27.323406
0.129219
-0.227665
0.107630
-1.245346
-2.391500
-2.408116
-2.055027
-1.742142
-1.310430
0.435020
1.820092
1.963825
0.184194
0.987915
1.780048
0.477873
35.549999
0.000000
26.167736
22.078341
-0.084147
-0.421116
0.118856
-0.512578
-1.913031
-2.151445
-1.899938
-1.794480
-1.467352
-0.004644
1.639678
1.982181
0.500062
0.364146
1.736261
1.704944
32.229385
0.000000
27.735041
23.745052
0.177787
-0.304084
-0.706131
-0.554635
-1.885763
-2.322016
-2.267001
-1.898928
-1.521617
-0.281916
1.562549
1.948275
0.351222
0.571057
1.927208
1.619016
1.759578
0.000000
27.053305
26.356298
0.083777
-0.306820
-0.974918
-0.713284
-1.402544
-2.048364
-2.110234
-2.171318
-1.665502
-0.626598
1.873873
2.005759
0.089377
0.400784
1.844383
1.405862
17.693335
0.000000
27.274467
23.671715
-0.028882
-0.389582
0.121818
-1.385488
-2.386843
-2.349984
-1.513533
-1.078881
-0.939555
-0.399336
1.452012
1.632865
0.316692
0.643091
1.766844
1.478955
2.003985
0.000000
26.453190
27.680029
0.197165
-0.222787
0.110194
-1.406655
-2.428793
-2.232571
-2.372602
-1.803049
-1.322968
0.581060
0.953688
1.077440
0.075903
1.616659
1.947778
0.459059
35.549999
0.000000
27.601900
21.460562
-0.079226
-0.418419
0.115080
-0.475696
-1.791597
-2.245973
-2.292409
-2.179906
-1.632535
-0.003082
1.612574
2.047689
0.572183
0.916145
1.992944
1.448391
35.549999
0.000000
27.425930
23.276260
-0.077397
-0.426704
0.121920
-0.532234
-2.490180
-2.662639
-2.078326
-1.749889
-1.316082
-0.289292
1.529238
1.790242
0.140992
0.424770
2.121393
2.088431
1.559024
0.000000
27.642014
27.847954
0.330754
-0.234698
-0.829698
-1.336820
-1.591541
-2.107185
-3.267310
-2.659081
-1.816350
-0.332159
1.183632
1.288237
0.947315
2.378031
1.820409
13.976324
35.549999
0.000000
24.682468
19.511049
-0.220033
-0.558534
-1.245025
-1.063967
-2.084806
-2.462302
-2.006166
-1.534807
-1.352595
-0.456558
1.011482
1.575429
1.097180
2.078634
1.959628
1.231056
0.950195
0.000000
26.834862
26.929413
-0.065997
-0.437996
-0.789766
-1.677327
-2.091128
-2.002301
-2.104877
-2.197694
-1.499865
-0.425727
1.294014
0.885640
0.602859
1.789796
2.110614
4.870833
35.549999
0.000000
25.702980
20.485508
-0.217966
-0.553244
-0.782454
-0.591194
-1.738554
-2.778831
-3.063809
-2.549630
-1.764375
-0.396962
1.268185
1.947229
1.669920
2.312966
1.908608
0.241596
35.549999
0.000000
27.114449
22.491856
-0.217333
-0.586595
-2.342990
-1.358480
-2.240257
-2.307783
-1.366445
-1.257328
-0.887886
0.359027
1.096392
0.668833
0.275059
1.410007
2.046944
1.347124
15.959510
0.000000
27.995110
24.874653
-0.045517
-0.505028
-1.751058
-1.408390
-2.696606
-2.677515
-2.922379
-2.282074
-1.484417
0.736735
1.634956
1.870977
0.771626
1.863508
1.505714
-0.075580
35.549999
0.000000
26.713406
21.119684
-0.317377
-0.654763
-2.080664
-0.709059
-1.985422
-2.748944
-2.103009
-2.017254
-1.471251
-0.440131
1.472466
1.593225
0.837451
2.199882
2.262012
1.109718
35.549999
0.000000
27.172009
24.120584
-0.099920
-0.520082
-2.278718
-1.159625
-2.263079
-2.577899
-2.141316
-1.958820
-1.281003
-0.278199
1.980325
1.874337
0.546742
1.961831
1.914542
0.843905
35.549999
0.000000
26.957939
22.250946
-0.261211
-0.632505
-1.554967
-1.480629
-3.095967
-2.360653
-1.805693
-1.769739
-1.164721
-0.268873
2.049818
1.826578
0.441648
1.784436
1.868809
0.628207
35.549999
0.000000
26.913342
20.967031
-0.311446
-0.676951
-1.029258
-1.616796
-2.870771
-2.594468
-1.885794
-1.248271
-0.951684
-0.439967
1.206943
1.393646
1.000082
2.093614
2.184246
1.353135
0.996834
0.000000
26.577316
25.695019
-0.194839
-0.569443
-1.996900
-1.616879
-2.568656
-2.299025
-2.614919
-2.550691
-1.791679
0.751038
0.875444
0.979508
1.258686
2.399530
1.692890
-0.514297
35.549999
0.000000
24.609705
18.951876
-0.293075
-0.638552
-0.919560
-0.995441
-1.968683
-2.520489
-2.066830
-1.566247
-1.404925
-0.526557
0.511803
0.819550
1.543150
2.687639
2.353947
1.443335
1.298652
-0.113741
25.313812
25.239128
-0.260622
-0.637095
-0.813535
-2.212353
-2.780041
-2.161514
-1.812182
-1.974498
-1.374426
0.848568
1.793258
0.546940
0.223641
1.791221
1.830719
11.139677
35.549999
0.000000
26.589121
20.502216
-0.350862
-0.698115
-0.960180
-0.918165
-1.990417
-2.760939
-2.692930
-2.508737
-1.845174
-0.786172
0.419813
1.679248
2.628420
2.853653
1.776852
-0.364269
35.549999
0.000000
25.090193
19.236849
-0.365940
-0.709023
-1.745186
-1.191815
-2.532445
-2.683799
-1.711959
-1.193374
-0.760373
0.224388
0.847978
0.528137
0.636448
2.569809
2.274328
1.423082
0.990912
0.000000
26.568182
26.109032
-0.143234
-0.670113
-1.975478
-1.462027
-2.424822
-2.832552
-2.918160
-2.530989
-1.669014
0.979741
0.517322
0.749124
2.449498
3.173046
1.246256
12.960647
32.694603
0.000000
24.598963
18.974373
-0.475711
-0.823264
-0.489635
-1.035017
-2.458506
-2.643867
-1.775020
-1.462281
-1.307329
-0.582662
0.686052
1.297479
2.134291
3.517855
1.948860
0.141295
-0.740502
0.000000
25.509594
22.373238
-0.560580
-0.883777
0.110681
-1.327026
-2.444329
-2.305992
-1.410362
-1.396389
-1.629259
1.964478
1.448107
-0.196636
-0.543344
2.091504
2.212913
15.549255
33.208298
0.000000
28.282709
18.968554
-0.435923
-0.775621
-1.697491
-0.212418
-2.562965
-3.274403
-2.721118
-2.926493
-2.723812
1.362263
0.530651
1.319883
2.469098
3.080187
1.778903
10.932179
35.549999
0.000000
22.519045
16.550013
-0.460234
-0.808292
0.141872
-0.289616
-2.010128
-2.747113
-1.365033
-1.653577
-1.501490
-0.453208
0.661783
1.370142
1.352717
2.961685
2.720462
0.495653
15.545816
0.000000
27.973106
26.936066
-0.335752
-0.652102
-1.824101
-0.448097
-1.884023
-2.437327
-2.666470
-2.740177
-2.249100
-1.243855
0.461725
2.384260
2.525660
2.740701
1.757889
17.608421
35.549999
0.000000
26.177345
20.023880
-0.291601
1.730472
-1.660405
-0.438437
-2.363169
-3.551267
-3.698217
-3.260429
-2.275909
1.418273
2.367191
1.782429
1.305502
3.134500
1.507825
12.934946
30.682516
0.000000
20.587656
12.999588
-0.629040
-0.991526
0.148814
-0.304993
-2.223593
-2.881612
-1.367960
-1.647266
-1.461827
-0.322316
0.823958
1.635562
1.875127
3.622242
1.821723
7.061468
15.700070
0.000000
26.609440
20.116615
-0.549392
-0.887323
-1.081623
0.041436
-1.671500
-2.221321
-2.546980
-2.656224
-2.501258
-0.797985
0.061032
1.681331
2.502601
3.228797
2.463114
0.081203
35.549999
0.000000
26.906269
17.586367
-0.491408
-0.866818
0.262253
0.524551
-0.855486
-2.936599
-2.810192
-2.828485
-2.409191
-0.797258
0.024302
1.193864
1.650477
3.901693
2.659286
18.260134
35.549999
0.000000
23.239252
19.921400
-0.373853
-0.731225
-6.534311
0.347868
-1.172431
-2.622597
-2.476164
-2.819584
-2.536698
-0.925154
-0.199542
1.418557
2.881130
4.191832
2.483230
-0.026195
0.639695
0.000000
26.339691
19.549765
-0.500862
-0.861202
0.205834
0.412169
-0.927085
-2.895983
-1.653983
-1.692031
-1.764153
-1.185296
-0.143256
0.581665
0.747607
3.544369
3.177296
0.525895
15.217843
0.000000
27.762325
22.919296
-0.336597
-0.686115
-5.345648
0.282545
-0.774831
-2.580491
-3.214144
-3.057840
-2.828496
-1.461636
0.006383
1.837034
2.414607
3.769804
2.789375
0.266998
13.821354
0.000000
26.200142
19.909315
-0.495340
-0.847065
0.194994
0.468893
-0.884677
-3.043039
-1.885739
-2.049955
-1.942646
-1.416914
-0.380742
0.674777
1.062328
3.371529
3.739212
0.999827
18.104874
0.000000
27.813475
23.068193
-0.297551
-0.654546
-5.510713
0.316233
-0.509728
-2.759996
-3.254702
-3.181829
-2.436143
-1.472663
-0.260178
1.288126
1.389766
2.037545
3.445542
1.357909
15.272154
0.000000
27.381767
25.284931
-0.126416
-0.520095
-6.341629
0.102022
-0.676405
-2.812778
-2.671871
-2.342132
-2.463024
-1.427653
0.019928
1.639870
1.949283
2.710296
3.004056
1.224705
-0.134988
0.000000
13.531886
23.708416
-0.429741
-0.782573
-35.549999
-1.828308
-1.029858
-3.168428
-2.657331
-2.390723
-2.074773
-1.593613
-0.562691
1.434225
1.073886
2.313867
3.464990
1.278703
13.784622
0.000000
27.688736
22.376135
-0.268102
-0.641473
-35.549999
-1.872677
-1.352851
-3.289254
-2.758391
-2.192966
-2.167404
-1.451524
-0.495878
2.135397
1.786164
3.190240
3.493038
1.423603
-0.047940
0.000000
26.001194
25.053284
-0.522172
-0.875280
-26.434935
-1.847048
-1.084733
-2.891446
-2.309396
-1.976583
-2.346865
-1.565298
-0.050434
1.524762
1.172835
2.891422
3.380262
0.826588
15.185784
0.000000
28.219223
21.948410
-0.323281
-0.699356
-35.549999
0.210238
-1.243413
-3.984934
-3.331185
-3.074288
-2.888538
-1.426439
-0.381456
1.690266
1.227029
3.589463
3.714142
0.546203
15.581182
0.000000
28.247461
22.197731
-0.265383
-0.644413
-35.549999
0.250645
-1.281462
-3.065091
-2.661946
-2.436130
-2.109090
-1.030430
-0.155179
1.463396
1.604637
3.138448
3.729301
0.954688
-0.871637
0.000000
27.060150
20.763666
-0.462168
-0.818381
-26.400887
-0.710542
-0.888881
-3.361550
-2.773990
-2.335427
-1.980791
-1.227796
-0.461245
1.468012
1.160925
2.954057
4.097210
1.592893
-0.207672
0.000000
26.870510
21.756878
-0.448065
-0.814736
-26.573776
-1.125306
-1.307034
-2.962235
-2.584181
-2.120455
-1.812045
-1.277765
-0.458613
1.723942
1.468335
3.445817
3.939099
1.365065
10.947908
0.000000
26.366493
19.323452
-0.561789
-0.948129
-1.362029
-0.963550
-1.175632
-3.278711
-2.080408
-1.925785
-2.035465
-1.731537
-1.092830
1.460804
1.238324
2.818047
3.612019
1.288259
16.261862
32.962116
0.000000
23.022779
-0.116024
-0.678741
-1.046433
-1.238553
-1.811969
-2.452497
-3.056937
-3.125715
-2.745484
-1.019245
2.034113
2.431612
0.187532
2.588881
4.183291
1.405989
19.156004
27.225163
0.000000
17.706757
6.948072
-0.902836
-1.332837
0.112652
-1.536165
-4.074885
-2.943024
-3.222588
-2.908009
-1.641111
-0.675299
0.764750
1.017363
3.008416
4.454438
1.967462
17.922955
34.847763
0.000000
22.854624
0.118698
-0.581560
-0.961537
-0.989713
-1.270242
-3.334123
-3.085530
-2.850154
-2.606695
-1.749124
-0.785165
0.665478
1.314545
3.701580
4.195392
1.576969
15.452517
32.925560
0.000000
21.148754
2.912704
-0.704135
-1.084508
-0.261535
-1.040162
-3.348202
-2.786905
-2.734280
-2.614777
-1.744337
-0.742554
0.643194
1.218761
2.065479
4.427547
2.400141
20.828129
35.549999
0.000000
23.621927
0.010246
-0.612640
-0.982945
-0.332619
-1.740028
-3.172542
-3.544814
-3.282681
-2.985444
-1.224274
1.240816
2.458122
0.214682
1.024802
4.287596
2.224106
11.050373
30.386923
0.000000
18.872084
8.548453
-0.883472
-1.301328
0.109533
-1.217707
-3.731773
-2.695943
-2.709827
-2.826643
-1.864842
-0.915876
0.970622
0.919905
3.175888
4.557183
1.704487
17.049889
34.108875
0.000000
21.136135
-0.149588
-0.644659
-1.027097
-0.414981
-1.291786
-3.473614
-3.427054
-3.319173
-3.171216
-2.046392
-0.492527
0.531354
1.320618
3.284066
4.596665
2.229360
17.608162
31.525242
0.000000
19.809994
-0.149016
-0.661680
-1.040819
0.116606
-0.415073
-3.355752
-3.295324
-2.705589
-2.848669
-2.098439
-0.844646
0.478904
1.237311
2.045774
4.604095
3.077481
-0.131720
11.527946
0.000000
26.970184
18.383377
-0.568932
-0.940158
-1.590372
-0.584951
-2.776116
-3.293532
-2.648611
-2.691356
-2.238234
-0.416100
1.778059
1.321343
1.358552
4.678653
2.644488
18.005846
31.607782
0.000000
17.670980
2.759848
-0.805634
-1.197427
0.129442
-0.469231
-3.663195
-2.503535
-2.783065
-2.981851
-2.041438
-0.876773
0.262651
1.059815
2.549201
4.614713
2.584114
21.942093
15.661366
0.000000
25.899958
18.596937
-0.567064
-0.939392
-1.595877
-0.729747
-2.792027
-3.037205
-2.853073
-2.999686
-1.641628
0.906122
1.116924
0.845914
1.373434
4.341157
2.666981
16.235332
31.681370
0.000000
17.804102
6.098845
-0.825050
-1.263681
0.120445
-0.748510
-3.316967
-2.622275
-2.674613
-2.962011
-2.279206
-0.896988
0.128106
1.115453
1.942813
3.963672
3.374517
25.799301
11.390210
0.000000
28.014362
19.858656
-0.439393
-0.816590
-1.166996
-0.604626
-2.829687
-3.158714
-3.420587
-3.206244
-1.783370
0.110707
0.716582
1.598561
2.497766
4.156613
2.978940
21.008608
30.946566
0.000000
17.819460
1.608382
-0.727989
-1.129765
0.123818
-0.152704
-2.904492
-2.652099
-3.137832
-3.426271
-2.474596
-0.970144
0.199402
0.923205
1.803109
2.651753
4.747157
1.780122
9.942586
0.000000
27.427231
18.442385
-0.463324
-0.842095
0.145601
-0.228313
-2.906478
-3.643074
-3.252774
-3.470616
-2.779527
-0.341980
0.912309
2.498123
3.582666
4.141381
1.777568
20.188583
30.144859
0.000000
8.496962
-0.246468
-0.901595
-1.359715
0.124230
-0.921646
-3.394271
-3.065279
-2.801119
-3.225281
-2.761363
-1.023934
-0.147447
0.933852
1.898074
2.624635
4.076109
26.289177
17.173544
0.000000
28.305780
19.530993
-0.349905
-0.739531
0.131086
0.273083
-2.344561
-3.924023
-3.095413
-3.560853
-3.343873
-1.288391
0.123990
1.962825
3.258090
4.737698
2.642607
21.442253
32.485855
0.000000
13.236018
-0.163625
-0.731822
-1.174059
0.125416
0.107583
-3.096040
-3.272815
-2.346972
-2.805902
-2.649743
-1.133698
-0.661433
1.037520
1.899910
2.861378
4.806128
1.551267
18.522345
0.000000
27.073803
17.623440
-0.494898
-0.877711
0.124039
-0.371568
-2.849545
-3.408255
-3.215018
-4.002110
-3.411958
-1.563333
-0.203667
1.295093
2.942481
4.757606
2.591997
22.504358
33.381512
0.000000
15.760785
-0.064791
-0.627064
-1.060105
0.147843
0.029131
-3.422657
-4.039456
-2.944428
-3.412389
-2.861087
-0.810555
0.041556
1.140804
2.353424
4.779782
3.947628
26.906452
21.672501
0.000000
22.451189
13.088092
-0.639970
-1.043436
0.125586
0.039675
-2.668235
-3.069284
-2.247738
-2.616887
-2.769100
-1.195769
-0.709417
0.988771
1.843951
2.877638
5.290228
31.987717
16.948116
0.000000
27.458801
15.886369
-0.523453
-0.926800
0.284451
0.117267
-2.746739
-3.909501
-2.907624
-3.578572
-3.187072
-1.201567
-0.293656
2.622149
4.058738
4.382582
2.392417
10.889241
32.749767
0.000000
15.871422
1.597306
-0.834860
-1.223883
0.275132
0.133040
-2.420655
-3.942683
-2.760620
-3.292747
-3.093122
-1.072386
-0.281202
1.111603
2.529475
4.628105
3.353724
21.568222
35.549999
0.000000
16.849907
2.622309
-0.712044
-1.251592
0.222222
0.107820
-2.871087
-3.510352
-2.902522
-3.383856
-3.121028
-1.378549
-0.530348
0.797958
2.081264
3.082848
4.938089
1.889211
18.952179
0.000000
27.606100
19.777380
-0.428667
-0.820800
-4.267051
0.118025
-3.086088
-4.447289
-3.576170
-4.082598
-3.331708
-1.882227
-0.110250
4.106724
4.437764
3.859453
1.931294
8.859921
32.089870
0.000000
16.815454
0.054885
-0.855456
-1.329627
0.227426
0.119763
-2.595472
-3.666948
-3.086210
-3.631165
-3.146841
-1.241652
-0.376310
0.847184
2.423829
4.091380
4.594748
31.423847
16.688782
0.000000
23.417334
12.395223
-0.626842
-1.043064
0.252841
0.124297
-2.099624
-3.640303
-2.465366
-2.889336
-2.594501
-1.268641
-0.592846
0.888142
1.713382
2.127816
3.904259
35.549999
35.549999
0.000000
16.488569
2.625064
-0.784777
-1.429983
0.222324
-2.642789
-5.500492
-5.089559
-5.078220
-4.130793
-5.701787
-2.733507
-1.277059
2.093575
5.047458
5.191530
3.424671
18.378361
35.549999
0.000000
21.437607
2.821350
-0.710086
-1.248436
-35.549999
-0.755620
-3.826370
-3.965892
-3.340662
-4.171315
-3.087535
-1.965385
-1.085657
2.586273
6.419837
3.662948
3.355062
14.276147
31.384310
0.000000
17.271776
6.188750
-0.869340
-1.263299
-28.594772
0.132218
-2.948150
-3.829220
-2.636449
-3.440844
-3.084376
-1.466758
-0.488323
1.568965
3.380870
4.892561
3.013170
19.905201
23.182669
0.000000
24.070984
10.173394
-0.700810
-1.166314
-27.459309
0.119538
-2.768802
-4.712111
-3.223159
-3.876370
-3.313339
-1.901626
-0.372114
1.490814
3.278756
5.357480
2.649152
1.606123
21.974983
0.000000
23.502808
4.712133
-0.723480
-1.261535
-25.433001
0.110867
-3.007590
-4.580622
-3.537427
-4.035358
-3.533359
-1.602835
-0.696322
0.713587
2.428123
3.528154
5.824281
6.756159
18.233433
0.000000
25.712234
10.421131
-0.553252
-1.031684
-26.867188
0.123937
-2.818813
-4.780340
-3.455415
-3.623527
-3.701915
-1.662784
-0.926736
1.585352
2.724923
3.075475
4.935281
1.372110
12.524387
0.000000
27.732586
17.665949
-0.427058
-0.842777
-35.549999
0.111478
-2.608528
-4.533845
-3.165762
-3.612798
-3.546709
-1.875816
-0.587617
1.188514
4.964531
5.636842
3.979600
15.633522
17.000034
0.000000
20.760878
0.955962
-0.822529
-1.335662
-24.875423
0.111567
-2.621134
-4.041330
-3.174409
-3.760205
-3.517034
-1.621080
-0.941121
1.104187
2.836430
3.070029
5.314129
2.040133
16.663952
30.523432
0.000000
8.920918
-0.388514
-1.076061
-1.505193
0.129616
-3.120257
-4.804248
-3.526004
-3.851258
-3.320087
-2.100115
-1.139484
1.263940
3.037258
4.839767
5.057089
26.860100
34.140800
25.084236
0.000000
1.955142
-0.570816
-1.248201
-1.680195
0.120267
-3.105378
-4.910553
-3.675553
-4.248644
-3.237187
-1.766073
-0.940006
0.286459
2.239262
3.587314
5.211983
0.463434
22.221331
32.269073
0.000000
9.883898
-0.340889
-1.019048
-1.484338
0.122140
-2.914606
-5.034781
-3.903999
-4.287600
-3.763258
-2.076272
-0.749606
0.941246
3.405476
4.650748
5.135638
2.191418
8.561331
31.012905
0.000000
6.702929
-0.517301
-1.177353
-1.611354
0.119229
-2.445215
-4.506721
-3.518321
-4.126026
-3.769597
-2.039210
-1.239488
1.323409
3.378093
4.488008
4.502871
2.832753
18.201015
28.608461
0.000000
8.046706
-0.445615
-1.101293
-1.536516
0.126548
-2.609191
-4.713437
-3.590116
-4.023832
-3.846248
-2.004658
-1.118893
1.019064
3.533993
5.055497
5.074187
2.360121
17.750704
28.668673
0.000000
7.449028
-0.504682
-1.157369
-1.584494
0.122844
-2.246515
-4.685430
-3.523415
-4.112129
-3.748314
-2.074319
-1.039847
0.835132
2.611118
4.485254
4.842803
2.469887
19.239298
27.908697
0.000000
6.962519
-0.521932
-1.192650
-1.610327
0.130438
-2.488474
-4.834523
-3.659080
-4.136971
-3.265348
-2.029520
-1.141486
0.933407
1.936369
3.148927
5.412744
0.066971
35.549999
25.883251
0.000000
6.876146
-0.375272
-1.112043
-1.585905
0.119364
-2.758898
-4.865361
-3.731426
-4.469235
-3.298875
-1.857056
-1.041649
0.095645
2.549350
5.238520
5.631469
3.398643
33.283096
27.345999
0.000000
7.214624
-0.511458
-1.181223
-1.601808
0.140346
-1.475561
-5.331280
-4.129297
-4.462232
-3.714182
-2.461704
-0.758032
0.573817
3.040647
4.293623
5.273844
-0.109736
18.342283
31.989977
0.000000
7.624001
-0.432612
-1.108560
-1.564312
0.126484
-1.487766
-5.369583
-4.113118
-4.463781
-3.913883
-2.331387
-1.166587
0.295703
3.788718
5.250124
4.989901
1.252343
22.228401
27.009424
0.000000
5.741845
-0.527367
-1.189886
-1.609415
0.129141
-0.887302
-5.072762
-3.911836
-4.203287
-3.902748
-2.119670
-0.986555
0.605826
2.775919
3.596860
5.309503
-0.107880
21.083065
32.590931
0.000000
13.903530
-0.318207
-0.898246
-1.336634
0.136159
-1.405414
-4.729166
-3.728799
-3.920168
-3.022341
-2.285391
-1.127250
-0.180328
3.249722
5.156008
5.240597
32.184856
29.096210
24.895063
0.000000
5.617336
-0.533857
-1.193585
-1.606062
0.131790
-0.941354
-4.948915
-3.868184
-4.090565
-2.870591
-1.965874
-1.047924
0.237046
2.239470
3.160249
4.868541
0.971583
31.491934
30.662354
0.000000
8.468530
-0.336390
-1.040772
-1.521068
0.125636
-2.157022
-5.127362
-4.017907
-4.654599
-3.911472
-2.012884
-1.226946
-0.051442
3.443934
5.703153
5.770148
2.011106
13.186404
30.199230
0.000000
7.900694
-0.565340
-1.188267
-1.589787
0.130637
-0.554939
-4.470921
-3.636090
-4.171149
-3.792576
-3.347736
-1.286640
0.353056
3.582541
4.873594
2.904807
3.897994
21.096222
29.310972
0.000000
10.359039
-0.439639
-1.111067
-1.542995
0.136481
-1.820644
-4.096824
-3.314028
-3.405941
-3.091907
-4.787889
-1.666970
1.701568
6.718207
5.555193
3.410382
24.752487
25.998041
16.913677
0.000000
-0.110380
-1.000281
-1.441048
-1.766143
0.153106
0.123060
-4.220663
-3.651258
-2.990829
-2.483925
-1.742649
-0.673437
0.593390
1.994105
2.421175
3.487151
3.923640
35.549999
29.325445
0.000000
13.786005
-0.227862
-0.994357
-1.465602
0.143660
-1.858970
-5.492435
-4.525637
-4.278992
-4.754828
-5.175990
-1.440187
1.501699
7.365194
3.278845
3.733191
32.388107
27.088966
17.567553
0.000000
-0.109177
-0.841223
-1.318894
-1.650416
0.171855
0.132328
-5.566215
-4.375637
-3.335608
-2.734468
-2.662165
-0.728170
0.448673
2.004139
2.752309
3.900876
3.053841
35.549999
27.933521
0.000000
11.440207
-0.328124
-1.006734
-1.466274
0.128243
-2.164687
-4.626517
-3.757784
-3.019131
-2.552252
-5.376522
-1.238928
0.535517
7.646688
3.716430
5.455232
35.549999
28.941378
19.945776
0.000000
0.310692
-0.826501
-1.298256
-1.659111
0.159167
0.117237
-4.913505
-3.752669
-3.284546
-2.757236
-2.248454
-1.188371
-0.186377
2.083053
3.072982
5.003296
0.135540
35.549999
26.747032
0.000000
10.128562
-0.383044
-1.042319
-1.502792
0.141075
-2.538893
-5.033285
-3.972113
-3.151628
-3.016457
-3.524076
-1.369845
-0.380255
4.831242
7.578740
7.158910
31.643475
33.848820
23.878252
0.000000
2.145942
-0.575057
-1.157653
-1.548538
0.316901
0.119559
-4.314188
-3.850121
-3.878561
-3.776176
-2.911324
-2.611521
-0.516760
3.595270
8.588514
1.985854
20.011726
33.067474
28.157778
0.000000
2.489316
-0.427511
-1.069532
-1.499931
0.320423
0.114148
-4.379673
-3.846079
-3.178535
-3.306252
-2.681614
-1.586988
-0.560420
5.432796
8.267399
6.520711
35.549999
30.395775
21.666353
0.000000
1.430131
-0.114309
-1.311818
-1.732780
0.254778
0.115305
-4.366345
-3.927341
-3.282655
-3.295614
-3.079199
-1.984734
-1.021511
3.098737
4.840327
5.163153
24.252480
35.549999
27.334326
0.000000
13.895741
-0.112236
-0.966491
-1.415349
0.306310
0.110083
-4.680521
-4.035680
-3.300951
-3.292712
-5.152982
-2.067812
-1.231731
4.227573
8.221869
2.593305
24.607513
34.217682
23.476801
0.000000
2.006755
-0.110300
-1.230161
-1.685993
0.243831
0.114262
-4.389184
-3.936776
-3.405121
-3.432510
-3.119740
-2.018543
-1.331102
2.950636
5.738203
3.617383
6.308098
35.074944
29.465540
0.000000
3.148437
-0.287052
-1.043172
-1.491901
0.305238
0.119258
-5.101203
-4.221092
-4.272791
-3.805714
-4.873190
-3.200726
-1.020233
4.687326
7.660419
6.521131
25.122143
33.279461
21.968945
0.000000
1.411900
-0.116745
-1.296915
-1.704746
0.296762
0.134396
-4.740203
-4.405592
-3.972399
-3.825609
-2.148879
-1.705183
-1.067781
2.229514
4.820527
5.374081
3.724190
32.406803
28.273869
0.000000
14.036503
-0.258217
-1.039190
-1.467544
-29.621159
0.124399
-4.629550
-4.450616
-3.624663
-3.119887
-4.697900
-1.504238
-0.160112
4.110076
7.045761
6.600070
3.606574
34.480957
22.606943
0.000000
11.787524
-0.109901
-1.307262
-1.712696
-31.111170
0.125649
-4.673429
-4.474953
-3.746833
-4.140694
-2.428082
-1.688252
-1.219784
1.794801
4.121018
6.583789
6.860240
23.466148
34.017220
0.000000
17.024300
-0.099548
-1.028769
-1.517439
-28.484694
0.114771
-5.198374
-4.338465
-3.577623
-3.444245
-2.934635
-1.851213
-0.460245
1.745859
2.996141
4.974125
2.795848
35.549999
30.996059
0.000000
20.520105
-0.249274
-0.831235
-1.278888
-30.341402
0.114838
-4.404553
-4.596562
-3.393916
-3.304602
-5.596890
-2.676212
0.845804
8.500938
6.298853
5.306097
35.549999
26.069574
17.059256
0.000000
8.380779
-0.126048
-1.377404
-1.686227
-28.249252
-0.007899
-3.546038
-3.279707
-3.382262
-2.998946
-2.712602
-2.169224
-1.301645
1.952685
2.696099
5.843455
5.967835
35.549999
29.274027
0.000000
16.560026
-0.121657
-0.891004
-1.270507
-27.759495
0.125234
-4.996661
-4.742681
-3.747879
-3.325806
-2.577860
-1.307222
-1.206534
2.456067
4.252811
6.408864
6.988656
35.549999
30.954418
0.000000
19.673519
1.379478
-0.895181
-1.427053
-26.341702
-0.861936
-4.781822
-4.144830
-3.915277
-3.565665
-2.695859
-2.084364
-1.740507
1.941746
7.167933
3.147519
6.634522
35.549999
28.938559
20.507376
0.000000
0.457760
-0.862524
-1.450792
-1.832525
0.121924
-4.302975
-4.127203
-3.264489
-3.625225
-3.036123
-1.980087
-1.902617
1.604047
5.629785
4.584316
3.478308
34.103699
28.495523
19.564625
0.000000
1.169855
-0.914221
-1.504238
-1.868374
0.116847
-4.590865
-4.202435
-3.548207
-4.044233
-3.164781
-1.922073
-2.210796
1.575922
7.623616
3.452802
7.070943
35.549999
27.616091
18.891102
0.000000
0.919843
-0.929342
-1.506945
-1.874893
0.124958
-4.298209
-4.318963
-3.378864
-3.624944
-3.431842
-2.047999
-1.900261
1.870438
4.303081
7.428963
6.430166
35.549999
30.087093
20.771889
0.000000
1.386684
-0.834466
-1.467412
-1.867582
0.116089
-4.603920
-4.517734
-3.626719
-4.182224
-3.268596
-2.043762
-2.203581
1.341042
5.470057
4.816945
7.161510
35.548847
30.534197
21.285810
0.000000
0.984915
-0.838630
-1.425472
-1.819382
0.115754
-3.987109
-4.180549
-3.668151
-4.306905
-3.310942
-1.786629
-2.810492
1.646385
7.179188
4.419736
28.466856
35.549999
26.857964
18.480135
0.000000
0.935018
-0.121229
-1.461753
-1.864923
-0.525441
-3.114422
-3.636174
-3.392821
-3.701026
-3.360437
-2.393129
-3.165816
1.976797
3.594688
6.224521
3.360217
35.549999
27.731760
20.091698
0.000000
-0.331861
-0.698815
0.425327
13.631124
0.118500
-4.569469
-5.624945
-4.424082
-4.459535
-3.855375
-3.871580
-2.187304
1.311388
7.796613
3.907182
35.549999
35.549999
29.706419
22.496878
0.000000
4.909878
-0.647936
-1.093404
-1.478777
0.132828
-3.684415
-4.259394
-3.696553
-3.759402
-3.286295
-5.853031
-2.406027
1.524235
8.663845
4.551877
35.549999
35.549999
27.222931
19.598852
0.000000
2.476509
-0.117229
-1.166820
-1.593701
0.110698
-3.936449
-3.565526
-3.144005
-3.392341
-3.134157
-2.984706
-2.796530
1.690825
7.341394
6.460352
35.549999
35.549999
26.056471
18.764874
0.000000
1.108446
-0.120093
-1.203596
-1.613634
0.114982
-2.998850
-3.728600
-3.432814
-3.736387
-3.403781
-2.364188
-4.058604
1.330436
6.264790
5.157980
29.951977
33.729946
24.800697
18.418005
0.000000
1.077164
-0.113389
-1.349519
-1.767112
-0.449356
-2.425527
-3.606677
-3.684401
-3.337668
-3.454250
-2.690878
-3.187480
1.572104
5.233913
10.536810
32.782883
35.549999
30.237499
22.560129
0.000000
1.588406
-0.115783
-1.325462
-1.747814
-0.466087
-1.347067
-3.739346
-3.999544
-3.987226
-3.594593
-9.640078
-6.229711
-0.133687
5.785922
8.720685
23.140760
29.330671
20.408445
13.893333
0.000000
-0.101464
-1.144697
-1.550537
-1.844053
0.159828
-1.084978
-4.133369
-3.533658
-3.656415
-3.384748
-2.577467
-2.095356
1.240018
3.679837
9.049520
7.946138
35.549999
29.517063
21.551964
0.000000
4.417928
-0.107609
-1.307173
-1.769150
-1.092043
-3.316177
-3.924234
-3.634259
-3.793526
-3.720449
-2.670032
-4.338985
0.664605
2.831379
9.034116
28.358431
35.549999
28.511766
20.966339
0.000000
6.806041
-0.610140
-1.130897
-1.532002
0.141130
-2.980786
-4.023513
-3.207310
-3.621853
-3.533250
-9.067079
-6.711699
-2.125459
5.129468
9.143100
1.361871
30.955296
22.877234
16.260307
0.000000
1.411993
-0.111329
-1.435990
-1.832744
0.128908
-2.892801
-3.987586
-3.484080
-3.673962
-3.644145
-2.775117
-3.701089
0.898075
3.313925
10.285416
32.043835
35.549999
32.204422
23.938309
0.000000
8.935299
0.440940
-1.008580
-1.522743
-1.004437
-2.816354
-3.737654
-3.711081
-3.576473
-3.816733
-18.579060
-8.493408
-4.300024
2.863908
6.386053
8.770022
31.217421
19.748594
9.430367
0.000000
-0.115110
9.818920
-1.760178
-1.870812
0.226820
-3.249548
-2.916059
-3.502537
-3.632617
-3.510128
-3.092749
-5.254848
0.375378
11.201592
8.862749
35.549999
29.216549
20.261688
14.651357
0.000000
-0.115699
-0.128806
-1.354185
-1.570646
0.200935
0.124581
-4.054298
-4.004972
-3.601155
-5.210632
-5.525503
-1.092813
0.919495
5.991134
6.999619
6.206036
10.801670
27.495823
19.281801
0.000000
0.316628
-0.951111
-1.423030
-1.759539
0.176258
-0.327290
-4.598917
-3.641683
-3.014234
-2.995260
-2.843415
-1.120387
0.112276
2.969455
5.774744
7.233661
32.564419
35.055775
24.629911
0.000000
11.468292
-0.110855
-1.144569
-1.611374
0.122106
-1.833299
-4.379365
-3.772122
-3.532232
-3.432312
-3.089530
-2.220095
-0.281554
3.106411
7.652194
3.784832
21.491598
35.549999
25.158564
0.000000
12.175836
0.045559
-1.114294
-1.597056
0.234499
0.031250
-4.096549
-3.766471
-3.891203
-3.648660
-3.328185
-4.275257
-1.242842
4.855669
9.343389
6.592667
32.869995
33.009834
23.061405
0.000000
2.641473
-0.111295
-1.132307
-1.604463
0.203020
0.107939
-4.008374
-3.454926
-3.746460
-3.635036
-3.330563
-4.105585
-1.133169
3.369411
7.307483
3.684816
22.122667
35.549999
25.894485
0.000000
6.986314
-0.109549
-1.057225
-1.551471
0.246014
-0.524901
-4.096148
-3.496521
-4.197831
-3.727084
-2.873312
-4.944828
-1.580975
6.661153
9.362276
5.624413
35.549999
32.491795
22.648308
0.000000
3.321680
-0.114754
-1.014072
-1.485157
-4.016532
0.116741
-4.285822
-3.670808
-3.589943
-3.607500
-3.026432
-2.233688
-1.565720
2.857501
6.059645
3.647794
32.961845
35.549999
23.692329
0.000000
3.508895
-0.110189
-1.148172
-1.599871
0.268241
-0.411815
-4.754714
-3.809962
-3.842875
-3.662147
-2.711968
-3.147921
-1.088371
3.562085
5.274060
2.960747
31.542625
35.549999
29.536665
0.000000
13.908073
-0.188137
-0.794570
-1.246781
0.294779
0.112880
-4.622982
-3.866231
-3.851890
-4.835962
-5.523117
-2.749557
-0.806133
7.908141
6.252731
7.371243
35.549999
28.239683
20.088503
0.000000
2.065543
-0.115271
-1.178879
-1.592514
0.247039
0.118017
-4.425960
-3.224533
-3.492085
-3.238308
-2.506252
-1.981863
-1.478406
2.231474
3.328732
6.872807
0.661694
28.657352
30.278255
0.000000
7.947515
-0.217318
-0.863090
-1.327282
0.293453
0.112296
-4.561188
-3.974294
-3.053161
-3.076952
-4.327943
-1.964478
-0.692954
6.664022
4.152755
7.597777
31.555397
28.680595
20.014961
0.000000
12.392790
-0.117635
-1.315842
-1.688025
-27.144388
0.127675
-4.002322
-3.852396
-3.120387
-3.278019
-3.166323
-2.307516
-1.700943
2.841210
4.571826
4.461437
6.941606
20.627907
33.875858
0.000000
15.539392
-0.385295
-0.919037
-1.352515
-28.896946
0.123712
-4.138059
-4.271577
-3.497777
-3.380165
-5.299261
-1.942763
-1.531541
5.987625
4.694925
7.611167
33.197037
29.854160
20.088078
0.000000
9.927745
-0.112529
-1.338486
-1.712729
-28.367939
0.134718
-4.786656
-4.295338
-3.267347
-3.568814
-3.012252
-1.682690
-1.679758
1.873906
4.767285
4.551759
7.467234
21.286354
33.956692
0.000000
18.326359
0.671869
-0.945991
-1.425113
-28.165367
0.116453
-4.830362
-4.365316
-3.971262
-3.383396
-4.543024
-2.623495
-1.344445
2.695696
6.316113
3.139086
6.663377
35.549999
28.275711
0.000000
17.960758
0.864686
-1.062181
-1.554185
-29.433327
0.107685
-5.295580
-4.236495
-3.764339
-4.210258
-2.293694
-3.715697
-1.941380
2.225190
9.102889
3.308239
27.775578
35.549999
26.766958
0.000000
15.838365
-0.108397
-1.037961
-1.533545
-25.636694
0.112376
-4.235726
-4.034133
-3.613783
-3.541609
-2.697254
-1.930984
-1.505514
1.693947
3.361956
6.686315
2.743549
33.804558
31.520679
0.000000
18.178158
-0.241172
-0.878685
-1.325339
-29.052610
0.134434
-4.544102
-4.695776
-3.801284
-3.663465
-4.708426
-2.946674
0.117978
4.476794
6.703557
6.327617
27.886791
31.087433
20.947140
13.200811
0.000000
-0.116707
-0.126895
-1.716690
-1.950410
0.135057
-2.437239
-3.748793
-3.048643
-3.337912
-2.765325
-2.352869
-1.801525
2.212116
2.950126
3.527139
5.850583
25.156092
31.287121
27.357140
0.000000
1.777625
-0.530930
-1.281395
-1.721267
0.110117
-5.196473
-4.601196
-3.880434
-3.597687
-5.575979
-2.965836
-0.930085
1.788818
4.505292
6.926891
7.384059
35.549999
30.548883
20.955168
0.000000
0.937913
-0.877812
-1.450975
-1.831372
0.126382
-4.835851
-4.512838
-3.813745
-3.497300
-2.531814
-3.776270
-1.822492
2.427556
2.705462
5.640998
2.418187
28.762024
35.549999
24.516611
0.000000
1.749187
-0.661158
-0.113974
1.834113
-0.796374
-5.146049
-4.839729
-3.777091
-3.198833
-2.431279
-2.762289
-2.001487
2.252923
3.736976
6.388239
2.371150
35.549999
32.580799
23.508299
0.000000
5.101290
-0.582065
-1.230128
-1.659779
0.108566
-5.293433
-4.463476
-3.846292
-3.481700
-4.388247
-5.200121
-2.453358
2.340057
9.960521
4.534818
35.549999
30.172482
20.484158
14.237654
0.000000
-0.115228
-1.113956
-1.497241
-1.786214
0.150657
-3.367536
-3.787147
-3.255252
-3.261784
-2.724880
-2.310935
-1.750261
1.970500
4.650461
6.762603
6.061265
35.549999
28.229370
18.784010
0.000000
1.006766
-0.867590
-1.457929
-1.843102
0.116567
-4.529260
-4.260386
-3.763121
-3.829246
-3.327075
-1.810194
-2.295744
1.536879
7.909624
4.109012
27.512043
35.549999
28.367060
19.367907
0.000000
0.752052
-0.757825
-1.331613
-1.713193
0.144177
-3.301956
-4.087341
-3.331025
-3.610091
-3.466703
-2.196763
-1.908184
1.550831
5.359906
7.149885
6.103562
35.549999
29.300840
20.613024
0.000000
1.396029
-0.811435
-1.412751
-1.800032
0.146610
-3.642315
-4.487875
-3.833024
-3.754216
-3.107561
-2.234411
-2.009373
1.176315
6.120574
4.526122
6.544992
35.549999
29.453312
19.948997
0.000000
0.888851
-0.875313
-1.403705
-1.785727
0.135676
-2.852469
-4.013515
-3.363792
-3.577587
-3.507063
-2.666048
-3.030315
1.345675
2.685956
7.798098
7.771390
25.115519
35.010986
23.836536
0.000000
1.577146
-0.629819
-1.282456
-1.706802
0.132120
-3.617837
-4.274344
-3.909086
-3.855831
-2.911733
-2.267320
-1.879215
1.207287
7.333233
4.091700
5.907217
35.549999
27.494869
18.794886
0.000000
0.693755
-0.839508
-1.384466
-1.756979
0.136570
-2.219265
-4.093492
-3.656496
-4.371316
-3.878241
-2.277802
-3.682173
1.368469
3.975937
8.007010
0.751666
30.540144
34.561810
22.777510
0.000000
2.307773
-0.595431
-0.922190
-1.733757
0.121288
-3.830676
-5.006203
-4.509154
-4.681284
-3.214279
-5.272935
-2.523594
-0.272058
7.646681
4.906934
25.530128
35.549999
32.443451
22.974058
0.000000
5.162774
-0.113236
-1.196475
-1.670119
-1.853863
-3.157105
-4.059467
-3.890268
-3.489120
-3.037087
-3.035675
-3.092804
0.802339
4.797029
8.487067
35.183094
35.549999
27.912302
19.045330
0.000000
1.170789
-0.701728
-1.249019
-1.643364
0.152907
-2.160262
-3.859705
-3.370654
-3.309675
-3.239391
-2.688151
-2.575060
0.650782
5.558041
6.109264
26.602707
35.549999
29.944002
21.285580
0.000000
4.180882
-0.119212
-1.207097
-1.634016
0.138439
-1.817801
-4.142273
-3.670257
-3.763571
-3.816728
-2.972414
-3.860699
0.057617
5.704265
7.623651
35.549999
35.549999
29.821880
20.954676
0.000000
5.334389
-0.110961
-1.247729
-1.716875
0.116720
-2.742784
-4.132154
-3.641634
-3.807686
-3.650473
-3.148717
-4.206670
0.150391
4.253729
9.550349
25.749659
35.549999
30.049419
21.371170
0.000000
8.566482
-0.107973
-1.130942
-1.600665
0.113317
-2.396099
-4.159964
-3.736886
-3.820355
-3.575584
-2.968027
-4.447354
0.460987
5.041952
9.457511
26.523788
35.549999
27.975826
19.540955
0.000000
1.486330
-0.109007
-1.176660
-1.637234
0.108490
-1.995846
-3.848764
-3.479761
-3.533509
-3.608875
-2.847918
-3.901798
0.379004
3.323180
8.700853
13.833967
35.549999
29.932430
20.758207
0.000000
8.149391
0.173376
-1.125944
-1.603533
-1.460381
-1.669695
-4.020555
-3.954051
-3.495378
-3.608391
-3.103947
-3.358622
-0.002365
2.538316
7.888271
34.487759
34.077526
24.218649
17.431862
0.000000
1.938642
-0.018066
-1.250604
-1.668611
0.120852
-1.293175
-4.419899
-3.837526
-3.730381
-3.855734
-3.104774
-2.631037
0.545160
2.098827
8.156500
35.549999
35.549999
29.957308
22.625572
0.000000
13.188105
0.921177
-0.921459
-1.408997
0.181505
-1.881267
-4.203578
-3.292132
-3.372683
-3.602256
-13.308559
-8.236681
-4.345726
2.834901
7.916430
29.010822
28.432032
20.407930
11.092200
-0.109579
-0.108274
-1.270250
-1.349101
-1.473975
0.234648
-0.150608
-2.709999
-2.517333
-3.228377
-3.271360
-6.430711
-7.590065
-3.925064
7.644213
10.145709
34.577576
25.002993
17.500914
12.293579
0.000000
-0.113347
-0.129048
-1.278773
-1.545555
0.327445
0.134290
-3.931250
-3.225416
-3.551048
-3.655685
-6.553586
-2.864453
-0.996188
6.958756
6.621625
6.531408
35.549999
32.987118
22.985598
0.000000
3.166123
-0.110295
-1.034906
-1.527386
0.232711
0.111601
-4.938195
-4.132099
-3.783972
-3.491726
-3.350890
-2.842243
-1.391171
3.680461
8.276500
2.319613
30.006313
35.549999
25.400040
0.000000
2.683208
-0.117453
-1.123636
-1.581317
0.281930
0.116682
-4.652070
-4.181121
-4.324667
-3.778441
-2.579065
-2.765181
-1.554773
3.693511
7.853694
5.480045
23.043816
35.549999
24.708378
0.000000
2.492276
-0.111723
-1.154763
-1.634727
0.237602
0.113601
-4.373692
-3.834177
-3.741750
-3.475248
-3.144022
-1.965782
-1.225351
2.966364
3.843817
6.728122
2.420418
25.278305
31.416122
0.000000
3.295706
-0.244667
-0.992446
-1.459418
0.309697
0.114610
-5.198032
-4.436034
-4.317998
-3.284967
-5.196897
-2.949505
-1.329299
6.147871
7.668678
1.983068
29.895666
31.886528
21.251934
0.000000
1.427023
-0.121560
-1.219368
-1.609290
-29.839077
0.138240
-4.491747
-4.468793
-3.864772
-2.690755
-2.528887
-1.541438
-0.619416
1.841479
2.846400
4.660505
2.413533
35.549999
31.528378
0.000000
18.037014
-0.089114
-0.120797
-1.069452
-30.932526
0.242013
-5.904606
-6.096594
-4.691522
-3.535401
-5.264205
-2.292772
-1.532804
5.468946
8.040436
5.797464
30.581669
35.549999
23.965322
0.000000
12.887515
-0.116364
-1.192747
-1.614026
-29.254463
0.127344
-3.957727
-4.335553
-3.854418
-2.817571
-2.396248
-1.747076
-0.602075
2.203173
2.868396
4.578175
6.528973
35.549999
30.356018
0.000000
16.679132
-0.092776
-0.930889
-1.405646
-28.534872
0.108668
-4.812605
-4.137358
-3.280781
-3.087489
-4.282410
-1.104118
-0.583834
4.762825
7.482821
5.483629
34.986202
31.763060
21.363274
0.000000
11.880362
-0.114025
-1.255410
-1.657405
-29.155315
0.129501
-3.887901
-4.305452
-3.425548
-3.566384
-3.059408
-1.677707
-1.701936
2.428443
2.795393
5.063832
6.538138
35.549999
32.569622
0.000000
16.941046
0.567155
-0.992164
-1.514345
-28.445332
-0.496092
-5.665360
-4.606934
-3.721492
-3.458901
-2.534351
-1.779852
-1.475645
2.100019
4.457591
6.028697
6.923704
35.549999
31.458038
0.000000
20.395172
1.249794
-0.921587
-1.459479
-26.027740
-0.994205
-4.572798
-4.287802
-3.772997
-3.402802
-2.536510
-2.044074
-1.782177
1.908973
5.932250
3.951775
19.107044
35.549999
27.689592
0.000000
17.096024
0.488048
-1.007423
-1.535489
-1.923447
0.111092
-4.613680
-4.060260
-3.291684
-3.698447
-3.060836
-1.983753
-2.212374
1.813869
4.040763
7.420854
7.282373
35.549999
30.608341
21.196585
0.000000
1.629174
-0.815182
-1.432767
-1.832218
0.114656
-4.953398
-4.417523
-3.898392
-3.670515
-2.792094
-2.164742
-1.788816
1.847890
7.915770
3.334840
20.926744
35.549999
27.350079
18.754536
0.000000
0.747676
-0.884771
-1.466495
-1.846986
0.120771
-4.146540
-4.173528
-3.850844
-4.157531
-3.008964
-1.977723
-2.121902
1.684058
6.245980
4.302408
6.374149
35.549999
28.287254
18.790712
0.000000
0.886414
-0.894327
-1.500627
-1.877863
0.124374
-4.609790
-4.319760
-3.418791
-3.791659
-2.958074
-1.870077
-1.830387
1.685139
4.507553
6.987952
6.393921
35.549999
29.772024
20.242350
0.000000
1.290363
-0.871267
-1.477445
-1.872271
0.109766
-4.624430
-4.307959
-3.914014
-3.786911
-2.805380
-2.163852
-2.145422
1.679355
6.491850
4.086411
25.916014
35.549999
27.940807
19.691523
0.000000
0.630185
-0.876433
-1.443578
-1.828475
0.119606
-3.861828
-4.180692
-3.623725
-3.894423
-3.108117
-2.272654
-2.394697
1.795749
4.205079
8.485199
20.669930
35.549999
29.231567
20.703695
0.000000
1.013682
-0.777099
-1.379852
-1.784667
0.112639
-4.005366
-4.117435
-3.444031
-4.075778
-3.275151
-1.948887
-2.859095
1.581965
7.163200
4.974457
27.306107
35.549999
27.025894
18.568596
0.000000
0.660755
-0.114211
-1.372467
-1.795747
-0.963364
-3.114852
-3.747860
-3.654791
-3.938825
-3.654345
-2.150329
-4.002657
2.090380
5.432355
9.162634
34.143074
35.163712
24.427628
17.693008
0.000000
6.324271
-0.815705
-1.202632
0.907640
0.148797
-2.174440
-4.256540
-3.039031
-2.951798
-2.938719
-4.034658
-1.966161
1.920363
7.926277
6.268598
30.294458
35.549999
27.832022
19.779608
0.000000
4.105655
-0.111673
-1.201308
-1.646399
-0.469796
-4.471290
-3.838164
-3.311558
-3.346580
-3.436199
-10.460224
-4.767316
-1.525364
7.317509
4.291790
22.920696
29.412085
21.131786
12.867288
0.000000
-0.692246
-1.122741
-1.450878
-1.706721
0.274861
-3.303412
-3.983305
-3.015566
-3.202307
-5.548252
-3.899134
-2.436628
1.011428
7.351736
3.580655
35.549999
35.549999
29.838570
21.794371
0.000000
1.253731
-0.548138
-1.176073
-1.600217
0.129184
-3.867444
-4.343014
-3.874995
-3.821319
-6.144439
-3.422102
-1.833663
2.814527
8.664965
1.713023
33.821545
33.276684
23.038219
15.847408
0.000000
-0.110986
-0.871475
-1.335776
-1.659148
0.162320
-1.104610
-4.899841
-3.853710
-3.080114
-2.898659
-2.580147
-1.019927
1.221613
3.781864
5.597585
6.595862
35.549999
33.609657
22.231529
0.000000
1.424942
-0.633279
-1.318209
-1.725044
0.150962
-3.537159
-4.771277
-3.495985
-3.366240
-2.647314
-2.896078
-0.548342
0.251960
5.683783
6.894217
6.613473
35.549999
28.670162
19.324829
0.000000
0.442243
-0.119318
-1.486122
-1.871211
0.123895
-1.992245
-4.265727
-3.697529
-4.164632
-3.476055
-2.251918
-2.353170
0.959352
3.036721
5.278913
3.640343
35.549999
33.058018
22.231430
0.000000
-0.172124
-0.464252
-0.948454
1.130097
0.166672
-2.677730
-4.835498
-4.009935
-2.668591
-2.412372
-1.676702
-0.396272
0.305363
5.615251
7.747738
6.838926
35.549999
30.663681
21.758577
0.000000
1.489608
-0.113618
-1.341209
-1.754766
0.130845
-2.511408
-4.172328
-3.548350
-3.411684
-3.106506
-2.812119
-2.627254
0.556972
2.820010
8.212681
3.516826
33.637665
33.059784
23.029510
0.000000
1.935502
-0.118250
-1.197362
-1.645909
0.122416
-2.810988
-3.866138
-3.576023
-3.405909
-3.422698
-2.473073
-4.036468
0.401166
5.087877
9.692018
26.745413
35.549999
27.686708
19.911278
0.000000
7.793828
-0.115453
-1.174032
-1.595785
0.138532
-1.497853
-4.382668
-3.797895
-3.727808
-4.046316
-2.886517
-4.066150
0.316023
4.531700
8.725213
10.546994
35.549999
31.973673
22.834639
0.000000
10.523290
-0.107477
-1.153312
-1.637861
0.119114
-3.059949
-4.675741
-3.990031
-3.573623
-3.587586
-2.806123
-4.121412
-0.404954
5.403265
9.165004
33.517540
35.549999
29.059872
20.860350
0.000000
9.208331
-0.111406
-1.079818
-1.541001
0.122043
-1.890127
-4.404073
-3.948563
-3.956427
-3.741352
-2.947703
-4.479098
0.539297
4.929027
9.702085
28.320660
35.549999
28.488094
20.172598
0.000000
4.052571
-0.108075
-1.149751
-1.610565
0.055813
-1.556728
-3.817487
-3.490435
-3.464051
-3.623680
-3.005618
-3.626738
0.393111
2.421026
8.814554
14.557894
35.549999
30.202438
21.433256
0.000000
3.324862
0.656682
-1.014198
-1.496179
0.162642
-1.056007
-3.812168
-3.721011
-3.446479
-3.613701
-3.180575
-6.847095
-1.943746
2.116891
4.535730
7.811893
35.494167
24.799540
17.971462
0.000000
1.239352
-0.110278
-1.339423
-1.720236
0.288333
0.109977
-4.981266
-4.229024
-4.335329
-4.253106
-2.949303
-8.380769
-3.655996
2.756094
9.073194
1.781355
35.549999
27.539312
19.040071
0.000000
1.327511
-0.112482
-1.315199
-1.713412
0.279989
0.112109
-4.981515
-3.811925
-3.788140
-3.302936
-3.743238
-3.201401
-1.506214
3.800045
7.952314
2.477110
35.549999
35.549999
26.672930
0.000000
11.858513
0.506778
-0.967470
-1.408125
-2.744068
-1.282881
-4.634211
-4.173903
-3.598815
-3.544467
-3.136768
-4.665325
-2.266670
4.756296
10.123642
35.549999
35.549999
25.991125
17.964260
0.000000
1.677844
-0.722722
-1.133454
-1.478379
0.283862
0.191137
-4.050729
-3.350678
-2.901086
-3.241935
-2.730414
-2.831715
0.240378
2.677730
8.479019
32.348465
35.549999
32.349209
24.252462
0.000000
3.587775
0.356553
-1.000646
-1.522574
0.203211
-1.879560
-3.971049
-3.718458
-3.434854
-3.713515
-3.152934
-7.369053
-3.677834
2.569666
7.547340
2.956517
35.549999
26.857573
18.797005
0.000000
1.898751
-0.824577
-1.254982
-1.611230
0.280489
0.115644
-4.474955
-3.436317
-3.478854
-3.777655
-2.927451
-6.682112
-2.851803
2.673471
8.674374
1.962910
31.334274
29.632839
21.094061
0.000000
14.231098
0.271496
-1.152008
-1.588692
-26.914927
-0.530641
-4.517260
-3.663371
-3.590011
-3.705617
-3.134986
-4.624076
-1.655758
3.238382
7.704279
3.551867
35.549999
35.549999
25.992857
0.000000
18.399061
1.098902
-0.814510
-1.351523
-25.533691
-2.128347
-4.659725
-4.057413
-4.037665
-4.006976
-3.282033
-7.620165
-3.640205
3.364737
11.328147
4.034173
35.549999
25.358402
18.069889
0.000000
11.493493
-0.114597
-1.225575
-1.614212
-26.944298
0.120204
-4.108730
-3.420912
-3.252587
-3.433060
-2.769165
-1.876196
-1.578876
1.907047
4.036262
8.876952
22.546246
35.549999
28.323400
0.000000
18.629202
1.427088
-0.879023
-1.411104
-26.250687
-1.860353
-4.320348
-3.914070
-3.754920
-4.093225
-3.118865
-3.978796
-2.448267
3.146796
9.680581
8.228949
35.549999
34.777054
24.787617
0.000000
16.283760
0.598598
-0.936139
-1.453770
-23.832619
-0.557024
-4.262675
-3.997662
-3.663580
-3.775565
-3.040352
-1.776063
-2.211966
2.031847
4.111434
8.722971
35.549999
35.549999
26.015543
0.000000
17.577829
1.634779
-0.986987
-1.522064
-26.753412
-1.641907
-4.953553
-4.179914
-3.788519
-4.058382
-3.136072
-2.062185
-1.934797
2.557744
5.848414
3.834725
21.642052
35.549999
29.594158
0.000000
20.008011
1.564409
-0.814965
-1.367856
-25.121101
-1.976613
-4.561394
-4.193142
-3.729246
-4.046899
-3.257041
-2.749224
-2.591307
2.723781
9.640543
9.142288
35.549999
35.260231
25.056114
0.000000
17.067030
0.961560
-0.810510
-1.369747
-1.770464
0.110923
-3.905236
-3.915252
-3.688553
-3.787112
-3.129843
-2.029005
-2.219128
1.899626
5.866858
4.557359
28.740299
35.549999
26.948370
20.181707
0.000000
1.566023
-0.851522
-1.398565
-1.787001
0.110240
-4.320798
-4.144812
-3.688542
-3.984632
-3.247355
-2.123501
-2.149775
2.229244
6.136623
4.773911
25.658867
35.549999
27.777405
20.712059
0.000000
1.765668
-0.741475
-1.316772
-1.713809
0.111550
-4.453580
-4.168653
-3.672626
-4.111190
-3.457935
-2.771202
-2.462364
2.507389
8.990315
8.077950
35.549999
35.549999
26.036751
19.662930
0.000000
1.189705
-0.802689
-1.335160
-1.739795
0.113126
-3.705944
-3.817628
-3.878743
-3.820491
-3.276334
-1.991494
-2.694677
2.019593
4.183906
8.995152
8.661641
35.549999
29.642738
21.663557
0.000000
1.761617
-0.730094
-1.331839
-1.736479
0.110461
-4.257727
-4.221374
-3.694907
-4.296406
-3.431850
-2.998692
-2.793434
1.996842
8.376924
4.295775
35.549999
35.549999
26.326765
20.113813
0.000000
1.198770
-0.737047
-1.296725
-1.705940
0.119449
-3.810949
-4.084695
-3.788923
-3.788435
-3.134828
-1.807544
-2.124123
1.618394
3.550214
8.746644
3.060982
33.542965
31.964993
23.764805
0.000000
1.700670
-0.688640
-1.295011
-1.700250
0.112618
-3.907993
-4.278491
-3.728411
-4.188023
-3.296550
-2.127607
-2.648586
1.949687
8.594830
9.031185
35.549999
35.549999
26.410721
19.971628
0.000000
1.133386
-0.787274
-1.327489
-1.724500
0.123869
-2.547237
-3.470881
-3.734785
-3.692327
-3.236333
-2.153239
-3.136043
1.923892
3.090158
6.640065
8.412571
35.549999
31.520161
22.547014
0.000000
6.062637
-0.108176
-1.273610
-1.745623
-1.419072
-4.081511
-3.657094
-3.558238
-3.772382
-3.632101
-7.896249
-5.181030
-1.292604
5.086601
6.251045
19.575155
31.241344
23.092752
17.106091
0.000000
1.372579
-0.893872
-1.395214
-1.715740
0.138515
-3.394154
-4.090926
-3.518911
-3.254185
-3.079743
-2.170647
-1.797987
1.160339
4.437761
10.899174
35.549999
35.549999
29.639715
21.344267
0.000000
1.334524
-0.706359
-1.248635
-1.646649
0.130942
-2.644592
-3.969155
-3.892437
-3.654003
-3.453799
-2.363676
-2.220682
1.495468
5.873050
11.590022
32.666489
35.549999
29.089657
21.918251
0.000000
0.971216
-0.804754
-1.321823
-1.707018
0.141588
-2.631764
-3.823418
-3.959066
-3.723201
-3.325658
-2.060359
-1.816128
0.611202
3.125727
4.624385
7.439683
35.549999
34.431435
24.154478
0.000000
6.044679
-0.550238
-1.201228
-1.637539
0.134655
-3.007764
-4.645623
-3.795863
-3.830884
-3.229955
-1.803159
-1.295749
0.005234
5.154005
9.107003
8.029094
35.549999
29.262474
21.390148
0.000000
1.035598
-0.864911
-1.413568
-1.787045
0.146156
-2.482220
-4.209406
-3.450210
-3.453572
-3.330449
-2.227281
-1.578178
0.612108
2.836203
4.503102
7.621159
35.549999
34.103748
24.282881
0.000000
7.178168
-0.563070
-1.202989
-1.640287
0.128192
-2.796646
-4.497682
-3.856284
-3.666685
-3.053431
-1.273340
-1.471211
0.531176
6.683740
3.851926
10.504523
35.549999
26.668968
19.138266
0.000000
1.238301
-0.113440
-1.369024
-1.776248
0.126204
-1.681735
-3.887871
-3.590238
-3.566649
-3.230031
-2.568166
-1.580884
0.178647
3.241588
4.953728
8.295054
35.549999
32.980690
23.621727
0.000000
10.284287
-0.616987
-1.141182
-1.553464
0.154764
-2.408719
-4.631247
-3.888352
-3.786888
-3.599837
-2.931297
-2.195976
0.601037
3.444107
9.927715
9.304122
28.610428
34.959599
25.730558
0.000000
3.791939
-0.460440
-1.071567
-1.509668
0.142414
-2.742006
-4.072984
-3.714005
-3.963025
-3.547294
-2.691615
-3.702059
1.029117
6.953062
5.542444
31.975571
35.549999
26.979692
19.093706
0.000000
3.385170
-0.107431
-1.206644
-1.668167
-0.045985
-0.868189
-4.013129
-3.876425
-3.758360
-3.742681
-3.028918
-3.360397
0.499228
3.066928
8.347749
3.429085
35.549999
32.352848
23.302048
0.000000
10.313613
0.539511
-1.117348
-1.600687
-1.231606
-1.326736
-4.259029
-4.035654
-4.046609
-4.075464
-3.220603
-6.171025
-2.290709
3.654518
6.885465
3.395319
35.549999
26.352932
18.591799
0.000000
3.673651
-0.109316
-1.378193
-1.799773
0.110185
-2.490720
-4.463358
-4.058553
-4.265701
-3.889767
-2.903130
-3.864894
-1.216467
5.502914
5.689984
33.823326
35.549999
31.305109
23.285170
0.000000
10.855353
-0.442716
-0.937590
-0.116970
0.163523
-2.752243
-4.684749
-4.029255
-3.673268
-3.605188
-2.668729
-2.926577
-0.244112
5.144855
5.236564
4.096230
35.549999
30.822027
23.266239
0.000000
3.398462
-0.496243
-0.762807
-0.115177
0.273768
0.090640
-4.529838
-4.050082
-3.346454
-3.452844
-2.924825
-2.341032
-0.807812
6.125273
4.595528
3.783256
35.549999
33.137691
23.271637
0.000000
2.681934
-0.118720
-1.107296
-1.547299
0.279230
0.107825
-4.250976
-3.751837
-4.092053
-3.657935
-2.699316
-2.805225
-1.142138
3.748025
9.423266
8.839762
28.535786
35.549999
25.041258
0.000000
2.792041
-0.470031
-1.051819
-1.473354
0.308527
0.114787
-4.049680
-3.656281
-3.206620
-3.239601
-2.410228
-1.599930
-0.911989
3.073368
8.908194
2.480289
31.507530
35.033600
24.983227
0.000000
2.450191
-0.531967
-1.098879
-1.515373
0.308446
0.115889
-4.256567
-3.909266
-3.087920
-3.144489
-1.816143
-1.389104
-1.168473
2.360868
8.407876
2.680105
35.549999
34.667572
24.052797
0.000000
5.399873
0.143895
-1.175263
-1.658052
0.201224
0.108558
-4.277124
-3.973998
-3.628952
-3.477038
-2.764776
-1.504372
-1.840338
2.990742
3.771769
7.315038
35.549999
35.549999
26.032690
0.000000
10.589627
-0.112397
-0.980869
-1.466863
0.284744
0.111342
-4.836488
-4.145096
-3.814419
-3.701091
-2.569264
-2.728184
-0.845226
2.889967
8.410637
2.477788
25.247658
35.549999
27.119081
0.000000
12.164614
-0.386990
-0.937106
-1.360868
0.298547
0.124263
-4.210171
-4.215311
-3.195681
-3.266500
-2.768007
-0.998135
-0.650821
3.517953
7.624731
3.085476
24.863646
33.148670
23.003086
0.000000
14.556806
-0.109816
-1.210310
-1.648383
-26.561436
0.111770
-4.410745
-3.964438
-3.272302
-3.432945
-2.734580
-1.679473
-1.945803
2.225149
3.822195
8.914741
29.143469
35.549999
27.500660
0.000000
18.266464
-0.110122
-0.927692
-1.415767
-27.290752
-0.744218
-3.775230
-3.973690
-3.482058
-3.693112
-2.591653
-3.890692
-1.111990
2.456651
8.768470
2.209327
7.897138
35.549999
27.362507
0.000000
17.030214
0.662412
-1.001866
-1.493877
-26.546814
-0.099891
-4.377221
-4.133427
-3.590286
-3.846514
-2.864689
-1.816179
-1.746241
2.455009
5.369289
4.063927
7.716926
31.108650
30.982769
0.000000
15.755749
-0.365297
-0.903018
-1.333559
-28.389397
0.126603
-4.117392
-4.426053
-3.316535
-3.407328
-2.635307
-1.217987
-1.002218
1.944116
7.001911
3.783023
1.924945
35.549999
24.770620
0.000000
14.829382
0.429457
-1.216048
-1.684491
-27.237932
-0.068433
-4.781610
-4.205332
-3.362803
-3.466080
-2.769896
-1.682220
-2.002819
1.894273
2.957985
6.781352
3.999653
33.845554
31.737507
0.000000
19.908791
1.538384
-0.932885
-1.482512
-27.618931
-0.845480
-5.009017
-4.658408
-4.465704
-4.206964
-2.836467
-2.345440
-2.122246
1.857929
6.747770
3.398517
5.188941
35.549999
27.484533
0.000000
16.433090
0.214566
-1.037972
-1.550536
-25.474869
-0.104225
-4.997402
-4.229431
-4.020324
-3.586568
-2.592064
-2.659397
-1.468539
2.237777
3.605332
6.616077
2.580712
34.084591
30.795927
20.589533
0.000000
0.323798
-0.720046
-1.371488
-1.767273
0.114203
-4.686388
-4.095787
-4.201457
-3.842260
-4.896364
-4.413309
-1.420685
5.656805
8.861661
1.796793
26.881010
33.167542
22.799484
15.589769
0.000000
-0.111969
-1.112739
-1.526920
-1.830552
0.146906
-3.575293
-4.018480
-3.108989
-2.992602
-2.631452
-1.908916
-1.669414
1.751421
2.372040
4.758274
6.812645
35.549999
31.570923
20.549696
0.000000
1.870187
-0.728459
-1.416846
-1.816027
-0.957990
-4.861956
-4.129684
-3.617038
-3.589303
-2.648801
-2.271885
-1.826366
2.669292
8.816333
3.674179
24.520405
35.549999
25.704283
16.566595
0.000000
0.013515
-1.065024
-1.570208
-1.902718
0.132519
-3.462746
-4.118474
-3.288607
-3.910862
-3.394782
-1.819437
-2.254391
1.668398
4.017217
6.913336
6.589338
35.549999
34.751114
24.582417
0.000000
0.868286
-0.898305
-1.436943
-1.826698
0.072290
-5.425043
-4.669966
-3.651787
-3.214095
-2.836248
-1.717902
-1.500069
1.660377
2.649361
3.974991
6.376254
35.549999
34.943977
25.282047
0.000000
4.578180
-0.651798
-1.301444
-1.746930
-2.104536
-4.436045
-4.094275
-3.682519
-4.533863
-2.773595
-2.509638
-2.798630
2.202043
8.826341
6.915667
31.147568
35.549999
27.962189
19.726427
0.000000
0.199255
-0.738697
-1.302817
-1.688059
0.117432
-3.017426
-3.616070
-3.386662
-3.463607
-2.940632
-1.798410
-1.829632
1.144937
3.313965
5.984463
2.739908
35.549999
31.668858
21.356737
0.000000
2.762778
-0.752886
-1.343112
-1.742256
0.120504
-4.177971
-4.284183
-3.497920
-3.693712
-3.248499
-1.577439
-2.023247
0.962191
6.064738
4.211442
30.814171
35.549999
29.812918
22.055738
0.000000
1.424823
-0.767076
-1.285989
-1.683627
0.131586
-3.015125
-3.995286
-3.636525
-3.451883
-3.114788
-2.023114
-2.782305
1.332069
5.228003
9.226754
9.133342
35.549999
28.116749
19.548481
0.000000
1.528882
-0.111579
-1.374436
-1.805201
-0.121471
-2.872054
-4.019548
-3.825768
-3.923597
-3.599159
-2.579125
-3.915950
1.199181
4.822079
9.032146
22.745090
35.549999
28.196993
19.826151
0.000000
1.741709
-0.113330
-1.339402
-1.789482
-0.346375
-3.351364
-4.158316
-3.735950
-3.968290
-3.609381
-2.622469
-3.921727
0.985879
5.708790
5.885491
27.524185
35.549999
26.586880
20.085104
0.000000
3.297672
-0.109397
-1.278307
-1.728130
-0.420267
-3.977432
-3.762335
-3.405751
-3.558665
-3.505020
-10.115396
-7.480472
-2.590694
3.872300
8.859827
0.469096
29.433569
20.868275
15.855519
0.000000
1.058229
-0.116534
-1.555717
-1.888635
0.115033
-3.412189
-3.789609
-3.448314
-3.791488
-3.450739
-2.253369
-3.399078
1.329268
3.877543
9.798717
35.549999
35.549999
30.055523
23.577883
0.000000
7.072289
-0.354171
-1.043441
-1.476658
0.139757
-3.466856
-4.495543
-3.773879
-3.676046
-3.200689
-2.228348
-2.093809
1.341681
7.539269
4.416278
35.549999
35.549999
28.046171
20.623592
0.000000
1.422609
-0.728154
-1.254283
-1.660046
0.142914
-2.227668
-3.992222
-3.768687
-3.460774
-3.470519
-2.649076
-3.334948
0.778593
3.549830
8.947850
3.000488
35.549999
34.095345
25.366583
0.000000
9.711698
-0.106752
-1.142954
-1.614395
0.121615
-2.558543
-4.286448
-4.013894
-3.910256
-3.764081
-2.857598
-3.705353
0.664586
5.209606
10.188537
29.437817
35.549999
28.848904
20.377630
0.000000
2.819095
-0.108719
-1.230544
-1.690961
0.110066
-2.052404
-3.964924
-3.784060
-3.676592
-3.536478
-2.753993
-1.762207
-0.337759
3.144637
6.290326
4.216883
35.549999
33.646111
24.285091
0.000000
9.616684
0.383438
-1.141811
-1.643698
-0.065768
-2.984691
-4.518813
-4.027588
-4.209300
-3.968493
-3.037130
-4.034849
-0.934832
4.567333
6.748242
28.126272
35.549999
33.618828
25.753407
0.000000
8.576793
-0.405439
-1.027338
-1.468272
0.149670
-2.299062
-4.411658
-3.868961
-3.931101
-3.511499
-2.131752
-2.763891
0.568688
6.461264
9.753932
31.446781
35.549999
27.071793
19.586109
0.000000
1.396222
-0.109126
-1.289550
-1.721798
0.119453
-1.612494
-3.994134
-3.687371
-3.590257
-3.186093
-2.592474
-1.356753
-0.651924
3.221257
4.909150
7.935557
35.549999
34.087566
24.498240
0.000000
9.663377
0.842651
-1.149929
-1.673954
-1.383800
-3.458396
-4.839159
-4.219117
-4.292792
-4.120954
-3.153265
-4.119077
-1.364594
4.031379
7.089562
33.154686
35.549999
34.590767
25.322546
0.000000
7.727644
-0.139231
-0.958601
-1.437684
0.281523
-1.044443
-4.677753
-4.202794
-4.097690
-3.674123
-2.406497
-3.254602
-0.182891
6.086605
5.049255
7.058219
35.549999
30.551941
21.876135
0.000000
2.551430
-0.106863
-1.161461
-1.631427
0.212543
0.100722
-4.142596
-3.734396
-3.894351
-3.914904
-2.937130
-2.759481
-0.663699
2.665292
8.428675
4.577673
30.048878
35.149441
26.301746
0.000000
3.131032
-0.108168
-1.036699
-1.533265
0.208907
-0.077147
-4.181389
-3.842109
-3.961091
-3.969588
-3.036574
-2.711588
-0.898209
3.777328
9.370173
10.092977
35.549999
33.288425
23.664877
0.000000
2.969151
0.277497
-1.101055
-1.599088
0.160845
-0.121988
-4.046684
-3.738792
-3.895694
-3.613128
-3.158330
-1.678969
-1.490625
2.782514
5.954697
4.276754
27.132994
34.763950
24.718731
0.000000
10.831081
0.794287
-1.066995
-1.562484
0.225706
-0.583969
-4.788296
-3.609756
-4.036441
-4.156476
-3.277950
-9.129907
-6.623110
0.730381
4.447743
7.126066
35.074028
22.479664
15.439695
0.000000
0.665209
-0.124925
-1.610903
-1.851502
0.250485
-0.238858
-3.973877
-3.337452
-3.129695
-3.147238
-2.628204
-3.293001
-0.861802
3.399305
9.853106
7.910497
35.549999
33.639378
24.369532
0.000000
3.757928
-0.106833
-0.958252
-1.455249
-4.803781
-0.230961
-4.478714
-3.462950
-3.651978
-3.643914
-3.110273
-2.705814
-1.132207
2.637097
8.231230
9.461095
35.549999
33.799995
23.948429
0.000000
11.259366
0.337669
-0.971814
-1.461360
0.196049
0.101230
-4.453010
-3.608488
-3.443847
-3.578621
-3.150791
-1.818965
-0.743631
2.375527
6.849858
8.891438
26.565525
32.884144
24.142820
0.000000
16.138840
0.891188
-0.981190
-1.465597
-24.814583
-1.411806
-4.313554
-3.837321
-3.795530
-3.927302
-3.337555
-6.375675
-1.980999
2.643597
8.610773
23.943760
35.549999
29.057426
20.353765
0.000000
13.681230
0.185281
-1.073740
-1.504593
-26.764442
0.114029
-5.057769
-3.985888
-4.179930
-4.307432
-2.958510
-5.032251
-1.695730
3.464980
5.261451
4.698165
26.541733
35.549999
29.168020
0.000000
19.743546
1.632185
-0.122467
-0.117398
-26.649124
-2.295383
-5.553432
-4.698049
-4.000580
-3.317515
-3.020876
-4.378700
-1.606713
5.549986
9.249119
3.001060
35.549999
32.029362
21.967299
0.000000
13.621308
0.720147
-0.930871
-1.282020
-35.549999
0.127310
-4.614324
-3.858940
-3.052289
-3.199650
-3.820829
-2.310041
-0.846331
4.986122
8.611778
7.450603
29.952297
30.200905
21.975792
0.000000
13.463586
-0.106719
-1.132382
-1.574158
-26.241135
0.118369
-4.581263
-3.822887
-3.274560
-3.511309
-3.211934
-1.902864
-1.772926
2.324025
4.383425
5.534328
23.768993
35.549999
29.201391
0.000000
20.527813
1.578529
-0.849890
-1.386524
-26.889700
-1.668334
-5.066762
-4.088811
-4.262779
-4.215256
-3.382408
-8.861506
-6.096020
-0.175699
8.101891
3.378255
34.666466
23.558636
16.017206
0.000000
5.902737
-0.123390
-1.434498
-1.749621
-26.118975
0.125942
-3.687102
-3.251958
-3.138913
-3.189260
-2.807841
-2.149098
-1.831585
2.358690
2.801038
7.128005
7.535327
35.549999
30.290867
21.117958
0.000000
1.965370
-0.692916
-1.305928
-1.719820
0.110007
-5.282489
-4.270267
-3.956013
-3.883474
-2.859707
-4.833201
-3.218945
6.164469
8.727025
6.010489
35.549999
27.543854
19.760963
14.111307
0.000000
-0.113953
-0.117733
-1.529450
-1.827631
0.132167
-2.738729
-3.493676
-3.096647
-3.367873
-3.040105
-2.151030
-2.061758
1.689037
3.040684
7.646614
7.135009
35.549999
29.430515
20.411051
0.000000
1.427196
-0.826401
-1.399270
-1.808253
0.114262
-4.834803
-4.593536
-3.705781
-3.888494
-3.032401
-1.746508
-1.985384
1.515553
7.195615
3.630825
14.366056
35.549999
29.351700
20.882395
0.000000
1.098523
-0.839489
-1.399390
-1.788873
0.114321
-4.254240
-4.155491
-3.378469
-3.700329
-3.096587
-1.932649
-2.578377
1.780674
6.879471
4.314365
20.798965
35.549999
26.138361
18.667477
0.000000
1.208278
-0.111380
-1.415417
-1.840845
-1.599740
-3.816000
-3.785523
-3.571984
-3.686671
-3.472072
-2.410445
-3.637404
2.099412
3.578299
8.354836
30.503384
35.549999
27.525677
20.273054
0.000000
6.918075
-0.658493
-0.110711
5.925318
0.122759
-4.391238
-4.571607
-3.632041
-4.208945
-13.410016
-6.799072
-4.828184
-0.657980
7.620041
4.551727
35.549999
30.536308
21.667097
15.745909
0.000000
0.955487
-0.371014
-1.512007
-1.855726
0.113495
-4.098486
-4.030674
-3.366967
-3.871448
-3.326556
-2.910409
-4.174303
1.516781
4.126780
8.951309
35.549999
32.158340
23.545153
17.315987
0.000000
1.835973
-0.888359
-1.294468
-1.639521
0.131197
-3.855991
-4.223980
-3.279605
-3.425229
-2.944166
-6.933515
-3.294809
0.786558
7.964388
3.775414
35.549999
31.896935
23.322464
17.683237
0.000000
1.507112
-0.668812
-1.253297
-1.595035
0.117423
-3.779001
-3.742986
-2.785174
-2.963857
-9.146364
-7.554938
-3.059443
-0.403090
7.040181
4.042490
35.549999
33.781696
24.597628
18.201664
0.000000
4.459979
-0.738121
-1.150646
-1.338107
0.149284
-3.037656
-4.508788
-3.259760
-2.758956
-5.543885
-3.849363
-1.886522
0.655153
6.727800
3.277495
35.549999
35.549999
29.910469
21.785418
0.000000
4.775865
-0.111804
-1.119778
-1.590519
0.096522
-4.977767
-4.054107
-4.029389
-3.984675
-3.655167
-2.891080
-1.868180
-0.556692
7.993642
4.229899
35.549999
35.549999
27.098854
19.693504
0.000000
-0.150546
-0.466665
-0.962812
-1.306444
0.144160
-3.236931
-3.524114
-2.632619
-3.302134
-6.174036
-2.620284
-1.687824
1.583273
9.292015
4.246356
35.549999
35.549999
25.224953
19.005455
0.000000
-0.056046
-0.787680
-1.287615
-1.587398
0.161739
-3.098497
-4.142152
-3.699996
-3.355064
-2.959941
-4.578765
-1.712504
1.235554
8.291729
8.448062
28.617905
34.386654
24.989887
16.594700
0.000000
0.230113
-0.896130
-1.372944
-1.716686
0.153793
-1.909360
-4.577626
-3.588706
-3.395220
-2.940417
-2.108148
-1.517925
0.698938
2.395614
3.805912
6.768117
1.211956
35.549999
26.114069
0.000000
10.500299
-0.380874
-1.103183
-1.540669
0.160671
-2.701795
-5.271187
-3.922694
-3.033062
-2.899938
-2.249926
-0.851795
-0.389394
6.890799
5.684354
6.538939
35.549999
28.242270
20.116438
0.000000
1.009059
-0.924687
-1.401959
-1.749968
0.172207
-1.745576
-4.395959
-3.463680
-2.986985
-3.047218
-2.464542
-1.526503
0.374649
2.956305
5.958951
7.298717
35.549999
33.715599
23.367479
0.000000
2.468152
-0.583347
-1.214796
-1.643283
0.147313
-2.755832
-4.488792
-3.747494
-3.117691
-2.928914
-2.154458
-1.364372
-0.191811
4.204938
8.695432
1.611309
35.549999
32.959492
22.599640
0.000000
2.459733
-0.747697
-1.302067
-1.702449
0.153132
-2.135952
-4.467754
-3.797940
-2.951899
-2.924267
-2.407235
-1.358637
0.298664
3.264062
5.937469
7.307370
35.549999
35.549999
25.104839
0.000000
11.204968
0.064013
-1.221685
-1.691226
0.128145
-2.740552
-4.667151
-4.037274
-3.372081
-3.205263
-2.407520
-1.508610
-0.298979
2.920016
3.738547
6.639206
35.549999
35.549999
26.551195
0.000000
10.782924
-0.437202
-1.046132
-1.496993
0.142474
-1.412340
-4.993671
-3.939397
-4.045476
-2.908942
-5.941465
-2.636839
-0.618226
7.126499
5.898164
6.121971
35.549999
32.718372
22.583715
0.000000
1.126611
-0.579026
-1.138604
-1.552239
0.160692
-1.098864
-4.429817
-3.639295
-3.350686
-3.134727
-2.590131
-1.766710
-0.920171
3.165049
6.396458
2.712775
35.549999
35.458313
24.856298
0.000000
12.653615
-0.117364
-1.143816
-1.625220
0.243980
-0.467168
-4.084938
-3.670213
-3.793128
-3.666197
-2.748007
-2.613312
-0.709071
3.852591
9.549589
6.918164
35.549999
32.128170
23.043360
0.000000
2.448140
-0.109405
-1.172509
-1.646961
0.179886
0.106464
-3.831228
-3.243254
-3.549315
-3.471189
-3.009984
-1.752476
-1.731358
2.642294
3.930612
7.643895
35.549999
35.432423
25.371693
0.000000
16.471632
-0.467061
-0.115038
1.262431
0.285053
-1.471237
-5.873767
-4.403942
-3.766059
-3.233208
-3.592937
-2.304413
-0.839279
6.825535
5.167130
6.974261
35.549999
31.643641
23.003496
0.000000
2.575942
-0.109431
-1.172621
-1.625201
0.223032
0.112902
-4.447146
-3.976163
-3.558891
-3.684801
-3.158468
-2.368120
-0.757553
2.583356
7.497657
4.357172
25.416012
35.150253
24.524801
0.000000
2.973694
0.009120
-1.080585
-1.580812
0.192811
-0.308387
-3.967086
-3.408994
-3.610814
-3.811899
-3.120677
-2.736372
-0.661832
2.214640
7.821095
3.761026
34.716129
34.320019
23.873743
0.000000
3.608254
0.431784
-0.981484
-1.498415
0.143414
-0.490671
-4.033072
-3.724275
-3.733726
-3.677823
-3.218066
-2.065857
-0.295748
3.358642
8.755072
9.474109
35.549999
30.524811
21.757631
0.000000
2.607943
0.313896
-1.058799
-1.531028
0.158315
0.247307
-4.068144
-3.577696
-3.903052
-3.663290
-3.382615
-1.884494
-0.767044
2.457186
5.341949
8.590534
31.881416
35.549999
27.677872
0.000000
18.408627
0.850189
-0.891901
-1.398058
-26.485054
-2.286827
-4.024276
-3.665462
-3.452298
-3.520586
-11.221832
-6.697420
-3.174194
1.795900
9.697191
2.406914
35.549999
27.719620
19.207338
0.000000
10.831250
-0.688915
-1.069758
-1.389986
-26.395727
0.119284
-3.528241
-3.068305
-2.502273
-3.868505
-7.069522
-3.925119
-1.526751
2.632833
6.857075
2.348982
35.549999
31.303894
22.362389
0.000000
15.483102
0.570051
-0.944819
-1.419633
-27.463934
-1.001695
-5.432483
-4.442702
-3.601618
-3.002949
-6.299026
-3.475194
-1.813028
1.292738
10.774398
2.283736
35.549999
35.025566
25.169046
0.000000
14.931736
-0.307600
-0.793544
-1.191063
-35.549999
0.115402
-5.101151
-3.820992
-2.779986
-5.164043
-5.618133
-2.254589
-2.078611
3.086736
8.858222
6.427907
35.549999
35.270298
25.237890
0.000000
15.478673
-0.029267
-0.921245
-1.431395
-35.549999
-0.614149
-5.478678
-4.584671
-3.658455
-3.441455
-5.947993
-3.130699
-2.013339
4.171734
7.499487
1.932448
35.549999
32.217506
22.036158
0.000000
13.033199
-0.110520
-1.054206
-1.501171
-26.674417
0.119661
-4.820327
-4.106213
-3.252318
-3.489122
-3.489195
-2.197517
-1.955482
1.967367
7.009779
3.008981
25.736773
35.549999
27.017172
0.000000
16.079733
-0.048253
-0.997299
-1.498623
-26.231632
0.116669
-5.008360
-4.395263
-3.516160
-3.572231
-3.075579
-1.955936
-1.768492
2.121055
5.208100
5.514716
6.642973
35.549999
29.625570
0.000000
18.376207
0.891737
-0.996090
-1.522429
-26.343779
-0.484923
-5.077605
-4.394120
-3.467849
-3.701536
-2.869023
-1.821383
-2.041330
1.517238
5.691408
4.202518
7.133638
35.549999
28.768564
20.137882
0.000000
0.588276
-0.887152
-1.467123
-1.846357
0.119860
-4.068629
-4.099624
-3.743196
-3.950595
-2.993722
-1.867525
-2.371840
2.104712
8.261103
3.552640
23.232342
35.549999
26.006159
17.951313
0.000000
0.700716
-0.913072
-1.471416
-1.833871
0.126327
-4.054151
-4.199991
-3.247059
-3.438232
-3.122068
-1.973009
-1.915953
1.652596
3.324335
7.449841
3.326477
24.768238
33.727890
23.109888
0.000000
4.125802
-0.698289
-1.303749
-1.693730
0.121712
-4.146688
-4.169547
-3.670935
-3.571964
-2.790875
-1.575777
-1.638535
1.793719
8.755613
8.731656
33.328270
35.549999
25.871397
17.895729
0.000000
0.112423
-0.949361
-1.453789
-1.800974
0.123488
-2.569017
-3.686158
-3.349754
-3.398436
-2.985338
-1.805434
-1.785732
1.512774
3.137212
5.774959
3.500605
34.831341
31.642561
22.318157
0.000000
3.662717
-0.805662
-1.304114
-1.671436
0.125242
-3.997957
-4.525788
-3.744819
-3.910314
-3.256068
-4.014694
-1.520132
2.669792
3.760330
4.829449
10.976683
35.549999
33.515644
24.459785
0.000000
4.233122
-0.550282
-1.190358
-1.621247
-0.369866
-4.818505
-4.259592
-3.310920
-3.910084
-3.344031
-7.664307
-2.883726
-0.137421
10.011786
2.867740
35.549999
29.532091
20.778236
15.109739
0.000000
-0.107397
-0.118246
-1.497364
-1.829682
0.131637
-3.429295
-3.644366
-3.507216
-3.526322
-3.080713
-1.935122
-2.181944
1.736970
2.578233
4.971477
7.836100
35.549999
32.382565
24.284477
0.000000
6.182726
-0.556581
-1.214673
-1.644555
0.130891
-4.071644
-4.584161
-3.715642
-3.727648
-2.784822
-3.494795
-1.307760
5.435884
8.270721
5.891476
34.185314
30.737669
20.773384
14.631880
0.000000
-0.113724
-0.120394
-1.466174
-1.760217
0.151140
-0.667023
-3.988886
-3.384870
-3.572970
-3.081130
-2.888237
-1.882140
1.232551
3.083193
7.526915
7.914618
32.933067
30.528368
21.934565
0.000000
1.309305
-0.827385
-1.344645
-1.741368
0.150551
-3.750084
-4.376787
-3.532746
-3.482796
-3.106839
-2.170874
-1.617790
1.288216
3.330894
7.536077
8.389961
35.549999
32.362782
23.627193
0.000000
5.454042
-0.675650
-1.250417
-1.649794
0.139172
-3.041916
-4.268535
-3.468171
-3.808165
-3.506068
-3.309795
-2.033983
1.200953
7.202513
3.958295
8.492909
35.549999
27.617010
19.249350
0.000000
0.453806
-0.917971
-1.424659
-1.775869
0.150072
-2.176960
-3.933041
-3.302902
-3.403251
-3.161409
-2.298177
-1.815603
1.135370
2.827105
5.355120
7.197943
35.549999
32.727837
23.361568
0.000000
6.989336
-0.676866
-1.245379
-1.664152
0.126624
-2.854290
-4.292372
-3.667817
-3.466071
-3.212924
-2.129399
-2.550844
1.181673
2.516960
7.563570
3.160517
26.181580
34.098629
25.409903
0.000000
8.731686
-0.579049
-1.148682
-1.567041
0.121449
-2.531277
-3.961450
-3.556348
-3.936677
-3.391105
-8.861038
-6.896617
-2.688556
4.120422
9.760511
1.071983
32.966965
23.311520
16.404764
0.000000
1.444843
-0.118241
-1.482401
-1.824525
0.135053
-2.315901
-3.882334
-3.390870
-3.554183
-3.533364
-2.672838
-3.472839
0.846710
3.478559
9.746133
19.862156
35.549999
32.250862
24.237490
0.000000
9.304415
-0.109558
-1.051038
-1.536121
0.115686
-2.526476
-3.758402
-3.767783
-3.937744
-3.955188
-13.523016
-8.076940
-3.346774
3.679796
8.671040
1.530584
29.359716
22.971556
17.091032
0.000000
1.090318
-0.118097
-1.588402
-1.867491
0.138982
-2.371604
-4.123871
-3.611933
-3.499473
-3.379739
-2.809284
-2.371531
-0.220409
4.009979
6.934680
32.225922
35.549999
32.191273
25.196430
0.000000
9.166967
-0.415603
-0.994519
-1.437526
0.154098
-2.398989
-4.707307
-4.053564
-3.439421
-3.227017
-2.817648
-2.012133
0.299574
7.081824
4.313732
35.549999
35.549999
28.185274
21.854498
0.000000
1.277398
-0.659093
-1.170372
-1.560045
0.173813
-1.145858
-4.499154
-3.794701
-3.354523
-3.235313
-2.059223
-1.556559
-0.418573
3.419168
7.012870
2.747820
34.115089
34.070778
24.788824
0.000000
3.138365
-0.638351
-1.216275
-1.650368
0.133998
-2.228679
-4.404254
-3.805969
-3.425934
-3.327991
-2.130502
-1.496283
-0.288403
2.684692
8.312470
1.295106
35.549999
35.549999
26.100817
0.000000
7.539440
-0.519953
-1.092987
-1.549227
0.134447
-1.660812
-4.730543
-4.150517
-3.755421
-3.692116
-2.515723
-2.167173
-0.821388
2.854119
7.881175
2.501419
35.549999
35.549999
25.846071
0.000000
3.339377
0.266303
-1.020257
-1.543781
0.178305
-0.438863
-4.064316
-3.911473
-4.046834
-4.151474
-3.230059
-2.283529
-0.808754
3.282505
8.366495
1.233029
34.363979
34.525276
25.329731
0.000000
3.440868
0.648986
-1.032876
-1.556865
0.190120
-0.673750
-4.149459
-3.836132
-4.100187
-4.249546
-3.343448
-2.852501
-1.616490
3.666153
7.381948
1.949860
35.549999
35.340408
25.570524
0.000000
10.365511
1.004973
-0.936129
-1.489828
0.185700
-2.171494
-4.094070
-3.911426
-4.115555
-4.153856
-3.293106
-6.825925
-3.046501
2.981810
9.098539
1.065134
35.549999
27.559130
20.138397
0.000000
1.876915
-0.114372
-1.241791
-1.662032
0.243992
-0.110497
-3.940997
-3.587913
-3.897141
-3.765071
