0.000000
10.431216
10.323338
10.507343
10.367206
10.435372
10.244066
7.689238
7.360431
10.011214
9.980750
10.241269
10.465539
10.604289
10.553141
7.516247
1.416525
-0.783664
-1.247026
-0.751640
-0.271858
0.549242
0.467777
0.939440
0.917006
-0.039483
-1.268601
-1.130229
-0.751558
1.485324
-0.437612
-0.067335
0.000000
-7.566283
-7.015641
-6.063832
12.734776
12.305403
5.596023
-5.337669
-0.834264
0.206681
0.869589
1.140654
1.371638
0.218081
0.310490
0.405102
-0.724666
-1.013004
1.072310
1.011909
-0.530353
0.000000
-13.600386
-12.381214
9.868341
11.171499
5.987939
-4.007286
-2.079386
-1.867982
-4.697930
2.546788
4.096507
3.335620
2.508522
1.116528
0.441801
-0.403833
0.996034
1.253511
0.147517
0.000000
-6.867285
-5.436420
8.354156
8.116771
8.160664
-0.796127
-0.460683
-2.120308
-0.340523
1.096894
1.956095
1.259036
-0.318185
-0.441919
-1.181740
-1.202333
0.367886
1.146799
0.121717
0.000000
-2.913135
-2.460682
11.489052
10.942718
8.186199
-2.463539
1.030046
0.456949
0.681100
1.314400
1.740634
0.251986
-0.381663
-1.827367
-2.701749
-2.441820
0.633244
1.065830
0.522738
0.000000
-1.010292
-0.343289
11.237531
10.733811
8.923405
0.351126
-1.865778
-0.203279
2.279206
1.627798
1.237238
-0.507430
-0.548265
-0.957529
-1.578815
-2.872586
0.081515
0.762126
0.063916
0.000000
-0.145505
0.574485
12.386062
11.231308
2.966369
-6.849417
-1.906677
0.051852
1.314902
2.931665
1.979741
1.805800
0.504007
-0.553965
-1.996555
-3.059859
-3.536777
-0.209270
0.497010
0.141373
0.000000
-0.022478
0.426677
11.026617
10.983528
7.966351
-3.729412
0.608978
1.495049
2.339109
1.816338
1.742710
0.385981
-0.723605
-1.970942
-2.739844
-3.313676
-0.533522
0.629001
0.300935
0.000000
-0.531738
0.056980
11.898251
11.855316
8.342504
-0.041129
-0.095088
-0.462567
1.407250
0.630317
1.030869
1.163161
-0.103322
-0.974651
-1.723788
-3.832775
-1.818421
0.867468
0.317032
0.000000
0.784922
1.352388
12.514163
11.536194
11.064635
4.587782
-2.157474
-0.723199
0.178354
3.339323
1.467902
1.861482
1.001371
-0.353482
-0.789913
-2.028953
-2.980850
-1.267687
0.351417
0.044025
0.000000
-0.131645
-0.098850
10.845846
10.872337
8.543054
-5.982018
-0.974337
2.973329
3.526824
0.439079
2.249707
1.127075
-0.265138
-0.674303
-2.329405
-3.344280
-1.014643
1.265082
3.266391
0.000000
-1.447792
-0.903465
12.418508
11.652189
10.675840
0.430401
-1.722295
-0.173501
1.305038
0.850942
1.587349
0.796818
-0.541067
-0.422379
-1.713569
-2.568250
-1.076955
0.695786
-0.000547
0.000000
-0.766412
-0.095435
11.674523
12.115090
5.498015
-7.253206
-1.169716
1.990288
2.952847
3.772200
1.301016
1.588033
0.902516
-0.938290
-1.616116
-2.661955
-3.863863
-1.858236
0.678608
0.240181
0.000000
-1.222898
-0.414368
13.328681
12.461304
12.423815
9.872010
-0.250725
-1.101840
0.839926
2.532104
1.430548
0.525411
-0.957278
-0.822267
-1.582985
-1.828369
-2.479856
0.306517
0.406659
-0.159545
0.000000
0.087097
0.553704
12.671057
12.916550
3.048840
-7.021304
0.700943
3.474235
3.341574
3.419964
1.444112
1.685228
0.903474
-1.069015
-1.743074
-3.465639
-4.564381
-1.561226
0.890967
0.544709
0.000000
-2.091971
-1.281563
13.682521
14.411133
10.657965
-3.756681
-1.582933
0.409160
1.798494
2.499994
2.263645
2.386147
0.067573
-0.893777
-1.806040
-3.541143
-4.188496
-0.134505
0.828444
0.059810
0.000000
-0.463375
0.581883
14.151740
14.698298
7.133156
-4.228294
0.372542
1.705350
2.610309
3.095484
1.294212
1.878218
0.583288
-1.163785
-2.456933
-3.554156
-4.415324
-1.797293
0.642399
-0.697313
0.000000
1.001038
1.826496
12.623175
13.116581
12.656227
8.025504
-1.317605
-0.867477
1.983660
3.010360
3.153305
1.812047
0.094054
-0.647062
-1.269985
-3.332288
-3.302050
-0.317741
-0.129314
-0.423842
0.000000
-0.091327
0.672097
12.163657
12.387233
5.523696
-5.792597
0.223104
3.662540
4.208815
1.809541
2.568753
1.308537
-0.545656
-1.391018
-2.529448
-4.036175
-1.811916
0.756763
0.112644
0.000000
-0.809221
0.074755
13.444312
13.686273
9.751849
-3.256569
-1.069584
1.079675
2.972345
1.637346
1.772167
1.203198
-0.563169
-1.528728
-3.070127
-4.412744
-1.769361
0.529607
0.344450
0.000000
1.024440
1.792134
12.939824
13.879705
3.739236
-7.915576
-1.647946
1.583750
1.265184
3.501174
4.014178
1.746197
1.469854
-0.486718
-1.525342
-2.628076
-4.206310
-4.117906
-0.566671
0.361889
-0.061700
0.000000
-0.029935
0.862910
13.240273
13.692600
7.404963
-4.061440
1.014341
1.091070
3.008845
1.399929
1.944758
1.100638
-0.266076
-1.437682
-3.399391
-4.312723
-2.835267
0.408656
0.224678
0.000000
-0.101650
0.688196
12.959844
13.831779
9.014801
-3.670301
-1.135278
0.587291
2.967783
2.241127
2.208642
0.355514
-1.105907
-1.130340
-2.136496
-2.972954
-1.601239
0.636843
0.227474
0.000000
0.205811
0.608480
11.171331
12.279969
0.629682
-11.303539
-3.130737
3.013873
4.215290
4.349548
3.220752
1.217453
1.604685
1.047151
-1.115141
-1.308514
-3.752255
-4.497128
-2.821091
0.572474
0.668128
0.000000
-2.171619
-1.100924
14.406824
14.820185
11.563956
-2.823352
-1.760237
0.764716
3.526618
2.396815
2.267401
1.251384
0.038154
-0.975138
-2.707780
-4.723677
-2.393350
0.498212
0.576563
0.000000
0.162429
1.137631
11.842257
13.002780
4.690825
-8.837326
-2.676163
2.485308
2.867954
4.335701
2.229773
1.640059
1.248523
-0.497116
-1.074128
-2.563623
-4.354538
-2.984008
0.413095
0.155240
0.000000
-1.399421
-0.322855
13.631283
13.881668
13.708259
9.771399
-1.798336
-0.539165
2.249355
3.016565
1.485149
1.604790
1.119755
-0.335496
-0.905467
-3.055437
-3.262656
-0.832861
0.410352
0.013782
0.000000
-0.473463
0.191114
12.217773
12.508017
3.897151
-6.766275
0.653829
3.815176
4.139667
2.120996
3.105999
2.170854
-0.809461
-1.330898
-2.906366
-4.066929
-2.739856
0.198456
0.656426
0.000000
-2.493436
-1.619304
14.845149
15.566059
12.159555
-6.133277
-0.497823
1.212640
1.441476
1.176791
2.126807
1.606679
0.365223
-0.134049
-2.366089
-4.598687
-2.763804
0.296048
0.314881
0.000000
-0.108108
0.986618
12.883696
13.504189
10.081286
-2.480406
-0.599358
0.774812
1.977283
1.907871
2.392877
1.113150
-0.686609
-0.985371
-2.502839
-3.467284
-2.006314
0.316350
-0.108090
0.000000
0.511201
1.217516
11.204442
12.302640
0.382817
-10.931648
-2.616322
2.675540
3.725872
4.190413
3.573706
1.352794
1.806236
1.500140
-0.850747
-1.650333
-3.435159
-4.817421
-2.727098
0.407485
0.337940
0.000000
-1.636966
-0.547413
13.734336
14.162926
11.075247
-1.916064
-0.871949
1.305819
2.872172
1.382080
1.647984
1.186241
0.238713
-1.401849
-3.055185
-4.153070
-3.083538
0.188869
0.090537
0.000000
0.105880
1.310271
11.912795
12.761139
7.963477
-5.220327
-1.481982
0.350204
3.084879
3.100997
2.475074
0.554704
-0.258898
0.016115
-2.297048
-3.206710
-3.403495
-0.117726
-0.220289
-0.485647
0.000000
0.043368
1.123787
12.586128
12.586529
4.961703
-3.578506
0.850554
2.160441
4.077926
3.812222
2.466229
-0.031893
-1.395457
-1.255545
-2.657373
-4.381823
-2.010599
0.431298
-0.039026
0.000000
-1.767434
-0.564171
14.832869
15.463602
9.734644
-5.204760
-1.474076
0.868883
3.794682
4.594203
1.541141
1.513587
0.665161
-1.368082
-1.965518
-3.422326
-5.445113
-2.052407
0.446249
0.166283
0.000000
0.023605
1.230298
13.600217
15.435836
8.572838
-4.779373
-1.171343
0.503158
2.362970
4.659231
1.736278
0.729139
0.030775
-0.508022
-1.027570
-3.525689
-4.521235
-2.210097
-0.068008
-0.450887
0.000000
0.553026
1.567238
13.295449
14.158934
7.143210
-4.503032
-0.285991
0.696158
3.010749
5.854776
1.552366
0.538814
-0.682696
-1.326726
-1.029567
-3.115636
-4.389800
-1.570134
0.392161
-0.005960
0.000000
-0.405713
0.699687
14.434164
15.587597
3.559608
-7.857134
0.383990
3.647856
3.317193
3.636244
2.183124
1.311839
1.339819
0.115027
-1.317530
-3.006313
-5.389850
-4.749347
-1.061906
0.532499
0.096505
0.000000
-0.643855
0.557675
14.867473
15.695246
7.817888
-4.744402
-0.195326
4.203629
4.591567
1.798038
0.982618
-0.366492
-0.236786
-0.840175
-3.550754
-4.399518
-1.932704
0.232417
-0.282018
0.000000
-0.297279
0.991078
12.816661
13.438898
5.817882
-6.651337
-0.210979
1.632144
4.383007
3.562582
2.228622
1.300265
0.888292
0.007121
-1.646116
-4.031276
-4.010348
-0.857893
0.312857
-0.179124
0.000000
-1.074327
0.189529
13.056747
13.220858
5.669418
-5.322380
0.988365
2.942932
3.298508
1.821447
2.193659
0.602835
0.307159
0.020473
-2.253421
-4.549007
-3.101328
-0.100742
0.118315
0.000000
-1.213502
0.349155
13.390842
13.923057
7.620666
-6.103929
-1.974146
0.356613
2.594190
3.888003
1.421829
1.415760
0.838262
0.647118
-0.401379
-3.710618
-5.357195
-2.135649
0.319065
0.041987
0.000000
-0.147112
1.148511
12.577224
13.158319
7.019099
-4.727419
0.278901
1.197796
3.127146
2.579334
2.300115
0.903290
0.489276
-0.010028
-1.892575
-4.252190
-3.426019
-0.439793
0.222349
0.754385
0.000000
0.467284
1.521211
13.106890
12.716234
5.709688
-2.307275
0.155959
2.745050
3.341165
1.058153
1.538927
1.430400
-0.037556
-0.100204
-2.162161
-4.011131
-1.893517
0.230952
-0.028883
0.000000
-1.178061
-0.271217
12.687026
12.793003
10.850012
-6.144883
0.076072
1.920577
3.086249
1.452188
1.518553
1.010311
-0.112145
-0.957846
-1.581393
-3.271773
-1.464693
0.464946
0.215833
0.000000
-1.188601
0.073870
14.031116
13.568783
4.264320
-7.630736
-0.136337
1.826527
3.717173
2.663280
1.566473
1.756084
0.530767
-1.018459
-2.207404
-4.619624
-4.657958
-1.292996
0.647424
0.500911
0.000000
0.359688
1.712994
13.705047
13.946723
5.296102
-5.529326
1.105903
4.263172
3.520080
1.534268
1.634050
1.281502
-1.377720
-1.892211
-2.681651
-4.378652
-1.546717
0.655746
1.211044
0.000000
0.909966
1.974094
12.863582
12.752997
6.032058
-3.828580
-0.411450
0.516230
3.380322
1.529321
1.811643
1.120677
0.847901
-0.389938
-1.596758
-4.151771
-2.929563
-0.515767
-0.347195
0.000000
-1.412764
-0.414640
10.476334
10.923805
10.919805
-0.513180
-2.585047
2.054421
3.404558
2.310558
1.674581
1.230583
-0.575571
-0.704270
-0.800627
-3.119281
-2.230902
0.101944
0.202906
0.000000
-1.700235
-0.080014
13.395374
12.935739
5.028908
-8.809694
-2.185328
0.827999
2.874995
3.826340
0.970809
1.901364
1.081922
-0.675094
-1.568883
-3.491401
-4.858109
-1.953397
0.273791
0.413296
0.000000
-0.446281
0.697334
12.749274
13.066187
8.465555
-5.805326
-0.108406
2.819138
3.695992
1.494352
1.203003
0.213210
-0.743394
-1.739996
-1.802833
-3.757915
-1.858164
0.137972
-1.485003
0.000000
0.308265
1.376740
13.688976
13.210309
6.361670
-3.295035
-0.240117
0.870958
3.952668
1.252045
1.782931
1.305060
-0.120593
-0.903744
-2.437217
-4.692695
-2.360999
0.134548
-0.129846
0.000000
-0.038737
1.139665
10.531347
11.139168
10.801464
-3.281467
-1.095305
2.953204
3.547512
1.345971
0.684178
0.407574
-0.300603
0.333007
-0.217821
-3.335107
-2.482336
-0.385815
-0.203733
0.000000
-1.211091
0.052955
10.447044
10.081873
7.767934
-3.155366
-0.669591
0.915799
3.298000
0.886109
1.810380
0.310745
0.177585
-0.252158
-1.920767
-3.850817
-2.284876
-0.350568
0.024735
0.000000
-1.222171
0.032969
11.161223
11.276131
8.978204
-4.916803
-0.792814
2.921424
1.880931
0.745486
0.730011
1.168005
0.176084
-0.489393
-1.519655
-3.477432
-2.431649
-0.082609
0.512473
0.000000
-0.603140
0.651952
10.702291
10.468370
7.798646
-1.358635
-0.553026
1.693275
2.251241
0.659164
1.411367
0.125323
0.208560
-0.051634
-1.910164
-3.143888
-2.129108
-0.139263
-0.040664
0.000000
-1.886014
-1.228819
9.855906
9.762070
9.209287
-2.472793
-2.720059
2.416248
2.879659
1.245163
1.825791
1.451692
0.085972
0.100767
-0.954644
-3.330378
-2.481644
0.675781
2.687522
0.000000
-2.646247
-1.462778
13.064936
11.708052
9.690492
-1.310610
-1.760911
1.523549
1.919020
0.246689
1.342582
1.004251
0.825847
0.019800
-2.135298
-3.650052
-2.616369
-0.228192
0.092379
0.000000
-2.339242
-1.537116
10.007771
10.278661
10.857649
1.019325
-1.675268
-0.046920
2.481131
2.272258
2.690785
2.755317
0.067599
0.338619
-0.552991
-3.342125
-2.468834
0.788287
3.937646
0.000000
-2.736792
-1.359869
13.977318
12.434196
10.242757
-2.004480
-1.274907
1.936972
1.458123
0.139248
1.319943
1.051043
0.600322
-0.257236
-2.004174
-3.937490
-2.596066
-0.121229
-0.016043
0.000000
-1.859290
-1.097324
10.007883
10.471540
10.217160
-0.426682
-2.488492
0.305838
3.299403
2.582760
2.819050
2.638170
-0.024289
0.396518
-0.677495
-3.669889
-2.923892
0.392728
3.600663
0.000000
-2.687065
-1.368178
13.141115
11.996136
10.077569
-1.429767
-1.186383
1.834141
1.455744
0.141784
1.179436
0.942402
0.366674
-0.105946
-2.095865
-3.488960
-2.528697
-0.162762
-0.077769
0.000000
-2.088802
-1.250408
10.257523
10.585657
9.610442
-2.357207
-3.277099
0.995411
3.452605
2.259389
2.747347
2.529234
-0.151697
0.191088
-0.920927
-3.771193
-2.752419
0.729586
3.867990
0.000000
-2.952471
-1.718574
13.613614
12.258539
10.326940
-1.195573
-1.278024
1.850223
1.434859
0.282231
1.122563
0.858933
0.301016
-0.187792
-2.085477
-3.829059
-2.450789
-0.033867
-0.087998
0.000000
-1.642739
-1.097468
10.567273
10.976886
9.828663
-2.290151
-3.306898
1.010975
3.577679
2.466332
2.838856
2.546023
-0.436317
-0.126617
-1.219586
-3.868590
-2.676522
0.675858
3.582089
0.000000
-2.792291
-1.489608
14.565933
13.225048
9.923062
-3.086209
-1.733326
1.759987
2.246625
0.765497
1.391044
0.969608
0.242934
-0.428813
-1.950403
-4.082888
-2.754876
-0.290093
-0.375504
0.000000
-1.059170
-0.019549
11.919075
12.445718
9.604099
-6.248680
-3.705978
2.360861
4.199099
2.541058
2.819925
2.327162
-0.666790
-0.611461
-1.826886
-4.177668
-2.732373
0.617562
2.885057
0.000000
-2.584394
-1.273458
14.322588
13.159061
10.072535
-2.396464
-1.580244
2.008471
1.975235
0.533302
1.336955
1.008911
0.005211
-0.278567
-1.910154
-3.772882
-2.519453
-0.170853
-0.330451
0.000000
-1.583678
-0.507669
11.310355
11.862991
10.501686
-2.498611
-3.501212
1.755494
4.008459
2.454778
2.760335
2.370862
-0.490992
-0.496802
-1.552309
-4.005894
-2.750049
0.464317
1.993639
0.000000
-2.467689
-1.081668
14.391754
13.020824
9.603996
-2.948587
-1.590526
1.802178
2.292066
0.588025
1.373656
1.025979
-0.028303
-0.404632
-1.857934
-3.699368
-2.551429
-0.247326
-0.349837
0.000000
-1.452311
-0.312203
12.356082
12.589213
9.604660
-6.432986
-3.499589
2.923142
4.192873
2.298652
2.700819
2.207334
-0.325521
-0.870870
-2.077611
-4.408752
-3.301650
0.242649
2.876736
2.007218
0.000000
-1.333632
-0.272965
13.076277
12.682886
10.395572
-0.935012
1.996646
1.086499
0.423403
0.829982
0.932159
-0.519049
-0.048074
-1.571812
-3.485648
-2.259010
-0.310011
0.001923
-0.289540
0.000000
-0.450719
0.820872
12.582557
12.309166
4.268232
-4.914324
1.321589
3.453361
2.628206
2.573894
2.606840
-0.488240
-0.855933
-2.235940
-4.154621
-2.894461
0.479088
1.196344
2.876974
0.000000
-2.451205
-1.165246
15.020092
13.908836
1.333695
-4.771519
2.267112
2.186517
1.178064
1.332248
1.182111
0.123796
-0.461260
-1.788243
-3.773444
-2.207986
-0.494450
-0.008661
-4.131486
0.000000
-1.387182
0.066074
15.142987
14.281322
4.886051
-5.590972
1.628004
3.425260
2.451529
2.420141
1.978340
-0.592327
-1.336613
-2.959071
-4.287284
-2.677862
0.228403
0.596994
0.991319
0.000000
-1.425067
-0.215731
15.255251
14.066095
0.500954
-4.254460
3.323498
2.878851
1.569953
1.606800
1.345744
0.175364
-0.509942
-2.035446
-4.579535
-3.213749
-0.459087
-0.109235
-1.212197
0.000000
-0.888010
0.639416
13.949778
13.468864
8.084590
-4.468619
1.828863
3.264100
2.363873
2.054477
1.875204
-0.572349
-1.142109
-2.294487
-3.798808
-2.390307
-0.139019
0.225475
0.992550
0.000000
-0.590744
0.614958
12.730215
11.866534
0.670327
-3.549128
3.623975
3.335624
1.708376
1.789928
1.072287
0.140166
-0.251423
-2.318663
-4.515247
-2.979002
-0.331557
0.161177
1.083766
0.000000
-1.612054
-0.256555
12.889473
12.075840
6.510586
-3.239126
2.183914
1.888291
1.230696
1.577412
0.582954
-0.250752
-0.803936
-2.307401
-3.406367
-2.225975
0.124693
0.514527
0.358294
0.000000
-1.192511
0.177050
13.335112
12.161768
0.409515
-4.341058
3.701322
3.947733
1.968111
1.799588
1.350448
-0.600335
-0.905805
-2.356263
-4.557463
-3.394235
-0.704206
0.108146
-0.339498
0.000000
-0.953940
0.205728
14.676862
14.203161
7.798508
-4.028638
1.086145
2.341207
1.989552
2.012524
1.889626
-0.423969
-1.159279
-2.117258
-3.469349
-2.482204
0.096485
0.594411
1.691581
0.000000
-1.099281
0.100148
12.985605
12.024205
1.749873
-4.293472
2.856728
3.094666
1.830074
1.797798
1.324907
0.085608
-0.230743
-2.257620
-4.044519
-2.913892
-0.122698
0.349688
0.750474
0.000000
-2.205070
-0.800980
13.995834
13.183054
4.657468
-3.849680
1.869791
1.648941
1.141704
1.409939
1.079587
-0.507646
-1.101838
-2.267400
-3.340961
-2.180968
0.380255
0.569008
1.090128
0.000000
-0.807711
0.445121
12.669377
11.786842
1.314561
-3.996373
3.638974
3.653294
1.855149
1.637349
1.219422
-0.642298
-0.771250
-2.188909
-4.245247
-3.205766
-0.503391
0.106465
-0.044878
0.000000
-1.147532
0.150451
14.410492
13.810280
7.421113
-3.546838
1.737988
2.272091
1.725697
1.645660
1.893403
-0.369185
-1.282631
-2.243038
-3.491268
-2.392902
0.135542
0.436380
0.715819
0.000000
-0.467540
0.741318
12.722934
12.051213
1.289205
-4.069399
3.454782
3.656862
2.080399
1.882016
1.025049
-0.212634
-0.492070
-2.428371
-4.370040
-2.999273
-0.203234
0.366066
1.483679
0.000000
-1.604230
-0.204638
13.703768
10.164124
-10.154022
-1.421939
1.871975
1.503288
0.951631
1.677412
0.525697
-0.689608
-0.676928
-2.289932
-3.483324
-2.118474
0.540733
0.296555
0.000000
-2.829189
-1.354019
14.252820
13.159044
8.346263
-10.434039
-1.920345
3.223896
2.795063
1.327202
1.714051
1.122471
-1.281045
-0.548102
-2.117361
-3.467270
-2.648721
-0.029233
0.039631
0.000000
-2.952494
-1.417588
13.044621
12.829072
10.823370
-2.257016
-2.089354
2.138921
2.701902
1.565836
1.852895
1.380321
-0.942736
-1.171060
-2.281490
-3.462899
-2.164079
0.311952
0.368967
0.000000
-1.974260
-0.344617
13.391895
12.469336
6.558314
-11.224670
-1.437986
4.002893
3.576337
1.640170
1.938395
1.222681
-0.998552
-0.785339
-2.525806
-3.229529
-2.720575
-0.558796
-0.277240
0.000000
-2.878944
-1.599679
14.710616
14.009020
10.872970
-7.132319
-1.820806
1.816377
2.163957
1.439674
1.866404
1.623027
-0.482444
-1.154730
-2.037170
-3.353914
-2.783788
0.464039
-3.183286
0.000000
-2.172402
-0.625546
12.734810
11.897968
8.465061
-7.951226
-0.977919
2.717054
2.098290
0.995900
1.461620
0.338703
-0.235775
-0.807837
-2.263138
-3.345306
-1.976091
0.479259
0.295656
0.000000
-2.357588
-0.812274
12.817602
11.511683
6.724823
-10.504185
-0.652593
3.749539
3.187397
1.263569
1.579054
0.919464
-1.066975
-0.926884
-2.679443
-3.570642
-2.907049
-0.422321
-0.105113
0.000000
-2.300323
-1.142938
14.090141
13.416474
10.916888
-5.560707
-2.143636
2.268699
2.298681
1.470624
1.851328
1.495521
-0.852322
-1.496276
-2.496837
-3.559273
-2.599068
0.824403
0.862894
0.000000
-2.370462
-0.895405
14.867289
13.512257
7.953769
-10.917355
-1.215744
3.518096
2.727531
1.285132
1.638674
1.009366
-1.135021
-0.717405
-2.689807
-3.403757
-2.511496
0.037225
0.220108
0.000000
-2.784573
-1.474883
14.961851
14.292408
10.631135
-9.222271
-1.521276
1.739606
1.811449
1.479215
1.550816
1.426547
-0.893335
-1.172281
-2.164638
-3.374565
-2.274347
0.739585
0.662467
0.000000
-2.116876
-0.495809
12.272955
11.721631
7.613219
-9.366047
-1.256136
3.348116
3.037053
1.542438
1.818013
1.239123
-1.148344
-0.626980
-2.834298
-3.260407
-2.285861
0.237488
0.613965
0.000000
-3.079314
-1.812474
16.875273
15.027859
10.089327
-11.302080
-1.030869
1.744797
1.429977
1.072690
1.459132
1.362702
-1.000740
-1.377741
-2.667632
-3.298905
-2.411878
0.548317
0.923913
0.000000
-2.054522
-0.484936
12.809921
12.213812
6.558784
-10.599153
-1.266548
3.268264
3.371415
1.889896
2.037867
1.145090
-1.429895
-1.169092
-2.550025
-2.872523
-2.047140
-0.573028
0.102096
0.000000
-3.323152
-2.120083
18.582256
17.124008
11.785866
-12.155750
-2.905589
2.046191
1.930852
1.465321
1.898818
1.428025
-0.850099
-1.530088
-3.110117
-3.548603
-2.501505
0.556519
0.880792
0.000000
-2.722476
-0.950525
14.945177
13.918932
4.809912
-11.679897
-2.012144
3.298714
3.458946
2.053594
2.332916
1.417934
-1.343945
-1.203553
-2.062873
-3.548734
-2.589409
-1.189966
-0.428819
0.000000
-2.552907
-1.405678
18.206003
17.865801
11.776714
-12.249336
-2.895771
1.412006
2.018421
1.745610
2.312844
1.998508
-1.031487
-1.991581
-2.963467
-4.022089
-2.765486
0.351634
1.214060
0.000000
-3.583780
-1.511316
15.196634
14.387344
8.627091
-10.537063
-2.001480
2.256209
2.357059
1.667660
1.966653
1.309698
-1.341012
-0.657175
-2.409987
-3.437402
-2.258873
-0.507145
1.023219
0.000000
-3.379642
-2.145993
15.782968
15.595928
11.444124
-9.888809
-3.194579
0.925935
1.682356
1.419423
2.026870
1.670439
-1.088856
-1.564477
-2.179559
-3.670394
-1.598933
0.386942
1.643367
0.000000
-4.079375
-2.256890
16.514387
15.576429
8.236535
-10.559123
-2.164369
2.098773
2.380250
1.660369
2.010552
1.384192
-1.301783
-0.884149
-2.233313
-3.265235
-2.219127
-0.459188
0.558733
0.000000
-3.742981
-2.026768
15.189636
14.353329
9.694777
-9.514767
-2.317365
1.500812
2.192047
1.815386
2.295742
1.735294
-0.939988
-1.040395
-3.389500
-3.652629
-1.596905
0.726125
0.613152
0.000000
-4.043332
-2.373879
15.715127
14.815349
9.389862
-9.913992
-2.119466
2.201519
2.116013
1.492817
1.714533
1.603456
-1.439014
-0.687670
-2.350029
-3.389699
-1.973564
-0.477069
0.799442
0.000000
-2.576323
-0.769780
15.083097
14.237387
9.230207
-10.242179
-1.341216
2.342478
2.674694
2.013700
2.130183
1.420842
-1.339189
-2.021948
-3.268512
-4.036920
-1.932048
0.592451
1.885097
0.000000
-3.369617
-1.313916
15.458014
14.211383
7.895126
-10.267209
-0.985704
2.509632
2.332172
1.516779
1.503169
1.192277
-2.128674
-1.028991
-2.346820
-3.084022
-1.483566
-0.377567
0.248281
0.000000
-3.266391
-1.525447
16.454155
15.967407
8.437525
-10.938433
-1.709926
2.160422
2.268433
1.769140
2.072387
1.876119
-1.270530
-1.442499
-3.154418
-3.854840
-2.253514
0.425917
0.970020
0.000000
-3.774610
-1.749992
15.883188
14.854218
8.098639
-10.353518
-1.831185
1.810020
1.989968
1.558794
1.822547
1.536373
-1.339306
-0.634528
-2.440085
-3.141743
-1.830577
-0.338027
0.659641
0.000000
-4.100297
-2.377843
15.260222
14.697113
8.720293
-9.427447
-1.225187
1.424119
1.631813
1.237988
1.889730
1.256004
-0.917229
-1.879982
-2.945768
-3.576100
-1.079668
1.277704
1.674941
0.000000
-4.117166
-2.105719
15.596869
14.196932
6.129369
-9.605936
-0.131988
2.270174
2.050371
1.204190
1.616239
1.094689
-1.766865
-0.752941
-2.533951
-2.899977
-1.488624
0.474752
-3.814594
0.000000
-3.611915
-1.880402
14.907861
14.467251
8.027846
-9.345224
-0.592721
1.401316
1.607195
0.985815
1.810193
0.899693
-1.359888
-1.060380
-3.605698
-2.720365
-0.397767
1.322246
-4.910737
0.000000
-4.368092
-2.635629
15.707031
15.024796
7.484279
-10.011507
-0.818036
1.321648
1.315842
0.700579
1.357028
1.308286
-1.148377
0.079267
-1.987104
-2.406639
-1.253422
0.506294
0.161233
0.000000
-4.893028
-3.080574
15.971199
15.167947
8.023874
-8.981642
-1.203032
0.757592
0.874062
0.568917
1.411335
1.261336
-0.301701
-1.025639
-3.008551
-2.311415
-0.802579
1.320437
-4.125453
0.000000
-5.526886
-3.682519
16.419964
15.343115
7.076533
-8.417587
-0.965961
0.648721
0.724788
0.186336
0.938803
0.992602
-0.281834
-1.065403
-2.165850
-1.953318
-0.584546
1.012401
0.432801
0.000000
-5.793110
-4.030470
16.081940
14.544041
7.604999
-8.303720
-1.493074
0.234247
0.406588
0.183380
1.038583
1.135312
0.232198
-1.006465
-2.872140
-1.978203
-0.561815
1.360018
1.209529
0.000000
-5.771251
-3.964633
15.567764
12.386968
7.238750
-4.931993
-0.982510
0.335405
0.415110
-0.365562
0.080978
0.375093
1.430432
-0.017255
-2.299702
-1.421031
0.299310
1.004966
0.876648
0.000000
-6.232090
-4.696556
13.897495
12.348640
7.760308
-4.443986
-1.892405
-0.553650
-0.418343
-0.305856
0.509835
1.108190
1.787903
0.985112
-1.919848
-2.583108
0.260578
1.274225
2.588499
0.000000
-6.310247
-4.953673
12.857853
11.085379
6.613772
-4.341488
-1.392961
0.174860
0.343634
-0.276915
-0.228474
0.606918
1.419034
0.775913
-2.007875
-1.499930
0.830635
1.138979
-0.007916
0.000000
-6.223631
-4.239303
12.884369
6.169791
5.279123
-2.979368
-0.151663
0.815194
0.502547
-1.060915
-1.353323
-0.739476
-0.745900
1.317525
-0.718610
0.179683
1.383166
0.902789
0.292970
0.000000
-7.731571
-4.907088
16.704876
11.853767
6.620031
-6.157521
-1.822271
-0.241382
0.105193
-0.407114
0.526396
0.161922
0.660396
-0.165125
-1.471465
-0.688046
0.054405
0.929108
0.201695
0.000000
-6.599726
-4.388242
14.971111
11.858685
7.195180
-4.515575
-1.255712
-0.070775
-0.157716
-0.792574
-0.744634
-0.372779
-1.119759
-0.138854
-1.432406
0.067588
1.288255
1.096158
0.376983
0.000000
-6.129374
-4.246112
14.793659
12.793335
6.596032
-6.310705
-1.578708
-0.122977
0.055357
-0.451573
0.035952
0.304613
1.713521
-0.330464
-2.600716
-2.044386
0.279291
1.355894
-0.507503
0.000000
-5.255043
-4.292952
12.113452
9.767285
6.308340
-3.517896
-1.222720
0.132741
-0.024519
-1.165262
-0.481858
0.402511
0.591894
0.733005
-1.080460
-0.231790
1.489505
1.090803
0.886232
0.000000
-5.674989
-3.528831
9.448666
6.246977
5.069312
-3.987703
-1.277243
0.136978
0.276757
-1.523838
-2.257208
-1.816779
0.283024
1.934834
-0.099570
-0.491347
1.345179
0.650066
0.400120
0.000000
-8.650923
-4.167046
10.710392
6.147123
4.032530
-2.872977
-1.416259
-0.821617
-0.762731
-0.912276
-1.059493
-0.597941
-0.076135
0.667579
-1.409281
0.226167
2.141896
0.138845
-2.740289
0.000000
-7.002478
-5.194984
6.180163
2.195080
1.481484
-2.059683
-0.479411
0.511681
0.114124
-2.106385
-2.734330
-1.855796
0.705066
1.858256
0.290316
0.494370
2.342026
-0.154660
0.594539
0.000000
-10.039748
-3.731280
2.554227
2.570198
3.630861
-2.995952
-2.004907
-1.391388
-0.780073
-1.632307
-2.061147
-1.096099
0.739839
2.224797
0.284323
-0.310170
1.877945
-0.246337
1.148324
0.000000
-9.872665
-6.006378
12.515413
7.506905
2.297390
-2.137406
-0.458484
-0.211947
0.174333
-0.718126
-1.091633
-0.660534
-0.711167
1.129107
-0.064267
0.737374
1.673610
-0.520624
-0.244950
0.000000
-8.621198
-5.466759
13.633323
7.054406
3.403404
-2.147108
-0.577814
-0.040055
-0.613003
-1.866718
-1.766755
-1.081625
-0.005166
0.492940
-1.684942
0.892440
2.586530
0.170703
0.595211
0.000000
-6.973724
-3.567240
1.433216
0.973339
0.584043
-2.183873
-0.271701
1.055076
0.820624
-2.030468
-2.960534
-0.620994
0.518721
1.407430
-0.330524
0.309344
2.062600
-0.164876
0.100071
0.000000
-8.961704
-2.841059
6.118923
6.115905
1.396100
-1.385617
-0.730277
-0.522880
0.200792
-1.845640
-2.530915
-0.054621
1.479756
0.862214
-0.345967
0.804832
2.047607
-0.783478
4.074952
0.000000
-7.265124
-1.977169
2.615863
1.159448
-0.144212
-0.875479
-0.364996
-0.280791
0.666502
-1.809844
-2.101850
0.422345
1.629576
0.997466
-0.949513
1.084636
2.142867
-1.059873
16.397535
0.000000
-5.900595
-2.208520
2.204505
1.875594
-1.130044
-0.846527
0.765635
0.578434
1.360595
0.215985
-0.873820
-1.233849
0.439556
1.033066
-1.089838
0.535966
1.394041
-1.299631
-0.611850
0.000000
-6.105029
-2.944849
2.449713
1.602380
1.129782
-1.024770
0.361926
0.553858
-0.079080
-2.681880
-3.090280
-0.694398
0.928925
-0.481164
-1.022290
0.591858
2.363260
0.009072
1.643400
0.000000
-6.341374
-1.207644
2.057279
1.524529
-0.275005
-0.781402
0.120095
0.497834
1.603433
-1.404482
-2.291411
0.183018
1.111968
1.008824
-1.000399
1.704730
1.757679
-1.151103
6.263241
0.000000
-4.448002
0.004911
1.817486
1.545728
-0.974083
-0.615040
1.061579
1.388833
2.091660
0.742459
-2.277388
-1.302142
0.368377
0.824349
-2.126209
0.570481
1.824816
-1.112463
1.262212
0.000000
-6.658603
-2.221877
2.095609
1.766002
0.260056
-0.928239
0.378168
0.607869
0.976677
-1.436372
-2.482455
-1.301012
0.226168
0.371929
-1.169766
0.781966
2.024182
-0.875579
-0.367851
0.000000
-6.515529
-1.673519
2.029424
1.726272
-0.523676
-0.619065
0.839733
1.643524
1.381545
-1.418525
-2.580936
-2.102115
-0.309976
0.185402
-2.376129
0.121242
1.837722
-0.546021
0.274223
0.000000
-5.601395
0.482189
1.679769
1.515902
-1.750420
-0.911422
0.937550
2.199392
2.312167
-0.129526
-2.625551
-0.434445
0.033069
0.203123
-1.370817
0.335730
1.785198
-0.900315
-0.155315
0.000000
-6.905949
-2.096479
1.993563
1.403264
-0.584677
-0.631940
0.538123
0.605050
1.227165
-1.383304
-2.625320
-0.910788
0.473628
0.869723
-1.290906
0.674516
1.926405
-0.909801
0.062653
0.000000
-6.403242
-1.272295
2.022551
1.648736
-0.649952
-0.636575
0.646009
0.713989
1.497283
-0.758716
-1.979985
-1.885140
0.335943
1.046432
-1.505477
0.440635
1.626249
-1.128781
-0.326805
0.000000
-6.519584
-1.494300
1.674128
1.422145
-1.621514
-0.796303
0.743791
2.002031
1.856234
0.278238
-2.009470
-2.231339
-0.680129
-0.088384
-1.921865
0.081256
1.652342
-0.775356
-0.648467
0.000000
-8.254793
-2.762085
2.092589
1.677511
0.377673
-0.625921
0.247897
1.179922
0.990429
-1.566147
-2.342408
-1.936264
-0.483374
-0.432887
-2.650538
0.082589
2.231086
-0.649813
2.719165
0.000000
-5.269708
0.219203
1.536011
1.420888
-2.000643
-0.814310
0.653676
1.705636
2.307571
-0.520715
-2.347622
0.003920
0.317448
0.321963
-1.545645
1.357462
1.422035
-1.378066
0.118052
0.000000
-6.442953
-0.772106
1.576191
1.391156
-1.156977
-0.797115
0.756761
1.007905
1.565254
-1.085081
-2.419086
-0.877740
0.425534
0.840644
-1.497918
0.734155
1.938080
-1.108424
-0.240315
0.000000
-6.538453
-2.247588
2.310648
1.643970
0.380543
-0.383851
-0.207277
0.419670
0.102338
-0.839571
-1.123260
-1.004977
-0.150896
-2.555963
-1.927190
1.514240
-0.232810
-2.945338
20.236673
0.000000
-3.174084
0.823064
1.271466
1.192958
-3.858111
-0.088390
1.231696
1.251204
2.075628
0.481702
-1.840572
-0.436974
-0.203321
-1.326995
-1.526375
1.519444
-0.262071
-1.407851
-0.441164
0.000000
-5.179339
-1.348289
1.917657
1.577560
-0.572137
-0.221784
0.440201
0.421582
0.730337
-0.662367
-0.812546
-0.772024
-0.126507
-2.314046
-2.403134
1.278324
-0.094653
-1.237212
21.364498
0.000000
-4.283538
0.022072
1.060264
0.986925
-2.023084
-0.700129
-0.160197
0.772385
0.410950
-1.534069
-1.784042
-0.256841
0.785452
-0.412000
-1.057305
2.562392
0.270259
-0.963018
1.038001
0.000000
-4.352782
-0.286283
1.694226
1.338378
-3.150231
-0.511265
1.161259
0.889223
1.764824
0.997047
-0.293549
-1.639105
-0.898522
-1.518864
-1.102826
2.059982
-0.030214
-1.092739
-1.089161
0.000000
-4.738541
-1.764721
1.696952
1.063365
-1.468856
-0.772497
0.156686
1.717399
-0.032005
-1.924862
-1.823661
-1.817545
-0.246174
-0.660711
-1.121381
2.282174
0.602393
-0.797999
4.886394
0.000000
-4.018277
0.765982
1.294159
1.218141
-2.032206
-1.045437
0.367854
1.094257
1.241189
-1.167653
-1.755442
-0.036721
0.868369
-0.415116
-1.611235
2.203378
-0.262740
-1.442668
-1.031580
0.000000
-6.389952
-1.791671
1.714327
1.193914
-2.364319
-0.598682
0.636275
0.757323
0.819037
-1.579022
-1.380731
-1.464246
0.866885
-0.288499
-0.010171
2.265675
0.419441
-0.889673
0.289568
0.000000
-4.976872
-0.419570
1.568052
1.252231
-3.040905
-0.674523
0.603779
2.340851
1.874592
-0.347160
-1.492484
-2.024655
-1.171175
-1.777360
-1.593560
1.756838
0.437673
-0.644916
-0.113235
0.000000
-5.814813
-0.847343
1.341980
1.115168
-3.053065
-1.031553
0.428710
2.496606
1.817835
0.139392
-1.516763
-2.330627
-1.586825
-2.334569
-1.345931
1.535397
0.684532
-0.577924
-0.404686
0.000000
-4.964780
-0.912626
1.792052
1.469754
-1.068222
-0.469477
0.375137
1.891855
1.495199
-1.090611
-1.498890
-1.615685
-1.576131
-2.653351
-2.096595
1.869785
0.131741
-0.945950
20.502213
0.000000
-4.020870
0.391838
1.047644
0.967517
-3.697792
-0.336192
0.607590
1.150934
0.674123
-0.721806
-2.488147
-0.409924
-0.380422
-1.291486
-0.549578
2.003784
-0.243477
-1.405214
-0.620262
0.000000
-4.314240
-0.990071
2.136959
1.744517
-2.182927
-0.831378
0.568353
0.898870
1.425054
-0.094860
-0.761181
-0.312346
0.740307
-2.475388
-2.042131
1.513624
0.296151
2.816845
20.863634
0.000000
-5.720029
-1.276268
0.661024
0.579954
-1.782387
-0.939246
-0.698233
0.344785
-0.095166
-1.564246
-1.802304
-0.460854
-0.979317
-0.436392
-1.225578
2.627229
0.294705
-1.118153
20.298216
0.000000
-3.648915
0.507975
1.194119
1.081360
-4.273340
-1.218594
0.743744
0.754568
1.237577
0.120425
-0.735219
-1.278146
-0.423923
-1.412406
-0.352347
2.231080
0.206679
-0.818092
-0.668159
0.000000
-4.439629
-1.618853
2.002445
1.050479
-0.916846
-1.084978
-0.466859
1.020840
-0.541121
-1.249666
-0.588378
-1.308526
0.385885
-0.570742
-2.306400
2.314222
0.277895
-0.107308
18.297779
0.000000
-4.535359
-0.854479
0.563329
0.478765
-4.416397
-1.285503
0.361110
0.912393
0.686414
-0.229226
-2.044309
-1.614933
-1.365526
-1.168445
1.098438
2.974016
0.847512
-0.494001
-0.559563
0.000000
-2.313830
-0.001442
0.901481
0.935072
-2.842221
-1.882027
0.109612
2.865990
3.410696
1.143985
-1.263281
-2.436638
-0.176260
0.768647
-1.549565
-0.125165
2.602836
2.188584
20.932003
0.000000
-3.984381
-1.592587
0.050157
-0.044084
-2.597959
-1.991768
-1.320321
-0.157682
1.402298
-1.352587
-4.958544
0.195507
0.298215
0.192481
0.098430
1.800377
1.721278
-6.251752
17.291397
0.000000
-0.210862
2.445844
1.128070
0.989554
-4.833045
-2.331039
0.387266
0.964839
2.973998
0.745989
-2.466203
-0.335622
0.358977
1.138920
-0.415856
-0.579320
1.405826
-0.457027
-0.889682
0.000000
-3.404479
-1.862816
0.705630
0.588266
-0.994879
-1.475417
-0.910167
-0.469728
-1.178064
-1.485677
-4.000751
-0.002172
2.011785
1.431636
-0.544365
-1.430575
0.823219
-1.620005
13.369949
0.000000
-2.370153
0.111367
1.022881
1.034470
-2.736016
-1.853763
-0.728415
1.825048
2.205820
-0.878851
-1.883675
-1.260152
-0.568191
0.822963
-0.429133
2.635919
1.703917
-0.942373
17.042206
0.000000
-2.301653
0.938089
0.630133
0.521977
-3.579097
-2.055857
-0.223383
0.912374
4.203890
0.777697
-2.086079
-1.225487
-0.969832
-0.020692
-1.385728
-0.358688
2.532709
-2.817291
-1.338694
0.000000
-3.300807
-1.137682
0.460139
0.360612
-2.519829
-1.527503
-1.144792
-0.461565
0.490938
-1.784977
-6.070803
0.351061
0.590641
0.198723
0.079693
0.881644
2.778231
-1.374905
-0.249629
0.000000
-1.086479
1.792535
1.516145
1.304384
-4.134225
-3.607194
-0.812756
2.952182
4.105815
0.372484
-1.360321
-0.566948
-0.026989
-0.450868
-1.848618
-0.656679
2.246964
0.072141
20.376999
0.000000
-5.495602
-1.433351
0.654526
0.559533
-1.588831
-1.878881
-0.943152
-0.304748
1.260083
-2.086584
-5.631495
-0.207399
-0.020719
-0.096094
0.234732
2.689826
1.863687
-1.891571
-2.361214
0.000000
-2.446690
0.350552
1.488358
1.274723
-5.478680
-3.604993
-0.224099
1.208865
4.084994
1.990438
-0.139188
-1.325487
-1.479304
-2.261668
-2.522686
-0.862075
2.051318
-1.468444
-2.056060
0.000000
-4.933103
-1.785851
0.891106
0.791266
-0.666384
-1.745578
-0.868285
-0.478129
-0.196249
-1.810030
-5.184516
-2.068967
-0.057096
0.167637
-0.021456
0.992464
2.809474
-1.526210
-2.750524
0.000000
-1.261716
1.410006
1.607466
1.486178
-7.048134
-4.170087
0.261783
1.733388
4.693819
2.262101
0.766845
-1.649861
-1.982528
-2.552982
-2.499522
0.121296
1.113608
-1.571729
-3.070090
0.000000
-3.735357
-1.167376
1.253987
1.131374
-0.823478
-2.063945
-0.607977
0.153874
0.946843
-1.242645
-1.984433
-1.737523
-0.822311
-0.497407
-0.756084
-1.290426
2.604359
-1.063982
-3.305027
0.000000
-3.922641
-0.333672
1.786729
1.458569
-4.450153
-3.297462
0.497604
1.148636
1.762675
1.176850
-1.343478
-1.299342
-0.542786
-0.206029
-1.154123
1.554046
1.434289
-1.331742
-1.397261
0.000000
-3.305262
-0.910028
1.284943
1.178145
0.614840
-4.197217
-0.592840
0.179352
0.425668
-0.912118
-1.223925
-0.535563
-0.720273
0.118256
-1.811749
-1.609370
1.801327
-1.112545
-1.302380
0.000000
-4.011775
-0.671097
1.289354
1.120574
-2.299108
-5.033798
-0.570218
0.235957
0.722433
0.735581
-1.440303
-1.245300
-0.690197
1.088442
-0.392704
1.117122
1.859128
-1.190547
-1.143763
0.000000
-4.835154
-1.330775
1.262569
0.973845
-0.627086
-4.070961
-1.034758
-0.205716
0.923591
0.108480
-2.141615
-1.226719
-1.054850
0.825204
-0.167197
-0.306832
2.167619
-1.034124
-0.994238
0.000000
-3.225892
-0.474584
0.907149
0.735460
0.669091
-3.862369
-1.358016
-0.087516
0.107628
-0.881209
-3.444981
-0.901192
0.179883
1.144053
0.036871
-1.023936
2.345084
-1.098409
-0.962671
0.000000
-3.253603
-0.490833
1.052444
0.848237
-1.271124
-4.355731
-0.595016
0.399258
1.137658
-0.967057
-2.177354
-0.638495
-0.291458
0.429205
-0.066986
0.512551
2.750598
-1.051586
-1.084836
0.000000
-2.661928
-0.384949
1.173116
1.018040
-2.579797
-5.382180
-2.092733
0.111137
0.781530
-0.270276
-1.353145
-0.424514
-0.180720
0.321368
-0.141464
-0.106692
2.684979
-0.409697
-0.514525
0.000000
-4.750889
-1.468506
1.055189
0.844509
-1.119753
-4.353046
-1.333309
-0.264253
0.128622
-0.884137
-1.689674
-0.529657
-0.341187
0.542715
0.262451
0.599378
3.165823
-0.231342
1.242599
0.000000
-4.640643
-1.193699
0.993592
0.783559
0.632902
-4.716523
-2.124140
-0.321524
2.021685
1.746190
-0.389736
-0.907378
-1.189703
0.481383
-0.293182
-1.383977
1.676937
-1.254351
-1.598635
19.082302
0.000000
-2.483461
1.534074
0.613404
0.505666
-1.801213
-0.838671
-0.291544
0.730468
-2.221087
-5.639544
-2.641259
-0.201612
2.740253
0.052390
-0.925368
2.695261
-0.477920
-0.424236
17.020357
0.000000
0.734659
3.404063
1.101866
0.934345
-4.917535
-1.808310
0.663186
5.208689
1.974728
-1.952003
-0.973282
-0.187823
-0.157361
-1.867165
-1.875603
1.605127
-0.801434
-1.572762
19.958181
0.000000
-1.767739
2.063329
1.010241
0.920934
-3.050436
-1.312219
0.410111
2.123919
0.090975
-1.707473
-1.227727
-1.053317
-0.510873
-1.088222
-1.579832
2.005538
-0.960513
-1.831737
18.304607
0.000000
-1.705249
3.158489
0.987143
0.894111
-4.417527
-1.760718
0.326739
3.574584
1.686682
-2.154558
-2.124562
-1.367051
0.144420
-1.036772
-0.548473
0.869184
-0.555202
-2.434032
1.982158
0.000000
-1.572317
2.024117
1.049155
0.953854
-3.043375
-1.342004
0.572867
1.641173
-0.764854
-4.399021
-2.549278
-0.458604
3.209878
0.280786
-0.753276
1.534899
0.533389
1.418807
18.466730
0.000000
0.186574
2.605327
1.116014
0.958125
-4.608277
-1.428245
0.749193
4.717589
2.441953
-1.231103
-1.654606
-1.427026
-0.621252
-2.389037
-1.376967
1.424418
-0.859069
-1.723526
21.267687
0.000000
-1.142284
1.691524
1.091329
1.013309
-3.401597
-1.342398
0.542146
3.046810
0.025981
-1.897088
-1.514910
-1.327685
-0.723610
-1.422690
-1.907669
0.581894
0.211950
-1.499833
18.513012
0.000000
-1.766926
1.713403
1.025542
0.940332
-4.283700
-2.324057
0.279275
1.567110
3.269990
-1.618828
-2.589626
-1.133150
0.558190
-1.712996
-0.462064
1.258538
0.036353
-1.361105
-1.130692
0.000000
-1.728148
0.447086
1.219395
1.130876
-3.833379
-1.774720
0.183279
1.395388
1.716587
-1.366026
-3.089539
-1.098574
2.120415
-0.171180
-1.283910
0.674691
0.025519
-1.179581
18.033051
0.000000
-0.676358
3.290827
1.222962
1.156797
-5.094226
-2.593766
0.343004
6.242328
3.840241
-1.869730
-3.023596
-1.974366
-1.669676
-1.425258
-1.256816
0.224482
0.878679
-1.474891
0.711357
0.000000
-2.376807
-0.075449
0.947349
0.885400
-2.371711
-1.251500
0.246919
1.263757
-0.723233
-4.042781
-3.420907
-0.563064
1.895286
-0.475258
-0.413854
1.652921
0.472597
-0.248558
18.153183
0.000000
-0.130041
2.717872
1.441682
1.322747
-7.494378
-2.756493
3.209379
7.404582
4.441544
-0.601788
-3.545703
-1.077943
-2.129876
-1.303361
-1.523727
-1.836171
-0.011174
-2.450061
-0.984221
0.000000
-3.168127
-0.967783
0.946072
0.893253
-1.767067
-0.658034
0.378067
1.197980
-1.380794
-4.679142
-2.775137
-0.947712
0.953162
-0.660140
-1.058939
1.735491
0.441227
-0.495573
17.647062
0.000000
0.700656
3.449554
1.581040
1.486653
-7.594944
-2.571424
2.420404
7.882297
5.003021
-0.736171
-3.521145
-0.892563
0.533834
-1.984475
-1.798144
-2.646389
1.216380
-0.164924
-0.348792
0.000000
-2.239521
-0.144509
1.227845
1.174865
-2.520586
-2.123678
0.703877
4.621676
5.106629
-1.962355
-5.871998
-2.461031
-0.495161
-0.843513
-1.710173
1.032935
1.426405
-1.262234
17.960474
0.000000
-0.553902
1.802874
1.214915
1.119304
-7.340616
-3.322743
0.756922
7.073221
6.295980
-0.034998
-4.423048
-0.309262
-0.449921
-1.130011
-2.138229
-2.927667
1.516607
-5.464792
-0.601542
0.000000
-1.877883
0.172686
1.337679
1.276606
-3.723521
-2.348916
0.478926
2.355141
6.602310
-1.050097
-5.353708
-2.091269
-0.060622
-1.389846
-1.471684
1.607092
1.131667
-2.029490
18.785656
0.000000
-0.916206
1.975789
1.430911
1.309081
-7.684078
-3.880737
0.692107
3.998553
7.411623
1.718686
-3.632720
-0.457918
-2.283659
0.231450
-2.917793
-3.752891
0.654138
0.182834
-0.754699
0.000000
-2.221439
0.690350
1.480495
1.369807
-4.952663
-3.365625
0.190222
6.688841
6.923969
-1.151340
-4.707037
-1.959113
-0.406544
-1.986772
-2.913521
-1.393370
2.468819
-0.492688
19.779646
0.000000
-2.350176
1.546645
0.977255
0.889821
-4.877325
-3.110132
-0.363707
1.780796
6.282642
-1.670158
-5.732741
0.100974
-0.447827
-1.137579
-0.067626
-0.213387
2.112979
-2.910734
0.818295
0.000000
-0.648336
2.106640
1.526366
1.449365
-8.186610
-4.010756
0.759390
4.642314
7.902786
1.724904
-2.615432
-0.221458
-1.966334
0.367851
-2.026453
-2.328901
1.054706
-2.142606
0.447778
0.000000
-3.003109
-0.109501
1.167306
1.097849
-2.741384
-3.764426
-0.252301
3.493320
6.814770
-1.124254
-5.520685
-1.940934
-0.039624
-2.281726
-1.801840
-1.217579
2.778646
-0.943657
19.370504
0.000000
-1.483027
2.927454
1.005050
0.965877
-4.576406
-3.668184
-0.391757
2.532815
6.711364
0.618052
-5.984110
-0.716848
-1.297370
-1.638817
-1.300502
-2.517218
2.222070
-7.439208
20.544092
0.000000
-0.427259
2.289435
1.574738
1.421424
-10.482321
-5.209253
0.828869
7.567988
7.287613
2.192265
-3.826890
-0.762892
-1.510968
-0.314101
-2.046659
-3.365857
0.272892
0.313273
0.055487
0.000000
-2.668054
0.004011
1.207083
1.147658
-2.799762
-3.909472
-0.409580
4.689253
7.664212
-1.546404
-5.520534
-1.953936
0.809759
-2.408865
-1.726776
-1.049252
2.390932
-0.290809
19.776011
0.000000
-0.795944
1.295256
0.995560
0.954532
-5.884273
-3.414708
0.368866
2.509320
6.754849
-0.552607
-5.449114
-0.290248
-0.862818
-1.606300
-1.261597
-2.007165
2.142511
-5.619041
-0.211969
0.000000
-0.606885
2.123574
1.519046
1.448969
-9.723841
-6.304738
-0.013045
4.647978
8.046741
1.898310
0.155862
-0.416664
-1.640690
0.136169
-2.503276
-4.263635
-1.529460
-0.308490
2.753692
0.000000
-1.692465
-0.644746
0.795705
0.581866
-4.909915
-2.230228
7.413032
5.898368
2.047061
-3.788319
-5.299398
-2.159465
0.006099
-1.573933
-2.211380
0.010723
1.534579
-0.804307
19.366806
0.000000
-1.201481
1.095985
0.663695
0.535898
-0.422020
-4.628822
-0.661001
2.353756
4.583198
-3.343127
-4.315708
-0.479053
0.234627
-0.475203
0.233001
1.005772
0.936695
-3.716832
18.266027
0.000000
-0.118392
2.227617
0.963466
0.891629
-2.511904
-5.527089
-1.695806
2.462921
6.144629
-1.268368
-4.896733
-1.344516
-0.193825
-0.116609
-1.367917
-1.841139
0.815705
-3.863449
-0.399932
0.000000
-1.888356
0.543561
1.067013
0.977940
-3.066005
-5.984519
-1.085460
2.034097
6.595935
-0.292653
-5.364767
-2.371534
-0.123299
-1.248358
-1.693350
-1.289814
2.586110
-2.772968
-0.562109
0.000000
-0.183795
2.358163
1.453710
1.325748
-8.864966
-7.513142
0.060585
3.533613
7.682762
0.500784
-5.154701
-0.330629
-0.878258
-0.851419
-2.323204
-2.470907
1.838243
-1.930160
-0.218534
0.000000
-0.434806
2.309869
1.550404
1.437203
-8.272692
-8.474960
-0.266972
4.564460
7.998329
1.064942
-5.230919
-0.655145
-1.899850
0.741064
-0.557773
-3.600942
-0.802486
0.140336
-0.130613
0.000000
-2.207963
0.799487
1.297422
1.250366
-2.262394
-6.035559
-0.176921
2.901273
7.295245
0.599235
-5.304685
-1.923185
-0.486027
-2.759015
-2.590417
-0.542205
1.575108
-2.622242
0.681931
0.000000
-0.144488
2.606335
1.273561
1.143917
-9.088009
-7.052718
-0.384716
3.127455
7.329768
0.146533
-4.912107
-0.033939
-0.647296
0.204331
0.070824
-3.010760
-0.103662
-0.891703
-0.725553
21.371181
0.000000
1.471653
2.116607
1.320989
1.211893
-7.009366
-1.401664
4.653638
8.139942
0.896003
-2.203095
-2.722816
-1.539431
-0.253525
-3.417588
-2.261946
0.048346
-0.228265
1.877481
22.434689
0.000000
0.358142
1.683213
0.978868
0.934330
-5.934475
-0.893506
3.186645
7.605737
0.671757
-1.602378
-0.225018
-0.056958
-1.706302
-2.170482
-3.314924
-0.614354
1.708859
1.002870
22.643902
0.000000
0.687991
1.865739
1.219364
1.111161
-5.988601
-0.956067
3.345673
7.231247
-0.356774
-4.829379
-1.178606
-0.391161
-0.794304
-1.605991
-1.595432
0.241999
-0.737551
-0.987411
22.124813
0.000000
2.501285
1.883888
1.215509
1.061305
-7.168923
-1.136001
3.262217
7.135424
-0.681143
-4.671937
-1.175727
-1.491318
0.203930
-0.172387
-2.775839
-1.101084
-1.488635
-1.065814
22.789843
0.000000
1.852313
1.911924
1.232790
1.103289
-7.018446
-1.063527
3.554554
7.760919
0.438646
-4.755596
-1.228945
-1.441297
-1.574906
-0.828447
-3.012527
-1.209414
-1.358754
-0.988659
22.034737
0.000000
1.644852
1.820123
1.168471
1.043272
-6.482926
-1.354538
2.460826
7.431653
0.440830
-4.813284
-1.523831
-1.208005
-1.728045
-1.855602
-2.180042
0.624913
-0.990932
-1.583694
21.807663
0.000000
2.123799
2.084564
1.309335
1.184059
-8.228791
-1.589665
4.636079
8.225564
0.925023
-1.427206
-1.416342
-1.226524
0.427703
-3.227010
-3.205924
-1.848625
1.395551
1.934583
19.844152
0.000000
-0.932135
1.734280
1.026211
0.937632
-4.483660
-1.457869
3.002714
7.308741
0.750572
-1.130103
-0.205994
-0.665929
-3.013915
-3.255558
-3.063243
-0.294349
0.812188
1.089563
20.750290
0.000000
0.891979
1.656157
0.940254
0.844022
-5.339455
-2.811537
1.977778
6.247937
0.063756
-4.377492
-0.674234
-0.981852
-0.374398
-0.463058
-2.651258
-1.160072
1.697942
-3.556642
23.152727
0.000000
2.391493
1.931678
1.293708
1.150003
-7.154397
-2.597714
2.594734
6.861961
0.335002
-4.176715
-0.508161
-1.119677
-1.527637
-2.267864
-2.908174
-1.552791
0.089958
-1.151780
22.194574
0.000000
3.099384
1.969533
1.291736
1.159255
-7.806352
-2.855217
2.658999
7.608165
1.726678
-4.354749
-1.032874
-1.297954
-1.485318
-1.742130
-3.183693
-1.683534
1.124979
-5.326336
22.992495
0.000000
2.284127
2.072256
1.518699
1.410250
-8.286115
-2.050021
3.496045
5.798399
2.148420
0.598404
-1.308298
-2.811091
-4.268684
-3.213892
-2.867085
-1.823182
-5.173234
-1.492865
22.366419
0.000000
2.572268
1.985192
1.303061
1.195721
-8.119624
-2.565895
3.051926
5.813121
2.087457
0.897636
-0.809460
-1.338883
-1.550748
-2.907230
-3.965801
-2.595915
1.663173
-2.103993
21.337959
0.000000
0.943569
1.931791
1.303794
1.175568
-6.605586
-1.851309
3.129142
7.519108
0.527997
-4.134537
-0.465855
-1.609338
-2.650790
-2.783190
-2.664868
-0.988463
-0.518365
-5.599987
22.357357
0.000000
4.162167
2.117307
1.477196
1.323644
-8.796866
-2.905001
3.256860
7.391645
2.828865
-4.180447
-0.655466
-2.631311
-1.236462
0.568233
-2.812907
-2.603731
-2.242884
-3.794110
23.018034
0.000000
2.824077
1.960443
1.208331
1.083925
-7.179387
-2.784267
4.249623
6.054896
3.415147
-0.092619
-5.673823
-3.245439
-3.484297
-1.512626
-2.034114
-3.714754
1.511755
21.108236
16.607676
0.000000
1.914162
1.240955
1.034606
0.940355
-8.371824
-4.094510
2.755657
4.417005
4.077971
1.693747
-1.002566
-0.188567
0.954783
0.899421
-2.029388
-6.738981
-1.361925
-1.656428
22.408291
0.000000
-0.180566
1.882377
0.992378
0.921384
-2.816056
-2.165264
3.725237
5.049079
2.273439
-0.681054
-2.960818
-2.626093
-4.754428
-4.750726
-1.597149
-1.606462
5.313032
15.621874
16.588608
0.000000
2.493147
1.234332
0.783746
0.662824
-6.249919
-3.672167
1.268688
5.684922
5.264236
-1.166446
-3.538751
-1.312485
1.695138
-0.398362
-1.364677
-3.661421
1.221352
1.955354
20.569691
0.000000
-2.032554
1.554513
0.787270
0.725927
-2.741224
-1.912876
4.214546
4.525568
3.769570
-1.462903
-6.453453
-2.529724
-2.538071
-0.935362
-0.350516
-1.296030
6.069234
18.016363
15.613510
0.000000
-0.370312
0.690906
0.594076
0.559547
-3.793373
-4.352844
2.023582
5.904871
5.672740
1.844466
-3.131047
-0.683679
-0.972831
0.187374
-0.690068
-3.032488
1.676199
3.052271
19.812511
0.000000
-3.640094
1.224091
0.500390
0.461176
-1.837096
-3.550367
2.421793
4.518712
6.511208
-2.074099
-4.568983
-2.351316
-0.350962
0.038113
0.618787
-0.097884
3.154309
19.271683
16.867056
0.000000
-2.307553
0.855106
0.110623
0.058890
2.735479
-3.266214
-1.827768
3.734159
0.714929
-4.030667
-4.869720
-1.347322
0.302248
2.157117
1.938055
1.494849
2.600319
1.683596
16.644165
0.000000
-0.731402
1.352799
0.653573
0.577033
0.244414
-4.089601
0.398430
2.065780
4.403172
-1.845396
-2.941567
-0.788852
-0.125452
-0.365497
0.272478
0.570969
3.337002
19.574329
17.325323
0.000000
-2.818601
-1.977050
0.088542
0.240649
0.458257
-3.074260
1.490143
3.105299
6.176167
-0.156499
-5.285191
-1.184978
1.694003
1.274061
-0.037664
-1.667838
-6.141043
-0.930406
18.922758
0.000000
-1.923324
-0.090415
0.546715
0.625122
1.467408
-3.073997
1.091808
2.213895
5.682796
-1.419848
-3.534176
-2.459332
-1.807685
-1.206002
0.753176
0.304560
2.616027
20.842218
17.725630
0.000000
-2.221264
-1.485091
0.313511
0.412148
-1.112414
-2.980858
1.601134
3.955448
6.123603
-0.317453
-5.419596
-0.986022
-0.533271
0.899432
-0.012776
-1.114314
-1.424856
-1.881172
10.425950
0.000000
-1.345182
1.449715
0.523137
0.403844
0.483558
-4.024777
-0.149749
5.102254
1.148123
-2.643436
-2.214357
-2.049812
-1.155550
0.263200
0.081664
-0.621301
1.006716
21.868696
18.068150
0.000000
-1.719886
-0.170290
0.366813
0.480294
-1.951360
-2.575255
0.315549
3.508874
3.898008
-2.590604
0.132652
0.461856
-0.443835
-1.079553
-0.413453
-1.337500
-0.300569
-2.368912
6.056695
0.000000
0.004954
1.953889
0.953599
0.821486
-2.031433
-4.220596
-0.097965
4.140615
4.340221
-0.685139
-3.395161
-1.768985
-0.589225
-0.571768
-1.248611
-0.861642
1.495401
23.700001
19.380312
0.000000
-1.916836
-0.580749
0.310578
0.341671
1.428778
-3.216811
-0.842326
3.323713
4.875435
-3.088055
-0.972489
0.018175
-1.076257
0.275851
-1.657696
-2.296966
0.127707
-6.307033
2.952199
0.000000
1.569665
3.521436
0.999465
0.734428
-5.300492
-7.356111
-0.700239
6.348522
5.579946
-1.738185
-5.225311
-3.095417
-0.467358
1.678223
0.979088
-0.508391
0.994338
2.203375
20.690668
0.000000
-3.620920
1.083726
0.448535
0.374457
2.154656
-1.323729
-1.480942
3.280788
6.771134
-1.366284
-5.728714
-2.647959
-2.170768
-0.983868
0.337143
0.280321
6.990664
16.092640
14.989170
0.000000
0.026963
0.418709
0.340433
0.333621
0.897506
-4.553661
-0.614732
6.090168
4.332890
2.220293
-3.859941
-2.862648
-1.719549
0.435088
-1.014090
-1.966079
0.035995
-2.275452
20.635782
0.000000
-1.690319
-1.030352
0.689966
1.202386
0.509123
-3.791787
0.620417
3.517330
5.968599
-1.109321
-3.588444
-1.307596
-0.632901
3.295082
-0.380818
-0.484938
0.314252
7.035454
19.590923
0.000000
-3.436654
-2.465879
0.356227
0.366253
3.645151
-3.094405
0.783419
5.027825
3.472695
-0.289075
-2.423521
-1.608881
0.118633
-0.191700
-0.957804
-0.486044
0.663492
3.593982
17.737625
15.121519
0.000000
-2.380546
1.068250
0.435534
0.466748
-2.110875
-0.835762
3.025488
6.030800
1.147115
-2.591207
-2.007677
-0.210626
-1.216367
-0.253030
-0.285725
0.591520
0.603129
19.379503
16.840258
0.000000
-2.028798
1.109935
0.418192
0.461455
-3.213522
-0.563076
3.576032
6.032928
0.804435
-2.727027
-2.038196
-0.458514
-0.351392
-1.075193
-0.524992
0.831605
2.291701
17.392584
15.611012
0.000000
-2.227475
1.096733
0.346498
0.360326
-2.098129
-2.070107
3.136058
6.086733
2.763973
-4.726827
-2.404660
0.096027
1.251318
0.047162
-1.640721
-2.523074
-1.409201
18.273142
16.260141
0.000000
-3.465935
1.124513
0.386416
0.429927
-3.172181
-1.033762
3.460957
5.858428
0.232138
-2.781303
-2.016899
0.011575
-0.633693
-0.008194
0.187852
-0.188517
0.373626
19.144829
16.404814
0.000000
-3.711720
0.928689
0.227160
0.302993
-2.831876
-0.848141
2.717293
4.943792
0.181630
-2.171023
-1.402043
-0.234594
1.218971
-0.244004
-0.254532
1.008387
20.358295
15.987809
14.346242
0.000000
-3.257758
-1.562318
0.308960
0.483464
-0.688962
0.577175
4.394193
6.334902
2.764961
-2.121693
-2.372221
-0.484332
0.015963
-0.554463
-2.615226
-1.015292
-0.175209
19.649328
17.564018
0.000000
-0.185664
0.304884
-3.798934
-3.823918
0.610532
-1.096977
3.293256
5.319633
-0.445555
-5.436898
-2.959648
-0.337938
0.906008
0.558371
0.351656
-1.267763
20.298254
17.356037
14.669533
0.000000
-4.305450
0.307414
-0.651084
0.008476
1.276841
-2.592455
2.681426
5.182012
0.364472
-3.221988
-3.894019
-0.464937
1.348797
1.732433
1.631434
10.636660
18.998335
15.351063
12.842675
0.000000
-4.571539
-2.421363
-0.265494
-0.061122
2.385302
-0.228219
3.570484
5.298319
1.482998
-2.432945
-3.032353
-0.104854
0.766409
0.248088
2.248941
8.170436
18.455786
15.090217
13.099458
0.000000
-3.999377
-1.719273
-0.111973
0.071219
1.461992
-1.341856
3.402378
5.166065
1.220781
-2.196713
-2.519577
-0.069040
0.854781
-0.099273
1.184907
7.640430
18.214907
15.414431
12.961385
0.000000
-3.952228
-2.679704
0.101837
0.328737
0.667926
0.282660
4.418502
6.048265
3.565650
-2.217182
-3.185961
-0.495611
0.518716
-1.312171
-0.553194
4.226355
3.169975
17.703621
14.464564
0.000000
-4.395195
0.158204
0.095370
0.315800
0.537717
0.316070
3.166315
5.275583
1.195018
-1.502641
-6.653422
0.833906
1.029563
-0.681579
-0.868692
-1.058089
20.322392
16.380590
15.191614
0.000000
-1.831906
0.736570
0.134520
0.132163
0.210956
-4.383880
2.108884
4.338017
2.866076
-3.147661
-4.218654
-0.004221
0.649634
0.369171
0.165287
-1.243327
-0.218678
16.829180
14.915518
0.000000
-3.537015
-2.516717
0.071430
0.224276
-0.885945
-0.527885
3.733930
5.794159
2.254874
-2.042770
-1.754243
-0.574734
-0.316191
0.185942
-1.262542
0.468204
22.531296
17.593307
15.383310
0.000000
-7.513744
0.182791
-0.343756
-0.250336
4.526520
-2.580814
0.609746
3.934243
2.979270
-2.601883
-6.495882
1.496476
2.819331
1.894358
2.248568
6.019602
19.259420
16.422606
15.065429
0.000000
-3.746062
-3.442281
-0.104684
0.111527
2.722676
-1.621078
2.885809
5.092370
3.308625
-2.116407
-4.127177
-0.208548
0.471370
2.096662
0.330784
7.782766
21.709555
16.429735
14.418891
0.000000
-4.449441
-3.846054
-0.138846
0.058618
2.676600
-0.031964
3.637556
5.452681
3.068371
-2.801838
-11.319837
-0.150802
3.265764
1.955481
0.282482
0.639981
18.058846
19.452230
16.147427
0.000000
-3.368134
-1.752187
-0.855750
-0.802536
0.482628
-0.409024
3.186628
0.108499
-0.091430
-4.608999
-4.885813
-1.552828
1.208766
3.682318
2.168290
2.790723
18.122684
7.033105
9.200775
0.000000
-1.321162
-1.291541
-0.218225
-0.283423
2.370842
-2.594097
2.594435
3.849133
1.620002
-4.007240
-6.318136
-0.282825
-0.019076
-0.905003
-1.064504
-1.998576
1.742449
18.443935
16.196615
0.000000
0.538381
1.032830
0.483824
0.453862
-1.738717
-5.072669
0.917414
5.109538
5.380983
-2.328236
-6.388233
-0.615265
1.206811
1.522506
0.063705
-0.866023
-1.843354
20.403891
17.279902
0.000000
-2.949834
-2.037690
0.287957
0.388044
-0.851958
-1.682867
2.185055
5.312930
6.150896
-0.986088
-5.572965
-1.118338
0.395262
1.562685
0.491781
-0.982299
2.206172
19.451824
16.246023
0.000000
-2.604214
-1.346430
0.197546
0.266529
2.011888
-3.108501
1.490210
4.882759
4.015636
-0.829796
-5.265234
-2.069080
-0.975505
0.969752
2.106521
-0.713886
5.146910
17.246145
15.051693
0.000000
-2.696683
-3.147079
0.122772
0.269400
0.765968
-2.802220
2.222048
5.691235
5.944477
-0.797424
-5.591637
-1.890307
-0.299939
1.035444
1.267250
-0.581195
-0.058162
20.425503
16.730511
0.000000
-2.926634
-2.402804
0.212941
0.331423
3.103482
-1.956399
3.341796
6.223603
1.888922
-0.584205
-2.109164
-1.201046
-0.933429
-0.436448
0.486055
1.793085
10.535011
16.199455
14.193562
0.000000
-3.165592
-3.140933
0.100963
0.295338
-0.168953
-1.039769
1.892960
5.392392
5.846954
-0.501137
-4.231038
-0.380957
-1.679710
0.082076
-0.036402
0.128321
-0.783639
4.121948
17.496094
0.000000
-2.062139
-2.383820
0.680975
0.907128
-0.804775
-3.396833
3.008068
6.125168
6.523922
-2.069874
-3.546862
-0.825745
-0.306946
3.150868
0.156854
-1.381568
4.154253
21.421028
18.050283
0.000000
-3.936178
0.778072
0.050297
-0.008889
5.280997
-2.210445
-0.965446
4.097723
2.512570
-2.916600
-5.332173
-1.874923
0.343235
1.328337
1.638247
3.960285
20.109882
16.060633
14.207656
0.000000
-1.697742
-1.391237
0.213222
0.293879
-0.394846
-3.330436
2.112733
5.706912
4.612410
-1.077113
-3.225268
-0.751208
-1.507532
0.560042
-0.618476
-1.471981
2.460912
2.854476
8.833105
0.000000
-2.920609
1.141207
0.401844
0.324551
2.116771
-2.553991
0.609567
2.188612
4.332189
-1.800533
-3.333984
-1.199681
0.555984
0.143631
0.677510
1.255631
6.707398
18.702362
16.412672
0.000000
-2.479641
-1.941809
0.013134
0.111112
7.157850
-1.997232
-2.068679
2.622441
5.555574
0.331697
-5.883070
-2.324190
-0.673590
2.879922
0.096985
-0.629451
-1.478896
-4.727761
0.296098
0.000000
-0.894466
0.878928
0.515311
0.419198
4.559559
-2.913756
-1.306234
1.488047
2.372515
-1.515539
-6.254877
-1.656285
0.663035
0.947905
0.680849
-0.467142
0.580938
19.812775
17.176638
0.000000
-1.957637
-1.693514
0.110579
0.159358
3.415642
-1.963868
-3.087591
2.790207
5.484746
-0.652925
-5.329253
-0.609622
-0.265578
-0.262103
0.250418
0.727474
0.059374
-5.202158
-0.566556
0.000000
-0.474838
2.328053
0.662418
0.486641
-0.242263
-4.528172
-0.678407
4.529254
2.290600
-0.855313
-5.705814
-3.077612
-0.596435
2.488698
0.796664
-0.455984
-1.276985
2.776063
19.093670
0.000000
-2.279059
-0.368614
0.356175
0.361031
3.407238
-3.691462
-0.596843
3.381172
3.326720
-2.521218
0.769911
-1.523119
-0.742480
-0.653812
-0.029773
-1.092959
-2.256708
21.761377
17.338755
0.000000
-0.871421
-0.297517
0.621922
0.603510
-1.548350
-3.939312
-0.631819
3.628228
4.199586
1.071307
-2.033753
-0.910594
-0.326808
-1.807412
-0.866457
-1.419979
-0.436628
-3.152900
5.935657
0.000000
-1.719204
1.513291
0.787686
0.672065
-0.359957
-3.464186
-2.368034
3.230147
4.985312
0.028370
-2.594776
-2.588542
-0.947179
-0.621310
-0.419810
-1.488017
1.273644
22.506266
18.020298
16.348665
0.000000
-1.301177
-0.431280
0.392855
0.490005
-2.258325
-0.383583
4.178889
6.191402
2.563939
-2.456344
-3.435278
-2.023029
2.056684
0.491215
-2.625471
-1.507463
-6.698989
-1.151710
21.729052
0.000000
1.959860
1.644408
0.415366
0.267676
-4.282615
-2.262724
5.395528
3.290372
-1.262393
-6.315665
-4.129375
-0.441133
1.401923
1.436546
-0.282118
1.290422
6.275885
19.170521
17.214855
0.000000
-3.670211
0.824066
0.139780
0.164704
-3.001696
-2.956782
2.199972
3.140376
0.970455
-1.224699
-3.392240
-1.245746
1.260100
0.170181
-1.632677
-1.187802
-4.459573
4.049300
17.921106
0.000000
-5.206802
0.507572
0.250046
0.691363
-2.712375
0.624981
3.722142
5.371017
-0.536554
-2.664230
-3.661813
-0.959489
3.404006
0.651178
-0.722808
0.212475
6.529903
19.364639
16.755962
0.000000
-2.808501
0.654102
-0.098147
-0.108121
-0.399535
-2.231343
1.668351
1.738473
1.544946
-4.181787
-1.206730
1.287740
2.328107
1.148326
0.331857
8.763531
18.617878
15.873287
11.576656
0.000000
-2.318227
0.537482
0.121233
0.152162
-1.058388
-1.761287
3.191617
4.548593
0.187336
-3.945760
-2.315758
-0.114508
2.490284
-1.442241
-0.863948
-1.987821
1.708766
18.487789
16.613941
0.000000
-1.252541
0.991788
0.207698
0.213739
-2.697777
-1.289094
2.666789
3.516342
1.131123
-4.269104
-1.414088
0.774725
0.835548
-0.144836
-0.192970
-0.392983
20.026056
16.155390
14.622841
0.000000
-2.044221
0.916158
0.223654
0.228130
-0.859352
-4.070231
2.759703
5.123653
1.676830
-5.180364
-2.910917
0.624968
2.404634
0.363862
-1.293548
-2.891618
1.598480
18.033709
16.207453
0.000000
-2.366186
1.034761
0.220271
0.233376
-0.008216
-3.548799
2.295419
2.909392
1.899289
-2.296011
-3.178729
0.237647
0.191661
-0.236451
0.106490
-0.967642
0.807519
17.723768
15.930069
0.000000
-3.123232
0.692118
0.216066
0.288337
-0.733777
-2.590618
3.329322
5.467146
3.184626
-3.241644
-4.048465
-0.558409
0.703517
0.313082
-0.965319
-1.533067
-2.281243
9.121433
16.146093
0.000000
-2.701886
0.988535
0.179810
0.186774
-0.896084
-3.012936
2.271710
2.731770
1.571743
-1.079189
-3.251144
0.329688
1.106402
-0.019881
0.156796
1.020406
20.362602
17.895424
16.262295
0.000000
-5.498477
0.647171
0.004404
0.118878
0.026044
-2.677373
2.640267
5.397963
-0.865845
-3.768821
-1.842914
-0.254043
0.526180
1.546503
-1.412698
-0.879960
-5.240268
16.602566
17.326395
0.000000
-2.848794
1.237693
1.169976
0.656665
-2.162073
-2.704556
6.218883
4.308871
-0.269169
-2.304505
-2.793108
-1.870110
-0.297421
-0.246920
0.650041
4.483294
21.274458
17.052952
14.823278
0.000000
-3.543159
-2.529820
-0.013427
0.146194
-0.675066
-1.115754
3.806896
3.305053
2.759996
-1.164048
-3.711044
-1.052116
-0.315426
-0.568311
-0.678883
-4.533571
22.147686
17.374840
15.578135
0.000000
-3.244010
-0.234616
0.100884
0.225850
1.149220
-2.451882
2.789218
3.463786
4.571604
-1.847598
-5.283248
-0.461812
-0.374850
1.710605
1.926254
0.042056
6.205708
18.094330
16.153864
0.000000
-4.470029
-0.418295
0.021908
0.222847
2.229016
-1.384455
2.066233
5.083174
4.434632
-2.966643
-4.514050
0.028521
-0.077655
1.236419
0.741740
-2.860805
3.249885
17.178606
15.371600
0.000000
-3.577186
-2.862047
0.044984
0.243315
1.074475
-1.063615
3.826856
5.953610
4.380819
-1.557987
-4.795313
-0.504058
-0.202290
1.582993
1.792283
2.166405
22.130754
16.343781
14.490901
0.000000
-4.069049
-3.419836
-0.217742
-0.042222
2.207482
-1.902185
2.823312
4.847860
3.716194
-1.624477
-4.288981
-0.336821
0.337296
1.600612
2.258554
5.984776
20.010126
14.946198
13.388155
0.000000
-3.798421
-3.784925
-0.157353
0.056561
1.884881
-1.273121
3.284245
5.448545
5.599520
-1.496465
-2.848825
-0.725480
0.027997
2.306417
0.385737
4.529765
22.264914
16.517822
14.657066
0.000000
-5.023779
-4.150439
-0.365701
-0.120329
1.794466
-0.870887
3.001271
5.319132
5.303983
-1.556839
-4.137345
-1.903364
2.459033
2.165815
-0.221180
-0.565099
20.493179
16.035103
14.487698
0.000000
-5.067705
-5.130951
-0.568635
-0.315601
4.282507
-2.156606
2.563533
4.620373
4.766598
-2.015885
-4.366302
-0.754404
1.961273
3.299052
1.036058
-1.404344
20.117056
14.970456
13.101918
0.000000
-5.248525
-5.256304
-0.821860
-0.604317
7.104293
-1.294406
1.463009
3.672889
2.935578
-1.790270
-12.226750
-0.092857
4.708982
4.334050
2.366780
5.305476
20.117296
17.505709
14.560900
0.000000
-5.504707
-0.712206
-1.579895
-1.596638
14.114620
3.739191
-1.670732
0.462405
-1.481552
-4.062922
-20.686514
-5.816539
3.318291
3.688585
3.989221
3.662965
16.242414
8.604107
9.765628
0.000000
-3.990603
-4.386226
-0.896729
-0.769450
11.003110
-2.771613
-0.888158
3.644710
3.170332
-5.214762
-5.783400
-2.324792
1.094038
1.179418
2.075107
-0.395854
1.709496
17.205227
15.339409
0.000000
-1.953038
-2.625946
0.290057
0.405839
1.029503
-3.077668
2.407313
5.487495
6.270261
-0.804229
-5.658272
-0.982254
-0.853102
-0.353010
0.082108
-0.840832
-1.682972
21.000004
17.796633
0.000000
-1.708521
-0.668990
0.420378
0.488596
-0.186965
-2.981114
1.904694
5.990935
1.921677
-1.044867
-1.258073
-0.331607
-1.146174
-0.924694
-0.588331
-1.235806
-0.447726
20.992237
17.270136
0.000000
-1.578951
-1.528149
0.447005
0.508658
-2.653139
-3.321833
2.405896
6.223841
5.182017
-0.273459
-5.718893
-1.642244
-0.167796
1.664905
1.085217
-1.463825
0.124961
-2.089186
2.624934
0.000000
-1.706496
1.520494
0.598908
0.439013
1.973027
-3.000736
-0.385567
3.062678
1.148303
-0.429921
-1.706604
-2.355509
-0.644172
0.709455
0.098284
0.237219
9.055176
20.526842
15.425077
0.000000
-2.798030
-3.296337
0.007593
0.148772
2.848751
-1.661415
1.224540
3.509424
3.531440
1.438330
-2.465162
-1.804471
-0.664202
1.163658
0.835594
-1.405100
-0.881366
-4.205476
3.573477
0.000000
-0.757945
1.712077
1.875187
2.064923
2.702137
-3.726463
-2.660513
2.192633
2.061245
-0.528499
-1.724521
-2.781103
-1.327904
-1.227074
0.018492
-0.094326
8.088903
21.671867
18.350756
0.000000
-1.299019
-0.308863
0.396423
0.438237
0.527921
-3.852213
0.307065
3.152747
3.398870
1.102067
-1.937361
-1.239920
-0.987576
1.739529
-2.120544
-2.654914
-1.401808
-1.856964
20.853230
0.000000
-0.042558
1.985937
1.071574
0.981962
-4.026094
-4.018828
1.016293
5.312107
4.761334
0.324026
-3.060367
-1.706458
-1.237369
-2.169246
-1.419545
-2.442142
-0.390974
21.322054
18.012360
0.000000
-1.284449
-0.942616
0.379292
0.416115
-0.608708
-3.427723
-0.364116
3.608580
5.803149
-0.279664
-5.211293
-0.658819
-0.537730
2.152907
-0.629576
-2.240040
-1.266158
-2.896698
5.232252
0.000000
0.368663
2.155436
0.957748
0.752619
-2.195676
-5.641171
0.712937
5.797497
6.435155
-1.335710
-3.855691
-1.638179
-0.365106
3.124126
-0.996866
-1.351633
0.714066
8.454150
19.391731
0.000000
-4.072468
-3.081532
0.188864
0.212985
3.556151
-2.962145
0.103661
2.643015
3.733964
1.121667
-1.256099
-1.388916
-0.001763
-0.767633
-1.004222
-0.527857
-1.788303
4.731845
18.091440
0.000000
-2.070286
-1.501804
0.464870
0.479535
0.507304
-4.008061
-0.205238
3.672127
6.269369
1.125040
-2.938231
-1.584766
0.093187
0.654548
-0.197222
-1.563256
-0.886035
-0.381927
18.726278
16.336685
0.000000
-2.353652
1.052308
0.317407
0.348641
-2.900550
-0.776411
3.171448
3.699973
1.455524
-1.123200
-2.287973
0.148139
0.015490
-0.213325
-0.402072
6.981956
21.337154
17.415480
15.871040
0.000000
-2.559061
0.936325
0.258526
0.328726
-2.228846
-0.873839
3.496257
3.733669
-0.005282
-1.320844
-1.187247
0.238489
-0.327820
-1.352736
-1.275378
-0.988215
-0.905610
17.300097
15.649875
0.000000
-1.609880
1.197918
0.400341
0.397942
-2.590280
-2.291221
3.224334
5.738206
0.729483
-2.777220
-1.909229
0.096759
0.667270
-0.347354
-1.224691
-1.270052
0.404542
18.568184
16.654617
0.000000
-4.270781
0.967888
0.263225
0.329415
-2.265363
0.167721
3.497282
3.742487
1.526393
-1.112934
-2.452526
-0.211068
0.274551
-0.503236
-0.232240
-1.798641
19.119446
17.454626
15.800119
0.000000
-4.204784
0.799140
0.210028
0.288122
-1.289754
-1.374757
3.140038
4.690563
1.178776
-2.447840
-2.200928
-0.349137
0.154957
0.193219
-0.566192
-7.953683
-1.441943
17.639021
15.781759
0.000000
-4.438286
0.918219
0.207926
0.301109
-2.269121
-0.733292
3.656144
5.939247
0.941457
-2.262830
-2.017349
-0.029588
1.088836
-0.063746
0.643337
3.278571
19.938368
16.454794
14.795973
0.000000
-6.352852
0.309424
-0.076653
0.175696
0.225493
0.385434
3.777021
5.309613
0.803702
-3.666431
-0.369058
0.510306
1.166919
0.023260
-0.710249
-3.039354
20.370966
16.068144
14.463420
0.000000
-5.416322
0.092608
-0.429222
0.234247
2.948768
-5.447085
-0.869534
2.194920
0.683557
-3.570957
-4.271951
-0.333803
1.658220
2.066640
1.898044
5.734496
19.348209
15.556762
13.227544
0.000000
-4.645392
-4.124161
-0.391886
-0.145267
1.526229
0.673314
3.581612
5.625069
1.382498
-4.299083
-5.829798
1.429192
2.360430
-0.285976
0.563584
5.694736
20.345346
18.418240
14.757916
0.000000
-0.434258
0.130003
-0.932804
-0.987525
3.517066
-5.587404
-2.849605
-0.376964
-2.555863
-4.833445
-2.741051
-0.048405
3.421046
2.408428
1.616048
0.542304
19.550232
16.593031
14.199665
0.000000
-0.905158
0.758029
0.527186
0.624060
-0.401347
-0.132577
6.041548
5.251019
-0.401367
-3.705705
-4.077163
-0.696181
0.281059
-3.592864
-1.195681
4.277875
21.229557
11.537141
7.250956
0.000000
-2.574716
0.592549
0.005512
0.033841
0.158254
-3.680917
1.553279
2.861248
1.492509
-5.354460
-2.573215
0.777658
2.139257
0.119511
-0.648815
-1.364188
-6.800626
21.118132
18.215948
0.000000
1.112254
1.639693
0.671451
0.537473
-3.367481
-4.163105
2.655332
6.065691
1.437465
-2.452819
-4.235475
-0.398700
0.640851
-1.222150
-0.703191
0.324082
2.518991
19.947483
17.712345
0.000000
-2.340466
-0.042885
0.285893
0.427415
-1.770804
-1.231047
3.349585
6.312408
0.505553
-2.063561
-1.525156
0.153123
2.362595
-0.182196
-1.938270
-1.819451
-2.863198
5.913936
17.494026
0.000000
0.193540
1.050810
-0.219745
-0.298881
2.297771
-4.150014
0.343741
1.778363
1.324081
-2.407344
-3.446766
-0.359012
1.001372
2.907610
3.170876
1.117692
4.351404
18.091200
15.947882
0.000000
-3.074702
-0.907410
-0.058618
0.065825
1.212551
-2.050573
1.155135
4.356720
4.121681
-1.256465
-5.025790
-0.482543
0.610045
2.780552
1.576603
0.298412
6.669556
17.107956
15.252558
0.000000
-3.150086
-0.647618
0.035170
0.164459
1.238590
-0.888636
2.978008
2.425180
4.202451
-1.091744
-1.990024
-0.205340
0.226559
1.500562
1.640905
5.168030
21.551353
17.404001
15.623403
0.000000
-6.109622
-1.194542
-0.204740
0.001471
3.518991
-1.943723
1.013425
5.052236
4.822991
-3.893333
-4.127072
0.047403
0.838334
2.132307
0.755808
-2.207039
2.217985
17.435867
15.620841
0.000000
-3.917746
-2.853903
-0.056156
0.093250
2.345132
-1.625844
2.840735
2.996183
4.706261
-1.232429
-2.836351
-0.332856
0.396586
1.359065
1.579488
3.503351
20.590666
17.011351
15.188031
0.000000
-5.642612
-2.159114
-0.296645
-0.083934
3.523189
-1.591898
1.771457
4.958640
4.096031
-1.488322
-3.899549
0.024263
1.201217
2.122114
1.954429
3.089536
20.026068
14.566074
12.966340
0.000000
-3.680158
-3.616894
-0.195237
-0.020450
1.658958
-1.699033
3.137670
5.297605
4.217648
-1.627582
-3.535460
-0.652496
0.982537
2.880837
0.989109
3.867111
21.155424
16.063093
14.289364
0.000000
-5.243473
-5.059898
-0.520620
-0.278026
5.041034
-1.295938
2.516068
5.094635
4.743032
-1.678016
-5.105426
-2.155266
3.405087
3.401726
1.058903
1.237209
9.844957
17.062496
15.580497
0.000000
-4.572823
-3.642482
-0.492142
-0.312189
7.501706
-2.143074
0.805829
3.126606
2.544565
-4.003867
-3.566934
-1.296330
3.085844
2.708290
2.457106
0.707427
5.026277
17.380777
15.637959
0.000000
-3.075639
-2.795363
-0.244643
-0.128044
3.928798
-2.707172
0.457956
4.159356
3.646323
-1.583935
-5.058471
-1.597198
1.109789
2.394343
1.317586
1.123194
7.289193
17.595333
15.272860
0.000000
-3.849240
-2.974182
-0.955661
-0.126887
6.414280
-2.861656
1.580678
3.686675
4.754167
-0.306554
-1.752121
-1.223053
1.352830
1.547881
1.488063
9.289690
21.067501
18.138079
16.044735
0.000000
-6.476891
-0.265465
-0.578942
-0.529891
5.088610
-1.668635
-0.570914
0.631050
4.381934
-2.362473
-5.088856
0.187839
1.745129
2.686534
1.460089
-2.848849
9.443716
16.326435
14.195755
0.000000
-3.618414
-3.318261
-0.208709
-0.030288
5.688358
-1.777593
2.159800
3.157078
4.406883
-1.065884
-3.280654
-0.913699
2.309412
1.737356
0.446867
0.708428
8.034383
19.425177
17.594580
0.000000
-4.674988
-0.131094
-0.427358
-0.369091
4.703883
-1.906937
-2.024115
2.795128
3.208678
-2.601568
-4.912726
-1.683426
1.863002
2.714860
1.006791
1.188597
9.253110
17.144886
15.183020
0.000000
-3.493998
-3.689812
-0.332379
-0.181523
10.023136
-2.226563
0.143631
3.969383
4.097847
-1.458355
-4.901073
-0.877305
1.379949
2.174811
0.904494
1.439614
11.122767
17.193966
15.139618
0.000000
-4.056703
-3.810719
-0.274326
-0.148810
13.506414
-1.603799
1.340041
4.861303
3.801369
-1.213932
-4.463868
-2.030729
1.408835
1.758593
1.686069
1.783764
19.672247
16.254093
14.541250
0.000000
-2.487160
-2.638845
-0.109006
0.016485
7.381466
-3.439654
-0.406496
4.415987
4.874107
-0.819162
-3.543839
-1.257794
0.249820
0.627887
0.641530
0.213560
0.992216
1.620896
17.951450
0.000000
-3.728727
-3.644451
0.141680
0.237728
7.742079
-2.375160
1.538046
4.700109
5.511130
-0.456934
-2.433347
-1.187587
-0.114105
0.211252
-0.316470
0.699229
7.913568
18.722534
16.201025
0.000000
-3.834068
-4.721775
-0.047606
0.142686
7.235723
-0.810783
1.337813
4.418294
5.919888
0.385295
-2.367427
-0.575870
-0.211007
0.362074
-1.018827
-0.579233
0.561143
14.705520
17.156078
0.000000
-3.582716
-4.674200
0.192365
0.337258
4.260620
-2.092782
2.874243
3.931835
6.463678
-1.023150
-2.680136
-0.871411
0.489584
0.632024
-0.725444
-0.724581
9.105382
18.653370
17.304844
0.000000
-4.151036
-3.552898
-0.066482
0.057325
9.026452
-1.700694
1.291883
2.493959
5.880147
-0.778922
-3.532056
-0.789425
0.238012
0.670475
0.206357
0.223689
7.562175
18.574711
15.816542
0.000000
-3.761298
-4.395033
0.571331
0.106815
0.237991
-0.302375
0.079837
4.279158
5.555757
0.687272
-2.612607
-1.545388
0.032274
0.962080
-0.779731
0.125225
4.848611
19.641705
16.341259
14.348328
0.000000
-3.445022
0.695263
0.092565
0.177212
-1.350159
-0.692481
2.786757
5.165705
-0.539057
-3.002946
-1.610080
0.595720
-0.078501
-0.059235
0.067387
6.046392
20.499365
17.131836
15.129390
0.000000
-4.004150
0.656246
0.000352
0.098287
-0.504797
-0.707026
2.529860
5.048512
-0.705304
-3.786487
-1.739383
0.296689
0.706754
-0.160266
0.053406
5.370032
18.777958
15.919673
13.652575
0.000000
-3.858439
0.480248
0.194300
0.325053
0.064936
0.045434
6.153904
5.598290
0.725614
-2.871853
-1.650007
0.116632
0.983053
0.561981
-2.229326
-0.340724
21.815495
17.363029
15.456527
0.000000
-3.894912
0.712477
0.023896
0.124586
-0.642808
-0.488273
2.482724
5.707343
-0.568050
-3.059530
-1.672892
0.408758
-0.351331
-0.516894
0.094419
5.333233
18.952543
16.089043
14.021131
0.000000
-3.399372
0.647286
0.240413
0.334596
-0.527804
-0.941833
4.156623
5.692949
0.899091
-2.838942
-1.172435
0.232806
0.552932
0.560450
-2.115259
0.965931
8.066862
17.833025
15.917233
0.000000
-3.370100
0.900387
0.218796
0.283046
-0.938367
-0.671746
1.895722
5.143624
-0.290569
-2.804205
-1.786959
-0.228914
0.531164
-0.970599
0.033339
4.967010
18.798349
16.142771
13.627208
0.000000
-3.373703
0.015271
0.297519
0.404628
-0.580610
-0.765298
6.364192
5.462157
3.255850
-2.445032
-1.968198
-0.165891
2.323166
1.053021
-1.866261
-2.295140
9.342698
17.502253
15.654060
0.000000
-4.235614
-3.495100
0.029431
0.242798
1.453603
2.326985
3.247981
5.720533
0.883996
-3.066370
-4.455404
0.681895
-0.697076
-0.541096
0.054672
5.653049
19.415424
16.904440
15.426906
0.000000
-2.778162
0.722886
0.600763
0.995097
-0.160156
-1.769498
2.765988
5.721435
2.060045
-3.186648
-3.189566
0.172699
-0.026793
0.264743
1.258088
12.553747
19.111912
16.525551
16.864376
0.000000
-3.622563
0.758397
0.532752
0.738317
-0.162019
-0.476165
5.047679
5.591002
3.809036
-2.618740
-3.116413
-0.420033
-0.926002
0.350328
-1.658048
2.821653
21.776205
18.060305
17.007954
0.000000
-2.185415
0.811433
0.520737
0.567819
-1.759189
-1.097752
5.602233
5.328125
3.942790
-2.558359
-1.981546
-0.544255
-1.317312
0.248850
-2.333013
-1.554750
0.844913
19.973356
17.308594
0.000000
-3.175462
1.229747
0.645655
0.661993
-0.994247
-1.910730
2.352924
6.098155
1.598674
-2.962333
-2.250650
-0.215034
-1.928086
-1.293255
0.115891
0.666114
9.110582
18.002718
15.682497
0.000000
-1.912777
1.032794
0.425800
0.418890
-1.514035
-3.555943
2.226893
5.952076
3.768540
-2.712994
-2.841979
-0.029499
1.631266
0.952721
-2.020318
-1.451791
1.266073
19.025059
16.398254
0.000000
-3.852316
0.972890
0.326005
0.345448
0.103066
-2.352047
2.191571
3.435071
1.825482
-2.267948
-1.988723
0.077176
-0.038903
0.618703
1.141804
3.437865
21.463018
16.749773
15.246737
0.000000
-3.201134
-3.049522
0.241660
0.429149
0.064819
-1.212818
3.676383
6.017287
5.633844
-0.603398
-2.756621
-0.932100
-1.110354
2.453640
-1.776973
-1.164703
3.523419
19.390244
17.143465
0.000000
-5.041582
-0.232060
-0.013138
0.021113
1.360459
-1.954066
1.324745
3.998837
2.407215
-3.377072
-5.098903
-0.388415
-1.004366
1.847766
0.998243
1.526905
10.216760
17.402115
15.119681
0.000000
-3.253010
0.684460
0.004955
0.034567
2.625972
-2.864383
1.790124
4.144156
2.089272
-2.586200
-4.600677
-0.451616
1.969848
1.658904
1.402547
7.787456
19.778902
15.935471
14.236834
0.000000
-3.749856
-3.823895
0.029181
0.252878
1.125445
-0.825303
3.395501
5.743795
5.588253
-1.386195
-3.859741
-0.955387
0.436078
1.007005
-1.602907
0.320620
6.603771
17.782282
15.594764
0.000000
-3.702795
-3.666386
0.059046
0.189474
-0.083615
-0.818918
3.146933
5.202493
3.455303
-1.959959
-3.734125
-0.592814
1.355001
2.097875
-1.057151
-0.132736
16.007519
18.084063
16.577757
0.000000
-3.491475
-2.146345
0.151988
0.314601
2.152662
-0.560883
2.755286
5.013181
2.720039
-2.475381
-4.261229
0.015553
-0.493187
-0.864122
-0.586651
1.691002
20.300215
17.281591
15.308221
0.000000
-3.761424
0.174318
0.133313
1.043755
2.464687
-3.912505
0.221630
4.165327
2.874579
-3.224487
-4.742426
-0.064007
-0.009394
0.887288
-0.801387
0.397396
21.442917
17.505939
15.886178
0.000000
-3.194089
0.345374
0.981466
1.438839
4.139455
-4.305835
-0.184486
3.468490
3.205552
-2.548003
-5.112804
-0.769929
-0.150673
-1.430241
0.566784
0.585208
5.229835
18.874868
16.724195
0.000000
-2.362507
-1.878349
0.366775
0.493507
0.940274
-1.974971
2.541262
5.662562
3.770914
-2.228668
-3.251524
-0.681287
-0.506035
-0.243548
-0.624758
-0.721571
5.855126
19.325672
16.832869
0.000000
-1.906856
0.862640
0.308191
0.292191
1.862413
-3.316582
0.022632
3.311769
3.767039
-2.394480
-5.269477
-0.398774
0.011064
3.085896
0.742705
0.607073
10.528119
18.340508
16.138353
0.000000
-1.819373
0.923011
0.403001
0.395620
1.424621
-3.423759
0.141066
1.846734
5.267609
-1.906553
-2.827010
-0.364645
-0.162677
-0.092274
-0.705312
0.724962
6.114885
19.529413
17.148808
0.000000
-3.009808
-3.209773
0.396779
0.540321
-1.786509
-2.116109
2.696362
4.377652
6.503740
1.693574
-2.382215
-0.521922
-1.859488
2.715598
-2.356524
-2.498455
-0.543920
7.453414
18.214336
0.000000
-3.574124
-2.696530
0.472313
0.566676
1.817062
-2.192047
2.155908
3.028270
5.239520
-1.682761
-2.913689
-0.727582
-0.231909
-0.013897
-0.837428
-0.623342
5.372573
16.031172
17.716801
0.000000
-2.144758
0.968813
0.368494
0.328928
1.247925
-3.332196
-0.548794
1.553364
4.118545
-1.991526
-3.419382
-0.802809
0.529447
-0.327556
0.065953
0.718902
6.672869
20.150356
17.388124
0.000000
-2.107308
-1.774133
0.318657
0.387695
2.496838
-3.869707
0.467451
2.866441
5.914179
0.086433
-2.694788
-0.984325
-0.803399
0.732919
-0.846779
-0.387426
1.446152
1.878666
18.147453
0.000000
-3.033314
-3.611112
0.575489
0.704381
3.966599
-1.922780
2.072959
3.595044
6.364149
-0.852640
-2.301113
-0.898217
-0.450902
-2.125745
-1.749578
-0.797046
1.184506
22.082327
18.063213
0.000000
-2.982518
-3.823348
0.433452
0.551902
2.726959
-3.402536
1.783404
3.801504
6.505706
-0.339456
-2.303033
-0.780269
-0.146059
1.385480
-1.987447
-1.843707
0.618219
6.214236
18.557438
0.000000
-2.197789
0.771655
0.438316
0.388655
4.178406
-3.200869
-1.085597
1.047258
4.796564
-1.510426
-4.510854
-1.768436
0.138085
-0.057791
-0.316960
0.487867
1.539853
6.799549
18.273699
0.000000
-2.128783
-1.090296
0.490156
0.527153
-0.857726
-4.432556
0.272076
3.442877
6.372203
1.771228
-2.292232
-1.050758
-0.985783
1.247989
-1.753275
-2.815633
0.013835
-1.250151
19.405006
0.000000
-2.561466
-1.187421
0.467967
0.417869
0.893378
-4.008815
0.559765
5.769046
1.997403
-0.813878
-1.699650
-0.917904
-0.259472
0.946446
-1.268080
-1.002544
-0.059270
2.354488
17.526478
0.000000
-2.199574
-1.687278
0.268081
0.301008
1.825404
-3.995387
0.523568
5.392116
4.252179
0.409259
-2.148629
-3.064267
-0.375152
0.722946
1.155020
-1.016815
-0.473253
-0.521612
17.937590
12.216854
0.000000
-0.967713
1.214647
0.430014
0.477976
-0.984945
-0.458225
6.791549
2.649788
0.604344
-1.886568
-3.043624
-1.624552
-0.946223
0.667843
0.414933
8.271713
19.855097
16.640371
14.860019
0.000000
-1.936011
0.609020
0.117674
0.125036
-1.712814
-1.447591
2.879869
5.100936
1.606172
-3.886579
-2.386887
-0.365930
2.613918
-0.440062
-1.293645
-0.916137
-1.146466
19.644764
7.637182
0.000000
-0.684560
1.389936
0.598436
0.608490
-1.919538
0.405743
4.449241
5.578322
1.508979
-1.000526
-2.208642
-0.240692
-1.644414
-0.527396
-0.213751
10.014994
21.534626
17.854336
16.379128
0.000000
-2.045356
0.927962
0.246639
0.289417
-2.257349
-2.068091
3.054461
5.776829
-0.472000
-4.697131
-0.970373
0.005425
1.087181
0.162675
-2.074934
-1.489352
-2.849874
2.832955
18.611456
0.000000
0.694134
1.056780
0.629389
0.486102
-5.472867
-2.091136
3.663979
5.440583
2.475981
-3.812393
-2.608534
-0.168827
2.662229
0.406727
-1.127737
-0.973830
2.270579
20.954466
18.552916
0.000000
-7.405206
0.528862
-0.113903
-0.012447
0.735295
0.205630
2.568632
2.912419
-1.888237
0.208793
-1.774375
-0.945033
0.395573
1.104231
-0.304290
7.496621
17.899862
14.398278
13.177866
0.000000
-1.750659
0.833165
0.311238
0.279050
-2.686252
-0.768148
4.266849
5.205999
1.086396
-2.990809
-1.621475
0.107301
-0.857857
1.556115
-0.659711
0.203492
1.617137
19.327650
17.112291
0.000000
-4.871202
0.765877
0.146859
0.250733
-0.356831
-0.474396
3.211951
4.798266
1.728157
-2.565116
-3.119097
-0.019866
0.830739
0.542272
0.830416
11.241565
18.697456
15.314521
13.656734
0.000000
-3.639679
0.509996
0.095106
0.194875
1.562353
-2.261960
2.723384
5.050955
3.624955
-2.361680
-2.073406
-0.684401
0.459161
-0.578713
0.167839
3.026451
21.712608
17.688978
15.974338
0.000000
-4.220974
-1.537857
-0.020850
0.199328
0.995419
-0.221830
3.703354
5.389313
2.151612
-1.961170
-2.352974
-0.131035
-0.251116
-0.724444
-1.644685
-2.885497
21.969969
16.953108
15.244243
0.000000
-3.757519
-1.325327
0.064273
0.249652
0.979984
-0.111439
3.440185
5.494923
1.743585
-1.844263
-2.333137
0.163769
-0.296285
-0.377593
-0.162176
1.886652
20.517815
16.502819
14.552279
0.000000
-4.595072
-3.483330
-0.132805
0.086381
1.759650
0.130830
3.451126
5.526069
1.318654
-2.190119
-7.697120
0.790396
1.542461
0.396300
0.499445
3.381100
19.579824
17.070219
15.588792
0.000000
-3.421846
-1.530374
-0.085982
0.076445
1.665900
-0.561719
2.477376
4.607514
0.520316
-3.602206
-2.424933
0.459925
0.544453
-0.299736
0.502136
6.654653
19.458641
15.958639
13.698845
0.000000
-3.642147
0.868020
0.008324
0.286355
2.219674
-3.480063
1.221018
4.303705
0.814461
-3.700438
-2.733241
0.555117
1.240357
0.088023
0.962909
7.298887
19.774132
16.458570
13.920704
0.000000
-3.238199
0.021583
0.178349
0.289342
1.774988
-2.584618
3.375386
5.304553
5.493549
-2.257057
-4.484162
-0.494902
0.383326
1.247237
-1.043706
1.071032
11.416341
17.876066
15.199612
0.000000
-3.230069
-1.578678
0.230633
0.366985
0.735710
-1.345022
3.079985
5.317157
3.800235
-1.833163
-3.943956
-0.585320
-0.295521
0.061901
-0.541192
3.382592
21.025814
16.561876
14.677863
0.000000
-3.230509
-3.068158
0.246085
0.416204
-0.383774
-0.878036
4.013887
6.149966
5.708523
-1.252140
-2.910572
-0.794542
-1.162234
0.585603
-1.126684
0.722285
5.924963
19.120646
16.923275
0.000000
-4.042093
-2.474156
0.154897
0.312116
0.694224
-0.574172
3.457909
5.675644
3.584360
-1.798679
-3.923932
-0.390399
-0.995745
-0.908975
-0.018350
3.658793
12.777567
16.600290
13.957074
0.000000
-2.957545
0.816943
0.144127
0.185176
1.784661
-3.265375
2.399737
4.738624
2.572411
-2.631618
-4.803102
-0.080026
0.857955
1.216647
1.192413
8.581748
20.509192
16.219784
14.510471
0.000000
-3.312906
-3.499480
0.129850
0.325435
0.362001
-1.452482
3.458104
6.028934
5.524601
-0.530976
-2.963838
-0.642725
-0.890538
0.844797
-0.860873
0.158166
4.585105
19.380219
17.262180
0.000000
-4.598423
-3.106502
0.047817
0.242123
1.562749
-0.029181
3.824109
5.938487
3.583065
-1.868379
-3.815034
-0.331644
0.004357
-1.214923
0.079721
1.559604
21.470415
16.776796
14.824150
0.000000
-3.109053
1.205739
0.095462
0.290905
5.232635
-2.879768
1.498994
4.665311
3.145559
-2.331160
-4.685121
-0.255760
0.644563
0.676039
0.962621
2.287864
20.773579
17.432331
15.703368
0.000000
-3.270211
-3.141395
0.098405
0.266990
2.227456
-2.109174
2.331772
5.678510
5.778738
-1.608982
-3.035790
-0.673380
-0.480917
1.030492
-1.255794
0.751419
11.831141
17.132771
14.885320
0.000000
-2.904696
-2.315948
0.189793
0.332871
2.822103
-1.941802
2.477501
5.396977
5.404518
-1.444381
-3.577916
-0.792180
-0.003605
1.221459
-0.539695
0.734879
12.035571
17.507692
15.333059
0.000000
-3.842308
-3.427270
0.048432
0.212045
-0.540371
-2.486862
2.597517
5.862930
5.493429
1.393795
-4.309351
-0.910668
0.985376
0.739916
-1.049666
0.009696
4.031772
18.869602
16.493326
0.000000
-4.167510
-4.002234
-0.237791
-0.129645
2.108488
-2.033805
3.048556
4.809045
3.520039
-1.926842
-3.337945
-2.408439
3.045967
2.191451
1.645723
0.458003
5.920341
18.481596
16.654846
0.000000
-2.935751
-2.824826
-0.628301
-0.551438
3.781981
-4.276242
-1.189969
2.604705
1.959452
-2.696787
-4.820069
-0.551779
2.178595
2.600273
3.456900
3.207905
20.123150
15.294806
13.100777
0.000000
-3.601827
-3.592370
-0.230964
-0.080462
2.288691
-3.199686
1.857417
5.364715
5.341907
-1.280468
-4.392251
-0.555512
0.662542
1.757903
1.665833
1.111245
9.682848
16.874714
14.821886
0.000000
-4.212951
-4.108641
-0.338650
-0.182998
3.569149
-3.512231
0.686449
4.416117
5.373913
-0.994241
-4.475533
-0.498952
1.088711
3.154324
0.246262
-0.145407
7.393132
17.193748
14.912176
0.000000
-4.288683
-4.525106
-0.417887
-0.250864
13.744954
-2.558991
0.354131
5.338821
4.098515
-1.032885
-4.888694
-4.023835
1.235036
3.392730
1.784757
0.948518
7.894141
16.289438
14.436276
0.000000
-4.193950
-4.624720
-0.589154
-0.407674
14.752691
-2.223033
-1.485057
4.598429
0.763121
-3.037297
-3.028502
-0.936818
0.885302
2.790715
1.434407
1.604233
0.704054
5.661354
16.075460
0.000000
-3.319081
-2.320667
1.112057
0.675252
9.947859
-3.046715
-0.452263
2.199430
2.293935
0.104486
-1.355843
-1.243454
1.340346
2.240567
1.694262
2.610333
13.605310
18.068783
10.828361
0.000000
-4.544711
-2.829970
-0.506572
-0.515008
11.150336
-0.751396
-3.795990
1.023071
3.820222
-1.381246
-5.732415
-0.959703
0.461197
1.634052
1.765034
-1.197757
-1.653435
17.190174
14.933642
0.000000
-2.478487
-2.812811
-0.105384
0.007355
8.299946
-3.237589
-1.059220
3.098913
5.297607
-0.315847
-5.328993
-1.238435
0.994781
1.809283
1.336517
0.262512
-2.337038
4.012644
17.169794
0.000000
-3.697710
-2.763556
-0.015951
-0.004069
9.217176
-2.654231
0.697858
5.821334
2.885752
-0.651180
-4.078592
-1.708839
3.386064
2.681614
0.448058
0.504911
7.332504
17.583630
15.473433
0.000000
-1.546786
-1.635278
-0.151744
-0.134645
3.191113
-3.119792
-0.796535
4.621089
4.319320
-0.660111
-4.200283
-3.052638
-0.442412
3.639166
-0.262205
-1.415748
0.067929
1.784483
18.339743
16.044909
0.000000
-3.865810
0.718459
0.040144
0.084581
-0.875240
-1.643768
5.364017
2.730226
0.241382
-1.873565
-3.177738
-0.102114
0.294990
0.807826
1.123233
7.024758
17.175589
12.141411
10.045218
0.000000
-3.206079
-0.773944
-0.051025
0.068200
-0.338286
-1.478000
3.512402
5.169399
2.427798
-3.268694
-2.565899
-0.273867
0.082188
0.667117
-1.045108
0.248795
-1.596484
14.940412
16.342464
0.000000
-2.930425
0.789605
0.241025
0.301760
-1.314205
-0.923653
2.594715
5.483255
-0.100511
-2.542493
-2.037167
0.255049
0.008644
0.801046
1.001187
7.066902
20.702131
16.661976
14.845034
0.000000
-3.591484
0.653745
-0.008720
0.083677
-0.442988
-1.872955
2.220348
5.356400
0.598451
-2.221585
-1.727623
-0.356831
1.159297
-0.135406
0.287461
3.071397
19.890282
16.329655
14.535535
0.000000
-4.298697
-2.163261
-0.024824
0.184186
0.401520
0.444568
4.070480
5.900970
2.560196
-2.269106
-1.720475
-0.775422
1.280252
-0.504839
-2.214353
-2.619825
21.952894
17.778910
15.639527
0.000000
-6.428810
0.175432
-1.343450
-1.275322
-0.961183
-3.788819
0.970030
3.479770
-1.471306
-13.304948
-3.191715
1.559383
3.083979
1.139797
0.927728
1.669695
19.510908
17.126482
14.985889
0.000000
-6.983688
1.468413
-0.373864
-0.135753
1.001038
-1.075531
2.375434
5.184163
0.092115
-2.601514
-4.165560
0.664355
2.154089
0.929302
0.103421
1.201990
19.477531
17.062708
14.115865
0.000000
-6.018644
-0.107357
-0.816960
-0.727613
3.802863
-2.997315
-0.627890
3.836082
0.068923
-3.596462
-4.347018
1.541872
4.024397
2.653533
1.979206
7.814633
18.507215
16.560547
14.126901
0.000000
-6.340934
0.284648
-0.866619
-0.746259
4.347889
-1.705271
-0.972214
3.188509
0.468006
-11.148228
-2.040548
1.824793
3.471412
2.120701
1.023272
6.262945
19.406382
17.675694
15.269433
0.000000
-5.651776
-0.220962
-0.928520
-1.290812
3.594971
-2.997675
-1.070491
2.021597
0.028653
-5.068901
-3.517738
-0.113350
2.875288
1.807685
1.009559
5.318468
18.123056
15.666928
13.491983
0.000000
-3.539639
-1.505391
-0.216273
-0.078515
1.855416
-1.253092
5.571972
2.993874
-1.716592
-4.356718
0.118765
-0.202930
1.329629
0.054826
0.308170
9.837948
19.727842
12.705542
8.503003
0.000000
-0.232302
0.374195
-0.298745
-0.312538
2.927985
-5.432519
1.442369
3.558309
-2.648394
-5.101611
-2.994488
-0.965255
-0.064536
2.388657
0.796442
-1.990294
18.078598
15.181580
15.242393
0.000000
0.624714
1.039874
0.833037
1.097801
-1.413345
-1.924639
4.458061
5.445571
1.706230
-3.359127
-3.497399
-0.665277
-2.094800
-2.383084
-0.542673
7.111483
20.795229
17.873344
15.928376
0.000000
-1.832423
0.705078
0.199651
0.222526
-0.700883
-3.926482
2.216781
5.557596
3.220315
-2.364486
-3.018775
-0.200282
1.278956
-0.078821
-1.466045
-2.030768
3.053262
8.174638
17.648529
0.000000
-1.846694
1.550778
0.696651
0.738838
1.072410
-3.466138
0.639951
4.702195
3.542244
-2.761127
-3.356235
-0.666106
-1.076749
0.194277
1.143769
1.042944
22.823597
18.287916
16.386852
0.000000
-2.365365
0.655430
0.133712
0.134831
1.352898
-4.552116
0.831767
3.759985
5.144738
-2.014971
-4.942645
-0.228901
1.962852
2.394490
-0.768698
-1.747618
0.811207
18.824842
16.400860
0.000000
-2.892548
0.970781
0.248848
0.240645
0.719567
-3.098423
0.621530
2.384453
3.331013
-1.552337
-5.059238
-0.281961
-0.154804
2.157150
1.230472
0.161414
4.489398
19.175926
16.771513
0.000000
-2.574574
0.869610
0.342951
0.313899
-0.947814
-3.958065
1.554484
2.568624
5.443300
-1.007845
-5.166207
-0.504338
0.687127
3.090552
-1.640670
-1.876313
-1.548779
20.966244
17.420366
0.000000
-3.097616
-1.367294
0.383430
0.460693
-1.668126
-2.115629
3.542089
3.551449
6.104311
-0.955309
-2.609751
-0.471667
1.386462
2.498020
-0.815768
-2.986102
-2.276801
22.433437
18.893982
0.000000
-4.325913
0.660726
0.025091
0.004111
1.511790
-3.758123
0.297536
5.181785
1.581722
-1.569590
-5.504384
-2.354346
0.212886
1.035617
1.942950
0.235650
9.304408
15.963914
14.182561
0.000000
-1.087749
0.771487
0.324030
0.284240
0.403684
-4.473534
1.514118
4.722834
3.877516
-2.114050
-5.208278
-0.258543
-0.548073
2.238922
0.821041
0.542274
1.524294
21.304159
18.040863
0.000000
-3.725580
-2.681139
0.293484
0.464122
1.291131
-1.607442
2.956853
6.635341
4.060912
-0.692557
-2.290952
-1.205838
-1.387232
-0.071097
0.181654
-0.976229
6.842109
17.286722
14.974083
0.000000
-3.179144
-3.297661
0.106110
0.256483
-1.496355
-2.784957
2.795008
5.853469
5.767488
0.462674
-3.261751
-1.001892
-0.987617
2.350088
0.048916
-0.996565
0.482620
8.673143
17.506069
0.000000
-4.804384
0.267352
-0.009569
0.254788
4.855066
-3.717108
-0.185040
1.158053
2.179677
-1.786063
-2.613530
-0.558041
0.202890
1.225475
1.533576
1.882128
8.460813
18.312700
16.263416
0.000000
-3.829284
-2.947803
-0.179368
0.000275
2.971667
-3.060833
0.554683
3.541761
5.683160
-0.529364
-4.267898
-0.302025
0.294271
1.705813
0.123633
0.187976
5.213521
16.879639
14.469093
0.000000
-2.743001
-2.755307
0.162132
0.268953
1.868379
-2.607203
2.651694
5.218700
6.010564
-1.134592
-2.984802
-0.980264
0.271679
0.362306
-0.469830
0.897470
13.105084
17.038794
14.910721
0.000000
-4.231686
-4.148463
-0.114589
0.074496
3.289371
-1.515789
2.331589
5.640149
5.411842
-1.029636
-3.901631
-1.426766
1.587229
1.339348
-1.194645
1.064546
22.295023
16.933485
13.246475
0.000000
-4.431776
-4.594368
-0.396521
-0.178696
2.250585
-2.649549
1.967954
5.350687
4.899020
-0.235683
-4.649817
-1.162345
1.175322
2.190724
-0.667550
-0.002905
-2.926266
-1.460284
15.591925
0.000000
-4.894120
-5.244299
-0.537731
-0.393307
10.971181
-1.370035
1.719247
3.634705
2.861056
-1.429224
-10.789344
-1.061101
3.018692
3.475103
1.344145
1.090924
10.154623
17.971531
15.215981
0.000000
-5.464388
-0.620916
-0.869006
-0.896823
7.815580
-0.423233
-1.355650
0.019891
2.516441
-3.753957
-8.638171
-1.484353
1.897339
2.906837
0.226491
1.149575
19.594675
16.385805
14.529548
0.000000
-3.906070
-3.569510
-0.490184
-0.407448
15.060526
-0.785129
-0.797142
1.001703
3.340883
-0.335796
-4.418626
-2.360826
2.309883
3.454095
2.703614
1.311560
14.512363
19.242268
11.253793
0.000000
-4.979976
-0.544077
-0.449362
-0.521411
11.228826
-1.365259
-2.588102
0.856788
3.398980
-4.873744
-2.005991
-2.321340
-0.181167
1.484109
1.356775
-0.184138
-0.514963
17.709988
15.461967
0.000000
-1.524732
-1.409601
0.298735
0.300150
9.815975
-3.377770
0.975655
2.889339
5.891418
-0.843614
-2.688434
-2.584269
-1.292511
-1.509540
0.212263
-0.434993
3.551801
19.670956
15.635429
0.000000
-2.326131
-2.894995
0.098932
0.202168
3.876674
-2.191468
0.936115
4.148287
6.514640
-0.249722
-3.874294
-1.417315
-1.187958
-1.218860
-1.441614
0.053236
-3.578689
12.085421
17.557421
0.000000
-1.255201
-1.221496
0.487253
0.487488
1.466288
-3.401146
0.097540
3.284165
5.998012
-0.002277
-5.037752
-1.007094
0.051687
1.536713
-0.729695
-1.451600
-1.609457
1.850855
18.437990
0.000000
-2.023915
-1.204504
0.483369
0.475896
0.701841
-4.412387
0.175544
3.143021
5.976974
0.105570
-2.598144
-1.183203
-0.129502
-1.485429
-0.479128
-0.005729
-0.075232
0.744610
19.363802
16.782654
0.000000
-2.469273
1.069359
0.437290
0.496596
-2.824406
-1.011934
3.910465
4.657532
1.263974
-1.382324
-2.104362
-0.738436
-0.068871
-1.039464
-0.733522
1.294552
20.541943
16.746914
15.181231
0.000000
-2.751266
0.967789
0.247643
0.273322
-1.783004
-2.152680
3.069830
6.019129
3.063962
-3.081647
-2.298333
-0.227611
-0.208545
0.760398
-0.726228
0.058445
-2.256953
1.590191
17.244049
0.000000
-5.686726
1.118945
0.402267
0.468861
-0.922581
-1.346024
3.906267
3.385788
0.288175
-1.843344
-2.099771
-0.050775
0.308273
-0.226850
-0.256446
7.340143
18.827093
15.869681
13.487335
0.000000
-2.656505
0.811542
0.275542
0.294533
-1.688545
-0.988013
3.929738
5.485272
2.307039
-2.614031
-1.627128
-0.280555
-0.262358
-0.204789
-1.599785
-0.269979
-1.792089
14.938221
17.644541
0.000000
-6.593334
0.458810
0.125031
0.045715
-0.987543
-0.602378
3.173093
5.645302
-0.041499
-3.837341
-3.140548
-0.322622
3.008938
0.199978
-0.948228
1.698916
3.822727
18.423555
15.733874
0.000000
-2.565049
0.687452
-0.021271
-0.006882
-1.331604
-2.036989
1.900470
5.297994
0.378058
-4.391019
-2.353667
1.141584
1.654591
-0.178960
0.163122
6.537365
17.681770
15.162550
12.971982
0.000000
-2.043270
-0.918455
0.203270
0.275285
-2.575659
-0.575599
6.097295
5.396040
2.474061
-3.118939
-1.805147
-0.193329
1.878983
0.297996
-1.335583
-2.364313
1.096150
19.247774
16.694542
0.000000
-3.793528
0.877483
0.189266
0.180798
1.274808
-2.487972
2.423786
4.283509
0.966740
-1.751979
-3.391535
0.132725
-0.284207
1.004601
0.251221
8.324363
18.985748
12.191410
10.417513
0.000000
-1.741242
-0.718037
0.094389
0.156940
-0.098410
-2.683803
2.529428
4.906152
2.017712
-2.613684
-3.210848
0.056960
-1.246590
0.063325
-0.688341
-0.352157
-1.393520
9.925652
16.591120
0.000000
-1.085395
0.705605
0.488441
0.472733
-1.767973
-2.761244
2.594572
5.465660
1.558837
-3.457659
-3.664429
0.117906
1.841285
1.724680
-0.542003
0.306615
5.277571
18.803188
16.526430
0.000000
-3.664827
0.671523
-0.004912
0.034450
0.420936
-3.295424
0.148057
4.736113
1.490156
-4.747717
-3.879849
0.130874
0.402043
-0.337152
1.306600
1.750678
5.128605
16.341272
14.807506
0.000000
-1.524255
0.930389
0.351136
0.301330
-1.351788
-3.915273
2.622844
5.075804
3.890370
-2.596581
-3.883183
-0.091148
2.052326
0.879319
-1.355403
-2.082184
0.066519
19.118504
16.934031
0.000000
-4.894325
0.565716
0.064861
0.096207
-0.996580
-2.813548
1.924634
2.565671
3.629321
-2.392157
-2.342014
-0.340544
-0.240278
0.418515
-1.405008
-0.112372
0.703386
20.208647
17.089897
0.000000
-5.297374
0.595285
-0.001436
0.013857
0.082263
-2.146000
2.103650
2.937783
1.292469
-1.986384
-4.060644
2.170310
1.353907
-0.536066
0.505638
3.477718
20.426514
17.464668
16.019409
0.000000
-2.558051
-1.705782
0.257071
0.413435
0.271143
-1.658670
2.785996
5.237461
4.015892
-2.288923
-4.256674
-0.525123
-0.490834
2.140198
-0.875190
4.322595
8.905223
17.542915
15.279408
0.000000
-4.036361
-2.889174
0.058082
0.216300
1.936376
-0.285111
3.572523
5.238424
3.040284
-2.547262
-7.408239
1.837893
2.371083
-0.315617
0.692798
1.748682
20.269709
18.094801
16.567926
0.000000
-1.977154
-0.910911
0.183295
0.291498
0.614975
-2.735984
1.794964
4.523805
3.078979
-2.709329
-4.730390
-0.309979
-0.960589
2.471708
0.529379
5.069297
20.733118
16.555056
14.864768
0.000000
-3.032303
0.593604
0.111670
0.292457
3.678259
-3.300052
0.839287
4.234395
3.224217
-2.633900
-5.296537
0.038189
0.303030
-0.017120
2.507270
10.088736
19.926407
15.728277
14.741236
0.000000
-2.143561
0.634256
0.286422
0.325374
2.099501
-3.851672
1.741911
4.931329
3.642107
-2.468659
-3.690412
-0.249417
-0.430486
2.450149
-1.101209
0.350067
6.279778
20.730635
17.810572
0.000000
-3.319297
0.779366
0.394189
0.438649
-0.542624
-2.184494
1.984413
4.798476
5.268607
-2.397965
-3.421973
-0.426222
-0.635982
3.181340
-2.552144
2.261745
22.533487
17.675886
15.815867
0.000000
-3.197285
0.212747
0.320148
0.393551
-0.113870
-2.213350
2.317868
5.231815
5.490330
-2.184461
-3.332318
-0.535767
-1.063426
1.605650
-1.632560
1.085820
6.612091
19.140820
16.589073
0.000000
-3.750092
-3.978334
0.347316
0.508842
0.462221
-0.722543
3.652339
6.140576
5.852790
-1.243801
-3.517063
-0.652950
-0.767763
0.572879
-2.933227
0.562461
7.697937
18.116400
16.053753
0.000000
-3.591019
-3.967804
0.192028
0.332255
1.517199
-1.689766
3.222640
5.909101
5.904899
-1.552042
-3.570649
-0.600903
-0.535232
3.469867
-1.735534
-0.704319
7.179584
17.027246
15.243304
0.000000
-4.092641
-4.040724
-0.000319
0.213277
5.137512
-0.886984
2.714618
5.457671
3.310252
-1.687697
-3.748506
-0.269709
0.943689
-0.381091
-0.096343
2.598967
22.669207
18.599609
16.843790
0.000000
-2.509553
-1.787247
0.481805
0.674894
2.717272
-1.529625
2.087618
5.210639
4.238526
-2.127966
