0.000000
-1.056889
-1.920751
-2.013079
-1.921537
-0.911183
-0.258217
1.176496
0.806703
1.325248
1.175671
0.769171
0.349853
0.371390
0.389940
0.182749
0.277000
1.558455
0.828525
-0.743917
-0.757835
0.000000
-0.738161
-1.051738
-0.309048
0.020605
1.111402
2.531062
3.484694
3.743271
-0.327658
-2.558524
-2.549005
-1.725445
-1.569439
0.152749
-0.250959
0.282222
2.891488
2.330352
0.491836
0.033930
0.000000
3.366233
0.150934
-1.513382
-0.324638
-4.852621
1.891725
1.499700
-0.093912
-3.442905
-2.036108
-1.110597
0.537975
2.200784
1.602627
0.663671
3.360724
3.408301
-0.196750
-0.610035
0.000000
-6.816516
-6.636164
-5.887042
-1.337640
1.574257
2.107065
-0.519872
-0.856265
-1.067141
-1.081478
-1.082245
0.501919
1.357612
1.635824
0.495145
0.390337
2.124927
2.163441
2.458535
0.000000
-4.670601
-4.586640
-10.596292
-2.303837
3.660192
3.287554
-1.275359
-2.024734
-1.728308
-1.872246
-0.935942
0.670273
1.653090
1.457101
0.225608
-0.064383
0.930372
1.918449
-0.612420
0.000000
-3.443647
-2.994824
-3.730014
0.066615
0.019896
4.995522
0.358050
-2.411448
-3.198720
-2.326998
-0.553607
1.273621
1.149026
0.969552
0.205533
-1.710694
-1.272617
3.002376
-0.207638
0.000000
-2.822841
-0.363493
-1.340024
-0.512880
-5.687186
1.970222
1.784247
-0.609383
-2.112033
-1.447546
0.028103
0.353600
0.554956
-0.146842
-0.355087
-1.924730
-3.780551
2.406708
1.360602
-0.810435
0.000000
-2.458625
-2.736370
-7.207232
-0.845888
2.344431
3.538942
2.611688
0.661288
-1.701740
-1.390142
-0.588400
-0.046507
0.381847
0.722478
-0.198060
0.314379
1.878712
0.829335
-1.425778
0.000000
-3.537296
-2.554288
-8.252835
-0.313959
4.112477
3.837404
2.885251
-1.032791
-3.405255
-2.533775
-0.748975
0.415113
1.338582
1.167717
0.338564
-0.950207
-2.106237
0.070589
-0.005723
-0.044691
0.000000
-1.431286
-2.792948
-3.036780
-5.979230
-4.070215
3.873420
-0.941874
-3.146799
-2.220960
-0.773126
0.377585
0.468093
-0.224863
0.170487
-1.133096
-4.559800
0.733647
2.909894
0.424341
0.000000
-1.549944
-0.984506
-4.981685
-0.677522
-5.318043
3.191990
2.528025
1.236670
-0.248097
-0.930941
-0.771819
-0.802866
-0.429892
0.419428
0.228297
0.882044
5.202248
1.793406
-2.090254
0.000000
-3.557909
-3.675446
-7.725544
-6.702559
-0.484372
5.798203
0.518541
-3.840197
-3.229909
-1.858957
-0.788312
0.350942
0.825305
0.661353
0.372482
-1.589972
-2.156300
1.458105
0.303655
-0.551968
0.000000
-1.894246
0.070124
0.653095
0.286993
-5.109679
1.946308
1.476653
-0.099778
-0.880341
-0.578305
0.459954
0.283590
-0.496839
-1.004130
-0.494234
2.932431
2.460028
1.050414
1.107663
-0.677605
0.000000
-1.261759
-1.494568
0.186139
0.541870
-1.340040
3.400503
0.152690
-1.883435
-1.711373
-0.453156
0.153057
0.466131
-0.167912
-0.421154
-1.185603
-4.910767
-0.719104
2.555664
-2.354846
0.000000
-1.332913
1.475547
-1.178732
-0.174605
-3.736141
0.930386
1.915164
0.710426
-0.765442
-0.676421
-0.280534
0.252001
-0.401133
-0.875283
-2.194744
1.239496
4.317409
2.921659
-0.089909
-2.907253
-1.916428
0.000000
-1.828767
-1.478652
-0.105010
-0.665077
-0.378025
2.926335
0.915483
-0.448558
-1.179096
-0.605961
-0.220946
0.125833
-0.783673
-1.628057
-1.968326
0.172936
2.462265
2.027879
-0.649048
0.000000
-2.541125
-2.009441
-1.220076
-0.683939
0.865710
2.822934
2.139744
1.145176
-0.408142
-0.462305
0.013647
0.488392
-0.373400
-1.220243
-2.546997
-0.935003
2.269998
2.378328
1.265931
0.510016
0.000000
-1.341854
-1.459221
-4.621590
-1.073649
-2.317237
2.189857
4.469560
-0.922172
-3.590298
-1.626390
0.076158
0.799052
-0.595099
-0.368550
-0.703987
-1.636101
-2.665247
0.917210
2.099106
-0.528779
0.000000
-2.709910
-1.768854
-1.884037
-0.573744
0.411623
2.890269
2.658094
1.123240
-1.411723
-0.788990
-0.163315
0.320771
-0.415769
-0.326109
-1.673280
0.755266
5.449304
2.294671
-2.906303
0.000000
-3.214601
-3.498710
-7.034951
-4.082765
1.670424
4.601326
3.733751
-0.880363
-2.741127
-1.754498
-0.387765
0.224294
0.417221
-0.144966
-1.070441
-1.133960
0.249981
1.849105
-0.088515
-0.997012
0.000000
-1.628350
-1.646838
-0.158416
0.553533
-1.390094
3.475537
0.826898
-1.286716
-1.232637
-0.195158
0.940510
0.164802
-0.817335
-1.642665
-1.598561
2.590683
3.410919
1.677407
1.246674
0.088598
0.000000
-1.719052
-1.777306
-5.094132
0.541908
2.154976
4.323475
2.962782
0.189339
-2.466119
-1.025444
0.196765
0.529050
0.097902
-0.534913
-1.907619
-0.351819
2.204567
0.768044
-0.862996
-1.188886
0.000000
-1.499076
-1.202942
-2.271315
-0.030642
-2.459258
5.773897
1.106054
-3.741755
-3.404425
-0.777066
0.892348
-0.421044
-0.791467
-0.682900
-1.187279
-1.211178
0.985135
1.014924
-1.626154
0.000000
-1.997670
0.609791
0.486690
1.103827
-4.071696
2.283525
1.682377
0.065056
-0.893894
-0.556951
0.833476
0.264510
-1.079705
-1.149935
-3.281631
2.876159
5.864205
2.481819
-0.825399
-4.423373
-3.559901
0.000000
-4.009236
-2.977769
0.054739
-0.881535
-0.901640
5.618460
0.678691
-2.359345
-2.800221
-1.966928
-0.193142
0.456944
0.114079
-0.864020
-2.041230
-1.813743
2.045418
1.959792
-3.292469
0.000000
-2.212452
-1.348845
-1.284071
-0.380009
-0.140003
3.368416
1.767253
0.024485
-1.003147
-0.507807
1.034228
0.424514
-1.122638
-1.033139
-2.191218
2.005444
3.908112
0.657900
-1.273940
-2.384154
0.000000
-1.466295
-2.465371
-5.808229
-2.753654
-2.439925
5.244111
0.625016
-2.409782
-2.437827
-1.431343
0.331071
0.473381
-0.376881
-0.726192
-1.764729
-4.009045
0.884431
2.179588
-0.942993
0.000000
-1.828213
-1.142351
-3.996193
-0.382541
1.269637
3.304922
2.875497
2.621078
-0.139428
-1.004186
-0.590090
-0.605542
-1.128784
-0.607555
-1.375844
2.862304
7.009573
2.696776
-3.855482
-5.356244
0.000000
-4.238434
-3.437275
-6.929486
-0.998929
4.561892
3.575340
-2.062372
-2.863630
-2.634424
-1.607424
0.253669
0.302277
0.391211
-0.443701
-0.470388
1.633736
0.053508
0.152059
-0.363840
0.000000
-1.973274
-1.979493
-2.506051
-1.984078
-1.458270
5.465360
-0.078363
-3.471426
-2.830667
-0.247179
1.841032
-0.345267
-0.960416
-1.048014
-1.465280
-0.934602
0.564504
0.750630
-1.079619
0.000000
-2.884290
-0.846101
-0.220800
0.952528
-3.534229
3.164510
2.327751
-0.419275
-1.381900
-0.376159
1.281963
0.400504
-1.185136
-1.153946
-2.845028
3.391194
5.147942
2.017245
-0.901723
-5.563791
-3.887116
0.000000
-4.199272
-3.055140
-1.048301
0.320160
-0.947569
4.984063
-0.297854
-3.126115
-2.727223
-1.330930
0.134233
0.856325
0.159964
-1.084206
-1.611906
-0.938423
1.862792
0.850812
-1.475982
0.000000
-1.549364
-1.380297
-3.103003
0.617138
-0.099933
5.172573
1.953447
-2.336877
-3.006275
-0.509080
1.534148
0.568356
-0.797547
-1.089847
-1.649507
0.783931
1.546851
0.840308
-1.854850
0.000000
-2.541550
0.618977
-4.465296
-2.733924
-4.923533
4.130478
2.676992
-1.105122
-2.611114
-0.937016
0.626007
0.525933
-0.534635
-0.707887
-1.513365
1.348538
2.722538
1.291349
-1.956611
-3.325921
0.000000
-2.026636
1.417090
-0.091292
0.607984
-1.424078
2.877043
0.804220
-0.831553
-1.192122
-0.657811
0.186237
0.109250
-1.053690
-2.217599
-2.436579
0.466803
2.797975
2.621913
1.295384
0.000000
-1.145856
-0.751821
-0.266661
-0.480351
-0.559556
4.128701
3.077002
1.118630
-0.394830
-0.867230
-0.006382
0.756109
-0.604201
-1.538640
-2.204339
-2.131312
0.632994
2.243762
2.132021
-1.180553
0.000000
-1.400985
1.002741
-3.013624
-1.769875
-3.602631
3.537610
3.680299
0.863111
-1.831171
-1.150178
-0.022951
0.424019
-0.872051
-1.291210
-2.167282
-0.510843
2.276480
1.736870
1.374953
-2.055456
0.000000
-1.779589
0.653299
-1.417937
1.385058
-0.669125
3.434165
2.322569
0.855474
-0.676993
-0.768036
-0.205449
-0.076324
-0.757904
-1.645622
-2.972635
0.152874
5.315477
3.205318
0.253742
-2.124460
-3.341346
0.000000
-2.880535
-1.635476
-2.792226
-0.468365
4.731670
4.954727
3.744858
0.119887
-2.743660
-1.812202
-0.050648
-0.116692
-0.740458
-1.299137
-2.241874
0.174800
2.562473
1.736732
-0.186064
0.000000
-1.671826
0.523982
-1.756831
-2.614161
-4.239258
1.920794
3.499524
1.486070
-1.117370
-1.134368
0.049141
0.536924
-1.132543
-1.266991
-1.847933
0.911643
4.000597
2.242044
-0.696260
-3.590512
0.000000
-3.184527
-1.410797
-5.064084
-3.964927
-4.271375
3.746692
3.476681
0.890340
-1.600713
-1.362936
-0.253457
0.199395
-0.536093
-0.698085
-1.307269
1.052167
3.138101
1.211626
-1.397289
-3.256393
0.000000
-3.671208
-0.683495
-5.029330
-5.743695
-3.335038
4.864937
1.488132
-1.367463
-2.092809
-1.645639
0.910977
0.464875
-0.734278
-1.154985
-1.821079
0.314908
2.255837
1.367958
-1.842315
0.000000
-3.618809
-2.289545
-4.504357
-5.475137
-4.607441
3.253149
3.814054
0.146358
-1.739758
-1.767518
-0.397922
0.753333
-0.296433
-0.235959
-0.853730
0.168604
2.373642
1.228524
0.000572
-2.804061
0.000000
-4.116580
-1.044301
-6.393032
-6.894310
-4.809459
4.702487
1.767044
-1.282441
-2.406002
-1.527271
0.618994
0.591737
-0.331234
-0.309587
-1.263588
-1.718700
2.086460
1.271383
-2.300610
0.000000
-3.271031
-2.302792
-5.905762
-7.464203
-4.341412
5.515230
3.509199
-0.262523
-2.054716
-2.127344
-0.947008
-0.274472
0.026892
0.595320
-0.023651
0.175789
3.603894
0.827018
-1.668090
0.000000
-4.307451
-0.892286
-4.554795
-6.826585
-5.818940
2.468782
2.241597
-1.235336
-2.130477
-1.866718
-0.395756
0.675163
0.249166
-0.469319
-1.370060
-0.034357
3.809621
2.451955
0.609362
-2.630214
0.000000
-3.007875
-2.716786
-5.410791
1.184207
2.952214
4.051334
2.050443
0.668048
-1.228915
-1.392955
-0.254981
0.537866
-0.349195
-0.731233
-1.748230
0.788054
4.638081
0.611677
-3.225590
0.000000
-4.248611
-1.581240
-5.899896
-8.125092
-7.847346
2.392676
2.503977
-0.499366
-2.528572
-2.563105
-0.730118
0.905787
0.000706
-0.431069
-0.440044
-1.694268
0.152933
1.752999
0.909013
-2.080026
0.000000
-2.780144
-2.006224
-6.209617
-0.393113
2.644482
4.123435
1.183599
-0.978415
-2.420663
-1.517338
-0.162601
0.658086
0.329553
0.570686
-0.368737
-0.001240
2.732878
0.018645
-2.918813
0.000000
-1.764815
-1.443296
-7.091160
-6.700575
-5.737700
2.877118
-0.271730
-1.646475
-2.153542
-1.515040
0.930970
0.662685
0.157024
-0.162409
-1.517143
0.959967
3.024512
1.619031
-2.092370
0.000000
-3.436670
-3.031468
-6.083330
0.069069
0.067882
5.467124
2.481115
-0.344807
-1.434975
-1.759633
-0.648728
0.206597
0.406622
0.405203
-0.784766
-0.347815
2.899490
1.489879
-2.029487
0.000000
-3.866621
0.058188
-2.819030
-6.802349
-6.611984
2.477643
2.109720
-1.287691
-2.939447
-2.424410
-0.481542
1.214448
0.024431
-0.390210
-0.793591
-2.200252
1.156047
2.175068
-0.408570
-2.246787
0.000000
-2.639010
-2.202695
-7.364980
-1.195387
3.765208
2.918047
0.737552
-1.565141
-1.972269
-0.980249
0.593072
0.425472
0.704138
0.400294
0.079918
1.655937
1.159224
-2.491726
-2.855293
0.000000
-1.035444
-1.742921
-10.106590
-10.100728
-5.903212
3.446757
-0.423684
-3.057343
-2.987290
-1.676609
1.040198
0.865121
1.160038
1.190348
0.291184
1.020346
2.054733
-1.304791
-2.329972
0.000000
-4.001076
-0.257339
-4.111649
-3.987692
-3.454244
3.232735
-0.501542
-2.222719
-2.483552
-1.516806
0.744030
1.316344
0.925273
0.505203
-1.161026
0.437423
2.091849
-0.360500
-1.857127
0.000000
-1.285081
-2.687347
-8.943995
-7.931009
-5.229626
3.334339
-0.050778
-2.538285
-2.639736
-1.796878
1.318846
1.005088
0.438600
0.970429
-0.491529
-1.930244
1.303891
0.117984
-1.717700
0.000000
-3.012582
0.749964
-5.353148
-2.740498
-4.673706
4.261591
0.791651
-2.175822
-3.224683
-1.897290
-0.284440
0.755377
1.045887
1.481611
0.341291
1.163263
2.931761
-0.306126
-2.815970
0.000000
-3.666653
-1.690801
-8.495360
-7.982272
-3.799328
3.927622
-0.865389
-2.219059
-3.060076
-2.691378
0.238094
0.986000
0.833889
0.282088
-1.036224
-2.820019
1.924374
1.264764
-1.579141
0.000000
-1.422667
-1.106927
-4.894780
-0.814037
2.978559
3.161644
0.946782
-0.100317
-1.763794
-1.738361
-0.316686
0.401265
0.264677
0.971550
0.626591
0.651309
2.295327
0.699925
-2.559808
0.000000
-3.736504
-3.375710
-8.161859
-7.813570
-3.781545
3.912921
-0.537207
-1.889570
-2.987212
-3.267023
0.458214
0.705068
0.509159
-0.112102
-1.474159
-2.956464
1.508369
1.156264
-1.249604
0.000000
-1.363742
-1.069032
-5.477177
-0.667500
2.884476
2.731149
0.997533
-0.055547
-1.742555
-1.750880
-0.606956
0.676320
0.012790
0.910848
0.545032
1.136705
2.749522
-0.136650
-3.163202
0.000000
-4.092228
-3.350239
-8.881015
-8.691607
-3.220888
4.855708
-0.580618
-2.438992
-3.706112
-3.302036
0.932176
0.803815
0.390844
-0.082868
-1.160662
-2.785419
1.565444
1.110502
-1.270035
0.000000
-1.186135
-0.608048
-5.403909
-0.678048
2.765354
2.827402
1.303009
0.129134
-1.745683
-1.962067
-0.669805
0.430286
0.083876
0.860961
0.522693
1.830999
3.841464
-0.611772
-3.665262
0.000000
-4.240231
-3.412557
-8.890450
-8.533383
-2.639713
4.869187
-0.713158
-2.311526
-3.754204
-3.271885
0.872552
0.784563
0.355895
-0.279827
-1.284202
-2.573946
1.719327
1.241536
-1.140859
0.000000
-0.675962
-0.293295
-4.570718
-0.652934
3.946451
2.405639
1.504820
0.279856
-1.425494
-1.951010
-1.035144
0.321888
-0.202881
0.648115
0.321188
1.636048
3.890823
-0.749687
-3.824900
0.000000
-3.875961
-2.875753
-8.572290
-8.345844
-3.472252
4.442990
-0.518655
-1.981486
-3.140465
-3.204298
0.565601
0.570698
0.280478
-0.402125
-1.413488
-2.160462
2.224072
1.335015
-1.687241
0.000000
-0.868292
-0.499061
-4.694223
-0.598473
5.193968
2.303787
1.785169
0.291804
-1.056782
-1.777738
-1.029243
0.053854
-0.296604
0.410167
-0.094834
2.448132
4.212318
-1.729914
-4.296959
0.000000
-3.858907
-2.447613
-8.641734
-8.364989
-3.892727
4.463549
-0.249719
-2.032469
-3.185208
-3.148859
0.630958
0.425905
0.186517
-0.323789
-1.271754
-2.083622
2.091122
1.117796
-1.528705
0.000000
-1.111462
-0.739941
-5.107553
-0.360108
4.296008
2.033998
1.296830
0.052685
-1.208096
-1.933851
-0.360601
0.237303
-0.206465
0.533354
0.088780
1.080365
3.936892
-1.049307
-3.870648
0.000000
-3.910307
-1.856464
-8.319880
-8.197877
-4.390514
4.209992
-0.250661
-1.980699
-3.235892
-3.046362
0.836642
0.373833
0.093161
-0.247708
-1.149403
-2.087505
2.138626
1.096260
-1.770120
0.000000
-1.380567
-0.994747
-5.359396
0.625698
4.413441
2.100070
1.287716
-0.137272
-1.276778
-1.937393
-0.930071
0.043182
-0.085893
0.306414
-0.269083
2.518775
4.339212
-1.732268
-4.256320
0.000000
-3.949552
-1.867978
-8.411073
-8.188661
-2.841227
6.048505
0.887261
-2.085151
-4.102744
-3.350588
1.292762
0.202113
-0.629526
-0.742173
-1.364962
-2.169459
1.131726
1.252062
-0.798758
0.000000
-0.736364
-0.215420
-4.866472
0.066386
3.282931
2.302402
2.221087
0.408202
-1.309127
-2.126503
-1.259337
-0.224280
-0.488411
0.289310
0.028613
4.049872
5.567700
-1.054536
-4.800537
0.000000
-3.137977
-1.834148
-8.189912
-7.823449
-3.433981
5.953768
1.098505
-1.245576
-2.535958
-3.717482
-0.708412
-0.085691
0.153822
-0.691465
-1.291526
2.151570
3.355735
0.262240
-1.821183
0.000000
-0.455984
0.143475
-3.975649
0.018975
5.159788
2.539848
1.739035
0.891310
-0.633374
-1.870960
-1.189284
-0.604559
-0.615005
-0.951655
-1.404037
2.017231
5.471235
-0.294965
-3.930789
0.000000
-2.586022
-1.357849
-6.943196
-6.245143
-4.217781
4.931672
1.481551
-0.715901
-1.832396
-2.731545
-0.700758
0.063047
0.042136
-0.806035
-1.414771
2.604733
3.450843
-0.740484
-2.664188
0.000000
-1.366068
-0.830858
-4.994426
-0.583918
5.432561
2.820435
1.807286
0.392771
-1.004113
-2.179631
-1.474169
-0.253741
-0.414993
-0.509012
-0.715376
0.783207
3.776073
0.081655
-3.384146
0.000000
-2.690902
-1.699276
-6.350243
-6.063259
-5.483893
3.042192
1.111468
-0.790866
-1.697006
-2.276912
-0.098954
0.207899
0.269143
0.574870
-0.050029
3.443476
3.463089
-2.069530
-3.821275
0.000000
-2.953921
-0.802024
-6.349046
-5.833714
-0.588434
4.162641
1.251161
-1.035590
-2.013446
-2.747013
-1.016166
0.044693
0.534600
0.432666
-0.372479
0.781997
2.917055
-0.012097
-2.216674
0.000000
-2.163389
1.790123
-6.356162
-5.332930
-4.793264
4.565643
1.899877
-0.875973
-2.095968
-2.320776
-0.815436
0.101655
0.227420
0.146279
-0.678491
3.405127
4.438341
-1.525917
-3.995933
0.000000
-2.206989
-1.629343
-6.621170
-1.818014
5.732952
3.304926
1.483744
-0.496924
-1.406285
-2.707133
-1.625087
-0.773838
0.131165
-0.141367
-0.648859
1.119264
3.292859
1.026527
-2.255666
0.000000
-2.600374
-1.831269
-6.265763
-5.838411
-5.745826
3.275658
0.953961
-0.902407
-1.820536
-2.754705
-0.239055
0.061873
0.225449
0.480767
0.147761
3.132546
3.558021
-1.167357
-3.537808
0.000000
-2.695258
-0.520068
-6.062743
-3.615672
-0.067867
4.620139
1.562733
-0.882804
-1.856965
-2.469093
-1.077686
-0.331037
0.389080
-0.257611
-0.763354
1.097295
2.989176
0.416477
-1.939854
0.000000
-1.975867
0.510237
-5.972123
-4.990952
-5.347150
4.025818
1.571506
-0.783136
-1.889442
-2.403476
-0.078642
0.161844
-0.026247
0.195811
-0.250377
3.122855
3.923121
-1.899155
-3.841938
0.000000
-1.976595
-1.032022
-6.224363
-2.105908
4.976442
3.549755
1.626054
-0.588356
-1.628283
-2.719360
-1.361042
-0.657582
0.020252
-0.291816
-0.517481
0.933392
3.015445
0.576104
-2.387930
0.000000
-2.395249
-1.630249
-5.973777
-5.036680
-5.558185
3.281133
1.045246
-1.003770
-1.893007
-2.454524
-0.063846
0.165219
0.235418
0.568682
0.051455
3.435035
4.241321
-1.806246
-4.091549
0.000000
-2.917303
-0.305312
-6.738709
-7.088182
-0.880420
4.868083
1.661983
-1.250626
-2.192821
-3.233577
-1.281717
-0.049713
0.525813
0.104393
-0.645147
2.276949
2.245291
-0.010457
-1.458519
0.000000
-1.588357
2.328542
-5.910030
-4.979414
-4.705739
4.297223
0.806083
-1.447928
-2.223637
-3.109230
-0.379290
0.044438
0.148435
-0.012558
-0.368714
3.282607
2.857855
-1.350044
-2.699749
0.000000
-1.792723
-0.011216
-6.177732
-4.813274
1.956258
2.418326
0.257922
-0.839123
-1.832499
-2.953434
-0.355993
-0.198112
0.011082
0.072504
-0.024738
0.452854
2.614799
-0.286076
-2.581156
0.000000
-2.365663
0.025911
-6.156584
-5.646862
-5.755229
3.531201
0.798634
-1.487454
-2.227143
-3.113661
-0.097169
0.176848
0.512634
0.954334
0.004697
4.389019
2.699651
-2.286154
-3.618455
0.000000
-2.525072
-1.148077
-7.008430
-0.848379
2.593593
2.059232
0.156578
-0.970322
-1.704667
-2.925732
-0.879897
-0.475125
0.573599
0.264063
-0.181771
1.789176
2.462179
0.298310
-2.027148
0.000000
-2.695864
-1.977587
-6.586071
-5.833438
-5.200937
3.445591
0.063804
-1.540510
-2.954854
-3.538124
0.930137
-0.075498
0.081835
0.696030
0.342614
2.325907
1.993734
-0.940781
-2.154505
0.000000
-2.255585
2.096679
-6.436682
-6.563786
-5.054850
3.824970
0.704396
-1.797483
-2.621385
-3.603934
-0.121323
0.353445
0.643214
0.971653
-0.010962
4.989795
2.496611
-1.831888
-3.023451
0.000000
-2.146271
-1.121874
-7.142139
0.048428
4.035892
2.960076
0.528928
-1.160268
-1.822051
-3.073533
-1.113025
-0.360464
0.286294
0.234514
-0.117516
1.517698
3.583093
-0.320984
-2.406121
0.000000
-2.206173
-1.486642
-6.300783
-5.432723
-5.018819
4.378343
0.757948
-1.695344
-2.780818
-3.549474
0.090507
-0.350916
-0.018829
0.119737
-0.083181
3.663691
2.105581
-1.502368
-2.725758
0.000000
-1.932666
0.314364
-6.375144
-2.603213
3.290420
1.931782
-0.117843
-1.036284
-2.029986
-3.036933
-0.524538
-0.530381
-0.044423
-0.284253
-0.249926
2.011831
2.011022
0.076354
-1.940614
0.000000
-1.607012
-0.999729
-6.162932
-5.708912
-5.619483
3.964554
1.082101
-1.662898
-2.591326
-3.291919
0.298684
0.124587
0.326495
1.223910
0.540967
4.688282
2.481808
-2.183369
-3.419636
0.000000
-2.356271
0.756581
-7.278948
-4.009435
3.022020
2.594539
-0.337240
-1.680727
-2.530009
-3.448519
-0.227194
-0.448823
0.226757
-0.487183
-0.732132
2.269682
2.139086
0.890747
-1.279304
0.000000
-1.430485
-0.709464
-5.152531
-4.412684
-4.268289
3.699376
1.354012
-1.406870
-2.401478
-3.721790
-0.404790
0.683597
0.940868
1.381956
0.102256
5.040209
2.849822
-2.547939
-3.745110
0.000000
-1.550593
-0.243408
-6.861238
1.837041
2.545402
2.509514
1.183343
-1.060691
-1.957592
-3.344459
-1.797561
-1.153150
0.252030
-0.796181
-1.074338
2.421260
3.172297
0.847790
-1.741333
0.000000
-1.472997
-0.882738
-5.190350
-4.480530
-3.563331
3.569602
1.640019
-1.164989
-2.185756
-4.015369
-1.113299
0.432254
0.721101
0.537312
-0.746436
4.509198
3.782026
-1.952728
-3.778955
0.000000
-1.324134
-0.562653
-6.490467
0.093968
4.033708
2.888530
1.357257
-0.986741
-1.495984
-3.252989
-2.305417
-1.943515
-0.387783
-1.135637
-1.220069
2.743273
3.848482
-0.791587
-1.634202
0.000000
-0.731654
0.127271
-5.404738
-3.577874
-2.868283
5.687365
2.007560
-1.582966
-2.937603
-4.731649
-1.390745
0.072540
0.630674
0.689649
-0.306666
3.510954
3.041888
-1.914493
-3.128624
0.000000
-0.632059
0.479305
-5.925511
-1.291118
2.097769
3.284682
1.351263
-1.550560
-2.163232
-4.091856
-1.901406
-0.895106
0.021529
0.001184
-0.026709
3.237196
2.881588
-1.215206
-1.648609
0.000000
-0.363863
0.581120
-5.095150
-3.656988
-0.820244
6.058023
2.294987
-2.332645
-3.091896
-4.218548
-1.404086
-0.471792
0.514862
0.312199
-0.863583
3.136474
3.224503
-1.657649
-2.244377
0.000000
-0.338988
0.635626
-4.809290
-1.050187
1.636836
3.151871
1.270918
-1.599040
-2.002191
-3.961183
-1.838153
-0.594511
0.422851
0.837110
0.204194
3.658996
3.810318
-1.803627
-2.012259
0.000000
-1.198365
-0.111376
-6.777411
-4.775671
3.930613
3.386084
-0.040709
-3.089469
-3.809132
-4.579967
-0.096494
-0.197202
0.204685
-0.049986
-0.169716
3.195155
2.639591
-1.194588
-2.116255
0.000000
-0.381512
0.477124
-4.561902
-2.937335
1.968971
3.376058
1.657315
-1.526237
-2.380606
-4.023116
-1.084907
-0.292532
0.144704
0.790275
0.124205
3.488714
3.141282
-2.479119
-2.408495
0.000000
-0.910690
0.002045
-6.561146
-5.194352
-0.713167
5.702425
2.055904
-2.695945
-4.237025
-5.664568
-0.855794
0.538410
0.806456
0.539415
-0.757233
2.999498
2.269315
-2.313640
-2.238030
0.000000
1.015398
2.176541
-3.744446
0.213648
1.412790
3.705302
2.411079
-1.251045
-2.439478
-4.218777
-1.713706
-0.612136
0.152448
0.175432
-0.443144
3.487261
3.416451
-1.710565
-1.378723
0.000000
-0.290756
0.728280
-5.149951
-3.883197
2.661584
4.747513
1.525844
-1.969612
-3.043424
-4.747682
-1.647806
0.004347
0.836459
0.683552
-0.535904
3.453475
3.078339
-1.899019
-1.169998
0.000000
0.380738
1.572073
-5.579339
-1.310197
1.801951
3.677569
1.339026
-1.718951
-2.480437
-4.182641
-1.811079
-0.360763
0.349408
0.394497
1.265269
5.463508
1.416169
-2.104788
-0.598883
0.000000
-0.107792
0.823505
-5.993740
-5.495165
-0.756955
5.262801
0.558976
-2.925039
-3.961624
-3.870054
-0.839864
-0.002895
0.659029
0.507293
0.356316
4.948624
1.202429
-2.468318
-1.173110
0.000000
0.646627
1.864331
-5.061407
-2.078612
1.559198
2.354475
0.448375
-2.071439
-3.109800
-3.834111
-1.162270
-0.051686
0.381276
0.790348
1.357111
5.075745
1.048994
-2.127141
0.156797
0.000000
1.077979
2.369388
-6.203286
-4.270107
2.932598
2.455967
-0.565549
-3.256051
-4.073925
-3.678212
-1.015849
-0.126186
0.334149
0.408225
1.187405
5.180487
1.199629
-1.929600
-1.218161
0.000000
1.298912
2.455374
-5.202559
-6.071864
1.246708
2.847398
1.016844
-2.119996
-2.700129
-3.167600
-1.382288
-0.292076
0.280711
0.676212
1.870575
5.478544
1.666061
-1.566587
0.451935
0.000000
0.780206
2.092510
-9.046399
-1.957874
2.919521
1.796109
-0.812028
-2.863627
-3.746600
-3.563026
-1.092555
0.303016
0.532654
0.373239
1.597995
5.052738
1.116686
-1.487766
-0.111001
0.000000
1.734542
3.002373
-8.727147
-2.117927
1.888874
2.725885
0.609827
-2.462002
-3.033207
-2.545757
-1.267153
0.075138
0.310973
0.519931
2.010382
5.309611
1.453688
-0.927140
0.532337
0.000000
1.382708
2.611045
-10.777876
-2.631280
2.692481
1.579270
-0.812675
-2.787031
-3.378647
-3.628821
-1.032878
0.655414
0.596532
0.804973
1.915961
4.335325
-0.358234
-0.803132
0.538224
0.000000
2.955868
4.227737
-14.872086
-1.994923
3.428651
2.453829
-0.900890
-3.450418
-3.112919
-2.646464
-0.701846
-0.236640
0.817126
1.460761
2.365564
4.295462
0.128615
0.270654
0.465498
0.000000
0.631799
1.544518
-13.685589
-8.056584
1.185439
4.412803
-1.805792
-3.988056
-4.229710
-3.362299
-0.331166
0.178434
0.743790
1.204825
2.133330
4.157901
-0.177477
-0.643499
0.475697
0.000000
1.861190
2.838201
-13.825120
-1.833752
3.208361
2.417979
-1.690636
-3.870757
-3.480235
-3.399391
-0.408352
0.964141
1.239575
2.909605
3.467460
3.196091
-0.674062
1.343439
2.375936
0.000000
4.801504
6.332663
-2.293425
-2.043231
3.565797
2.483225
-1.290425
-3.636522
-3.005591
-2.595142
-0.435981
0.974527
0.544211
0.540368
2.300045
4.695838
0.631861
0.040246
1.499943
0.000000
3.707289
5.314078
-9.395998
-2.276366
2.232272
1.723561
-0.256824
-2.907828
-2.986410
-2.564672
-0.290227
1.013957
0.588703
0.978581
2.518092
4.348561
-0.369881
0.813307
2.178758
0.000000
4.687303
6.068201
-2.412325
-2.463356
2.757811
1.744769
-1.240059
-3.756272
-3.194854
-2.235454
-0.967596
0.491306
0.246797
0.836693
2.317333
4.628806
-0.600835
-0.396904
1.503911
0.000000
2.903106
4.131773
-15.119280
-2.435456
2.363606
3.684915
-1.488764
-3.916032
-3.255215
-3.322459
-1.024366
0.260303
0.688040
1.895454
2.866456
2.744721
-0.359362
-0.167303
0.760476
0.000000
2.000666
3.164986
-4.833181
-2.241244
1.694925
1.705587
-1.893078
-3.828792
-3.310732
-3.597367
0.605878
1.903353
1.911737
2.479950
2.538869
3.506249
0.395682
3.277772
4.103526
0.000000
6.670286
8.870051
-2.322743
-2.453089
3.684516
1.690117
-1.494255
-3.317975
-3.040632
-3.280512
0.246419
1.973561
0.878679
1.821850
3.065604
2.318845
-0.193505
0.784536
0.991876
0.000000
6.348782
7.983876
-2.773441
-2.751985
1.775209
2.869640
-0.618086
-3.612542
-3.755091
-4.401118
-0.362524
1.315388
1.286508
2.256947
3.637874
3.161528
-0.979500
0.197764
0.848655
0.000000
7.708547
10.026944
-2.421684
-2.625244
1.883531
2.240098
0.328074
-2.712980
-2.730205
-3.670476
1.606906
2.664337
0.919232
0.733432
3.062392
2.779910
-0.426820
0.443273
0.775747
0.000000
7.745825
9.946280
-2.572005
-2.654305
2.303313
2.897993
0.393975
-2.688336
-3.311783
-3.251581
-0.164351
0.408349
-0.122086
1.123917
3.924505
2.978040
0.392971
0.008563
0.000000
4.934349
6.143654
-13.890440
-2.454401
-1.675206
3.506711
2.984395
0.697401
-2.507867
-2.269809
-2.091923
0.226762
0.299118
-0.500790
1.593139
3.939323
2.256019
-0.262399
0.901289
0.000000
5.713328
6.519808
-17.260365
-2.682760
-0.604578
5.472084
2.950401
-1.337230
-3.503765
-3.624880
-3.681437
0.918825
1.464296
0.765336
0.979067
3.984483
2.688405
-0.674261
0.568784
0.000000
7.947619
9.056489
-2.486870
-2.482027
-0.043859
4.762654
2.188553
0.074994
-2.488424
-2.742841
-2.786523
2.509461
2.640692
0.335633
0.696844
1.691152
0.730468
-0.757205
0.349240
0.000000
6.904651
9.543048
-2.793938
-2.867906
2.514344
3.984735
3.117096
0.710724
-2.322082
-4.546609
-4.112787
3.896309
3.649993
1.213222
0.880998
1.593200
0.525208
-0.731301
0.166203
0.000000
6.559235
8.732780
-2.721386
-2.809874
0.676184
2.745245
3.401806
1.412873
-1.911260
-5.275475
-3.046358
5.132085
3.535748
1.069013
0.601739
1.580328
0.838087
-0.496721
-0.233829
0.000000
5.090848
6.904511
-13.248120
-3.930113
0.399439
2.376208
4.101613
2.315192
-1.806730
-2.343200
-3.022474
-0.550694
-0.212677
0.233445
1.083775
2.077058
1.003217
-0.223014
-1.611975
0.000000
7.783401
9.384342
-2.546267
-2.523625
3.174044
3.036545
1.812136
-0.311352
-2.418959
-3.859445
-3.572867
2.006593
2.510558
0.344153
-0.085186
1.148773
0.607256
-0.252562
-0.026722
0.000000
8.031687
9.473557
-2.316847
-2.287269
-2.006045
2.723380
4.189616
1.773993
-1.511196
-3.468190
-0.723125
6.127949
2.183758
-0.458631
-1.016968
0.500349
0.363851
-0.702273
0.601134
0.000000
6.325854
9.714969
-2.782454
-2.371654
1.662462
4.273607
4.688788
1.751462
-2.038991
-2.562446
-2.977276
0.827892
0.837614
-0.268785
0.124483
1.119278
0.411829
-0.245950
-1.077005
0.000000
8.116982
9.880979
-2.577800
-1.921971
-1.400739
3.590211
4.318847
1.658753
-1.810481
-2.102346
-1.672036
1.902322
0.594642
-0.277161
0.319923
2.208837
1.152959
0.225625
0.471416
0.000000
7.557964
9.984083
-2.637780
-2.359000
-0.509708
3.853903
3.652932
0.882569
-2.360036
-3.596038
-2.804370
4.460998
1.178726
-0.959220
-1.082864
0.804875
0.945074
-0.260749
-1.338606
0.000000
7.344264
11.020507
-2.418867
-2.281816
0.065659
5.078541
4.390724
1.644786
-1.749062
-2.791389
-3.010614
1.282584
0.900114
-0.291502
-0.443576
0.872559
0.669252
-0.142820
-0.381263
0.000000
8.006139
9.891634
-2.619819
-2.087463
-1.389237
3.667574
4.300158
1.879809
-1.726991
-2.317551
-2.084732
4.564598
2.037033
-0.377207
-0.953639
0.070391
0.326744
-0.547008
-0.216317
0.000000
6.916807
8.862117
-2.812931
-2.342386
-0.336462
5.632251
5.403501
2.452471
-1.588367
-2.512543
-2.219574
2.031570
1.015556
-0.757799
-0.756357
1.651364
1.373913
0.056568
0.393413
0.000000
7.386193
10.701218
-2.593068
-2.146462
-0.459601
4.552049
4.657013
1.738717
-2.008184
-2.046845
-1.803530
1.036231
0.047217
-0.346226
0.189344
1.715628
0.753220
-0.510664
-0.997567
0.000000
6.822628
9.025151
-7.460681
-2.663754
-1.023151
3.901181
3.591863
0.337842
-2.482725
-4.466228
-3.576559
4.641338
1.812223
-0.518348
-0.661971
1.084329
1.074970
-0.075888
-1.577620
0.000000
7.466279
10.283241
-2.389906
-2.196153
-0.573909
4.539382
4.893267
1.622119
-1.833268
-3.107616
-2.831823
3.585202
1.499136
-1.030234
-1.254100
0.590494
0.831847
-0.273225
-1.603242
0.000000
7.300344
9.874616
-2.620328
-1.978561
-0.399662
4.236592
4.694106
1.969405
-1.772483
-2.381132
-0.993429
2.259858
-0.007562
-0.140180
0.160859
0.167234
-0.102330
-0.267380
-0.331595
0.000000
7.078122
9.095851
-11.074216
-4.183280
-0.563716
5.343775
4.745938
-0.641958
-2.697966
-7.336201
-2.414843
5.840217
2.102288
-0.177703
-0.689371
0.580920
0.945546
0.108259
-0.702073
0.000000
7.455424
11.564734
-2.319936
-1.990617
0.018826
3.811109
5.193495
0.676274
-1.798348
-2.237437
0.020318
3.919735
0.668113
-0.298504
-0.485752
0.282666
-0.082657
-0.772018
-0.388146
0.000000
5.304024
7.085937
-8.732216
-8.561259
-3.092460
5.517436
3.957912
-1.448008
-3.021751
-6.695820
-3.088619
5.440055
2.510408
0.328483
-0.062478
0.598912
0.675761
0.215506
-0.819598
0.000000
8.703944
10.523011
-2.489740
-2.453946
0.500732
4.517320
5.162305
0.455076
-1.779274
-2.385175
-0.630002
5.841098
1.256344
-0.413129
-1.517091
0.161996
0.553597
-0.305347
-0.129668
0.000000
5.392958
8.297318
-2.980003
-2.941608
-1.531553
5.098797
5.276892
-0.046268
-2.558809
-3.017489
-1.673108
0.372208
-0.080017
0.224380
-0.105807
1.064042
1.295610
0.334301
-1.126436
0.000000
7.061730
8.887533
-2.721260
-2.699746
1.231557
4.180246
3.966988
-0.558563
-2.308374
-4.037514
-0.695616
6.098892
1.404353
-1.262991
-1.544719
0.113547
0.454366
-0.151315
-0.765996
0.000000
7.746294
10.546351
-2.686110
-2.585442
1.926458
4.716171
5.059391
-0.046523
-2.099934
-3.133309
-1.810162
3.426386
1.332377
-0.078280
-1.055627
0.255332
0.925417
0.137236
-0.172654
0.000000
6.654837
8.228251
-3.051687
-6.978571
-0.762002
3.978420
4.645586
0.112107
-2.096082
-2.559734
-1.371482
4.689802
1.132729
-0.533762
-1.460050
0.255740
1.438525
0.168552
0.660248
0.000000
6.257871
9.331759
-2.788943
-2.760833
1.874310
5.037505
4.870013
-0.311621
-2.407359
-2.960701
-1.851538
1.307135
0.240794
-1.076519
-1.810768
0.926581
1.612501
0.682394
-0.869810
0.000000
7.325303
10.803891
-2.549854
-2.311809
-0.340658
4.583223
5.384033
0.326380
-1.997046
-2.037651
-0.513223
3.120685
0.071612
-0.748767
-0.824822
0.396333
0.440864
-0.395476
-2.046952
0.000000
6.239305
8.842360
-7.590390
-2.527534
1.625100
5.104104
3.834353
-1.087303
-2.551040
-6.969626
-2.073464
6.176604
2.329015
-0.550121
-1.201215
-0.090203
0.817384
0.197879
-0.908982
0.000000
9.615298
12.622740
-2.563725
-2.304392
-1.516187
4.556193
5.866559
1.106486
-1.568626
-2.247045
-0.657556
4.143218
0.901344
-0.673452
-0.759482
1.360113
0.610071
-0.332710
-0.584369
0.000000
4.200352
6.496045
-18.343136
-10.510606
-0.673579
4.845406
3.164292
-1.691516
-2.633564
-8.260342
-3.934122
5.489154
2.908424
0.708535
0.162109
0.222564
0.279859
-0.077953
-1.131261
0.000000
9.005211
11.307849
-2.781824
-2.847409
0.864681
5.045590
4.876843
0.283870
-1.614633
-4.857106
-1.725603
6.206391
2.298316
-0.540052
-1.455585
0.906699
0.886219
-0.003263
-0.362025
0.000000
5.860208
8.332017
-2.863141
-5.459422
-2.060998
3.937678
5.917812
0.705536
-2.721266
-2.613816
-1.385103
4.233104
1.095669
0.270671
-0.421570
0.513442
0.452386
-0.422280
-0.980687
0.000000
4.309777
5.697205
-3.091851
-3.119706
5.694860
6.175712
2.940245
-1.760496
-4.077365
-8.667857
-3.770108
6.331708
3.231731
0.760129
0.031704
0.870902
1.296174
0.385979
-0.288650
0.000000
7.067193
9.282320
-2.700123
-2.569948
-4.414210
3.016113
4.566154
0.899194
-1.836213
-1.416067
2.820505
5.101281
0.942321
-1.043080
-1.746789
0.695518
1.295605
-0.325660
1.975228
0.000000
3.503202
5.266187
-2.915818
-3.053118
8.086342
9.112910
3.453765
-1.605698
-4.996532
-9.379992
-4.328418
0.230367
2.012409
1.673795
1.207008
1.072247
0.997760
0.129636
0.344716
0.000000
8.477801
9.672651
-2.432673
-2.417909
-3.812339
3.745896
3.682094
1.286289
-1.868013
-6.280229
3.240537
5.312999
1.884256
-0.311350
-1.297925
0.348467
0.844006
-0.318051
-1.477365
0.000000
6.337595
8.966924
-2.813657
-2.914154
3.135770
7.045470
2.893590
0.967863
-2.687489
-2.398602
1.281498
3.758755
2.045398
-0.682476
-1.604673
-1.230047
-2.180632
-2.719192
-1.307985
0.000000
6.734720
6.844263
-2.942137
-3.153301
0.848015
6.056885
3.599357
0.644558
-2.100368
-7.780582
-4.018887
5.788328
3.648988
1.168368
0.265909
1.469906
0.846124
-0.535996
-2.733157
0.000000
5.463096
5.718472
-2.419311
-2.485288
-1.592450
4.392787
3.583678
-0.019462
-3.786749
-7.365622
-0.611307
6.774418
3.364758
0.179423
-0.931102
1.219871
1.735609
-0.341676
-0.363591
0.000000
5.002253
7.214820
-2.610396
-2.779240
3.288560
6.467627
2.906929
0.986569
-2.360158
-3.456448
-3.306483
3.867150
2.793537
-0.277631
-1.125321
-0.707835
-0.953672
-1.787769
-0.428686
0.000000
8.954998
13.893472
-2.674086
-2.898235
-2.948120
4.527163
4.283335
2.807931
-0.891096
-3.410652
-4.620487
5.476015
3.961435
-0.876660
-1.746283
0.767416
1.207012
-0.557885
-1.446817
-4.324313
0.000000
5.735471
-0.406742
-2.768759
-2.536081
3.596236
4.131269
1.555517
-1.673738
-7.185661
-5.767659
5.497065
5.162793
0.575650
-0.680800
-0.331662
-0.340086
-1.019166
-0.010005
-3.420467
0.000000
12.772965
1.069147
-2.726950
-2.456500
1.304146
4.864858
2.373171
-1.346308
-1.536120
0.071680
5.852642
2.556245
-1.061955
-3.009700
-1.085002
0.789198
-0.524705
-0.993646
-3.178765
0.000000
6.611631
10.213581
-2.972368
-3.013502
3.483565
5.235225
2.352057
-2.368952
-3.401541
-4.154209
4.145323
3.437841
-0.557861
-1.913206
-1.041475
-1.081197
-1.427864
-0.218991
-1.919678
0.000000
10.997623
9.309623
-2.911795
-5.591412
2.267385
4.939896
3.680012
-0.402106
-1.317901
0.188053
6.042719
2.537944
-1.354185
-3.504075
-1.648574
0.393258
-0.262648
-1.242910
-5.107470
0.000000
7.813828
12.993482
-2.768760
-5.713990
3.565569
7.090916
3.112403
-1.867064
-2.518917
-2.360219
3.673224
2.490343
-1.383196
-2.971117
-1.476732
-1.064580
-1.387641
-0.439142
-1.456727
0.000000
10.021412
12.420034
-2.835892
-8.353950
1.993545
4.027475
3.441626
-0.282214
-1.595389
-2.692226
4.878014
3.147305
-0.422861
-2.120259
-0.756889
-0.048431
-0.200425
-0.220447
-1.143880
0.000000
7.744462
10.553314
-7.200495
-12.631200
0.137022
4.694585
2.444690
-2.001769
-2.216878
2.250573
4.635732
3.953467
-0.048352
-2.807097
-2.812877
-1.695996
0.053082
-0.088530
-0.597662
0.000000
6.039628
8.113693
-3.359793
-5.298605
3.687359
5.781874
3.621476
-0.455461
-2.010737
-6.287035
4.728248
5.855050
0.460553
-1.537366
-1.739092
-0.109484
1.010625
-0.005759
-0.555510
0.000000
7.579211
10.102571
-2.890852
-13.910384
0.639248
4.634947
3.284837
-1.406571
-2.011753
-0.191719
5.185180
5.401097
0.537524
-1.784080
-1.604175
-1.091683
0.437312
-0.207837
-2.188884
0.000000
7.212096
9.312393
-3.293300
-3.259764
2.151455
4.233294
2.211025
-1.966242
-3.397009
-6.869965
4.517234
5.512693
0.753542
-0.656929
-0.731504
-0.241744
-0.013901
0.354264
-3.276791
0.000000
6.161944
7.471184
-2.919834
-2.987238
3.521610
4.099757
1.412385
-1.884992
-3.309985
-6.222699
4.945145
5.884141
0.776502
-0.687671
-1.067093
-0.579604
0.040126
0.208843
-1.490856
0.000000
6.732119
6.455454
-3.065687
-3.157581
1.131689
3.700365
2.700244
-2.012514
-2.391083
-0.701445
4.114107
3.802417
0.275536
-2.315707
-1.899603
-0.816621
0.447965
0.544320
-0.533776
0.000000
5.564390
6.563163
-3.222389
-3.255958
2.577081
4.439217
3.073499
-1.887353
-2.436872
-3.288888
3.765662
4.829978
0.422438
-1.586730
-1.083944
-0.651066
0.930866
0.733293
-0.042764
0.000000
5.466649
7.144594
-3.151607
-3.069855
1.955910
4.312997
3.108400
-1.841588
-2.045087
-2.752349
4.328390
4.376996
0.786211
-1.626131
-1.818170
-0.342133
1.803496
0.343150
-1.854134
0.000000
4.934361
7.078610
-3.139440
-3.210791
4.399301
5.086579
2.897351
-2.018952
-3.765568
-6.936744
3.933129
5.975571
1.157060
-0.894121
-1.252047
-1.415625
-0.810206
-0.077915
-4.539379
0.000000
7.991903
8.986252
-2.906884
-10.107059
1.258691
4.723266
3.038911
-0.374062
-2.543284
-6.226850
4.769762
6.215905
0.246546
-2.445593
-2.330751
0.675761
0.440352
-0.519011
-18.553940
0.000000
7.863517
1.498100
-2.409808
-2.587638
2.727788
4.812075
3.924821
-0.825983
-2.871792
-4.897731
3.754416
4.968482
0.192736
-1.739979
-2.013103
-0.643874
0.453384
-0.006071
-4.266228
0.000000
7.010249
8.669238
-2.879115
-9.077156
1.748751
4.296972
3.202039
-0.760944
-2.374366
-5.589566
4.263525
5.961698
0.745454
-1.699846
-2.253556
0.138972
1.372799
0.060637
-18.969601
0.000000
7.429799
10.261532
-2.829392
-8.253927
1.640829
4.770224
3.198599
-0.955681
-2.154832
-3.936856
3.506925
4.482594
0.123514
-2.272323
-2.433677
-1.252199
-0.165900
0.268085
-2.743707
0.000000
5.896196
7.206308
-5.083503
-15.894692
-2.812767
5.090823
3.476176
0.131777
-1.080106
-5.864380
4.167559
5.294078
0.042671
-2.255985
-1.803013
0.720834
1.087179
-0.314486
-11.446581
0.000000
6.735053
8.843389
-2.564407
-2.137592
2.373583
5.316085
3.579249
-1.251205
-2.875703
-3.154708
4.067198
4.597810
0.151002
-2.269220
-2.652031
-0.903132
0.854358
-0.089894
-22.040180
0.000000
6.820898
8.789088
-2.812544
-9.274164
2.072697
5.009319
2.842574
0.627510
-2.114930
-6.302895
3.551176
6.116911
1.430542
-1.607865
-2.526364
-0.473292
0.733158
-0.041188
-2.549953
0.000000
6.997723
9.409245
-5.740800
-13.946316
-0.630614
3.968575
3.368600
0.054856
-1.688150
-1.948965
3.059407
4.338195
0.441653
-2.057755
-2.691139
-0.945183
0.428330
0.100495
-1.099976
0.000000
5.623159
7.084337
-6.413130
-18.115429
-3.509072
6.570903
5.185915
1.954912
-1.211494
-4.501200
3.774009
4.657507
0.303472
-2.331888
-2.160572
0.323762
1.901548
-1.446294
-19.933586
0.000000
6.684566
9.773271
-2.679104
-2.543196
3.305008
5.516132
3.365170
-0.122572
-2.611579
-2.383096
3.133014
4.198339
0.643160
-1.902955
-2.648272
-1.349569
-0.644993
-0.342610
-1.814752
0.000000
5.633366
6.915716
-10.431640
-14.539082
-4.275417
5.936522
5.138661
1.364541
-0.796081
-4.344314
3.829847
4.622719
0.127572
-3.113334
-3.716849
-0.487949
1.454237
-0.922399
-19.495102
0.000000
8.110980
9.730067
-2.251335
-2.388757
3.659346
5.962745
3.802323
0.198283
-2.195861
-2.434983
1.479075
3.860786
0.197260
-2.121771
-2.805845
-1.708601
-1.343215
-0.874431
-1.832791
0.000000
6.850346
7.336680
-2.858055
-13.633194
-2.173387
5.685136
4.881926
1.212436
-1.511074
-5.927678
3.336548
5.417606
0.339857
-3.332733
-3.805771
-0.359071
1.210895
-1.649462
-20.056662
0.000000
8.101487
8.099911
-2.022506
-16.434559
-1.596027
5.669808
5.038471
3.265656
-1.502351
-2.110689
1.256692
3.551247
0.463651
-2.113034
-2.898901
-0.971529
0.021684
-0.112084
-14.946294
0.000000
6.017540
8.262127
-9.048486
-13.545850
-1.102089
5.543988
4.677184
2.932717
-1.901840
-6.198740
1.051249
6.254148
1.757444
-2.260488
-3.477528
-1.219693
0.752776
-4.332031
-19.837193
0.000000
8.169071
9.950855
-1.622400
-10.150043
-0.037502
5.378561
5.054982
3.645753
-1.574244
-2.919126
1.188474
3.565623
0.180051
-2.741313
-3.432765
-1.237630
0.186429
-0.208486
-1.149392
0.000000
5.233162
7.516237
-12.084392
-14.089795
-0.468791
5.312837
4.384068
1.799279
-2.140569
-6.432352
2.177005
6.052141
1.568696
-2.462013
-3.644693
-0.910284
1.338133
-0.550310
-1.554342
0.000000
7.103481
9.485168
-2.025906
-2.291412
-10.651472
9.715457
8.239634
6.603917
0.753779
-1.695518
0.376775
3.576740
-0.698576
-4.122536
-4.360921
-1.293546
1.218770
-0.378056
-19.926476
0.000000
4.658528
7.415122
-14.219310
-14.393438
2.410275
5.287389
3.027549
1.637035
-2.905047
-7.088678
0.013565
5.525780
1.898915
-1.228587
-2.187541
-0.384424
1.048616
-0.352246
-1.057890
0.000000
6.348055
8.666261
-2.472331
-8.664817
-9.283051
5.232347
3.740599
2.284294
-0.791719
-2.264326
2.196299
4.078732
-0.218458
-3.296450
-4.431532
-1.299369
1.922560
-0.341266
-2.208592
0.000000
6.020817
8.852345
-2.174667
-2.461089
-7.685564
8.286553
5.890173
3.530803
-1.626745
-2.711841
-1.018647
3.248182
1.395964
-1.701721
-2.956477
-1.281121
0.659438
0.489646
-1.736579
-18.126955
0.000000
6.133273
5.569197
-10.942160
-6.166706
3.768605
3.168769
2.741011
-0.816776
-6.609710
-1.657988
5.644478
3.678840
-1.018785
-2.550115
-1.279781
0.783152
-0.492260
-1.056426
-18.573698
0.000000
10.931234
-2.904182
-2.583225
-10.702387
3.603348
5.187377
4.331349
0.635906
-3.265971
-0.052611
4.981369
1.633039
-2.997522
-4.388126
-2.922225
0.391259
-2.598403
-20.882668
-17.929153
0.000000
9.138341
-1.347120
-1.866420
-15.658736
4.105513
6.860480
4.951993
-0.473538
-2.428399
-1.086884
3.097699
0.830004
-2.340483
-3.162778
-0.652879
1.201703
0.180374
-7.166298
-17.303249
0.000000
5.802846
6.350722
-16.358799
-6.600209
3.139450
2.687800
2.026706
-1.502716
-6.838550
-1.725171
5.341160
4.034716
-0.550605
-1.924896
-0.927573
0.894892
-0.080835
-0.560925
-19.107489
0.000000
9.707304
-2.968662
-2.467983
-12.305846
2.677849
4.190872
3.379425
-0.689913
-1.948083
-0.453306
4.222684
0.681540
-2.921286
-4.871720
-2.486047
1.533668
-0.063007
-0.188510
-19.905544
0.000000
8.688182
-0.336166
-2.478025
-8.749302
7.972424
8.048883
4.883197
-1.894054
-5.006709
-2.666110
-2.125401
2.404526
-0.975915
-1.990044
-0.339729
1.258915
-20.521385
-18.115015
-20.015308
0.000000
5.217621
8.598825
-13.573916
-6.550104
2.990024
1.421058
0.726300
-2.002303
-4.424850
-1.088304
3.967562
4.808163
0.861476
-0.736191
-1.383165
1.322505
1.551090
-1.187922
-19.539412
0.000000
5.272709
-2.449283
-2.719002
-4.398782
3.964906
3.401421
2.266774
-1.775731
-4.787875
-0.577083
5.005701
3.516277
-0.479636
-2.097377
-2.203951
0.479803
1.245033
-0.096285
-18.858381
0.000000
8.594337
-1.123835
-2.718706
-9.075565
5.663357
5.024576
3.199906
0.996542
-1.439597
-1.951300
4.303859
3.699892
-1.357559
-4.056551
-4.111436
-1.496798
0.184069
-0.715845
-19.009628
0.000000
7.646523
8.683599
-10.305550
-11.673038
2.054830
3.555056
2.983652
0.064653
-2.220544
-3.419323
4.752222
4.096949
-1.348737
-4.230910
-4.641588
-0.607422
0.395255
-2.229466
-19.063482
0.000000
9.174978
-2.765970
-2.385706
-14.757793
0.349898
5.377827
4.193564
-0.306489
-1.831963
-3.401256
4.207293
2.303376
-2.191765
-4.587194
-4.213151
0.361717
1.183548
0.185522
-18.975430
0.000000
8.882414
0.359359
-2.349971
-18.987467
-4.531493
8.664581
6.338140
1.879344
0.035069
-3.558948
2.762666
2.141298
-1.560992
-3.894920
-3.575890
-0.261162
0.995299
0.979593
-18.679047
0.000000
7.017274
8.274561
-9.233960
-9.239273
2.564484
3.661437
2.934983
0.087877
-1.942609
-3.451546
4.012049
2.975390
-1.072858
-3.546549
-4.087755
-0.220472
0.945526
-0.856850
-19.243992
0.000000
8.982730
-1.234509
-2.370048
-16.139517
-5.939841
8.096500
6.693604
1.941177
-0.387037
-2.902280
3.491637
2.030350
-2.024630
-4.009385
-4.447484
-0.449036
1.021514
0.967059
-18.205061
0.000000
8.332749
3.095027
-2.488988
-15.101613
5.628112
5.607183
3.495531
0.689273
-2.570615
-2.047622
3.592802
3.610211
-0.961758
-3.602801
-4.001926
-1.270253
0.675250
-0.840387
-19.399040
0.000000
8.224344
-2.769153
-2.317664
-11.637437
-0.158544
7.441387
6.178152
2.130265
-0.630391
-2.058086
3.640199
3.196961
-1.588924
-3.790550
-3.192849
-0.270315
0.836611
0.656897
-19.195396
0.000000
6.476014
7.676629
-14.413363
-14.206338
-6.273916
6.753183
4.736924
1.445839
0.533605
-3.338045
3.191017
2.545509
-1.146041
-3.726011
-3.611868
-0.122202
1.086440
0.368487
-18.919415
0.000000
7.289583
7.651558
-2.506545
-18.346931
-5.027987
8.891724
5.709895
2.857955
-0.064300
-2.364549
3.006212
2.502583
-1.551821
-4.222800
-3.915925
-0.538038
1.103351
-0.432638
-18.880699
0.000000
7.641296
7.845351
-2.585545
-14.393312
-1.584246
7.733172
5.617636
3.225825
0.126041
-2.187207
3.435760
3.354916
-1.313627
-3.933882
-4.099805
-0.992453
0.641364
-1.181822
-18.836466
0.000000
7.848367
9.167863
-7.131453
-12.997789
-0.765775
5.767595
4.135596
1.072523
-0.885270
-1.685119
4.440018
3.107184
-1.796839
-4.926895
-5.180863
-0.505502
1.372788
-0.627515
-19.210882
0.000000
8.270209
3.833380
-2.308373
-18.438334
5.310071
6.384450
3.999427
0.419542
-3.593462
-5.931374
3.327723
5.192994
-0.757442
-2.982598
-2.929120
-1.211308
0.422931
-1.201283
-19.228619
0.000000
6.942563
0.112532
-2.565157
-9.500033
-2.389016
5.490601
4.521626
2.599194
-1.875974
-3.608578
3.304724
4.742512
-0.189261
-2.808488
-2.997635
-0.786382
1.261336
0.461233
-19.354788
0.000000
7.035523
8.203729
-14.432493
-14.594841
-7.811965
6.843250
5.412904
1.603302
0.716777
-2.375360
2.833530
3.558443
-1.043126
-3.684282
-3.733487
-0.926602
1.113556
-0.300812
-18.784883
0.000000
6.606038
7.548252
-14.544506
-13.973681
-1.362525
6.249822
4.610869
1.935015
-0.670039
-2.857278
3.157379
4.077112
-0.715869
-3.616093
-4.203556
-1.228623
1.141416
-0.588654
-18.640898
0.000000
8.230530
9.456524
-13.278529
-13.461614
-3.397645
7.297330
6.088645
2.518433
1.792978
-2.090036
2.909245
3.613762
-1.455886
-4.773920
-4.467721
-1.085108
1.213553
-1.500904
-0.469928
0.000000
6.433875
9.761312
-3.617261
-8.751536
0.408799
5.660911
3.999310
1.332406
-1.154747
-2.475987
3.247427
4.582521
-0.682031
-4.069719
-4.747599
-1.554815
1.173041
-1.085402
-3.164779
0.000000
7.266300
6.336123
-2.222633
-13.183056
0.022785
7.454826
6.151572
2.216962
0.549936
-5.254570
2.557510
4.621423
-0.715343
-3.694234
-3.995044
-1.710417
0.317718
-0.694967
-18.841663
0.000000
7.210605
7.650980
-12.192071
-11.782776
-5.565409
4.874120
4.762701
3.160764
2.098589
-1.950134
3.437744
3.624355
-1.121811
-4.114920
-4.574715
-0.800590
1.441303
0.023360
-19.355068
0.000000
7.500166
9.169929
-18.036173
-15.782830
-5.209311
8.478003
4.963668
3.890561
0.313802
-2.020844
1.912384
3.716312
-0.407946
-3.668478
-4.288649
-1.516576
1.172304
1.062074
-1.227579
0.000000
5.653999
7.950129
-7.565667
-7.011622
3.578263
3.151969
2.022573
0.983384
-5.314137
-5.814302
-1.530737
5.813290
2.320318
-2.264128
-4.206076
-0.679446
1.665224
0.596282
-8.758044
0.000000
9.043653
0.112688
-1.567486
-16.580359
-9.871067
8.918108
13.079603
8.552933
1.272003
-5.232509
-0.751287
2.747344
-1.478138
-4.007478
-3.169653
-0.632645
1.067398
2.661787
-19.053411
0.000000
4.600885
7.592423
-10.838066
-7.751343
-1.708539
2.977623
1.296372
-0.826388
-5.785588
-3.927900
2.550962
5.886851
1.320458
-2.872416
-4.014922
-0.246122
3.517123
2.819692
-18.482691
0.000000
5.197227
0.610332
-1.706498
-16.981777
-1.883415
6.737647
9.112612
3.875116
-1.862934
-6.297705
0.835709
4.383469
0.627100
-2.193178
-1.966940
0.764705
2.130434
5.208408
2.459956
0.000000
5.486744
8.063073
-2.351189
-3.263611
2.768645
4.450722
1.266237
-0.839607
-6.734367
-5.191175
2.856151
6.860502
2.740738
-1.307678
-2.827777
-0.906528
1.995149
2.495665
-20.221436
0.000000
4.154419
0.595884
-1.907622
-6.311332
3.152740
7.826199
4.862487
0.160582
-3.741017
-5.684759
-2.590185
4.980233
0.373410
-1.017416
-0.716817
0.994824
0.158319
3.321379
-22.062691
0.000000
8.244323
10.644539
-2.424504
-9.745973
-2.122758
5.172882
2.700233
-0.672695
-5.423606
-5.034553
1.411196
5.787187
4.066933
0.552414
-0.258460
-0.104059
2.087510
2.239152
-19.947523
-21.620945
0.000000
4.648270
3.456928
-4.058133
-2.607464
2.847520
1.642287
1.506814
-3.055315
-5.191414
1.487476
5.708182
1.377837
-0.470819
0.062215
1.195064
2.897709
3.168889
-11.632200
-17.528481
0.000000
0.421652
0.200241
-2.367968
-2.072293
3.470085
1.465151
-1.880142
-6.130020
-5.345344
-3.933890
5.748265
6.319100
0.674402
-0.346689
-0.776657
1.779642
2.755473
-5.826647
-20.330587
0.000000
7.386818
2.269826
-12.838009
-2.940041
6.889736
3.638792
1.829984
-2.736141
-4.927941
-4.189639
4.682138
1.305415
-0.508416
-0.306517
1.570165
2.949240
2.073611
-2.684993
-18.628206
0.000000
9.750433
6.021758
-2.442560
-2.253780
5.030434
1.710284
0.247033
-4.532125
-5.150249
-4.054450
5.277822
5.499349
0.406961
-0.298511
-1.052597
1.906374
1.847730
-22.906919
-19.415480
0.000000
9.069086
0.127819
-2.561806
-8.185292
7.212845
3.662331
2.180344
-1.325547
-3.562865
-2.088449
4.822922
2.459298
-1.030279
-1.332070
-0.963562
1.050313
0.435132
-18.457024
-20.136005
0.000000
7.672892
6.813259
-2.537024
-2.348827
3.473381
1.276618
0.535909
-3.487197
-6.597356
-5.430325
5.049373
5.667678
0.145904
-0.865919
-1.117654
1.208194
-1.394100
-1.113860
-23.265537
0.000000
2.480475
-2.688006
-2.498969
-2.468723
4.697006
2.769906
1.396175
-2.581111
-3.698768
-4.220794
5.069773
4.753575
-1.108060
-2.700289
-2.955101
1.375522
0.753912
0.261237
-0.991188
0.000000
9.706054
0.623965
-1.696376
-1.206462
5.054525
2.266639
0.498016
-3.108175
-6.585213
-6.488332
3.328835
7.301775
0.537576
-1.179408
-2.343427
-0.068606
1.175439
-0.396197
-20.547388
0.000000
-3.321345
-2.253009
-2.324628
-11.460567
4.889125
5.746036
4.716278
1.540726
-1.577207
-0.077405
4.607074
-2.082570
-2.609329
-3.189281
-3.774043
-1.063111
3.738083
-18.252895
-16.160322
0.000000
14.101083
5.274585
-2.406732
-2.342727
5.482242
4.120773
0.441722
-2.379938
-6.421044
-4.716945
3.598255
4.700192
-0.477754
-1.300229
-1.061752
1.271783
1.846052
2.054028
-17.945963
0.000000
5.718379
5.521818
-1.434483
-0.942486
2.905213
0.801415
-2.165660
-6.919196
-5.224509
-2.605260
6.310459
7.620372
0.736758
-2.881888
-2.823640
-4.538747
3.829275
-17.052824
-12.127976
0.000000
9.313549
8.872362
-1.745675
-6.328564
4.110905
5.416454
2.549573
-0.354804
-3.498162
-4.919320
3.889976
-0.057680
-1.477225
-1.140080
0.306430
2.010842
4.729938
-16.487953
-18.850233
0.000000
1.258380
-1.738665
-2.229002
-14.458963
3.297241
6.184189
2.744305
-1.004874
-5.224396
-6.528504
3.429215
6.581832
0.555508
0.400650
-0.120649
0.982958
5.594484
-20.480034
-10.124895
0.000000
8.839323
0.832539
-2.677243
-7.129076
7.067423
3.915415
1.956592
-1.301424
-4.977982
-6.213856
4.510472
7.287473
1.169728
-0.405159
-1.585043
0.113406
2.958215
-0.116567
-19.811779
0.000000
8.771664
-0.318038
-2.665522
-2.433954
5.868408
3.029136
0.471179
-2.633121
-6.118857
-5.508094
4.679071
7.877046
1.083817
-0.194589
-1.686735
-0.490943
1.536497
0.768476
-19.727327
0.000000
7.296560
-0.774169
-2.840564
-2.514208
4.284249
2.239397
1.683413
-3.297824
-7.077028
-5.252632
4.344248
8.440567
1.467906
-0.987879
-1.855696
0.025881
0.354908
0.582506
-20.120628
0.000000
9.923698
-1.614955
-2.551667
-9.036955
8.039194
5.799125
3.216696
-0.725196
-5.232240
-5.069917
2.576665
7.280605
0.582467
-0.885502
-1.644211
-0.572612
0.087068
1.131516
-19.955101
0.000000
9.383348
-1.228829
-2.719490
-2.512129
5.743564
2.786498
0.226781
-2.705577
-6.408027
-5.845633
3.338124
7.991133
1.432962
0.140896
-0.488671
-0.019414
2.131635
0.930656
-21.119295
0.000000
6.710943
-1.526471
-2.901050
-2.869565
5.312027
2.376960
1.541476
-5.248905
-7.594541
-5.167018
1.159073
8.046144
3.726964
0.614652
-0.202592
0.922875
-0.916940
0.165610
-21.634134
0.000000
9.728168
4.656393
-2.268173
-2.568183
6.219654
4.546609
0.388920
-3.553255
-6.908158
-5.694972
-1.390556
4.971998
0.600618
1.773451
2.816814
1.755402
0.914028
-23.700001
-20.463924
0.000000
6.700038
4.045786
-2.851296
-2.832938
5.794412
3.713022
-0.574490
-6.513429
-6.275802
-6.178968
-0.246442
7.302960
3.162945
2.311375
1.452535
0.964744
2.926932
-23.582764
-19.645887
0.000000
5.063982
5.728683
-2.716363
-2.715425
10.146477
4.333921
-3.172800
-6.699932
-6.728362
-6.193207
0.016978
7.424876
4.476162
1.668875
1.074182
1.726379
2.237060
2.767437
-20.203974
0.000000
6.575660
0.585080
-2.509601
-2.532207
8.558918
3.720876
-2.845543
-6.913665
-6.473384
-4.673711
1.526838
7.864130
3.811399
1.216200
0.444119
1.261343
1.241053
0.542735
-20.245615
0.000000
5.794156
-0.683385
-2.535212
-2.550924
7.167092
2.821997
-1.680477
-7.093353
-6.858266
-5.084469
2.785891
8.103570
4.334974
0.940071
0.551440
0.577532
2.346631
-14.722045
-19.439075
0.000000
9.443936
5.344050
-2.400335
-2.477659
7.244014
4.726448
0.242287
-4.230229
-7.410150
-6.500774
2.601063
7.770323
3.051585
0.177887
-0.085331
0.485225
2.612831
-2.878792
-18.277071
0.000000
7.805653
4.460314
-2.636243
-2.318352
1.468727
0.761219
0.289909
-5.269461
-6.718946
-5.439571
0.667356
7.539719
3.143872
-0.167493
-1.355678
0.031498
1.551884
2.199306
-20.152874
0.000000
11.365319
7.502272
-2.466899
-2.593747
5.365422
4.057399
0.561549
-2.524753
-6.857890
-4.638783
0.294754
6.742949
3.926879
0.913911
0.617878
0.341908
2.793599
2.865019
-21.095364
0.000000
6.807562
1.264603
-2.530833
-2.702760
7.797169
5.088249
-0.057710
-4.398273
-7.823359
-5.871957
-2.063166
7.052078
4.381771
2.144582
1.487076
0.515610
3.651189
3.759040
-21.532930
0.000000
4.954656
3.480157
-2.862649
-2.910053
5.220235
6.106193
-0.537664
-5.232951
-5.135999
-4.233858
-0.305491
6.921983
5.411290
1.745739
0.764352
0.515505
2.808824
3.456076
-21.076204
0.000000
4.606710
-1.099182
-2.667902
-2.716304
7.715680
6.209828
0.544905
-3.519585
-7.761883
-5.604144
0.626391
7.288889
5.942459
2.126583
1.216322
-0.208822
2.848251
3.173580
-19.976475
0.000000
5.796279
-1.227193
-2.654233
-2.726825
3.263368
5.443134
1.346432
-1.401992
-5.710828
-5.115006
0.231678
6.426830
3.870073
0.011464
-1.094070
-1.106594
2.344098
-17.428240
-16.973856
0.000000
-0.147879
-0.238168
-2.565722
-1.536661
5.533175
2.082845
-3.701707
-6.394617
-5.236231
-2.113091
2.571891
7.331703
3.478560
-1.088054
-2.056272
-0.939328
1.804250
-18.503561
-16.366554
0.000000
12.444087
6.915270
-1.984864
-7.886025
3.179260
6.243645
4.460073
1.583773
-3.735713
-3.734942
3.538852
5.584731
1.323557
-1.907301
-2.730490
-0.468138
0.830388
3.833739
-19.232063
0.000000
11.073940
8.910707
-2.322567
-11.108871
6.389647
8.640042
3.105946
0.705146
-4.552428
-4.899835
-2.051462
5.374676
4.215128
0.428764
0.218597
-0.061299
2.043675
1.487509
-22.622412
0.000000
6.750591
10.204822
-2.634914
-5.647532
6.362512
8.402811
1.749410
0.867708
-5.570499
-5.702120
-2.001523
5.563867
4.467337
0.820682
0.406120
0.260302
2.470852
2.407274
-20.444824
-19.786472
0.000000
8.010604
3.689234
-2.783250
-2.687407
3.896612
1.278508
-0.964292
-7.488241
-5.363154
-2.404840
6.112889
6.488301
1.074196
-0.062519
0.124934
2.158458
2.800990
-20.458279
-18.281782
0.000000
11.538288
2.520303
-2.642145
-2.526060
5.142848
1.332796
0.059249
-4.986217
-5.775541
-3.951774
5.361684
5.996231
0.858514
0.129519
0.028151
1.207736
1.566353
-19.316887
-4.793947
0.000000
5.057641
1.829137
-2.501315
-2.342824
3.093051
1.063405
-3.676409
-7.450348
-5.533975
-1.728855
6.857621
7.277820
1.187968
-0.688902
-0.662099
1.413589
1.272842
-21.836901
-19.616991
0.000000
0.706311
-1.769749
-2.477894
-2.395790
3.677816
1.649200
-0.270971
-5.553383
-5.831168
-3.460241
5.134641
2.161736
-0.066832
0.205598
1.691437
0.198861
3.247998
-21.352364
-17.794739
0.000000
-0.736396
-1.573809
-2.142142
-12.102771
1.824875
6.619031
0.877177
-2.094025
-5.413174
0.207659
3.892004
2.535127
0.162674
0.577104
0.894174
1.511838
7.232524
-19.204390
-19.389019
0.000000
4.286425
3.393305
-2.400382
-1.984062
2.565247
-0.361037
-4.193696
-6.411747
-4.770506
-0.690520
6.858084
6.085979
0.293964
-1.768997
-0.603937
0.165508
0.455081
-18.690136
-13.575698
0.000000
0.785611
-0.745608
-2.023786
-5.470322
6.211754
3.897952
-0.007774
-1.795252
-3.905393
-2.978993
4.316421
2.621375
-0.401650
-0.233926
1.232402
2.104173
4.040911
0.008563
-18.968620
0.000000
6.896619
-0.248666
-1.976886
-1.595088
4.443777
1.918860
-1.732715
-5.933493
-5.539219
-5.329093
5.616811
8.835842
1.619449
-0.144176
-1.019628
0.868592
3.521308
-3.195585
-19.874908
0.000000
12.774432
5.513919
-2.410245
-12.779318
6.094066
3.573003
2.754220
-0.097529
-2.069089
-1.033460
-0.424258
4.532363
-0.749870
-0.895045
-0.077728
1.405974
3.350245
-0.230349
-18.621899
0.000000
7.804613
-1.249485
-2.570196
-2.193310
4.535924
2.207817
0.226609
-5.178236
-5.813706
-6.432821
3.968633
8.254089
1.139641
-1.171936
-2.305878
-0.152932
-0.803250
-1.578906
-19.911694
0.000000
4.039774
-2.395884
-2.406708
-2.941882
3.948637
3.136439
2.175010
-0.834182
-2.319547
-1.074690
4.272497
0.589409
-1.091992
-1.107998
-0.607809
1.616729
4.261890
-19.811996
-9.945745
0.000000
9.476449
4.791817
-2.678620
-12.506825
7.731537
4.055138
1.388643
-0.992727
-5.796792
-6.197905
4.038007
6.907806
0.466258
-0.700073
-1.660958
-0.476808
0.583097
-0.577690
-22.828457
0.000000
3.749833
5.808252
-2.753104
-2.493120
3.550654
1.783392
1.201495
-3.990867
-6.100643
-5.803473
5.409693
7.339720
0.614624
-1.660399
-2.380631
0.241644
-1.235235
-1.596787
-21.561661
0.000000
8.179304
-0.939694
-2.456614
-2.458687
4.925444
3.474297
0.563667
-1.210060
-3.753273
-6.032806
4.243203
4.819576
-0.868773
-1.347129
-2.535765
0.433417
1.475629
0.671746
-19.112370
0.000000
8.512475
7.262738
-2.516566
-1.693061
5.206048
3.642182
1.235763
-3.491714
-6.073679
-5.474578
-0.181684
6.769049
2.177184
-1.397400
-2.537456
0.753682
0.064343
0.277087
-21.451410
0.000000
13.930338
5.788342
-2.014896
-18.288473
3.794076
7.191830
4.570681
2.179676
-1.589224
-2.413252
2.834665
-1.524627
-1.768620
-1.144718
-0.606114
1.258329
2.414666
-18.468891
-17.892853
0.000000
8.343784
8.959095
-2.815220
-2.698442
6.605474
2.969746
-0.526822
-2.608903
-6.450320
-6.592169
-1.336810
6.697267
1.783974
0.480552
-0.440562
0.858157
-1.308005
0.530293
-23.700001
0.000000
7.292595
10.902815
-2.492921
-5.921826
6.671806
4.966770
0.288177
-1.785803
-3.233369
-6.797229
-2.265932
2.649891
0.160360
0.753481
1.951992
2.511090
2.159151
-23.609758
-21.174284
0.000000
7.867134
8.096630
-2.621544
-16.124416
8.594211
4.570444
-1.089756
-4.338524
-6.192726
-6.521804
2.827434
7.032526
1.578879
1.381989
0.629791
0.688394
1.717506
0.424054
-23.700001
0.000000
0.736883
-2.138061
-2.928985
-2.906409
7.399107
2.421538
-3.179213
-7.177570
-6.612354
-6.627965
1.277851
7.675713
1.928998
-0.735170
-1.478158
1.004451
1.075242
-7.358916
-19.519932
0.000000
9.629282
1.819957
-2.199331
-14.899943
8.429699
6.074490
2.926880
-1.319895
-5.389457
-4.800735
4.276252
6.628757
0.502489
-0.538219
-1.601618
-0.568206
2.378142
1.923669
-22.238026
0.000000
5.713564
-1.935172
-2.892004
-2.600174
5.554621
2.186366
-0.274250
-5.997956
-7.052207
-4.769624
4.624048
8.232970
2.412911
-0.572319
-1.527656
-0.403063
-1.802077
0.281438
-19.614225
0.000000
7.387696
-2.510082
-2.543975
-13.085947
10.334500
7.994129
5.025525
0.356057
-4.823721
-4.473930
3.613534
6.846202
0.989498
-1.317009
-2.388682
-1.283235
2.387607
1.695303
-21.719061
0.000000
7.651013
0.248518
-2.718425
-2.682466
6.073712
3.518219
0.551705
-2.640920
-7.303281
-5.384389
0.174471
7.342428
2.990231
0.150820
-0.869302
0.334080
2.492725
1.652716
-21.043409
0.000000
8.606852
6.540576
-2.445734
-7.569865
6.949327
6.240559
2.161356
-0.183050
-3.798856
-5.358998
2.111406
6.689882
1.425561
-0.038499
-0.409446
-0.783302
3.167439
1.608434
-21.875107
0.000000
6.234378
1.587681
-2.946076
-2.936556
7.643188
3.837339
0.835018
-3.474624
-7.238076
-5.918350
-1.613662
7.698478
3.342555
0.642846
-0.224865
-0.284184
2.086252
-0.261729
-21.284315
0.000000
6.311671
1.287545
-2.654654
-4.611228
6.163587
6.190221
1.698454
-0.999547
-4.879712
-5.516435
-1.815241
5.789976
0.557880
0.257549
0.566926
0.640843
0.578608
-19.603901
-18.326748
0.000000
6.989131
8.647984
-2.612404
-2.647069
6.970719
4.111500
0.221673
-4.157224
-6.631332
-5.343002
-1.082966
6.556248
4.001233
0.983471
0.364557
1.163716
-0.304599
2.896472
-22.567072
0.000000
6.593607
10.366337
-2.418961
-2.549837
6.887628
5.245851
0.896790
-3.095570
-6.473675
-4.602931
-0.508373
6.319326
3.679417
0.613799
0.038728
0.068917
2.845686
2.987928
-22.176142
0.000000
6.500079
3.274711
-2.603733
-2.590637
7.283858
7.211713
1.263308
-2.573696
-7.433913
-5.389773
-1.534116
6.811833
5.211722
1.422747
0.475020
0.094337
2.397872
1.140834
-21.602367
0.000000
6.212367
3.192223
-2.735927
-2.835540
5.498497
6.723674
0.636978
-2.021315
-7.245389
-5.180511
-1.405799
6.642142
5.435329
1.571956
1.039330
0.002072
2.660860
3.349649
-21.101429
0.000000
5.771040
4.052031
-2.625395
-2.774215
7.857936
6.980061
-0.293079
-3.337617
-8.078023
-5.359818
-1.151839
6.838892
5.638164
1.697986
1.025001
0.845734
3.214283
3.844771
-20.772179
0.000000
5.374115
0.045293
-2.661817
-2.791827
7.288906
5.736160
-0.854786
-4.887833
-7.958667
-4.930260
0.442913
7.587569
5.695578
1.506616
0.761220
0.752914
2.733885
3.651018
-20.825094
0.000000
7.429958
0.860135
-2.492631
-2.645963
7.599304
6.293362
0.824846
-3.649801
-8.577691
-5.857874
-1.524451
6.989723
6.128784
2.269318
1.338587
0.792373
2.867926
3.931837
-20.832664
0.000000
5.785480
3.131097
-2.628546
-2.639354
6.239201
6.113216
-0.006319
-5.613359
-7.845160
-5.601053
-1.319648
5.547072
5.861744
1.788356
1.107188
0.675528
2.881069
3.927330
-21.638525
0.000000
6.821025
1.087346
-2.637675
-2.770936
6.885102
6.627908
-0.084286
-5.466598
-8.869468
-6.130846
-1.488118
6.799978
7.717360
3.475467
2.108872
1.178396
3.597163
3.731840
-21.766827
-21.327625
0.000000
-0.017309
-2.171203
-3.015578
-2.965397
6.007524
0.543732
-6.752453
-6.244605
-5.609949
-3.604682
5.171596
5.864715
3.116990
2.156914
1.907621
1.914064
0.938363
-21.180023
-22.254314
0.000000
-1.304973
-2.197296
-2.843429
-2.424530
3.234658
-1.903969
-5.903679
-4.406869
-3.837449
0.500110
7.312772
6.520343
0.726703
-0.977793
-1.246090
1.256968
2.628824
-19.196375
-17.879385
0.000000
8.657236
9.771811
-7.619958
-2.330798
4.288375
1.136731
-1.428757
-6.096418
-4.475934
-0.789321
5.868933
5.273938
-0.113082
-1.325739
-0.302829
1.932099
1.261387
-20.097805
-17.616367
0.000000
8.626424
-2.365173
-2.411455
-5.523216
6.536659
2.854833
0.615419
-3.955049
-5.183048
-2.584534
5.028522
4.726608
-0.460927
-1.448607
-0.843398
1.049971
-0.058533
-20.025284
-21.944986
0.000000
4.592060
-1.822522
-2.554369
-2.351265
4.437132
1.997584
0.676137
-4.884354
-5.537034
-3.694529
5.265109
5.131839
0.029891
-1.027523
-0.826635
1.923822
2.014592
-21.422634
-20.087759
0.000000
11.551172
3.309844
-2.546425
-7.978303
7.656233
4.138372
1.071015
-1.501721
-2.913198
-1.893389
4.205975
2.318867
-0.921178
-0.154113
0.058409
1.441098
0.575904
-19.712566
-20.885927
0.000000
5.726912
7.885693
-2.519683
-2.483530
5.644033
1.071670
-4.061198
-6.295663
-6.660609
-5.302532
0.827281
5.564808
0.947123
-0.359290
-0.885923
1.281873
1.499485
-4.217810
-23.700001
0.000000
4.196247
4.701557
-2.223830
-2.304285
4.272062
4.224737
0.820998
-2.257632
-3.786869
-5.726408
3.980656
4.579047
-0.922611
-0.467556
0.336313
1.726218
0.479401
-20.477921
-20.219294
0.000000
6.219064
9.073958
-2.156942
-1.590986
5.438856
2.256961
-0.421566
-5.292963
-6.767804
-6.705739
4.684299
7.230129
0.483372
-1.739185
-1.892123
0.857707
1.379712
-1.179533
-22.526863
0.000000
6.419318
1.949528
-3.434966
-15.878082
5.989422
6.367524
3.681012
0.428988
-4.706549
-5.233423
4.463408
4.632774
-1.583156
-2.885821
-3.241340
1.127455
0.471180
2.485342
-1.590505
0.000000
9.613075
0.880552
-2.254255
-1.157663
4.056571
2.476838
0.020734
-5.493308
-6.227217
-6.220481
4.761506
7.309533
0.353613
-1.878028
-2.501966
0.449076
0.894744
-1.385317
-20.086798
0.000000
4.174156
-1.691034
-2.261559
-17.543730
5.531987
6.810562
5.093738
1.029575
-2.315791
-1.377719
4.114857
-1.343267
-2.122421
-1.457726
-1.558480
0.272698
5.320456
-18.807589
-16.194048
0.000000
4.738529
-0.059314
-2.284489
-11.835749
10.229919
6.811201
3.312538
-1.095642
-5.565844
-6.342649
3.599034
6.514177
0.489335
0.060145
-0.786870
0.382752
1.213798
2.093338
-22.923973
0.000000
6.693379
0.951068
-2.666570
-2.490061
5.383979
2.444673
0.506473
-3.971688
-6.031127
-4.850593
5.277215
7.320795
0.690387
-0.656306
-1.957233
-0.222401
0.666973
-0.912544
-20.258728
0.000000
5.978084
-1.603113
-2.670165
-7.701994
9.299212
5.876768
2.072098
-1.329379
-5.213007
-5.285032
4.294375
7.024898
0.776497
-0.520311
-1.458618
-0.353748
1.985821
1.427969
-22.365616
0.000000
7.111373
0.983534
-2.855199
-2.460148
5.663585
2.541254
0.659657
-5.226200
-6.698444
-5.016996
4.903347
8.702175
1.742276
-0.899846
-1.709414
-0.795472
1.657137
-0.542918
-21.933990
0.000000
5.606861
-1.826989
-2.648196
-2.588107
4.952858
3.147361
2.263555
-2.956434
-6.704680
-4.729942
4.934197
7.804046
0.895262
-1.297403
-2.330982
-0.259835
-1.439550
0.727753
-20.019777
0.000000
9.708610
-0.821894
-2.625951
-6.476106
8.358175
5.344420
1.823815
-1.947643
-6.319865
-5.259757
2.834123
7.624031
1.004622
-0.267892
-1.206487
-0.119699
1.944431
1.168151
-22.911409
0.000000
7.338950
3.874277
-2.819799
-2.772914
5.798602
2.812506
0.190980
-4.226605
-7.087234
-5.249763
0.701694
7.878784
2.113067
0.568466
-0.309152
0.647591
0.418117
-0.038544
-22.098167
0.000000
7.943253
2.419677
-2.626701
-2.704826
5.388235
2.714803
0.072110
-3.812867
-7.150640
-5.185436
1.364227
7.840062
1.579305
0.629928
-0.055066
0.336896
2.547998
1.058082
-20.295168
0.000000
7.220156
0.692420
-2.826290
-2.867442
6.908998
2.433485
-1.285029
-6.872714
-7.061050
-5.368432
-0.134937
8.105026
4.140603
1.596483
0.953848
0.896285
2.481605
1.188010
-21.876135
0.000000
5.861889
-2.354964
-2.716437
-2.854926
7.822878
5.022382
-1.017875
-6.347281
-7.178305
-5.367137
-0.840060
6.442183
2.882036
1.782789
1.743639
2.228379
0.960294
2.789049
-21.857193
0.000000
5.504862
6.816268
-2.772396
-2.844685
7.888956
3.780776
-1.893808
-6.003935
-6.752828
-6.170012
-1.256895
7.006316
5.017009
1.995495
1.252935
1.201261
1.707538
2.447332
-20.184942
0.000000
4.543421
3.071729
-2.706230
-2.793778
10.265448
6.139399
-1.027147
-7.134955
-5.756216
-5.384884
-1.350826
5.860026
2.129279
0.801402
0.040134
0.047917
5.474486
0.199455
-23.700001
0.000000
4.241644
4.443369
-2.453717
-4.404482
10.267523
3.011698
-1.686151
-7.033679
-6.291029
-6.097339
1.400619
6.448872
2.180978
-0.483162
-0.358523
0.895435
1.355220
-17.199377
-14.933604
0.000000
7.706675
10.319733
-11.512029
-15.172283
6.414533
4.917038
-0.070240
-5.173012
-4.817968
-3.545889
-0.023940
5.920732
1.082175
-1.760292
-1.736623
0.029796
-0.067482
-1.251522
-21.538326
0.000000
8.938115
-1.580135
-2.177930
-18.235895
4.585448
5.949170
3.483104
-0.188230
-3.436567
-5.044675
3.745746
5.020286
-0.828247
-1.806998
-2.111268
-0.156717
3.412469
3.028668
-18.675282
0.000000
8.891935
5.381725
-2.543559
-10.236568
7.183687
5.058357
1.952890
-0.880642
-5.689008
-5.925531
-2.012886
6.001919
2.988301
-0.158209
-0.711890
-0.045619
2.019134
0.508042
-21.162386
0.000000
7.761587
-2.668100
-2.269333
-18.954969
6.446934
6.914669
2.658487
-1.588928
-4.097183
-5.572530
-2.882209
4.832570
0.003803
0.006709
1.925799
2.476253
1.319160
2.520701
-4.409849
0.000000
7.511104
7.395189
-2.810567
-2.694110
7.421201
7.399159
1.313908
-2.056723
-6.483506
-5.910538
-0.982299
6.975812
5.270841
1.760322
1.134709
0.213899
2.776943
1.784536
-22.276917
0.000000
5.717244
5.523939
-2.739542
-2.884107
7.190329
6.999413
0.265987
-1.530351
-7.681323
-5.418220
0.263306
7.122783
5.094349
1.508996
1.143038
0.196760
3.070191
3.262611
-3.735657
0.000000
5.207620
-0.739327
-2.810757
-2.846143
9.984813
7.132697
-0.092074
-5.250219
-7.395576
-5.523337
-2.049133
7.109563
6.062518
2.216679
1.189083
0.112592
2.616422
1.929818
-22.002026
0.000000
6.771682
1.749640
-2.805501
-2.905853
4.647865
6.765786
0.036785
-2.276060
-7.352960
-5.183663
-2.157858
6.215352
5.404101
1.916412
1.810101
0.636025
3.104281
2.902788
-5.271075
0.000000
4.360993
-0.280339
-2.757257
-2.859403
10.234981
8.111430
-0.708464
-6.150372
-7.051121
-5.308438
-2.122596
6.932144
6.055793
2.450347
1.789669
0.401964
2.803594
2.426016
-22.057720
0.000000
4.755658
-1.090330
-2.769342
-2.897602
7.830609
6.160325
-0.367807
-4.331289
-7.922617
-5.112543
0.059747
7.470461
5.746567
1.745453
1.185357
1.154182
3.186512
5.147488
-21.125965
0.000000
7.018788
0.558068
-2.577213
-2.754119
8.123100
6.528649
0.102055
-4.554325
-8.558739
-5.904373
-1.623225
6.857079
7.900364
2.814739
1.790428
0.547818
2.693273
4.249636
-20.393330
-19.186825
0.000000
2.487478
-2.377028
-2.610155
-2.698393
2.377984
0.385510
-4.617568
-9.244689
-7.632841
-4.398740
5.777277
7.876980
2.813261
1.925730
0.874619
2.874270
2.943105
-20.845387
-21.504181
0.000000
-1.742151
-2.058404
-2.989082
-2.935091
4.736713
-0.058929
-2.906747
-5.740795
-4.814245
-3.333720
5.659492
6.369699
1.729659
1.420633
0.767870
3.061466
3.895598
-21.915247
-22.016319
0.000000
5.067406
5.233017
-2.875857
-2.884234
6.838223
0.151888
-4.641913
-6.621036
-5.112834
-2.065520
5.793288
6.234634
2.111220
1.790429
1.052939
1.730316
1.677161
-23.249269
-22.011112
0.000000
0.521420
-0.360320
-2.964373
-2.998354
6.616322
1.537451
-6.083521
-6.633204
-5.773559
-5.167415
5.105859
5.788103
2.264558
1.632125
0.870173
2.814152
3.066866
-3.536259
-21.487040
0.000000
4.853987
-2.549939
-2.786903
-2.766707
4.620182
0.027342
-2.582196
-6.662321
-4.771881
-0.509210
6.429206
6.366034
2.028104
1.920554
0.591452
2.535971
3.841583
-23.435364
-20.834671
0.000000
-1.030849
-2.066618
-2.949008
-2.926641
6.202747
1.041674
-3.429451
-6.178846
-5.545740
-4.271132
4.658172
5.439342
2.191533
2.428929
0.751878
2.527657
2.993915
-22.147964
-20.302637
0.000000
3.760866
-1.913638
-2.938539
-2.908497
4.193180
0.474279
-2.660420
-5.385692
-4.483047
-3.856806
5.645813
8.474462
2.201149
1.941175
0.683242
2.048597
5.797550
-22.445904
-20.437189
0.000000
5.689751
-2.377710
-2.874024
-2.816868
6.700556
1.039907
-4.193055
-7.308152
-5.271788
-3.748305
5.955061
8.485858
2.118474
1.712082
1.298057
1.720164
3.841306
-20.303696
-19.478132
0.000000
1.542359
-1.581016
-2.903543
-2.786920
4.022931
0.966243
-4.258060
-5.893147
-4.431467
-3.141125
6.271138
8.493928
1.409092
-0.618820
-1.137294
1.157506
4.444613
-21.814163
-19.414629
0.000000
7.064829
-2.423020
-2.457994
-2.266989
6.234062
2.349195
-0.364918
-4.222032
-5.859499
-6.058099
4.888586
7.677874
1.076051
0.905159
0.614335
0.482750
2.710048
-21.503311
-19.581005
0.000000
4.582572
-1.050373
-2.688565
-2.237624
4.928678
1.992996
-3.087418
-7.226336
-5.804772
-5.479300
4.981108
9.630792
2.029970
0.175367
-0.596745
0.552245
2.795342
-23.066072
-20.267221
0.000000
1.102464
-1.879488
-2.448096
-2.553236
4.310243
1.952335
0.040229
-6.251247
-6.513095
-5.003289
4.713293
8.531013
0.971520
1.072362
0.463166
1.323472
3.293707
-2.011076
-20.222586
0.000000
0.401348
-1.769035
-2.616845
-9.207537
8.525634
4.247958
1.308091
-3.151847
-5.486664
-6.186248
4.671430
7.685816
1.328891
1.338912
0.770957
1.620956
5.505812
-3.176455
-19.209955
0.000000
0.689023
-1.802321
-2.831369
-2.643876
6.531950
2.013930
-2.561985
-7.057645
-5.671688
-5.489793
4.325071
8.969502
2.502545
0.936389
0.015144
0.893985
3.672637
-22.750080
-20.038105
0.000000
1.237226
-2.362386
-2.586552
-2.615061
4.803235
1.866790
0.979455
-7.338343
-6.910021
-5.371514
4.941152
8.478603
2.068779
0.699495
0.678771
1.794173
5.520909
-2.520935
-19.811317
0.000000
1.882234
-1.494471
-2.608872
-2.482780
6.256317
3.045164
-0.317859
-5.672151
-6.088769
-5.093172
4.642484
7.941012
1.769542
0.863851
0.784355
1.045016
4.919631
-1.802331
-19.112682
0.000000
4.051141
-1.490308
-2.643060
-2.332978
6.361287
2.609326
-1.893276
-6.871838
-5.862143
-5.040320
2.824415
8.480368
2.009569
0.222844
-0.091046
0.979805
4.027266
-21.069654
-18.071354
0.000000
1.415305
-2.003672
-2.270582
-11.279596
1.444191
8.453030
4.525090
-0.494371
-4.565385
-4.737059
3.849276
7.134413
0.839149
-0.139655
-0.275127
0.599195
5.840477
0.769035
-18.637054
0.000000
6.136642
-1.166893
-2.597093
-2.092336
6.221767
2.392533
-1.732896
-6.625688
-5.646470
-4.650705
5.108837
8.172623
1.663753
0.188546
-0.070737
0.955514
3.834563
-22.769375
-19.713160
0.000000
1.132778
-2.343177
-2.387016
-10.145504
6.558843
7.101898
2.391241
-0.915451
-4.482303
-4.168089
4.700241
6.821682
0.719387
-0.076938
0.261006
0.980479
6.415885
1.009569
-18.638390
0.000000
3.050694
-0.821426
-2.709269
-2.117877
5.608214
2.529292
-1.648502
-6.709760
-6.048026
-4.991395
2.938469
8.303215
2.434840
-0.417429
-0.984461
0.614755
2.004010
-21.676283
-16.393618
0.000000
1.602106
-1.055701
-1.961740
-12.905133
4.105430
12.408452
7.442164
1.581438
-4.379511
-4.409456
-0.370553
5.353308
2.953219
0.175438
0.231273
0.520765
5.833206
-2.015100
-18.919785
0.000000
6.606952
0.711761
-2.353389
-3.641587
4.402173
6.370383
1.959815
-4.863722
-4.393690
-3.558039
4.286527
7.078147
1.571392
0.111513
0.149262
0.145241
4.140714
-3.857656
-18.841301
0.000000
0.663927
-0.671125
-2.434687
-1.683709
1.201035
4.358980
-0.036731
-6.164653
-5.885911
-2.004014
4.964310
8.317653
1.972189
-0.606023
-0.254634
0.006202
4.335330
-20.139975
-17.187311
0.000000
1.516782
0.361872
-2.197741
0.167323
-1.454729
5.849321
3.611856
-2.701870
-4.894779
-2.922465
2.935917
7.191762
1.620178
-1.956218
-2.498313
0.316559
5.080806
-19.763119
-16.764687
0.000000
0.998792
0.399778
-1.914621
-11.904384
1.606083
7.868810
6.525806
2.631716
-3.170031
-4.399498
3.413728
6.053100
0.032422
-1.767664
-1.059529
0.716352
4.586762
2.366412
-18.703964
0.000000
3.857019
-0.450209
-2.460469
-6.497856
4.340039
3.980368
2.092371
-1.159906
-5.432100
-5.323115
4.340115
7.456275
1.501166
-0.925082
-1.807073
-0.324607
4.083785
1.343033
-19.627844
0.000000
5.393730
-0.438771
-2.372135
-13.257840
10.622689
8.780797
5.609966
1.409800
-3.523198
-4.662452
3.597708
6.262265
0.834790
-0.715188
-0.199932
0.603915
3.202503
3.707602
-10.705471
0.000000
6.300252
-0.619555
-2.723547
-1.916363
6.868358
4.244288
0.260633
-3.943764
-7.023195
-4.794487
1.691646
8.095436
5.639691
0.481170
-1.126642
-0.215350
1.800812
2.460187
-20.090811
0.000000
2.069195
1.196317
-1.974767
-2.224467
4.981403
8.528653
2.696984
-1.474021
-7.450323
-5.706371
-2.245693
5.192374
3.299098
0.165788
0.628149
1.520485
4.404868
5.302051
-19.909130
0.000000
7.947598
1.876586
-2.407673
-2.306412
4.713061
6.114574
0.845691
-0.911072
-5.979390
-5.190057
3.258309
7.365219
2.830463
0.777652
0.585837
0.489020
3.887496
6.385457
-19.353628
0.000000
1.831176
-0.635908
-2.867354
-2.655154
8.066461
4.312951
-0.867256
-5.678222
-7.380572
-4.936657
1.171246
8.115455
6.253158
1.689672
0.399395
0.155957
2.072647
3.148285
-20.531494
0.000000
5.454406
0.536494
-2.324427
-2.368429
3.774095
7.012679
0.974144
-2.447976
-7.123681
-5.892629
-0.127047
5.911212
4.953319
0.693966
0.761830
0.466092
2.122441
4.747423
-19.515841
0.000000
7.493968
-0.634059
-2.414818
-2.503302
-0.102907
8.601996
3.483095
-0.877349
-4.830966
-3.992210
0.031629
6.118283
4.092635
0.411432
0.116089
0.229298
3.144572
3.829900
-19.356258
0.000000
3.565490
-0.866350
-2.568186
-2.499670
3.278697
7.336231
1.771770
-4.127371
-5.219188
-3.957792
1.752825
6.640241
2.958268
0.649226
0.457861
1.006887
3.211366
4.179361
-19.661032
0.000000
1.768593
-0.729523
-2.483217
-2.239959
-11.195337
6.311906
4.008102
-0.282788
-3.433511
-3.290280
1.183272
6.095514
3.821383
-0.031365
-0.498925
0.982747
5.067073
5.365152
-18.768047
-16.846371
0.000000
0.075152
-1.299920
-1.567942
-3.941171
3.286046
1.466789
-1.440822
-5.395879
-4.254895
0.158423
5.873812
4.737866
0.150131
-0.768953
0.453371
2.961125
4.902151
-18.970966
-18.433264
0.000000
0.249685
-1.611291
-2.240474
-11.070448
5.408191
3.682352
0.704547
-3.787838
-4.371641
1.519953
5.796760
3.101915
-0.115752
-0.574575
0.926544
3.028731
5.687244
-20.733059
-18.537615
0.000000
0.462300
-1.898355
-2.290526
-9.069258
5.788143
2.790457
0.683170
-3.158872
-4.232252
1.906920
6.220535
3.397459
-0.253603
-0.128620
0.443368
2.598489
4.804341
-12.903584
-17.824741
0.000000
0.224136
-0.859820
-2.511811
-2.070179
3.162008
1.456767
0.913271
-6.615687
-5.495111
-1.695639
6.441871
6.718745
0.742497
-0.548812
-0.985285
1.811937
2.695687
-23.005138
-19.541677
0.000000
0.858321
-1.601321
-2.426218
-12.394347
8.888781
5.666169
1.911638
-3.289934
-5.241299
-3.522033
5.179267
4.802045
-0.264917
-0.035762
1.094064
1.495664
3.648746
-2.436177
-19.744934
0.000000
-0.700932
-1.539604
-2.380556
-13.575361
6.263696
3.440713
0.948485
-2.113369
-4.840775
0.592447
5.330118
3.034436
-0.222054
-0.392467
1.056615
2.183414
5.113840
-3.793055
-18.790319
0.000000
6.029104
-0.997288
-2.440886
-2.033136
4.262943
1.673706
0.541736
-4.904430
-4.974227
-4.285358
5.584503
8.031416
1.167394
-0.037673
-1.721414
1.300013
4.660687
-6.757941
-19.700565
0.000000
2.815242
-2.255475
-2.536272
-2.381017
4.657461
2.194821
1.073298
-4.171463
-5.980396
-5.526658
5.239576
7.506903
0.502695
0.527135
0.392768
1.591045
2.863088
-0.265854
-19.293844
0.000000
-0.191683
-1.312698
-2.447659
-5.912062
5.155581
3.706619
1.876435
-1.818542
-4.873386
-5.878882
4.891968
7.761001
0.684795
-0.694324
-1.386664
0.302547
4.173718
-4.465980
-19.402956
0.000000
1.175394
-2.414917
-2.458729
-13.082820
2.589691
7.365769
4.879316
0.943172
-2.712147
-0.777205
4.144502
5.028008
-0.734662
-1.459239
-0.722769
0.796502
6.489114
0.027248
-18.077000
0.000000
8.201383
-0.722936
-2.578945
-2.601256
4.544547
2.280121
0.539436
-2.890178
-5.712300
-5.467058
5.465041
7.625930
0.599257
-1.506646
-2.840775
-0.072209
0.804911
-1.871443
-19.717331
0.000000
1.085755
-0.735683
-2.433223
-14.672815
8.821954
6.359192
2.712627
-0.902594
-4.753222
-5.525673
4.363346
6.358006
-0.053972
-0.756164
-1.540069
0.424178
2.575542
-20.081961
-21.888105
0.000000
5.848006
-2.099759
-2.640396
-13.819077
6.933711
3.994395
1.953781
-1.828993
-5.527166
-5.359483
4.151315
6.493768
0.581250
-0.120273
-0.934836
1.256772
4.657764
-20.677092
-20.513712
0.000000
9.379091
11.961650
-2.586634
-2.630464
7.114898
3.653892
-0.510070
-2.878403
-4.259398
-5.815568
3.942279
5.827745
0.444979
-0.251359
-0.801248
0.728502
1.206822
-19.314350
-20.571301
0.000000
5.236742
7.233903
-2.417913
-2.047655
5.119266
1.782554
-2.317575
-6.156603
-6.962317
-5.881225
1.976953
8.098137
1.870971
-0.868751
-1.319675
0.636271
2.708498
-4.699186
-20.175760
0.000000
8.515932
0.073973
-2.154151
-18.317045
6.434350
6.410995
3.466819
-0.657036
-4.835279
-4.023538
4.135221
5.557605
-0.445985
-0.634700
-2.152890
-0.134778
0.847495
0.421040
-20.756956
0.000000
6.082615
0.147657
-2.627723
-1.837478
5.613231
2.017898
0.238018
-5.462695
-6.718763
-5.195810
3.773699
8.586851
1.793810
-0.901212
-1.975886
-0.272695
1.690330
0.096229
-19.780016
0.000000
5.235610
-2.229857
-2.370477
-15.798984
1.405066
7.240949
5.715638
2.769613
-0.657736
-1.161827
4.725082
-0.280935
-2.062212
-2.429930
-2.265208
-2.971628
6.136499
-21.079651
-17.654308
0.000000
5.112359
0.179247
-2.405695
-12.232436
10.559639
8.184502
4.406199
-0.833831
-6.261677
-6.215602
-0.469966
7.266939
1.082938
0.737709
0.098977
0.000095
1.092456
1.891675
-23.284338
0.000000
1.798337
3.223533
-2.935196
-2.872149
3.748285
1.847372
-1.477524
-7.796906
-7.582660
-4.633918
5.741998
8.835771
2.262793
-0.217275
-1.293444
1.058713
2.743996
-22.528103
-19.691658
0.000000
5.548584
-0.597092
-2.331628
-2.417651
6.236871
4.191121
0.040251
-3.142959
-6.811543
-5.448983
0.374769
7.155788
1.876510
1.565004
0.718823
0.617128
1.223024
2.366777
-21.738810
0.000000
4.851036
-1.028228
-2.692612
-2.406553
9.337446
3.721569
0.990452
-6.743258
-7.038331
-4.415834
5.133204
8.768589
2.799727
0.260560
0.188180
0.643279
3.791728
-0.568952
-19.284294
0.000000
2.235026
0.772720
-2.506819
-2.582806
5.232557
3.150820
-0.391753
-6.253180
-7.787762
-5.398872
0.419192
7.695321
4.877925
1.365619
0.341461
0.555008
2.494921
1.695829
-20.415255
0.000000
3.542441
-0.697188
-2.486412
-2.569253
6.523710
4.959141
1.461329
-3.425764
-6.820626
-4.650623
0.542196
7.099374
3.868592
0.827765
0.403284
0.865474
2.833787
2.111611
-20.798288
0.000000
5.795604
-0.983811
-2.628430
-2.733403
7.336110
4.723906
-0.833676
-6.269950
-7.345838
-5.259024
-0.187371
7.118325
4.735485
1.872487
1.364038
1.151517
2.459363
2.116262
-20.918816
0.000000
5.017170
-1.138003
-2.611404
-2.685512
4.896220
4.878219
-0.373039
-6.598029
-5.657216
-4.473910
0.701914
7.147817
3.757866
2.123415
0.784420
1.415035
3.279327
1.857681
-20.536489
0.000000
0.620065
-1.612441
-2.644731
-2.628531
7.525522
4.458455
-2.499141
-6.511818
-6.715245
-5.464697
5.065980
8.004720
2.740376
1.541955
0.813639
0.557734
4.160655
0.008537
-19.413248
0.000000
0.014745
-0.980613
-2.699527
-2.461779
7.870647
3.168810
-0.947817
-6.477319
-6.983292
-5.627725
2.694005
8.184535
3.159256
0.394904
-0.034375
0.395792
1.660762
-7.918905
-19.241091
0.000000
1.419195
0.314797
-2.303301
-2.310303
3.355424
5.204165
0.286487
-2.163346
-6.818604
-6.039338
1.680404
7.150225
4.669711
0.535731
0.422258
0.067979
3.102008
2.330250
-19.095898
0.000000
0.807062
-0.072676
-2.521273
-2.584129
4.786111
4.389103
1.173213
-4.473196
-7.482615
-5.021369
1.650009
7.813310
5.349539
0.540867
-0.327270
-0.059767
1.908766
-0.499674
-20.048590
0.000000
1.422294
1.159803
-2.128621
-2.243920
3.225709
5.932507
0.266559
-2.809474
-8.001457
-5.941322
-0.908129
6.627645
5.133475
1.093603
0.845773
0.453317
2.853942
3.515428
-20.014580
0.000000
4.360644
-0.998145
-2.539668
-2.577769
3.754299
5.605811
1.133916
-1.919454
-6.758565
-5.687814
4.010212
7.748783
3.127264
0.608884
0.215269
-0.015055
3.661725
5.174479
-18.818686
0.000000
1.905336
-0.253308
-2.713653
-2.688958
5.735484
3.750775
0.513483
-4.501594
-7.335428
-4.864607
2.013101
8.241553
5.821989
0.901153
-0.229389
-0.255030
1.984965
1.307174
-20.492300
0.000000
1.451919
1.113713
-2.065877
-2.216836
3.836945
6.706141
0.948865
-2.906475
-8.219733
-6.047267
-2.024723
6.401957
5.258725
1.319112
1.154319
0.290037
2.192136
4.183851
-20.495876
0.000000
5.011628
-1.246199
-2.549234
-2.576797
5.408970
6.555822
0.726929
-2.719710
-6.457110
-4.610885
3.877962
7.586496
3.342878
0.986760
0.878210
1.205965
2.834053
5.206593
-19.367294
-18.961535
0.000000
-0.324528
-1.681342
-2.454218
-2.419273
3.893176
0.961475
-5.019424
-6.616655
-4.402764
0.193541
7.047052
6.626760
1.319486
0.227463
-0.183824
2.156211
4.359941
-20.266758
-18.259054
0.000000
-0.117497
-1.975355
-2.525335
-2.373229
3.102870
1.062468
-1.412727
-7.202758
-5.561754
1.245823
7.417654
6.327649
0.939581
0.393653
0.445757
2.882758
5.250486
-19.489273
-17.639544
0.000000
0.390997
-1.729881
-2.737009
-2.569018
2.995097
1.547248
-1.947694
-8.152689
-6.203821
-1.390114
7.067142
7.431983
1.767046
0.149460
-0.341932
1.685886
4.074526
-20.581057
-18.995726
0.000000
1.134742
-2.156943
-2.422949
-2.600263
3.367029
0.481810
-1.850900
-8.979564
-6.530959
-3.753731
5.105304
6.937607
1.769257
1.357985
0.432288
1.692852
6.067273
-21.308697
-20.364449
0.000000
0.763731
-1.718494
-2.694941
-2.740591
4.180858
1.707071
-1.892305
-5.747769
-5.168273
-2.221370
5.700101
5.636442
1.735510
0.755146
0.526923
3.312772
4.904282
-20.424688
-19.599339
0.000000
-0.292784
-1.875824
-2.836957
-2.732350
4.068123
0.002899
-4.213131
-7.808488
-5.484218
-0.214811
7.200080
7.097171
1.998272
1.284382
0.386325
2.711612
5.832044
-20.147839
-18.154755
0.000000
2.006638
-2.595265
-2.697853
-2.670049
5.862368
1.029960
-3.518812
-7.346369
-4.920404
-2.464787
6.343706
6.977309
1.801478
1.177538
0.208839
2.006147
4.511769
-22.599525
-19.973705
0.000000
5.263433
-2.645486
-2.781518
-2.815360
6.277098
1.461338
-1.089277
-8.852196
-6.648990
-5.376856
5.640862
9.266073
2.461967
1.447804
1.222771
1.884666
3.893130
-20.260094
-19.300444
0.000000
6.115649
-1.576297
-2.932005
-2.962070
5.386908
1.110593
-4.065249
-6.929623
-5.399769
-4.741214
5.680551
9.455522
2.305204
1.130889
0.752871
1.116627
3.911167
-21.768055
-23.700001
0.000000
1.600892
3.484345
-2.917686
-2.982378
7.012944
0.469750
-1.815698
-6.718302
-7.114708
-5.033368
5.317570
7.589186
2.158950
2.219340
2.266570
2.072794
1.891881
-22.586891
-5.505463
0.000000
1.490111
-0.640644
-3.086923
-2.942172
6.435167
1.421406
-5.479244
-7.333535
-6.056504
-5.511349
1.205575
8.397160
2.534912
1.198711
0.199973
1.314272
0.055793
-1.191206
-20.772242
0.000000
7.736768
0.688473
-2.576516
-2.529910
4.358675
1.416238
-0.634123
-6.629118
-4.892495
-4.060294
5.861326
7.940330
1.008880
-0.294561
-0.736432
0.585828
4.191213
-6.468601
-20.327730
0.000000
9.802768
-2.300675
-2.734451
-2.712395
6.114213
1.514199
-0.388616
-5.062102
-6.590670
-5.678663
5.045559
7.905727
1.542040
1.147516
0.072962
0.218242
2.636687
-19.463213
-19.500124
0.000000
0.178875
-1.358142
-2.986021
-2.953711
3.829847
0.616567
-1.948762
-5.722158
-5.258228
-5.754345
1.921333
7.651512
1.869480
-0.429156
-0.654562
1.208245
4.923078
-21.340889
-18.067154
0.000000
11.808544
5.529831
-2.251828
-13.792930
6.592982
4.464458
0.833480
-2.521147
-5.433376
-5.439860
3.471658
6.557143
1.170573
1.114384
0.440877
0.149220
1.215481
-20.667160
-7.493772
0.000000
3.576863
-0.312229
-2.907171
-2.488386
5.387117
1.786260
-3.775773
-6.722863
-5.612072
-5.501682
1.844487
8.580163
3.436706
0.043355
-0.653944
0.513718
1.529741
-3.532758
-20.822165
0.000000
11.779223
2.860571
-2.215835
-2.383036
4.273914
3.337668
-0.093903
-2.877045
-4.514327
-5.273407
4.080367
4.205385
0.069616
0.406546
0.603477
1.389041
2.146269
-2.767966
-20.034681
0.000000
4.264295
-1.010041
-2.750404
-2.569325
6.298998
2.430772
-0.395058
-5.135467
-6.653503
-5.427480
4.802840
8.384308
2.152500
0.836032
0.126340
0.851530
2.961040
0.289497
-20.190397
0.000000
5.396791
-0.293754
-2.734870
-2.842017
5.880363
2.228896
-0.712573
-6.483153
-7.198184
-5.195656
0.654882
7.852284
4.293211
1.413656
0.469870
0.872062
0.923228
-1.865869
-21.208214
0.000000
8.566332
2.848433
-2.433331
-2.615477
6.451270
3.588870
-0.695150
-5.170066
-7.208403
-5.504148
-0.870737
6.442935
1.796823
2.305726
2.622163
1.874004
1.686747
1.375539
-20.819769
0.000000
5.859223
-1.509206
-2.884874
-2.874897
6.170936
3.234569
-0.661784
-5.983044
-5.743723
-5.665159
-1.265414
7.891398
3.374740
2.944983
1.334042
1.640690
4.470893
1.164536
-22.650715
0.000000
4.143404
-1.904424
-2.777692
-2.892623
7.037341
3.725298
-2.404572
-6.952444
-6.255523
-6.506116
-1.307490
8.020703
3.542839
3.651333
2.567802
2.904398
6.484679
1.370826
-22.878176
0.000000
1.847770
-1.873609
-3.047812
-3.104692
13.253746
6.679928
-2.806228
-7.694729
-6.091469
-6.410840
-1.570568
8.200291
4.057749
3.343745
2.347218
2.862091
6.524218
2.102500
-23.700001
0.000000
1.892599
-2.873508
-2.991539
-3.098510
12.539026
7.173831
-3.628526
-8.743929
-6.360468
-6.427424
-2.568095
7.773833
3.510155
3.221294
2.062899
1.661706
6.640666
0.579253
-23.700001
0.000000
2.856138
1.927474
-2.848757
-2.906997
13.070304
5.271821
-3.734284
-8.177702
-5.996905
-5.809310
1.203655
7.103435
4.104603
1.476569
1.343962
0.270793
-0.909086
-20.152941
-20.060764
0.000000
2.312027
0.383110
-2.617986
-2.700141
13.718756
6.006203
-4.224789
-8.394300
-6.401673
-4.785911
-0.115357
6.123355
2.323011
0.836341
0.411226
0.154647
2.640541
-0.458901
-20.597734
0.000000
5.719547
5.058751
-2.225403
-3.912531
4.879579
2.710966
0.279950
-6.172089
-5.098587
-1.684839
4.702495
5.702837
0.630034
-0.923442
-0.824672
0.993878
4.902437
-18.682268
-15.325583
0.000000
5.740567
0.743450
-1.968027
-0.994358
3.642723
3.669060
1.226635
-5.071905
-5.038654
-3.870761
3.895545
7.279319
1.319440
-1.616453
-2.122279
-0.203760
1.543519
0.617043
-19.598564
0.000000
1.566354
0.019085
-2.099196
-16.585243
7.267036
8.684050
6.663359
1.917387
-2.102746
-4.979908
2.847979
5.265494
-1.004693
-1.218980
-0.072998
1.725039
4.662148
3.225594
-19.362293
0.000000
5.928279
0.485045
-2.445896
-5.631827
5.067085
4.951956
1.704567
-1.941766
-5.854598
-4.884216
1.716538
7.443033
3.315173
-0.035928
-1.239559
-0.333784
2.835847
3.916824
-21.721663
0.000000
7.962453
0.942622
-2.427653
-16.493975
8.249403
8.826898
4.479414
1.568379
-4.552835
-4.744558
2.285971
6.615626
2.310597
-0.481906
-0.586693
0.023934
2.786337
2.548308
-2.459786
0.000000
8.816662
0.154078
-2.811422
-2.609826
5.098064
5.588091
0.614688
0.277285
-6.461493
-5.570222
0.331023
7.295496
3.591255
0.046194
-1.189103
-0.827488
2.563735
2.083280
-4.168680
0.000000
9.130032
1.201141
-2.553546
-9.149079
5.925891
9.436064
5.135678
2.675302
-2.919124
-4.990879
-1.879812
5.580091
2.199919
-0.951659
-1.729203
-0.866155
1.756941
1.770602
-8.322331
0.000000
10.432165
0.136097
-2.257518
-16.278023
7.841535
10.976789
6.226061
0.887331
-3.210109
-5.193594
-3.310532
4.796963
2.073794
0.026252
-0.126238
0.194272
1.156857
2.181092
-20.402018
0.000000
5.063591
6.761221
-2.659066
-4.138285
5.651359
5.716244
0.625000
-1.550078
-6.747291
-4.805324
3.499850
6.684042
2.510470
-0.225012
-1.183223
-0.296058
1.671919
2.940912
-19.246593
0.000000
10.655187
0.854966
-2.430266
-2.503086
5.039619
7.449178
0.981420
-0.859370
-5.344117
-5.285784
-3.334534
5.766420
6.361119
1.167445
0.577381
0.070753
0.743125
0.917479
-20.834635
-20.035915
0.000000
4.938545
-1.093716
-2.813607
-2.666678
3.241236
1.763529
-0.754419
-8.174395
-5.977217
-2.623803
6.366680
7.069613
1.298638
-0.218581
-0.370194
1.948755
4.282404
-22.060534
-19.746576
0.000000
6.592092
-1.709392
-2.505847
-2.539581
5.145525
1.736470
-1.110519
-6.209189
-6.401785
-4.052802
5.468091
4.836523
0.858410
1.951432
2.130452
2.482112
3.819293
-0.503241
-13.984228
0.000000
2.465167
-1.035980
-2.743083
-2.695227
4.594427
1.230608
-3.295556
-6.327255
-5.310942
-4.281333
6.109638
7.312837
1.889238
0.582006
-0.254524
1.665909
2.485303
-23.385679
-20.392155
0.000000
3.590751
-2.706555
-2.769109
-2.696752
4.747797
1.370485
-0.579813
-7.882470
-5.484778
-1.216165
6.251862
6.060843
1.112739
0.729401
0.523318
2.768028
4.706727
-21.689093
-18.779753
0.000000
4.476392
-1.971983
-2.612823
-2.342071
5.218144
0.493275
-2.736489
-8.102966
-5.911529
-0.830676
6.835383
7.189418
1.736252
1.010606
0.294847
2.240941
4.585650
-19.688538
-18.009962
0.000000
5.277584
-1.465581
-2.582878
-2.663338
3.930897
1.628471
-3.268507
-8.245674
-6.028888
-2.580322
3.839639
7.157850
1.836267
0.438973
-0.117324
1.556616
4.306891
-20.919489
-19.343723
0.000000
7.028925
-2.088849
-2.397210
-2.580972
3.220218
1.772614
-2.303505
-4.723403
-7.003652
-3.600145
5.553320
6.349184
1.214621
1.707805
2.141434
1.726744
5.382427
-21.128511
-20.679956
0.000000
4.401019
-0.018163
-3.032936
-3.067321
6.941294
1.911400
-3.821283
-6.247711
-5.876142
-6.294328
1.228402
7.345651
2.521273
1.843483
1.378630
3.106633
3.973693
0.240380
-22.441832
0.000000
4.744530
3.742416
-2.872265
-2.910143
8.103759
-0.279412
-4.593147
-6.707279
-4.847404
-3.121729
5.358541
7.657786
1.902223
1.599901
1.810362
1.746923
5.481406
-23.700001
-22.159859
0.000000
1.270533
-0.748665
-2.987691
-2.972076
10.880791
1.480151
-6.623585
-7.595912
-5.961731
-6.502496
1.004930
7.295109
2.191595
1.545569
0.672411
1.000266
1.485648
-1.385928
-16.968468
0.000000
6.516696
8.007687
-2.462153
-2.368871
5.708079
1.020523
-1.464095
-6.552280
-4.638464
-2.634018
5.038527
6.607069
0.303604
-0.559934
0.063478
1.676248
3.189828
-21.044983
-17.459055
0.000000
8.188427
10.308589
-2.418492
-2.276051
6.224092
2.203775
-1.838605
-5.990326
-5.115471
-5.707717
4.465145
7.486600
0.394791
-1.544594
-1.496221
0.610339
1.296979
0.017396
-19.159283
0.000000
11.546592
0.976768
-2.302870
-1.885515
4.796142
2.211948
1.160713
-2.575124
-5.292790
-3.197546
4.904372
6.622258
0.050157
-0.733564
-1.319464
0.768752
3.090050
-3.999331
-19.248892
0.000000
7.942048
-1.935555
-2.563221
-12.676364
9.041945
5.937568
3.293887
-0.190106
-4.982098
-5.412303
3.951352
6.545290
0.020309
-0.864170
-1.898597
-0.031092
2.193072
-0.872978
-19.688965
0.000000
10.596804
-1.277736
-2.646594
-2.356620
6.327703
3.412385
0.357993
-2.611739
-5.691888
-5.496378
4.617860
7.376190
1.099337
-0.320994
-1.341067
-0.284793
0.710464
0.836773
-21.133011
0.000000
7.420980
0.210130
-2.893193
-2.690336
4.308269
2.246648
0.594887
-5.489391
-6.799312
-4.914491
3.762535
8.785257
1.872757
-0.612379
-1.521015
0.132621
0.157670
-0.339444
-21.114269
0.000000
10.515162
0.350661
-2.496118
-2.522859
5.129562
3.370232
0.007930
-1.608043
-3.967997
-6.138177
-0.527474
6.752532
0.991039
-0.160308
-0.204168
1.666214
-0.966998
2.358370
-3.696551
0.000000
6.890565
-0.602900
-2.659767
-2.210505
5.016825
2.480461
-0.393913
-7.685493
-7.129249
-5.602713
5.594013
9.028438
2.021646
-1.046941
-1.858335
0.301475
2.008074
-4.779797
-19.707336
0.000000
6.618935
0.025194
-2.161501
-2.389103
4.388441
4.036221
0.221835
-2.308430
-4.726295
-5.994910
-1.638527
4.250226
0.758202
0.881005
0.845807
1.699890
2.427967
1.115292
-20.639267
0.000000
8.858467
2.307629
-2.445056
-17.787865
8.331344
5.937990
1.854791
-1.449509
-5.108863
-6.138553
3.934554
6.709340
1.205423
1.007000
0.007438
0.374069
1.425407
2.747114
-19.805162
0.000000
3.375991
-1.534359
-2.982231
-2.792058
5.098765
1.843583
-2.122816
-6.132052
-5.526798
-5.722416
1.895393
7.930975
2.722820
-0.762324
-1.963156
0.504539
2.083945
-21.642159
-18.468107
0.000000
5.971851
-0.696621
-2.078269
-14.573980
8.505718
8.793433
4.760055
-0.358907
-4.572716
-5.279114
3.187986
5.811475
0.611531
-0.191111
0.131671
0.147283
1.393000
3.000318
-3.339364
0.000000
4.447314
-0.425097
-2.514292
-2.014838
7.077600
3.207144
-2.287483
-6.886758
-6.311107
-5.435849
1.592363
7.959585
3.793431
-0.416003
-1.064913
0.310024
1.193331
0.114217
-19.740507
0.000000
9.435047
0.796332
-2.072357
-2.227432
3.187496
4.436439
1.452748
-0.894912
-3.967597
-5.169258
3.890221
2.809399
0.466487
-0.969569
-0.247747
0.252198
4.424842
-0.572488
-19.067366
0.000000
6.601158
-0.049000
-2.415300
-16.964346
6.660027
8.025289
3.167240
-0.862293
-5.365090
-5.647556
3.312233
6.452003
1.723551
0.637669
0.224322
-0.298755
2.646680
2.723904
-19.937300
0.000000
6.574099
5.644231
-2.926875
-2.593940
3.595562
2.437089
1.184256
-2.658172
-6.658784
-4.854241
4.383878
7.792416
2.207593
-0.546426
-1.437329
-0.014942
2.188945
3.137952
-19.806986
0.000000
12.312757
4.793680
-2.421055
-12.649316
10.982079
9.335276
5.070721
0.376903
-4.607500
-4.549093
-1.550348
5.857462
1.221010
-0.419753
-0.612044
-0.055432
2.477435
2.874091
-10.320983
0.000000
8.601239
2.806685
-2.550460
-2.511161
6.651152
6.099239
0.675404
-1.402103
-6.238729
-6.175038
-2.563297
6.083220
2.479807
1.118263
1.209197
1.000214
3.017142
3.602890
-22.058216
0.000000
5.209719
4.846776
-2.754415
-2.791209
4.544287
4.898184
0.381169
-4.291633
-5.417029
-4.274841
0.495590
6.602800
4.695927
1.615313
0.007930
0.048960
2.363854
3.106564
-20.503485
0.000000
4.105525
-0.689333
-2.561710
-2.597129
7.079232
6.091578
1.284932
-1.972364
-7.455762
-5.719923
-0.419034
6.739909
5.254252
1.547498
0.789205
0.615857
2.996196
4.379772
-19.747066
0.000000
5.278158
-1.012556
-2.609340
-2.602949
2.445988
5.410501
0.742263
-4.094376
-5.265209
-4.006522
1.015838
6.279761
3.738627
0.957173
-0.060534
0.247504
3.211157
3.308790
-19.432470
0.000000
4.030716
-0.552052
-2.472693
-2.317931
3.806343
8.367378
2.055175
-2.413002
-4.723888
-3.958046
3.574074
6.877783
2.505727
0.799247
0.448308
1.051333
4.594552
4.589338
-19.190523
0.000000
1.823391
-0.129151
-2.615649
-2.021348
5.158310
3.900206
-0.103345
-5.201933
-6.710162
-3.310859
4.518610
8.084165
3.297998
-0.159094
-1.469874
-0.324008
2.676305
-0.091417
-18.979601
0.000000
1.192231
0.331223
-2.263135
-2.248901
3.062140
5.882751
1.749664
1.150507
-4.863617
-5.381819
-0.181338
6.636840
2.841920
-0.221781
-0.517890
0.484712
3.000333
4.101415
-20.499615
0.000000
1.197216
-0.194174
-2.493476
-2.533730
-2.719910
7.592629
2.130159
-0.972960
-5.758894
-4.721510
2.026355
7.744105
3.466926
-0.365343
-0.368919
0.127975
4.739709
4.493373
-19.414484
0.000000
1.281803
0.889505
-2.375990
-2.409027
1.859162
5.276814
0.497355
-0.771319
-6.903863
-5.911308
-1.119969
6.586982
6.796300
1.173577
0.190410
0.314366
2.189912
4.299516
-20.258343
-18.304771
0.000000
0.304183
-1.934081
-2.573948
-8.207553
5.487468
2.796281
0.019367
-6.324505
-4.808824
-0.913284
5.482845
6.464292
0.951344
0.090248
-0.089593
2.165662
4.889008
-20.012394
-18.062296
0.000000
-0.573250
-1.921252
-2.480122
-11.895389
3.462528
7.230356
1.135931
-3.339614
-3.188706
0.117338
5.908233
5.798678
0.741513
0.367597
-0.203835
1.717719
5.471457
-19.739864
-19.324715
0.000000
-0.479527
-1.693197
-2.580629
-2.629563
3.046777
0.780171
-1.982545
-6.023898
-4.279844
0.114846
6.191445
5.298009
0.702470
0.762949
1.051846
2.431482
3.569684
-19.638346
-18.129328
0.000000
