0.005713
-0.360426
-1.268849
-0.583784
0.010139
-0.000787
-0.001105
0.018063
-0.000597
2.797672
5.764470
0.328112
0.755745
1.100381
0.334696
0.211276
0.323590
0.668653
0.062298
-0.616297
-0.931580
-0.509456
-2.031145
-3.575778
0.164308
0.824240
0.616736
0.603260
0.218817
-0.317008
-0.449999
-0.860837
1.181315
4.928296
-0.639317
-1.168668
1.275753
-0.930366
-1.752985
-1.377289
-0.427643
0.196680
-1.075185
-2.248209
-1.051682
2.241187
0.722335
1.208393
0.104094
-0.742182
-0.519644
-2.741633
-1.155106
1.989527
4.571262
4.400143
1.570382
-0.572505
-0.611008
0.408630
1.043969
2.083727
-2.177759
-2.474780
-2.277824
-0.851717
0.105751
0.332024
-0.939250
-1.186531
-1.003944
-1.973725
2.372857
3.187861
3.617432
1.722698
-0.170805
-2.024381
-1.782959
-0.689656
1.251226
1.465787
-2.028132
-3.603559
-3.319545
-0.964698
-0.600657
-0.094955
-1.129785
-1.223763
-0.868520
-3.285959
0.497002
2.883373
4.412246
3.064426
0.328941
-0.950050
-0.774155
-0.073310
1.674829
1.956227
-1.163470
-3.066130
-3.434336
-0.434279
-0.263749
-0.378779
-1.545633
-1.642532
-1.786829
-4.168275
0.451567
2.962102
4.145927
3.014773
0.428887
-1.034075
-0.808747
0.082781
2.018885
2.181647
-1.866078
-3.228922
-3.957849
-0.747083
-0.205816
-0.125154
-1.478815
-2.023686
-1.790596
-3.666199
1.344322
2.983441
3.666445
2.594367
-0.176247
-1.685238
-1.301492
-0.118396
2.008337
2.590096
-0.778141
-2.431777
-2.841068
-0.146776
0.293636
0.397843
-1.087028
-1.682345
-1.466457
-3.286675
2.177023
2.833010
2.931747
2.188005
-1.110350
-2.274168
-1.867186
-0.290676
2.493463
3.042478
-0.603662
-2.225856
-2.674260
-0.048244
0.031653
0.088222
-1.191859
-1.255865
-1.196570
-3.599883
2.322803
3.214389
3.364230
2.712052
-0.705781
-2.019145
-1.872873
-0.534868
1.716879
2.236521
-1.615238
-2.930066
-2.619987
-0.847916
-0.330082
-0.393283
-1.542777
-1.885160
-1.467780
-3.406819
1.526694
3.186666
3.832015
2.476249
-0.613487
-2.015159
-1.629689
-0.402110
1.999303
2.471976
-0.343677
-2.294883
-2.726383
-0.052746
0.263538
-0.100516
-1.246046
-1.259456
-1.162498
-3.969635
1.983598
3.215703
3.595755
3.086390
-0.299825
-1.675918
-1.594420
-0.557826
1.423689
1.881974
-1.999462
-3.470687
-3.508298
-1.456265
-0.735164
-0.656988
-1.620199
-1.738775
-1.568652
-3.928883
1.205849
3.135729
4.135070
3.221580
0.099306
-1.562400
-1.248653
-0.227354
1.961887
2.202907
-0.995356
-2.875311
-2.930127
-0.378080
-0.087442
-0.335546
-1.844434
-1.843088
-1.854511
-3.753053
1.667886
2.948064
3.116394
3.035594
-0.173919
-1.820031
-1.491777
-0.116409
2.590146
2.821920
-0.793508
-2.332778
-2.801544
-0.684792
-0.387994
-0.160404
-1.123451
-1.353927
-1.263252
-3.856505
2.270320
3.121528
3.439342
2.936399
-0.625753
-1.755940
-1.606866
-0.081040
1.913296
2.572179
-0.972461
-2.397761
-4.481307
-1.118693
-0.220493
-0.347329
-1.497415
-1.608415
-1.488166
-4.023067
2.176337
3.234100
3.481976
2.655709
-0.582217
-1.735072
-1.704342
-0.457531
2.072134
2.487761
-0.775050
-2.420701
-3.638007
-1.053358
-0.329497
-0.581110
-1.558606
-1.745043
-1.510325
-3.830828
2.018950
3.233610
3.461145
2.940950
-0.380058
-2.025845
-1.789622
-0.499805
1.901601
2.439754
-0.988907
-2.848584
-3.980546
-1.238888
-0.522161
-0.574888
-1.751721
-1.772569
-1.509539
-4.215333
2.298809
3.359729
3.835234
3.314209
-0.239156
-1.783716
-1.571662
-0.398154
1.422055
2.239022
-1.187510
-2.891250
-4.044454
-1.234529
-0.623972
-0.524980
-1.968422
-1.862447
-1.849784
-4.328271
2.272881
3.126590
3.441831
3.081118
-0.003775
-1.745733
-1.532020
-0.176351
2.558476
2.784982
-0.615767
-2.242141
-2.701059
-1.158595
-0.697408
-0.543848
-1.477802
-1.754693
-1.514320
-3.708355
2.034155
3.097176
3.498550
3.079161
-0.382148
-2.064389
-1.680100
-0.302562
1.904456
2.636863
-0.400981
-2.352636
-2.430378
-0.764401
-0.497626
-0.483426
-1.617486
-1.638006
-1.483708
-4.151618
2.451686
3.368058
3.649596
3.223228
-0.352816
-1.803231
-1.818422
-0.443317
1.105320
2.102424
-1.070616
-2.803619
-2.952279
-1.207846
-0.830728
-0.739735
-1.707420
-1.958848
-1.785499
-4.006161
2.207337
3.160177
3.633319
3.354284
0.330400
-1.874413
-1.563423
-0.290923
2.340662
2.653892
-0.536385
-2.279973
-2.488130
-1.062673
-0.878629
-0.779823
-1.775943
-1.975537
-1.802990
-4.322062
2.335573
3.254241
3.589281
3.184752
-0.202088
-1.901391
-1.643210
-0.249726
2.357293
2.789796
-0.450929
-2.145499
-2.337376
-1.034944
-0.690729
-0.691508
-1.716096
-1.873910
-1.757767
-4.139700
2.351027
3.093309
3.361957
2.854978
-0.600779
-2.310477
-1.959506
-0.376465
2.345638
2.800332
0.204910
-1.714813
-2.074598
-0.750642
-0.788555
-0.875233
-1.823552
-2.015116
-1.795129
-4.339164
2.755726
3.325061
3.666641
2.976629
-0.545185
-2.236715
-1.993962
-0.516070
2.199979
2.617854
-0.286234
-2.166844
-2.201625
-1.046666
-0.960792
-1.040434
-2.071940
-2.208704
-1.988747
-4.343835
2.565630
3.314754
3.797117
2.945528
-0.342513
-2.117845
-1.938692
-0.552795
2.068454
2.596082
0.346723
-1.557643
-1.852101
-0.918813
-1.115085
-1.046786
-2.074477
-2.313272
-2.085027
-4.578568
2.093955
3.273839
3.788809
3.252874
-0.022277
-2.222226
-1.948837
-0.595659
1.982410
2.316468
0.214693
-1.826375
-2.005495
-0.978985
-1.161762
-1.448574
-2.762544
-3.145974
-2.644915
-4.252455
1.885180
3.289006
3.719910
3.031256
0.410039
-2.010113
-1.961994
-0.711082
1.812406
1.956908
0.356882
-2.146022
-0.494941
-0.883595
-0.796138
-1.264496
-2.406172
-2.695858
-2.142227
-2.907099
3.050161
3.016741
3.644389
3.366919
0.850831
-1.488787
-1.547608
-0.295393
2.168656
2.392897
0.698151
-1.449030
-1.386571
-0.593006
-0.964180
-0.932812
-1.602221
-2.038073
-1.951470
-3.017624
1.753356
2.893543
3.394123
3.168695
0.680970
-1.648761
-1.647309
-0.370814
2.043006
2.409211
0.107085
-1.834237
-1.889828
-1.180836
-1.870676
-1.632544
-2.859201
-3.225088
-2.737447
-4.329365
1.607039
3.203351
3.772557
3.373807
0.967587
-1.673265
-1.956883
-0.850418
1.441567
1.722131
0.658421
-1.642089
-1.265769
-0.184568
-0.525166
-1.257853
-2.367798
-2.787783
-2.246513
-3.318859
1.723149
3.790067
3.027271
4.045967
1.704143
-0.880173
-1.629286
-0.611338
1.835074
1.993307
0.635782
-2.167492
0.227365
0.062724
-0.959830
-1.282747
-2.492680
-2.570371
-2.783003
-3.482692
1.697454
3.610955
2.887842
3.617575
1.764135
-1.238200
-1.973668
-0.997151
1.303188
1.607645
0.458018
-2.645415
0.465831
-0.015244
-0.828687
-1.168341
-2.345075
-1.746320
-2.232425
-2.230944
2.033700
3.764645
2.654834
3.935677
1.533957
-1.025205
-1.616579
-0.514193
0.885597
1.502037
1.972467
-2.561640
0.630773
0.617807
-0.282291
-0.962610
-2.096436
-2.274182
-2.482926
-3.306473
1.110321
3.671916
2.363812
3.249062
1.170940
-1.311097
-2.088836
-0.859138
1.658309
1.929855
1.972080
-2.321716
1.097466
0.250583
-0.600764
-1.153681
-2.457050
-2.699455
-2.210724
-2.939968
2.879489
3.922262
2.866890
3.451771
1.242863
-0.725288
-1.926592
-0.651787
1.646182
2.037166
3.071500
-1.513559
0.908715
0.691755
-0.423719
-0.741774
-2.221938
-2.790817
-2.419586
-3.511472
0.994186
3.589844
2.187784
3.121324
0.697912
-0.817269
-2.164246
-1.054314
0.695461
1.318799
1.873964
-2.577494
1.290326
-0.131729
-0.539294
-1.383813
-2.520873
-2.894337
-2.394637
-3.303800
2.718895
3.759477
2.868934
3.457623
1.384784
-1.254691
-2.111028
-0.741294
1.831565
1.791065
1.958781
-2.058269
0.949522
0.650613
0.232213
-0.747959
-2.132784
-2.391370
-2.449819
-3.618173
1.255022
3.318783
2.486449
2.327289
0.435303
-1.580853
-2.980819
-1.454076
1.389624
1.416459
-1.014911
-1.342690
1.613767
0.972174
0.809196
-0.033371
-1.557275
-2.067833
-1.607207
-2.840008
2.124525
3.979794
2.604065
3.146691
0.688928
-1.415225
-2.231246
-0.666046
2.074756
2.132810
1.488313
-1.423639
0.839148
0.742565
-0.369773
-0.958537
-2.373439
-2.648948
-2.612427
-3.494518
2.103068
3.759780
1.994157
2.192168
0.093274
-2.136847
-2.823785
-1.394679
1.262389
1.477668
-1.131078
-1.175204
1.860616
1.250808
0.370793
-0.577055
-2.067935
-2.540553
-2.034845
-2.804307
2.593410
3.900186
2.731303
2.714195
0.360929
-1.309051
-2.141326
-0.595077
1.675236
1.811947
1.762020
-1.378790
0.569863
0.969596
-0.431662
-0.986418
-2.391736
-2.658863
-2.685035
-2.833044
1.965044
3.717800
2.806190
2.555336
0.124318
-1.494135
-2.077494
-0.697348
1.341108
1.545858
3.032952
-1.805623
0.927294
1.182175
-0.023892
-0.950406
-2.339763
-2.183901
-2.370603
-2.031814
1.013116
3.854285
3.332530
2.688569
0.828459
-1.321001
-1.556242
-0.743085
0.265758
0.770277
2.232411
-2.137208
1.316072
1.618059
0.215546
-0.669708
-1.933386
-2.182076
-1.683156
-1.932262
0.407713
3.548197
3.466222
2.641309
0.937504
-0.715408
-1.053104
-0.538509
-0.634097
0.337645
-2.294124
-2.364251
-0.035117
1.211297
-0.852104
-0.864899
-2.115877
-2.501878
-2.455175
-1.866131
-1.932148
2.845813
3.286052
2.422794
0.478078
-1.172169
-1.894537
-0.737024
1.304103
1.197293
-1.554568
-0.865355
1.203472
2.642923
1.157920
0.237513
-0.977588
-0.796292
-0.741550
-1.929276
0.747000
4.005335
3.304274
3.010039
0.590683
-0.492607
-1.795812
-1.248119
-1.583773
-0.346107
-2.710619
-2.006662
0.538264
1.929717
0.106055
-0.034925
-1.295515
-1.861158
-1.621749
-1.017600
-2.599562
2.949817
3.275012
2.031577
-0.253277
-1.254606
-1.686785
-0.977399
-0.559302
-0.181976
-2.570792
-1.210395
1.502384
2.385585
1.083727
-0.078312
-0.961797
-0.359459
-0.909330
-1.780981
-2.568067
3.918949
3.850704
2.499090
0.152763
-1.059963
-1.664696
-0.657914
0.392292
1.059893
-1.697954
-0.234960
0.354909
3.735535
1.398717
0.638354
0.019140
-0.981954
-0.572977
-1.133609
-2.611873
3.685194
3.279324
2.203647
-0.655051
-1.553029
-1.737931
-0.783527
0.717046
0.940390
-1.728828
-0.167155
-1.676388
3.943987
0.929972
-0.839533
-2.282980
-2.640771
-1.226699
-1.676307
-2.393154
4.432673
3.895424
2.459451
-0.168055
-1.879120
-2.148954
-1.281454
0.410420
0.725401
-2.123002
0.177491
-1.971141
3.677019
0.464489
-1.129537
-2.639581
-2.105083
-1.922238
-2.103663
-2.515984
4.560165
4.019546
2.348814
-0.448699
-1.767985
-2.194365
-1.662008
0.028996
-0.098902
-2.663374
-0.416767
-1.665296
3.468339
0.627946
-1.302652
-2.659822
-3.457992
-1.664297
-1.927159
-3.055870
4.259282
4.808168
3.816687
0.843855
-0.684088
-1.449963
-1.035120
0.005201
0.245034
-2.531816
-1.538315
0.040646
3.146378
-0.244042
-2.040152
-3.080114
-4.261541
-2.352447
-2.625511
-2.785426
4.357313
4.707349
3.357281
0.376601
-1.166370
-1.834078
-1.136430
-0.098015
-0.286045
-2.817551
-2.057817
2.852044
2.902362
-0.065349
-2.218717
-3.059294
-2.739328
-1.809072
-2.142806
-2.146267
4.752932
5.344559
3.723115
1.150655
-0.639352
-1.320288
-0.426059
0.351117
0.773144
-1.958192
-1.312368
1.872435
3.029018
-0.119416
-1.636271
-2.611242
-3.056177
-1.733514
-1.751261
-1.950047
4.108490
4.387568
3.077915
0.771478
-0.723982
-1.418463
-0.555595
0.041933
0.876575
-1.930738
-0.799099
0.509764
3.389024
-0.314238
-2.165993
-3.057718
-2.430805
-2.081912
-2.560369
-2.408293
4.467388
4.371609
2.911139
0.562051
-1.076948
-1.569417
-0.830142
0.595103
0.770892
-2.075569
-0.704341
1.149280
3.690398
0.108926
-1.952981
-2.540313
-2.316663
-2.240873
-2.685676
-3.064966
4.167020
4.505398
2.926710
0.631042
-0.907439
-1.581768
-1.124552
0.613873
0.595587
-2.225293
-0.777489
1.369789
3.573924
-0.000608
-1.949163
-2.821800
-2.417143
-2.259121
-2.443271
-3.105184
4.134181
4.413591
3.067422
0.788573
-0.730531
-1.591051
-1.034405
0.967443
0.761015
-1.997005
-0.239190
0.999621
3.763123
-0.053662
-1.043967
-1.978066
-2.533979
-2.279343
-2.272970
-2.988110
3.625515
4.151248
2.916358
0.251770
-0.776437
-1.542553
-1.603464
0.115510
-0.380357
-2.912866
-1.088447
1.273487
3.494204
0.001381
-1.889507
-2.709715
-2.427487
-2.380439
-2.643257
-1.989936
3.983966
4.766133
3.509645
1.562165
-0.225684
-1.133411
-0.647565
0.701794
0.784918
-1.650052
-1.222846
-0.677551
2.670423
-0.582683
-1.428888
-2.746204
-2.944492
-2.704635
-3.496949
-2.910385
3.498973
4.564265
3.514272
0.220762
-0.687344
-1.800102
-0.724835
1.163995
0.126376
-1.292403
-1.917871
-0.303297
3.490243
0.840902
0.056765
-1.275015
-1.778641
-1.251163
-3.033080
-1.692002
4.606769
4.623676
3.391494
0.199966
-0.264571
-1.224995
-1.022905
0.858096
0.690787
-1.490537
-0.774955
-0.478872
4.000834
0.602340
-0.269451
-1.286676
-1.979758
-1.646112
-4.056634
-1.175236
3.865574
4.253409
2.776819
-0.386758
-0.628369
-1.879946
-1.521066
-0.559081
-1.390864
-2.792038
-3.263234
0.984212
3.423903
0.649213
-0.034690
-0.980243
-1.665882
-1.269068
-2.788619
-0.125968
4.634950
4.324282
3.090827
-0.064323
-0.510424
-1.541068
-1.385009
0.460604
-0.195427
-1.964403
-1.475939
-0.142028
3.138670
0.441824
0.038936
-0.830799
-1.798732
-1.375199
-2.429181
0.056343
3.895942
3.549512
2.425211
-0.406529
-0.916031
-2.462835
-1.846185
-0.460216
-1.861421
-3.064306
-4.340450
-0.038192
1.987830
-0.632932
-1.347944
-1.845379
-2.641325
-2.920606
-4.551589
-1.599329
3.857085
5.938805
5.457075
3.516868
1.840372
-0.168271
0.851472
0.571906
0.938464
-1.021459
-2.860090
-0.646484
1.267815
-0.842829
-1.599241
-2.049590
-2.678369
-1.923498
-3.232084
-1.509934
3.134631
3.821100
2.928344
1.010790
0.463584
-1.023554
0.625471
1.251834
0.243737
-1.271727
-1.898436
-0.832501
2.813081
1.356154
0.267738
-1.293058
-2.336007
-1.586902
-3.622894
-0.924209
3.572836
4.105276
2.620775
0.920949
0.386994
-1.123550
-0.227639
0.851580
0.103163
-1.497509
1.599459
-1.090187
2.497043
0.216387
-0.508938
-1.798408
-2.611686
-2.018921
-3.871813
-1.090841
3.455184
4.434917
3.385898
1.505637
0.186957
-1.001208
0.168469
1.580631
0.555976
-1.077463
-1.335706
-1.514755
1.816134
0.397235
-0.629863
-1.635782
-2.490795
-3.806427
-5.538864
-2.032918
3.605689
4.386719
3.097184
2.139851
1.338491
-0.742757
0.194557
0.459658
-0.289316
-1.733805
-1.542648
-1.678800
1.438457
-0.612096
-0.916384
-1.770622
-2.699609
-1.939092
-3.853843
-2.070261
3.173912
4.671821
3.547421
2.713465
1.617994
0.073123
0.745597
0.941444
0.322880
-1.457818
-1.667029
-1.655392
0.920199
0.261682
-0.100929
-0.832380
-2.002099
-4.116311
-5.621844
-2.437537
3.426474
3.492471
2.480631
2.757643
2.307408
-0.238646
0.320908
0.036069
-0.553737
-2.316195
-0.916576
-1.676467
1.392313
0.290288
-0.164069
-1.408455
-2.203820
-1.958846
-3.589288
-2.193064
2.909692
3.557503
2.209634
1.858378
1.530471
0.253238
1.391176
0.805317
-0.087566
-1.711946
-0.722370
-1.547115
1.774734
0.981418
0.386390
-0.676323
-1.758123
-3.296237
-5.276555
-2.504001
3.178979
3.826512
2.417917
2.530843
2.064728
-0.339178
0.233309
-0.032338
-0.832175
-2.501245
-1.182258
-1.859626
1.309887
-0.571151
-0.793575
-1.345882
-2.526606
-2.723941
-4.651685
-2.834184
3.059220
4.537097
3.423936
3.199274
2.348789
0.466936
0.954794
0.519816
-0.306157
-2.208140
-1.677317
-2.020772
1.314832
-0.099928
-0.461434
-1.012717
-2.132677
-3.433059
-5.257884
-3.324515
3.536741
4.324983
2.605805
2.758330
2.721798
0.383521
0.661168
-0.709456
-2.046168
-3.339686
-1.118689
-2.022666
0.846873
-0.190893
0.346140
-0.300446
-2.008164
-4.571828
-3.287130
-1.403173
2.871701
3.789278
3.436224
3.072015
1.853738
0.254179
0.489099
0.626405
-0.504861
-2.420409
-1.480724
-1.523586
1.194425
-0.458814
-0.311613
-0.649034
-1.696130
-1.882854
-3.272321
-2.953205
3.601545
4.067527
0.115186
2.607295
2.045017
0.786246
0.421257
-0.768059
-2.069497
-3.217111
-1.535041
-1.217340
1.832751
0.511698
1.339521
0.501330
-1.268880
-3.921564
-3.420515
-0.105990
2.988533
3.508916
2.163006
3.284210
2.622055
1.039671
0.721063
0.118785
-1.559171
-3.207294
-1.824974
-1.619892
1.307521
-0.012217
-0.308838
0.082319
-1.255421
-1.454125
-3.414612
-2.018186
3.583876
3.799891
0.282523
3.812715
3.485282
1.147952
-0.200120
-1.180237
-2.935989
-4.227564
-1.841585
-2.308026
0.794462
0.661765
1.430624
0.992170
-0.867894
-3.793595
-4.680013
-1.978197
2.192771
6.165533
0.468192
2.810653
4.509948
1.144223
-0.443687
-0.459558
-2.369080
-2.202625
-1.567843
-2.817645
1.070252
0.422093
0.757030
0.945524
-0.549089
-1.717815
-3.426196
-2.438972
2.621799
5.266359
-0.708000
2.681252
4.768597
1.803100
0.137358
-0.685995
-2.859522
-2.529026
-1.561203
-2.850137
0.750974
1.160320
1.988611
2.206378
0.488299
-1.097732
-3.121276
-5.247771
0.555745
3.661437
0.273392
2.603793
5.272647
2.443036
0.079713
-0.664801
-1.810782
-2.717358
0.854210
-3.501730
-1.296868
0.840901
3.117175
3.553474
2.425379
0.949656
-1.800853
-3.999989
-2.377163
3.985879
0.675509
1.616762
5.301846
4.230856
1.210495
0.523008
-0.620726
-2.499953
-3.856454
-4.798486
-4.935086
-1.730200
-0.627127
0.952893
0.812419
-0.914644
-5.113554
-4.970280
-3.419616
1.704115
6.186550
0.594898
2.471759
4.241333
1.247464
0.391685
-0.900216
-3.129602
-2.396217
-2.429127
-3.949228
0.246042
0.783400
1.001143
1.101167
-0.422419
-4.574004
-5.018808
-5.700255
-1.519108
5.166134
3.367131
2.984398
5.228791
1.923904
0.003202
-0.930624
-2.080175
-3.319325
4.114465
-3.186793
-0.768362
0.172427
3.014839
3.461092
2.207271
0.580150
-1.860303
-3.120872
-3.095232
3.804483
2.129183
1.019199
4.224507
5.899480
2.488935
1.558030
-0.079178
-1.731818
-1.457448
-3.759638
-4.965978
-0.072400
1.309083
1.945744
1.806207
0.409833
-2.350304
-4.243352
-3.844481
1.287275
5.731275
1.324649
3.536896
5.438669
2.408430
1.184125
-0.579413
-2.391085
1.614469
-3.093679
-4.865880
-0.074407
0.412472
1.709549
1.662277
0.496799
-2.271388
-5.801264
-6.611869
-5.856324
2.396172
2.866429
2.141011
4.468338
5.501177
1.283731
0.087640
-1.756852
-3.519392
-2.327846
-2.940613
-5.416594
0.738744
1.927198
3.264893
2.627397
0.975803
-3.881877
-5.010200
-3.578695
0.159555
6.277380
2.449922
4.133132
6.232078
3.115643
1.450989
-0.324821
-1.814529
1.812132
-2.284961
-4.858136
0.286891
1.246731
2.421350
3.073074
2.030349
-2.306850
-4.028264
-5.251046
-1.406910
4.753590
1.791972
4.761423
6.699305
3.758275
1.803664
-0.257225
-1.644224
-2.845923
-3.253036
-8.722748
-4.567072
-2.692954
0.875929
1.760464
0.752602
-1.717965
-5.539786
-5.354347
-6.030162
3.082213
2.932326
3.058805
5.726315
6.412959
1.515896
0.431030
-1.684876
-3.678662
-3.308569
-5.281070
-6.564507
-0.028027
2.820490
3.905348
3.555912
1.931972
-2.631770
-5.581095
-7.267919
-2.153040
5.422736
-0.834711
3.351832
5.316003
2.928217
0.660671
-1.169193
-2.451673
-4.944760
-1.298218
-6.709784
-2.751894
-0.630265
2.878962
2.976957
1.862207
-0.159236
-5.153680
-4.197076
-2.497430
2.859506
5.165686
0.487564
3.413194
5.907985
2.268695
1.851227
0.087903
-1.425675
-0.984652
-4.205253
-7.332584
-0.230963
2.028439
3.778275
3.453769
1.935339
-3.297692
-4.758900
-6.773941
-1.141561
3.893163
1.667612
4.216619
6.642141
3.634307
1.881389
-0.298688
-1.610814
-2.450531
-2.165515
-6.360888
-4.310698
0.600792
3.070054
3.656141
2.072894
-1.824852
-5.636132
-7.349941
-4.584159
4.072464
0.589268
2.856758
5.936238
4.659859
1.285322
0.211903
-1.416964
-3.234646
-4.438200
-6.828467
-6.163924
-0.407582
2.730674
3.525956
3.237834
0.640568
-4.914884
-9.325700
-9.224715
-3.828492
5.173813
0.662342
3.125020
6.235182
4.933347
2.620492
1.156445
-0.467171
-2.868625
0.004704
-6.248366
-4.592076
0.228137
4.325249
4.627949
3.684463
1.782741
-3.216676
-5.047600
-5.925410
-0.660270
3.815921
0.319305
3.979860
6.156096
3.499999
1.815070
-0.034007
-1.159172
-2.320808
-2.136770
-6.609903
-2.105668
1.016176
3.319133
3.692487
2.320378
-0.994728
-4.864713
-6.819469
-5.518840
3.380155
1.664145
2.456857
5.100477
6.123457
2.152326
0.639518
-1.117470
-3.347711
1.391458
-6.404620
-10.587686
-0.088356
2.626235
3.909951
3.619772
2.154700
-2.835423
-0.314059
-0.876486
-1.055470
-1.602733
-0.129979
-0.034414
-0.045081
-0.048886
-0.047721
-0.006019
-0.022850
0.000427
-0.002524
0.104481
-0.117891
-0.838497
-2.312753
-4.874852
-8.039552
-11.772309
-15.771420
-4.204751
-5.451571
-6.536129
-7.845634
-7.664274
0.003986
0.058850
-0.344751
-1.374050
0.023827
0.038279
0.030108
0.038769
0.014592
-1.988329
3.721903
0.351756
-1.310870
0.438510
0.601166
0.221315
0.261955
0.469665
0.583542
0.789699
-1.511432
-2.719266
0.713643
0.489527
0.094840
0.619488
-0.040871
-0.037848
0.455303
0.456203
1.083509
1.084991
1.591954
1.020760
-0.566706
-1.972696
-3.437631
-4.945905
-6.381746
-6.699673
-2.931351
8.570991
13.749228
15.047823
6.715470
10.920416
8.950578
-13.951643
-7.705579
2.978816
1.177467
-2.799175
1.301118
2.049125
-2.571049
-1.281876
0.636273
-0.364548
-6.316614
-4.262095
2.004894
3.535470
2.793339
3.894982
1.918160
1.060319
0.100271
-0.912859
-2.086675
-2.010191
-3.157489
-4.212971
-4.994920
-8.893732
-11.774566
-11.296933
-8.527870
-8.730648
-8.772832
-5.811111
-2.068754
-1.922776
-2.392466
-2.329156
-5.050611
-4.812753
-2.295537
-0.751500
1.106498
1.981414
2.521784
1.010690
0.930423
-1.467284
1.626562
0.179709
-0.396892
-0.133072
0.322672
0.002694
0.053130
0.143355
0.257068
0.272895
0.285466
0.231816
0.199076
0.195326
0.435563
0.400296
-0.405505
-1.986631
-2.792314
-6.848173
-10.776701
-14.567389
-4.151586
-5.938216
-8.079047
-9.204136
-5.584014
-3.029359
-1.381544
-0.588969
0.135035
0.712412
-0.011527
-0.138656
-0.561115
-1.401831
-0.025383
-0.055065
-0.065109
-0.101947
-0.098571
-0.106846
2.790311
3.428643
-1.539073
0.276520
0.975036
0.532830
0.678727
0.971550
0.661997
0.209973
-1.296828
-3.359175
-0.098004
0.992422
0.106458
0.857531
0.848885
0.314314
-0.003810
-0.596596
-0.059258
0.116181
0.521894
0.748388
0.503369
-0.978810
-1.294645
-0.454815
0.866405
1.572997
1.280595
-2.805061
0.391656
1.727496
0.131611
0.887684
1.246761
1.075105
1.116365
5.483925
6.240330
7.454298
7.200807
7.495753
7.858230
7.344877
6.546639
2.377144
3.046674
6.846470
4.723834
3.541155
2.585204
1.910232
1.402408
0.909155
0.456175
1.303380
4.033443
-2.125656
-1.312726
-0.363820
-0.197244
-0.062786
0.445849
0.749743
0.053100
0.259886
-2.916102
-3.574629
-1.291906
-2.211576
-2.447656
-2.739649
-3.365623
-3.501101
-3.682896
-1.686602
-0.678400
0.307262
1.622705
1.329290
0.048638
-0.468724
-0.065770
0.927666
1.109271
1.306580
-1.687297
1.422137
8.608298
7.689749
9.219802
8.502963
6.807282
6.761941
5.183056
-2.727517
-1.410158
-1.712014
-2.411332
-2.399210
-2.459637
-3.886564
-5.287406
-4.574986
-4.050828
-4.451173
-3.574162
-2.022878
-1.975337
0.278268
-0.121148
0.693537
0.589955
-4.295448
-6.010567
-6.702119
-6.858594
-4.776435
-1.850793
-0.051858
0.552755
0.223298
0.382549
0.083141
0.212564
0.084965
0.269799
0.100674
0.123189
-0.157963
-0.229725
-0.452120
-0.576397
-0.708366
-0.816728
-2.053150
-0.200119
-0.538416
-0.513357
-1.593722
-0.232533
0.131822
0.353273
0.497655
0.550812
0.470024
0.414102
0.329685
0.304653
0.282240
0.380267
0.138782
-0.412742
-1.534796
-3.232301
-3.903799
-7.273638
-10.830704
-14.314681
-3.347957
-3.856433
-4.542468
-4.933795
-4.594275
-3.432309
-0.851002
0.697312
1.783194
2.579875
3.864162
-0.034947
-0.463204
-0.731843
-1.680247
-0.831281
0.014119
0.041040
0.067455
0.106782
0.110224
3.081676
5.187272
0.282508
1.034464
0.823341
0.293792
0.525398
-0.037565
-0.142107
-0.291972
-6.915284
-10.664691
-16.968679
-22.856594
-25.624880
-27.458179
0.002123
-0.220983
1.444301
0.815719
0.847744
0.518403
12.578321
18.333271
18.225618
12.869415
12.059969
11.539506
-0.838392
-2.489494
-4.560150
-6.014512
-7.042150
-8.062570
-8.971477
-0.735472
-7.362479
-5.926186
-5.096313
-2.514352
-1.871426
-0.885937
-0.147472
0.735563
1.322225
2.324407
5.397931
-0.064384
2.915321
3.802290
2.827260
2.258078
2.388421
2.705705
2.186234
-0.328514
-0.277771
4.474823
7.974074
8.387534
8.378104
8.081679
4.920265
1.338404
-1.916121
-3.683915
-5.538019
-6.443885
-7.427624
-4.034344
-3.094893
2.434698
3.394982
2.279156
-7.436763
-15.278694
-21.322273
-22.162128
-20.077976
-19.003084
-13.510250
2.544238
4.473390
4.373272
0.629416
