0.267033
0.266163
0.266095
0.266619
0.267625
0.269152
0.271181
0.273713
0.276764
0.280090
0.283747
0.287983
0.292364
0.296762
0.301483
0.306293
0.311042
0.315812
0.320622
0.325681
0.330755
0.335906
0.340647
0.344326
0.347097
0.349397
0.351297
0.352554
0.353211
0.353085
0.352020
0.350027
0.346829
0.343463
0.340567
0.338719
0.338161
0.337827
0.338204
0.338937
0.339855
0.340970
0.341459
0.340919
0.339738
0.338897
0.337998
0.336698
0.334706
0.332434
0.331083
0.329958
0.328568
0.326448
0.322635
0.318396
0.315050
0.311914
0.309915
0.309221
0.309211
0.309403
0.309626
0.310973
0.311686
0.313440
0.315383
0.316905
0.317920
0.319314
0.321852
0.324739
0.326685
0.327954
0.327581
0.326855
0.326268
0.326215
0.327339
0.329002
0.330192
0.330468
0.330303
0.330933
0.331096
0.331867
0.332356
0.332248
0.331544
0.330900
0.331238
0.332636
0.333794
0.334022
0.332410
0.330418
0.329257
0.328749
0.329416
0.330657
0.331653
0.331876
0.331250
0.331054
0.330512
0.330288
0.329874
0.328861
0.327220
0.326166
0.326446
0.327775
0.328682
0.328664
0.326864
0.324675
0.323454
0.323005
0.323675
0.324813
0.325631
0.325660
0.325166
0.325408
0.325261
0.325615
0.325761
0.325359
0.324322
0.323831
0.324617
0.326160
0.327018
0.326886
0.324999
0.322744
0.321683
0.321553
0.322560
0.324069
0.325277
0.325755
0.325371
0.325608
0.325553
0.326056
0.326427
0.326291
0.325566
0.325390
0.326473
0.328235
0.329112
0.328931
0.327050
0.324868
0.323848
0.323649
0.324404
0.325587
0.326347
0.326328
0.325539
0.325397
0.325010
0.324949
0.324890
0.324372
0.323212
0.322645
0.323356
0.324856
0.325702
0.325589
0.323725
0.321556
0.320173
0.319531
0.319975
0.321009
0.321797
0.321866
0.321585
0.322127
0.322265
0.322862
0.323241
0.323080
0.322302
0.322065
0.323076
0.324839
0.325914
0.325973
0.324232
0.322117
0.320919
0.320593
0.321485
0.322992
0.324144
0.324610
0.324162
0.324146
0.323906
0.323960
0.323905
0.323295
0.322058
0.321438
0.322141
0.323723
0.324625
0.324600
0.322821
0.320697
0.319091
0.318114
0.318310
0.319081
0.319607
0.319383
0.318934
0.319267
0.319180
0.319577
0.319720
0.319320
0.318291
0.317846
0.318673
0.320360
0.321438
0.321447
0.319585
0.317325
0.316243
0.316028
0.316955
0.318468
0.319693
0.320268
0.320091
0.320495
0.320614
0.321077
0.321560
0.321541
0.320932
0.320944
0.322243
0.324117
0.325063
0.324979
0.323162
0.321062
0.319944
0.319666
0.320459
0.321636
0.322298
0.322072
0.321178
0.320959
0.320523
0.320300
0.319870
0.318870
0.317435
0.316817
0.317520
0.318957
0.319603
0.319235
0.317079
0.314605
0.313073
0.312375
0.312793
0.313806
0.314655
0.314824
0.314479
0.314832
0.314923
0.315283
0.315516
0.315222
0.314283
0.313993
0.314996
0.316746
0.317687
0.317607
0.315752
0.313542
0.312212
0.311609
0.312067
0.313143
0.313920
0.313971
0.313491
0.313661
0.313679
0.313899
0.313963
0.313478
0.312607
0.312576
0.313838
0.315641
0.316458
0.316183
0.314117
0.311677
0.310219
0.309621
0.310182
0.311320
0.312213
0.312439
0.312202
0.312650
0.312789
0.313187
0.313430
0.313127
0.312259
0.312073
0.313187
0.314999
0.315999
0.316014
0.314241
0.312190
0.310723
0.309946
0.310452
0.311548
0.312481
0.312731
0.312428
0.312800
0.312871
0.313277
0.313671
0.313614
0.312961
0.312950
0.314215
0.316175
0.317273
0.317351
0.315633
0.313615
0.312646
0.312520
0.313380
0.314669
0.315509
0.315545
0.314970
0.315053
0.314981
0.314770
0.314268
0.313155
0.312026
0.311994
0.313257
0.314935
0.315585
0.315137
0.312886
0.310309
0.308734
0.308120
0.308776
0.310001
0.311031
0.311439
0.311017
0.311074
0.310950
0.310889
0.311130
0.311025
0.310384
0.310458
0.311831
0.313779
0.314839
0.314903
0.313172
0.311176
0.309749
0.308945
0.309255
0.310145
0.310825
0.310793
0.310140
0.310053
0.309774
0.309664
0.309556
0.309009
0.308301
0.308560
0.310095
0.312070
0.313010
0.312890
0.310948
0.308653
0.307353
0.307030
0.307912
0.309260
0.310208
0.310396
0.309906
0.309986
0.309893
0.309697
0.309508
0.308838
0.308023
0.308216
0.309712
0.311647
0.312584
0.312481
0.310573
0.308381
0.307106
0.306736
0.307607
0.309009
0.310077
0.310416
0.310027
0.310212
0.310239
0.310205
0.310198
0.309696
0.308898
0.309012
0.310421
0.312341
0.313259
0.313103
0.311157
0.308971
0.307801
0.307544
0.308435
0.309793
0.310782
0.311081
0.310498
0.310273
0.309904
0.309610
0.309571
0.309098
0.308210
0.308140
0.309365
0.311133
0.312026
0.311950
0.310082
0.307976
0.306763
0.306453
0.307324
0.308679
0.309648
0.309885
0.309414
0.309450
0.309317
0.309283
0.309435
0.309157
0.308395
0.308365
0.309624
0.311456
0.312472
0.312532
0.310803
0.308841
0.307706
0.307446
0.308356
0.309730
0.310647
0.310803
0.310011
0.309487
0.308876
0.308514
0.308577
0.308268
0.307466
0.307378
0.308543
0.310250
0.311110
0.310934
0.308940
0.306680
0.305399
0.305087
0.305960
0.307310
0.308293
0.308624
0.308020
0.307704
0.307227
0.307107
0.307673
0.307980
0.307812
0.308263
0.309899
0.311891
0.312977
0.313009
0.311244
0.309238
0.308237
0.308278
0.309537
0.311276
0.312613
0.313396
0.313157
0.313053
0.312734
0.312570
0.313084
0.313409
0.313244
0.313691
0.315292
0.317236
0.318205
0.318222
0.316492
0.314593
0.313876
0.314162
0.315499
0.317182
0.318390
0.318928
0.318390
0.318118
0.317698
0.317088
0.316224
0.314811
0.313811
0.314167
0.315782
0.317502
0.317956
0.317315
0.314877
0.312091
0.310334
0.309652
0.310243
0.311324
0.312034
0.312080
0.311187
0.310675
0.310014
0.309595
0.309945
0.310089
0.309730
0.309994
0.311435
0.313219
0.314082
0.313898
0.311912
0.309633
0.308390
0.308219
0.309302
0.310853
0.311996
0.312624
0.312168
0.311463
0.310554
0.309975
0.310449
0.310894
0.310785
0.311255
0.312858
0.314751
0.315603
0.315461
0.313457
0.311045
0.309872
0.309784
0.310897
0.312511
0.313739
0.314386
0.314083
0.313837
0.313625
0.313369
0.314437
0.315450
0.315926
0.316453
0.317762
0.319357
0.319936
0.319518
0.317268
0.314407
0.312554
0.311782
0.312376
0.313500
0.314215
0.314344
0.313572
0.312915
0.312299
0.311818
0.312772
0.313684
0.314101
0.314491
0.315537
0.316941
0.317381
0.316837
0.314454
0.311460
0.309833
0.309349
0.310077
0.311340
0.312463
0.313178
0.312905
0.312232
0.311552
0.311107
0.312227
0.313333
0.313915
0.314567
0.315966
0.317593
0.318117
0.317633
0.315330
0.312459
0.310640
0.309943
0.310507
0.311583
0.312237
0.312321
0.311490
0.310431
0.309507
0.308655
0.309284
0.309858
0.309932
0.310397
0.311818
0.313566
0.314290
0.314016
0.311934
0.309295
0.307756
0.307240
0.307795
0.308940
0.309728
0.310015
0.309254
0.308035
0.307032
0.306074
0.306613
0.307131
0.307070
0.307604
0.309232
0.310968
0.311503
0.310989
0.308663
0.305737
0.303733
0.302721
0.302867
0.303671
0.304302
0.304510
0.303772
0.302714
0.301816
0.301094
0.301957
0.302822
0.303210
0.304090
0.305942
0.308027
0.309036
0.309023
0.307212
0.304847
0.303550
0.303362
0.304414
0.305969
0.307135
0.307823
0.307546
0.307027
0.306604
0.306191
0.307329
0.308470
0.309073
0.309848
0.311408
0.313165
0.313883
0.313575
0.311491
0.308958
0.307409
0.306933
0.307587
0.308712
0.309387
0.309578
0.308901
0.307477
0.306059
0.304871
0.305343
0.305822
0.305747
0.306085
0.307439
0.309088
0.309721
0.309384
0.307244
0.304655
0.303149
0.302705
0.303464
0.304754
0.305634
0.305957
0.305348
0.304596
0.303937
0.303307
0.304243
0.305235
0.305692
0.306415
0.308012
0.309789
0.310514
0.310283
0.308304
0.305876
0.304237
0.303575
0.304242
0.305421
0.306164
0.306377
0.305716
0.304217
0.302720
0.301407
0.301850
0.302384
0.302349
0.302859
0.304435
0.306250
0.307029
0.306885
0.304930
0.302555
0.301132
0.300704
0.301460
0.302771
0.303797
0.304318
0.303868
0.303052
0.302303
0.301687
0.302729
0.303884
0.304517
0.305193
0.306539
0.308076
0.308620
0.308278
0.306116
0.303517
0.301846
0.301177
0.301803
0.303033
0.304030
0.304547
0.304116
0.303049
0.302032
0.301322
0.302433
0.303675
0.304380
0.304999
0.306177
0.307590
0.308143
0.307857
0.305663
0.303007
0.301396
0.300820
0.301526
0.302840
0.304126
0.305020
0.304910
0.303859
0.302688
0.302155
0.303437
0.304859
0.305757
0.306264
0.307007
0.308003
0.308197
0.307594
0.305134
0.302039
0.299619
0.298094
0.297866
0.298348
0.298876
0.298899
0.297840
0.295537
0.293138
0.292010
0.292847
0.293814
0.294216
0.294767
0.296195
0.298249
0.299798
0.300342
0.298958
0.297032
0.296218
0.296526
0.298100
0.300206
0.301870
0.302887
0.303139
0.302020
0.300663
0.299977
0.301035
0.302100
0.302550
0.302697
0.303308
0.304252
0.304444
0.303781
0.301183
0.297996
0.295636
0.294333
0.294196
0.294625
0.295077
0.294941
0.293675
0.290866
0.287918
0.286748
0.287126
0.287319
0.286992
0.287215
0.288613
0.290702
0.292433
0.293168
0.292077
0.290413
0.289588
0.289747
0.291052
0.292896
0.294612
0.295859
0.296163
0.294773
0.292827
0.292269
0.293110
0.293788
0.293962
0.294100
0.295038
0.296654
0.297908
0.298129
0.296429
0.294189
0.292968
0.292885
0.293822
0.295171
0.296322
0.296863
0.296374
0.294100
0.291466
0.290494
0.291027
0.291226
0.290852
0.291020
0.292411
0.294457
0.296108
0.296729
0.295442
0.293383
0.292465
0.292599
0.293876
0.295763
0.297411
0.298331
0.298268
0.296496
0.294422
0.293249
0.294225
0.295614
0.296627
0.297374
0.298466
0.300099
0.301322
0.301505
0.299874
0.297423
0.295903
0.295453
0.296202
0.297627
0.298737
0.299044
0.298407
0.296058
0.293192
0.291502
0.292075
0.292990
0.293349
0.293669
0.294832
0.296654
0.298020
0.298367
0.296827
0.294454
0.293569
0.293638
0.294789
0.296488
0.297946
0.298732
0.298592
0.296654
0.293962
0.292664
0.293568
0.294776
0.295425
0.295550
0.296019
0.297128
0.297903
0.297656
0.295492
0.292453
0.291072
0.290781
0.291690
0.293226
0.294742
0.295703
0.295674
0.293928
0.291699
0.290674
0.291792
0.293247
0.294196
0.294590
0.295144
0.296245
0.296943
0.296567
0.294384
0.291517
0.289929
0.289531
0.290377
0.291806
0.293177
0.294154
0.294267
0.292785
0.290499
0.289365
0.290210
0.291327
0.291903
0.292160
0.292969
0.294447
0.295442
0.295315
0.293274
0.290715
0.289485
0.289517
0.290660
0.292154
0.293535
0.294499
0.294462
0.292837
0.290636
0.289432
0.290175
0.291255
0.291822
0.291962
0.292533
0.293769
0.294557
0.294303
0.292186
0.289476
0.288002
0.287729
0.288603
0.289950
0.291211
0.291957
0.291639
0.289495
0.286756
0.285216
0.285782
0.286730
0.287102
0.287403
0.288546
0.290329
0.291622
0.291827
0.290223
0.287862
0.286614
0.286481
0.287602
0.289336
0.291025
0.292282
0.292506
0.290903
0.288719
0.287384
0.288260
0.289541
0.290195
0.290677
0.291924
0.293792
0.295147
0.295403
0.293798
0.291402
0.289982
0.289680
0.290676
0.292266
0.293681
0.294602
0.294512
0.292678
0.290239
0.288656
0.289283
0.290329
0.290767
0.291208
0.292508
0.294399
0.295778
0.296090
0.294605
0.292302
0.290940
0.290651
0.291643
0.293227
0.294579
0.295414
0.295171
0.293123
0.290511
0.288723
0.289083
0.289816
0.289801
0.290217
0.291787
0.293855
0.295320
0.295727
0.294334
0.292067
0.290987
0.291041
0.292436
0.294429
0.296144
0.297348
0.297577
0.296264
0.293849
0.292328
0.292988
0.294073
0.294539
0.294892
0.296052
0.297690
0.298691
0.298650
0.296800
0.294145
0.292519
0.292051
0.292824
0.294111
0.295329
0.296143
0.296041
0.294381
0.292701
0.290962
0.291123
0.291561
0.291356
0.291628
0.293053
0.294810
0.295971
0.295973
0.294349
0.291526
0.289770
0.289181
0.289918
0.291377
0.292431
0.292912
0.292724
0.291083
0.288435
0.286488
0.286746
0.287502
0.287630
0.288003
0.289454
0.291270
0.292512
0.292593
0.291014
0.288246
0.287089
0.287329
0.288839
0.290973
0.292784
0.294078
0.294462
0.293272
0.291847
0.290669
0.291436
0.292494
0.292832
0.293344
0.294862
0.296488
0.297148
0.296694
0.294706
0.291470
0.289685
0.289240
0.290143
0.291833
0.293292
0.294193
0.294187
0.292794
0.290245
0.288490
0.288702
0.289256
0.289158
0.289380
0.290754
0.292345
0.293000
0.292515
0.290536
0.287352
0.285774
0.285514
0.286499
0.288157
0.289588
0.290568
0.290657
0.289270
0.287356
0.286174
0.286892
0.287844
0.288150
0.288671
0.290233
0.291734
0.291892
0.290964
0.288652
0.285128
0.283066
0.282322
0.282814
0.284019
0.284941
0.285319
0.284903
0.283083
0.280064
0.277794
0.277684
0.278741
0.280603
0.282965
0.285400
0.287338
0.288418
0.288305
0.286886
0.284566
0.283435
0.283300
0.284172
0.285720
0.287388
0.288680
0.289277
0.288934
0.288711
0.287906
0.287952
0.287808
0.288143
0.289718
0.292315
0.294548
0.295380
0.295111
0.293594
0.290808
0.288770
0.287814
0.288150
0.289285
0.290397
0.291153
0.291033
0.289410
0.286742
0.283977
0.283060
0.283611
0.285262
0.287669
0.290257
0.292191
0.292816
0.292329
0.290697
0.288078
0.286829
0.286756
0.287885
0.289687
0.291319
0.292573
0.292942
0.291779
0.289751
0.287663
0.287325
0.288336
0.289871
0.291367
0.292944
0.294127
0.294089
0.292944
0.290476
0.286946
0.284383
0.282718
0.282361
0.282966
0.283376
0.283372
0.282622
0.280431
0.278217
0.275969
0.275394
0.276234
0.278416
0.281581
0.284837
0.287328
0.288519
0.288504
0.287412
0.285202
0.284231
0.284345
0.285559
0.287494
0.289428
0.290953
0.291655
0.290804
0.289503
0.287963
0.287786
0.288814
0.290427
0.292298
0.294272
0.295742
0.296046
0.295179
0.293207
0.290334
0.288328
0.287055
0.286932
0.287626
0.288450
0.288880
0.288541
0.287121
0.286014
0.284353
0.283504
0.284174
0.286631
0.290295
0.293912
0.296712
0.298338
0.298813
0.298206
0.296459
0.295680
0.295888
0.297043
0.298820
0.300753
0.302273
0.302933
0.301985
0.300572
0.298879
0.298133
0.298303
0.298583
0.299557
0.301561
0.303327
0.303855
0.303339
0.301831
0.299274
0.297385
0.296250
0.296245
0.296940
0.297763
0.298214
0.297851
0.295975
0.293993
0.291712
0.290424
0.290579
0.292065
0.294703
0.297498
0.299586
0.300534
0.300362
0.299329
0.297258
0.296077
0.295832
0.296554
0.297877
0.299318
0.300291
0.300380
0.298843
0.297131
0.295125
0.293935
0.293927
0.294883
0.296853
0.299165
0.300933
0.301554
0.301024
0.299679
0.297397
0.295881
0.295042
0.295201
0.296063
0.297129
0.297755
0.297570
0.296367
0.295477
0.294274
0.293870
0.294385
0.295673
0.297863
0.300350
0.302285
0.303106
0.302750
0.301585
0.299514
0.298543
0.298344
0.298980
0.299918
0.300953
0.301423
0.300899
0.298565
0.295592
0.292277
0.290103
0.289703
0.291349
0.294400
0.297458
0.299678
0.300515
0.300360
0.299429
0.297714
0.296823
0.296457
0.296893
0.298003
0.299435
0.300494
0.300769
0.299927
0.299368
0.298476
0.297899
0.297943
0.298752
0.300750
0.303467
0.305646
0.306747
0.306705
0.305839
0.304147
0.303280
0.302967
0.303424
0.304129
0.304916
0.305183
0.304328
0.301718
0.299044
0.295965
0.294158
0.293857
0.295408
0.298384
0.301408
0.303617
0.304431
0.304334
0.303578
0.301942
0.301700
0.302028
0.303081
0.304533
0.306280
0.307414
0.307567
0.306399
0.305353
0.303912
0.302844
0.302521
0.303232
0.305320
0.307781
0.309516
0.310058
0.309589
0.307994
0.305318
0.303789
0.302996
0.303091
0.303538
0.304124
0.304152
0.303188
0.300446
0.297179
0.293672
0.291320
0.290586
0.291820
0.294504
0.297456
0.299787
0.300886
0.300821
0.300122
0.298635
0.298114
0.298348
0.299091
0.300271
0.301751
0.302781
0.302883
0.301553
0.300480
0.298962
0.297869
0.297674
0.298663
0.300973
0.304087
0.306705
0.308219
0.308606
0.308238
0.307023
0.306530
0.306652
0.307234
0.308178
0.309473
0.310279
0.310061
0.308210
0.306511
0.304419
0.302855
0.302211
0.302970
0.305167
0.308189
0.310787
0.312307
0.312728
0.312386
0.311570
0.310683
0.311079
0.311704
0.312700
0.313941
0.315064
0.315314
0.314415
0.312826
0.310998
0.309440
0.308522
0.308822
0.310627
0.313525
0.316238
0.317918
0.318460
0.317783
0.316287
0.314501
0.314073
0.314234
0.314824
0.315520
0.316307
0.316349
0.315459
0.313215
0.310788
0.308137
0.306022
0.304958
0.305402
0.307115
0.309313
0.311421
0.312566
0.312375
0.311357
0.309741
0.309234
0.309376
0.310000
0.310818
0.311843
0.312215
0.311546
0.309653
0.308375
0.306568
0.305057
0.304422
0.305201
0.307354
0.309986
0.312329
0.313606
0.313627
0.312896
0.311723
0.310360
0.310350
0.310526
0.310963
0.311552
0.312111
0.311747
0.310201
0.308049
0.305841
0.303615
0.302153
0.302036
0.303437
0.305834
0.308126
0.309550
0.310009
0.309146
0.307772
0.306346
0.306155
0.306558
0.307416
0.308529
0.309866
0.310755
0.310708
0.309431
0.308458
0.306822
0.305509
0.305111
0.306323
0.308883
0.311641
0.314002
0.315142
0.315120
0.313953
0.311730
0.310113
0.309205
0.308872
0.308800
0.308994
0.308787
0.307484
0.305282
0.303406
0.301031
0.299270
0.298407
0.298971
0.300822
0.303416
0.305732
0.307201
0.307556
0.306286
0.304472
0.302716
0.302288
0.302506
0.303045
0.303773
0.304556
0.304895
0.304424
0.302070
0.299583
0.296802
0.295931
0.296193
0.298045
0.301112
0.304210
0.306762
0.308119
0.308299
0.307475
0.305826
0.304530
0.304322
0.304502
0.305009
0.305662
0.306115
0.305477
0.304167
0.303352
0.302129
0.301112
0.300797
0.301872
0.304237
0.307175
0.309854
0.311340
0.311524
0.310421
0.307659
0.305218
0.303896
0.303045
0.302674
0.302517
0.301936
0.300323
0.297942
0.296175
0.293447
0.291323
0.290375
0.291114
0.293308
0.296280
0.298860
0.300771
0.301743
0.301139
0.299788
0.298294
0.297993
0.298225
0.298469
0.298735
0.299162
0.299132
0.298200
0.296157
0.294595
0.292616
0.292292
0.293047
0.295252
0.298372
0.301727
0.304440
0.306171
0.306706
0.306211
0.304644
0.302758
0.302153
0.301793
0.301433
0.301020
0.300770
0.299729
0.297554
0.295247
0.293126
0.291862
0.292018
0.293491
0.296404
0.300126
0.303180
0.305453
0.306554
0.306591
0.305766
0.303990
0.303319
0.303208
0.303368
0.303681
0.304015
0.304047
0.303440
0.301745
0.300708
0.299222
0.299347
0.300527
0.303247
0.307037
0.310484
0.313149
0.314644
0.314872
0.314141
0.312570
0.310817
0.310185
0.309892
0.309897
0.309962
0.309910
0.309009
0.307065
0.305586
0.303735
0.302783
0.303001
0.304543
0.307362
0.310718
0.313525
0.315343
0.315981
0.315365
0.313654
0.311543
0.310648
0.310188
0.310015
0.309845
0.309778
0.309144
0.307581
0.304852
0.302390
0.300499
0.300405
0.301377
0.303747
0.306997
0.310400
0.313112
0.314895
0.315491
0.314998
0.313965
0.312425
0.311946
0.311678
0.311408
0.311076
0.310919
0.309963
0.307980
0.305764
0.303950
0.302592
0.302755
0.303879
0.306358
0.309594
0.312455
0.314552
0.315483
0.315158
0.313929
0.311742
0.309792
0.308937
0.308341
0.308020
0.307589
0.307127
0.305827
0.303508
0.301730
0.299575
0.298580
0.298697
0.300201
0.303016
0.306421
0.309283
0.311175
0.311956
0.311366
0.309857
0.308241
0.307716
0.307697
0.307668
0.307549
0.307574
0.307007
0.305678
0.304607
0.303916
0.303142
0.303775
0.305236
0.308004
0.311491
0.314543
0.267936
0.267131
0.266123
0.266242
0.267852
0.270968
0.275511
0.281412
0.288586
0.296950
0.306419
0.316910
0.328334
0.340497
0.352942
0.365352
0.377471
0.389308
0.400994
0.412295
0.422846
0.431678
0.439682
0.446835
0.453062
0.457485
0.267950
0.267282
0.266820
0.267707
0.269767
0.273047
0.277370
0.282510
0.288270
0.294508
0.300950
0.307964
0.314863
0.321564
0.328215
0.334420
0.339875
0.344472
0.348490
0.352035
0.354862
0.358543
0.362383
0.366754
0.370908
0.374073
0.376754
0.380063
0.384889
0.389736
0.393606
0.396370
0.397954
0.398572
0.398195
0.396848
0.394531
0.391247
0.386995
0.381939
0.376593
0.370672
0.364563
0.358246
0.351998
0.345570
0.338809
0.331902
0.326108
0.321003
0.317463
0.314804
0.312039
0.310028
0.308294
0.306211
0.303384
0.299498
0.295994
0.293443
0.291881
0.290395
0.289350
0.288699
0.288375
0.288941
0.290574
0.293119
0.296281
0.299413
0.302082
0.304161
0.305182
0.305155
0.304158
0.302639
0.301025
0.299073
0.296486
0.293689
0.290459
0.286264
0.281002
0.274832
0.267783
0.259964
0.251384
0.242185
0.232251
0.221574
0.210113
0.198042
0.185492
0.172432
0.268028
0.267443
0.267634
0.269244
0.271949
0.275631
0.280301
0.285967
0.292634
0.300304
0.308972
0.318605
0.329151
0.340537
0.352317
0.364176
0.375939
0.387396
0.398251
0.408584
0.418391
0.427759
0.435999
0.441954
0.446156
0.449354
0.451762
0.453575
0.454500
0.454405
0.453273
0.451125
0.267949
0.267242
0.266701
0.267465
0.269525
0.272912
0.277383
0.282584
0.288384
0.294761
0.301232
0.308293
0.315173
0.321922
0.328890
0.335562
0.341465
0.346579
0.351095
0.355025
0.358041
0.361298
0.364662
0.368415
0.372103
0.374873
0.376997
0.378529
0.379387
0.379498
0.378415
0.377329
0.375400
0.372429
0.368975
0.365292
0.361688
0.358410
0.356354
0.356089
0.355880
0.355952
0.356863
0.358459
0.360163
0.361155
0.361652
0.361558
0.360724
0.359514
0.357368
0.355770
0.354905
0.353873
0.352003
0.349332
0.346381
0.343152
0.267948
0.267240
0.267399
0.269177
0.272262
0.276462
0.281427
0.287009
0.293135
0.299474
0.306205
0.313006
0.319489
0.326124
0.332540
0.338535
0.344218
0.349770
0.355061
0.359730
0.364458
0.369809
0.373629
0.376670
0.378906
0.380617
0.381819
0.382610
0.382952
0.382569
0.382523
0.382720
0.381624
0.379836
0.377354
0.374279
0.370615
0.366309
0.363204
0.362091
0.361306
0.361193
0.360529
0.359734
0.358991
0.357940
0.357054
0.355802
0.353972
0.351188
0.346870
0.341500
0.335130
0.327955
0.320065
0.311302
0.301134
0.289902
0.279318
0.270154
0.262915
0.257823
0.255164
0.254654
0.255887
0.258063
0.260761
0.263589
0.265821
0.267032
0.267181
0.266471
0.265348
0.263946
0.262117
0.259972
0.257790
0.255596
0.253444
0.251329
0.249243
0.247195
0.245145
0.242994
0.240668
0.238118
0.235297
0.232168
0.228721
0.225744
0.267982
0.267427
0.267809
0.269544
0.272195
0.275487
0.279642
0.284690
0.290661
0.297576
0.305449
0.314282
0.324052
0.334709
0.345983
0.357488
0.369022
0.380406
0.391420
0.401689
0.411261
0.420412
0.429013
0.435930
0.440251
0.443662
0.446170
0.447791
0.448550
0.448473
0.447531
0.445668
0.442822
0.438910
0.267952
0.267293
0.266793
0.267371
0.269014
0.271297
0.274103
0.277469
0.281434
0.285995
0.290852
0.295912
0.300857
0.305970
0.311308
0.316459
0.321431
0.326349
0.331417
0.336128
0.340233
0.344164
0.348574
0.353183
0.357381
0.361133
0.363674
0.364236
0.363467
0.361662
0.359101
0.355719
0.351522
0.346477
0.340636
0.334111
0.326915
0.319082
0.311077
0.303277
0.295301
0.286624
0.277407
0.267651
0.257356
0.267987
0.267165
0.266931
0.268083
0.270355
0.273794
0.278103
0.283267
0.289018
0.295229
0.301476
0.308083
0.314431
0.320545
0.326842
0.333450
0.340346
0.346996
0.352915
0.358146
0.362278
0.364878
0.366931
0.368091
0.370138
0.373121
0.377030
0.381417
0.385371
0.388271
0.389785
0.389810
0.388961
0.387305
0.384249
0.379584
0.373738
0.366805
0.358873
0.351015
0.343731
0.336590
0.329595
0.323828
0.318966
0.313804
0.307662
0.303503
0.301469
0.302162
