0.000000
10.648830
10.072565
9.661855
9.738953
9.477220
9.258891
9.245046
9.323571
9.033324
12.976132
10.295933
20.976110
21.974838
21.373924
20.816427
21.049549
21.380766
20.825403
20.829813
20.692890
19.295681
1.197734
-3.660568
1.423586
2.781683
1.605308
-0.253076
-0.810896
-1.277812
-0.981768
0.512006
-1.507340
20.483120
0.000000
0.914749
7.510115
23.700001
23.700001
23.700001
23.700001
15.768522
-5.432358
1.079049
4.238390
0.921091
2.393577
0.332108
0.171841
-0.809105
-0.073611
-0.235047
-5.001729
1.411028
0.000000
-13.477604
1.564745
5.092420
16.769224
20.643873
20.853502
13.206543
-6.559357
5.815084
-0.923543
-1.424821
2.588545
1.174394
1.031874
-0.352055
-1.875771
-2.128597
-3.932613
0.408334
0.000000
-12.860149
1.767363
14.793627
18.478668
16.566448
-0.793311
-0.199887
-5.627686
4.020371
1.125855
-2.072741
1.868929
0.534344
1.052285
0.395852
-1.079813
-1.413855
-4.967483
-0.766272
0.000000
-14.160952
-5.185375
23.594614
23.063908
19.540157
1.667713
0.780347
-6.878192
2.490167
1.563070
-1.027161
1.614858
1.096667
0.395226
-2.018337
-2.583133
-1.621702
-4.540806
-1.018099
0.000000
-10.839264
-4.663124
23.465565
23.324341
21.194489
2.505902
-0.225221
-6.140041
3.962901
1.008097
-1.518941
2.143527
0.860796
0.438231
-1.643325
-2.475715
-1.689662
-4.621273
-1.127610
0.000000
-12.057682
-5.005070
23.700001
23.595381
20.298840
2.243766
1.292058
-6.569692
3.936174
1.351269
-2.173067
2.199619
0.796506
0.741896
-1.158784
-2.682793
-1.248319
-3.603222
-1.005831
0.000000
-10.980541
-5.269642
23.579487
22.596134
20.498024
1.758390
1.198183
-8.034272
3.819616
1.749477
-2.120794
2.291368
1.091120
0.500441
-1.753154
-2.299621
-1.235678
-4.518561
-0.546608
0.000000
-14.091686
-4.937396
21.134331
21.748783
19.090342
2.443429
0.305727
-5.867208
3.932471
1.190588
-1.917711
2.210406
0.824696
0.667614
-1.034305
-1.712758
-1.633322
-4.634053
-0.872207
0.000000
-15.694181
-6.021332
23.700001
22.950920
16.737833
1.460564
1.309223
-7.014160
3.019118
2.418840
-1.524075
1.786425
1.129819
0.422334
-1.898313
-2.163071
-1.123994
-3.889667
-0.386435
0.000000
-12.378416
-4.199587
21.650196
22.270861
19.731098
1.919460
-0.478402
-5.733874
3.726965
1.416756
-1.742232
2.219946
0.768106
0.258882
-1.697782
-1.785480
-1.822475
-5.093682
-0.845158
0.000000
-12.465378
-5.252446
23.700001
23.192268
16.754885
1.496866
1.317338
-6.297431
3.543063
2.285587
-1.350551
1.741234
0.844893
0.512426
-2.238385
-2.943480
-1.428755
-3.417780
-0.776595
0.000000
-9.721355
-3.980760
23.534637
23.293526
20.035839
1.494118
1.071673
-6.677656
4.062047
2.527973
-2.054462
2.231879
0.956989
-0.213189
-2.249521
-2.215302
-1.500517
-4.182870
-0.754952
0.000000
-11.968063
-5.461962
23.194242
23.239408
22.084494
2.660810
1.028380
-7.253059
4.575235
1.812295
-1.566686
2.091370
0.856736
0.134248
-2.028386
-2.069348
-1.605925
-4.131848
-0.669934
0.000000
-13.506023
-4.982304
23.456181
22.867390
19.482218
1.652107
1.183414
-6.414937
3.993414
2.640490
-1.605477
1.973963
0.822811
-0.242336
-2.144061
-1.970717
-1.583996
-3.281325
-0.703260
0.000000
-12.445709
-5.119934
23.700001
23.700001
18.686209
1.690277
1.386819
-5.934874
4.105458
2.081672
-1.392549
1.908077
0.601543
-0.031686
-2.441479
-2.191878
-1.519211
-4.588854
-0.380150
0.000000
-11.722298
-3.240358
22.312595
23.239321
20.166632
2.667985
1.218181
-6.603625
4.386153
1.880529
-1.565084
2.148052
0.702892
0.231708
-2.573340
-2.654071
-1.657982
-4.775128
-0.605161
0.000000
-9.342712
-3.884148
23.243710
23.335718
19.614332
1.518597
1.349518
-6.444686
4.277808
3.277007
-1.373502
2.122401
0.659554
-0.949242
-2.516958
-2.172932
-1.665137
-3.385021
-0.900808
0.000000
-11.586517
-4.875971
23.700001
23.616295
21.083792
1.947855
1.511482
-7.211699
4.537036
3.065111
-1.262278
2.135026
0.690809
-0.237486
-2.715429
-2.518335
-1.408194
-4.194520
-0.285821
0.000000
-9.657463
-2.711806
22.609518
23.141197
22.556347
2.723440
1.258343
-6.694880
4.126123
3.323644
-1.552819
2.315328
0.869220
-0.795002
-2.706218
-2.441887
-1.817873
-4.345238
-0.560691
0.000000
-9.219048
-3.521494
23.595066
23.480473
20.870153
1.605267
1.456422
-6.679362
4.464962
3.740857
-1.140549
2.235713
0.676216
-0.880629
-2.901170
-2.588481
-1.651471
-4.315294
-0.606986
0.000000
-9.860966
-3.876837
23.464933
23.288527
20.756817
1.694243
1.480904
-6.868077
4.537766
3.616685
-1.397678
2.273853
0.798977
-0.619586
-2.827550
-2.764180
-1.710938
-3.852465
-0.795245
0.000000
-9.452950
-4.000605
23.616077
23.353745
19.309387
1.623370
1.523430
-7.699418
3.930270
4.377171
-0.361040
2.269171
0.975205
-0.618938
-2.942795
-2.715024
-1.753479
-5.374089
-0.500586
0.000000
-9.604187
-3.691911
23.297424
23.112232
18.458755
1.633471
1.461652
-7.141752
4.175766
4.181824
-0.609024
2.176667
0.955214
-0.492021
-3.001394
-2.777243
-1.789423
-5.919499
-0.475359
0.000000
-9.545570
-3.143897
23.283567
23.176987
18.957376
1.607003
1.437606
-7.921095
3.632665
5.018849
-0.099353
2.216456
0.979626
-0.544697
-3.056822
-2.901547
-1.862389
-6.140310
-0.914564
0.000000
-8.756435
-3.335901
23.351871
23.257656
19.219276
1.608887
1.525679
-7.832374
4.032460
4.662587
1.076563
1.968886
0.902473
-0.273977
-2.930856
-3.301297
-1.851254
-7.227799
-1.068902
0.000000
-9.187809
-2.849251
23.581367
23.690260
19.349224
1.651109
1.603152
-8.594159
4.051931
4.347397
1.503146
1.791609
0.902987
-0.212630
-2.832244
-3.535375
-3.221976
-7.062876
-0.398151
0.000000
-6.681801
-3.090343
22.752098
23.151197
15.675001
1.708816
1.628768
-9.069555
3.957327
5.124677
2.048731
1.367894
1.179777
-1.637357
-3.104513
-2.851247
-2.555780
-3.596480
-0.741589
0.000000
-8.765285
-3.049955
23.496643
23.515131
22.243401
1.723698
1.634817
-7.870030
4.245299
5.122163
1.378704
1.907879
0.812959
-0.389200
-3.256108
-3.489111
-1.957297
-7.207556
-1.175155
0.000000
-8.174969
-2.127365
23.598797
23.700001
21.835815
1.683721
1.651830
-8.380564
3.508474
5.349274
3.043332
2.422126
0.614271
-0.594874
-3.445677
-3.686560
-2.180249
-6.884899
-1.297000
0.000000
-8.123055
-1.981592
23.218519
23.475704
21.435013
1.793144
1.751072
-14.543850
2.642950
6.795732
0.904596
2.708722
0.631964
-0.478327
-3.085302
-2.445517
-2.077016
-6.889239
-1.362117
0.000000
-9.477821
-1.977409
23.468704
23.522863
23.002979
1.728378
1.701076
-13.954901
2.481495
5.990546
1.041810
2.787339
0.354387
-0.617942
-4.306384
-2.280831
-3.160732
-6.572434
-1.215899
0.000000
-7.371666
-2.562050
22.991207
22.806870
20.707056
2.146825
1.701832
-13.777481
1.424865
6.925367
2.002542
3.056383
0.735470
-0.698204
-3.433480
-2.557413
-1.906989
-5.960952
-1.572272
0.000000
-9.644943
-2.170982
23.638107
23.505114
23.308769
1.716852
1.690396
-13.907006
2.130012
6.605726
1.766886
3.179468
0.419698
-0.571871
-3.422112
-3.614594
-2.349644
-8.340775
-0.930634
0.000000
-7.866951
-1.967003
23.045067
22.851288
21.782408
1.771003
1.675701
-15.099690
1.887819
8.392769
2.293489
3.252440
0.587960
-0.865366
-3.695132
-3.916863
-1.854002
-5.433963
-1.623680
0.000000
-8.680416
-2.123077
23.696615
23.325092
23.080770
1.982831
1.659358
-14.444645
2.356539
6.859489
2.389134
3.259634
0.564657
-0.919644
-3.844001
-3.854187
-1.929964
-8.503909
-1.121109
0.000000
-6.551300
-0.475044
23.117374
23.120014
22.187115
1.738136
1.679730
-15.199530
2.404716
7.070890
1.944298
3.050093
0.595310
-0.818392
-3.719974
-3.452888
-1.405800
-5.645568
-1.726244
0.000000
-8.165115
-0.824734
23.700001
23.700001
23.125710
1.701936
1.690834
-14.077780
2.237115
5.959055
2.396654
3.478919
0.447476
-0.732142
-3.525565
-4.006529
-1.917596
-6.399534
-1.149715
0.000000
-5.893959
-1.138821
22.816406
22.659788
22.422766
1.755299
1.697387
-16.683245
2.357472
8.006199
1.946246
3.703125
0.605403
-0.953982
-3.863060
-3.419654
-1.655615
-6.883256
-1.284382
0.000000
-8.500603
-2.027502
23.568649
23.408142
22.942366
1.650021
1.610905
-14.520131
1.677072
6.745936
3.036808
3.843557
0.586249
-0.917407
-3.868723
-4.064362
-2.331833
-7.446713
-1.142790
0.000000
-5.974693
-1.298565
22.686302
22.351917
21.433285
1.783116
1.631378
-17.123705
1.877559
8.554737
2.394388
3.792258
0.435945
-1.187942
-3.735797
-2.897386
-2.762561
-7.169291
-1.466655
0.000000
-8.454826
-2.351309
23.077988
22.532377
20.767607
1.761348
1.592968
-15.539177
1.309502
7.672025
2.677889
3.663927
0.452209
-1.067373
-4.037602
-2.886866
-3.191095
-6.564523
-1.861422
0.000000
-7.869656
-2.303452
22.577129
21.781139
15.160944
2.105945
1.583611
-14.885890
0.303064
6.892972
3.730984
3.482677
0.898077
-1.180074
-4.208060
-2.823833
-1.778458
-5.062198
-1.879948
0.000000
-6.925644
-1.891621
22.730824
20.256748
15.236442
2.614063
1.492740
-13.929996
0.728692
6.802670
3.369320
3.956945
0.696437
-1.074009
-3.897038
-3.288102
-2.559067
-7.557006
-3.685372
0.000000
-8.534348
-2.455345
23.504221
22.882677
18.795288
1.519282
1.503515
-13.756607
0.780338
6.297708
2.410647
2.919824
0.858631
-0.696041
-4.140216
-2.071232
-1.959270
-5.517021
-1.965853
0.000000
-5.633675
-2.523572
21.795063
13.517023
11.975470
4.660907
1.539788
-13.030272
0.572060
6.894955
3.595434
2.980479
0.849556
-0.486615
-3.092401
-3.199084
-2.584081
-7.005836
-3.793344
0.000000
-8.401646
-2.965906
23.123646
16.999212
12.255349
2.186210
1.368643
-12.715671
0.188295
5.204874
3.587677
2.119858
0.811680
-0.634730
-3.236329
-1.723432
-1.448554
-6.884322
-3.151709
0.000000
-8.579742
-3.501743
21.474413
13.816278
9.873648
2.339786
1.220485
-13.416471
-0.925872
7.771198
3.298684
3.185344
-0.157424
-0.402443
-1.288235
-1.951549
-1.782366
-5.397300
-3.133313
0.000000
-10.736568
-4.321014
22.556597
14.331964
10.595533
1.743990
-0.238320
-14.116901
-1.157697
6.802073
2.354957
5.070212
0.278959
-0.471373
-2.178191
-1.179922
-1.453931
-6.366617
-2.884210
0.000000
-15.096737
-8.662693
21.756805
14.208189
9.463081
1.127023
0.386877
-12.614399
-1.974777
6.960300
1.966376
4.866126
0.419163
-0.329538
-1.654024
-1.258748
-1.547488
-6.272567
-2.460207
0.000000
-13.341736
-6.602448
23.700001
15.408915
9.039899
1.221501
1.074356
-11.654555
-3.829328
5.678399
2.004713
4.620292
0.758397
-0.406033
-1.427393
-1.637087
-2.216006
-6.405629
-2.795004
0.000000
-10.593872
-4.934832
23.672201
17.773003
13.743793
1.677730
1.276546
-11.925453
-1.069572
6.525946
3.452249
4.670660
0.484189
-0.643465
-1.894167
-2.002194
-2.145581
-7.847374
-2.949349
0.000000
-9.025490
-3.244377
23.700001
21.025341
16.513292
1.880265
1.388783
-11.355654
-0.377397
4.623606
4.979457
4.302593
1.057091
-0.553949
-3.863269
-1.888018
-1.831575
-8.538527
-3.060662
0.000000
-6.590462
-2.185173
22.446943
17.732689
13.896307
2.299992
1.505636
-12.862389
-0.249420
4.879364
4.750724
5.056509
0.825008
-0.754004
-3.376164
-2.179929
-2.077904
-7.321841
-2.605790
0.000000
-8.469730
-2.815077
22.697441
16.826490
14.179476
2.552464
1.398625
-12.910596
-0.952795
7.119618
3.803715
5.330142
0.569267
-1.109518
-2.981101
-2.523589
-2.123954
-7.385907
-2.865923
0.000000
-9.321857
-2.770725
23.071461
19.769600
13.661682
1.796356
1.363529
-13.605669
-0.079113
7.089227
4.226717
5.191369
0.696524
-1.139650
-3.005875
-2.222879
-2.230894
-7.133731
-3.197304
0.000000
-9.508152
-2.965933
23.242304
18.970423
12.486656
1.577300
1.400267
-13.260728
-0.878094
6.825638
4.487041
5.211049
0.778600
-1.021993
-3.340472
-2.759173
-2.418007
-7.036667
-2.970268
0.000000
-8.234940
-2.566381
23.385023
20.824877
14.673292
1.530030
1.430551
-13.989174
-0.757671
8.080669
4.319096
5.258536
0.855509
-1.310550
-3.804205
-2.845195
-2.646275
-6.427346
-2.865355
0.000000
-8.679817
-2.250671
23.700001
20.720945
11.950975
1.563515
1.502329
-12.064927
-3.431763
4.046486
4.960858
5.215540
1.163771
-0.930881
-3.383608
-2.514804
-1.956122
-7.523636
-2.602035
0.000000
-7.431301
-2.256624
22.831011
18.820919
14.433603
1.842023
1.579199
-12.652858
-2.994949
9.430949
3.579785
4.698448
1.138346
-1.186974
-4.286102
-3.273572
-1.965364
-7.446032
-3.305495
0.000000
-9.436619
-2.958565
23.700001
23.700001
22.661354
1.542031
1.547645
-8.795411
-2.918670
6.266305
1.657166
5.507876
0.519821
-1.413961
-3.214108
-2.657798
-1.290676
-6.902776
-2.389525
0.000000
-9.486870
-3.722200
23.700001
18.482170
12.368472
1.705285
1.628716
-10.392637
-3.406591
8.785729
1.529599
4.662068
1.430005
-1.060729
-3.039179
-2.682018
-1.597763
-4.456539
-1.479876
0.000000
-8.318134
-3.211218
23.700001
23.015003
16.440073
1.678529
1.663495
-5.103765
-3.475234
6.080147
2.252094
5.378698
1.292660
-1.448930
-2.727296
-2.327219
-0.715195
-4.848513
-1.210358
0.000000
-7.733223
-2.021492
23.700001
19.521465
14.107583
1.710039
1.679460
-8.666659
-5.173805
7.592892
1.928215
4.929311
1.439737
-1.457858
-2.797586
-2.428618
-1.396734
-3.652719
-0.721280
0.000000
-6.591209
0.336479
23.700001
17.191845
13.432020
1.704248
1.681980
-5.725830
-2.908448
7.404596
1.707284
5.422306
0.844329
-2.308633
-3.776192
-2.252861
0.031645
-8.620574
-2.486689
0.000000
-2.305801
3.880848
23.287369
22.787239
19.056404
2.187372
1.810043
-14.363822
-2.826667
9.385548
5.276134
2.849362
0.904999
-2.281604
-4.468295
-4.317283
-1.295608
-4.162923
-1.016372
0.000000
-4.801159
1.335693
22.932886
23.700001
20.640659
1.853804
1.848741
-11.961971
-3.713442
7.149149
2.135192
5.563788
0.892177
-2.407643
-4.305319
-3.761867
-0.658429
-4.095429
-1.224090
0.000000
-4.222103
2.470448
23.007366
22.916929
20.245508
1.865160
1.857085
-11.580176
-3.764781
7.897683
2.083355
4.614848
0.774749
-1.901324
-4.028944
-2.995205
-0.413970
-4.930211
-1.180870
0.000000
-3.895767
3.994965
22.084869
23.700001
17.697710
1.788155
1.803696
-15.474321
-2.853683
9.037102
2.256108
4.739127
0.522799
-2.917861
-5.015461
-3.198782
-0.743730
-4.928084
-1.505115
0.000000
-3.107227
3.216454
21.070080
23.700001
20.350384
1.899279
1.890832
-12.317009
-5.285224
8.213630
5.343671
3.950931
0.632499
-2.343226
-5.000868
-4.136378
-0.691333
-4.435670
-1.842361
0.000000
0.058083
8.672611
23.021339
20.139839
12.864399
1.871903
1.863978
-19.042589
-2.751860
9.274561
4.403456
3.933636
-0.328122
-3.131022
-5.522905
-3.446420
-0.956227
-4.609766
-1.108254
0.000000
-0.755043
5.828682
22.598179
22.512556
17.929190
1.999474
1.979206
-15.847400
-6.678901
8.828398
5.056899
4.535092
0.444483
-1.729864
-5.895790
-5.475453
-1.841708
-3.931342
-1.246168
0.000000
0.725044
9.153236
21.749735
21.325596
13.107828
1.915446
1.895418
-18.650345
-3.373672
9.102947
3.924172
4.942575
0.201514
-2.538619
-5.802788
-4.031540
-1.220338
-4.358451
-1.560668
0.000000
1.059494
7.691994
23.158005
23.041618
18.934303
1.923327
1.888650
-16.424046
-2.640351
8.517190
4.672076
4.451127
0.027539
-2.414675
-6.144080
-5.596059
-1.055676
-4.086448
-1.965156
0.000000
1.939346
10.079277
22.797186
20.267365
14.605428
1.851341
1.830676
-18.737576
-2.084826
9.019753
4.187495
3.003263
0.337314
-2.005483
-5.071551
-4.643566
-1.312114
-4.299341
-1.924646
0.000000
2.915703
9.043812
22.428421
22.634037
7.739971
1.907230
1.862401
-14.229470
-6.576930
7.192054
4.693386
4.551292
-0.038961
-2.961585
-6.106056
-3.566916
-1.756499
-4.488296
-0.437074
0.000000
1.653122
11.434166
20.912189
19.383251
13.188700
1.872974
1.874301
-19.854727
-1.157200
7.857154
4.925288
3.494495
0.716422
-2.040160
-5.366842
-4.382062
-1.952048
-3.814112
-1.814319
0.000000
6.265091
13.869213
18.058741
19.584583
2.146749
2.016328
1.982876
-17.809975
-3.441847
6.500969
4.911505
4.329973
-0.196810
-2.651105
-6.122242
-3.756092
-1.719894
-5.358710
-0.391376
0.000000
6.085854
16.248795
21.175159
19.549240
9.169596
2.048153
2.044529
-18.085556
-3.421891
8.134411
5.661356
3.235384
0.919774
-3.006294
-5.438952
-5.420442
-1.247229
-3.913089
-0.998484
0.000000
8.024780
17.247932
20.963392
20.128340
3.144613
2.128123
2.094426
-17.455435
-6.400704
6.740579
4.722452
4.177978
0.782503
-2.960948
-5.830365
-4.782483
-0.940876
-5.475729
-1.710091
13.793180
0.000000
18.112022
23.700001
19.185703
5.661860
2.187747
2.191969
2.188867
-3.810365
6.156306
6.395650
3.589140
1.075401
-2.703036
-6.151831
-4.845560
-2.033289
-4.456834
-1.963549
8.777681
0.000000
19.467999
23.700001
17.135115
2.675049
2.344994
2.338983
2.287384
-6.819028
5.973605
6.183136
3.495667
0.528746
-2.350204
-4.682624
-5.166647
-2.795875
-1.392268
-2.902824
-0.224053
0.000000
18.841476
23.700001
13.843436
3.241026
2.446254
2.413316
2.363113
-17.652094
3.266894
8.246730
5.076477
-0.285665
-0.266412
-3.319339
-5.117631
-3.254952
-1.060199
-2.179882
-1.601932
0.000000
13.535255
23.613075
9.116758
3.282958
2.330895
2.247167
2.160931
-23.496727
-8.291821
6.409299
3.798080
3.051220
0.189039
-3.462277
-7.088296
-7.340419
0.328727
-4.668864
-2.887943
22.008350
0.000000
19.421562
23.700001
19.297203
2.135493
2.125232
2.095892
2.056835
-3.691344
5.094113
2.734930
1.278728
1.009659
-2.842911
-5.013366
-6.447021
-1.207686
-1.457799
-3.353083
-2.846203
0.000000
18.001541
23.700001
14.598373
2.691684
2.202223
2.193975
2.175109
-14.538919
5.519525
5.856785
5.959707
-0.774478
-0.960624
-4.000247
-6.461185
-4.143499
-0.873368
-3.801735
-2.156717
23.700001
0.000000
23.700001
23.700001
14.144124
2.381158
2.295204
2.224899
2.110698
-2.624684
6.012244
3.871245
1.369464
0.499866
-2.115705
-5.943747
-8.316401
0.136336
-2.611456
-1.657533
7.069383
0.000000
21.557293
23.700001
18.196754
2.272307
2.219231
2.155303
2.050080
-3.091866
5.426773
3.509187
2.881067
0.769538
-1.950525
-4.062398
-6.811938
-3.579122
-0.026951
-3.479393
-4.157073
23.700001
0.000000
20.650715
23.700001
13.385981
2.023175
1.963577
1.903184
1.843181
-4.639093
4.992089
-1.700342
0.741627
0.706846
-2.640931
-4.827340
-6.783290
0.368050
-5.002310
-1.652271
6.621328
0.000000
22.623669
23.700001
15.375015
2.442347
2.282661
2.230290
2.180856
-12.492342
4.247547
4.216113
3.481418
-0.189684
-0.594334
-4.663303
-6.641788
-1.416265
-1.589372
-1.300784
2.754559
0.000000
21.611286
23.700001
18.889751
2.324823
2.181746
2.069899
1.798253
-0.083824
1.568382
1.019697
4.328152
1.313337
-1.067477
-4.246391
-7.035418
-7.262163
1.690777
-2.474188
-2.692129
23.700001
0.000000
23.179760
23.700001
2.918448
2.063535
1.989780
1.926925
1.873073
0.691818
5.001721
-2.942122
-0.474935
1.616621
-2.354561
-5.181686
-6.204010
-3.034954
0.831871
-2.840867
0.554342
0.000000
22.163235
23.700001
19.957890
2.361467
2.294121
2.256428
2.212559
-23.700001
5.049835
3.221516
0.543588
-0.424671
0.477852
-3.567759
-6.679529
-6.148134
0.670861
-4.634508
-1.233892
23.700001
0.000000
23.700001
22.867952
7.637801
2.185602
2.105420
2.030674
1.907007
5.463948
5.335536
-3.220740
0.521396
1.477814
-1.600519
-4.477077
-5.908525
-0.474118
0.786518
-1.343534
-9.844145
0.000000
20.962059
23.700001
18.911694
2.196599
2.146854
2.085481
2.003167
-16.513702
2.036322
1.908362
0.496748
-0.915824
0.478021
-3.122417
-5.108495
-4.069072
1.217629
-1.876225
-1.283121
0.000000
13.950428
22.804913
19.215857
2.879979
1.990790
1.895330
1.827649
-22.096857
0.441241
5.058591
-3.622085
1.796192
0.386070
-2.492086
-4.537945
-4.322789
-2.391986
0.273252
-4.054369
-1.116790
0.000000
14.357082
23.700001
19.242332
2.063561
2.046997
1.987732
1.931194
-23.700001
1.913912
4.192194
-2.446276
-1.268935
0.941312
-2.685314
-4.989755
-4.864812
0.284067
-0.278748
-2.103628
-3.535118
0.000000
23.304180
23.700001
20.882439
2.329766
2.276859
2.176761
2.104757
-15.219973
1.464935
3.693515
0.331238
-0.774985
0.930036
-2.944442
-5.651605
-3.971460
0.931670
-2.070199
-0.262360
23.700001
0.000000
23.700001
23.700001
2.236837
2.039031
1.971303
1.891934
1.788536
7.008156
2.875322
-5.882755
-0.573961
1.210516
-1.937144
-6.083164
-4.224122
-0.122441
0.000000
7.567791
22.859615
21.667721
20.606556
19.407825
18.540388
17.730165
17.037998
16.029568
14.912323
14.552896
13.841072
8.373917
6.990676
7.562602
10.673122
9.960928
9.006136
7.876925
6.417511
1.511553
0.844843
0.163818
-0.405930
-0.504857
-0.986533
11.149688
22.583544
21.851913
21.064445
18.968510
12.107419
9.675117
9.488366
16.335558
10.222480
20.239529
21.813143
5.730165
2.563303
1.909760
1.857085
1.935771
1.965813
-2.958997
2.991167
-3.188756
-1.915338
1.112198
-0.460717
-0.313067
-0.702533
-0.707375
-0.534770
-0.841510
-1.004457
-0.928189
0.055803
1.036782
0.872516
0.664469
0.465232
0.206296
-2.341510
-3.992397
-11.968828
-12.352580
-7.956033
-2.398419
19.035778
18.569571
11.665174
18.133762
20.837490
20.701181
0.000000
17.919949
17.734571
13.036177
10.718653
9.122590
8.401464
8.765617
23.700001
-5.518654
-9.825369
3.037333
1.994180
-8.172792
0.922523
1.172566
0.498863
0.637405
-0.922840
0.331983
0.637623
1.341237
1.574422
2.298775
1.573630
0.036568
-5.628914
-2.900035
16.686825
0.363979
-0.573290
-5.800991
4.565321
-18.414400
23.680500
23.601923
23.568172
23.700001
-6.135333
4.706373
-12.437125
19.911289
2.582870
19.688808
0.000000
23.504230
22.951025
21.862482
21.555523
20.990705
20.204735
19.765417
18.757193
17.762268
17.118076
16.293198
15.731869
8.583123
8.517130
8.068642
7.779739
9.049486
10.637346
10.123823
7.285665
3.859437
-0.719545
-6.564007
-1.688868
4.248342
1.726284
-0.677300
-1.545819
-1.187710
-0.870067
-0.425449
0.044817
11.249745
22.414789
21.645399
20.393362
14.110212
9.954345
9.984376
9.706519
9.482834
11.852961
9.012726
21.064016
8.294769
0.994564
1.267873
1.283666
0.700959
0.419635
-5.407896
1.198046
-2.816190
-2.120744
0.629100
-0.129576
-0.125440
1.320729
1.879822
1.289150
-1.065065
1.898093
0.000000
-6.596657
2.030334
5.892993
12.224165
13.581089
18.957401
23.306581
-6.078726
2.402922
-3.171192
-3.215235
1.776247
0.086052
0.186269
0.219149
0.733552
13.838579
17.319283
15.057439
13.640435
13.964560
14.690239
15.197459
13.751183
12.624119
23.700001
0.000000
19.546492
20.939560
20.640324
14.020965
9.442369
9.143348
8.594799
7.448407
14.337420
9.687584
17.952269
15.542934
0.022727
0.046553
0.211913
0.450373
0.541508
0.776830
-0.366699
3.253208
-0.106673
-1.072207
0.227963
0.391129
0.847051
0.822156
0.967767
-2.390518
-2.770127
2.547449
0.000000
1.514587
0.799203
1.792707
3.119087
5.326709
16.748774
20.995844
-0.859140
-3.458353
-9.600918
1.024200
1.553949
3.641005
3.702306
0.333121
-1.096104
13.031099
-0.919641
0.192079
0.316153
0.495349
0.164507
0.030623
0.474541
-0.556336
-2.396269
-0.335976
-0.107003
3.653684
-2.874291
2.786271
-0.164840
-1.817080
-3.414426
-2.617990
-1.956275
-2.066750
-0.206297
1.327316
0.697628
-1.770988
-2.562942
-2.235802
-1.925146
-1.661224
-1.632290
-1.801408
-1.978489
-1.984286
-1.910321
-1.998119
-2.087099
-2.196769
-2.397091
-2.594874
-2.577096
-3.687759
-4.640664
0.000000
23.700001
23.303867
22.498478
22.378452
21.866875
21.156380
19.898800
18.951719
18.080935
17.122849
16.536699
15.860939
13.898483
8.119853
8.453690
8.466438
7.859674
9.540761
11.271904
9.784501
5.958917
1.376534
-1.467248
-1.779984
-1.473238
-0.233687
1.555736
2.458505
1.596761
0.388163
-0.426388
-0.950391
-1.743613
-2.878224
11.008513
14.605195
12.966017
9.770288
9.418977
10.053029
10.251553
9.801079
9.623559
13.924740
11.312054
21.146317
21.116852
21.106472
21.099545
21.045338
21.101112
1.250845
0.844916
8.317662
16.414494
16.520882
-8.803845
-3.237484
-20.621193
-6.038190
-1.005848
-5.425943
1.021119
2.392842
-1.096670
-1.631849
-0.808708
0.140407
0.455841
-1.343338
-0.805997
1.618429
4.187912
8.415366
9.654887
11.603043
12.677456
1.397515
0.000000
23.700001
23.291500
22.914627
22.373173
21.172176
15.605164
10.783987
9.943836
9.456925
14.672956
9.978989
21.306114
16.300728
18.787039
15.151131
1.317195
1.035056
0.441914
-8.356994
-2.304889
-3.374670
-1.574273
0.215924
2.176341
1.054485
3.780953
2.970268
4.343955
2.085289
0.877332
-1.621512
-2.787745
-6.207848
-4.586293
-3.237860
0.216637
0.483351
3.515771
4.461647
2.325094
2.979427
-2.883997
-5.089424
-4.889840
1.683633
3.556552
2.289218
0.471734
