0.005690
0.387902
1.607752
0.827489
-0.045124
-0.044750
-0.061426
-0.061841
-0.082787
-0.073494
-0.056548
-0.055739
-0.057791
-0.050030
-0.021203
0.002410
-0.002611
-0.011525
-0.058116
-0.051464
-0.071062
1.308884
1.781224
2.479895
2.700436
2.750583
2.686308
2.540088
2.326224
2.074041
1.831581
0.112397
0.449252
0.478783
0.635364
0.662197
0.654068
0.698445
0.811823
0.817460
0.863642
-0.298793
0.433905
0.470702
0.498591
0.330637
0.380076
0.282870
0.002107
0.082688
0.435795
1.617589
0.846466
0.149077
0.161056
0.150799
1.568796
4.533682
-1.047247
-2.967627
-1.458391
-0.683726
-0.945221
-1.245969
-1.044800
-0.689523
-0.692381
-1.072605
-1.779322
-1.647881
-1.076235
1.791450
1.594480
-0.499895
0.646202
0.643155
0.704092
0.997631
0.450391
0.352978
-3.393952
-2.837624
1.052629
2.185787
2.268194
1.980677
1.580936
3.175572
2.880382
0.173038
-0.457143
-1.139338
-1.978715
-1.395895
-2.579936
-1.994318
-1.697504
-1.143561
-1.552182
-0.225253
-2.304586
-1.262861
0.326390
1.401952
0.812234
1.367998
2.207997
3.814764
2.538090
0.080705
0.295629
-0.300549
0.545954
0.482130
-0.136787
-0.329698
-0.180960
1.894003
0.797885
-1.272191
-2.498630
-0.250210
0.723882
1.962780
1.282025
0.713589
2.621731
4.513364
2.836128
-0.144052
0.857998
-0.540782
-0.357366
-0.849031
-1.531827
-1.164175
-0.808357
0.784601
0.299405
-1.809577
-2.980868
-1.307103
-0.590587
1.445587
0.571710
-0.120928
1.757506
3.322548
1.791970
0.501561
0.949328
-0.530727
-0.039473
-0.750826
-1.317327
-1.215289
-0.614895
1.691013
0.832784
-1.036414
-2.937464
-1.548776
-0.703998
1.016151
0.698539
0.141313
1.431781
3.267356
2.162829
0.165024
1.656703
-0.051859
0.598539
0.039008
-0.523971
-0.609121
0.113965
2.107558
1.465435
-0.265495
-2.975224
-1.978661
-1.476048
0.356625
0.016950
-0.119039
1.343475
3.061649
1.810251
0.247482
1.338044
-0.322017
0.132882
-0.427589
-0.806575
-0.733588
0.346050
1.904423
1.576102
1.143901
-2.991207
-2.749969
-2.143842
-0.763898
-0.882043
-0.722895
0.163610
1.949091
1.595587
1.288345
1.960700
0.634547
1.417142
0.794117
0.428295
0.546685
2.486750
4.393315
3.750257
3.298366
-2.681497
-2.740348
-2.091419
-0.899216
-1.102870
-0.726542
0.348883
2.595942
1.696234
0.810965
2.143688
0.324036
0.499453
-0.158167
-0.551522
-0.156735
0.384500
2.220398
2.264962
4.209375
-2.374449
-3.999890
-4.221978
-2.972269
-3.389777
-2.627939
-1.896231
0.293207
1.120397
1.458103
1.324704
0.846273
1.187602
0.824620
0.603066
1.014302
1.513968
5.281621
4.825440
6.429076
-2.189682
-3.747799
-3.869621
-2.136268
-3.830495
-3.021693
-1.177202
1.598087
3.454125
1.292447
2.083702
1.570718
1.942509
1.491643
1.348296
1.610075
3.386497
5.713822
5.363633
6.546378
-1.659839
-3.055940
-3.119318
-1.607865
-2.923843
-2.360057
-0.324816
2.416440
1.535889
-0.337593
1.141846
-0.146801
-0.666585
-1.455703
-1.377593
-0.518821
-0.091691
3.326644
3.597071
5.504950
-2.040718
-4.348615
-4.752461
-3.150097
-4.299965
-3.418334
-2.131427
0.050050
1.071709
2.621457
2.176237
1.602636
1.942483
1.542268
1.169255
0.990423
2.825263
6.263225
6.517731
7.590955
-0.778563
-2.893550
-2.069875
-0.928810
-2.079233
-1.171793
1.675355
3.896122
3.459832
1.186626
0.916509
-0.448942
-1.377648
-3.025055
-3.109142
-2.441702
-1.523435
2.679553
2.761271
5.663479
-1.592593
-4.770182
-4.695255
-3.183199
-3.955035
-3.151161
-2.098749
-0.072163
0.847795
1.554169
1.705459
1.126759
1.079049
0.678645
0.357649
0.361541
1.987568
5.312857
5.527301
6.586272
-0.807149
-2.767311
-2.087744
-0.674431
-1.884463
-1.246080
1.486959
3.740758
3.493717
1.717354
0.719982
-0.295115
-1.067644
-2.584835
-2.582925
-2.079861
-1.178611
2.692415
2.479968
5.312633
-1.534478
-3.772904
-4.547416
-2.597502
-3.641724
-3.076245
-1.613445
0.352428
1.032152
1.622331
0.718866
0.666582
0.655696
-0.045913
-0.341929
-0.361999
1.650687
5.544175
5.287166
6.349474
-1.403617
-4.154147
-3.107566
-1.102536
-2.018386
-1.590388
0.636714
3.175137
3.357355
2.831572
1.156153
0.756530
0.264485
-0.940260
-0.736363
-0.009727
1.080662
4.192857
3.641048
4.464597
-2.131157
-3.380268
-3.226168
-1.758154
-3.527766
-2.229411
0.365602
1.827265
0.745890
-0.272456
1.744778
0.064376
-0.373149
-1.812960
-1.725185
-1.219548
-0.662647
2.810502
2.593702
5.319114
-2.366715
-4.353229
-4.979164
-3.980199
-4.692782
-3.389435
-2.378994
-0.679415
0.233339
2.706830
0.946127
1.608044
1.946180
1.019550
0.489212
0.931982
2.987776
7.301197
6.747029
10.652339
-2.268773
-4.213463
-3.777560
-1.636907
-2.656604
-2.133515
0.123343
2.895859
3.651380
3.802456
1.510398
1.878543
1.150717
0.155223
0.317942
0.701232
1.831170
4.322995
3.975999
6.901974
-0.942097
-4.452917
-3.881621
-2.941310
-4.855260
-2.546597
0.978143
2.373742
1.119100
-0.877911
1.565158
0.158184
-0.882880
-2.870965
-2.757910
-2.264134
-1.636226
2.144683
2.262794
7.704908
-1.422591
-4.870660
-5.750421
-5.141284
-6.163309
-4.309078
-3.475031
0.668512
1.189799
1.762082
1.831857
2.023653
0.742503
2.786272
2.908638
2.630068
3.545421
6.581154
6.786826
13.191780
0.281762
-4.544948
-3.898214
-3.275183
-4.456280
-2.573108
0.233663
2.882407
3.089386
2.169080
0.280371
0.890176
0.177818
-0.882710
-1.198476
-0.500035
1.321230
4.203263
3.961792
7.321673
-1.389315
-3.186648
-3.489820
-1.954838
-3.486382
-2.236814
0.471853
2.228337
1.140412
-1.733654
-0.212027
-0.339319
-0.871435
-2.127573
-2.353313
-2.081219
-1.173037
2.927077
2.848145
6.539040
-1.554906
-3.558031
-4.237561
-2.914273
-4.259168
-2.684457
-1.435429
0.288051
1.716843
0.765885
1.053906
1.440375
1.610011
1.717751
1.340361
1.537371
1.856415
6.722251
6.313759
8.308555
-1.169928
-3.372311
-2.491409
-0.784042
-1.947723
-0.715462
2.371519
4.669406
3.847264
2.680069
-1.517010
0.575955
-0.658641
-1.771426
-1.847880
-1.024018
0.508567
2.884345
2.575538
4.865918
-1.858760
-3.543378
-3.702072
-2.519444
-4.348644
-2.152617
0.161169
1.429484
1.001527
0.062980
0.381446
0.076529
-0.128206
-1.222164
-1.035243
-0.908305
0.316218
4.199214
3.819040
6.102861
-2.172215
-2.849995
-3.831938
-2.508146
-3.914476
-2.655977
-1.029442
1.080101
2.265243
1.863969
1.890465
2.269670
2.217252
1.588871
1.201696
1.341824
1.614765
5.270319
4.919658
6.634380
-1.551911
-4.417187
-3.595824
-1.946724
-3.732239
-1.665997
1.376073
2.885876
1.806005
0.554784
0.267731
-0.029802
-1.053562
-2.274302
-2.269266
-1.974895
-1.283844
2.677103
2.708155
6.716054
-1.412468
-3.470952
-4.596046
-3.356264
-4.953601
-3.255663
-1.943791
-0.041765
1.247694
1.678975
1.257366
1.675410
1.874953
1.826279
1.515260
1.698825
1.975906
5.952178
6.000360
8.962006
-1.355569
-4.272055
-3.452678
-1.585459
-2.885842
-1.544508
1.198240
3.358552
2.967337
2.270591
-0.043380
0.144030
-0.832116
-1.731871
-1.772722
-1.074866
0.929988
3.946868
3.710595
6.009223
-1.813063
-2.445921
-3.073378
-1.803050
-3.790530
-1.844895
0.659588
2.066276
1.974841
0.427317
0.021166
0.401457
0.069332
-1.143812
-1.174196
-1.195005
0.787498
4.629564
4.212502
6.290332
-2.065974
-3.080903
-3.610033
-1.968574
-3.091316
-1.897410
-0.114348
2.186663
2.647058
1.818704
0.613383
0.964471
0.835675
0.195151
-0.031999
0.881511
1.494738
5.261415
4.661497
6.294477
-1.925636
-2.880759
-2.781586
-1.631650
-3.431177
-1.581565
1.079749
2.626412
1.705382
-0.218469
0.366846
0.248204
-0.807397
-2.114572
-2.221465
-2.083165
-1.182678
2.714314
2.748188
6.021533
-1.854128
-3.095094
-4.331132
-3.201509
-4.431920
-2.952150
-1.697101
0.028490
1.129005
1.309766
1.406243
1.658553
1.947356
1.423869
1.140917
1.732146
2.044804
5.623060
5.989184
8.010931
-1.831733
-2.977831
-3.279879
-1.406655
-2.936265
-1.881526
0.669952
3.114353
3.471429
3.425330
-0.130141
0.718025
0.122769
-0.652245
-0.820635
0.253125
1.109774
4.057417
3.795982
5.569934
-1.720524
-4.294656
-3.343146
-2.400339
-4.436920
-2.143574
0.536579
1.783500
1.784823
-0.545537
0.977604
0.502349
-0.463941
-1.756687
-1.766605
-1.614746
0.470263
4.812455
4.243611
6.677935
-2.016746
-2.908767
-4.039069
-2.634372
-4.118259
-2.699581
-0.991434
1.118835
2.107930
2.196258
2.002089
2.315623
1.882450
1.653878
1.284114
1.193090
1.881935
5.762765
4.996619
6.437942
-1.280858
-3.247216
-3.514096
-2.491780
-4.284828
-1.914731
1.636629
2.966649
2.057377
-0.022131
0.417320
0.287225
-0.975697
-2.280644
-2.900945
-2.543286
-1.226734
2.806272
2.994649
7.020190
-1.580889
-3.590257
-4.718067
-3.685053
-4.850354
-3.342502
-1.928767
-0.210437
1.079493
1.409781
1.332844
1.659384
0.991226
0.392187
-0.392119
0.962482
1.488856
5.430088
5.918137
10.039358
-1.565186
-4.277950
-4.309567
-2.619215
-3.370766
-2.205761
-0.296254
2.061888
3.221941
3.381795
1.171137
2.372858
1.553499
0.745397
0.213142
0.903666
1.605881
4.975456
4.411273
7.709926
-0.922073
-4.809985
-4.155217
-2.491098
-3.898057
-2.562387
0.576547
2.291215
1.647313
-0.730347
-0.118774
-0.099557
-0.927532
-1.615887
-2.588502
-0.498391
1.312282
4.954976
4.732224
7.112675
-1.795970
-3.463470
-3.245825
-2.504092
-4.604524
-2.590482
-0.286481
1.444196
2.014594
1.617900
1.167745
1.295639
0.527558
0.528786
-0.001204
0.245965
1.217031
5.305338
4.566643
5.145751
-1.783498
-3.402199
-2.848231
-1.969262
-3.854435
-1.630606
1.125836
2.508284
2.336615
0.717243
-0.025759
0.465984
-0.275835
-1.151068
-1.727633
-0.233637
1.440327
4.652856
4.530437
6.004248
-1.765949
-3.260225
-3.082220
-2.308299
-4.341088
-2.176387
0.416155
1.697040
1.824129
0.790724
1.380813
1.358038
0.787739
0.226095
-0.032996
0.688564
1.488236
5.379224
4.554547
5.558833
-1.435307
-3.413767
-2.871041
-2.163711
-4.466598
-1.918223
0.906618
2.109494
2.133348
-0.304237
0.103261
0.347717
-0.357517
-1.874206
-1.933591
-1.724454
-0.421960
3.381190
3.351228
5.931843
-1.552764
-3.769100
-4.292040
-2.884985
-4.671062
-3.309955
-1.800046
0.204181
1.331654
1.134250
1.874450
2.089345
0.651104
0.408480
-0.173593
0.443810
1.143634
5.464022
5.215135
5.805813
-1.878448
-3.297997
-3.321788
-1.622037
-3.252333
-2.261701
-0.132263
2.153545
2.804231
2.525891
1.220289
2.128763
1.301548
1.269812
0.884380
0.694247
1.450170
4.566790
3.944073
5.356789
-0.876754
-5.084194
-3.972760
-2.843304
-4.902156
-2.303196
0.380904
1.220467
1.513852
-0.622693
-0.169212
0.184664
-0.912327
-1.422623
-2.069782
-0.945114
1.143964
5.046195
5.037307
7.347359
-1.765785
-3.352038
-4.103396
-2.690837
-4.703794
-3.242810
-1.419374
0.556103
1.486535
1.814425
1.667253
2.250840
0.923981
0.717020
-0.177656
0.163861
1.067192
5.780580
4.957177
6.516647
-1.351060
-4.119983
-3.908397
-2.236022
-3.273508
-2.517060
-0.043439
1.847627
2.722631
2.215102
1.391289
1.830668
0.954442
0.614454
0.216787
-0.025749
0.818684
4.419493
3.762602
5.695687
-1.165258
-4.507588
-4.363678
-2.861230
-4.429486
-2.867886
-0.360321
1.154900
1.657982
0.774713
2.053734
2.258662
1.002584
0.488388
-0.508933
-0.239048
0.503475
5.159844
4.370268
5.859990
-0.937393
-4.782586
-4.689784
-2.784805
-4.029947
-3.125113
-0.619994
1.439715
2.448623
1.694977
1.491273
1.214755
-0.100261
-0.630604
-1.560131
-0.916263
-0.000978
5.003191
4.034548
4.933039
-1.692205
-4.608981
-3.829697
-2.477632
-3.771861
-2.687945
-0.276921
1.527416
2.213202
2.693687
1.260167
1.746033
1.112727
0.691780
-0.419687
-0.534680
0.461530
3.933105
3.619873
4.945777
-1.273067
-4.941702
-4.041197
-2.127296
-3.490940
-2.459079
0.147376
1.709952
2.174847
1.483936
1.239416
1.257685
-1.198403
0.566184
0.037520
-0.584917
0.564118
3.008281
3.920477
5.718234
-0.793699
-3.764365
-4.197228
-3.233619
-4.728595
-2.404638
0.006562
1.101696
1.398510
1.592330
1.460560
1.879840
-0.211322
1.321306
0.614601
0.178933
1.034191
3.570712
4.250684
6.245836
-0.234178
-4.009494
-4.202415
-2.943453
-4.785484
-2.669799
-0.135098
1.034645
1.368804
1.286363
1.380207
1.644668
-0.388898
0.999752
-0.312411
-0.068191
0.995641
4.078328
4.626173
7.548341
-0.852219
-3.884170
-3.953595
-2.973328
-4.906194
-2.878585
-0.443469
0.800885
0.950816
0.932748
2.080942
2.249225
-0.603564
0.937317
-0.235569
-0.122657
0.890593
3.576310
4.220863
6.632336
0.203004
-4.336908
-4.916318
-3.231647
-5.099394
-3.128382
-0.736341
0.508312
-0.336508
-0.022479
1.898547
0.998751
-2.689043
-1.914170
-2.250060
-1.763020
-0.891037
3.543262
5.312175
7.851378
-2.900744
-1.865767
-3.617010
-2.484504
-4.450042
-3.431232
-1.061273
0.861645
1.410581
2.086617
2.342192
3.610502
0.317619
1.227024
0.380414
-0.324390
0.572019
4.125916
5.260688
6.589859
-1.383381
-3.567284
-3.423501
-2.310237
-3.892948
-1.845746
0.950801
2.219428
2.551708
1.843876
0.914703
0.791356
-0.918110
0.295673
0.144780
-0.490247
0.457396
2.860981
3.695399
4.818517
-0.836562
-4.052860
-3.679236
-2.007694
-3.418479
-1.742399
0.325360
1.692911
1.791211
1.860525
1.133637
1.351811
0.238360
1.463293
-0.636418
-0.996043
-0.011517
2.073494
3.211335
4.507226
-1.120974
-4.014917
-3.776755
-2.065542
-3.678169
-1.951028
0.084643
1.438990
1.406462
2.148716
1.499244
1.513592
0.249400
1.435275
-0.375996
-0.711987
0.073828
2.610076
3.025507
4.100441
-1.226685
-3.709369
-3.312948
-1.400082
-3.136709
-1.968345
-0.079649
1.499865
1.357052
2.024617
0.729494
1.286723
0.379840
1.531861
-0.517548
-0.670638
0.215585
2.241989
3.323219
4.671118
-1.081623
-4.193075
-3.803282
-1.655502
-3.317649
-2.322977
-0.519504
1.094866
0.760973
1.632859
1.034641
1.671344
0.738525
2.043962
-0.119497
-0.666427
0.221010
2.258762
3.368919
4.662021
-0.848823
-4.420393
-3.974666
-1.823550
-3.357504
-2.327478
-0.488710
1.030356
0.768705
1.701462
0.937104
1.385706
0.588181
1.700809
-0.372240
-0.937787
-0.051243
2.032813
3.110565
4.291927
-1.057472
-4.310383
-3.577435
-1.449927
-2.816274
-1.996078
-0.153656
1.433785
1.080480
1.986160
0.252644
1.146213
0.748837
1.542258
-0.586163
-1.212116
-0.295211
1.671513
2.961469
4.109336
-1.427507
-4.448523
-3.509303
-1.327118
-2.642414
-2.136955
-0.500916
1.350038
0.901466
1.436695
0.630907
0.727919
0.292724
1.064699
-0.889616
-1.615146
-0.586408
1.697169
2.473403
3.117823
-2.209576
-3.583602
-2.267963
-0.520711
-1.532029
-1.217441
0.071586
1.910380
1.514788
1.988737
-0.074611
0.536088
0.656697
1.064856
-1.014423
-1.626623
-0.620989
1.457106
2.065387
2.695686
-2.561167
-3.448755
-1.825570
-0.603304
-1.265931
-1.298103
-0.684384
1.329110
0.540942
0.763440
-0.634281
0.619840
0.729211
1.779886
-0.769051
-1.897360
-0.561171
1.581966
2.491125
2.857278
-2.701732
-3.450849
-2.092813
-0.869735
-1.907465
-1.319780
-0.443497
1.397128
0.702224
1.396676
0.346184
0.929332
1.083591
2.057649
-0.315736
-1.132559
0.092406
1.921140
3.194441
3.505199
-2.407521
-3.767979
-2.625097
-1.324004
-2.059522
-1.516005
-0.725801
1.217043
0.636794
1.829395
0.963900
1.522547
3.092351
3.481884
1.255211
-0.189909
0.647310
2.608466
4.347891
5.065914
-1.657818
-4.549524
-3.437700
-1.852412
-2.665098
-2.339864
-1.558452
0.839366
0.297965
1.273465
1.155567
1.472350
2.975945
2.717281
0.286768
-1.245790
-0.116598
3.208144
4.765158
5.255854
-1.546105
-4.329179
-3.202964
-2.198128
-2.840477
-2.316848
-1.536710
0.894429
0.521104
1.358753
1.492906
1.563976
1.699759
2.255947
-0.063934
-1.500081
-0.354483
3.131024
4.177092
5.245642
-1.347903
-4.648524
-3.462818
-2.455552
-3.452711
-2.738039
-1.208323
0.645326
0.608178
1.799281
2.029000
2.320236
2.427361
2.764909
0.665164
-1.016832
-0.110770
3.023022
4.635552
5.394782
-1.288277
-4.516222
-3.393225
-2.346536
-3.282775
-2.715710
-1.335403
0.824431
0.710202
1.930669
2.082129
1.951712
2.852560
2.786072
0.579795
-1.076569
-0.144323
2.475138
4.176833
4.933778
-1.484454
-4.544166
-3.259496
-2.542025
-3.064454
-2.947570
-1.291940
0.432024
0.572360
1.467097
1.899212
1.912354
1.070867
2.609385
0.137507
-1.686830
-0.773137
2.142283
4.665841
4.941504
-1.772595
-4.461174
-3.219540
-2.406340
-3.552820
-2.969209
-1.688207
-0.032493
0.235843
0.342564
2.166157
2.554455
1.481671
3.111951
0.951231
-1.309254
-0.790484
3.349312
7.269090
3.330183
-0.858490
-4.717459
-3.709667
-2.583404
-2.712436
-2.749628
-0.713475
1.120902
0.909797
2.412309
2.860811
2.762161
2.189263
3.431712
1.010253
-1.875476
-1.330661
-0.572868
3.172522
0.874829
-1.818278
-4.741686
-3.976398
-2.721912
-2.841591
-2.759545
-1.400535
0.973910
1.226671
3.124098
2.186915
1.931221
2.622839
4.861924
4.200307
0.558546
-0.472682
0.471792
6.979300
4.881233
3.646759
-3.512467
-6.248831
-6.819345
-4.639452
-4.771125
-1.909177
1.763186
0.918950
-0.449892
-0.083554
-1.399154
0.371987
2.077997
2.864080
1.237258
-0.167420
1.877928
8.091061
6.369953
4.682518
-2.308842
-4.303060
-0.555404
-1.968299
-1.801481
-1.407241
2.603954
4.719297
0.614212
-3.059196
-3.052369
-1.724342
-0.680407
-2.165933
-3.238590
-4.287251
-1.993969
1.991614
2.374075
2.643667
-3.454422
-2.871247
2.146603
1.136440
0.902151
1.429186
-1.903105
-5.801369
-0.237691
-2.432155
1.069419
2.323455
4.881913
3.569281
1.403100
-1.184749
2.263341
5.700479
6.373800
2.945815
-4.656305
-3.671463
3.473198
0.859983
-0.177903
-0.652017
3.361148
6.254893
3.508768
-4.383930
2.929416
-0.882639
0.607813
-1.127768
-3.613799
-6.211794
-4.749545
-3.367136
-0.488907
-0.601033
-5.990848
-6.337666
0.976248
-0.719585
-0.755311
-0.116413
2.722763
2.663532
1.428912
-2.081228
-0.512103
4.016211
2.034168
4.651525
3.543133
2.396552
5.712637
9.445680
9.128802
5.030404
-3.726004
-4.060515
1.542976
-0.840321
-1.230302
-1.188327
3.941732
7.603717
4.474510
-5.223154
-5.159279
-1.350245
0.569212
1.278567
0.340959
-1.144386
-1.346835
-0.807204
1.753435
3.233012
-2.335504
-5.010492
-1.932582
0.560099
1.242484
0.611611
2.008944
3.941506
1.997017
-0.182710
-3.697754
-1.654386
-1.347651
-3.021648
-2.284013
-2.973831
-3.624831
-1.430778
2.752961
3.743979
0.704061
-6.589286
-9.129750
0.144916
-1.817189
-0.995569
0.083116
1.768294
2.567260
0.202477
-3.889313
-1.228273
-0.624304
-0.985538
2.542938
0.460948
-2.108398
0.375782
6.318581
7.176643
3.229064
-2.001194
-1.461427
2.612897
0.763493
0.877469
0.775222
4.734074
7.576195
5.239884
-2.599241
0.274993
-2.515359
-2.393296
-0.359288
-1.525130
-2.752766
-2.217822
-1.104530
1.790576
2.415793
-3.685150
-5.934232
-2.951709
0.902872
0.658448
-0.370125
2.755426
2.522128
1.371350
1.626683
1.221070
0.754274
-0.188572
-3.291723
-2.084602
-2.428135
-2.693837
0.303485
3.308556
3.551510
-4.598958
-7.043927
-4.434496
-0.487019
1.105576
2.708273
1.954395
3.192332
2.810266
0.273914
-2.790578
0.283914
0.120213
3.802561
3.813431
2.327175
0.439095
-0.447803
4.459277
6.117263
4.391814
-4.671022
-4.720133
-0.132012
-0.016681
0.176940
0.035111
2.452626
5.005285
0.627734
-3.669209
-3.070972
-1.073516
-3.266078
-3.921414
-3.661725
-3.678133
-3.792684
-2.237586
3.434210
3.361855
2.062544
-5.459039
-3.867808
2.592510
1.146231
0.083026
3.529649
-4.580637
0.038199
-0.822439
-6.806388
-1.652787
0.998045
4.546137
4.439523
3.482430
2.906183
4.831049
7.707708
11.410545
13.012218
8.097687
-5.395654
-7.681022
-3.379352
-3.609859
-3.439863
-2.950282
-0.889401
0.905861
-0.005562
-2.391007
-6.848473
-9.052633
-6.957932
-2.297357
-1.428625
-2.172972
-1.509627
0.400776
4.119520
3.818596
4.876556
-4.035060
-6.505594
-0.013482
-0.095982
2.043076
4.096165
3.603050
5.632062
3.265370
-0.293968
-5.089108
-1.257670
0.207181
1.144759
0.434790
-1.545721
0.269691
3.489696
6.592578
5.253936
-2.084371
-6.026166
-1.629335
0.491254
1.272771
1.483956
0.795249
5.373554
3.985942
0.041458
-5.544436
-1.421034
-1.392888
0.100330
-0.080093
-1.721062
-3.561115
0.673669
5.760296
5.864829
1.017655
-2.853573
-0.833767
2.707724
2.021247
0.254893
1.590149
-2.918622
1.851944
-0.433013
-2.306133
-0.214630
-0.831153
-0.554895
-0.291584
-1.829450
-2.514468
-0.141264
4.281612
9.313153
10.625790
2.992158
-4.493474
-1.944601
-1.719306
-2.100726
-2.067572
-0.127194
3.297595
2.080451
0.076186
-4.165183
-0.477368
-1.514843
-2.477763
-1.491862
-1.611020
-2.050177
1.627104
6.059839
6.546406
5.331459
-1.041515
3.927585
5.194790
5.177752
2.883748
0.994038
-1.365405
-2.817831
-3.388865
-3.776009
-4.098454
-4.363040
-4.496272
-4.677949
-4.873262
-5.181180
-5.095540
-5.763959
-6.242193
-6.287297
-3.284802
5.369594
17.332357
22.463303
21.991024
20.999714
17.785530
13.038589
8.287271
4.266265
1.076114
-1.681438
-4.346049
-8.171477
-11.985907
-13.192071
-12.238317
