0.000000
2.471218
2.477014
2.472398
2.457618
2.447934
2.436455
2.419917
2.398139
2.370708
2.335215
2.291748
2.238497
2.174753
2.099499
2.011288
1.910895
1.795425
1.664007
1.515298
1.344842
1.148044
1.079548
1.080327
1.081404
1.082327
1.080740
1.076145
1.068179
1.056757
1.042256
1.025457
0.981611
0.873796
0.777605
0.674234
0.571289
0.464421
0.353131
0.234812
0.107842
-0.025087
-0.162999
-0.314658
-0.469613
-0.625177
-0.785433
-0.949311
-1.112883
-1.130188
2.472584
2.480421
2.479660
2.474284
2.472896
2.471086
2.467863
2.442626
-0.746542
-1.484610
-0.667995
-0.013840
0.655741
0.220936
-0.649341
-0.695663
0.709003
1.138731
1.789783
11.207474
20.429701
0.000000
0.572321
1.315085
1.915798
1.756969
1.224778
-0.175228
-0.978714
-39.815586
-21.664309
1.335581
-3.864641
0.005754
-0.415325
-0.887542
-0.088271
0.885807
1.660800
0.465662
-0.370543
0.000000
1.401505
2.758748
2.053209
1.141669
0.692276
-0.707729
-0.642661
-26.748484
-6.083221
0.033901
-8.796186
-10.500851
-2.091251
-1.521137
-0.672194
0.018154
0.975272
-0.026965
17.960768
0.000000
2.795191
0.847714
0.923728
1.771197
8.600371
4.604873
-0.398700
-15.987344
0.217785
-1.360652
-0.806131
-5.183453
-1.042934
-0.014795
-0.448761
-0.330406
0.820070
-0.091848
18.827419
0.000000
4.310035
2.185174
1.663812
3.201716
8.336020
3.511333
-0.316314
-15.836248
-0.788280
-2.010460
-1.568138
-8.141872
-1.411497
0.114181
-0.000309
-0.115593
0.926605
-0.086391
18.123243
0.000000
3.494293
1.944293
1.888519
2.407531
9.229522
5.740726
0.375819
-14.597575
-1.024086
-3.374222
-1.413481
-1.907608
-0.791155
-0.129848
-0.084120
-0.088350
1.041556
0.330622
21.158718
0.000000
4.889955
2.522750
1.884455
2.097281
8.959871
5.437477
0.240116
-14.055117
-1.411852
-3.660080
-1.393848
-3.221895
-1.003973
-0.316806
-0.159973
0.067520
1.150887
0.362417
23.133684
0.000000
5.162966
3.227279
2.330728
1.774092
4.282372
3.472947
0.671969
-15.234218
-1.409754
-3.564648
-1.361870
-0.391245
-1.077198
-0.603702
-0.050409
0.488270
1.432552
0.406962
23.980070
0.000000
5.938306
3.260897
2.716012
1.950270
8.188368
6.564269
0.164204
-11.516798
-1.371329
-3.719983
-1.079638
-0.112782
-0.842060
-0.945324
-0.540854
-0.062901
1.161680
0.268028
20.326550
0.000000
6.385324
4.710769
3.404043
1.546043
0.746440
0.149654
-0.500751
-12.872705
-0.395660
-3.307060
-1.257841
-2.141508
-1.522034
-1.260117
-0.482618
0.657955
2.175721
27.344395
17.446999
0.000000
4.822832
2.225502
1.555156
1.029472
2.503074
4.714767
-0.085160
-12.441443
-0.163706
-2.576936
-1.185766
0.161371
-1.634336
-1.638630
-0.518206
0.786297
2.150452
0.319216
20.614140
0.000000
5.550310
2.911934
2.314288
1.487946
4.398154
4.392095
-0.206299
-7.325405
0.348225
-2.856953
-1.143591
0.034138
-1.510210
-1.568293
-0.847265
0.152311
1.225043
15.394011
16.480782
0.000000
5.735651
3.954306
2.003123
0.128633
-1.139448
-2.129799
-0.589380
-15.338211
-0.545795
-1.892349
-1.573431
-0.794693
-1.920289
-1.558613
-0.195491
1.073496
2.308654
27.838898
18.577774
0.000000
3.348570
1.720078
2.688325
3.179765
9.511856
8.236354
-0.074869
-10.744213
0.610031
-2.042129
-0.905825
-0.405746
-1.656088
-1.879914
-1.172041
-0.121376
1.250093
1.060878
18.518744
0.000000
6.132733
5.147746
3.054191
0.588548
-1.058242
-1.833728
-0.361759
-18.065748
-1.863640
-2.663016
-1.504793
-0.818459
-1.890672
-1.843368
-0.682323
0.825500
2.218860
25.188656
17.566166
0.000000
3.250386
1.939088
3.387924
3.580510
8.156423
6.732547
-0.160443
-11.007173
1.606432
-1.583084
-0.922060
-0.587942
-1.820421
-1.950132
-1.043419
0.321140
1.573776
1.050275
18.891930
0.000000
5.618523
4.663437
3.073188
0.668550
-0.723996
-1.315437
-0.341510
-15.627122
0.574543
-2.572895
-1.616356
-0.580128
-2.181588
-1.972991
-0.652269
0.696291
2.144897
23.827133
16.492954
0.000000
4.348634
2.898135
5.200525
5.353560
10.472398
8.402399
0.665451
-14.308182
-0.255928
-2.827230
-1.318827
-0.639578
-1.591612
-1.442622
-0.588537
0.369478
1.751616
1.046358
26.079704
0.000000
6.812700
4.759867
3.706445
3.736650
8.065898
3.433346
-0.192349
-12.628176
-1.569706
-3.385376
-1.120430
-6.699492
-2.224295
-2.062604
-0.621727
-0.016125
1.222527
35.427067
15.486127
0.000000
6.310205
4.677145
2.815704
0.577170
-0.782591
-1.526924
-0.759908
-15.745109
0.724514
-2.522183
-1.088196
-3.299234
-1.981230
-1.330425
-0.090912
0.888802
2.406819
28.360022
19.474773
0.000000
4.652380
3.869011
6.062988
9.061657
16.617292
14.825233
4.739414
-15.178770
-2.178743
-3.352343
-1.355310
0.006964
-1.310133
-1.243796
-0.642849
0.225660
1.666765
1.148557
30.558628
0.000000
7.773320
5.241245
4.203876
3.896651
8.299180
2.924543
-0.156703
-14.961313
-0.592833
-3.018909
-0.811913
-15.933447
-3.083168
-2.485237
-1.313883
-0.266319
0.807051
25.071640
17.221369
0.000000
8.054788
6.389962
4.097863
1.487216
-0.237479
-1.477598
-0.650314
-17.095507
-2.561195
-2.267723
-0.712021
-4.334402
-2.105618
-1.704372
-0.337570
0.321146
20.298805
15.688578
12.378217
0.000000
0.667975
1.711218
2.088314
3.984757
9.639433
7.539277
8.692212
-29.463400
-19.105709
-2.246126
-8.039715
-9.298794
-2.230541
-1.590036
-0.237473
0.215239
1.432694
1.487320
30.908203
0.000000
9.801237
5.897871
6.840042
7.177408
9.270144
4.145151
-0.005488
-14.878833
4.221508
-2.261055
-0.751612
-6.608274
-2.575464
-2.720732
-1.217838
0.290226
1.691637
1.277863
18.382092
0.000000
7.962320
5.508859
5.707339
4.055981
3.438490
2.999975
-0.588844
-17.445005
-4.834131
-1.548262
-0.793774
-5.905348
-2.476017
-1.563492
-0.281851
0.283419
2.539977
32.094490
18.389006
0.000000
5.761642
2.698981
3.085529
15.139129
21.115959
14.718341
1.465045
-16.099394
-2.102840
-3.141604
-1.211765
-4.019527
-1.802828
-1.938792
-1.099476
-0.059799
1.490799
1.662491
0.293170
0.000000
7.899852
5.778799
5.600360
5.855248
6.753228
0.651672
-0.406684
-16.032858
2.020023
-2.643439
-0.950014
-14.162706
-3.314238
-2.316241
-0.920212
0.247663
1.757233
30.357723
18.675488
0.000000
6.479178
4.435121
3.022418
1.401510
2.583045
2.800520
-0.513623
-17.555746
-1.690985
-0.899505
-0.553528
-4.914202
-2.325962
-1.632876
-0.129478
0.445452
2.084829
1.944397
23.698246
0.000000
8.462223
5.561132
5.211819
13.273740
17.697720
8.440120
0.917242
-17.119072
-0.882421
-3.317480
-0.849300
-9.856682
-2.899420
-2.355500
-1.182220
-0.012749
1.428041
1.559100
19.375044
0.000000
8.499192
6.314168
4.546267
2.291898
0.603928
-0.020685
-0.725459
-16.755800
-5.405809
-1.552731
-0.749760
-6.975515
-2.474965
-1.829585
-0.424415
-0.198338
2.529382
24.783577
18.416216
0.000000
4.282282
3.421589
4.045630
14.668572
19.450659
13.809993
1.381997
-17.409899
-4.953276
-2.807466
-0.964516
-2.957504
-2.093456
-1.815409
-0.542738
-0.058176
1.703944
1.500001
21.615108
0.000000
9.177600
5.685160
5.683190
5.644667
6.368721
1.711402
-0.368824
-16.782469
1.386517
-1.509136
-0.518381
-11.993605
-3.313168
-2.347887
-1.224728
0.172255
1.956005
1.758689
21.245377
0.000000
8.184262
6.520689
7.287403
6.294882
8.562288
5.656721
0.467162
-18.566828
-3.145168
-1.837902
-0.776697
-3.936634
-2.388758
-1.951881
-0.459280
0.307432
1.901942
1.613763
23.507721
0.000000
9.044386
5.418539
5.365182
11.433191
12.942780
5.589946
-0.070816
-15.807657
3.570780
-1.900039
-0.619164
-10.011011
-3.015301
-2.450060
-1.164934
0.134256
1.353014
2.203794
20.640707
0.000000
8.382204
6.497407
5.937333
3.645382
2.077592
0.130237
-0.807731
-18.340277
-7.754396
-1.313415
-0.755627
-7.424042
-2.577839
-1.493252
-0.351843
-0.113310
2.445134
31.314907
19.572742
0.000000
4.296339
2.971597
4.874277
12.593439
17.533863
12.614112
2.231719
-16.620226
-2.706871
-1.894630
-0.954473
-0.478802
-2.204090
-1.313577
-0.010968
-0.183075
1.729805
1.665178
10.817206
0.000000
9.632936
6.037970
5.385921
10.979501
9.845073
1.175568
-0.269680
-17.530817
-0.137403
-2.865942
-0.876059
-17.840317
-3.808577
-2.256649
-1.088350
-0.107460
1.606290
18.785772
20.577682
0.000000
7.931553
6.209661
4.984866
3.587638
5.272865
3.373016
-0.499433
-18.292385
-5.510628
-1.118507
-0.423035
-4.236347
-2.687229
-1.474482
-0.145671
0.018049
1.999554
1.290010
24.698240
0.000000
8.530308
5.679460
5.739906
14.745985
16.131193
6.569749
0.787337
-18.162865
-3.028027
-2.652627
-0.778242
-16.898779
-3.644295
-2.366632
-1.294619
-0.397381
1.306008
2.573039
20.873056
0.000000
9.743817
7.674993
7.659048
5.536777
4.199702
0.326544
-0.797639
-17.468273
-8.360790
-1.911558
-0.615969
-5.273739
-2.746535
-1.670535
-0.558933
-0.282135
2.447698
28.008223
19.860964
0.000000
3.495374
2.706669
5.640071
12.791265
16.694403
13.356409
9.909629
-17.064905
-12.137125
-3.321072
-1.183084
-2.895077
-1.881718
-0.797068
-0.028604
-0.432051
2.043541
2.297416
29.853819
0.000000
12.651287
7.526896
6.169599
17.841223
19.093542
6.535630
1.373169
-17.514662
-7.058287
-4.253500
-1.047550
-11.272486
-2.982309
-3.195028
-1.094878
-0.541479
1.299974
2.155598
21.293442
0.000000
10.006511
7.729847
7.919430
13.124886
11.763145
4.262360
-0.397285
-14.844303
-1.618248
-1.216577
-0.269567
-10.653395
-3.343721
-1.934144
-0.646708
-0.186476
1.931700
1.841254
21.988693
0.000000
7.841908
5.441065
5.549924
14.371554
13.692292
5.133686
0.295476
-17.299770
-5.347919
-2.006997
-0.932068
-13.002729
-3.696766
-1.977395
-0.925114
-0.143991
1.682101
2.015985
22.247574
0.000000
8.759362
6.553890
7.384497
10.089085
7.895185
1.707867
-0.535056
-17.452295
-4.365887
-1.152061
-0.517607
-13.578569
-3.941643
-2.171293
-1.046001
-0.247034
1.631866
2.132623
22.063633
0.000000
6.718620
5.259674
4.216092
8.589311
8.347425
2.553241
-0.606578
-18.441397
-6.572744
-0.837439
-0.679825
-16.021355
-3.951342
-2.226656
-1.062561
-0.458532
1.375536
3.095447
23.577488
0.000000
7.780967
6.657581
4.955740
1.953648
1.574998
-1.229772
-0.906485
-16.066483
-13.018263
-1.077229
-0.096296
-8.612656
-3.395739
-1.554731
-0.343018
1.337646
2.226797
2.491511
23.267916
0.000000
5.272549
3.390328
5.019537
13.232170
14.437195
8.473811
0.677110
-13.349247
-5.334055
-1.571821
-0.850077
-2.371639
-2.700495
-1.142182
-0.174997
-0.001549
1.732875
3.116914
30.344196
0.000000
10.147317
7.306242
6.010650
16.277651
14.267096
1.607483
0.569243
-15.962428
-10.511787
-3.563310
-1.452053
-21.151394
-4.072618
-2.010476
-0.690041
5.212831
1.694147
2.902147
24.216644
0.000000
11.808388
8.338713
6.365545
7.845345
7.556551
1.408180
-0.636892
-11.593082
-3.321060
-1.714860
-0.218908
-7.148527
-3.043514
-1.712626
-0.368843
0.676903
2.094741
3.012685
26.102875
0.000000
8.696009
6.703315
6.219034
17.772707
16.798471
6.721075
0.967248
-13.591756
-10.809090
-3.390801
-1.483234
-1.250938
-2.658920
-2.048380
-0.444187
-0.589567
1.872265
2.664412
24.518267
0.000000
9.046016
7.525054
9.153311
19.576212
17.168201
3.307409
0.975902
-14.948889
-9.263859
-3.645876
-1.593983
-11.279818
-2.965408
-2.298573
-0.704206
-0.534018
1.545867
13.784430
22.248791
0.000000
5.844995
5.443097
5.302199
16.282995
16.157179
5.790213
0.871886
-16.248026
-11.411282
-3.790598
-1.637863
-3.127222
-2.762957
-2.468176
-0.382325
-0.765911
1.844319
2.668206
23.871357
0.000000
7.019230
5.611728
6.549945
17.542030
18.258888
6.867723
0.820206
-11.567830
-6.808577
-3.089092
-1.145561
-4.477591
-2.667143
-1.857525
-0.385637
-0.924437
1.788824
2.113063
25.193583
0.000000
8.530090
7.662230
11.823193
21.380011
16.265903
3.120585
1.191101
-13.910364
-13.329250
-4.237169
-1.825827
-5.842176
-2.589649
-2.573601
-0.484470
-0.921650
3.175589
2.413185
22.790655
0.000000
7.433822
6.858513
10.196899
20.178188
17.907766
3.078222
1.270527
-76.833832
-13.345728
-3.205217
-1.568268
-17.446547
-3.022209
-1.796008
-0.515471
0.823589
2.672932
2.154396
24.272533
0.000000
8.560292
7.205485
7.687891
18.011919
15.040957
2.136883
0.023853
-78.473282
-13.018486
-3.023085
-1.701029
-19.491932
-3.589352
-2.238352
-0.382627
1.657431
2.742043
2.225288
26.776871
0.000000
9.483038
7.417049
4.893580
16.072811
13.879327
1.714621
-0.613992
-75.400055
-9.689537
-2.034863
-0.943275
-16.663256
-3.641565
-2.231112
-0.521423
0.004547
2.895346
2.563034
24.936504
0.000000
7.955375
6.955629
7.439310
15.897055
12.201306
1.291051
-0.384380
-80.277336
-17.969610
-3.773399
-1.526224
-19.444820
-3.454235
-2.211834
-0.314550
0.716669
3.340568
21.811359
21.074898
0.000000
5.966619
4.851740
3.705678
14.029001
15.333673
6.059441
-1.614549
-68.294281
-9.251493
-0.072174
-0.069328
-9.408251
-3.197086
-1.409112
0.111762
-0.792767
2.710298
2.324306
23.597649
0.000000
3.635474
3.298565
5.121176
17.850012
18.566689
10.354222
1.439890
-71.836899
-16.115509
-3.437613
-1.754387
-12.724087
-2.607073
-1.661924
-0.299610
-0.022896
1.933567
2.220304
22.482876
0.000000
9.367784
8.035817
12.211886
21.108465
17.240993
2.860045
1.281935
-73.231758
-13.328733
-3.659639
-2.068630
-11.417379
-2.657770
-2.414278
-0.277679
-0.961857
1.939415
2.323328
36.370640
0.000000
8.234715
6.694459
12.762681
23.836239
17.061153
1.569879
0.652274
-75.295212
-13.141590
-3.231493
-2.169546
-15.223345
-2.939835
-2.308426
-0.088586
-0.937195
2.106264
3.077410
38.057579
0.000000
6.198592
5.418945
9.677688
21.343859
18.636023
2.278073
-0.470023
-73.327682
-6.732704
-2.414970
-2.040887
-10.768284
-2.693048
-2.441026
0.151718
0.688120
2.607885
2.608781
3.372477
0.000000
7.479381
6.463511
11.139797
21.760887
18.759287
2.048058
0.068038
-74.812927
-10.291245
-2.622634
-2.180846
-11.085016
-2.467476
-2.510861
0.089110
-0.678314
2.207047
3.031754
14.495223
0.000000
7.162725
6.537319
11.640864
21.634314
19.160252
3.761348
1.512338
-75.180397
-14.739113
-3.125545
-2.379670
-10.412563
-2.449537
-2.499687
0.045324
-0.631521
1.691881
2.923444
20.665836
0.000000
6.924494
6.644310
13.677651
22.136145
19.349049
4.098275
1.576494
-74.551781
-16.418158
-3.375826
-2.555219
-10.573467
-2.292881
-2.712612
-0.052974
-0.524439
1.264761
2.942075
3.000375
0.000000
7.245705
6.931590
17.256105
22.842861
18.240732
4.731909
1.646128
-73.740227
-19.597809
-4.000821
-2.885827
-9.438337
-2.111946
-2.748770
0.090181
-0.461992
1.298260
1.864191
24.728182
0.000000
5.785579
5.964788
18.361607
21.871626
19.435341
4.126431
1.600696
-70.598358
-15.258947
-3.551573
-2.986261
-2.284370
-1.519697
-2.375896
0.423951
-0.491589
1.998600
2.784150
2.874462
0.000000
5.507576
5.442519
16.128761
20.633154
18.465168
4.071286
1.629978
-69.902412
-13.112919
-3.305779
-3.210958
-0.260923
-1.112249
-1.800898
0.970192
-0.545927
2.143848
2.859333
8.670107
0.000000
5.785655
5.199456
12.156571
19.895235
18.203659
4.414733
1.657054
-68.756470
-13.411184
-3.414154
-3.079591
-5.404354
-1.471535
-1.217066
1.027528
-0.153103
1.739197
1.601309
3.016210
0.000000
9.476125
7.093159
13.873705
22.336637
19.135868
1.406402
1.218322
-69.192162
-15.335747
-3.300044
-3.348324
-5.895353
-1.288168
-1.334358
0.950224
-0.724472
1.484610
1.646207
3.211387
0.000000
11.620253
9.407432
14.603166
25.417007
22.571169
3.808130
1.745967
-66.737228
-15.049242
-3.769665
-3.026004
-1.504509
-1.187408
-1.601875
0.696879
-0.901434
1.275751
3.242164
22.889137
0.000000
9.359211
8.168297
12.940973
24.271046
22.167282
6.967655
1.687513
-64.695389
-13.098377
-3.778985
-3.024559
-0.127848
-1.285707
-1.673759
0.675073
-0.846272
1.506226
3.177543
30.918583
0.000000
7.732012
7.029639
12.187160
23.088070
20.529362
6.631293
1.664782
-64.445839
-16.822495
-4.212479
-3.148053
-3.660957
-1.334929
-1.442078
0.386054
-0.768106
0.970127
3.138021
32.528076
0.000000
7.752769
7.691403
16.277132
24.709654
21.818346
6.236259
1.671947
-62.932289
-15.553310
-4.259693
-3.174559
-0.827799
-1.037483
-1.636252
0.383895
-0.774824
0.922304
3.115418
31.460268
0.000000
7.657358
7.733907
18.239653
24.532932
21.715101
4.915362
1.662888
-63.251007
-16.159706
-4.309897
-3.215650
-0.357203
-1.090019
-1.649463
0.153544
-0.745590
1.085674
2.646847
26.338253
0.000000
5.740505
6.206930
18.246920
23.531242
19.516245
4.747807
1.584538
-62.866627
-18.551069
-4.339717
-3.598132
-2.645912
-0.923544
-1.097706
0.386711
-0.657291
1.468128
19.083973
27.292444
0.000000
1.776595
3.123138
16.781351
20.636129
16.399822
3.017577
1.451257
0.860136
-27.974884
-4.718800
-3.557913
-10.015429
-4.008039
-0.959366
0.529748
-0.674440
-0.969893
1.559372
32.598507
25.879803
0.000000
6.101829
25.886251
23.734144
17.917965
3.592097
2.674577
1.138240
-30.011339
-5.107914
-2.844814
-3.882242
-1.224873
-1.539292
-0.500215
-0.471044
-1.912508
2.690623
34.548065
32.766129
0.000000
3.538956
23.934998
24.532608
20.890003
1.785019
1.433150
1.072476
-29.695511
-23.341848
-5.482225
-10.573740
-0.789158
-0.676920
-2.087830
-0.788222
-1.516979
10.754692
55.635513
63.180290
0.000000
12.241826
20.720894
21.967897
10.414028
1.628538
1.207462
0.922149
-35.739433
-31.825371
-4.115503
-16.864164
-12.364975
-3.036982
-2.966766
-0.708616
0.591013
4.926149
5.222277
43.997318
0.000000
0.404652
2.852233
7.918957
6.728996
0.384172
-2.570976
-1.701411
-43.045265
-40.391479
-15.686928
-14.307707
-8.101202
-1.652399
-1.888565
4.371408
3.313547
-0.061670
44.886524
58.211227
0.000000
1.959060
7.137338
10.359900
8.534591
1.410793
1.114080
-0.923531
-42.110107
-39.571247
-14.566902
-10.547073
-12.301779
-12.942585
-5.051920
-0.448580
2.148842
0.129089
23.801250
43.606819
0.000000
0.424358
0.195638
6.435184
7.124552
0.131326
-4.015807
-0.441898
-42.232460
-42.818626
-38.394020
-14.911707
-16.771143
-11.307436
-2.691711
-0.114416
0.629450
4.386882
66.009216
103.125641
0.000000
1.011777
8.099381
11.770975
8.507437
1.411421
0.819657
-0.037508
-42.029549
-39.093735
-26.179308
-13.069216
-14.458334
-12.741756
-4.838123
-1.131622
1.678636
1.978598
16.128859
39.551384
0.000000
2.430301
5.770627
14.680133
13.603303
1.744192
3.008320
1.980171
0.532697
-42.996513
-41.748890
-23.737555
-7.480602
-8.636578
-7.017855
-3.623158
0.874798
0.824419
5.972326
18.266182
56.727348
0.000000
0.577147
1.997919
6.192824
5.764215
1.219291
-0.339337
0.169004
-31.831406
-42.967979
-38.231068
-20.362806
-21.985195
-11.551544
-2.308969
-1.072311
2.253265
0.248785
44.459084
107.891670
0.000000
11.397355
9.603998
11.226120
9.388027
1.163365
-0.006458
0.305176
-33.343708
-25.768341
-1.338392
-2.564579
-8.192884
-1.688725
-1.716565
-0.207450
0.045862
3.228580
9.142820
15.531069
0.000000
1.463987
2.087928
4.483042
4.802716
1.036068
0.506490
1.191808
0.919301
-34.393570
-39.368732
-26.839329
-20.712410
-21.232992
-5.821070
-2.574505
-1.262323
1.725531
4.001287
2.063150
41.277313
0.000000
0.151265
7.356863
6.769123
1.951845
-0.184178
-0.822712
0.267088
-29.490868
-37.901436
-29.258036
-17.746817
-18.389809
-8.667202
-2.331064
0.233000
0.209692
2.457100
49.879864
78.344589
0.000000
9.484175
21.348675
21.421730
12.225401
3.689908
1.395648
1.129055
-90.449150
-37.634693
-27.236620
-19.542412
-14.330555
-14.732656
-2.552282
-2.161131
0.823483
5.882439
34.147522
82.794212
88.078918
0.000000
0.647926
3.117730
5.005235
3.832020
0.244884
-0.867479
-1.581331
-39.748306
-40.654747
-32.277649
-23.231945
-23.750774
-10.388149
-2.829109
1.916403
5.497346
3.478188
70.455452
101.466583
0.000000
1.426775
5.114830
7.552469
5.058852
1.021442
1.043357
0.152143
0.467858
-71.665260
-43.139378
-38.001534
-28.070730
-28.136896
-21.146986
-10.944851
-4.243974
-1.665932
5.845619
16.654018
24.556873
97.607513
0.000000
1.423925
1.053550
5.352173
1.840636
-0.236429
-0.954748
-1.207897
0.080630
-33.780224
-33.617504
-31.880262
-25.863304
-18.827055
-9.555470
-3.165298
0.726118
2.897758
5.337257
45.557030
51.983055
0.000000
1.601602
8.765266
5.946290
0.300877
-0.749445
-1.205149
-1.402875
-43.040535
-40.433743
-20.541384
-13.031998
-12.358662
-11.188345
-2.480803
1.046938
0.711740
4.411058
15.418550
55.947220
0.000000
1.960771
9.747155
12.703146
3.920075
-0.025139
-1.179179
-1.657721
-43.085411
-20.522306
-5.983597
-6.010851
-5.688078
-1.718239
-2.219654
0.902991
1.923510
7.376339
73.950981
83.479973
0.000000
2.670993
6.353565
8.685801
5.358269
2.124262
0.363234
0.234124
0.227560
-41.642513
-31.719416
-27.038898
-14.110352
-13.723619
-5.188061
-3.250685
1.606117
1.302437
13.344576
70.276230
68.853806
0.000000
-0.141556
1.825750
7.173375
5.966873
1.201982
0.620310
0.232384
-42.023140
-42.833267
0.000000
6.709905
2.475331
2.422662
2.338550
2.262858
2.209659
2.173907
2.136016
2.088137
2.027426
1.954281
1.864231
1.749996
1.616662
1.444962
1.259847
1.074145
0.754011
0.466892
-0.073333
-0.480432
-0.448560
0.357394
0.894862
0.916869
0.887734
0.902308
0.977288
0.993038
0.965353
0.903716
0.795326
0.643818
0.770717
0.759141
