0.000000
29.410952
38.967842
40.585388
38.425106
35.535061
30.488209
28.695251
28.014332
27.288492
26.490366
25.813660
24.551891
23.457287
21.908476
20.118965
18.288412
16.333851
14.435455
12.464266
11.342926
10.284347
8.333398
6.344046
4.918555
3.405400
2.310572
1.746473
1.673749
2.112237
3.124384
4.869987
120.000000
10.787801
9.775791
9.017007
7.606775
5.965275
4.589899
3.659859
3.231939
3.267040
3.962715
3.317940
2.756185
2.138103
1.556854
1.028522
0.533174
-1.231220
27.757774
31.084990
28.431618
34.268295
37.314514
23.910135
23.079460
2.395663
44.754505
52.259754
46.817944
46.455067
45.284454
43.263565
41.680698
39.964539
22.612648
-0.777646
-0.924340
-1.362178
-4.801576
-3.987402
-0.975416
-2.388968
-0.793247
0.052229
1.072610
1.576609
0.843065
1.322126
36.414879
30.095661
0.000000
75.753677
75.857506
55.636608
14.802511
0.221603
0.002196
61.931240
-5.823410
-4.480203
-1.052933
-0.054981
0.170642
0.652791
0.839765
0.634626
-1.036747
-0.079801
1.572515
33.604523
0.000000
70.881226
71.123535
63.907780
2.808677
1.330346
-0.051987
31.676249
-9.147375
-1.160882
0.081558
-0.462959
-0.202396
0.204561
0.759611
1.307700
-1.056406
-1.252706
1.115347
11.540956
0.000000
84.710426
76.016197
42.101826
2.599538
0.617901
0.343745
29.441959
-6.305486
-1.648576
0.114328
0.079849
-0.013150
0.138747
0.722646
1.095801
-0.635090
-1.400820
1.271013
-0.613248
0.000000
79.627762
69.346878
36.417412
4.250863
0.957838
0.340069
3.187346
-4.453201
-2.414973
-0.490166
-0.514381
-0.358159
0.231610
0.998511
1.417342
-0.622486
-1.659883
1.372905
-0.720191
0.000000
82.007797
77.217148
50.202209
5.312782
0.653559
0.217043
24.781345
-8.157641
-2.422263
-0.559288
-0.537582
-0.460867
0.187345
1.147219
1.475819
-0.448874
-1.737045
1.237494
0.287315
0.000000
76.127289
72.299362
43.702400
2.029077
0.530131
0.266309
15.463754
-5.715305
-2.391119
-0.739590
-0.786922
-0.627583
0.192119
1.391677
1.720618
0.017832
-1.559593
1.694090
-0.542332
0.000000
78.038055
73.816513
45.908218
2.678638
0.681456
0.901973
-0.124892
-7.559757
-1.878925
-0.970186
-1.028902
-0.878496
0.338566
1.705456
1.697286
-0.248072
-1.639598
0.572361
0.150543
0.000000
74.499001
76.585686
62.738644
5.774702
0.637153
0.363116
1.983286
-5.083458
-1.745422
-0.438051
-0.726168
-0.775457
0.480574
1.373182
1.850058
0.158716
-0.860698
0.854582
0.166948
0.000000
64.460091
58.586185
34.703018
0.517967
1.021259
1.120255
-0.244839
-4.348756
-1.415595
-1.600792
-1.163033
-1.069777
0.536972
1.691133
2.876938
0.636620
-0.785542
1.001588
-0.156061
0.000000
73.037872
58.700382
24.774992
0.697523
2.257244
2.190052
-0.036444
-3.511026
-1.539021
-0.744928
-0.938343
-0.775194
0.595104
2.040257
2.173994
0.105909
-1.017599
0.639433
7.612024
0.000000
69.119888
67.727432
63.093685
3.365353
0.637500
0.358638
0.027233
-2.617826
-1.390774
-0.430581
-0.714435
-0.438290
0.681055
1.732098
2.842259
1.547947
-0.799776
1.201529
0.650755
0.000000
56.569538
41.479809
1.215874
0.568752
1.909617
1.399075
-0.287209
-5.973701
-1.296225
-1.017988
-0.808735
-0.288404
0.674520
2.208384
2.794924
0.583115
-1.693188
1.003730
64.610779
0.000000
72.420273
69.184013
50.229248
0.845448
0.598614
0.320031
-0.024893
-2.346583
-0.994552
-0.478456
-0.743165
-0.547037
0.543348
1.743909
3.186905
8.648212
-2.144842
0.184698
1.448114
0.000000
53.883842
41.891224
12.318045
0.326622
0.522022
0.200209
-0.362727
-7.012370
-1.143323
-1.492498
-0.796560
-0.125492
0.818872
2.149290
2.736783
0.751097
-1.326752
1.037325
66.860748
0.000000
72.312157
69.365875
51.515541
0.701623
0.500018
0.216814
-0.105138
-2.893535
-0.977500
-0.497928
-0.716936
-0.307428
0.582352
1.774153
2.913231
6.429104
-0.397287
0.499927
5.588116
0.000000
58.916397
51.762741
33.564747
0.465082
0.412591
0.079330
-0.330958
-5.734388
-1.139192
-1.188273
-0.962458
-0.136555
0.834087
2.092127
2.782253
0.589073
-0.572102
1.235147
1.404100
0.000000
73.050507
69.414970
42.394466
0.667837
0.340622
0.076493
-0.163976
-3.711180
-1.114395
-0.771521
-0.949612
-0.353891
0.820625
1.743409
2.261297
0.045826
-1.386381
-0.691366
62.193184
0.000000
69.231056
68.191673
62.291260
16.200424
0.554180
0.259348
-0.095293
-2.843627
-1.483277
-0.672805
-1.066374
-0.680626
0.598890
1.611027
2.766482
0.468313
-0.671331
0.292114
0.535158
0.000000
61.667366
51.814350
14.382910
0.861180
4.615674
5.015676
-0.424663
-7.069981
-1.386397
-2.179562
-0.887831
-0.211594
0.751719
2.017847
3.221845
0.719376
-0.822140
0.390552
0.826504
0.000000
70.865082
62.174816
33.233181
0.457133
0.213591
-0.063537
-0.278349
-5.232292
-1.247458
-1.076925
-1.065191
-0.423800
0.649233
1.913660
1.507144
0.376587
1.231865
-0.339228
73.354691
0.000000
59.230671
55.261131
47.550522
10.274164
0.497640
0.200375
-0.161295
1.193070
-1.361795
-1.029240
-1.265170
-0.745720
0.608433
1.655569
2.990435
0.867699
-0.308592
0.461260
-0.986986
0.000000
48.479881
32.618401
5.811717
0.073201
2.925434
9.417799
-0.728803
18.906225
-21.083950
3.464067
-14.189985
-9.802883
-10.304422
1.408514
3.650488
2.416847
-1.366365
-0.667465
6.576710
0.000000
66.406242
65.634300
38.413799
0.345908
0.084876
-0.196433
-0.433432
1.350535
-2.792630
-1.236313
-1.271374
0.194092
0.962959
2.043388
2.348674
0.097294
-3.723846
-0.992676
2.906458
0.000000
61.858513
62.998810
55.681889
5.059788
0.287464
0.005643
-0.319111
-1.101323
-1.577462
-1.106278
-0.920967
-0.031467
0.853521
1.745043
3.189800
0.992014
-0.520304
-0.021817
-0.753174
0.000000
57.206841
45.146492
7.120217
0.214003
5.572476
9.635522
-0.644051
5.833006
-4.744977
-2.165689
-6.287975
-3.249384
0.416533
1.699120
3.443321
0.490948
-0.202612
-1.136099
1.373230
0.000000
73.859200
74.591652
55.583637
0.471998
0.257808
-0.048136
-0.361019
2.127364
-0.853706
-1.161110
-0.986165
-0.204769
0.724478
1.710178
1.467645
0.656166
-0.466721
-0.900839
65.716461
0.000000
59.258301
59.326660
56.625603
23.190878
0.310724
0.013494
-0.306626
0.115263
-1.672106
-1.110047
-0.916721
-0.408838
0.674395
1.829573
2.764661
0.538637
-1.122211
-0.394627
-0.282207
0.000000
66.815811
60.470261
30.157511
0.460332
2.213109
1.050158
-0.406450
0.602861
-2.132033
-1.892595
-0.917053
-2.554390
0.437534
1.658695
2.139718
-0.210287
-0.058630
-0.725256
1.754913
0.000000
66.341362
65.175774
57.768883
3.157307
0.337833
0.017772
-0.338058
1.240407
-1.678155
-1.034275
-1.026252
-0.282118
0.692108
1.696247
2.933676
0.854805
-0.503178
-0.482674
-0.134893
0.000000
57.737480
43.973843
19.616636
0.190913
4.399861
7.728577
-0.687298
7.820615
-5.643699
-3.286127
-8.270514
-7.296480
-3.057442
1.675583
3.316662
0.914745
-0.399044
-1.332737
0.933290
0.000000
69.854233
70.167793
46.520863
0.376961
0.095303
-0.209268
-0.503296
3.766551
-2.258944
-1.202813
-1.187647
0.074760
0.828876
1.980629
2.265194
0.064911
-0.319445
-1.495699
58.575138
0.000000
60.579281
61.538273
58.358112
14.655079
0.233578
-0.073100
-0.375508
0.234411
-1.589638
-1.262257
-0.769495
0.195856
0.846529
1.930304
2.415650
0.515978
-0.830389
-1.447742
0.633093
0.000000
64.981819
66.271225
49.525776
0.425202
0.211383
-0.195055
-0.436584
0.292851
-2.042872
-1.673826
-0.695929
-1.237562
0.763582
1.673372
2.015008
-0.187572
0.567368
-1.470184
56.235481
0.000000
65.774605
65.270668
61.064110
7.348221
0.330755
0.011431
-0.342040
0.424010
-1.345368
-0.878181
-0.788404
0.144745
0.748928
1.649963
2.706398
0.711439
-0.918070
-0.728249
0.356003
0.000000
59.239834
51.615643
28.434898
0.249410
5.065642
6.497212
-0.666515
7.840333
-5.002592
-2.369930
-6.860727
-7.941605
-3.975651
1.650915
3.085120
1.178923
-0.575294
-1.331545
1.154150
0.000000
74.064529
66.252922
38.162617
0.413856
0.095460
-0.229221
-0.444275
3.047535
-2.075041
-1.143171
-0.901699
0.217520
0.644350
1.431225
1.849935
0.051537
-0.334021
-1.342249
60.071442
0.000000
59.690529
57.945496
57.953972
21.785219
0.260821
-0.062961
-0.415875
3.715661
-1.807700
-1.238110
-0.670868
0.248228
0.795765
1.994711
2.577398
0.596579
-1.373997
-1.165751
0.186579
0.000000
62.932106
61.493462
38.417233
0.437922
1.348959
0.172951
-0.476703
1.921115
-2.571984
-1.921608
-4.135176
-7.844444
0.293446
1.500149
2.234932
-0.088011
-0.068365
-1.075727
49.838654
0.000000
63.256454
58.328758
53.953022
1.784255
0.238781
-0.096724
-0.473513
2.032701
-1.651066
-0.860313
-0.725527
0.273594
0.710844
1.686649
2.774208
0.937805
0.764486
-1.159733
0.684095
0.000000
54.316463
49.040558
28.328215
0.190445
5.492551
5.544609
-0.736510
12.075212
-7.206861
11.423273
-9.099945
-9.792797
-7.000624
1.492491
3.852606
2.324867
3.791100
-1.338966
2.042604
0.000000
66.235794
62.453838
30.238335
0.221717
0.911973
1.866489
-0.656424
6.534488
-4.172153
-2.019339
-0.977812
-2.080318
0.464462
0.192144
2.262627
-0.030151
-0.028221
-0.880833
1.681837
0.000000
57.639954
53.210648
51.111462
16.413877
0.061004
-0.266558
-0.620491
2.506999
-1.833625
-1.085123
0.079664
0.506008
0.962418
1.687229
2.298692
0.442621
0.274456
-1.953768
68.742882
0.000000
60.347763
62.579025
55.729668
0.400168
0.162744
-0.263234
-0.567246
1.818476
-2.250249
-1.654787
-4.125654
-6.458611
0.360685
0.570276
2.369387
0.128576
-0.343260
-1.801504
63.085583
0.000000
63.486809
62.024738
60.318653
1.861334
0.130983
-0.206248
-0.534660
1.439381
-1.950176
-0.859352
-0.073576
0.394001
0.900450
1.775078
1.712423
0.049843
-0.402399
-1.907347
58.982178
0.000000
58.454643
57.715588
58.281513
6.749746
0.123503
-0.221690
-0.552885
2.107576
-2.085873
-1.252171
0.291145
-4.566418
0.633371
1.160074
2.047914
-0.085659
1.032627
-1.825052
50.907986
0.000000
59.901382
59.189480
58.128479
6.123273
0.279758
-0.073404
-0.440420
0.338708
-1.482960
-0.657876
-0.425428
0.396633
0.637966
1.796850
2.226204
0.671577
-1.532885
-1.041080
8.535509
0.000000
56.354080
54.583214
45.386551
0.268883
1.123266
0.722915
-0.737895
6.408970
-4.269869
-7.372353
-6.951578
-14.513355
-4.534388
1.476263
3.420732
1.555870
-0.689104
-1.407400
0.304520
0.000000
68.327843
69.778297
63.333412
0.378497
0.079544
-0.399049
-0.659168
5.375420
-3.957893
-1.106388
-6.472456
-6.732578
0.162472
-0.507254
1.950980
0.333231
-0.050331
-2.045824
59.214611
0.000000
57.300941
52.764824
52.700668
19.075191
0.115066
-0.245545
-0.630149
2.278007
-2.181548
-0.990586
-0.093653
0.366154
0.635807
1.761353
2.610028
0.873945
2.644922
-1.381567
0.523140
0.000000
61.641468
63.614525
55.387741
0.396006
0.486028
-0.169770
-0.631066
3.997563
-2.671398
-1.418710
-8.486092
-10.796871
0.008179
1.062180
2.670761
0.777218
-0.493639
-1.994392
2.407589
0.000000
61.880238
59.869781
59.768551
1.286217
-0.091590
-0.444484
-0.744091
3.068615
-2.475101
-4.753498
-10.815720
-7.153931
-0.151583
-0.047253
1.957996
0.685730
-0.218706
-0.870232
33.797211
0.000000
51.913467
50.115639
50.205769
12.821579
-0.109487
-0.462188
-0.788493
4.448666
-9.403412
-7.582727
-11.064615
-11.381037
-0.169693
1.129911
2.443599
1.019758
1.433958
-1.011698
0.577982
0.000000
54.869118
52.342831
48.915218
0.262312
-0.115898
-0.472285
-0.785532
2.712000
-2.737268
-6.770151
-11.313883
-10.314348
-0.220076
0.939077
2.509763
1.161192
3.324644
-1.454769
0.145061
0.000000
60.443737
60.991741
56.294884
0.370917
-0.079267
-0.453725
-0.746280
3.376606
-2.631638
-4.357744
-12.848019
-7.123646
-0.256742
-0.571917
1.887309
0.783714
2.154434
-1.223003
2.035158
0.000000
56.833076
52.717571
52.210716
8.622524
-0.198176
-0.561288
-0.879869
-19.515121
-22.672338
-11.490568
-18.822527
-11.125423
-0.749388
-0.038155
1.568061
1.692663
0.134203
-1.299986
37.399704
0.000000
56.278431
54.100925
53.594032
14.906651
-0.204083
-0.566901
-0.894552
-21.031382
0.739815
-2.311478
-14.342052
-11.768650
-0.429092
-0.522518
1.939470
1.467340
0.661346
-1.345655
29.766804
0.000000
56.845612
53.533237
53.811771
25.098047
-0.053690
-0.424837
-0.793575
-21.469706
-0.808683
-1.397736
-9.296759
-8.471504
-0.001303
-0.691032
1.835167
1.321890
1.007814
-1.655748
53.918312
0.000000
57.154625
54.281578
55.098717
21.395733
-0.003650
-0.383246
-0.757930
-20.391418
-0.550440
-5.950527
-13.042557
-10.178499
-0.318533
0.873974
1.904198
1.535088
2.389914
-1.384859
1.722462
0.000000
52.440235
47.593765
48.174732
22.864153
-0.100248
0.090410
-0.832397
-21.291512
9.284252
-7.490941
-7.488115
-16.447289
-3.519901
-0.447712
1.839622
2.957657
6.070772
3.896727
4.908831
0.000000
57.775791
56.574825
47.729763
0.223338
3.765603
2.938970
-0.985837
-19.765499
6.755960
-15.063169
-17.076044
-19.859097
-6.037285
0.734852
1.839012
2.607545
4.925247
2.092287
0.934654
0.000000
62.269039
59.615520
57.828556
11.594124
-0.236887
-0.616565
-0.921194
-21.258408
-17.411846
-2.702181
-18.166098
-13.990673
-0.559935
-1.062208
1.708056
1.864314
2.566128
-1.227806
0.539230
0.000000
61.331375
59.024612
57.738365
20.978724
-0.180547
-0.561333
-0.886563
-20.628923
-1.474257
-1.029039
-17.827135
-7.746515
-0.624493
-1.386019
1.136301
1.553079
-0.806492
-1.355242
0.435263
0.000000
62.121170
59.632679
58.995766
23.246248
-0.187207
-0.575405
-0.911529
-26.151731
8.838085
-2.662802
-21.928740
-10.530237
-0.790627
0.348133
1.693389
1.672231
-0.834126
-1.384012
0.139484
0.000000
67.343895
65.630592
64.830299
27.938250
-0.028150
-0.422242
-0.783485
-26.966089
-23.987232
-2.280504
-17.826740
-6.196341
-0.483690
0.251915
1.206177
1.384304
-0.793180
-1.417200
0.131630
0.000000
63.890892
60.876244
59.575451
20.095791
-0.153667
-0.545922
-0.896903
-19.695065
-21.102755
-2.174934
-21.995516
-9.898195
-0.749002
0.382782
1.449090
1.651885
0.208370
-1.548113
0.450895
0.000000
64.257645
60.177307
58.015430
14.161040
-0.231796
-0.619148
-0.954143
-20.130165
8.668865
-2.212500
-23.682400
-11.116652
-0.885433
0.409155
1.404021
1.741692
0.409914
-1.533672
0.011311
0.000000
63.502945
59.831818
57.166332
13.858810
-0.273656
-0.660731
-0.984807
-26.726799
-0.495474
-6.101389
-24.100367
-10.785656
-0.894512
-0.070139
1.091090
1.784966
-0.606800
-1.076534
-0.750364
0.000000
67.203827
64.156425
61.010906
12.628998
-0.321438
-0.733219
-1.051581
-25.334980
-2.669720
-5.387594
-25.777817
-11.676985
-1.053999
0.186699
1.388691
1.981603
-0.570477
-1.643965
0.690292
0.000000
74.203835
72.651474
68.253700
17.506081
-0.188746
-0.644615
-0.975306
-57.961662
-0.391535
-5.238739
-21.428221
-7.572821
-0.788885
-0.052404
1.192367
1.731917
-0.663084
-1.300102
-2.789535
0.000000
80.972069
81.102539
80.696342
30.323999
0.110911
-0.486559
-0.970833
-29.374714
-13.540879
-3.502438
-21.868483
-8.463501
-0.954124
0.037113
1.338239
1.828082
-0.919016
-1.405695
0.389551
0.000000
82.079460
80.651314
78.533112
22.862333
1.527819
0.151024
-0.951582
-27.166405
0.382114
-3.422348
-22.120295
-10.110636
-0.920959
-0.694433
0.614811
1.783700
-0.764900
-1.104918
-0.646410
0.000000
76.029625
77.638718
72.506210
16.070702
2.294280
0.988802
-1.001040
-29.290648
-16.919706
-1.970261
-24.512577
-12.849771
-1.240086
-0.531368
0.801962
2.027290
-0.109617
-1.705507
-2.354082
0.000000
73.041306
73.346970
71.330933
17.748972
0.662869
-0.343132
-1.101711
-18.116674
2.531414
-41.250206
-29.531656
-17.230751
-2.659094
0.166449
1.938986
2.449395
0.202772
-0.706633
-1.446377
0.000000
70.354759
71.523247
70.616760
21.173319
0.602511
-0.258286
-1.033449
-18.213736
0.125618
-43.521187
-25.931026
-14.705372
-1.417025
0.160978
1.943487
2.427145
1.201765
-0.485918
-1.804615
0.000000
68.295349
66.755623
61.727478
5.577457
3.899619
2.669198
-1.099799
-17.730793
6.378780
-8.370026
-30.268995
-17.179138
-2.462999
0.170532
1.812197
2.615901
1.585222
-1.884140
-3.926222
0.000000
68.627823
69.142807
62.798870
9.159061
3.645657
2.317822
-1.107457
-17.286160
-20.612211
1.369783
-28.176712
-15.177721
-1.348415
0.148600
1.416742
2.533293
0.995411
0.124855
-2.103142
0.000000
65.833344
64.715935
60.756443
2.763918
4.608813
3.440979
-1.197700
-17.440126
4.578333
-4.971502
-33.327072
-19.654308
-4.374771
0.002348
1.471132
3.270836
1.490063
-1.404354
-3.582932
0.000000
71.632263
67.174149
50.002571
3.175155
8.765038
6.663668
-1.301604
-16.663937
3.102459
-27.018187
-38.253845
-24.698328
-8.514580
-0.201010
1.916925
3.857431
3.152428
-1.490799
-0.590128
0.000000
59.289215
68.807930
63.778313
3.744123
8.098425
6.203641
-1.240324
0.006997
-12.458504
-16.408163
-38.652985
-25.328859
-9.309977
-1.162828
1.126085
3.900833
0.891933
-1.439585
-0.033075
0.000000
59.205193
59.551147
43.680008
1.024811
1.410798
-1.889204
-0.773862
-25.705601
-16.528885
-16.747646
-29.852671
-29.705603
-7.912701
-7.449907
0.100069
5.006239
2.557499
8.717926
4.955656
0.000000
63.121124
43.873936
28.859009
2.842751
-1.800149
-2.158014
-2.431464
-22.854609
-16.138288
-16.393261
-40.587959
-31.830601
-9.502285
-1.819675
-0.037813
4.179253
5.155098
4.993431
56.431625
96.352577
0.000000
68.262215
44.010128
26.894329
-1.443341
-2.055900
-2.220049
-5.714648
-28.154486
-26.095278
-18.624016
-2.131712
-6.363810
-3.414885
-0.785316
0.386581
4.339111
3.381847
52.924500
95.466614
0.000000
78.486000
44.251247
19.858597
-1.095179
-1.599286
-2.068900
-46.935005
-12.367355
-12.697933
-21.103596
-32.926964
-13.486689
-2.358934
-0.424068
2.400604
1.940613
3.220545
44.994156
106.644997
0.000000
78.786201
44.350712
37.991192
-1.301000
-1.907004
-2.156151
-3.624188
-26.240101
-19.993298
-21.101658
-3.453480
-13.383577
-2.466805
-7.083126
-3.501236
5.848745
6.369022
62.450199
70.484848
0.000000
51.151600
43.478100
2.327118
8.673132
11.339655
10.953449
-1.745669
-4.567630
-11.258827
-17.742262
-30.843466
-13.016331
-1.843819
0.351120
3.165195
1.506832
2.888443
51.094563
109.488190
0.000000
84.218170
54.580276
43.716400
-0.941447
-1.556761
-2.014539
-5.037437
-43.243984
-20.905851
-17.948380
-37.186150
-21.937634
-2.545162
-0.862425
0.037519
3.368169
2.599564
3.085840
66.074089
0.000000
52.887508
61.280624
62.373947
10.298489
-0.145053
14.901253
-1.367395
-1.754052
-43.056293
-22.938463
-19.504936
-16.914991
-10.589544
-2.810390
-1.075821
2.396460
2.373180
3.970243
48.114578
93.772644
0.000000
70.367958
43.783714
14.290980
5.655740
-0.145050
-2.100604
-3.259356
-27.244715
-18.413143
-23.245258
-43.728355
-21.152637
-2.669260
-1.545782
3.112703
4.701076
4.982475
12.801443
67.476616
0.000000
90.648811
72.185371
49.961609
1.947230
-1.175059
-0.559903
26.240698
-61.391731
-36.265285
-23.319351
-37.584423
-23.279816
-6.046713
-0.309614
1.147825
3.862040
2.462646
2.640997
50.386055
0.000000
77.341148
65.940231
53.504227
8.687308
20.708956
26.192493
-1.463260
-94.012978
-43.237236
-37.931931
-24.768270
-14.494583
-2.461208
-0.488195
0.974670
5.282850
9.318047
13.733118
24.995392
0.000000
67.932037
63.193676
51.842228
6.703067
1.876272
-1.215136
-1.957418
-30.594700
-29.742958
-20.124113
-43.601597
-31.557135
-13.458385
-0.536362
-0.406277
2.786165
4.201323
8.832134
21.631235
100.424606
0.000000
73.643982
64.510704
39.281410
-0.656911
-1.023969
-1.407933
-1.678192
-42.997772
-23.751190
-9.269415
-8.300680
-4.942122
-4.252735
-0.754213
-0.241121
3.622454
2.220098
5.882845
68.797806
104.444466
0.000000
92.685669
57.633549
43.626045
-2.022860
-1.872497
-3.145288
-2.128080
-28.055044
-19.243097
-38.419647
-38.972778
-23.795921
-5.164385
-0.299675
-0.825226
1.209661
2.215153
5.179659
64.968239
100.759720
0.000000
35.307594
23.779999
15.060802
11.355619
9.729609
-1.217990
-1.484640
5.036150
-43.032066
-43.386528
-33.284752
-39.959122
-17.308044
-2.321486
-1.767107
0.886244
5.092656
12.118713
35.705460
104.521622
0.000000
81.160072
65.603912
48.048550
9.239774
7.073091
5.038429
15.859539
-38.335007
-43.280125
-41.024429
-39.409500
-21.241846
-3.992098
-1.237812
0.541002
6.779253
13.865126
33.169216
106.049301
0.000000
77.153717
65.999886
50.181492
14.741646
-1.172984
-1.371737
18.246229
-59.585270
-42.843773
-14.140467
-24.414055
-26.455017
-7.944675
-1.105558
1.358414
6.334717
7.865875
14.614151
98.622757
0.000000
77.239594
69.926506
43.868946
15.720304
3.938762
-3.826337
-2.065465
-36.017780
-4.866352
-63.773373
-4.011061
-30.137947
-22.381655
-5.782784
-0.573904
1.550930
5.457518
8.251657
16.189680
102.407501
0.000000
41.978436
45.394035
32.650921
2.744460
-1.063709
-1.401038
-1.565511
6.340090
-43.176205
-3.950480
-9.682051
-18.357410
-12.994171
-1.920370
0.042921
4.124132
2.940258
6.076956
90.863083
0.000000
48.296154
30.660297
37.803619
32.793800
32.672298
31.483643
30.969152
31.344534
31.251947
30.620045
29.760204
28.817686
27.453327
25.848112
23.641735
20.572750
20.600414
19.974571
19.005686
18.876610
17.950321
16.617817
14.993534
12.732596
10.436525
7.813966
6.228373
5.538198
2.396555
1.226932
1.043989
0.479984
0.167110
1.087153
3.425837
