-1.875954
-1.933408
-1.960090
-1.955407
-1.942516
-1.961353
-1.986059
-2.014719
-2.044944
-2.074335
-2.100300
-2.120366
-2.132692
-2.136003
-2.130397
-2.118158
-2.101053
-2.077327
-2.045137
-2.003075
-1.950039
-1.884317
-1.806695
-1.719612
-1.623837
-1.519840
-1.397843
-1.228428
-1.038768
-0.888000
-0.968242
-1.165103
-1.351338
-1.532318
-1.710757
-1.882109
-2.031859
-2.160902
-2.256945
-2.321007
-2.346451
-2.352703
-2.347983
-2.337670
-2.323114
-2.302075
-2.273107
-2.235269
-2.188955
-2.135144
-2.075008
-2.007483
-1.942363
-1.883617
-1.830471
-1.781646
-1.754834
-1.744617
-1.813747
-1.874665
-1.919126
-1.945326
-1.955131
-1.951259
-1.935789
-1.911261
-1.877858
-1.835348
-1.784889
-1.728213
-1.664502
-1.590817
-1.503313
-1.399245
-1.276767
-1.198164
-1.398767
-1.585694
-1.720505
-1.793779
-1.833178
-1.867119
-1.906596
-1.947979
-1.983826
-2.007716
-2.016826
-2.015862
-2.004262
-1.982486
-1.948141
-1.900024
-1.838574
-1.765327
-1.683259
-1.600683
-1.524189
-1.452403
-1.414616
-1.400887
-1.388436
-1.368778
-1.330409
-1.398527
-1.449848
-1.479747
-1.495456
-1.500916
-1.497707
-1.486018
-1.465183
-1.432965
-1.384361
-1.313271
-1.215831
-1.089813
-1.151228
-1.349066
-1.527958
-1.660663
-1.753888
-1.822902
-1.893505
-1.965979
-2.029610
-2.079867
-2.123745
-2.152285
-2.156946
-2.137432
-2.094682
-2.031641
-1.952584
-1.862048
-1.767550
-1.677529
-1.595749
-1.522541
-1.478973
-1.444859
-1.412170
-1.394400
-1.456219
-1.496517
-1.519430
-1.529536
-1.530373
-1.523893
-1.510540
-1.489343
-1.457547
-1.409848
-1.340475
-1.246144
-1.124313
-1.116504
-1.316025
-1.498027
-1.638381
-1.735600
-1.805356
-1.874055
-1.946101
-2.011660
-2.064638
-2.108422
-2.138056
-2.145184
-2.129717
-2.092630
-2.035758
-1.961774
-1.874157
-1.779726
-1.687079
-1.602740
-1.521705
-1.473229
-1.441578
-1.408220
-1.368226
-1.404471
-1.454083
-1.484662
-1.500895
-1.506567
-1.503971
-1.493978
-1.476291
-1.449123
-1.408293
-1.347230
-1.261648
-1.148105
-1.075853
-1.276280
-1.461559
-1.614004
-1.716503
-1.788675
-1.854963
-1.926629
-1.995586
-2.053107
-2.094871
-2.126538
-2.141703
-2.133320
-2.099162
-2.041795
-1.966925
-1.879732
-1.787308
-1.697787
-1.617619
-1.542482
-1.488942
-1.454097
-1.421021
-1.389731
-1.429513
-1.483953
-1.517886
-1.535647
-1.541755
-1.539194
-1.529435
-1.512559
-1.486990
-1.449126
-1.392981
-1.313363
-1.207843
-1.072913
-1.203016
-1.397788
-1.571702
-1.688379
-1.770413
-1.834159
-1.901530
-1.971622
-2.033601
-2.082399
-2.122526
-2.147058
-2.148640
-2.126738
-2.082138
-2.018368
-1.939062
-1.848895
-1.755618
-1.667642
-1.588446
-1.515275
-1.472418
-1.438579
-1.405471
-1.384750
-1.448958
-1.490774
-1.514930
-1.526131
-1.527928
-1.522282
-1.509667
-1.489236
-1.458538
-1.412507
-1.344886
-1.251834
-1.130988
-1.052428
-1.253031
-1.439630
-1.597319
-1.705447
-1.782802
-1.853408
-1.928068
-1.998564
