0.000000
-2.738169
-3.144133
-2.420240
-1.592386
-1.580779
-2.094758
-2.218703
-2.220629
-2.155656
-1.956175
-1.775109
-1.518965
-0.997004
-0.744130
2.276835
1.998740
0.403478
-0.752991
-1.201365
-1.020498
-0.448117
0.249942
0.784593
1.203554
1.263148
0.813405
0.383518
0.058039
-1.410997
0.574828
0.040756
-0.369826
-0.294337
-0.777338
-1.362261
0.000000
-5.482473
-4.017579
-3.328164
-3.121859
-1.028615
-1.217387
-1.808279
-3.015176
-4.313494
-5.236952
-5.946382
-6.191546
-6.157175
-5.784141
-5.454387
-4.995840
-4.140450
-3.109631
-1.766259
3.719557
1.410692
-0.086018
-0.600279
-0.191537
-0.154822
0.002490
0.264343
0.511995
0.579479
0.277967
0.206568
0.333053
0.512379
0.632465
0.633026
0.527582
0.298852
0.077982
0.009372
0.293683
0.237684
0.655716
0.690825
0.369320
0.209565
0.000000
-3.399095
-3.587511
-3.320333
-3.486362
-0.967365
-1.026399
-2.902125
-5.088637
-6.803920
-7.239699
-7.070295
-5.987509
-5.418504
-4.346751
-2.919765
-1.274449
-0.811100
3.224652
3.325172
1.337166
-0.510863
-1.888063
-1.985824
-1.784342
-1.316249
-0.615789
0.153033
0.883479
1.456931
1.516150
1.214125
0.771816
0.417012
0.500372
0.289818
0.512483
0.674136
0.414875
0.146959
0.000000
-7.653955
-8.883033
-8.806131
-7.172624
-0.761554
-0.641952
-3.292595
-6.080570
-8.251657
-8.266081
-7.363454
-6.550525
-5.087289
-3.364590
-1.508460
-0.286651
3.604333
3.142411
0.849676
-0.927233
-1.986941
-2.167486
-1.887300
-1.360740
-0.712389
-0.015837
0.695056
1.320032
1.477911
1.228791
0.818857
0.426390
0.449824
0.308350
0.443810
0.752241
0.571060
0.178107
0.000000
-7.951219
-9.136708
-9.133751
-7.768765
-0.719771
-0.652146
-2.926405
-5.859550
-8.038956
-8.106771
-7.594441
-6.646813
-5.325641
-3.890957
-2.045620
-0.757869
2.566826
3.662690
1.917210
-0.296262
-1.650067
-2.202600
-2.120108
-1.674104
-1.014353
-0.278822
0.464872
1.166150
1.499059
1.381795
1.020785
0.568459
0.297191
0.397035
0.322043
0.719845
0.690085
0.250139
0.133327
0.000000
-8.881670
-9.358977
-7.791708
-6.383781
-0.678714
-0.599113
-3.197776
-6.175705
-7.740186
-8.012561
-7.285589
-5.997697
-4.467103
-2.621478
-0.802691
2.331158
3.674508
2.382759
0.025277
-1.474647
-2.095790
-2.020862
-1.616355
-1.042505
-0.402647
0.266304
0.939771
1.397104
1.383515
1.066336
0.636712
0.299215
0.469873
0.157598
0.591392
0.755611
0.415236
0.150157
0.000000
-8.518145
-9.467373
-8.476397
-6.838258
-0.692014
-0.601280
-3.095003
-5.902570
-7.977825
-8.184510
-7.515334
-6.507996
-5.059418
-3.544981
-1.632818
-0.247615
3.649550
3.206373
0.899252
-0.858941
-1.919128
-2.142381
-1.902397
-1.405020
-0.768468
-0.080992
0.622298
1.266845
1.466267
1.269665
0.872083
0.470786
0.198338
0.370115
0.345580
0.726258
0.678862
0.234533
0.114713
0.000000
-9.482581
