3.530607
5.050932
5.232471
5.160908
4.984622
5.057052
5.814813
6.653817
7.213290
7.930974
8.367064
8.791017
9.229053
9.313237
9.335000
9.049313
8.470914
7.772602
6.803869
5.611808
4.220489
2.773560
1.231584
-0.916384
-3.272793
-4.687047
-5.930588
-7.222498
-8.061699
-1.407809
-1.323989
-1.320687
-1.034539
-0.557965
-3.442396
-3.594478
-3.982198
-4.326337
-4.569425
-4.596470
3.319464
2.859432
3.516408
0.624954
0.743237
1.231155
1.724458
2.481348
3.251903
3.908646
4.573586
5.138982
5.728883
6.621068
5.800769
4.203682
2.893656
1.585886
0.676583
-0.476902
-1.838192
-3.180238
-4.286042
-5.208919
-3.552574
-5.664521
11.415847
10.245965
0.248157
-7.793340
-15.276149
-20.821268
-18.485706
-13.068133
-9.126703
-5.547413
5.129032
8.457880
9.035802
7.797956
6.775795
5.532099
4.139732
3.186697
2.938352
0.786141
12.809897
5.482809
-5.230774
-9.931134
-13.400362
-14.475372
-12.395277
-10.681087
-9.871480
-6.548360
0.478147
9.225342
9.550302
10.498802
9.690334
8.392262
7.116620
5.905000
5.007209
2.463521
10.858739
3.862039
-3.731384
-7.095110
-11.636980
-13.851595
-12.012054
-9.923921
-8.899747
-7.348516
0.047004
10.583585
10.660225
9.202028
8.526883
7.022083
5.627967
4.448834
3.102060
0.425100
11.996007
3.543704
-5.641313
-9.697562
-12.846034
-14.288467
-12.281053
-10.693057
-10.065518
-7.557524
-1.728065
-3.013596
8.730538
10.916210
10.036899
8.630017
7.432730
6.259530
4.976299
2.342103
12.743257
2.252158
-5.784894
-8.138970
-10.953258
-13.201997
-11.771952
-9.584847
-8.607541
-6.654609
0.505875
4.974250
10.379292
10.556257
9.667024
8.154284
6.749020
5.427004
4.150574
1.395731
12.030982
3.248030
-4.582069
-9.153325
-13.162710
-14.702065
-12.370488
-10.183947
-9.270129
-7.536712
-0.742278
8.221671
8.163509
10.783957
9.910234
8.386364
7.101300
5.975208
4.442188
1.780894
11.365106
2.756804
-6.279754
-9.795257
-12.762212
-14.210721
-12.312212
-10.093153
-9.369049
-7.781181
-1.283333
-3.193297
8.574589
10.734558
9.980010
8.569757
7.325927
6.141860
5.095694
2.477975
12.949704
3.086847
-5.600799
-9.479272
-12.590175
-14.120335
-12.247059
-10.085616
-9.025219
-7.675864
-0.223524
8.220046
8.178975
11.429818
10.199949
8.709812
7.391802
6.125834
4.738496
2.060432
12.784550
2.780571
-6.214249
-10.112647
-12.944032
-14.327826
-12.425827
-10.155863
-9.263993
-7.893017
-0.872614
-2.415882
7.318410
11.437397
10.212886
8.747191
7.477302
6.202929
4.954288
2.291881
13.022666
2.225423
-5.945987
-9.229047
-12.057397
-13.931773
-12.204306
-9.651036
-8.192301
-6.855736
0.567231
11.523509
11.489866
11.472275
10.133603
8.549611
7.098499
5.716134
4.304567
1.570570
11.313298
3.470826
-4.548606
-9.762540
-14.188642
-15.710411
-13.077776
-10.412161
-9.016152
-8.200044
-0.705300
7.639432
7.610734
11.239147
10.301951
8.751816
7.414604
6.142289
4.583107
1.904631
12.024588
2.812698
-6.412462
-10.668326
-13.723642
-14.911566
-12.697991
-10.196648
-9.065302
-8.066295
-1.050563
-2.533860
8.169018
11.358573
10.217659
8.751583
7.446092
6.212968
5.079291
2.480843
13.029506
3.345788
-5.475628
-9.853989
-13.277000
-14.784200
-12.681875
-9.992623
-8.336246
-7.454347
0.314926
10.703697
10.660857
11.878267
10.584285
9.002748
7.573047
6.154955
4.701752
1.978803
11.777247
3.319046
-5.247303
-10.505816
-14.444433
-15.142777
-13.189008
-10.302296
-8.733359
-8.065526
-0.664392
8.420095
8.352983
11.291018
10.428259
8.884297
7.516610
6.147755
4.581758
1.915112
12.409767
3.148337
-5.923476
-10.754991
-14.082716
-15.028856
-13.100563
-9.802673
-7.729705
-6.771702
0.652203
12.111588
12.020726
11.552760
10.241559
8.591825
7.094983
5.625712
4.151864
1.461878
10.840261
4.161895
-3.961579
-9.866027
-14.757157
-15.637132
-13.476697
-10.298827
-8.330606
-7.729390
-0.156036
7.978526
7.866283
11.882876
10.594440
8.974081
7.495972
6.071967
4.478655
1.756743
12.049823
3.703288
-5.801132
-11.632338
-15.216608
-15.449181
-13.376830
-10.193079
-8.440190
-7.748584
-0.654825
-1.905980
10.262035
11.723074
10.510221
8.932296
7.521815
6.176632
4.910028
2.285925
12.177841
4.231200
-4.914183
-10.653111
-14.865346
-15.899047
-13.678818
-10.108829
-7.706155
-7.165112
0.720468
11.480516
11.382162
12.044106
10.735999
9.052832
7.499153
5.956251
4.484250
1.761305
11.331195
4.339784
-4.439635
-11.266694
-15.760541
-16.546328
-13.845902
-10.349791
-8.151080
-7.628316
-0.233147
10.348061
10.202718
12.012733
10.686596
9.004467
7.485762
6.011211
4.362309
1.650675
11.557832
4.013188
-5.535988
-11.651956
-15.575750
-16.455713
-14.068509
-9.856421
-7.082799
-6.222481
1.108598
11.509339
11.364879
11.129383
10.180886
8.418861
6.812904
5.246053
3.845082
1.139717
10.745393
4.958178
-3.524849
-10.663773
-15.714690
-16.785231
-14.070163
-10.232203
-7.644387
-7.041482
0.592391
11.527401
11.460108
12.384972
10.926345
9.123236
7.491036
5.901079
4.370601
1.660393
11.024943
4.809035
-4.673641
-11.952954
-16.646536
-17.385080
-14.660573
-10.430182
-7.815376
-7.433666
0.021130
0.214701
10.513960
11.593929
10.679556
8.958661
7.385916
5.914121
4.547803
1.862531
11.573948
5.037442
-4.404666
-11.963954
-16.516684
-17.138868
-14.376274
-10.103909
-7.039587
-6.482241
1.252984
9.405277
9.651144
12.186724
10.779508
8.975937
7.307754
5.720012
4.336052
1.634413
11.069308
4.881542
-4.296587
-11.681050
-16.440063
-17.441929
-14.664320
-10.297151
-7.325640
-6.884538
0.682598
3.677759
10.578023
11.852625
10.818800
9.042526
7.396472
5.778497
4.250492
1.562933
10.951166
4.666439
-4.510575
-11.905463
-16.480465
-17.542585
-14.698753
-9.778850
-6.296308
-5.441623
1.926142
13.009091
12.962659
12.128070
10.564045
8.621906
6.826306
5.049518
3.569916
0.912043
9.635284
5.837496
-2.584196
-11.619538
-17.698111
-18.766508
-15.251857
-10.155298
-6.733379
-6.250478
1.332472
9.546838
9.387805
12.506617
10.966320
9.051341
7.278918
5.582479
4.064397
1.358037
10.617914
5.547032
-4.345218
-13.348672
-18.219225
-18.549179
-15.233704
-10.360438
-7.120246
-6.730668
0.415972
6.690847
9.131747
12.211699
10.867232
9.010303
7.302585
5.786747
4.469049
1.853179
11.111031
5.211208
-4.458097
-12.419552
-17.394817
-18.588802
-15.136273
-9.773907
-6.033444
-5.692608
1.818843
11.502515
11.342073
12.118692
11.087970
9.168530
7.332746
5.639445
4.301589
1.609760
10.189701
5.496041
-3.532629
-12.594150
-17.908892
-18.479589
-15.301511
-10.325296
-6.731306
-6.355635
0.883900
11.619418
11.474325
12.133742
11.032829
9.060863
7.307135
5.467952
3.987286
1.346939
10.161098
5.348905
-4.052540
-12.866467
-18.141548
-19.008705
-15.615656
-9.780632
-5.675674
-4.829169
2.237261
11.132679
10.982951
11.967131
10.788593
8.758796
6.835602
5.043493
3.637877
1.019803
9.729684
6.358116
-2.995101
-12.953199
-18.728174
-19.591173
-15.627153
-9.954323
-5.995461
-5.516390
1.678002
10.124586
10.030954
12.940036
11.317987
9.272800
7.371274
5.625472
4.041691
1.399933
10.129542
5.667250
-4.099685
-13.424089
-18.867754
-19.499636
-15.771277
-9.985685
-6.099608
-5.708301
1.460624
7.409966
9.717999
12.696876
11.206350
9.169263
7.291147
5.599204
4.483573
1.861001
10.180824
6.059150
-3.763156
-13.325380
-18.860254
-19.448853
-15.840412
-10.026058
-5.688773
-5.201823
2.127926
12.817613
12.719525
13.028001
11.316799
9.241477
7.245875
5.359377
3.762788
1.214888
9.415480
6.328462
-3.313436
-13.813340
-19.647469
-19.836142
-16.049047
-9.879008
-5.733915
-5.164940
1.708059
11.771062
11.656032
12.645791
11.345695
9.248653
7.239957
5.265397
3.780373
1.214803
9.586897
6.510672
-3.537419
-14.147786
-19.824825
-19.913147
-16.100349
-10.090039
-5.489954
-4.396613
2.734461
11.828748
11.740057
12.610289
11.150006
8.896615
6.783067
4.875310
3.569453
1.006152
8.984134
7.077643
-2.828404
-13.807909
-20.384014
-20.469889
-16.410906
-10.245455
-5.714141
-5.047850
2.063614
11.771248
11.679660
13.065735
11.698423
9.504783
7.401632
5.396043
3.849485
1.292751
9.367453
6.747003
-3.576024
-14.868382
-20.257677
-20.232269
-16.293701
-10.102777
-5.752233
-5.101292
1.758485
7.093222
9.691592
13.142679
11.442491
9.220745
7.160763
5.393635
4.225329
1.703783
9.599658
6.982607
-3.930787
-14.607417
-20.227476
-19.912096
-16.036297
-10.462756
-5.730376
-4.985304
2.257625
11.735625
11.593439
13.315172
11.851286
9.555849
7.401942
5.339524
3.900941
1.373022
9.347501
6.612054
-4.024081
-14.920115
-19.461267
-19.924723
-16.149565
-10.360300
-5.802847
-5.027781
2.038512
2.673997
12.638253
13.038355
11.538163
9.213225
7.025260
5.065706
3.478715
0.979715
9.156220
7.124515
-3.810353
-14.948466
-19.782259
-20.018738
-16.067598
-10.170997
-5.344125
-4.056731
3.257498
15.143936
14.999545
13.529716
11.378516
8.824864
6.499677
4.395387
3.147914
0.740654
8.203486
6.885825
-2.363459
-14.354634
-20.101320
-21.006966
-16.650246
-10.578884
-5.540665
-4.766835
2.081413
2.782014
11.049580
14.036930
11.983628
9.658140
7.354504
5.328803
3.903134
1.075501
11.052299
6.671985
-2.284314
-15.537175
-20.895292
-20.734638
-16.716484
-10.323870
-5.251347
-4.203252
2.147845
2.768823
13.167986
12.945602
11.321117
8.935484
6.665537
4.654214
3.703334
1.266400
10.765956
6.883597
-1.677301
-14.176595
-21.297024
-21.351566
-16.668573
-10.150470
-4.894186
-3.930200
2.582731
14.835277
14.959640
12.556343
10.785062
8.293252
5.875404
3.707703
2.696137
0.288865
10.264624
6.878811
-1.342756
-14.098560
-21.041155
-21.331503
-16.926729
-10.346927
-5.074367
-4.034554
2.328243
10.072435
14.610551
12.872312
10.728112
8.228580
5.866810
3.759480
2.779581
0.528383
10.492409
7.446502
-1.244142
-13.961359
-20.794096
-21.234850
-16.773632
-10.534229
-5.146609
-3.836929
2.581282
18.617851
14.896428
12.018067
10.111030
7.502007
5.102279
2.912802
2.064355
-0.041684
10.093986
7.821724
-0.761561
-13.634650
-20.229130
-20.890642
-16.679293
-10.282397
-4.967779
-3.923248
2.243097
17.441048
15.090840
12.270487
10.328729
7.715653
5.303588
3.126231
2.208709
0.149360
10.343550
7.517526
-1.022799
-13.907268
-20.168015
-20.852993
-16.531519
-11.056975
-5.962047
-4.676884
2.164003
12.255801
15.299631
12.815460
10.785520
8.290260
6.006589
3.935941
2.997439
0.836529
11.131144
7.963264
-1.570691
-14.400059
-20.473541
-21.003855
-16.388294
-11.021229
-5.899252
-4.676678
1.893343
16.271055
15.857721
12.737390
10.712321
8.148100
5.763070
3.717713
2.640149
0.286595
10.071552
7.613963
-1.286742
-14.069446
-20.087179
-20.692709
-16.427914
-11.678586
-6.598480
-5.280729
1.314392
5.530197
13.023051
13.767961
11.562824
9.118116
6.881944
4.880000
3.517009
1.036196
10.661475
7.295643
-1.685068
-14.452640
-19.406260
-19.913692
-16.066801
-11.206981
-6.309213
-4.665676
1.854802
15.549282
14.584765
12.504369
10.158318
7.646045
5.343184
3.209029
2.343431
0.272661
9.816400
7.687774
-0.648537
-12.710635
-19.112148
-20.295897
-16.009377
-11.182792
-6.367923
-5.101794
1.497676
15.062494
16.177086
12.936617
10.971128
8.311179
5.923941
3.764865
2.691604
0.468711
9.992361
7.506988
-1.080761
-13.538547
-19.462194
-20.286840
-16.135033
-11.541126
-6.682890
-5.238696
0.996839
3.658538
11.899293
14.328906
12.176701
9.637693
7.291237
5.154419
3.884290
1.682994
10.073740
6.076935
-1.768913
-13.447907
-19.593788
-20.053114
-15.813498
-11.211372
-7.037526
-5.308577
0.971491
10.338901
13.809783
13.714178
11.494449
8.859717
6.399186
4.159691
2.911212
0.682360
9.442216
6.815441
-1.401124
-13.292887
-19.120325
-20.081894
-16.041546
-11.453878
-6.611697
-4.788765
1.670041
3.936255
11.395512
14.880914
12.512814
9.995993
7.408760
5.061495
3.577467
1.509321
10.351604
6.504112
-2.170515
-14.102791
-19.863043
-20.400013
-16.121906
-11.327671
-6.829343
-4.057019
1.450031
4.198180
12.357983
15.265729
12.833549
10.118494
7.377407
4.712514
3.451879
1.368670
9.670070
6.021911
-2.659649
-13.613153
-20.764832
-21.142736
-16.373053
-11.622196
-6.864564
-3.875988
1.439013
3.127285
9.842889
15.711953
13.538957
11.102925
8.216836
5.386747
3.639078
1.590855
10.490979
5.503491
-4.362703
-15.332794
-20.588259
-20.529694
-16.358633
-11.915730
-7.085845
-3.378722
1.203700
3.020761
10.068390
15.588678
13.195069
10.394890
7.511287
4.574203
3.302154
1.385604
11.072856
7.245244
-3.635065
-15.269195
-21.586777
-21.175762
-16.690687
-12.017852
-7.372845
-4.143776
-0.175526
4.652456
12.848295
15.609571
13.131519
10.602418
7.672048
4.591112
3.090190
1.234125
10.766276
7.832563
-3.091215
-15.074384
-21.534307
-20.237236
-16.500444
-11.857192
-7.625783
-4.955900
-0.054688
3.803541
10.383846
16.572901
13.868711
11.126934
8.095168
4.981910
3.457826
1.398321
11.362357
7.826574
-4.920019
-16.302774
-21.530396
-19.882467
-16.232798
-11.722242
-7.446677
-4.732245
-0.160936
4.689652
14.798374
16.087471
13.522418
10.994034
7.857292
4.646829
3.009529
1.012970
10.541495
9.177864
-3.256246
-15.402646
-22.836578
-20.788774
-16.378759
-12.071072
-8.346395
-5.935290
-0.898834
5.114082
13.660981
16.503618
13.587605
10.764238
7.520571
4.289912
3.192846
1.580376
10.052885
7.192469
-3.420295
-12.534078
-21.670776
-23.272589
-16.640835
-11.511446
-7.557455
-6.444310
0.642860
3.436360
11.233777
17.321901
14.727579
12.108639
8.822611
5.477715
3.836614
1.797322
9.350750
2.673862
-0.340998
-8.066994
-20.493568
-23.316736
-14.683441
-10.151135
-8.044805
-5.704047
-1.601476
-0.587539
7.535110
16.243656
13.718745
10.934587
7.810362
4.642328
3.262962
1.220790
13.016000
1.392522
-2.210414
-8.063912
-17.564180
-20.897327
-14.185226
-9.145511
-7.397319
-3.290909
-1.287228
0.890343
8.750332
15.102272
13.069362
10.180394
7.041811
3.932163
2.531809
1.135914
16.677702
3.996990
-0.954143
-4.937228
-16.114265
-23.447071
-17.192970
-10.025968
-6.861553
-3.990349
1.143965
2.829794
10.380050
15.315836
13.768812
10.789058
7.369917
4.171943
2.674273
1.384433
13.753955
0.773547
-2.097131
-0.731419
-17.341532
-24.814987
-18.328625
-9.020025
-5.017587
-0.978271
1.054545
0.815524
12.007674
15.040546
12.951287
9.675212
6.101931
2.872542
1.748498
0.218534
14.105587
1.964408
-3.503875
-5.372158
-18.740082
-23.838434
-16.716936
-8.636570
-4.716975
-1.435423
1.121145
0.989175
6.348882
15.773302
13.897259
11.267773
7.845188
4.773125
3.354030
1.877581
15.440232
-0.402899
-5.058832
-6.915384
-18.155859
-22.707130
-16.450872
-8.390587
-4.181658
-1.193826
1.734028
1.007697
6.773283
16.636574
14.362607
11.754567
8.333326
4.912199
3.541280
1.501220
16.928188
-0.168567
-6.448528
-8.485810
-18.677351
-21.597326
-15.888153
-8.358474
-4.328115
-0.777027
0.208175
0.572024
5.410834
16.380318
14.432430
11.348098
7.932265
4.826936
3.554418
1.680489
17.240749
1.132906
-6.716577
-9.770168
-18.165049
-20.944511
-16.083908
-9.234288
-4.635524
-1.256482
0.669538
1.286797
8.312531
16.522732
14.250458
11.597173
8.116209
4.679425
3.480066
1.263039
16.843817
0.193993
-7.023464
-9.181841
-17.179653
-20.523464
-15.565995
-8.349899
-4.026521
-0.497084
0.151199
0.069998
7.031510
16.877176
14.438973
11.841942
8.292412
5.057815
3.744436
1.573846
18.153187
0.775436
-7.533125
-11.319592
-18.186190
-20.174984
-15.075094
-8.991149
-4.885777
-1.497291
-0.189545
0.903959
8.433825
16.729418
14.585068
11.382696
7.942411
4.822893
3.530924
1.388319
17.248732
0.486850
-7.148118
-10.070804
-16.744160
-20.354362
-15.264517
-9.279257
-4.902557
-2.195546
0.297145
1.445244
8.840021
17.290510
14.576070
11.302875
7.904853
4.786484
3.554655
1.778503
19.044069
2.178202
-7.171750
-12.395041
-17.691277
-20.063526
-15.649446
-10.018634
-5.582043
-2.617999
-0.219010
2.084399
7.817591
17.045771
14.714007
11.740535
8.344339
4.905559
3.314946
1.718334
18.258692
2.787801
-6.197197
-11.637026
-17.992052
-21.006315
-15.920938
-11.147649
-6.625559
-4.181643
-0.848205
2.818431
13.153419
17.805235
15.105555
12.140559
8.604398
4.976424
3.285260
1.382930
17.894363
3.777003
-6.507428
-10.320968
-18.122778
-22.077642
-16.453876
-11.767653
-7.489167
-4.208784
-2.431050
4.338717
14.478148
18.028471
15.442470
12.362286
8.737588
5.050870
3.270696
0.999278
17.765070
4.507287
-6.133835
-10.421714
-19.032560
-23.286116
-17.108437
-12.470338
-8.458356
-5.208027
-1.893220
4.653676
13.520313
18.506500
15.868417
12.984925
9.309187
5.594543
3.698503
1.335081
16.447899
4.070347
-6.897591
-9.842330
-19.454010
-23.780329
-17.581320
-12.567801
-8.556238
-5.703141
-2.819454
3.635950
11.609422
19.250834
16.167868
12.896169
9.237910
5.545625
3.619231
1.663600
17.848913
4.663942
-7.233156
-12.102789
-18.777296
-22.583460
-16.958738
-12.682484
-8.551301
-5.089160
-2.929439
5.388090
14.020845
18.198792
15.163542
12.432649
8.743082
4.915874
3.240125
1.605574
16.874243
2.965596
-7.241027
-11.533609
-17.174772
-21.831770
-16.368340
-11.470211
-7.197056
-4.784721
-0.785958
2.477079
2.127319
18.121140
14.785107
11.560708
8.022253
4.482875
3.639974
1.689476
19.276962
-0.053068
-10.113264
-10.717974
-14.519189
-18.760521
-15.368002
-11.206267
-7.056998
-3.034126
0.720819
5.085404
12.540173
16.724325
14.227406
10.721870
7.128126
3.116429
2.281466
0.399864
16.831238
-1.529865
-8.589987
-8.215723
-12.541314
-17.586716
-14.919026
-9.581926
-5.054996
-0.083217
1.309846
3.220096
9.390445
17.246866
15.008932
11.323527
6.213624
2.039201
0.096355
-1.658773
17.607094
0.875373
-8.786228
-9.863039
-13.418658
-16.903339
-14.303725
-9.354775
-5.472959
-2.658990
2.053911
4.844023
8.946909
17.559118
15.192994
11.377390
7.279293
3.504271
3.206661
1.043995
14.963874
-3.207893
-9.925699
-7.170648
-14.291223
-19.581064
-16.623755
-10.204826
-5.470003
-3.607346
1.925360
5.044522
10.264352
17.099108
14.404286
10.652596
6.821917
3.331318
3.001652
1.009517
18.149529
-1.072012
-10.748762
-9.114705
-14.498282
-19.154751
-16.065514
-9.997276
-5.000358
-5.555547
-1.212155
5.016297
12.517962
16.411297
12.998270
9.415400
5.934511
2.571101
1.870981
1.293295
19.700186
4.050910
-9.932520
-11.640830
-14.316204
-18.034321
-15.743362
-10.348662
-5.237134
-5.199571
-3.149656
5.306661
19.508553
16.459236
13.384402
10.376586
6.815549
2.919479
2.250850
0.342466
17.581861
3.382056
-9.037909
-6.492413
-14.201776
-19.368368
-17.751919
-10.864387
-5.581778
-4.751060
-0.793025
4.941764
15.986430
18.562365
15.340739
11.993799
8.255811
4.370394
3.104377
0.775289
19.000126
1.881337
-10.631937
-9.618400
-16.114376
-20.490265
-16.540892
-10.672903
-6.448811
-5.032219
-2.792627
2.825106
16.047646
17.377827
13.903232
11.186347
7.645161
3.839413
2.736902
1.453351
17.977859
5.229660
-9.385896
-10.218830
-15.869672
-20.150202
-17.493700
-12.056547
-7.829281
-6.428901
-4.896329
4.469975
16.213984
17.223543
14.325302
11.815629
8.328085
4.949238
3.542469
1.933975
15.856133
5.409962
-8.596134
-8.995482
-15.460896
-19.933071
-18.233339
-12.233469
-7.539966
-6.210625
-5.203834
2.162942
14.273140
19.331337
15.935719
13.206750
9.746001
6.400607
5.035038
8.567575
19.171801
0.870397
-9.808724
-12.466453
-18.116808
-21.663502
-18.283367
-12.411191
-8.031037
-6.973961
-6.515948
1.266414
12.793400
19.351299
16.996195
13.940175
10.488097
7.205435
5.645244
8.716743
17.805227
-0.707005
-10.076810
-10.708718
-17.793495
-21.544130
-18.449116
-12.570487
-8.034084
-6.920214
-6.277620
0.687863
11.565404
20.390560
17.214020
14.444447
10.909632
7.473455
6.259603
10.787414
11.755961
-3.905277
-10.312808
-11.983093
-18.624260
-21.534473
-17.088360
-11.007083
-7.578017
-6.553414
-4.417946
0.515910
10.847799
20.002357
16.783381
13.973017
10.335842
6.731427
5.354459
7.580393
12.443254
-3.272408
-10.114432
-13.357371
-17.682482
-20.115133
-15.615921
-10.798840
-8.058516
-7.182839
-4.002363
2.996825
12.838752
18.536121
15.356326
