-6.574532
2.416814
0.636653
-0.600989
-1.145372
-1.671724
-1.644757
-1.710238
-1.445165
-1.390012
-1.010237
-0.673572
-0.353787
0.386389
0.829183
1.604891
2.379704
3.440038
4.477988
5.547549
6.679710
7.996770
8.905294
12.220987
14.925467
14.939760
15.044516
15.634437
15.735827
-0.198082
-0.638748
0.027245
-0.504775
0.814509
0.001105
-0.194234
-0.135019
-0.316023
0.064097
-0.251472
-6.114032
-6.323901
-4.272196
-0.250663
0.399160
0.694886
0.852908
0.797266
0.854564
0.628209
0.641472
0.538495
0.662941
-0.157870
0.560338
2.689882
3.796799
5.118326
6.182292
7.499611
9.076860
10.730658
12.051091
12.945574
11.930285
15.279289
-15.721711
-15.738006
-10.861280
-10.282018
-10.767112
-9.693565
-7.765429
-4.149893
4.626707
9.203361
7.008236
-2.953285
-2.024542
1.868895
3.614284
4.375319
5.540788
6.235130
7.393818
8.565001
-10.928086
-15.703184
-3.381550
-5.877369
-8.272412
-6.018898
-1.129198
3.076213
6.738285
4.071677
7.728381
-6.282016
-4.778366
-0.332997
0.561230
1.895554
3.253143
4.349093
6.188314
7.709007
-11.173674
-13.849957
-4.426459
-8.185789
-9.912115
-6.089717
-0.831966
2.971307
6.325669
3.770769
7.138669
-4.646153
-2.890992
1.405720
2.166938
3.533830
4.873755
6.006574
8.343509
9.708139
-13.458224
-14.187687
-2.438514
-5.306667
-8.738543
-6.053474
-0.927485
3.401731
6.182711
2.873682
7.881484
10.872825
-5.974937
-1.171417
-0.136539
1.408006
2.713284
3.973775
6.310857
7.888299
-12.050109
-11.441924
-1.165353
-5.893120
-9.728757
-6.352232
-1.306139
2.249741
5.902173
2.951910
6.610982
0.136393
-5.251078
-0.005458
1.108565
2.614936
4.054870
5.306103
7.582060
9.028694
-13.386128
-14.030719
-4.323837
-6.468694
-8.862499
-5.558068
-0.692928
3.058956
6.216110
3.235315
7.544381
-6.278106
-4.635608
-0.342501
0.627615
2.193321
3.540629
4.842357
7.388363
8.855852
-12.735964
-12.365751
-0.628704
-4.716524
-8.472491
-5.624472
-0.616898
3.192592
6.097591
3.501119
7.863873
11.904546
-5.780194
-0.883640
0.158250
1.676386
3.079245
4.353100
6.504940
8.052820
-12.636728
-13.512518
-2.491167
-5.389134
-8.896473
-6.147655
-1.206874
2.678947
5.587006
4.157827
7.115448
-6.151484
-4.504315
-1.158128
0.375744
1.958785
3.410411
4.739496
7.109577
8.646526
-13.046056
-12.934897
-1.472502
-4.603615
-8.512772
-5.926009
-0.938940
2.961156
5.662660
3.908653
7.551083
11.259638
-3.967044
-1.440681
0.111423
1.720727
3.151669
4.519221
6.864379
8.451418
-12.858505
-12.096885
-1.506176
-5.033621
-9.011117
-6.391277
-1.543059
1.804828
5.001186
3.720439
7.132816
-8.426704
-6.150099
-0.508974
1.092628
2.721578
4.281710
5.646150
8.021334
9.455908
-14.454571
-14.920927
-4.987417
-6.730306
-8.638000
-5.475645
-0.641903
2.929739
5.629044
4.687065
7.715297
-5.543698
-3.978087
-0.626956
0.558646
2.231281
3.700948
5.096250
7.707682
9.198982
-13.541636
-12.782927
-0.743608
-4.031287
-7.782872
-5.709005
-0.907868
2.645951
5.266232
4.290207
8.010738
12.374865
-4.725470
-1.264452
0.219503
1.875803
3.396593
4.732718
7.045489
8.582625
-13.486000
-14.187895
-2.763512
-5.184198
-8.593000
-6.615601
-1.823365
1.854138
4.637096
4.672952
7.138861
-8.283492
-6.132150
-0.940522
0.666637
2.389414
3.987938
5.426006
7.882943
9.360552
-14.490664
-14.513227
-3.668863
-5.366081
-7.946535
-5.372029
-0.859688
2.576269
5.137177
4.765601
7.926862
-6.333664
-4.585824
-0.624580
0.544190
2.249969
3.797033
5.282418
7.866657
9.414054
-14.345592
-13.711144
-1.732902
-4.103323
-7.707290
-6.097990
-1.644464
1.334473
4.473454
4.555392
7.736674
-8.535232
-5.989729
-0.285726
1.356343
3.135070
4.810824
6.257760
8.629743
10.109553
-15.699800
-15.702535
-5.879590
-6.907318
-8.617369
-5.905380
-1.422119
2.138541
4.919919
4.734709
7.767305
-5.059734
-3.327308
-0.864269
0.750758
2.520956
4.181658
5.676907
8.341776
9.804603
-14.950779
-14.631892
-2.338991
-3.836833
-6.965104
-5.547172
-1.134300
2.042369
4.681596
4.438527
8.160317
13.310343
-6.101500
-0.928489
0.644404
2.413277
4.022850
5.535519
7.897683
9.389913
-15.000522
-15.703337
-4.709838
-5.708516
-8.170144
-6.348781
-1.802990
1.494865
4.245204
5.378501
7.285568
-8.391083
-5.987851
-0.625663
1.055532
2.909449
4.629012
6.213073
8.531615
10.006956
-15.701268
-15.704364
-5.630930
-5.571758
-7.443182
-5.533424
-1.025943
2.140099
4.647721
4.838984
8.052006
-7.618979
-5.416078
-0.762706
0.976272
2.829207
4.540526
6.112320
8.815483
10.266363
-15.701839
-15.389475
-3.085892
-4.290203
-7.143634
-6.027059
-1.536535
0.975426
4.192743
4.854408
7.885867
-7.499542
-5.041338
0.573492
1.657356
3.603066
5.445528
7.018255
9.407375
10.848243
-15.710798
-15.713887
-7.360710
-6.659294
-8.371120
-6.787922
-2.037046
1.472985
4.252798
4.605178
7.460315
-8.224262
-5.871573
-0.700180
1.136518
3.097392
4.910848
6.538051
8.864647
10.302275
-15.704292
-15.709812
-6.011481
-5.627340
-7.307095
-5.435004
-0.932681
1.912305
4.530476
5.145788
7.861201
10.660110
-5.271076
-0.174561
1.103252
3.004895
4.790063
6.412127
8.865830
10.291423
-15.705584
-15.714169
-6.548719
-5.410941
-7.301643
-6.295766
-1.824124
1.024924
3.795331
5.058384
7.449665
-5.457842
-3.936589
-0.435586
1.341942
3.309491
5.185733
6.832186
9.089171
10.553041
-15.708684
-15.713778
-6.844157
-5.840556
-7.595902
-6.256310
-1.506335
1.402478
4.026277
5.120931
7.672762
4.234339
-4.931733
-0.054266
1.293858
3.291412
5.121901
6.890640
9.188609
10.677876
-15.709942
-15.710382
-6.059027
-5.188136
-7.113883
-6.237615
-1.842724
0.397260
3.623554
4.899933
7.964874
-7.879852
-5.189938
0.193932
2.140431
4.265779
6.221239
8.007922
10.180499
11.533426
-15.718650
-15.727598
-10.743459
-7.870620
-7.984457
-5.801372
-1.459267
1.027946
3.850204
4.766551
7.760142
-5.318982
-3.274848
-0.291147
1.643791
3.719107
5.663827
7.389857
9.706799
11.069914
-15.708230
-15.718891
-7.493953
-4.892218
-6.108454
-5.187614
-1.093667
1.193762
3.866918
4.824229
8.448123
-1.813980
-3.748528
-0.422807
1.336068
3.417332
5.297401
7.037189
9.433979
10.863085
-15.707681
-15.721182
-7.257121
-5.382097
-7.050802
-6.414458
-2.244979
0.086875
3.201132
5.463334
7.702140
-7.302436
-4.811872
0.290498
1.625796
3.758105
5.777989
7.599727
9.691095
11.110473
-15.712761
-15.726457
-9.910063
-6.413784
-7.029589
-5.612491
-1.217111
1.080203
3.548200
5.163348
8.539759
-7.411633
-4.929514
0.303020
1.731325
3.914380
5.879917
7.734513
10.078962
11.463470
-15.712328
-15.721902
-8.035059
-5.412041
-6.395392
-5.829268
-2.004589
-0.158079
3.245293
5.082194
8.280522
-6.265330
-3.893887
0.815380
2.154717
4.323628
6.547223
8.427096
10.604235
11.937180
-15.725072
-15.736288
-11.281382
-6.804959
-7.064176
-5.918781
-1.781288
0.470967
3.303043
4.845372
8.103765
-5.795731
-3.724601
-0.408982
1.672559
3.904571
6.025415
7.985672
10.229984
11.565855
-15.715543
-15.727005
-9.013865
-5.515958
-6.219481
-5.382540
-1.471522
0.380526
3.296943
4.699280
8.135654
-2.116610
-3.744537
-0.401404
1.645980
3.855385
5.941232
7.819349
9.872405
11.272254
-15.714912
-15.736502
-10.870408
-6.330486
-6.717307
-5.809615
-1.706037
0.159819
2.891439
5.357603
8.084983
-7.787881
-5.081569
-0.160384
2.179659
4.442418
6.586967
8.609228
10.756409
12.001755
-15.726113
-15.738324
-11.658850
-6.368299
-6.052336
-5.231448
-1.245865
0.195526
3.133980
4.345741
8.221062
-7.427621
-4.957668
0.403024
1.977123
4.285166
6.492773
8.483091
10.718773
11.967379
-15.724591
-15.739029
-11.384554
-5.873539
-5.845952
-5.596193
-1.817525
-0.028214
2.919828
4.916921
7.982142
-6.369281
-3.959760
1.051819
2.565949
4.960705
7.240753
9.239473
11.107710
12.326659
-15.732246
-15.750381
-14.175527
-7.768588
-6.663684
-5.267841
-1.246923
0.436776
3.000045
4.779866
7.865318
-7.171555
-4.757590
0.356902
2.087556
4.447291
6.701153
8.807408
10.926466
12.089029
-15.729062
-15.743313
-12.570719
-6.054704
-5.405006
-4.710596
-0.915117
0.310317
2.968718
3.985722
8.094642
-0.990581
-3.350154
-0.205866
2.087857
4.482482
6.679956
8.647380
10.619945
11.903318
-15.714263
-15.748507
-12.660231
-6.370029
-6.180794
-5.652601
-1.722954
0.423381
2.725346
5.118686
7.912504
-7.066508
-4.631189
0.206233
2.155716
4.604981
6.897467
8.920951
11.054875
12.257124
-15.729425
-15.745829
-12.439121
-6.098742
-5.726203
-5.143567
-1.267224
0.477850
2.904811
4.207876
7.722715
10.593833
-5.133151
0.514042
2.392120
4.924959
7.277884
9.352762
11.403355
12.574804
-15.727142
-15.751012
-12.572752
-5.841175
-6.097653
-6.182166
-2.267283
0.038401
2.746404
4.675977
7.179717
-8.733584
-5.481287
0.594364
3.112566
5.764642
8.211290
10.102957
11.692061
12.828567
-15.742659
-15.758471
-15.707634
-10.231524
-7.471889
-5.012897
-0.787019
0.849788
3.041695
4.767817
6.855112
14.518019
-3.799647
-0.741433
2.308320
4.724801
7.168336
9.260335
11.229729
13.203834
-15.728233
-15.761598
-15.704250
-7.650456
-6.278043
-5.353923
-1.004720
-0.073222
2.694941
3.840581
7.097655
15.010123
-4.319329
0.897829
3.063917
5.431678
7.777129
9.756680
11.013076
13.378201
-15.730924
-15.772543
-15.720852
-11.512154
-8.962729
-6.360260
-1.706402
0.084540
2.556576
4.908871
6.699861
-8.669664
-3.740840
1.650438
3.953055
6.400614
8.792053
10.679580
11.778815
14.042089
-15.736020
-15.774529
-15.720137
-10.655847
-8.233537
-6.547810
-1.830354
-0.328376
2.480623
4.322420
6.955457
-1.760849
-3.467431
1.073233
3.913638
6.368077
8.754650
10.661065
11.663203
13.825337
-15.734780
-15.776083
-15.719988
-10.839192
-8.710818
-7.233169
-2.802517
-0.388305
2.288316
5.316938
7.330676
-10.861421
-3.728903
2.199714
4.614788
7.101885
9.479301
11.377331
12.223163
14.496752
-15.743861
-15.782449
-15.724616
-11.585353
-9.764731
-7.961639
-2.971884
-0.626744
2.248837
5.061109
7.320583
-10.543584
-3.968228
1.929085
4.378272
6.869816
9.272901
11.232748
12.186534
14.216295
-15.740495
-15.777904
-15.719199
-10.813834
-9.270650
-7.879454
-2.661803
0.585744
2.503148
4.707048
7.664402
-6.189074
-4.028245
0.930054
3.729874
6.129509
8.504759
10.634751
11.701240
13.552757
-15.739130
-15.769829
-15.716229
-11.506742
-10.257744
-7.771042
-2.360548
0.845372
2.045138
5.474679
8.364915
-9.985827
-4.746050
1.668557
3.989697
6.487062
8.904067
10.907785
12.258156
13.974533
-15.736896
-15.766350
-15.715649
-10.874778
-9.506769
-7.542586
-2.394085
1.047748
2.300451
5.360784
9.108593
9.305706
-3.587563
-0.315595
2.841126
5.450089
7.892119
10.119353
12.069145
13.693596
-15.733690
-15.759875
-15.706847
-9.252939
-8.535183
-7.436119
-2.814323
0.150174
1.997313
5.440667
9.250561
-9.423514
-3.718453
1.173944
4.392233
6.935096
9.375325
11.286404
12.285664
14.234571
-15.745143
-15.777354
-15.725169
-12.820998
-11.182034
-8.826880
-3.192390
0.702378
1.817736
5.696226
8.903799
-9.478168
-4.867788
1.361912
3.867866
6.619650
9.033860
11.057210
12.242641
14.103509
-15.737579
-15.767109
-15.716523
-11.454350
-9.957169
-7.864294
-2.621849
0.947259
2.092798
5.235780
9.468918
15.720449
-3.483789
-0.797228
2.487455
5.153390
7.662199
10.124050
11.580124
13.572018
-15.730015
-15.759872
-15.717679
-12.478736
-10.082733
-6.799451
-1.822989
1.063978
2.302500
5.645102
9.689687
-4.116404
-3.773515
0.021137
3.307734
6.246690
8.796389
10.893855
12.370738
14.192714
-15.736156
-15.766640
-15.716759
-11.501349
-9.869559
-7.663579
-2.423600
1.010797
2.120396
5.161810
8.366711
15.713995
-3.879324
-1.246845
2.567477
5.090363
7.946657
10.308889
11.647093
13.633684
-15.734183
-15.762592
-15.716643
-11.203184
-9.256025
-6.775451
-1.844038
1.037176
2.192978
4.580028
8.350597
15.709063
-4.154009
-0.973194
2.661063
5.618048
8.442535
10.823321
11.993754
13.627930
-15.738216
-15.765980
-15.725432
-13.629333
-10.485161
-6.158779
-0.592352
2.373033
2.902947
4.683890
7.368630
15.708448
-3.847949
-1.605096
2.182729
4.909154
7.882461
10.604232
12.305692
13.624638
-15.732796
-15.759987
-15.712231
-10.019969
-8.156260
-5.195836
-0.214854
2.624316
3.102115
2.682712
6.632887
15.596045
-4.699869
-1.499326
2.428382
5.410534
8.449658
11.261045
12.637010
13.997597
-15.747211
-15.770395
-15.719735
-11.997218
-9.489272
-5.638450
-0.223599
3.378677
3.567042
4.100254
6.361664
13.353346
-6.329589
-1.358106
2.815628
5.598827
8.738193
11.612630
12.997991
14.264374
-15.747577
-15.774709
-15.726908
-12.023087
-10.129457
-6.097359
-0.515185
3.527269
3.858024
3.916038
5.480831
12.917973
-5.212580
-2.570729
1.872836
5.074673
8.386616
11.324937
12.804502
14.086269
-15.738832
-15.770984
-15.712594
-10.044675
-9.142375
-5.550843
-0.361312
3.729066
4.040101
4.618268
4.566092
9.849223
-8.872238
-1.884653
2.737724
5.453800
9.015241
12.207461
13.787535
14.922280
-15.747192
-15.779519
-15.722758
-13.000834
-11.091749
-5.762268
0.256936
4.719082
5.605922
5.598129
4.236266
8.362605
-7.870197
-1.943561
2.790344
5.905701
9.153932
11.772434
12.398487
13.141032
-15.730909
-15.769374
-15.707991
-13.775708
-11.652785
-6.014935
0.227341
5.387170
5.802967
7.027645
3.060750
8.415256
-7.527784
-3.371321
1.578725
4.757953
8.217610
11.479063
13.200615
14.399137
-15.716679
-15.743744
-15.714598
-15.702330
-11.784052
-4.613516
-1.452660
5.719057
7.683501
6.503948
1.863701
8.055522
-5.416076
-2.937221
1.833221
5.044402
8.703459
12.242819
14.726752
15.700543
-15.724896
-15.720497
-15.119347
-12.297791
-8.587873
-4.205156
-1.720839
3.618259
8.024741
2.993636
2.651242
7.065071
-5.422042
-2.431894
1.800285
5.121186
9.335656
13.210424
15.704844
15.700493
-15.902596
-15.735806
-15.721166
-15.721294
-15.705322
-10.813752
-4.996049
1.833264
8.848990
9.229832
0.040367
5.047871
-7.467152
-1.987818
1.576545
5.289792
9.562243
13.293106
15.704276
15.701532
-15.919928
-15.706061
-15.731425
-15.760533
-15.717748
-12.025247
-8.418557
0.704433
8.455647
7.768050
1.648924
4.864976
-5.417418
-1.028687
3.450586
6.521148
10.828344
14.587066
15.703692
15.700746
-15.919729
-15.709008
-15.719834
-15.739412
-15.707543
-11.011270
-4.241302
2.410519
6.984887
7.627688
-0.818498
5.776842
-4.574761
-2.933161
2.058553
4.637261
9.120346
13.161366
15.704629
15.701730
-15.884743
-14.318668
-15.706514
-15.741500
-15.710578
-11.140306
-4.301227
1.842599
5.863946
8.102022
-1.125941
5.630722
-6.237233
-3.882580
1.073006
4.146338
8.677434
12.532437
15.704934
15.701749
-15.874376
-14.899014
-15.696360
-15.722489
-14.277004
-8.117206
-1.976752
2.636019
5.245257
5.542983
-0.087099
6.149849
-3.735581
-3.587315
0.943099
4.540955
9.098401
13.474195
15.704668
15.701118
-15.889630
-15.685500
-14.492690
-15.710367
-12.725039
-8.071903
-2.626843
1.983074
4.667003
6.327287
0.565899
6.080398
-6.890966
-3.525435
1.380993
4.441161
9.190304
13.210411
15.705312
15.702090
-15.899399
-14.683943
-14.143959
-15.712721
-14.693467
-8.754765
-2.399000
1.780936
3.863980
4.793584
-0.380124
6.656219
-6.699082
-4.210620
1.019467
4.027445
8.685016
13.078788
15.704797
15.701281
-15.887082
-15.647784
-13.466302
-15.086775
-12.079086
-6.847383
-1.365415
2.370497
3.324533
3.738780
0.612092
6.930745
-5.933104
-3.757145
0.838746
4.657177
9.137760
13.550774
15.704630
15.701539
-15.905004
-14.971511
-13.765072
-15.707439
-15.461773
-9.205036
-2.304847
2.124346
2.191323
4.889246
0.415295
6.918515
-5.833829
-4.542868
0.743853
4.511126
8.966805
13.561321
15.704838
15.701995
-15.900625
-15.711251
-12.042746
-13.394437
-12.881824
-8.253819
-2.283979
1.837013
1.836554
3.788462
1.199544
6.974193
-1.444816
-3.934931
0.956255
4.736664
8.974744
13.417891
15.704120
15.701555
-15.884067
-15.718869
-13.536040
-14.323521
-13.622662
-8.987088
-2.651593
2.532544
1.714649
5.887311
2.726288
6.833051
-7.301565
-4.203813
1.125068
4.880802
8.952124
13.168626
15.442004
15.702223
-15.879906
-15.730781
-12.250309
-15.704564
-15.443553
-10.061206
-2.764987
2.704128
1.360737
4.462932
6.079243
7.078259
-8.406299
-4.049274
1.453857
5.229163
9.244713
13.000892
14.679168
15.700214
-15.884794
-15.737020
-12.640766
-15.705143
-15.701426
-10.445886
-3.149139
3.242845
2.118241
4.899709
7.748541
8.524523
-8.364274
-4.320807
1.595468
4.933592
9.125282
12.913084
14.713342
15.700226
-15.878484
-15.733438
-12.285495
-15.714658
-15.701244
-10.111841
-4.459113
3.135044
2.384018
6.501512
7.614611
7.044927
-6.119523
-5.658795
0.714193
4.608437
8.893042
13.125232
15.516781
15.700965
-15.867825
-15.739214
-9.375481
-13.549649
-14.347041
-10.348828
-3.151975
2.980712
1.717653
4.481534
7.009694
6.062359
-8.855415
-4.321166
1.997157
5.629439
9.964965
14.335078
15.703591
15.700924
-15.877092
-15.719064
-9.913861
-14.292789
-15.702542
-10.811866
-3.340443
3.272214
2.346325
7.034200
2.460881
6.378482
8.216388
-5.262804
1.032223
5.054208
9.565516
14.681573
15.705780
15.701930
-15.904547
-12.609314
-5.847763
-14.368786
-15.705170
-11.343148
-3.997721
1.447913
2.447826
3.988556
3.167279
5.407490
-9.182902
-3.677758
1.443245
5.568853
11.017109
15.708649
15.711375
15.702887
-15.925452
-10.178939
-9.089363
-15.709460
-15.718353
-14.062944
-6.877038
-0.838584
1.769935
4.295883
5.713080
4.832324
-7.105670
-3.788788
1.161471
5.370520
10.343493
15.019629
15.728126
15.704515
-15.951225
-15.556170
-8.751989
-14.778024
-15.627273
-11.804972
-7.010252
-2.224082
0.573546
8.832364
5.096308
4.094747
-5.457944
-3.838244
1.418510
5.544589
10.779372
15.702799
15.706334
15.703140
-15.892553
-8.095571
-8.100921
-15.739737
-15.732664
-15.103362
-10.207599
-3.422175
0.488003
9.710481
5.605967
5.103987
-6.959463
-3.664165
1.508058
5.563013
10.427881
15.652180
15.705743
15.702025
-15.928342
-10.981527
-6.431793
-15.718913
-15.728452
-14.376952
-9.468464
-4.626416
-1.552891
12.223524
7.721800
5.767426
-8.128254
-3.526654
2.392862
6.391718
10.646255
14.979039
15.705305
15.701928
-15.961493
-15.726229
-5.041787
-13.780433
-15.729282
-15.692109
-10.407940
-4.615926
-2.667276
9.766880
9.328408
5.313227
-12.235517
-2.716520
3.874751
6.607277
10.651168
13.970044
14.372418
15.415847
-15.987461
-15.697489
-6.602720
-15.761509
-15.734136
-15.703519
-12.999506
-5.295750
-1.843265
9.782594
7.856380
6.028086
-9.357029
-4.549031
1.360314
5.473279
9.779794
13.558970
14.860414
15.700339
-15.944756
-15.707536
-6.317450
-15.723266
-15.724047
-14.542969
-9.009056
-2.879690
-1.191529
6.594559
10.438708
8.086443
-9.764468
-3.861938
3.017843
6.254147
10.593006
14.393148
15.701872
15.700232
-15.947850
-15.725957
-7.047178
-15.715783
-15.729861
-15.602888
-10.407290
-3.372230
-0.770038
5.518434
12.910209
8.630375
-9.833398
-3.528895
3.184230
6.102092
10.477010
13.936096
15.078478
15.700123
-15.973347
-15.753231
-8.070556
-15.731101
-15.728189
-15.228678
-12.014825
-5.555355
-1.787580
7.419729
13.240228
8.774093
-9.552781
-6.388877
0.979097
4.315183
8.748675
12.616802
14.376328
15.729620
-15.926342
-15.709402
-8.351834
-15.701528
-15.713838
-12.505587
-9.155742
-2.007797
0.094938
7.412109
13.710805
9.028702
-7.474131
-6.278660
-0.290478
3.990542
8.335671
12.300401
14.231680
15.732503
-15.945164
-14.950090
-9.219364
-15.724118
-15.712767
-12.334436
-9.379599
-3.344965
-0.559082
8.682709
14.134139
8.932965
-6.407461
-7.835154
-0.543553
3.493567
8.042586
12.116048
14.103759
15.752475
-15.735083
-12.882728
-7.448140
-15.707480
-15.701586
-10.554005
-7.326563
-2.297837
-0.387230
9.755261
11.607018
8.879830
-7.024379
-6.484870
0.484791
4.298465
8.909835
13.000044
14.760766
15.727236
-15.727665
-13.120028
-6.378136
-12.983467
-15.705425
-11.095588
-4.737610
-0.931426
0.278664
7.656757
10.941567
8.651432
-7.548261
-4.542985
2.119423
